# t,ob0,ob1,ob2,ob3,ob4,ob5,ac0,ac1,ac2,ac3,p,q,r,p-sp,q-sp,r-sp,y0,y1,y2,y3,w0,w1,w2,w3,reward
1.000000000000000021e-03,0.000000000000000000e+00,0.000000000000000000e+00,0.000000000000000000e+00,0.000000000000000000e+00,0.000000000000000000e+00,0.000000000000000000e+00,8.924484252929687500e-01,5.126182079315185547e+00,-4.841147422790527344e+00,0.000000000000000000e+00,0.000000000000000000e+00,0.000000000000000000e+00,0.000000000000000000e+00,0.000000000000000000e+00,0.000000000000000000e+00,0.000000000000000000e+00,0.000000000000000000e+00,0.000000000000000000e+00,0.000000000000000000e+00,0.000000000000000000e+00,0.000000000000000000e+00,0.000000000000000000e+00,0.000000000000000000e+00,9.100000000000000000e+02
2.000000000000000042e-03,0.000000000000000000e+00,0.000000000000000000e+00,0.000000000000000000e+00,0.000000000000000000e+00,0.000000000000000000e+00,0.000000000000000000e+00,8.924484252929687500e-01,5.126182079315185547e+00,-4.841147422790527344e+00,0.000000000000000000e+00,0.000000000000000000e+00,0.000000000000000000e+00,0.000000000000000000e+00,0.000000000000000000e+00,0.000000000000000000e+00,0.000000000000000000e+00,0.000000000000000000e+00,0.000000000000000000e+00,0.000000000000000000e+00,1.950866889953613281e+01,1.950866889953613281e+01,1.950866889953613281e+01,1.950866889953613281e+01,9.100000000000000000e+02
3.000000000000000062e-03,1.788232703538120023e-10,6.225331980537025225e-11,-9.714801275577549735e-23,1.788232703538120023e-10,6.225331980537025225e-11,-9.714801275577549735e-23,8.924484252929687500e-01,5.126182079315185547e+00,-4.841147422790527344e+00,-1.788232703538120023e-10,-6.225331980537025225e-11,9.714801275577549735e-23,0.000000000000000000e+00,0.000000000000000000e+00,0.000000000000000000e+00,0.000000000000000000e+00,0.000000000000000000e+00,0.000000000000000000e+00,0.000000000000000000e+00,3.855749130249023438e+01,3.855749130249023438e+01,3.855749130249023438e+01,3.855749130249023438e+01,9.100000000000000000e+02
4.000000000000000083e-03,9.678258928726028972e-10,3.369269414756471584e-10,-1.241741750306008978e-19,7.890026225187908691e-10,2.746736216702768932e-10,-1.240770270178451155e-19,8.924484252929687500e-01,5.126182079315185547e+00,-4.841147422790527344e+00,-9.678258928726028972e-10,-3.369269414756471584e-10,1.241741750306008978e-19,0.000000000000000000e+00,0.000000000000000000e+00,0.000000000000000000e+00,0.000000000000000000e+00,0.000000000000000000e+00,0.000000000000000000e+00,0.000000000000000000e+00,5.715729904174804688e+01,5.715729904174804688e+01,5.715729904174804688e+01,5.715729904174804688e+01,9.100000000000000000e+02
5.000000000000000104e-03,3.030904216514633263e-09,1.055141461758153189e-09,-6.830821754620708707e-19,2.063078323642030572e-09,7.182145202825059791e-10,-5.589080004314699488e-19,8.924484252929687500e-01,5.126182079315185547e+00,-4.841147422790527344e+00,-3.030904216514633263e-09,-1.055141461758153189e-09,6.830821754620708707e-19,0.000000000000000000e+00,0.000000000000000000e+00,0.000000000000000000e+00,0.000000000000000000e+00,0.000000000000000000e+00,0.000000000000000000e+00,0.000000000000000000e+00,7.531868743896484375e+01,7.531868743896484375e+01,7.531868743896484375e+01,7.531868743896484375e+01,9.100000000000000000e+02
6.000000000000000125e-03,7.245577092076497319e-09,2.522385405746858186e-09,-2.549661480137827011e-18,4.214672875561863642e-09,1.467243943988704997e-09,-1.866579304675756237e-18,8.924484252929687500e-01,5.126182079315185547e+00,-4.841147422790527344e+00,-7.245577092076497319e-09,-2.522385405746858186e-09,2.549661480137827011e-18,0.000000000000000000e+00,0.000000000000000000e+00,0.000000000000000000e+00,0.000000000000000000e+00,0.000000000000000000e+00,0.000000000000000000e+00,0.000000000000000000e+00,9.305197906494140625e+01,9.305197906494140625e+01,9.305197906494140625e+01,9.305197906494140625e+01,9.100000000000000000e+02
7.000000000000000146e-03,1.468500422115617333e-08,5.112255820725009616e-09,-7.061286377401794725e-18,7.439427129079676016e-09,2.589870414978151430e-09,-4.511624897263968099e-18,8.924484252929687500e-01,5.126182079315185547e+00,-4.841147422790527344e+00,-1.468500422115617333e-08,-5.112255820725009616e-09,7.061286377401794725e-18,0.000000000000000000e+00,0.000000000000000000e+00,0.000000000000000000e+00,0.000000000000000000e+00,0.000000000000000000e+00,0.000000000000000000e+00,0.000000000000000000e+00,1.103672714233398438e+02,1.103672714233398438e+02,1.103672714233398438e+02,1.103672714233398438e+02,9.100000000000000000e+02
8.000000000000000167e-03,2.660079966863452724e-08,9.260473590418371865e-09,-1.649071969508708308e-17,1.191579544747835390e-08,4.148217769693362249e-09,-9.429433317685288351e-18,8.924484252929687500e-01,5.126182079315185547e+00,-4.841147422790527344e+00,-2.660079966863452724e-08,-9.260473590418371865e-09,1.649071969508708308e-17,0.000000000000000000e+00,0.000000000000000000e+00,0.000000000000000000e+00,0.000000000000000000e+00,0.000000000000000000e+00,0.000000000000000000e+00,0.000000000000000000e+00,1.272744216918945312e+02,1.272744216918945312e+02,1.272744216918945312e+02,1.272744216918945312e+02,9.100000000000000000e+02
8.999999999999999320e-03,4.440647826826630701e-08,1.545912101535491915e-08,-3.457571506619216653e-17,1.780567859963177977e-08,6.198647424936547284e-09,-1.808499537110508346e-17,8.924484252929687500e-01,5.126182079315185547e+00,-4.841147422790527344e+00,-4.440647826826630701e-08,-1.545912101535491915e-08,3.457571506619216653e-17,0.000000000000000000e+00,0.000000000000000000e+00,0.000000000000000000e+00,0.000000000000000000e+00,0.000000000000000000e+00,0.000000000000000000e+00,0.000000000000000000e+00,1.437830352783203125e+02,1.437830352783203125e+02,1.437830352783203125e+02,1.437830352783203125e+02,9.100000000000000000e+02
1.000000000000000021e-02,6.966139282761538871e-08,2.425105357828950376e-08,-6.673174222229483871e-17,2.525491455934908170e-08,8.791932562934584611e-09,-3.215602715610267217e-17,8.924484252929687500e-01,5.126182079315185547e+00,-4.841147422790527344e+00,-6.966139282761538871e-08,-2.425105357828950376e-08,6.673174222229483871e-17,0.000000000000000000e+00,0.000000000000000000e+00,0.000000000000000000e+00,0.000000000000000000e+00,0.000000000000000000e+00,0.000000000000000000e+00,0.000000000000000000e+00,1.599025268554687500e+02,1.599025268554687500e+02,1.599025268554687500e+02,1.599025268554687500e+02,9.100000000000000000e+02
1.099999999999999936e-02,1.040550205976510496e-07,3.622442501688904995e-08,-1.210630828115283956e-16,3.439362777003566085e-08,1.197337143859954619e-08,-5.433134058923355687e-17,8.924484252929687500e-01,5.126182079315185547e+00,-4.841147422790527344e+00,-1.040550205976510496e-07,-3.622442501688904995e-08,1.210630828115283956e-16,0.000000000000000000e+00,0.000000000000000000e+00,0.000000000000000000e+00,0.000000000000000000e+00,0.000000000000000000e+00,0.000000000000000000e+00,0.000000000000000000e+00,1.756420593261718750e+02,1.756420593261718750e+02,1.756420593261718750e+02,1.756420593261718750e+02,9.100000000000000000e+02
1.200000000000000025e-02,1.493914803325585668e-07,5.200729469327014132e-08,-2.090033594392542055e-16,4.533645973490751724e-08,1.578286967638109137e-08,-8.794027662772580989e-17,8.924485445022583008e-01,5.126182079315185547e+00,-4.841147422790527344e+00,-1.493914803325585668e-07,-5.200729469327014132e-08,2.090033594392542055e-16,0.000000000000000000e+00,0.000000000000000000e+00,0.000000000000000000e+00,0.000000000000000000e+00,0.000000000000000000e+00,0.000000000000000000e+00,0.000000000000000000e+00,1.910105743408203125e+02,1.910105743408203125e+02,1.910105743408203125e+02,1.910105743408203125e+02,9.100000000000000000e+02
1.299999999999999940e-02,2.075740541203818714e-07,7.226225325172600927e-08,-3.466076747569704936e-16,5.818257378782330456e-08,2.025495855845586795e-08,-1.376043153177162881e-16,8.924485445022583008e-01,5.126182079315185547e+00,-4.841147899627685547e+00,-2.075740541203818714e-07,-7.226225325172600927e-08,3.466076747569704936e-16,0.000000000000000000e+00,0.000000000000000000e+00,0.000000000000000000e+00,0.000000000000000000e+00,0.000000000000000000e+00,0.000000000000000000e+00,0.000000000000000000e+00,2.060168304443359375e+02,2.060168304443359375e+02,2.060168304443359375e+02,2.060168304443359375e+02,9.099999999999998863e+02
1.400000000000000029e-02,2.805898062205840398e-07,9.768104907159218296e-08,-5.559592619626883980e-16,7.301575210020216844e-08,2.541879581986617369e-08,-2.093515872057179045e-16,8.924485445022583008e-01,5.126182079315185547e+00,-4.841147899627685547e+00,-2.805898062205840398e-07,-9.768104907159218296e-08,5.559592619626883980e-16,0.000000000000000000e+00,0.000000000000000000e+00,0.000000000000000000e+00,0.000000000000000000e+00,0.000000000000000000e+00,0.000000000000000000e+00,0.000000000000000000e+00,2.206693725585937500e+02,2.206693725585937500e+02,2.206693725585937500e+02,2.206693725585937500e+02,9.099999999999997726e+02
1.499999999999999944e-02,3.704939601794518668e-07,1.289791511090185649e-07,-8.667278258538750560e-16,8.990415395886782698e-08,3.129810203742638189e-08,-3.107685638911866579e-16,8.924485445022583008e-01,5.126182079315185547e+00,-4.841147899627685547e+00,-3.704939601794518668e-07,-1.289791511090185649e-07,8.667278258538750560e-16,0.000000000000000000e+00,0.000000000000000000e+00,0.000000000000000000e+00,0.000000000000000000e+00,0.000000000000000000e+00,0.000000000000000000e+00,0.000000000000000000e+00,2.349765472412109375e+02,2.349765472412109375e+02,2.349765472412109375e+02,2.349765472412109375e+02,9.099999999999996589e+02
1.600000000000000033e-02,4.793940660288916444e-07,1.668902688012532784e-07,-1.317919856615263654e-15,1.089001058494397776e-07,3.791111769223471355e-08,-4.511920307613885978e-16,8.924485445022583008e-01,5.126181602478027344e+00,-4.841147899627685547e+00,-4.793940660288916444e-07,-1.668902688012532784e-07,1.317919856615263654e-15,0.000000000000000000e+00,0.000000000000000000e+00,0.000000000000000000e+00,0.000000000000000000e+00,0.000000000000000000e+00,0.000000000000000000e+00,0.000000000000000000e+00,2.489464569091796875e+02,2.489464569091796875e+02,2.489464569091796875e+02,2.489464569091796875e+02,9.099999999999994316e+02
1.700000000000000122e-02,6.094340211797093685e-07,2.121607320265204133e-07,-1.960287376468091275e-15,1.300399551508177241e-07,4.527046322526713490e-08,-6.423675198528276210e-16,8.924485445022583008e-01,5.126182079315185547e+00,-4.841147899627685547e+00,-6.094340211797093685e-07,-2.121607320265204133e-07,1.960287376468091275e-15,0.000000000000000000e+00,0.000000000000000000e+00,0.000000000000000000e+00,0.000000000000000000e+00,0.000000000000000000e+00,0.000000000000000000e+00,0.000000000000000000e+00,2.625870971679687500e+02,2.625870971679687500e+02,2.625870971679687500e+02,2.625870971679687500e+02,9.099999999999989768e+02
1.799999999999999864e-02,7.627775188150485610e-07,2.655437979111403614e-07,-2.858539289665910140e-15,1.533434976353391925e-07,5.338306588461994811e-08,-8.982519131978188654e-16,8.924485445022583008e-01,5.126182079315185547e+00,-4.841147899627685547e+00,-7.627775188150485610e-07,-2.655437979111403614e-07,2.858539289665910140e-15,0.000000000000000000e+00,0.000000000000000000e+00,0.000000000000000000e+00,0.000000000000000000e+00,0.000000000000000000e+00,0.000000000000000000e+00,0.000000000000000000e+00,2.759061889648437500e+02,2.759061889648437500e+02,2.759061889648437500e+02,2.759061889648437500e+02,9.099999999999982947e+02
1.899999999999999953e-02,9.415913563394216645e-07,3.277937668033690359e-07,-4.093894559012238779e-15,1.788138375243731035e-07,6.224996889222867445e-08,-1.235355269346328638e-15,8.924485445022583008e-01,5.126181602478027344e+00,-4.841147899627685547e+00,-9.415913563394216645e-07,-3.277937668033690359e-07,4.093894559012238779e-15,0.000000000000000000e+00,0.000000000000000000e+00,0.000000000000000000e+00,0.000000000000000000e+00,0.000000000000000000e+00,0.000000000000000000e+00,0.000000000000000000e+00,2.889113159179687500e+02,2.889113159179687500e+02,2.889113159179687500e+02,2.889113159179687500e+02,9.099999999999973852e+02
2.000000000000000042e-02,1.148028082272368600e-06,3.996600028305966706e-07,-5.766956255366404611e-15,2.064367259329469359e-07,7.186623602722763477e-08,-1.673061696354165833e-15,8.924484252929687500e-01,5.126181602478027344e+00,-4.841147899627685547e+00,-1.148028082272368600e-06,-3.996600028305966706e-07,5.766956255366404611e-15,0.000000000000000000e+00,0.000000000000000000e+00,0.000000000000000000e+00,0.000000000000000000e+00,0.000000000000000000e+00,0.000000000000000000e+00,0.000000000000000000e+00,3.016099243164062500e+02,3.016099243164062500e+02,3.016099243164062500e+02,3.016099243164062500e+02,9.099999999999959073e+02
2.100000000000000130e-02,1.384208744919863145e-06,4.818808526787968429e-07,-8.000243556570779994e-15,2.361806626474945443e-07,8.222084984820017225e-08,-2.233287301204375382e-15,8.924485445022583008e-01,5.126181602478027344e+00,-4.841147899627685547e+00,-1.384208744919863145e-06,-4.818808526787968429e-07,8.000243556570779994e-15,0.000000000000000000e+00,0.000000000000000000e+00,0.000000000000000000e+00,0.000000000000000000e+00,0.000000000000000000e+00,0.000000000000000000e+00,0.000000000000000000e+00,3.140091857910156250e+02,3.140091857910156250e+02,3.140091857910156250e+02,3.140091857910156250e+02,9.099999999999937472e+02
2.199999999999999872e-02,1.652204419712725154e-06,5.751774117053511471e-07,-1.094145698584786362e-14,2.679956747928620090e-07,9.329655902655430417e-08,-2.941213429277083622e-15,8.924485445022583008e-01,5.126181602478027344e+00,-4.841147899627685547e+00,-1.652204419712725154e-06,-5.751774117053511471e-07,1.094145698584786362e-14,0.000000000000000000e+00,0.000000000000000000e+00,0.000000000000000000e+00,0.000000000000000000e+00,0.000000000000000000e+00,0.000000000000000000e+00,0.000000000000000000e+00,3.261161804199218750e+02,3.261161804199218750e+02,3.261161804199218750e+02,3.261161804199218750e+02,9.099999999999906777e+02
2.299999999999999961e-02,1.954018398100402080e-06,6.802469592741859944e-07,-1.476598539309658039e-14,3.018139783876769262e-07,1.050695475688348473e-07,-3.824528407248716776e-15,8.924485445022583008e-01,5.126181125640869141e+00,-4.841147899627685547e+00,-1.954018398100402080e-06,-6.802469592741859944e-07,1.476598539309658039e-14,0.000000000000000000e+00,0.000000000000000000e+00,0.000000000000000000e+00,0.000000000000000000e+00,0.000000000000000000e+00,0.000000000000000000e+00,0.000000000000000000e+00,3.379378051757812500e+02,3.379378051757812500e+02,3.379378051757812500e+02,3.379378051757812500e+02,9.099999999999863576e+02
2.400000000000000050e-02,2.291567358667256739e-06,7.977566994241602794e-07,-1.967968481249795591e-14,3.375489605668546590e-07,1.175097401499742851e-07,-4.913699419401375523e-15,8.924485445022583008e-01,5.126181602478027344e+00,-4.841147899627685547e+00,-2.291567358667256739e-06,-7.977566994241602794e-07,1.967968481249795591e-14,0.000000000000000000e+00,0.000000000000000000e+00,0.000000000000000000e+00,0.000000000000000000e+00,0.000000000000000000e+00,0.000000000000000000e+00,0.000000000000000000e+00,3.494807739257812500e+02,3.494807739257812500e+02,3.494807739257812500e+02,3.494807739257812500e+02,9.099999999999804459e+02
2.500000000000000139e-02,2.666662131137852685e-06,9.283371453153271057e-07,-2.592143206599407997e-14,3.750947724705959461e-07,1.305804458911668263e-07,-6.241747253496124058e-15,8.924485445022583008e-01,5.126182079315185547e+00,-4.841147899627685547e+00,-2.666662131137852685e-06,-9.283371453153271057e-07,2.592143206599407997e-14,0.000000000000000000e+00,0.000000000000000000e+00,0.000000000000000000e+00,0.000000000000000000e+00,0.000000000000000000e+00,0.000000000000000000e+00,0.000000000000000000e+00,3.607516479492187500e+02,3.607516479492187500e+02,3.607516479492187500e+02,3.607516479492187500e+02,9.099999999999724878e+02
2.599999999999999881e-02,3.080989376381987529e-06,1.072575452786322290e-06,-3.376504954040616472e-14,4.143272452441348440e-07,1.442383074709951845e-07,-7.843617474412084748e-15,8.924484252929687500e-01,5.126182079315185547e+00,-4.841147899627685547e+00,-3.080989376381987529e-06,-1.072575452786322290e-06,3.376504954040616472e-14,0.000000000000000000e+00,0.000000000000000000e+00,0.000000000000000000e+00,0.000000000000000000e+00,0.000000000000000000e+00,0.000000000000000000e+00,0.000000000000000000e+00,3.717568664550781250e+02,3.717568664550781250e+02,3.717568664550781250e+02,3.717568664550781250e+02,9.099999999999619149e+02
2.699999999999999969e-02,3.536092452197732697e-06,1.231008703022876312e-06,-4.352114820289941281e-14,4.551030758157451678e-07,1.584332502365540215e-07,-9.756098662493248093e-15,8.924484252929687500e-01,5.126181602478027344e+00,-4.841147899627685547e+00,-3.536092452197732697e-06,-1.231008703022876312e-06,4.352114820289941281e-14,0.000000000000000000e+00,0.000000000000000000e+00,0.000000000000000000e+00,0.000000000000000000e+00,0.000000000000000000e+00,0.000000000000000000e+00,0.000000000000000000e+00,3.825026550292968750e+02,3.825026550292968750e+02,3.825026550292968750e+02,3.825026550292968750e+02,9.099999999999478177e+02
2.800000000000000058e-02,4.033351261316969381e-06,1.404117490559577444e-06,-5.553793653629910480e-14,4.972588091192366837e-07,1.731087875367011322e-07,-1.201678833339969199e-14,8.924485445022583008e-01,5.126182079315185547e+00,-4.841147899627685547e+00,-4.033351261316969381e-06,-1.404117490559577444e-06,5.553793653629910480e-14,0.000000000000000000e+00,0.000000000000000000e+00,0.000000000000000000e+00,0.000000000000000000e+00,0.000000000000000000e+00,0.000000000000000000e+00,0.000000000000000000e+00,3.929951782226562500e+02,3.929951782226562500e+02,3.929951782226562500e+02,3.929951782226562500e+02,9.099999999999296278e+02
2.900000000000000147e-02,4.573965763409920917e-06,1.592319307726132793e-06,-7.020181277370024381e-14,5.406145020929515368e-07,1.882018171665553488e-07,-1.466387623740113901e-14,8.924485445022583008e-01,5.126182079315185547e+00,-4.841147899627685547e+00,-4.573965763409920917e-06,-1.592319307726132793e-06,7.020181277370024381e-14,0.000000000000000000e+00,0.000000000000000000e+00,0.000000000000000000e+00,0.000000000000000000e+00,0.000000000000000000e+00,0.000000000000000000e+00,0.000000000000000000e+00,4.032403564453125000e+02,4.032403564453125000e+02,4.032403564453125000e+02,4.032403564453125000e+02,9.099999999999062084e+02
2.999999999999999889e-02,5.158934194646692728e-06,1.795961827315882680e-06,-8.793654448588278748e-14,5.849684312367718105e-07,2.036425195897498871e-07,-1.773473171218254367e-14,8.924485445022583008e-01,5.126181602478027344e+00,-4.841147899627685547e+00,-5.158934194646692728e-06,-1.795961827315882680e-06,8.793654448588278748e-14,0.000000000000000000e+00,0.000000000000000000e+00,0.000000000000000000e+00,0.000000000000000000e+00,0.000000000000000000e+00,0.000000000000000000e+00,0.000000000000000000e+00,4.132440490722656250e+02,4.132440490722656250e+02,4.132440490722656250e+02,4.132440490722656250e+02,9.099999999998763087e+02
3.099999999999999978e-02,5.789038208145800284e-06,2.015317101254060851e-06,-1.092018466949661365e-13,6.301040134991075562e-07,2.193552739381781712e-07,-2.126530220908334900e-14,8.924486637115478516e-01,5.126181602478027344e+00,-4.841148376464843750e+00,-5.789038208145800284e-06,-2.015317101254060851e-06,1.092018466949661365e-13,0.000000000000000000e+00,0.000000000000000000e+00,0.000000000000000000e+00,0.000000000000000000e+00,0.000000000000000000e+00,0.000000000000000000e+00,0.000000000000000000e+00,4.230119323730468750e+02,4.230119323730468750e+02,4.230119323730468750e+02,4.230119323730468750e+02,9.099999999998387921e+02
3.200000000000000067e-02,6.464823739757208656e-06,2.250574945044057314e-06,-1.344908857592731449e-13,6.757855316114083725e-07,2.352578437899964627e-07,-2.528903906430700837e-14,8.924489021301269531e-01,5.126183032989501953e+00,-4.841148853302001953e+00,-6.464823739757208656e-06,-2.250574945044057314e-06,1.344908857592731449e-13,0.000000000000000000e+00,0.000000000000000000e+00,0.000000000000000000e+00,0.000000000000000000e+00,0.000000000000000000e+00,0.000000000000000000e+00,0.000000000000000000e+00,4.325495605468750000e+02,4.325495605468750000e+02,4.325495605468750000e+02,4.325495605468750000e+02,9.099999999997918394e+02
3.300000000000000155e-02,7.186583095178364941e-06,2.501837543546677442e-06,-1.643263887048526579e-13,7.217593554211562844e-07,2.512625985026201285e-07,-2.983550294557951301e-14,8.924489021301269531e-01,5.126183032989501953e+00,-4.841148853302001953e+00,-7.186583095178364941e-06,-2.501837543546677442e-06,1.643263887048526579e-13,0.000000000000000000e+00,0.000000000000000000e+00,0.000000000000000000e+00,0.000000000000000000e+00,0.000000000000000000e+00,0.000000000000000000e+00,0.000000000000000000e+00,4.418623962402343750e+02,4.418623962402343750e+02,4.418623962402343750e+02,4.418623962402343750e+02,9.099999999997339728e+02
3.400000000000000244e-02,7.954343143735214991e-06,2.769113853203905023e-06,-1.992557772484330471e-13,7.677600485568500502e-07,2.672763096572275808e-07,-3.492938854358038923e-14,8.924489021301269531e-01,5.126182556152343750e+00,-4.841148853302001953e+00,-7.954343143735214991e-06,-2.769113853203905023e-06,1.992557772484330471e-13,0.000000000000000000e+00,0.000000000000000000e+00,0.000000000000000000e+00,0.000000000000000000e+00,0.000000000000000000e+00,0.000000000000000000e+00,0.000000000000000000e+00,4.509556884765625000e+02,4.509556884765625000e+02,4.509556884765625000e+02,4.509556884765625000e+02,9.099999999996630322e+02
3.500000000000000333e-02,8.767845369943254912e-06,3.052314106040409942e-06,-2.398447464116371696e-13,8.135022262080399212e-07,2.832002528365049190e-07,-4.058896916320412254e-14,8.924489021301269531e-01,5.126183032989501953e+00,-4.841148853302001953e+00,-8.767845369943254912e-06,-3.052314106040409942e-06,2.398447464116371696e-13,0.000000000000000000e+00,0.000000000000000000e+00,0.000000000000000000e+00,0.000000000000000000e+00,0.000000000000000000e+00,0.000000000000000000e+00,0.000000000000000000e+00,4.598346557617187500e+02,4.598346557617187500e+02,4.598346557617187500e+02,4.598346557617187500e+02,9.099999999995768576e+02
3.599999999999999728e-02,9.626537731287527705e-06,3.351245534998058493e-06,-2.866693387490924048e-13,8.586923613442727925e-07,2.989314289576485507e-07,-4.682459233745523515e-14,8.924489021301269531e-01,5.126183032989501953e+00,-4.841148853302001953e+00,-9.626537731287527705e-06,-3.351245534998058493e-06,2.866693387490924048e-13,0.000000000000000000e+00,0.000000000000000000e+00,0.000000000000000000e+00,0.000000000000000000e+00,0.000000000000000000e+00,0.000000000000000000e+00,0.000000000000000000e+00,4.685043334960937500e+02,4.685043334960937500e+02,4.685043334960937500e+02,4.685043334960937500e+02,9.099999999994729478e+02
3.699999999999999817e-02,1.052955796667167441e-05,3.665608709936918642e-06,-3.403069598067308281e-13,9.030202353841467009e-07,3.143631749388601496e-07,-5.363762105763842328e-14,8.924489021301269531e-01,5.126183032989501953e+00,-4.841149330139160156e+00,-1.052955796667167441e-05,-3.665608709936918642e-06,3.403069598067308281e-13,0.000000000000000000e+00,0.000000000000000000e+00,0.000000000000000000e+00,0.000000000000000000e+00,0.000000000000000000e+00,0.000000000000000000e+00,0.000000000000000000e+00,4.769696655273437500e+02,4.769696655273437500e+02,4.769696655273437500e+02,4.769696655273437500e+02,9.099999999993486881e+02
3.799999999999999906e-02,1.147572626841993192e-05,3.994992448747770427e-06,-4.013262070146761197e-13,9.461683017482575096e-07,3.293837388108517852e-07,-6.101924720794529165e-14,8.924490213394165039e-01,5.126183032989501953e+00,-4.841149330139160156e+00,-1.147572626841993192e-05,-3.994992448747770427e-06,4.013262070146761197e-13,0.000000000000000000e+00,0.000000000000000000e+00,0.000000000000000000e+00,0.000000000000000000e+00,0.000000000000000000e+00,0.000000000000000000e+00,0.000000000000000000e+00,4.852354431152343750e+02,4.852354431152343750e+02,4.852354431152343750e+02,4.852354431152343750e+02,9.099999999992010089e+02
3.899999999999999994e-02,1.246353632583516234e-05,4.338872188908110366e-06,-4.702748814372724639e-13,9.878100574152304242e-07,3.438797401603399382e-07,-6.894867442259634422e-14,8.924490213394165039e-01,5.126183032989501953e+00,-4.841149330139160156e+00,-1.246353632583516234e-05,-4.338872188908110366e-06,4.702748814372724639e-13,0.000000000000000000e+00,0.000000000000000000e+00,0.000000000000000000e+00,0.000000000000000000e+00,0.000000000000000000e+00,0.000000000000000000e+00,0.000000000000000000e+00,4.933063659667968750e+02,4.933063659667968750e+02,4.933063659667968750e+02,4.933063659667968750e+02,9.099999999990268407e+02
4.000000000000000083e-02,1.349114718297886149e-05,4.696607951927153580e-06,-5.476674249682515477e-13,1.027610857143699153e-06,3.577357630190432149e-07,-7.739254353097908376e-14,8.924490213394165039e-01,5.126183032989501953e+00,-4.841149806976318359e+00,-1.349114718297886149e-05,-4.696607951927153580e-06,5.476674249682515477e-13,0.000000000000000000e+00,0.000000000000000000e+00,0.000000000000000000e+00,0.000000000000000000e+00,0.000000000000000000e+00,0.000000000000000000e+00,0.000000000000000000e+00,5.011870727539062500e+02,5.011870727539062500e+02,5.011870727539062500e+02,5.011870727539062500e+02,9.099999999988227728e+02
4.100000000000000172e-02,1.455638079600516043e-05,5.067440882902339787e-06,-6.339708630586494996e-13,1.065233613026298938e-06,3.708329309751862068e-07,-8.630343809039795191e-14,8.924490213394165039e-01,5.126183032989501953e+00,-4.841149806976318359e+00,-1.455638079600516043e-05,-5.067440882902339787e-06,6.339708630586494996e-13,0.000000000000000000e+00,0.000000000000000000e+00,0.000000000000000000e+00,0.000000000000000000e+00,0.000000000000000000e+00,0.000000000000000000e+00,0.000000000000000000e+00,5.088820190429687500e+02,5.088820190429687500e+02,5.088820190429687500e+02,5.088820190429687500e+02,9.099999999985851673e+02
4.200000000000000261e-02,1.565672040471684172e-05,5.450494064741331934e-06,-7.295904665153464247e-13,1.100339608711681290e-06,3.830531818389921466e-07,-9.561960345669692511e-14,8.924490213394165039e-01,5.126183032989501953e+00,-4.841149806976318359e+00,-1.565672040471684172e-05,-5.450494064741331934e-06,7.295904665153464247e-13,0.000000000000000000e+00,0.000000000000000000e+00,0.000000000000000000e+00,0.000000000000000000e+00,0.000000000000000000e+00,0.000000000000000000e+00,0.000000000000000000e+00,5.163955688476562500e+02,5.163955688476562500e+02,5.163955688476562500e+02,5.163955688476562500e+02,9.099999999983103862e+02
4.299999999999999656e-02,1.678930483301133286e-05,5.844772518162019589e-06,-8.348544843129410428e-13,1.132584428294491137e-06,3.942784534206876556e-07,-1.052640177975946181e-13,8.924490213394165039e-01,5.126183032989501953e+00,-4.841149806976318359e+00,-1.678930483301133286e-05,-5.844772518162019589e-06,8.348544843129410428e-13,0.000000000000000000e+00,0.000000000000000000e+00,0.000000000000000000e+00,0.000000000000000000e+00,0.000000000000000000e+00,0.000000000000000000e+00,0.000000000000000000e+00,5.237319946289062500e+02,5.237319946289062500e+02,5.237319946289062500e+02,5.237319946289062500e+02,9.099999999979943368e+02
4.399999999999999745e-02,1.795093744532270233e-05,6.249163608803516147e-06,-9.499988449544528533e-13,1.161632612311369476e-06,4.043910906414965579e-07,-1.151443606415118105e-13,8.924491405487060547e-01,5.126184940338134766e+00,-4.841150283813476562e+00,-1.795093744532270233e-05,-6.249163608803516147e-06,9.499988449544528533e-13,0.000000000000000000e+00,0.000000000000000000e+00,0.000000000000000000e+00,0.000000000000000000e+00,0.000000000000000000e+00,0.000000000000000000e+00,0.000000000000000000e+00,5.308955078125000000e+02,5.308955078125000000e+02,5.308955078125000000e+02,5.308955078125000000e+02,9.099999999976330400e+02
4.499999999999999833e-02,1.913809103195364809e-05,6.662439082781150771e-06,-1.075151950213818345e-12,1.187153586630945761e-06,4.132754739776346232e-07,-1.251531052593654921e-13,8.924491405487060547e-01,5.126184940338134766e+00,-4.841150760650634766e+00,-1.913809103195364809e-05,-6.662439082781150771e-06,1.075151950213818345e-12,0.000000000000000000e+00,0.000000000000000000e+00,0.000000000000000000e+00,0.000000000000000000e+00,0.000000000000000000e+00,0.000000000000000000e+00,0.000000000000000000e+00,5.378901977539062500e+02,5.378901977539062500e+02,5.378901977539062500e+02,5.378901977539062500e+02,9.099999999972224032e+02
4.599999999999999922e-02,2.034691269440747923e-05,7.083257509352471092e-06,-1.210319457922345260e-12,1.208821662453831136e-06,4.208184265713203217e-07,-1.351675077085269148e-13,8.924491405487060547e-01,5.126184940338134766e+00,-4.841150283813476562e+00,-2.034691269440747923e-05,-7.083257509352471092e-06,1.210319457922345260e-12,0.000000000000000000e+00,0.000000000000000000e+00,0.000000000000000000e+00,0.000000000000000000e+00,0.000000000000000000e+00,0.000000000000000000e+00,0.000000000000000000e+00,5.447199707031250000e+02,5.447199707031250000e+02,5.447199707031250000e+02,5.447199707031250000e+02,9.099999999967582198e+02
4.700000000000000011e-02,2.157323361605211661e-05,7.510167944916228209e-06,-1.355369883368752499e-12,1.226320921644637380e-06,4.269104355637571169e-07,-1.450504254464072389e-13,8.924491405487060547e-01,5.126183986663818359e+00,-4.841150760650634766e+00,-2.157323361605211661e-05,-7.510167944916228209e-06,1.355369883368752499e-12,0.000000000000000000e+00,0.000000000000000000e+00,0.000000000000000000e+00,0.000000000000000000e+00,0.000000000000000000e+00,0.000000000000000000e+00,0.000000000000000000e+00,5.513887939453125000e+02,5.513887939453125000e+02,5.513887939453125000e+02,5.513887939453125000e+02,9.099999999962363972e+02
4.800000000000000100e-02,2.281259023189202199e-05,7.941615225455377593e-06,-1.510022685691700784e-12,1.239356615839905381e-06,4.314472805391493835e-07,-1.546528023229482852e-13,8.924491405487060547e-01,5.126183986663818359e+00,-4.841150760650634766e+00,-2.281259023189202199e-05,-7.941615225455377593e-06,1.510022685691700784e-12,0.000000000000000000e+00,0.000000000000000000e+00,0.000000000000000000e+00,0.000000000000000000e+00,0.000000000000000000e+00,0.000000000000000000e+00,0.000000000000000000e+00,5.579003906250000000e+02,5.579003906250000000e+02,5.579003906250000000e+02,5.579003906250000000e+02,9.099999999956528427e+02
4.900000000000000189e-02,2.406022748545623324e-05,8.375946480313054668e-06,-1.673835881629367233e-12,1.247637253564211248e-06,4.343312548576770758e-07,-1.638131959376664487e-13,8.924491405487060547e-01,5.126184940338134766e+00,-4.841150760650634766e+00,-2.406022748545623324e-05,-8.375946480313054668e-06,1.673835881629367233e-12,0.000000000000000000e+00,0.000000000000000000e+00,0.000000000000000000e+00,0.000000000000000000e+00,0.000000000000000000e+00,0.000000000000000000e+00,0.000000000000000000e+00,5.642584838867187500e+02,5.642584838867187500e+02,5.642584838867187500e+02,5.642584838867187500e+02,9.099999999950038045e+02
5.000000000000000278e-02,2.531113139767825239e-05,8.811415203302572259e-06,-1.846197134594454905e-12,1.250903912222019155e-06,4.354687229895175911e-07,-1.723612529650876719e-13,8.924491405487060547e-01,5.126184940338134766e+00,-4.841150760650634766e+00,-2.531113139767825239e-05,-8.811415203302572259e-06,1.846197134594454905e-12,0.000000000000000000e+00,0.000000000000000000e+00,0.000000000000000000e+00,0.000000000000000000e+00,0.000000000000000000e+00,0.000000000000000000e+00,0.000000000000000000e+00,5.704667358398437500e+02,5.704667358398437500e+02,5.704667358398437500e+02,5.704667358398437500e+02,9.099999999942855311e+02
5.099999999999999672e-02,2.656004209444807814e-05,9.246189394927408696e-06,-2.026316413022273016e-12,1.248910696769825750e-06,4.347741916248364362e-07,-1.801192784278181108e-13,8.924492597579956055e-01,5.126185417175292969e+00,-4.841150760650634766e+00,-2.656004209444807814e-05,-9.246189394927408696e-06,2.026316413022273016e-12,0.000000000000000000e+00,0.000000000000000000e+00,0.000000000000000000e+00,0.000000000000000000e+00,0.000000000000000000e+00,0.000000000000000000e+00,0.000000000000000000e+00,5.765286865234375000e+02,5.765286865234375000e+02,5.765286865234375000e+02,5.765286865234375000e+02,9.099999999934946118e+02
5.199999999999999761e-02,2.780148311860409255e-05,9.678363775711181508e-06,-2.213223054814124399e-12,1.241441024156014403e-06,4.321743807837728123e-07,-1.869066417918513832e-13,8.924492597579956055e-01,5.126185417175292969e+00,-4.841150760650634766e+00,-2.780148311860409255e-05,-9.678363775711181508e-06,2.213223054814124399e-12,0.000000000000000000e+00,0.000000000000000000e+00,0.000000000000000000e+00,0.000000000000000000e+00,0.000000000000000000e+00,0.000000000000000000e+00,0.000000000000000000e+00,5.824476928710937500e+02,5.824476928710937500e+02,5.824476928710937500e+02,5.824476928710937500e+02,9.099999999926279770e+02
5.299999999999999850e-02,2.902978585659305924e-05,1.010596467152963758e-05,-2.405763297444040510e-12,1.228302737988966694e-06,4.276008958184560754e-07,-1.925402426299161107e-13,8.924494981765747070e-01,5.126185894012451172e+00,-4.841152191162109375e+00,-2.902978585659305924e-05,-1.010596467152963758e-05,2.405763297444040510e-12,0.000000000000000000e+00,0.000000000000000000e+00,0.000000000000000000e+00,0.000000000000000000e+00,0.000000000000000000e+00,0.000000000000000000e+00,0.000000000000000000e+00,5.882271728515625000e+02,5.882271728515625000e+02,5.882271728515625000e+02,5.882271728515625000e+02,9.099999999916831257e+02
5.399999999999999939e-02,3.023912047890603286e-05,1.052696222694062517e-05,-2.602603410217450624e-12,1.209334622312973619e-06,4.209975554109875818e-07,-1.968401127734101139e-13,8.924494981765747070e-01,5.126186370849609375e+00,-4.841152667999267578e+00,-3.023912047890603286e-05,-1.052696222694062517e-05,2.602603410217450624e-12,0.000000000000000000e+00,0.000000000000000000e+00,0.000000000000000000e+00,0.000000000000000000e+00,0.000000000000000000e+00,0.000000000000000000e+00,0.000000000000000000e+00,5.938704223632812500e+02,5.938704223632812500e+02,5.938704223632812500e+02,5.938704223632812500e+02,9.099999999906578978e+02
5.500000000000000028e-02,3.142353013740234094e-05,1.093928343273608228e-05,-2.802236373263261108e-12,1.184409658496308082e-06,4.123212057954571169e-07,-1.996329630458104846e-13,8.924494981765747070e-01,5.126186370849609375e+00,-4.841152667999267578e+00,-3.142353013740234094e-05,-1.093928343273608228e-05,2.802236373263261108e-12,0.000000000000000000e+00,0.000000000000000000e+00,0.000000000000000000e+00,0.000000000000000000e+00,0.000000000000000000e+00,0.000000000000000000e+00,0.000000000000000000e+00,5.993806762695312500e+02,5.993806762695312500e+02,5.993806762695312500e+02,5.993806762695312500e+02,9.099999999895508154e+02
5.600000000000000117e-02,3.257695702041344559e-05,1.134081945394000843e-05,-3.002990063255967901e-12,1.153426883011104650e-06,4.015360212039261465e-07,-2.007536899927067928e-13,8.924494981765747070e-01,5.126186370849609375e+00,-4.841152191162109375e+00,-3.257695702041344559e-05,-1.134081945394000843e-05,3.002990063255967901e-12,0.000000000000000000e+00,0.000000000000000000e+00,0.000000000000000000e+00,0.000000000000000000e+00,0.000000000000000000e+00,0.000000000000000000e+00,0.000000000000000000e+00,6.047610473632812500e+02,6.047610473632812500e+02,6.047610473632812500e+02,6.047610473632812500e+02,9.099999999883609689e+02
5.700000000000000205e-02,3.369329446295096835e-05,1.172944354269244315e-05,-3.203044044689371591e-12,1.116337442537522755e-06,3.886240887524347208e-07,-2.000539814334036899e-13,8.924494981765747070e-01,5.126186370849609375e+00,-4.841152667999267578e+00,-3.369329446295096835e-05,-1.172944354269244315e-05,3.203044044689371591e-12,0.000000000000000000e+00,0.000000000000000000e+00,0.000000000000000000e+00,0.000000000000000000e+00,0.000000000000000000e+00,0.000000000000000000e+00,0.000000000000000000e+00,6.100145874023437500e+02,6.100145874023437500e+02,6.100145874023437500e+02,6.100145874023437500e+02,9.099999999870881311e+02
5.800000000000000294e-02,3.476641300181051119e-05,1.210302325157943126e-05,-3.400445939543360067e-12,1.073118538859542837e-06,3.735797088869881137e-07,-1.974018948539884758e-13,8.924494981765747070e-01,5.126186370849609375e+00,-4.841152191162109375e+00,-3.476641300181051119e-05,-1.210302325157943126e-05,3.400445939543360067e-12,0.000000000000000000e+00,0.000000000000000000e+00,0.000000000000000000e+00,0.000000000000000000e+00,0.000000000000000000e+00,0.000000000000000000e+00,0.000000000000000000e+00,6.151442871093750000e+02,6.151442871093750000e+02,6.151442871093750000e+02,6.151442871093750000e+02,9.099999999857329840e+02
5.899999999999999689e-02,3.579020271511569769e-05,1.245942939007501554e-05,-3.593131939922665769e-12,1.023789713305186502e-06,3.564061384955842797e-07,-1.926860003793057026e-13,8.924496173858642578e-01,5.126186370849609375e+00,-4.841152667999267578e+00,-3.579020271511569769e-05,-1.245942939007501554e-05,3.593131939922665769e-12,0.000000000000000000e+00,0.000000000000000000e+00,0.000000000000000000e+00,0.000000000000000000e+00,0.000000000000000000e+00,0.000000000000000000e+00,0.000000000000000000e+00,6.201530761718750000e+02,6.201530761718750000e+02,6.201530761718750000e+02,6.201530761718750000e+02,9.099999999842967782e+02
5.999999999999999778e-02,3.675861881874996822e-05,1.279655963697918292e-05,-3.778955928599782140e-12,9.684161036342705370e-07,3.371302469041673785e-07,-1.858239886771163712e-13,8.924497365951538086e-01,5.126187324523925781e+00,-4.841152667999267578e+00,-3.675861881874996822e-05,-1.279655963697918292e-05,3.778955928599782140e-12,0.000000000000000000e+00,0.000000000000000000e+00,0.000000000000000000e+00,0.000000000000000000e+00,0.000000000000000000e+00,0.000000000000000000e+00,0.000000000000000000e+00,6.250438232421875000e+02,6.250438232421875000e+02,6.250438232421875000e+02,6.250438232421875000e+02,9.099999999827819011e+02
6.099999999999999867e-02,3.766571749212460488e-05,1.311234342574986651e-05,-3.955714442908596419e-12,9.070986733746366575e-07,3.157837887706835836e-07,-1.767585143088142790e-13,8.924497365951538086e-01,5.126187324523925781e+00,-4.841152667999267578e+00,-3.766571749212460488e-05,-1.311234342574986651e-05,3.955714442908596419e-12,0.000000000000000000e+00,0.000000000000000000e+00,0.000000000000000000e+00,0.000000000000000000e+00,0.000000000000000000e+00,0.000000000000000000e+00,0.000000000000000000e+00,6.298192749023437500e+02,6.298192749023437500e+02,6.298192749023437500e+02,6.298192749023437500e+02,9.099999999811911948e+02
6.199999999999999956e-02,3.850570473149861946e-05,1.340476555694089009e-05,-4.121181712009192903e-12,8.399872393740145807e-07,2.924221311910235800e-07,-1.654672691005964831e-13,8.924497365951538086e-01,5.126187324523925781e+00,-4.841152667999267578e+00,-3.850570473149861946e-05,-1.340476555694089009e-05,4.121181712009192903e-12,0.000000000000000000e+00,0.000000000000000000e+00,0.000000000000000000e+00,0.000000000000000000e+00,0.000000000000000000e+00,0.000000000000000000e+00,0.000000000000000000e+00,6.344821777343750000e+02,6.344821777343750000e+02,6.344821777343750000e+02,6.344821777343750000e+02,9.099999999795288659e+02
6.300000000000000044e-02,3.927298520329860760e-05,1.367187678308795132e-05,-4.273143704708198775e-12,7.672804717999881421e-07,2.671112261470612396e-07,-1.519619926990058722e-13,8.924497365951538086e-01,5.126187801361083984e+00,-4.841154098510742188e+00,-3.927298520329860760e-05,-1.367187678308795132e-05,4.273143704708198775e-12,0.000000000000000000e+00,0.000000000000000000e+00,0.000000000000000000e+00,0.000000000000000000e+00,0.000000000000000000e+00,0.000000000000000000e+00,0.000000000000000000e+00,6.390350952148437500e+02,6.390350952148437500e+02,6.390350952148437500e+02,6.390350952148437500e+02,9.099999999777995754e+02
6.400000000000000133e-02,3.996219481299874865e-05,1.391180846470459561e-05,-4.409432903799628882e-12,6.892096097001410493e-07,2.399316816166442885e-07,-1.362891990914301067e-13,8.924498558044433594e-01,5.126187801361083984e+00,-4.841153621673583984e+00,-3.996219481299874865e-05,-1.391180846470459561e-05,4.409432903799628882e-12,0.000000000000000000e+00,0.000000000000000000e+00,0.000000000000000000e+00,0.000000000000000000e+00,0.000000000000000000e+00,0.000000000000000000e+00,0.000000000000000000e+00,6.434807739257812500e+02,6.434807739257812500e+02,6.434807739257812500e+02,6.434807739257812500e+02,9.099999999760090077e+02
6.500000000000000222e-02,4.056825281532869162e-05,1.412279292583217956e-05,-4.527968618301134108e-12,6.060580023299429642e-07,2.109844611275839504e-07,-1.185357145015052261e-13,8.924498558044433594e-01,5.126188755035400391e+00,-4.841154098510742188e+00,-4.056825281532869162e-05,-1.412279292583217956e-05,4.527968618301134108e-12,0.000000000000000000e+00,0.000000000000000000e+00,0.000000000000000000e+00,0.000000000000000000e+00,0.000000000000000000e+00,0.000000000000000000e+00,0.000000000000000000e+00,6.478216552734375000e+02,6.478216552734375000e+02,6.478216552734375000e+02,6.478216552734375000e+02,9.099999999741637566e+02
6.600000000000000311e-02,4.108639438315347372e-05,1.430317241048184845e-05,-4.626791868683196266e-12,5.181415678247821058e-07,1.803794846496688828e-07,-9.882325038206215870e-14,8.924499750137329102e-01,5.126188755035400391e+00,-4.841153621673583984e+00,-4.108639438315347372e-05,-1.430317241048184845e-05,4.626791868683196266e-12,0.000000000000000000e+00,0.000000000000000000e+00,0.000000000000000000e+00,0.000000000000000000e+00,0.000000000000000000e+00,0.000000000000000000e+00,0.000000000000000000e+00,6.520601806640625000e+02,6.520601806640625000e+02,6.520601806640625000e+02,6.520601806640625000e+02,9.099999999722710982e+02
6.700000000000000400e-02,4.151223574523339819e-05,1.445141943818450308e-05,-4.704108369782490136e-12,4.258413620799244648e-07,1.482470277026546289e-07,-7.731650109929386948e-14,8.924499750137329102e-01,5.126188755035400391e+00,-4.841153621673583984e+00,-4.151223574523339819e-05,-1.445141943818450308e-05,4.704108369782490136e-12,0.000000000000000000e+00,0.000000000000000000e+00,0.000000000000000000e+00,0.000000000000000000e+00,0.000000000000000000e+00,0.000000000000000000e+00,0.000000000000000000e+00,6.561987915039062500e+02,6.561987915039062500e+02,6.561987915039062500e+02,6.561987915039062500e+02,9.099999999703389904e+02
6.800000000000000488e-02,4.184179047066403754e-05,1.456614657465477504e-05,-4.758320240071748953e-12,3.295547254306393560e-07,1.147271364702719603e-07,-5.421187028925881729e-14,8.924498558044433594e-01,5.126187801361083984e+00,-4.841154098510742188e+00,-4.184179047066403754e-05,-1.456614657465477504e-05,4.758320240071748953e-12,0.000000000000000000e+00,0.000000000000000000e+00,0.000000000000000000e+00,0.000000000000000000e+00,0.000000000000000000e+00,0.000000000000000000e+00,0.000000000000000000e+00,6.602398681640625000e+02,6.602398681640625000e+02,6.602398681640625000e+02,6.602398681640625000e+02,9.099999999683760734e+02
6.900000000000000577e-02,4.207152157908410604e-05,1.464612271623099952e-05,-4.788063883198939826e-12,2.297311084200684959e-07,7.997614157622447975e-08,-2.974364312719087273e-14,8.924498558044433594e-01,5.126188278198242188e+00,-4.841154098510742188e+00,-4.207152157908410604e-05,-1.464612271623099952e-05,4.788063883198939826e-12,0.000000000000000000e+00,0.000000000000000000e+00,0.000000000000000000e+00,0.000000000000000000e+00,0.000000000000000000e+00,0.000000000000000000e+00,0.000000000000000000e+00,6.641857299804687500e+02,6.641857299804687500e+02,6.641857299804687500e+02,6.641857299804687500e+02,9.099999999663915560e+02
7.000000000000000666e-02,4.219838062333138088e-05,1.469028611742719357e-05,-4.792241579043312437e-12,1.268590442472748432e-07,4.416340119619405463e-08,-4.177695844372611016e-15,8.924498558044433594e-01,5.126188755035400391e+00,-4.841154575347900391e+00,-4.219838062333138088e-05,-1.469028611742719357e-05,4.792241579043312437e-12,0.000000000000000000e+00,0.000000000000000000e+00,0.000000000000000000e+00,0.000000000000000000e+00,0.000000000000000000e+00,0.000000000000000000e+00,0.000000000000000000e+00,6.680385131835937500e+02,6.680385131835937500e+02,6.680385131835937500e+02,6.680385131835937500e+02,9.099999999643951014e+02
7.099999999999999367e-02,4.221983700143465672e-05,1.469775579004102525e-05,-4.770049053120293405e-12,2.145637810327584048e-08,7.469672613831675710e-09,2.219252592301903150e-14,8.924498558044433594e-01,5.126188278198242188e+00,-4.841154098510742188e+00,-4.221983700143465672e-05,-1.469775579004102525e-05,4.770049053120293405e-12,0.000000000000000000e+00,0.000000000000000000e+00,0.000000000000000000e+00,0.000000000000000000e+00,0.000000000000000000e+00,0.000000000000000000e+00,0.000000000000000000e+00,6.718005371093750000e+02,6.718005371093750000e+02,6.718005371093750000e+02,6.718005371093750000e+02,9.099999999623964868e+02
7.199999999999999456e-02,4.213391703926969400e-05,1.466784453070580370e-05,-4.721000182551240408e-12,-8.591996216496272263e-08,-2.991125933522154295e-08,4.904887056905299743e-14,8.924498558044433594e-01,5.126188278198242188e+00,-4.841154575347900391e+00,-4.213391703926969400e-05,-1.466784453070580370e-05,4.721000182551240408e-12,0.000000000000000000e+00,0.000000000000000000e+00,0.000000000000000000e+00,0.000000000000000000e+00,0.000000000000000000e+00,0.000000000000000000e+00,0.000000000000000000e+00,6.754738159179687500e+02,6.754738159179687500e+02,6.754738159179687500e+02,6.754738159179687500e+02,9.099999999604060577e+02
7.299999999999999545e-02,4.193922353188712536e-05,1.460006706311044700e-05,-4.644943613376033405e-12,-1.946935073825686456e-07,-6.777746759535670652e-08,7.605656917520700321e-14,8.924498558044433594e-01,5.126188755035400391e+00,-4.841154098510742188e+00,-4.193922353188712536e-05,-1.460006706311044700e-05,4.644943613376033405e-12,0.000000000000000000e+00,0.000000000000000000e+00,0.000000000000000000e+00,0.000000000000000000e+00,0.000000000000000000e+00,0.000000000000000000e+00,0.000000000000000000e+00,6.790605468750000000e+02,6.790605468750000000e+02,6.790605468750000000e+02,6.790605468750000000e+02,9.099999999584340458e+02
7.399999999999999634e-02,4.163497482616846496e-05,1.449414980866347763e-05,-4.542076991524258163e-12,-3.042487057186603946e-07,-1.059172544469693631e-07,1.028666218517752419e-13,8.924498558044433594e-01,5.126187801361083984e+00,-4.841153621673583984e+00,-4.163497482616846496e-05,-1.449414980866347763e-05,4.542076991524258163e-12,0.000000000000000000e+00,0.000000000000000000e+00,0.000000000000000000e+00,0.000000000000000000e+00,0.000000000000000000e+00,0.000000000000000000e+00,0.000000000000000000e+00,6.825627441406250000e+02,6.825627441406250000e+02,6.825627441406250000e+02,6.825627441406250000e+02,9.099999999564904556e+02
7.499999999999999722e-02,4.122101784837798515e-05,1.435004065715698764e-05,-4.412952946084358190e-12,-4.139569777904798147e-07,-1.441091515064899968e-07,1.291240454398999727e-13,8.924498558044433594e-01,5.126187801361083984e+00,-4.841153621673583984e+00,-4.122101784837798515e-05,-1.435004065715698764e-05,4.412952946084358190e-12,0.000000000000000000e+00,0.000000000000000000e+00,0.000000000000000000e+00,0.000000000000000000e+00,0.000000000000000000e+00,0.000000000000000000e+00,0.000000000000000000e+00,6.859823608398437500e+02,6.859823608398437500e+02,6.859823608398437500e+02,6.859823608398437500e+02,9.099999999545854052e+02
7.599999999999999811e-02,4.069785090237873596e-05,1.416791222365465852e-05,-4.258477060393193766e-12,-5.231669459992491895e-07,-1.821284335023291146e-07,1.544758856911644242e-13,8.924498558044433594e-01,5.126188278198242188e+00,-4.841153144836425781e+00,-4.069785090237873596e-05,-1.416791222365465852e-05,4.258477060393193766e-12,0.000000000000000000e+00,0.000000000000000000e+00,0.000000000000000000e+00,0.000000000000000000e+00,0.000000000000000000e+00,0.000000000000000000e+00,0.000000000000000000e+00,6.893214111328125000e+02,6.893214111328125000e+02,6.893214111328125000e+02,6.893214111328125000e+02,9.099999999527283308e+02
7.699999999999999900e-02,4.006663669718451664e-05,1.394816999071170706e-05,-4.079900902240546853e-12,-6.312142051942193138e-07,-2.197422329429514655e-07,1.785761581526469126e-13,8.924498558044433594e-01,5.126187324523925781e+00,-4.841153621673583984e+00,-4.006663669718451664e-05,-1.394816999071170706e-05,4.079900902240546853e-12,0.000000000000000000e+00,0.000000000000000000e+00,0.000000000000000000e+00,0.000000000000000000e+00,0.000000000000000000e+00,0.000000000000000000e+00,0.000000000000000000e+00,6.925817260742187500e+02,6.925817260742187500e+02,6.925817260742187500e+02,6.925817260742187500e+02,9.099999999509284407e+02
7.799999999999999989e-02,3.932921537451185393e-05,1.369145393681893506e-05,-3.878806759838557949e-12,-7.374213226726627178e-07,-2.567160538927719995e-07,2.010941424019889047e-13,8.924498558044433594e-01,5.126187801361083984e+00,-4.841153621673583984e+00,-3.932921537451185393e-05,-1.369145393681893506e-05,3.878806759838557949e-12,0.000000000000000000e+00,0.000000000000000000e+00,0.000000000000000000e+00,0.000000000000000000e+00,0.000000000000000000e+00,0.000000000000000000e+00,0.000000000000000000e+00,6.957651977539062500e+02,6.957651977539062500e+02,6.957651977539062500e+02,6.957651977539062500e+02,9.099999999491942617e+02
7.900000000000000078e-02,3.848809799500397220e-05,1.339863935062467128e-05,-3.657083721974811610e-12,-8.411173795078817216e-07,-2.928145861942637760e-07,2.217230378637463381e-13,8.924498558044433594e-01,5.126187801361083984e+00,-4.841152191162109375e+00,-3.848809799500397220e-05,-1.339863935062467128e-05,3.657083721974811610e-12,0.000000000000000000e+00,0.000000000000000000e+00,0.000000000000000000e+00,0.000000000000000000e+00,0.000000000000000000e+00,0.000000000000000000e+00,0.000000000000000000e+00,6.988736572265625000e+02,6.988736572265625000e+02,6.988736572265625000e+02,6.988736572265625000e+02,9.099999999475334107e+02
8.000000000000000167e-02,3.754648933644680634e-05,1.307084090204480275e-05,-3.416902447199169992e-12,-9.416086585571658597e-07,-3.277984485798685304e-07,2.401812747756416188e-13,8.924498558044433594e-01,5.126187324523925781e+00,-4.841152191162109375e+00,-3.754648933644680634e-05,-1.307084090204480275e-05,3.416902447199169992e-12,0.000000000000000000e+00,0.000000000000000000e+00,0.000000000000000000e+00,0.000000000000000000e+00,0.000000000000000000e+00,0.000000000000000000e+00,0.000000000000000000e+00,7.019088134765625000e+02,7.019088134765625000e+02,7.019088134765625000e+02,7.019088134765625000e+02,9.099999999459528226e+02
8.100000000000000255e-02,3.650826183866499094e-05,1.270940694270877156e-05,-3.160675917815041232e-12,-1.038227497781815407e-06,-3.614339593360311944e-07,2.562265293841287596e-13,8.924497365951538086e-01,5.126186370849609375e+00,-4.841152191162109375e+00,-3.650826183866499094e-05,-1.270940694270877156e-05,3.160675917815041232e-12,0.000000000000000000e+00,0.000000000000000000e+00,0.000000000000000000e+00,0.000000000000000000e+00,0.000000000000000000e+00,0.000000000000000000e+00,0.000000000000000000e+00,7.048724365234375000e+02,7.048724365234375000e+02,7.048724365234375000e+02,7.048724365234375000e+02,9.099999999444584091e+02
8.200000000000000344e-02,3.537795234663394366e-05,1.231591869173757537e-05,-2.891019536243888748e-12,-1.130309492031047276e-06,-3.934882509711961881e-07,2.696563815711524843e-13,8.924496173858642578e-01,5.126186370849609375e+00,-4.841152191162109375e+00,-3.537795234663394366e-05,-1.231591869173757537e-05,2.891019536243888748e-12,0.000000000000000000e+00,0.000000000000000000e+00,0.000000000000000000e+00,0.000000000000000000e+00,0.000000000000000000e+00,0.000000000000000000e+00,0.000000000000000000e+00,7.077662353515625000e+02,7.077662353515625000e+02,7.077662353515625000e+02,7.077662353515625000e+02,9.099999999430551725e+02
8.300000000000000433e-02,3.416075885359179279e-05,1.189218372196778339e-05,-2.610705866585598046e-12,-1.217193493042150875e-06,-4.237349697697919819e-07,2.803136696582907017e-13,8.924496173858642578e-01,5.126185894012451172e+00,-4.841152191162109375e+00,-3.416075885359179279e-05,-1.189218372196778339e-05,2.610705866585598046e-12,0.000000000000000000e+00,0.000000000000000000e+00,0.000000000000000000e+00,0.000000000000000000e+00,0.000000000000000000e+00,0.000000000000000000e+00,0.000000000000000000e+00,7.105917358398437500e+02,7.105917358398437500e+02,7.105917358398437500e+02,7.105917358398437500e+02,9.099999999417467507e+02
8.400000000000000522e-02,3.286250793215948573e-05,1.144023026039754670e-05,-2.322613653826984650e-12,-1.298250921432307062e-06,-4.519534615702366904e-07,2.880922127586133961e-13,8.924496173858642578e-01,5.126185894012451172e+00,-4.841152191162109375e+00,-3.286250793215948573e-05,-1.144023026039754670e-05,2.322613653826984650e-12,0.000000000000000000e+00,0.000000000000000000e+00,0.000000000000000000e+00,0.000000000000000000e+00,0.000000000000000000e+00,0.000000000000000000e+00,0.000000000000000000e+00,7.133507080078125000e+02,7.133507080078125000e+02,7.133507080078125000e+02,7.133507080078125000e+02,9.099999999405358722e+02
8.500000000000000611e-02,3.148962867923682572e-05,1.096229904596661524e-05,-2.029674506427067290e-12,-1.372879252922660001e-06,-4.779312144309314549e-07,2.929391473999173603e-13,8.924496173858642578e-01,5.126185894012451172e+00,-4.841152191162109375e+00,-3.148962867923682572e-05,-1.096229904596661524e-05,2.029674506427067290e-12,0.000000000000000000e+00,0.000000000000000000e+00,0.000000000000000000e+00,0.000000000000000000e+00,0.000000000000000000e+00,0.000000000000000000e+00,0.000000000000000000e+00,7.160446166992187500e+02,7.160446166992187500e+02,7.160446166992187500e+02,7.160446166992187500e+02,9.099999999394241286e+02
8.599999999999999312e-02,3.004913968845050376e-05,1.046082948778235668e-05,-1.734819480732051021e-12,-1.440488990786321959e-06,-5.014695581842585590e-07,2.948550256950162686e-13,8.924496173858642578e-01,5.126185894012451172e+00,-4.841152191162109375e+00,-3.004913968845050376e-05,-1.046082948778235668e-05,1.734819480732051021e-12,0.000000000000000000e+00,0.000000000000000000e+00,0.000000000000000000e+00,0.000000000000000000e+00,0.000000000000000000e+00,0.000000000000000000e+00,0.000000000000000000e+00,7.186750488281250000e+02,7.186750488281250000e+02,7.186750488281250000e+02,7.186750488281250000e+02,9.099999999384117473e+02
8.699999999999999400e-02,2.854858716928218487e-05,9.938453151343779122e-06,-1.440922084825384470e-12,-1.500552519168318899e-06,-5.223763364385775596e-07,2.938973959066665509e-13,8.924493789672851562e-01,5.126184940338134766e+00,-4.841151714324951172e+00,-2.854858716928218487e-05,-9.938453151343779122e-06,1.440922084825384470e-12,0.000000000000000000e+00,0.000000000000000000e+00,0.000000000000000000e+00,0.000000000000000000e+00,0.000000000000000000e+00,0.000000000000000000e+00,0.000000000000000000e+00,7.212434692382812500e+02,7.212434692382812500e+02,7.212434692382812500e+02,7.212434692382812500e+02,9.099999999374979325e+02
8.799999999999999489e-02,2.699604006173656875e-05,9.397975031435554729e-06,-1.150746788426237392e-12,-1.552547107545616117e-06,-5.404781199082243931e-07,2.901752963991470787e-13,8.924493789672851562e-01,5.126184940338134766e+00,-4.841151237487792969e+00,-2.699604006173656875e-05,-9.397975031435554729e-06,1.150746788426237392e-12,0.000000000000000000e+00,0.000000000000000000e+00,0.000000000000000000e+00,0.000000000000000000e+00,0.000000000000000000e+00,0.000000000000000000e+00,0.000000000000000000e+00,7.237513427734375000e+02,7.237513427734375000e+02,7.237513427734375000e+02,7.237513427734375000e+02,9.099999999366808652e+02
8.899999999999999578e-02,2.540001187102949992e-05,8.842361338798057898e-06,-8.668940585341088845e-13,-1.596028190707068830e-06,-5.556136926374968311e-07,2.838527298921285071e-13,8.924492597579956055e-01,5.126184463500976562e+00,-4.841150283813476562e+00,-2.540001187102949992e-05,-8.842361338798057898e-06,8.668940585341088845e-13,0.000000000000000000e+00,0.000000000000000000e+00,0.000000000000000000e+00,0.000000000000000000e+00,0.000000000000000000e+00,0.000000000000000000e+00,0.000000000000000000e+00,7.262001342773437500e+02,7.262001342773437500e+02,7.262001342773437500e+02,7.262001342773437500e+02,9.099999999359574758e+02
8.999999999999999667e-02,2.376943786937201926e-05,8.274720773021387179e-06,-5.917539813889851786e-13,-1.630574001657480662e-06,-5.676405657766707186e-07,2.751400771451237059e-13,8.924492597579956055e-01,5.126184463500976562e+00,-4.841150283813476562e+00,-2.376943786937201926e-05,-8.274720773021387179e-06,5.917539813889851786e-13,0.000000000000000000e+00,0.000000000000000000e+00,0.000000000000000000e+00,0.000000000000000000e+00,0.000000000000000000e+00,0.000000000000000000e+00,0.000000000000000000e+00,7.285911254882812500e+02,7.285911254882812500e+02,7.285911254882812500e+02,7.285911254882812500e+02,9.099999999353240128e+02
9.099999999999999756e-02,2.211360670132250184e-05,7.698288238105402612e-06,-3.274621694445368598e-13,-1.655831168049517414e-06,-5.764325349159845669e-07,2.642918119444483188e-13,8.924492597579956055e-01,5.126184463500976562e+00,-4.841150283813476562e+00,-2.211360670132250184e-05,-7.698288238105402612e-06,3.274621694445368598e-13,0.000000000000000000e+00,0.000000000000000000e+00,0.000000000000000000e+00,0.000000000000000000e+00,0.000000000000000000e+00,0.000000000000000000e+00,0.000000000000000000e+00,7.309258422851562500e+02,7.309258422851562500e+02,7.309258422851562500e+02,7.309258422851562500e+02,9.099999999347758148e+02
9.199999999999999845e-02,2.044211478735473303e-05,7.116404486909763921e-06,-7.586228344771221696e-14,-1.671491913967768810e-06,-5.818837511956386914e-07,2.515998859968246555e-13,8.924492597579956055e-01,5.126183986663818359e+00,-4.841150760650634766e+00,-2.044211478735473303e-05,-7.116404486909763921e-06,7.586228344771221696e-14,0.000000000000000000e+00,0.000000000000000000e+00,0.000000000000000000e+00,0.000000000000000000e+00,0.000000000000000000e+00,0.000000000000000000e+00,0.000000000000000000e+00,7.332055053710937500e+02,7.332055053710937500e+02,7.332055053710937500e+02,7.332055053710937500e+02,9.099999999343073114e+02
9.299999999999999933e-02,1.876480281454202966e-05,6.532494137159972274e-06,1.615248245129350737e-13,-1.677311972812703373e-06,-5.839103497497916468e-07,2.373871079606472781e-13,8.924492597579956055e-01,5.126183986663818359e+00,-4.841150760650634766e+00,-1.876480281454202966e-05,-6.532494137159972274e-06,-1.615248245129350737e-13,0.000000000000000000e+00,0.000000000000000000e+00,0.000000000000000000e+00,0.000000000000000000e+00,0.000000000000000000e+00,0.000000000000000000e+00,0.000000000000000000e+00,7.354313964843750000e+02,7.354313964843750000e+02,7.354313964843750000e+02,7.354313964843750000e+02,9.099999999339124770e+02
9.400000000000000022e-02,1.709169222724137480e-05,5.950046130119404583e-06,3.835233690446309819e-13,-1.673110587300654864e-06,-5.824480070405676910e-07,2.219985445316959082e-13,8.924492597579956055e-01,5.126183986663818359e+00,-4.841150760650634766e+00,-1.709169222724137480e-05,-5.950046130119404583e-06,-3.835233690446309819e-13,0.000000000000000000e+00,0.000000000000000000e+00,0.000000000000000000e+00,0.000000000000000000e+00,0.000000000000000000e+00,0.000000000000000000e+00,0.000000000000000000e+00,7.376048583984375000e+02,7.376048583984375000e+02,7.376048583984375000e+02,7.376048583984375000e+02,9.099999999335849452e+02
9.500000000000000111e-02,1.543292171777752540e-05,5.372590118151362213e-06,5.893164041999375646e-13,-1.658770509463849393e-06,-5.774560119680423700e-07,2.057930351553065827e-13,8.924491405487060547e-01,5.126183986663818359e+00,-4.841150760650634766e+00,-1.543292171777752540e-05,-5.372590118151362213e-06,-5.893164041999375646e-13,0.000000000000000000e+00,0.000000000000000000e+00,0.000000000000000000e+00,0.000000000000000000e+00,0.000000000000000000e+00,0.000000000000000000e+00,0.000000000000000000e+00,7.397270507812500000e+02,7.397270507812500000e+02,7.397270507812500000e+02,7.397270507812500000e+02,9.099999999333178948e+02
9.600000000000000200e-02,1.379867883179514169e-05,4.803673259392112664e-06,7.784509132416205333e-13,-1.634242885982383715e-06,-5.689168587592495488e-07,1.891345090416829686e-13,8.924490213394165039e-01,5.126183509826660156e+00,-4.841149330139160156e+00,-1.379867883179514169e-05,-4.803673259392112664e-06,-7.784509132416205333e-13,0.000000000000000000e+00,0.000000000000000000e+00,0.000000000000000000e+00,0.000000000000000000e+00,0.000000000000000000e+00,0.000000000000000000e+00,0.000000000000000000e+00,7.417992553710937500e+02,7.417992553710937500e+02,7.417992553710937500e+02,7.417992553710937500e+02,9.099999999331043909e+02
9.700000000000000289e-02,1.219913808738691407e-05,4.246835791090938795e-06,9.508329603661793577e-13,-1.599540744408227622e-06,-5.568374683011738691e-07,1.723820471245588245e-13,8.924490213394165039e-01,5.126183509826660156e+00,-4.841149330139160156e+00,-1.219913808738691407e-05,-4.246835791090938795e-06,-9.508329603661793577e-13,0.000000000000000000e+00,0.000000000000000000e+00,0.000000000000000000e+00,0.000000000000000000e+00,0.000000000000000000e+00,0.000000000000000000e+00,0.000000000000000000e+00,7.438225708007812500e+02,7.438225708007812500e+02,7.438225708007812500e+02,7.438225708007812500e+02,9.099999999329376124e+02
9.800000000000000377e-02,1.064437873867170629e-05,3.705587824283175845e-06,1.106714555620157541e-12,-1.554759348715207778e-06,-5.412479668077629508e-07,1.558815952539781836e-13,8.924489021301269531e-01,5.126183032989501953e+00,-4.841148853302001953e+00,-1.064437873867170629e-05,-3.705587824283175845e-06,-1.106714555620157541e-12,0.000000000000000000e+00,0.000000000000000000e+00,0.000000000000000000e+00,0.000000000000000000e+00,0.000000000000000000e+00,0.000000000000000000e+00,0.000000000000000000e+00,7.457982177734375000e+02,7.457982177734375000e+02,7.457982177734375000e+02,7.457982177734375000e+02,9.099999999328105105e+02
9.900000000000000466e-02,9.144326151810683746e-06,3.183383899352768494e-06,1.246670232651141479e-12,-1.500052586861022543e-06,-5.222039249304073508e-07,1.399556770309839380e-13,8.924487829208374023e-01,5.126183032989501953e+00,-4.841148853302001953e+00,-9.144326151810683746e-06,-3.183383899352768494e-06,-1.246670232651141479e-12,0.000000000000000000e+00,0.000000000000000000e+00,0.000000000000000000e+00,0.000000000000000000e+00,0.000000000000000000e+00,0.000000000000000000e+00,0.000000000000000000e+00,7.477272949218750000e+02,7.477272949218750000e+02,7.477272949218750000e+02,7.477272949218750000e+02,9.099999999327168325e+02
1.000000000000000056e-01,7.708675268139437775e-06,2.683599170038810814e-06,1.371566197302163164e-12,-1.435650883671245971e-06,-4.997847293139576799e-07,1.248959646510216843e-13,8.924487829208374023e-01,5.126183032989501953e+00,-4.841149330139160156e+00,-7.708675268139437775e-06,-2.683599170038810814e-06,-1.371566197302163164e-12,0.000000000000000000e+00,0.000000000000000000e+00,0.000000000000000000e+00,0.000000000000000000e+00,0.000000000000000000e+00,0.000000000000000000e+00,0.000000000000000000e+00,7.496109008789062500e+02,7.496109008789062500e+02,7.496109008789062500e+02,7.496109008789062500e+02,9.099999999326502120e+02
1.010000000000000064e-01,6.346821395298137548e-06,2.209504366109095449e-06,1.482521277542942789e-12,-1.361853872841300227e-06,-4.740948039297153649e-07,1.109550802407796253e-13,8.924487829208374023e-01,5.126183032989501953e+00,-4.841148853302001953e+00,-6.346821395298137548e-06,-2.209504366109095449e-06,-1.482521277542942789e-12,0.000000000000000000e+00,0.000000000000000000e+00,0.000000000000000000e+00,0.000000000000000000e+00,0.000000000000000000e+00,0.000000000000000000e+00,0.000000000000000000e+00,7.514501342773437500e+02,7.514501342773437500e+02,7.514501342773437500e+02,7.514501342773437500e+02,9.099999999326049647e+02
1.019999999999999934e-01,5.067791405472649520e-06,1.764242180922158093e-06,1.580860765857928011e-12,-1.279029989825488028e-06,-4.452621851869373555e-07,9.833948831498522183e-14,8.924486637115478516e-01,5.126182556152343750e+00,-4.841148853302001953e+00,-5.067791405472649520e-06,-1.764242180922158093e-06,-1.580860765857928011e-12,0.000000000000000000e+00,0.000000000000000000e+00,0.000000000000000000e+00,0.000000000000000000e+00,0.000000000000000000e+00,0.000000000000000000e+00,0.000000000000000000e+00,7.532459716796875000e+02,7.532459716796875000e+02,7.532459716796875000e+02,7.532459716796875000e+02,9.099999999325762019e+02
1.029999999999999943e-01,3.880176154968664581e-06,1.350803353656072373e-06,1.668065866149547131e-12,-1.187615250503984939e-06,-4.134388272660857207e-07,8.720510029161911977e-14,8.924484252929687500e-01,5.126182079315185547e+00,-4.841147899627685547e+00,-3.880176154968664581e-06,-1.350803353656072373e-06,-1.668065866149547131e-12,0.000000000000000000e+00,0.000000000000000000e+00,0.000000000000000000e+00,0.000000000000000000e+00,0.000000000000000000e+00,0.000000000000000000e+00,0.000000000000000000e+00,7.549995117187500000e+02,7.549995117187500000e+02,7.549995117187500000e+02,7.549995117187500000e+02,9.099999999325593762e+02
1.039999999999999952e-01,2.792065550007329897e-06,9.720039728702435334e-07,1.745717727419154382e-12,-1.088110604961334685e-06,-3.787993807858288394e-07,7.765186126960725154e-14,8.924484252929687500e-01,5.126181602478027344e+00,-4.841147422790527344e+00,-2.792065550007329897e-06,-9.720039728702435334e-07,-1.745717727419154382e-12,0.000000000000000000e+00,0.000000000000000000e+00,0.000000000000000000e+00,0.000000000000000000e+00,0.000000000000000000e+00,0.000000000000000000e+00,0.000000000000000000e+00,7.567117309570312500e+02,7.567117309570312500e+02,7.567117309570312500e+02,7.567117309570312500e+02,9.099999999325506224e+02
1.049999999999999961e-01,1.810984426742861390e-06,6.304640014001996719e-07,1.815440143478744808e-12,-9.810811232644685066e-07,-3.415399714700438615e-07,6.972241605959042556e-14,8.924484252929687500e-01,5.126181602478027344e+00,-4.841147899627685547e+00,-1.810984426742861390e-06,-6.304640014001996719e-07,-1.815440143478744808e-12,0.000000000000000000e+00,0.000000000000000000e+00,0.000000000000000000e+00,0.000000000000000000e+00,0.000000000000000000e+00,0.000000000000000000e+00,0.000000000000000000e+00,7.583835449218750000e+02,7.583835449218750000e+02,7.583835449218750000e+02,7.583835449218750000e+02,9.099999999325468707e+02
1.059999999999999970e-01,9.438333166121612062e-07,3.285857249190689235e-07,1.878840372892575145e-12,-8.671511101307001839e-07,-3.018782764811307484e-07,6.340022941383033747e-14,8.924483060836791992e-01,5.126181602478027344e+00,-4.841147422790527344e+00,-9.438333166121612062e-07,-3.285857249190689235e-07,-1.878840372892575145e-12,0.000000000000000000e+00,0.000000000000000000e+00,0.000000000000000000e+00,0.000000000000000000e+00,0.000000000000000000e+00,0.000000000000000000e+00,0.000000000000000000e+00,7.600159912109375000e+02,7.600159912109375000e+02,7.600159912109375000e+02,7.600159912109375000e+02,9.099999999325459612e+02
1.069999999999999979e-01,1.968324304057676096e-07,6.853463044283536859e-08,1.937451381645998762e-12,-7.470008862063935966e-07,-2.600510944762335814e-07,5.861100875342361732e-14,8.924484252929687500e-01,5.126181602478027344e+00,-4.841147422790527344e+00,-1.968324304057676096e-07,-6.853463044283536859e-08,-1.937451381645998762e-12,0.000000000000000000e+00,0.000000000000000000e+00,0.000000000000000000e+00,0.000000000000000000e+00,0.000000000000000000e+00,0.000000000000000000e+00,0.000000000000000000e+00,7.616099243164062500e+02,7.616099243164062500e+02,7.616099243164062500e+02,7.616099243164062500e+02,9.099999999325458475e+02
1.079999999999999988e-01,-4.245309481065781868e-07,-1.477788882201890535e-07,1.992676281258913619e-12,-6.213633785123457964e-07,-2.163135186630244221e-07,5.522489961291485699e-14,8.924484252929687500e-01,5.126181125640869141e+00,-4.841147422790527344e+00,4.245309481065781868e-07,1.477788882201890535e-07,-1.992676281258913619e-12,0.000000000000000000e+00,0.000000000000000000e+00,0.000000000000000000e+00,0.000000000000000000e+00,0.000000000000000000e+00,0.000000000000000000e+00,0.000000000000000000e+00,7.631663208007812500e+02,7.631663208007812500e+02,7.631663208007812500e+02,7.631663208007812500e+02,9.099999999325456201e+02
1.089999999999999997e-01,-9.155496870518413731e-07,-3.187160566314892917e-07,2.045736988137030453e-12,-4.910187389452631863e-07,-1.709371684113002381e-07,5.306070687811683332e-14,8.924483060836791992e-01,5.126181125640869141e+00,-4.841147422790527344e+00,9.155496870518413731e-07,3.187160566314892917e-07,-2.045736988137030453e-12,0.000000000000000000e+00,0.000000000000000000e+00,0.000000000000000000e+00,0.000000000000000000e+00,0.000000000000000000e+00,0.000000000000000000e+00,0.000000000000000000e+00,7.646859741210937500e+02,7.646859741210937500e+02,7.646859741210937500e+02,7.646859741210937500e+02,9.099999999325447106e+02
1.100000000000000006e-01,-1.272339731219674925e-06,-4.429246047182565928e-07,2.097628687372920611e-12,-3.567900441678335514e-07,-1.242085480867673011e-07,5.189169923589015817e-14,8.924483060836791992e-01,5.126181125640869141e+00,-4.841146945953369141e+00,1.272339731219674925e-06,4.429246047182565928e-07,-2.097628687372920611e-12,0.000000000000000000e+00,0.000000000000000000e+00,0.000000000000000000e+00,0.000000000000000000e+00,0.000000000000000000e+00,0.000000000000000000e+00,0.000000000000000000e+00,7.661698608398437500e+02,7.661698608398437500e+02,7.661698608398437500e+02,7.661698608398437500e+02,9.099999999325428917e+02
1.110000000000000014e-01,-1.491876678441256688e-06,-5.193517052698327142e-07,2.149082116066804391e-12,-2.195369472215817630e-07,-7.642710055157612137e-08,5.145342869388378057e-14,8.924484252929687500e-01,5.126181125640869141e+00,-4.841147422790527344e+00,1.491876678441256688e-06,5.193517052698327142e-07,-2.149082116066804391e-12,0.000000000000000000e+00,0.000000000000000000e+00,0.000000000000000000e+00,0.000000000000000000e+00,0.000000000000000000e+00,0.000000000000000000e+00,0.000000000000000000e+00,7.676187744140625000e+02,7.676187744140625000e+02,7.676187744140625000e+02,7.676187744140625000e+02,9.099999999325403905e+02
1.120000000000000023e-01,-1.572028081302634128e-06,-5.472547878236268138e-07,2.200532375800764019e-12,-8.015140286137744024e-08,-2.790308255379409959e-08,5.145025973395962737e-14,8.924484252929687500e-01,5.126181602478027344e+00,-4.841147899627685547e+00,1.572028081302634128e-06,5.472547878236268138e-07,-2.200532375800764019e-12,0.000000000000000000e+00,0.000000000000000000e+00,0.000000000000000000e+00,0.000000000000000000e+00,0.000000000000000000e+00,0.000000000000000000e+00,0.000000000000000000e+00,7.690335083007812500e+02,7.690335083007812500e+02,7.690335083007812500e+02,7.690335083007812500e+02,9.099999999325376621e+02
1.130000000000000032e-01,-1.511577899249114761e-06,-5.262106096070666974e-07,2.252100323451910736e-12,6.045018205351936693e-08,2.104417821656011642e-08,5.156794765114671675e-14,8.924484252929687500e-01,5.126181125640869141e+00,-4.841147422790527344e+00,1.511577899249114761e-06,5.262106096070666974e-07,-2.252100323451910736e-12,0.000000000000000000e+00,0.000000000000000000e+00,0.000000000000000000e+00,0.000000000000000000e+00,0.000000000000000000e+00,0.000000000000000000e+00,0.000000000000000000e+00,7.704149169921875000e+02,7.704149169921875000e+02,7.704149169921875000e+02,7.704149169921875000e+02,9.099999999325350473e+02
1.140000000000000041e-01,-1.310246447024229588e-06,-4.561217184247124535e-07,2.303581818064071589e-12,2.013314522248851728e-07,7.008889118235424390e-08,5.148149461216085355e-14,8.924485445022583008e-01,5.126181125640869141e+00,-4.841147899627685547e+00,1.310246447024229588e-06,4.561217184247124535e-07,-2.303581818064071589e-12,0.000000000000000000e+00,0.000000000000000000e+00,0.000000000000000000e+00,0.000000000000000000e+00,0.000000000000000000e+00,0.000000000000000000e+00,0.000000000000000000e+00,7.717637329101562500e+02,7.717637329101562500e+02,7.717637329101562500e+02,7.717637329101562500e+02,9.099999999325331146e+02
1.150000000000000050e-01,-9.687020991109602865e-07,-3.372209563236842425e-07,2.354448341511353996e-12,3.415443479132693015e-07,1.189007621010282110e-07,5.086652344728240715e-14,8.924485445022583008e-01,5.126181125640869141e+00,-4.841147899627685547e+00,9.687020991109602865e-07,3.372209563236842425e-07,-2.354448341511353996e-12,0.000000000000000000e+00,0.000000000000000000e+00,0.000000000000000000e+00,0.000000000000000000e+00,0.000000000000000000e+00,0.000000000000000000e+00,0.000000000000000000e+00,7.730807495117187500e+02,7.730807495117187500e+02,7.730807495117187500e+02,7.730807495117187500e+02,9.099999999325320914e+02
1.160000000000000059e-01,-4.885677017299771349e-07,-1.700732152598475027e-07,2.403860414042213683e-12,4.801343973809831516e-07,1.671477410638367397e-07,4.941207253085968662e-14,8.924485445022583008e-01,5.126181602478027344e+00,-4.841147899627685547e+00,4.885677017299771349e-07,1.700732152598475027e-07,-2.403860414042213683e-12,0.000000000000000000e+00,0.000000000000000000e+00,0.000000000000000000e+00,0.000000000000000000e+00,0.000000000000000000e+00,0.000000000000000000e+00,0.000000000000000000e+00,7.743667602539062500e+02,7.743667602539062500e+02,7.743667602539062500e+02,7.743667602539062500e+02,9.099999999325318640e+02
1.170000000000000068e-01,1.275812591598582212e-07,4.442472192992191345e-08,2.450689055920728390e-12,6.161489608898353826e-07,2.144979371897694228e-07,4.682864187851470673e-14,8.924485445022583008e-01,5.126181602478027344e+00,-4.841147899627685547e+00,-1.275812591598582212e-07,-4.442472192992191345e-08,-2.450689055920728390e-12,0.000000000000000000e+00,0.000000000000000000e+00,0.000000000000000000e+00,0.000000000000000000e+00,0.000000000000000000e+00,0.000000000000000000e+00,0.000000000000000000e+00,7.756224365234375000e+02,7.756224365234375000e+02,7.756224365234375000e+02,7.756224365234375000e+02,9.099999999325318640e+02
1.179999999999999938e-01,8.762240876372277530e-07,3.050471521658097043e-07,2.493549894499820395e-12,7.486428284773695053e-07,2.606224302358878107e-07,4.286083857909200569e-14,8.924485445022583008e-01,5.126181602478027344e+00,-4.841147422790527344e+00,-8.762240876372277530e-07,-3.050471521658097043e-07,-2.493549894499820395e-12,0.000000000000000000e+00,0.000000000000000000e+00,0.000000000000000000e+00,0.000000000000000000e+00,0.000000000000000000e+00,0.000000000000000000e+00,0.000000000000000000e+00,7.768485107421875000e+02,7.768485107421875000e+02,7.768485107421875000e+02,7.768485107421875000e+02,9.099999999325309545e+02
1.189999999999999947e-01,1.752910449814078156e-06,6.102446809569596920e-07,2.530845815015538911e-12,8.766863621768504034e-07,3.051975287911499876e-07,3.729592051571851611e-14,8.924484252929687500e-01,5.126181602478027344e+00,-4.841147899627685547e+00,-1.752910449814078156e-06,-6.102446809569596920e-07,-2.530845815015538911e-12,0.000000000000000000e+00,0.000000000000000000e+00,0.000000000000000000e+00,0.000000000000000000e+00,0.000000000000000000e+00,0.000000000000000000e+00,0.000000000000000000e+00,7.780457153320312500e+02,7.780457153320312500e+02,7.780457153320312500e+02,7.780457153320312500e+02,9.099999999325275439e+02
1.199999999999999956e-01,2.752281848940830100e-06,9.581518175660530740e-07,2.560819349825104631e-12,9.993713991267519432e-07,3.479071366090933821e-07,2.997353480956571952e-14,8.924486637115478516e-01,5.126181602478027344e+00,-4.841148376464843750e+00,-2.752281848940830100e-06,-9.581518175660530740e-07,-2.560819349825104631e-12,0.000000000000000000e+00,0.000000000000000000e+00,0.000000000000000000e+00,0.000000000000000000e+00,0.000000000000000000e+00,0.000000000000000000e+00,0.000000000000000000e+00,7.792146606445312500e+02,7.792146606445312500e+02,7.792146606445312500e+02,7.792146606445312500e+02,9.099999999325190174e+02
1.209999999999999964e-01,3.868101649842570586e-06,1.346597184589836161e-06,2.581610428842763851e-12,1.115819800901740487e-06,3.884453670237830868e-07,2.079107901765921972e-14,8.924486637115478516e-01,5.126181602478027344e+00,-4.841148376464843750e+00,-3.868101649842570586e-06,-1.346597184589836161e-06,-2.581610428842763851e-12,0.000000000000000000e+00,0.000000000000000000e+00,0.000000000000000000e+00,0.000000000000000000e+00,0.000000000000000000e+00,0.000000000000000000e+00,0.000000000000000000e+00,7.803560791015625000e+02,7.803560791015625000e+02,7.803560791015625000e+02,7.803560791015625000e+02,9.099999999325021918e+02
1.219999999999999973e-01,5.093289174465241228e-06,1.773115775816862227e-06,2.591323043204420111e-12,1.225187524622670641e-06,4.265185912270260664e-07,9.712614361656260674e-15,8.924486637115478516e-01,5.126181602478027344e+00,-4.841148853302001953e+00,-5.093289174465241228e-06,-1.773115775816862227e-06,-2.591323043204420111e-12,0.000000000000000000e+00,0.000000000000000000e+00,0.000000000000000000e+00,0.000000000000000000e+00,0.000000000000000000e+00,0.000000000000000000e+00,0.000000000000000000e+00,7.814705810546875000e+02,7.814705810546875000e+02,7.814705810546875000e+02,7.814705810546875000e+02,9.099999999324732016e+02
1.229999999999999982e-01,6.419963364530297712e-06,2.234963866667838248e-06,2.588091817979528688e-12,1.326674190065056484e-06,4.618480908509760210e-07,-3.231225224891423079e-15,8.924487829208374023e-01,5.126181602478027344e+00,-4.841148376464843750e+00,-6.419963364530297712e-06,-2.234963866667838248e-06,-2.588091817979528688e-12,0.000000000000000000e+00,0.000000000000000000e+00,0.000000000000000000e+00,0.000000000000000000e+00,0.000000000000000000e+00,0.000000000000000000e+00,0.000000000000000000e+00,7.825587768554687500e+02,7.825587768554687500e+02,7.825587768554687500e+02,7.825587768554687500e+02,9.099999999324269311e+02
1.239999999999999991e-01,7.839489802855132414e-06,2.729135756635469901e-06,2.570153428877795920e-12,1.419526438324834702e-06,4.941718899676316526e-07,-1.793838910173276784e-14,8.924489021301269531e-01,5.126182556152343750e+00,-4.841148853302001953e+00,-7.839489802855132414e-06,-2.729135756635469901e-06,-2.570153428877795920e-12,0.000000000000000000e+00,0.000000000000000000e+00,0.000000000000000000e+00,0.000000000000000000e+00,0.000000000000000000e+00,0.000000000000000000e+00,0.000000000000000000e+00,7.836213989257812500e+02,7.836213989257812500e+02,7.836213989257812500e+02,7.836213989257812500e+02,9.099999999323580369e+02
1.250000000000000000e-01,9.342536284004459448e-06,3.252382292834923036e-06,2.535916680280198047e-12,1.503046481149327034e-06,5.232465361994531356e-07,-3.423674859759787386e-14,8.924489021301269531e-01,5.126182079315185547e+00,-4.841148853302001953e+00,-9.342536284004459448e-06,-3.252382292834923036e-06,-2.535916680280198047e-12,0.000000000000000000e+00,0.000000000000000000e+00,0.000000000000000000e+00,0.000000000000000000e+00,0.000000000000000000e+00,0.000000000000000000e+00,0.000000000000000000e+00,7.846589355468750000e+02,7.846589355468750000e+02,7.846589355468750000e+02,7.846589355468750000e+02,9.099999999322601525e+02
1.260000000000000009e-01,1.091913306671820059e-05,3.801232853997785097e-06,2.484031161641540543e-12,1.576596782713741139e-06,5.488505611628620602e-07,-5.188551863865750321e-14,8.924490213394165039e-01,5.126182556152343750e+00,-4.841148853302001953e+00,-1.091913306671820059e-05,-3.801232853997785097e-06,-2.484031161641540543e-12,0.000000000000000000e+00,0.000000000000000000e+00,0.000000000000000000e+00,0.000000000000000000e+00,0.000000000000000000e+00,0.000000000000000000e+00,0.000000000000000000e+00,7.856719970703125000e+02,7.856719970703125000e+02,7.856719970703125000e+02,7.856719970703125000e+02,9.099999999321264568e+02
1.270000000000000018e-01,1.255873679033837312e-05,4.372017130910521363e-06,2.413450145101784234e-12,1.639603723620172533e-06,5.707842769127362669e-07,-7.058101653975630891e-14,8.924490213394165039e-01,5.126183032989501953e+00,-4.841149330139160156e+00,-1.255873679033837312e-05,-4.372017130910521363e-06,-2.413450145101784234e-12,0.000000000000000000e+00,0.000000000000000000e+00,0.000000000000000000e+00,0.000000000000000000e+00,0.000000000000000000e+00,0.000000000000000000e+00,0.000000000000000000e+00,7.866611938476562500e+02,7.866611938476562500e+02,7.866611938476562500e+02,7.866611938476562500e+02,9.099999999319496737e+02
1.280000000000000027e-01,1.425030171923393838e-05,4.960890163740928740e-06,2.323488233882631362e-12,1.691564928895565259e-06,5.888730328304073766e-07,-8.996191121915287292e-14,8.924490213394165039e-01,5.126183032989501953e+00,-4.841149330139160156e+00,-1.425030171923393838e-05,-4.960890163740928740e-06,-2.323488233882631362e-12,0.000000000000000000e+00,0.000000000000000000e+00,0.000000000000000000e+00,0.000000000000000000e+00,0.000000000000000000e+00,0.000000000000000000e+00,0.000000000000000000e+00,7.876270751953125000e+02,7.876270751953125000e+02,7.876270751953125000e+02,7.876270751953125000e+02,9.099999999317219590e+02
1.290000000000000036e-01,1.598235546544667963e-05,5.563857786475590546e-06,2.213870951856505789e-12,1.732053746212741256e-06,6.029676227346618061e-07,-1.096172820261255722e-13,8.924490213394165039e-01,5.126183032989501953e+00,-4.841149330139160156e+00,-1.598235546544667963e-05,-5.563857786475590546e-06,-2.213870951856505789e-12,0.000000000000000000e+00,0.000000000000000000e+00,0.000000000000000000e+00,0.000000000000000000e+00,0.000000000000000000e+00,0.000000000000000000e+00,0.000000000000000000e+00,7.885701904296875000e+02,7.885701904296875000e+02,7.885701904296875000e+02,7.885701904296875000e+02,9.099999999314355819e+02
1.300000000000000044e-01,1.774307471133703426e-05,6.176804106912315636e-06,2.084774049336081866e-12,1.760719245890354626e-06,6.129463204367250899e-07,-1.290969025204239238e-13,8.924490213394165039e-01,5.126183986663818359e+00,-4.841149806976318359e+00,-1.774307471133703426e-05,-6.176804106912315636e-06,-2.084774049336081866e-12,0.000000000000000000e+00,0.000000000000000000e+00,0.000000000000000000e+00,0.000000000000000000e+00,0.000000000000000000e+00,0.000000000000000000e+00,0.000000000000000000e+00,7.894910888671875000e+02,7.894910888671875000e+02,7.894910888671875000e+02,7.894910888671875000e+02,9.099999999310825842e+02
1.310000000000000053e-01,1.952036826022796195e-05,6.795520411541093138e-06,1.936850975343903095e-12,1.777293548890927685e-06,6.187163046287775018e-07,-1.479230739921787702e-13,8.924491405487060547e-01,5.126183986663818359e+00,-4.841150283813476562e+00,-1.952036826022796195e-05,-6.795520411541093138e-06,-1.936850975343903095e-12,0.000000000000000000e+00,0.000000000000000000e+00,0.000000000000000000e+00,0.000000000000000000e+00,0.000000000000000000e+00,0.000000000000000000e+00,0.000000000000000000e+00,7.903902587890625000e+02,7.903902587890625000e+02,7.903902587890625000e+02,7.903902587890625000e+02,9.099999999306553491e+02
1.320000000000000062e-01,2.130196090127074802e-05,7.415733663314033050e-06,1.771249472293914018e-12,1.781592641042786075e-06,6.202132517729399118e-07,-1.656015030499890775e-13,8.924491405487060547e-01,5.126183986663818359e+00,-4.841150760650634766e+00,-2.130196090127074802e-05,-7.415733663314033050e-06,-1.771249472293914018e-12,0.000000000000000000e+00,0.000000000000000000e+00,0.000000000000000000e+00,0.000000000000000000e+00,0.000000000000000000e+00,0.000000000000000000e+00,0.000000000000000000e+00,7.912682495117187500e+02,7.912682495117187500e+02,7.912682495117187500e+02,7.912682495117187500e+02,9.099999999301466005e+02
1.330000000000000071e-01,2.307548134542088047e-05,8.033136220748308609e-06,1.589613021490093188e-12,1.773520444150132445e-06,6.174025574342755597e-07,-1.816364508038208301e-13,8.924491405487060547e-01,5.126184463500976562e+00,-4.841150760650634766e+00,-2.307548134542088047e-05,-8.033136220748308609e-06,-1.589613021490093188e-12,0.000000000000000000e+00,0.000000000000000000e+00,0.000000000000000000e+00,0.000000000000000000e+00,0.000000000000000000e+00,0.000000000000000000e+00,0.000000000000000000e+00,7.921254882812500000e+02,7.921254882812500000e+02,7.921254882812500000e+02,7.921254882812500000e+02,9.099999999295496309e+02
1.340000000000000080e-01,2.482854853296986356e-05,8.643418406806102804e-06,1.394070529082147467e-12,1.753067187548983097e-06,6.102821860577941943e-07,-1.955424924079457210e-13,8.924491405487060547e-01,5.126184463500976562e+00,-4.841150760650634766e+00,-2.482854853296986356e-05,-8.643418406806102804e-06,-1.394070529082147467e-12,0.000000000000000000e+00,0.000000000000000000e+00,0.000000000000000000e+00,0.000000000000000000e+00,0.000000000000000000e+00,0.000000000000000000e+00,0.000000000000000000e+00,7.929625854492187500e+02,7.929625854492187500e+02,7.929625854492187500e+02,7.929625854492187500e+02,9.099999999288584149e+02
1.350000000000000089e-01,2.654885631263304612e-05,9.242297413775538544e-06,1.187210158804145956e-12,1.720307779663182561e-06,5.988790069694357402e-07,-2.068603702780015104e-13,8.924492597579956055e-01,5.126184463500976562e+00,-4.841150760650634766e+00,-2.654885631263304612e-05,-9.242297413775538544e-06,-1.187210158804145956e-12,0.000000000000000000e+00,0.000000000000000000e+00,0.000000000000000000e+00,0.000000000000000000e+00,0.000000000000000000e+00,0.000000000000000000e+00,0.000000000000000000e+00,7.937799072265625000e+02,7.937799072265625000e+02,7.937799072265625000e+02,7.937799072265625000e+02,9.099999999280681777e+02
1.360000000000000098e-01,2.822427277663345068e-05,9.825549057928639239e-06,9.720416050472851291e-13,1.675416464000404552e-06,5.832516441531006952e-07,-2.151685537568608272e-13,8.924492597579956055e-01,5.126184940338134766e+00,-4.841150760650634766e+00,-2.822427277663345068e-05,-9.825549057928639239e-06,-9.720416050472851291e-13,0.000000000000000000e+00,0.000000000000000000e+00,0.000000000000000000e+00,0.000000000000000000e+00,0.000000000000000000e+00,0.000000000000000000e+00,0.000000000000000000e+00,7.945780029296875000e+02,7.945780029296875000e+02,7.945780029296875000e+02,7.945780029296875000e+02,9.099999999271750539e+02
1.370000000000000107e-01,2.984291679756963391e-05,1.038903709151325109e-05,7.519465324968605300e-13,1.618644020936183236e-06,5.634880335846118536e-07,-2.200950725504245991e-13,8.924493789672851562e-01,5.126186370849609375e+00,-4.841152191162109375e+00,-2.984291679756963391e-05,-1.038903709151325109e-05,-7.519465324968605300e-13,0.000000000000000000e+00,0.000000000000000000e+00,0.000000000000000000e+00,0.000000000000000000e+00,0.000000000000000000e+00,0.000000000000000000e+00,0.000000000000000000e+00,7.953572998046875000e+02,7.953572998046875000e+02,7.953572998046875000e+02,7.953572998046875000e+02,9.099999999261765424e+02
1.380000000000000115e-01,3.139325084972348270e-05,1.092874495741099436e-05,5.306131623194702606e-13,1.550334052153848785e-06,5.397078658977432658e-07,-2.213333701773902694e-13,8.924493789672851562e-01,5.126186370849609375e+00,-4.841152667999267578e+00,-3.139325084972348270e-05,-1.092874495741099436e-05,-5.306131623194702606e-13,0.000000000000000000e+00,0.000000000000000000e+00,0.000000000000000000e+00,0.000000000000000000e+00,0.000000000000000000e+00,0.000000000000000000e+00,0.000000000000000000e+00,7.961181640625000000e+02,7.961181640625000000e+02,7.961181640625000000e+02,7.961181640625000000e+02,9.099999999250715064e+02
1.390000000000000124e-01,3.286416568814807957e-05,1.144080591535121054e-05,3.119655432466797671e-13,1.470914838424596872e-06,5.120609579402161780e-07,-2.186476190727904935e-13,8.924494981765747070e-01,5.126186370849609375e+00,-4.841151714324951172e+00,-3.286416568814807957e-05,-1.144080591535121054e-05,-3.119655432466797671e-13,0.000000000000000000e+00,0.000000000000000000e+00,0.000000000000000000e+00,0.000000000000000000e+00,0.000000000000000000e+00,0.000000000000000000e+00,0.000000000000000000e+00,7.968611450195312500e+02,7.968611450195312500e+02,7.968611450195312500e+02,7.968611450195312500e+02,9.099999999238606279e+02
1.400000000000000133e-01,3.424506014242352725e-05,1.192153072545890094e-05,1.000824843923443972e-13,1.380894454275447686e-06,4.807248101076904030e-07,-2.118830588543353699e-13,8.924494981765747070e-01,5.126186847686767578e+00,-4.841152191162109375e+00,-3.424506014242352725e-05,-1.192153072545890094e-05,-1.000824843923443972e-13,0.000000000000000000e+00,0.000000000000000000e+00,0.000000000000000000e+00,0.000000000000000000e+00,0.000000000000000000e+00,0.000000000000000000e+00,0.000000000000000000e+00,7.975866088867187500e+02,7.975866088867187500e+02,7.975866088867187500e+02,7.975866088867187500e+02,9.099999999225457259e+02
1.409999999999999865e-01,3.552592905263282907e-05,1.236743288913668035e-05,-1.008910755305058052e-13,1.280868910209301812e-06,4.459021636777794065e-07,-2.009735599228502023e-13,8.924494981765747070e-01,5.126186847686767578e+00,-4.841152667999267578e+00,-3.552592905263282907e-05,-1.236743288913668035e-05,1.008910755305058052e-13,0.000000000000000000e+00,0.000000000000000000e+00,0.000000000000000000e+00,0.000000000000000000e+00,0.000000000000000000e+00,0.000000000000000000e+00,0.000000000000000000e+00,7.982949829101562500e+02,7.982949829101562500e+02,7.982949829101562500e+02,7.982949829101562500e+02,9.099999999211306658e+02
1.419999999999999873e-01,3.669742515023370096e-05,1.277526121794471927e-05,-2.868344105004479075e-13,1.171496097600871890e-06,4.078283288080389280e-07,-1.859433349699421023e-13,8.924496173858642578e-01,5.126187324523925781e+00,-4.841153144836425781e+00,-3.669742515023370096e-05,-1.277526121794471927e-05,2.868344105004479075e-13,0.000000000000000000e+00,0.000000000000000000e+00,0.000000000000000000e+00,0.000000000000000000e+00,0.000000000000000000e+00,0.000000000000000000e+00,0.000000000000000000e+00,7.989866333007812500e+02,7.989866333007812500e+02,7.989866333007812500e+02,7.989866333007812500e+02,9.099999999196207909e+02
1.429999999999999882e-01,3.775094048025848649e-05,1.314201774648470901e-05,-4.537448440894815699e-13,1.053515330024785534e-06,3.667565285399897391e-07,-1.669104335890336625e-13,8.924497365951538086e-01,5.126186847686767578e+00,-4.841153621673583984e+00,-3.775094048025848649e-05,-1.314201774648470901e-05,4.537448440894815699e-13,0.000000000000000000e+00,0.000000000000000000e+00,0.000000000000000000e+00,0.000000000000000000e+00,0.000000000000000000e+00,0.000000000000000000e+00,0.000000000000000000e+00,7.996619873046875000e+02,7.996619873046875000e+02,7.996619873046875000e+02,7.996619873046875000e+02,9.099999999180229224e+02
1.439999999999999891e-01,3.867867153907397364e-05,1.346498460172580240e-05,-5.978301412890707019e-13,9.277310588154871469e-07,3.229668552410933828e-07,-1.440852971995891319e-13,8.924497365951538086e-01,5.126187324523925781e+00,-4.841153144836425781e+00,-3.867867153907397364e-05,-1.346498460172580240e-05,5.978301412890707019e-13,0.000000000000000000e+00,0.000000000000000000e+00,0.000000000000000000e+00,0.000000000000000000e+00,0.000000000000000000e+00,0.000000000000000000e+00,0.000000000000000000e+00,8.003214111328125000e+02,8.003214111328125000e+02,8.003214111328125000e+02,8.003214111328125000e+02,9.099999999163455868e+02
1.449999999999999900e-01,3.947366812770135731e-05,1.374174517277658695e-05,-7.155960902892307743e-13,7.949965886273836681e-07,2.767605710507845532e-07,-1.177659490001600725e-13,8.924497365951538086e-01,5.126187801361083984e+00,-4.841154098510742188e+00,-3.947366812770135731e-05,-1.374174517277658695e-05,7.155960902892307743e-13,0.000000000000000000e+00,0.000000000000000000e+00,0.000000000000000000e+00,0.000000000000000000e+00,0.000000000000000000e+00,0.000000000000000000e+00,0.000000000000000000e+00,8.009652709960937500e+02,8.009652709960937500e+02,8.009652709960937500e+02,8.009652709960937500e+02,9.099999999145985612e+02
1.459999999999999909e-01,4.012991477401603912e-05,1.397020120954705044e-05,-8.039347949158311312e-13,6.562466463146818187e-07,2.284560367704634875e-07,-8.833870462660035684e-14,8.924498558044433594e-01,5.126188278198242188e+00,-4.841153621673583984e+00,-4.012991477401603912e-05,-1.397020120954705044e-05,8.039347949158311312e-13,0.000000000000000000e+00,0.000000000000000000e+00,0.000000000000000000e+00,0.000000000000000000e+00,0.000000000000000000e+00,0.000000000000000000e+00,0.000000000000000000e+00,8.015939941406250000e+02,8.015939941406250000e+02,8.015939941406250000e+02,8.015939941406250000e+02,9.099999999127929868e+02
1.469999999999999918e-01,4.064234701718763754e-05,1.414859399252051674e-05,-8.601947582650348047e-13,5.124322431715984199e-07,1.783927829734663042e-07,-5.625996334920367350e-14,8.924498558044433594e-01,5.126188755035400391e+00,-4.841154098510742188e+00,-4.064234701718763754e-05,-1.414859399252051674e-05,8.601947582650348047e-13,0.000000000000000000e+00,0.000000000000000000e+00,0.000000000000000000e+00,0.000000000000000000e+00,0.000000000000000000e+00,0.000000000000000000e+00,0.000000000000000000e+00,8.022078857421875000e+02,8.022078857421875000e+02,8.022078857421875000e+02,8.022078857421875000e+02,9.099999999109410282e+02
1.479999999999999927e-01,4.100691654543981818e-05,1.427551166075168192e-05,-8.822498238673879969e-13,3.645695282521806309e-07,1.269176682311651765e-07,-2.205506560235319226e-14,8.924499750137329102e-01,5.126188755035400391e+00,-4.841153621673583984e+00,-4.100691654543981818e-05,-1.427551166075168192e-05,8.822498238673879969e-13,0.000000000000000000e+00,0.000000000000000000e+00,0.000000000000000000e+00,0.000000000000000000e+00,0.000000000000000000e+00,0.000000000000000000e+00,0.000000000000000000e+00,8.028073120117187500e+02,8.028073120117187500e+02,8.028073120117187500e+02,8.028073120117187500e+02,9.099999999090556457e+02
1.489999999999999936e-01,4.122061725115429775e-05,1.434990549630651757e-05,-8.685500354426169240e-13,2.137007057144795744e-07,7.439383555483565220e-08,1.369978842477107295e-14,8.924498558044433594e-01,5.126188278198242188e+00,-4.841153621673583984e+00,-4.122061725115429775e-05,-1.434990549630651757e-05,8.685500354426169240e-13,0.000000000000000000e+00,0.000000000000000000e+00,0.000000000000000000e+00,0.000000000000000000e+00,0.000000000000000000e+00,0.000000000000000000e+00,0.000000000000000000e+00,8.033925781250000000e+02,8.033925781250000000e+02,8.033925781250000000e+02,8.033925781250000000e+02,9.099999999071505954e+02
1.499999999999999944e-01,4.128150477219875053e-05,1.437110295181431688e-05,-8.181652149157399828e-13,6.088752104445278391e-08,2.119745550779930643e-08,5.038482052687694114e-14,8.924498558044433594e-01,5.126188755035400391e+00,-4.841154098510742188e+00,-4.128150477219875053e-05,-1.437110295181431688e-05,8.181652149157399828e-13,0.000000000000000000e+00,0.000000000000000000e+00,0.000000000000000000e+00,0.000000000000000000e+00,0.000000000000000000e+00,0.000000000000000000e+00,0.000000000000000000e+00,8.039641113281250000e+02,8.039641113281250000e+02,8.039641113281250000e+02,8.039641113281250000e+02,9.099999999052399744e+02
1.509999999999999953e-01,4.118872906080678787e-05,1.433880602202362954e-05,-7.308066239881136155e-13,-9.277571139196266357e-08,-3.229692979068733141e-08,8.735859092762636729e-14,8.924498558044433594e-01,5.126188278198242188e+00,-4.841153621673583984e+00,-4.118872906080678787e-05,-1.433880602202362954e-05,7.308066239881136155e-13,0.000000000000000000e+00,0.000000000000000000e+00,0.000000000000000000e+00,0.000000000000000000e+00,0.000000000000000000e+00,0.000000000000000000e+00,0.000000000000000000e+00,8.045221557617187500e+02,8.045221557617187500e+02,8.045221557617187500e+02,8.045221557617187500e+02,9.099999999033377662e+02
1.519999999999999962e-01,4.094254089735394731e-05,1.425310101446629972e-05,-6.068396336636607797e-13,-2.461881634528405587e-07,-8.570500755732982318e-08,1.239669903244528358e-13,8.924498558044433594e-01,5.126188755035400391e+00,-4.841154098510742188e+00,-4.094254089735394731e-05,-1.425310101446629972e-05,6.068396336636607797e-13,0.000000000000000000e+00,0.000000000000000000e+00,0.000000000000000000e+00,0.000000000000000000e+00,0.000000000000000000e+00,0.000000000000000000e+00,0.000000000000000000e+00,8.050670166015625000e+02,8.050670166015625000e+02,8.050670166015625000e+02,8.050670166015625000e+02,9.099999999014584091e+02
1.529999999999999971e-01,4.054428863346966078e-05,1.411445854945743719e-05,-4.472759569655172648e-13,-3.982522638842865277e-07,-1.386424650088625298e-07,1.595636766981435149e-13,8.924498558044433594e-01,5.126188278198242188e+00,-4.841153621673583984e+00,-4.054428863346966078e-05,-1.411445854945743719e-05,4.472759569655172648e-13,0.000000000000000000e+00,0.000000000000000000e+00,0.000000000000000000e+00,0.000000000000000000e+00,0.000000000000000000e+00,0.000000000000000000e+00,0.000000000000000000e+00,8.055990600585937500e+02,8.055990600585937500e+02,8.055990600585937500e+02,8.055990600585937500e+02,9.099999998996153181e+02
1.539999999999999980e-01,3.999642144892529997e-05,1.392373193165141840e-05,-2.537519827050563246e-13,-5.478671845443608087e-07,-1.907266178060187896e-07,1.935239742604609402e-13,8.924498558044433594e-01,5.126187801361083984e+00,-4.841153144836425781e+00,-3.999642144892529997e-05,-1.392373193165141840e-05,2.537519827050563246e-13,0.000000000000000000e+00,0.000000000000000000e+00,0.000000000000000000e+00,0.000000000000000000e+00,0.000000000000000000e+00,0.000000000000000000e+00,0.000000000000000000e+00,8.061185302734375000e+02,8.061185302734375000e+02,8.061185302734375000e+02,8.061185302734375000e+02,9.099999998978216809e+02
1.549999999999999989e-01,3.930247306719413913e-05,1.368214900782191190e-05,-2.849262643342582958e-14,-6.939483817311608454e-07,-2.415829238295064975e-07,2.252593562716304887e-13,8.924497365951538086e-01,5.126187324523925781e+00,-4.841153144836425781e+00,-3.930247306719413913e-05,-1.368214900782191190e-05,2.849262643342582958e-14,0.000000000000000000e+00,0.000000000000000000e+00,0.000000000000000000e+00,0.000000000000000000e+00,0.000000000000000000e+00,0.000000000000000000e+00,0.000000000000000000e+00,8.066257324218750000e+02,8.066257324218750000e+02,8.066257324218750000e+02,8.066257324218750000e+02,9.099999998960898893e+02
1.559999999999999998e-01,3.846703244345949543e-05,1.339131053841788107e-05,2.257426072005500221e-13,-8.354406237346436977e-07,-2.908384694040308321e-07,2.542352336339758328e-13,8.924498558044433594e-01,5.126187801361083984e+00,-4.841153144836425781e+00,-3.846703244345949543e-05,-1.339131053841788107e-05,-2.257426072005500221e-13,0.000000000000000000e+00,0.000000000000000000e+00,0.000000000000000000e+00,0.000000000000000000e+00,0.000000000000000000e+00,0.000000000000000000e+00,0.000000000000000000e+00,8.071210327148437500e+02,8.071210327148437500e+02,8.071210327148437500e+02,8.071210327148437500e+02,9.099999998944308572e+02
1.570000000000000007e-01,3.749573399395067416e-05,1.305317717001160584e-05,5.057211860307607951e-13,-9.712984495088212750e-07,-3.381333684062752363e-07,2.799785788302107730e-13,8.924498558044433594e-01,5.126187324523925781e+00,-4.841152191162109375e+00,-3.749573399395067416e-05,-1.305317717001160584e-05,-5.057211860307607951e-13,0.000000000000000000e+00,0.000000000000000000e+00,0.000000000000000000e+00,0.000000000000000000e+00,0.000000000000000000e+00,0.000000000000000000e+00,0.000000000000000000e+00,8.076046752929687500e+02,8.076046752929687500e+02,8.076046752929687500e+02,8.076046752929687500e+02,9.099999998928544755e+02
1.580000000000000016e-01,3.639520548573510304e-05,1.267005396508071103e-05,8.078156854663316513e-13,-1.100528508215571112e-06,-3.831232049308948019e-07,3.020944994355708562e-13,8.924496173858642578e-01,5.126186847686767578e+00,-4.841152191162109375e+00,-3.639520548573510304e-05,-1.267005396508071103e-05,-8.078156854663316513e-13,0.000000000000000000e+00,0.000000000000000000e+00,0.000000000000000000e+00,0.000000000000000000e+00,0.000000000000000000e+00,0.000000000000000000e+00,0.000000000000000000e+00,8.080768432617187500e+02,8.080768432617187500e+02,8.080768432617187500e+02,8.080768432617187500e+02,9.099999998913693844e+02
1.590000000000000024e-01,3.517302244028641515e-05,1.224458144556618390e-05,1.128087988633658443e-12,-1.222183045448687895e-06,-4.254725195145271362e-07,3.202723031673267917e-13,8.924496173858642578e-01,5.126186370849609375e+00,-4.841151714324951172e+00,-3.517302244028641515e-05,-1.224458144556618390e-05,-1.128087988633658443e-12,0.000000000000000000e+00,0.000000000000000000e+00,0.000000000000000000e+00,0.000000000000000000e+00,0.000000000000000000e+00,0.000000000000000000e+00,0.000000000000000000e+00,8.085379638671875000e+02,8.085379638671875000e+02,8.085379638671875000e+02,8.085379638671875000e+02,9.099999998899822913e+02
1.600000000000000033e-01,3.383766579394050932e-05,1.177971116621242666e-05,1.462382593778091382e-12,-1.335356646345905833e-06,-4.648702793537572348e-07,3.342946051444329394e-13,8.924496173858642578e-01,5.126185894012451172e+00,-4.841152667999267578e+00,-3.383766579394050932e-05,-1.177971116621242666e-05,-1.462382593778091382e-12,0.000000000000000000e+00,0.000000000000000000e+00,0.000000000000000000e+00,0.000000000000000000e+00,0.000000000000000000e+00,0.000000000000000000e+00,0.000000000000000000e+00,8.089881591796875000e+02,8.089881591796875000e+02,8.089881591796875000e+02,8.089881591796875000e+02,9.099999998886985395e+02
1.610000000000000042e-01,3.239846001702371780e-05,1.127868780168327799e-05,1.806421331768099459e-12,-1.439205776916791522e-06,-5.010233645291486780e-07,3.440387379900080769e-13,8.924496173858642578e-01,5.126185417175292969e+00,-4.841152191162109375e+00,-3.239846001702371780e-05,-1.127868780168327799e-05,-1.806421331768099459e-12,0.000000000000000000e+00,0.000000000000000000e+00,0.000000000000000000e+00,0.000000000000000000e+00,0.000000000000000000e+00,0.000000000000000000e+00,0.000000000000000000e+00,8.094277954101562500e+02,8.094277954101562500e+02,8.094277954101562500e+02,8.094277954101562500e+02,9.099999998875216534e+02
1.620000000000000051e-01,3.086550471920486275e-05,1.074502879101206808e-05,2.155904075679077379e-12,-1.532955297818855043e-06,-5.336590106712099088e-07,3.494827439109779197e-13,8.924496173858642578e-01,5.126185894012451172e+00,-4.841151714324951172e+00,-3.086550471920486275e-05,-1.074502879101206808e-05,-2.155904075679077379e-12,0.000000000000000000e+00,0.000000000000000000e+00,0.000000000000000000e+00,0.000000000000000000e+00,0.000000000000000000e+00,0.000000000000000000e+00,0.000000000000000000e+00,8.098569946289062500e+02,8.098569946289062500e+02,8.098569946289062500e+02,8.098569946289062500e+02,9.099999998864535655e+02
1.630000000000000060e-01,2.924959974107146595e-05,1.018249421138765288e-05,2.506606691625352941e-12,-1.615904978133396799e-06,-5.625345796244152013e-07,3.507026159462755619e-13,8.924494981765747070e-01,5.126185894012451172e+00,-4.841151714324951172e+00,-2.924959974107146595e-05,-1.018249421138765288e-05,-2.506606691625352941e-12,0.000000000000000000e+00,0.000000000000000000e+00,0.000000000000000000e+00,0.000000000000000000e+00,0.000000000000000000e+00,0.000000000000000000e+00,0.000000000000000000e+00,8.102761230468750000e+02,8.102761230468750000e+02,8.102761230468750000e+02,8.102761230468750000e+02,9.099999998854942760e+02
1.640000000000000069e-01,2.756218978703380048e-05,9.595066422604484429e-06,2.854471922513864598e-12,-1.687409954037665476e-06,-5.874277887831684460e-07,3.478652308885116566e-13,8.924493789672851562e-01,5.126185417175292969e+00,-4.841151237487792969e+00,-2.756218978703380048e-05,-9.595066422604484429e-06,-2.854471922513864598e-12,0.000000000000000000e+00,0.000000000000000000e+00,0.000000000000000000e+00,0.000000000000000000e+00,0.000000000000000000e+00,0.000000000000000000e+00,0.000000000000000000e+00,8.106853637695312500e+02,8.106853637695312500e+02,8.106853637695312500e+02,8.106853637695312500e+02,9.099999998846425342e+02
1.650000000000000078e-01,2.581524880580113952e-05,8.986916683960635252e-06,3.195703177946235204e-12,-1.746940981232660955e-06,-6.081497386438491773e-07,3.412312554323706065e-13,8.924493789672851562e-01,5.126185417175292969e+00,-4.841151714324951172e+00,-2.581524880580113952e-05,-8.986916683960635252e-06,-3.195703177946235204e-12,0.000000000000000000e+00,0.000000000000000000e+00,0.000000000000000000e+00,0.000000000000000000e+00,0.000000000000000000e+00,0.000000000000000000e+00,0.000000000000000000e+00,8.110849609375000000e+02,8.110849609375000000e+02,8.110849609375000000e+02,8.110849609375000000e+02,9.099999998838953843e+02
1.660000000000000087e-01,2.402122788017386706e-05,8.362376656487897537e-06,3.526839564394057502e-12,-1.794020925627272460e-06,-6.245400274727377151e-07,3.311363864478222980e-13,8.924492597579956055e-01,5.126184463500976562e+00,-4.841150760650634766e+00,-2.402122788017386706e-05,-8.362376656487897537e-06,-3.526839564394057502e-12,0.000000000000000000e+00,0.000000000000000000e+00,0.000000000000000000e+00,0.000000000000000000e+00,0.000000000000000000e+00,0.000000000000000000e+00,0.000000000000000000e+00,8.114751586914062500e+02,8.114751586914062500e+02,8.114751586914062500e+02,8.114751586914062500e+02,9.099999998832483925e+02
1.670000000000000095e-01,2.219293960751965889e-05,7.725908276737791916e-06,3.844827549032237140e-12,-1.828288272654208173e-06,-6.364683797501056209e-07,3.179879846381796377e-13,8.924492597579956055e-01,5.126184463500976562e+00,-4.841150760650634766e+00,-2.219293960751965889e-05,-7.725908276737791916e-06,-3.844827549032237140e-12,0.000000000000000000e+00,0.000000000000000000e+00,0.000000000000000000e+00,0.000000000000000000e+00,0.000000000000000000e+00,0.000000000000000000e+00,0.000000000000000000e+00,8.118561401367187500e+02,8.118561401367187500e+02,8.118561401367187500e+02,8.118561401367187500e+02,9.099999998826962155e+02
1.680000000000000104e-01,2.034348319134965841e-05,7.082070373679675672e-06,4.147077267267568320e-12,-1.849456416170000480e-06,-6.438379030581162441e-07,3.022497182353311801e-13,8.924492597579956055e-01,5.126183986663818359e+00,-4.841150283813476562e+00,-2.034348319134965841e-05,-7.082070373679675672e-06,-4.147077267267568320e-12,0.000000000000000000e+00,0.000000000000000000e+00,0.000000000000000000e+00,0.000000000000000000e+00,0.000000000000000000e+00,0.000000000000000000e+00,0.000000000000000000e+00,8.122280883789062500e+02,8.122280883789062500e+02,8.122280883789062500e+02,8.122280883789062500e+02,9.099999998822321459e+02
1.690000000000000113e-01,1.848613696401465935e-05,6.435486099820767429e-06,4.431506787218871410e-12,-1.857346227334999059e-06,-6.465842738589082424e-07,2.844295199513030901e-13,8.924491405487060547e-01,5.126183986663818359e+00,-4.841149806976318359e+00,-1.848613696401465935e-05,-6.435486099820767429e-06,-4.431506787218871410e-12,0.000000000000000000e+00,0.000000000000000000e+00,0.000000000000000000e+00,0.000000000000000000e+00,0.000000000000000000e+00,0.000000000000000000e+00,0.000000000000000000e+00,8.125913696289062500e+02,8.125913696289062500e+02,8.125913696289062500e+02,8.125913696289062500e+02,9.099999998818490212e+02
1.700000000000000122e-01,1.663426882228529415e-05,5.790809140993239530e-06,4.696566812737488711e-12,-1.851868141729365200e-06,-6.446769588275278988e-07,2.650600255186173012e-13,8.924491405487060547e-01,5.126183986663818359e+00,-4.841149330139160156e+00,-1.663426882228529415e-05,-5.790809140993239530e-06,-4.696566812737488711e-12,0.000000000000000000e+00,0.000000000000000000e+00,0.000000000000000000e+00,0.000000000000000000e+00,0.000000000000000000e+00,0.000000000000000000e+00,0.000000000000000000e+00,8.129459838867187500e+02,8.129459838867187500e+02,8.129459838867187500e+02,8.129459838867187500e+02,9.099999998815387698e+02
1.710000000000000131e-01,1.480123363538020682e-05,5.152687890586268488e-06,4.941257421452597995e-12,-1.833035186905087330e-06,-6.381212504069710422e-07,2.446906087151092839e-13,8.924491405487060547e-01,5.126183986663818359e+00,-4.841149806976318359e+00,-1.480123363538020682e-05,-5.152687890586268488e-06,-4.941257421452597995e-12,0.000000000000000000e+00,0.000000000000000000e+00,0.000000000000000000e+00,0.000000000000000000e+00,0.000000000000000000e+00,0.000000000000000000e+00,0.000000000000000000e+00,8.132922973632812500e+02,8.132922973632812500e+02,8.132922973632812500e+02,8.132922973632812500e+02,9.099999998812932063e+02
1.719999999999999862e-01,1.300027960943625236e-05,4.525734101999103804e-06,5.165121174176466151e-12,-1.800954025943954460e-06,-6.269537885871646839e-07,2.238637527238681555e-13,8.924490213394165039e-01,5.126183032989501953e+00,-4.841148853302001953e+00,-1.300027960943625236e-05,-4.525734101999103804e-06,-5.165121174176466151e-12,0.000000000000000000e+00,0.000000000000000000e+00,0.000000000000000000e+00,0.000000000000000000e+00,0.000000000000000000e+00,0.000000000000000000e+00,0.000000000000000000e+00,8.136304931640625000e+02,8.136304931640625000e+02,8.136304931640625000e+02,8.136304931640625000e+02,9.099999998811036903e+02
1.729999999999999871e-01,1.124444406709268758e-05,3.914487469984127485e-06,5.368225743859389995e-12,-1.755835542343564776e-06,-6.112466320149763193e-07,2.031045696829238448e-13,8.924490213394165039e-01,5.126183032989501953e+00,-4.841148853302001953e+00,-1.124444406709268758e-05,-3.914487469984127485e-06,-5.368225743859389995e-12,0.000000000000000000e+00,0.000000000000000000e+00,0.000000000000000000e+00,0.000000000000000000e+00,0.000000000000000000e+00,0.000000000000000000e+00,0.000000000000000000e+00,8.139606323242187500e+02,8.139606323242187500e+02,8.139606323242187500e+02,8.139606323242187500e+02,9.099999998809619228e+02
1.739999999999999880e-01,9.546465511515329691e-06,3.323381229767429012e-06,5.551129732953982815e-12,-1.697978555577357894e-06,-5.911062402166984734e-07,1.829039890945928192e-13,8.924489021301269531e-01,5.126183032989501953e+00,-4.841148853302001953e+00,-9.546465511515329691e-06,-3.323381229767429012e-06,-5.551129732953982815e-12,0.000000000000000000e+00,0.000000000000000000e+00,0.000000000000000000e+00,0.000000000000000000e+00,0.000000000000000000e+00,0.000000000000000000e+00,0.000000000000000000e+00,8.142830200195312500e+02,8.142830200195312500e+02,8.142830200195312500e+02,8.142830200195312500e+02,9.099999998808597184e+02
1.749999999999999889e-01,7.918681034424756223e-06,2.756710605946353957e-06,5.714836127830765230e-12,-1.627784477090573467e-06,-5.666706238210750549e-07,1.637063948767824158e-13,8.924489021301269531e-01,5.126183032989501953e+00,-4.841148853302001953e+00,-7.918681034424756223e-06,-2.756710605946353957e-06,-5.714836127830765230e-12,0.000000000000000000e+00,0.000000000000000000e+00,0.000000000000000000e+00,0.000000000000000000e+00,0.000000000000000000e+00,0.000000000000000000e+00,0.000000000000000000e+00,8.145978393554687500e+02,8.145978393554687500e+02,8.145978393554687500e+02,8.145978393554687500e+02,9.099999998807894599e+02
1.759999999999999898e-01,6.372939601453482360e-06,2.218600650720575431e-06,5.860731614283023284e-12,-1.545741432971273863e-06,-5.381099552257785259e-07,1.458954864522580532e-13,8.924489021301269531e-01,5.126183032989501953e+00,-4.841148376464843750e+00,-6.372939601453482360e-06,-2.218600650720575431e-06,-5.860731614283023284e-12,0.000000000000000000e+00,0.000000000000000000e+00,0.000000000000000000e+00,0.000000000000000000e+00,0.000000000000000000e+00,0.000000000000000000e+00,0.000000000000000000e+00,8.149052124023437500e+02,8.149052124023437500e+02,8.149052124023437500e+02,8.149052124023437500e+02,9.099999998807438715e+02
1.769999999999999907e-01,4.920511266393111107e-06,1.712974489234148121e-06,5.990517894385003696e-12,-1.452428335060371253e-06,-5.056261614864273104e-07,1.297862801019804124e-13,8.924486637115478516e-01,5.126183032989501953e+00,-4.841148376464843750e+00,-4.920511266393111107e-06,-1.712974489234148121e-06,-5.990517894385003696e-12,0.000000000000000000e+00,0.000000000000000000e+00,0.000000000000000000e+00,0.000000000000000000e+00,0.000000000000000000e+00,0.000000000000000000e+00,0.000000000000000000e+00,8.152053222656250000e+02,8.152053222656250000e+02,8.152053222656250000e+02,8.152053222656250000e+02,9.099999998807168140e+02
1.779999999999999916e-01,3.572002084995511681e-06,1.243524821805563457e-06,6.106134214167799237e-12,-1.348509181397599426e-06,-4.694496674285846635e-07,1.156163197827955405e-13,8.924484252929687500e-01,5.126181602478027344e+00,-4.841147422790527344e+00,-3.572002084995511681e-06,-1.243524821805563457e-06,-6.106134214167799237e-12,0.000000000000000000e+00,0.000000000000000000e+00,0.000000000000000000e+00,0.000000000000000000e+00,0.000000000000000000e+00,0.000000000000000000e+00,0.000000000000000000e+00,8.154983520507812500e+02,8.154983520507812500e+02,8.154983520507812500e+02,8.154983520507812500e+02,9.099999998807024895e+02
1.789999999999999925e-01,2.337277578104957366e-06,8.136856806021801555e-07,6.209674821103455959e-12,-1.234724506890554316e-06,-4.298391412033833015e-07,1.035406069356567222e-13,8.924484252929687500e-01,5.126181602478027344e+00,-4.841147422790527344e+00,-2.337277578104957366e-06,-8.136856806021801555e-07,-6.209674821103455959e-12,0.000000000000000000e+00,0.000000000000000000e+00,0.000000000000000000e+00,0.000000000000000000e+00,0.000000000000000000e+00,0.000000000000000000e+00,0.000000000000000000e+00,8.157845458984375000e+02,8.157845458984375000e+02,8.157845458984375000e+02,8.157845458984375000e+02,9.099999998806963504e+02
1.799999999999999933e-01,1.225384464568527586e-06,4.266068325361457853e-07,6.303301495578422831e-12,-1.111893113536429779e-06,-3.870788480660343702e-07,9.362667447496687188e-14,8.924484252929687500e-01,5.126181602478027344e+00,-4.841147422790527344e+00,-1.225384464568527586e-06,-4.266068325361457853e-07,-6.303301495578422831e-12,0.000000000000000000e+00,0.000000000000000000e+00,0.000000000000000000e+00,0.000000000000000000e+00,0.000000000000000000e+00,0.000000000000000000e+00,0.000000000000000000e+00,8.160639038085937500e+02,8.160639038085937500e+02,8.160639038085937500e+02,8.160639038085937500e+02,9.099999998806946451e+02
1.809999999999999942e-01,2.444841240321679891e-07,8.512954343772462268e-08,6.389160206857958089e-12,-9.809003405363596501e-07,-3.414772890984211758e-07,8.585871127953525815e-14,8.924483060836791992e-01,5.126181602478027344e+00,-4.841147422790527344e+00,-2.444841240321679891e-07,-8.512954343772462268e-08,-6.389160206857958089e-12,0.000000000000000000e+00,0.000000000000000000e+00,0.000000000000000000e+00,0.000000000000000000e+00,0.000000000000000000e+00,0.000000000000000000e+00,0.000000000000000000e+00,8.163367309570312500e+02,8.163367309570312500e+02,8.163367309570312500e+02,8.163367309570312500e+02,9.099999998806945314e+02
1.819999999999999951e-01,-5.982101235976248675e-07,-2.082348970499113983e-07,6.469296406087635569e-12,-8.426942476297929096e-07,-2.933644404876360078e-07,8.013619922967747991e-14,8.924484252929687500e-01,5.126181602478027344e+00,-4.841147422790527344e+00,5.982101235976248675e-07,2.082348970499113983e-07,-6.469296406087635569e-12,0.000000000000000000e+00,0.000000000000000000e+00,0.000000000000000000e+00,0.000000000000000000e+00,0.000000000000000000e+00,0.000000000000000000e+00,0.000000000000000000e+00,8.166031494140625000e+02,8.166031494140625000e+02,8.166031494140625000e+02,8.166031494140625000e+02,9.099999998806941903e+02
1.829999999999999960e-01,-1.296488232583075117e-06,-4.513244750764900144e-07,6.545576874098026869e-12,-6.982781089854502497e-07,-2.430895780265786161e-07,7.628046801039130060e-14,8.924484252929687500e-01,5.126181602478027344e+00,-4.841147422790527344e+00,1.296488232583075117e-06,4.513244750764900144e-07,-6.545576874098026869e-12,0.000000000000000000e+00,0.000000000000000000e+00,0.000000000000000000e+00,0.000000000000000000e+00,0.000000000000000000e+00,0.000000000000000000e+00,0.000000000000000000e+00,8.168632202148437500e+02,8.168632202148437500e+02,8.168632202148437500e+02,8.168632202148437500e+02,9.099999998806922576e+02
1.839999999999999969e-01,-1.845191521341911181e-06,-6.423431950244816503e-07,6.619619295365150740e-12,-5.487032887588360643e-07,-1.910187199479916359e-07,7.404242126712387034e-14,8.924483060836791992e-01,5.126181125640869141e+00,-4.841147422790527344e+00,1.845191521341911181e-06,6.423431950244816503e-07,-6.619619295365150740e-12,0.000000000000000000e+00,0.000000000000000000e+00,0.000000000000000000e+00,0.000000000000000000e+00,0.000000000000000000e+00,0.000000000000000000e+00,0.000000000000000000e+00,8.171171875000000000e+02,8.171171875000000000e+02,8.171171875000000000e+02,8.171171875000000000e+02,9.099999998806885060e+02
1.849999999999999978e-01,-2.240253052769602615e-06,-7.798751630052295245e-07,6.692731258566911506e-12,-3.950615314276914331e-07,-1.375319679807478742e-07,7.311196320176076625e-14,8.924483060836791992e-01,5.126181125640869141e+00,-4.841146945953369141e+00,2.240253052769602615e-06,7.798751630052295245e-07,-6.692731258566911506e-12,0.000000000000000000e+00,0.000000000000000000e+00,0.000000000000000000e+00,0.000000000000000000e+00,0.000000000000000000e+00,0.000000000000000000e+00,0.000000000000000000e+00,8.173651733398437500e+02,8.173651733398437500e+02,8.173651733398437500e+02,8.173651733398437500e+02,9.099999998806828216e+02
1.859999999999999987e-01,-2.478729719674984040e-06,-8.628956806336775540e-07,6.765863175666172235e-12,-2.384766669053814253e-07,-8.302051762844802950e-08,7.313191709926072873e-14,8.924483060836791992e-01,5.126181125640869141e+00,-4.841147422790527344e+00,2.478729719674984040e-06,8.628956806336775540e-07,-6.765863175666172235e-12,0.000000000000000000e+00,0.000000000000000000e+00,0.000000000000000000e+00,0.000000000000000000e+00,0.000000000000000000e+00,0.000000000000000000e+00,0.000000000000000000e+00,8.176072998046875000e+02,8.176072998046875000e+02,8.176072998046875000e+02,8.176072998046875000e+02,9.099999998806760004e+02
1.869999999999999996e-01,-2.558826569662463296e-06,-8.907798325260117078e-07,6.839569104291239334e-12,-8.009684998747925591e-08,-2.788415189233415383e-08,7.370592862506709974e-14,8.924484252929687500e-01,5.126181125640869141e+00,-4.841147422790527344e+00,2.558826569662463296e-06,8.907798325260117078e-07,-6.839569104291239334e-12,0.000000000000000000e+00,0.000000000000000000e+00,0.000000000000000000e+00,0.000000000000000000e+00,0.000000000000000000e+00,0.000000000000000000e+00,0.000000000000000000e+00,8.178437500000000000e+02,8.178437500000000000e+02,8.178437500000000000e+02,8.178437500000000000e+02,9.099999998806686108e+02
1.880000000000000004e-01,-2.479911562905739508e-06,-8.633075751871490814e-07,6.913988859249391285e-12,7.891500675672378747e-08,2.747225733886262640e-08,7.441975495815195123e-14,8.924484252929687500e-01,5.126181125640869141e+00,-4.841147422790527344e+00,2.479911562905739508e-06,8.633075751871490814e-07,-6.913988859249391285e-12,0.000000000000000000e+00,0.000000000000000000e+00,0.000000000000000000e+00,0.000000000000000000e+00,0.000000000000000000e+00,0.000000000000000000e+00,0.000000000000000000e+00,8.180746459960937500e+02,8.180746459960937500e+02,8.180746459960937500e+02,8.180746459960937500e+02,9.099999998806616759e+02
1.890000000000000013e-01,-2.242523510812291117e-06,-7.806664341211085557e-07,6.988839780121293082e-12,2.373880520934483917e-07,8.264114106604052574e-08,7.485092087190179623e-14,8.924485445022583008e-01,5.126181125640869141e+00,-4.841147899627685547e+00,2.242523510812291117e-06,7.806664341211085557e-07,-6.988839780121293082e-12,0.000000000000000000e+00,0.000000000000000000e+00,0.000000000000000000e+00,0.000000000000000000e+00,0.000000000000000000e+00,0.000000000000000000e+00,0.000000000000000000e+00,8.183000488281250000e+02,8.183000488281250000e+02,8.183000488281250000e+02,8.183000488281250000e+02,9.099999998806561052e+02
1.900000000000000022e-01,-1.848369429801877112e-06,-6.434507404978870175e-07,7.063427848402587307e-12,3.941540810104140050e-07,1.372156936232215382e-07,7.458806828129422557e-14,8.924484252929687500e-01,5.126181125640869141e+00,-4.841147899627685547e+00,1.848369429801877112e-06,6.434507404978870175e-07,-7.063427848402587307e-12,0.000000000000000000e+00,0.000000000000000000e+00,0.000000000000000000e+00,0.000000000000000000e+00,0.000000000000000000e+00,0.000000000000000000e+00,0.000000000000000000e+00,8.185201416015625000e+02,8.185201416015625000e+02,8.185201416015625000e+02,8.185201416015625000e+02,9.099999998806522399e+02
1.910000000000000031e-01,-1.300314159976061344e-06,-4.526579671544660551e-07,7.136670155060161286e-12,5.480552698258157673e-07,1.907927733434209624e-07,7.324230665757397834e-14,8.924484252929687500e-01,5.126181125640869141e+00,-4.841147899627685547e+00,1.300314159976061344e-06,4.526579671544660551e-07,-7.136670155060161286e-12,0.000000000000000000e+00,0.000000000000000000e+00,0.000000000000000000e+00,0.000000000000000000e+00,0.000000000000000000e+00,0.000000000000000000e+00,0.000000000000000000e+00,8.187350463867187500e+02,8.187350463867187500e+02,8.187350463867187500e+02,8.187350463867187500e+02,9.099999998806503072e+02
1.920000000000000040e-01,-6.023613835678695650e-07,-2.096820239855439721e-07,7.207135775475034628e-12,6.979527764081917793e-07,2.429759431689221095e-07,7.046562041487334257e-14,8.924485445022583008e-01,5.126181602478027344e+00,-4.841147422790527344e+00,6.023613835678695650e-07,2.096820239855439721e-07,-7.207135775475034628e-12,0.000000000000000000e+00,0.000000000000000000e+00,0.000000000000000000e+00,0.000000000000000000e+00,0.000000000000000000e+00,0.000000000000000000e+00,0.000000000000000000e+00,8.189449462890625000e+02,8.189449462890625000e+02,8.189449462890625000e+02,8.189449462890625000e+02,9.099999998806499661e+02
1.930000000000000049e-01,2.403739822728432022e-07,8.369642366491495720e-08,7.273095292265893878e-12,8.427353658407127672e-07,2.933784476504589161e-07,6.595951679085925014e-14,8.924484252929687500e-01,5.126182079315185547e+00,-4.841147899627685547e+00,-2.403739822728432022e-07,-8.369642366491495720e-08,-7.273095292265893878e-12,0.000000000000000000e+00,0.000000000000000000e+00,0.000000000000000000e+00,0.000000000000000000e+00,0.000000000000000000e+00,0.000000000000000000e+00,0.000000000000000000e+00,8.191498413085937500e+02,8.191498413085937500e+02,8.191498413085937500e+02,8.191498413085937500e+02,9.099999998806498525e+02
1.940000000000000058e-01,1.221702145580512482e-06,4.253223973335943038e-07,7.332588151995826978e-12,9.813281633076692796e-07,3.416259736686793334e-07,5.949285972993310004e-14,8.924485445022583008e-01,5.126181602478027344e+00,-4.841148376464843750e+00,-1.221702145580512482e-06,-4.253223973335943038e-07,-7.332588151995826978e-12,0.000000000000000000e+00,0.000000000000000000e+00,0.000000000000000000e+00,0.000000000000000000e+00,0.000000000000000000e+00,0.000000000000000000e+00,0.000000000000000000e+00,8.193499145507812500e+02,8.193499145507812500e+02,8.193499145507812500e+02,8.193499145507812500e+02,9.099999998806482608e+02
1.950000000000000067e-01,2.334402560228406260e-06,8.126819993224838599e-07,7.383492554348053416e-12,1.112700414647893778e-06,3.873596019888895561e-07,5.090440235222643741e-14,8.924485445022583008e-01,5.126181602478027344e+00,-4.841148376464843750e+00,-2.334402560228406260e-06,-8.126819993224838599e-07,-7.383492554348053416e-12,0.000000000000000000e+00,0.000000000000000000e+00,0.000000000000000000e+00,0.000000000000000000e+00,0.000000000000000000e+00,0.000000000000000000e+00,0.000000000000000000e+00,8.195452880859375000e+02,8.195452880859375000e+02,8.195452880859375000e+02,8.195452880859375000e+02,9.099999998806421218e+02
1.960000000000000075e-01,3.570275120136774961e-06,1.242920567305001272e-06,7.423608624253248287e-12,1.235872559908368701e-06,4.302385679825174120e-07,4.011606990519487103e-14,8.924486637115478516e-01,5.126181602478027344e+00,-4.841148376464843750e+00,-3.570275120136774961e-06,-1.242920567305001272e-06,-7.423608624253248287e-12,0.000000000000000000e+00,0.000000000000000000e+00,0.000000000000000000e+00,0.000000000000000000e+00,0.000000000000000000e+00,0.000000000000000000e+00,0.000000000000000000e+00,8.197360229492187500e+02,8.197360229492187500e+02,8.197360229492187500e+02,8.197360229492187500e+02,9.099999998806277972e+02
1.970000000000000084e-01,4.920201047811678651e-06,1.712863347931421640e-06,7.450744340194107359e-12,1.349925927674903690e-06,4.699427806264203681e-07,2.713571594085907252e-14,8.924486637115478516e-01,5.126181602478027344e+00,-4.841147899627685547e+00,-4.920201047811678651e-06,-1.712863347931421640e-06,-7.450744340194107359e-12,0.000000000000000000e+00,0.000000000000000000e+00,0.000000000000000000e+00,0.000000000000000000e+00,0.000000000000000000e+00,0.000000000000000000e+00,0.000000000000000000e+00,8.199222412109375000e+02,8.199222412109375000e+02,8.199222412109375000e+02,8.199222412109375000e+02,9.099999998806006261e+02
1.980000000000000093e-01,6.374206530883045896e-06,2.219038295044833830e-06,7.462803687930834453e-12,1.454005483071367245e-06,5.061749471134121903e-07,1.205934773672709364e-14,8.924487829208374023e-01,5.126181602478027344e+00,-4.841148376464843750e+00,-6.374206530883045896e-06,-2.219038295044833830e-06,-7.462803687930834453e-12,0.000000000000000000e+00,0.000000000000000000e+00,0.000000000000000000e+00,0.000000000000000000e+00,0.000000000000000000e+00,0.000000000000000000e+00,0.000000000000000000e+00,8.201041259765625000e+02,8.201041259765625000e+02,8.201041259765625000e+02,8.201041259765625000e+02,9.099999998805551513e+02
1.990000000000000102e-01,7.921538139417294016e-06,2.757701921229593321e-06,7.457872288780499131e-12,1.547331608534248120e-06,5.386636261847594902e-07,-4.931399150335322465e-15,8.924489021301269531e-01,5.126182079315185547e+00,-4.841148853302001953e+00,-7.921538139417294016e-06,-2.757701921229593321e-06,-7.457872288780499131e-12,0.000000000000000000e+00,0.000000000000000000e+00,0.000000000000000000e+00,0.000000000000000000e+00,0.000000000000000000e+00,0.000000000000000000e+00,0.000000000000000000e+00,8.202817382812500000e+02,8.202817382812500000e+02,8.202817382812500000e+02,8.202817382812500000e+02,9.099999998804847792e+02
2.000000000000000111e-01,9.550740991229158866e-06,3.324865963581768076e-06,7.434304594297323726e-12,1.629202851811864850e-06,5.671640423521747555e-07,-2.356769448317540432e-14,8.924489021301269531e-01,5.126182556152343750e+00,-4.841148853302001953e+00,-9.550740991229158866e-06,-3.324865963581768076e-06,-7.434304594297323726e-12,0.000000000000000000e+00,0.000000000000000000e+00,0.000000000000000000e+00,0.000000000000000000e+00,0.000000000000000000e+00,0.000000000000000000e+00,0.000000000000000000e+00,8.204551391601562500e+02,8.204551391601562500e+02,8.204551391601562500e+02,8.204551391601562500e+02,9.099999998803824610e+02
2.010000000000000120e-01,1.124974058119256593e-05,3.916327611700834623e-06,7.390801767035618888e-12,1.698999589963407067e-06,5.914616481190665474e-07,-4.350282726170483868e-14,8.924489021301269531e-01,5.126182556152343750e+00,-4.841148853302001953e+00,-1.124974058119256593e-05,-3.916327611700834623e-06,-7.390801767035618888e-12,0.000000000000000000e+00,0.000000000000000000e+00,0.000000000000000000e+00,0.000000000000000000e+00,0.000000000000000000e+00,0.000000000000000000e+00,0.000000000000000000e+00,8.206243896484375000e+02,8.206243896484375000e+02,8.206243896484375000e+02,8.206243896484375000e+02,9.099999998802405798e+02
2.020000000000000129e-01,1.300593356699343694e-05,4.527699226792618938e-06,7.326479838099312959e-12,1.756192985800871008e-06,6.113716150917843147e-07,-6.432192893630592898e-14,8.924490213394165039e-01,5.126182556152343750e+00,-4.841149330139160156e+00,-1.300593356699343694e-05,-4.527699226792618938e-06,-7.326479838099312959e-12,0.000000000000000000e+00,0.000000000000000000e+00,0.000000000000000000e+00,0.000000000000000000e+00,0.000000000000000000e+00,0.000000000000000000e+00,0.000000000000000000e+00,8.207897338867187500e+02,8.207897338867187500e+02,8.207897338867187500e+02,8.207897338867187500e+02,9.099999998800509502e+02
2.030000000000000138e-01,1.480628181177052236e-05,5.154441724771237360e-06,7.240929168172649793e-12,1.800348244777085424e-06,6.267424979786184215e-07,-8.555066992666316555e-14,8.924490213394165039e-01,5.126183509826660156e+00,-4.841149806976318359e+00,-1.480628181177052236e-05,-5.154441724771237360e-06,-7.240929168172649793e-12,0.000000000000000000e+00,0.000000000000000000e+00,0.000000000000000000e+00,0.000000000000000000e+00,0.000000000000000000e+00,0.000000000000000000e+00,0.000000000000000000e+00,8.209511718750000000e+02,8.209511718750000000e+02,8.209511718750000000e+02,8.209511718750000000e+02,9.099999998798051593e+02
2.039999999999999869e-01,1.663740683386721335e-05,5.791898162916526368e-06,7.134261760369948271e-12,1.831125022096690989e-06,6.374564381452890084e-07,-1.066674078027015215e-13,8.924490213394165039e-01,5.126183986663818359e+00,-4.841149806976318359e+00,-1.663740683386721335e-05,-5.791898162916526368e-06,-7.134261760369948271e-12,0.000000000000000000e+00,0.000000000000000000e+00,0.000000000000000000e+00,0.000000000000000000e+00,0.000000000000000000e+00,0.000000000000000000e+00,0.000000000000000000e+00,8.211087646484375000e+02,8.211087646484375000e+02,8.211087646484375000e+02,8.211087646484375000e+02,9.099999998794947942e+02
2.049999999999999878e-01,1.848568914191536414e-05,6.435326512309486001e-06,7.007143063607516605e-12,1.848282308048150791e-06,6.434283493929596326e-07,-1.271186967624316668e-13,8.924491405487060547e-01,5.126183986663818359e+00,-4.841150283813476562e+00,-1.848568914191536414e-05,-6.435326512309486001e-06,-7.007143063607516605e-12,0.000000000000000000e+00,0.000000000000000000e+00,0.000000000000000000e+00,0.000000000000000000e+00,0.000000000000000000e+00,0.000000000000000000e+00,0.000000000000000000e+00,8.212626953125000000e+02,8.212626953125000000e+02,8.212626953125000000e+02,8.212626953125000000e+02,9.099999998791116695e+02
2.059999999999999887e-01,2.033736675569709974e-05,7.079937926266203299e-06,6.860803787420728969e-12,1.851677613781735593e-06,6.446114139567172985e-07,-1.463392761867876358e-13,8.924491405487060547e-01,5.126183986663818359e+00,-4.841150760650634766e+00,-2.033736675569709974e-05,-7.079937926266203299e-06,-6.860803787420728969e-12,0.000000000000000000e+00,0.000000000000000000e+00,0.000000000000000000e+00,0.000000000000000000e+00,0.000000000000000000e+00,0.000000000000000000e+00,0.000000000000000000e+00,8.214129638671875000e+02,8.214129638671875000e+02,8.214129638671875000e+02,8.214129638671875000e+02,9.099999998786479409e+02
2.069999999999999896e-01,2.217864512611459439e-05,7.720928494995794248e-06,6.697044988472065617e-12,1.841278370417494649e-06,6.409905687295909492e-07,-1.637587989486633520e-13,8.924491405487060547e-01,5.126183986663818359e+00,-4.841150760650634766e+00,-2.217864512611459439e-05,-7.720928494995794248e-06,-6.697044988472065617e-12,0.000000000000000000e+00,0.000000000000000000e+00,0.000000000000000000e+00,0.000000000000000000e+00,0.000000000000000000e+00,0.000000000000000000e+00,0.000000000000000000e+00,8.215596923828125000e+02,8.215596923828125000e+02,8.215596923828125000e+02,8.215596923828125000e+02,9.099999998780964461e+02
2.079999999999999905e-01,2.399579158494192249e-05,8.353518735367334926e-06,6.518215109351224385e-12,1.817146458827328107e-06,6.325902403715406782e-07,-1.788298791208412316e-13,8.924492597579956055e-01,5.126184463500976562e+00,-4.841150760650634766e+00,-2.399579158494192249e-05,-8.353518735367334926e-06,-6.518215109351224385e-12,0.000000000000000000e+00,0.000000000000000000e+00,0.000000000000000000e+00,0.000000000000000000e+00,0.000000000000000000e+00,0.000000000000000000e+00,0.000000000000000000e+00,8.217029418945312500e+02,8.217029418945312500e+02,8.217029418945312500e+02,8.217029418945312500e+02,9.099999998774508185e+02
2.089999999999999913e-01,2.577523793679683154e-05,8.972985345567779727e-06,6.327179838621594724e-12,1.779446351854909044e-06,6.194666102004448005e-07,-1.910352707296296618e-13,8.924492597579956055e-01,5.126184463500976562e+00,-4.841150760650634766e+00,-2.577523793679683154e-05,-8.972985345567779727e-06,-6.327179838621594724e-12,0.000000000000000000e+00,0.000000000000000000e+00,0.000000000000000000e+00,0.000000000000000000e+00,0.000000000000000000e+00,0.000000000000000000e+00,0.000000000000000000e+00,8.218428344726562500e+02,8.218428344726562500e+02,8.218428344726562500e+02,8.218428344726562500e+02,9.099999998767059424e+02
2.099999999999999922e-01,2.750369282177654275e-05,9.574700287757915634e-06,6.127269705511672272e-12,1.728454884979711213e-06,6.017149421901359075e-07,-1.999101331099224518e-13,8.924492597579956055e-01,5.126184940338134766e+00,-4.841150760650634766e+00,-2.750369282177654275e-05,-9.574700287757915634e-06,-6.127269705511672272e-12,0.000000000000000000e+00,0.000000000000000000e+00,0.000000000000000000e+00,0.000000000000000000e+00,0.000000000000000000e+00,0.000000000000000000e+00,0.000000000000000000e+00,8.219794311523437500e+02,8.219794311523437500e+02,8.219794311523437500e+02,8.219794311523437500e+02,9.099999998758578386e+02
2.109999999999999931e-01,2.916821988076960377e-05,1.015416172850828943e-05,5.922217023351057537e-12,1.664527058993061015e-06,5.794614407503737935e-07,-2.050526821606147349e-13,8.924493789672851562e-01,5.126186370849609375e+00,-4.841151714324951172e+00,-2.916821988076960377e-05,-1.015416172850828943e-05,-5.922217023351057537e-12,0.000000000000000000e+00,0.000000000000000000e+00,0.000000000000000000e+00,0.000000000000000000e+00,0.000000000000000000e+00,0.000000000000000000e+00,0.000000000000000000e+00,8.221127929687500000e+02,8.221127929687500000e+02,8.221127929687500000e+02,8.221127929687500000e+02,9.099999998749040060e+02
2.119999999999999940e-01,3.075635988875566622e-05,1.070703149301112656e-05,5.716078337970907969e-12,1.588140007986062451e-06,5.528697645028371298e-07,-2.061386853801495674e-13,8.924493789672851562e-01,5.126186370849609375e+00,-4.841152191162109375e+00,-3.075635988875566622e-05,-1.070703149301112656e-05,-5.716078337970907969e-12,0.000000000000000000e+00,0.000000000000000000e+00,0.000000000000000000e+00,0.000000000000000000e+00,0.000000000000000000e+00,0.000000000000000000e+00,0.000000000000000000e+00,8.222430419921875000e+02,8.222430419921875000e+02,8.222430419921875000e+02,8.222430419921875000e+02,9.099999998738433078e+02
2.129999999999999949e-01,3.225620566322932349e-05,1.122916437707229918e-05,5.513144280955474750e-12,1.499845774473657274e-06,5.221328840611726238e-07,-2.029340570154332192e-13,8.924493789672851562e-01,5.126186370849609375e+00,-4.841152191162109375e+00,-3.225620566322932349e-05,-1.122916437707229918e-05,-5.513144280955474750e-12,0.000000000000000000e+00,0.000000000000000000e+00,0.000000000000000000e+00,0.000000000000000000e+00,0.000000000000000000e+00,0.000000000000000000e+00,0.000000000000000000e+00,8.223701782226562500e+02,8.223701782226562500e+02,8.223701782226562500e+02,8.223701782226562500e+02,9.099999998726767672e+02
2.139999999999999958e-01,3.365649162861993927e-05,1.171663827332524626e-05,5.317845598403787278e-12,1.400285965390615783e-06,4.874738962529470747e-07,-1.952986825516874717e-13,8.924494981765747070e-01,5.126186847686767578e+00,-4.841152191162109375e+00,-3.365649162861993927e-05,-1.171663827332524626e-05,-5.317845598403787278e-12,0.000000000000000000e+00,0.000000000000000000e+00,0.000000000000000000e+00,0.000000000000000000e+00,0.000000000000000000e+00,0.000000000000000000e+00,0.000000000000000000e+00,8.224943847656250000e+02,8.224943847656250000e+02,8.224943847656250000e+02,8.224943847656250000e+02,9.099999998714067715e+02
2.149999999999999967e-01,3.494669152293149471e-05,1.216578999699892054e-05,5.134644772295033317e-12,1.290199894311555432e-06,4.491517236736742859e-07,-1.832008261087539619e-13,8.924494981765747070e-01,5.126186847686767578e+00,-4.841152191162109375e+00,-3.494669152293149471e-05,-1.216578999699892054e-05,-5.134644772295033317e-12,0.000000000000000000e+00,0.000000000000000000e+00,0.000000000000000000e+00,0.000000000000000000e+00,0.000000000000000000e+00,0.000000000000000000e+00,0.000000000000000000e+00,8.226156005859375000e+02,8.226156005859375000e+02,8.226156005859375000e+02,8.226156005859375000e+02,9.099999998700375272e+02
2.159999999999999976e-01,3.611708679239042683e-05,1.257323482724574584e-05,4.967937997064321860e-12,1.170395269458932128e-06,4.074448302468252936e-07,-1.667067752307114567e-13,8.924494981765747070e-01,5.126186847686767578e+00,-4.841152667999267578e+00,-3.611708679239042683e-05,-1.257323482724574584e-05,-4.967937997064321860e-12,0.000000000000000000e+00,0.000000000000000000e+00,0.000000000000000000e+00,0.000000000000000000e+00,0.000000000000000000e+00,0.000000000000000000e+00,0.000000000000000000e+00,8.227340087890625000e+02,8.227340087890625000e+02,8.227340087890625000e+02,8.227340087890625000e+02,9.099999998685749460e+02
2.169999999999999984e-01,3.715884149986950025e-05,1.293589744757755180e-05,4.821941416305149520e-12,1.041754707479073414e-06,3.626626203318059608e-07,-1.459965807591723396e-13,8.924497365951538086e-01,5.126186847686767578e+00,-4.841153621673583984e+00,-3.715884149986950025e-05,-1.293589744757755180e-05,-4.821941416305149520e-12,0.000000000000000000e+00,0.000000000000000000e+00,0.000000000000000000e+00,0.000000000000000000e+00,0.000000000000000000e+00,0.000000000000000000e+00,0.000000000000000000e+00,8.228496093750000000e+02,8.228496093750000000e+02,8.228496093750000000e+02,8.228496093750000000e+02,9.099999998670268724e+02
2.179999999999999993e-01,3.806407397642366043e-05,1.325103230141555608e-05,4.700591339042923509e-12,9.052324765541601838e-07,3.151348538380042828e-07,-1.213500772622260112e-13,8.924497365951538086e-01,5.126187324523925781e+00,-4.841152667999267578e+00,-3.806407397642366043e-05,-1.325103230141555608e-05,-4.700591339042923509e-12,0.000000000000000000e+00,0.000000000000000000e+00,0.000000000000000000e+00,0.000000000000000000e+00,0.000000000000000000e+00,0.000000000000000000e+00,0.000000000000000000e+00,8.229624633789062500e+02,8.229624633789062500e+02,8.229624633789062500e+02,8.229624633789062500e+02,9.099999998654024012e+02
2.190000000000000002e-01,3.882590241772196447e-05,1.351624639030629242e-05,4.607447081599830608e-12,7.618284412983040359e-07,2.652140888907363368e-07,-9.314425744309290105e-14,8.924497365951538086e-01,5.126187324523925781e+00,-4.841152667999267578e+00,-3.882590241772196447e-05,-1.351624639030629242e-05,-4.607447081599830608e-12,0.000000000000000000e+00,0.000000000000000000e+00,0.000000000000000000e+00,0.000000000000000000e+00,0.000000000000000000e+00,0.000000000000000000e+00,0.000000000000000000e+00,8.230726318359375000e+02,8.230726318359375000e+02,8.230726318359375000e+02,8.230726318359375000e+02,9.099999998637122189e+02
2.200000000000000011e-01,3.943852304935941674e-05,1.372951555836160547e-05,4.545600139068543677e-12,6.126206316374522751e-07,2.132691680553130541e-07,-6.184694253128693137e-14,8.924497365951538086e-01,5.126187801361083984e+00,-4.841153621673583984e+00,-3.943852304935941674e-05,-1.372951555836160547e-05,-4.545600139068543677e-12,0.000000000000000000e+00,0.000000000000000000e+00,0.000000000000000000e+00,0.000000000000000000e+00,0.000000000000000000e+00,0.000000000000000000e+00,0.000000000000000000e+00,8.231802368164062500e+02,8.231802368164062500e+02,8.231802368164062500e+02,8.231802368164062500e+02,9.099999998619683765e+02
2.210000000000000020e-01,3.989722315440895399e-05,1.388920240514260232e-05,4.517595618071155481e-12,4.587001050495372479e-07,1.596868467809968456e-07,-2.800452099738819587e-14,8.924498558044433594e-01,5.126188755035400391e+00,-4.841153621673583984e+00,-3.989722315440895399e-05,-1.388920240514260232e-05,-4.517595618071155481e-12,0.000000000000000000e+00,0.000000000000000000e+00,0.000000000000000000e+00,0.000000000000000000e+00,0.000000000000000000e+00,0.000000000000000000e+00,0.000000000000000000e+00,8.232853393554687500e+02,8.232853393554687500e+02,8.232853393554687500e+02,8.232853393554687500e+02,9.099999998601836069e+02
2.220000000000000029e-01,4.019844295429334544e-05,1.399406605632363275e-05,4.525370762405840924e-12,3.012197998843914467e-07,1.048636511810304323e-07,7.775144334685443656e-15,8.924498558044433594e-01,5.126188278198242188e+00,-4.841154575347900391e+00,-4.019844295429334544e-05,-1.399406605632363275e-05,-4.525370762405840924e-12,0.000000000000000000e+00,0.000000000000000000e+00,0.000000000000000000e+00,0.000000000000000000e+00,0.000000000000000000e+00,0.000000000000000000e+00,0.000000000000000000e+00,8.233879394531250000e+02,8.233879394531250000e+02,8.233879394531250000e+02,8.233879394531250000e+02,9.099999998583718934e+02
2.230000000000000038e-01,4.033978863633711686e-05,1.404327274857828094e-05,4.570202415918547068e-12,1.413456820437714186e-07,4.920669225464819306e-08,4.483165351270614359e-14,8.924498558044433594e-01,5.126188278198242188e+00,-4.841153621673583984e+00,-4.033978863633711686e-05,-1.404327274857828094e-05,-4.570202415918547068e-12,0.000000000000000000e+00,0.000000000000000000e+00,0.000000000000000000e+00,0.000000000000000000e+00,0.000000000000000000e+00,0.000000000000000000e+00,0.000000000000000000e+00,8.234880981445312500e+02,8.234880981445312500e+02,8.234880981445312500e+02,8.234880981445312500e+02,9.099999998565473334e+02
2.240000000000000047e-01,4.032005515198254980e-05,1.403640234335534780e-05,4.652674464388973109e-12,-1.973348435456705619e-08,-6.870405222933137230e-09,8.247204847042604148e-14,8.924498558044433594e-01,5.126188755035400391e+00,-4.841153621673583984e+00,-4.032005515198254980e-05,-1.403640234335534780e-05,-4.652674464388973109e-12,0.000000000000000000e+00,0.000000000000000000e+00,0.000000000000000000e+00,0.000000000000000000e+00,0.000000000000000000e+00,0.000000000000000000e+00,0.000000000000000000e+00,8.235859375000000000e+02,8.235859375000000000e+02,8.235859375000000000e+02,8.235859375000000000e+02,9.099999998547245923e+02
2.250000000000000056e-01,4.013923273056568429e-05,1.397345321221083097e-05,4.772663170529873356e-12,-1.808224214168655127e-07,-6.294913114451683282e-08,1.199887061409002460e-13,8.924498558044433594e-01,5.126188755035400391e+00,-4.841154098510742188e+00,-4.013923273056568429e-05,-1.397345321221083097e-05,-4.772663170529873356e-12,0.000000000000000000e+00,0.000000000000000000e+00,0.000000000000000000e+00,0.000000000000000000e+00,0.000000000000000000e+00,0.000000000000000000e+00,0.000000000000000000e+00,8.236814575195312500e+02,8.236814575195312500e+02,8.236814575195312500e+02,8.236814575195312500e+02,9.099999998529182221e+02
2.260000000000000064e-01,3.979851990686821575e-05,1.385484223680794005e-05,4.929337023603625801e-12,-3.407128236974685362e-07,-1.186109754028909214e-07,1.566738530737524459e-13,8.924498558044433594e-01,5.126188278198242188e+00,-4.841153621673583984e+00,-3.979851990686821575e-05,-1.385484223680794005e-05,-4.929337023603625801e-12,0.000000000000000000e+00,0.000000000000000000e+00,0.000000000000000000e+00,0.000000000000000000e+00,0.000000000000000000e+00,0.000000000000000000e+00,0.000000000000000000e+00,8.237747192382812500e+02,8.237747192382812500e+02,8.237747192382812500e+02,8.237747192382812500e+02,9.099999998511423200e+02
2.270000000000000073e-01,3.930030072290165166e-05,1.368139829514110410e-05,5.121183060442132101e-12,-4.982191839665640908e-07,-1.734439416668359511e-07,1.918460368385062996e-13,8.924497365951538086e-01,5.126187801361083984e+00,-4.841153144836425781e+00,-3.930030072290165166e-05,-1.368139829514110410e-05,-5.121183060442132101e-12,0.000000000000000000e+00,0.000000000000000000e+00,0.000000000000000000e+00,0.000000000000000000e+00,0.000000000000000000e+00,0.000000000000000000e+00,0.000000000000000000e+00,8.238657226562500000e+02,8.238657226562500000e+02,8.238657226562500000e+02,8.238657226562500000e+02,9.099999998494106421e+02
2.280000000000000082e-01,3.864813170035522483e-05,1.345436144731396706e-05,5.346039158468778531e-12,-6.521690225464268258e-07,-2.270368478271370409e-07,2.248560980266464303e-13,8.924497365951538086e-01,5.126187324523925781e+00,-4.841153144836425781e+00,-3.864813170035522483e-05,-1.345436144731396706e-05,-5.346039158468778531e-12,0.000000000000000000e+00,0.000000000000000000e+00,0.000000000000000000e+00,0.000000000000000000e+00,0.000000000000000000e+00,0.000000000000000000e+00,0.000000000000000000e+00,8.239546508789062500e+02,8.239546508789062500e+02,8.239546508789062500e+02,8.239546508789062500e+02,9.099999998477359213e+02
2.290000000000000091e-01,3.784672881304401005e-05,1.317537153643141693e-05,5.601149108057228390e-12,-8.014028873112147874e-07,-2.789899108825501272e-07,2.551099495884498590e-13,8.924497365951538086e-01,5.126187801361083984e+00,-4.841153144836425781e+00,-3.784672881304401005e-05,-1.317537153643141693e-05,-5.601149108057228390e-12,0.000000000000000000e+00,0.000000000000000000e+00,0.000000000000000000e+00,0.000000000000000000e+00,0.000000000000000000e+00,0.000000000000000000e+00,0.000000000000000000e+00,8.240415039062500000e+02,8.240415039062500000e+02,8.240415039062500000e+02,8.240415039062500000e+02,9.099999998461299811e+02
2.300000000000000100e-01,3.690190886292496762e-05,1.284645516104760921e-05,5.883234829772750267e-12,-9.448199501190424239e-07,-3.289163753838077170e-07,2.820857217155218769e-13,8.924497365951538086e-01,5.126186370849609375e+00,-4.841152191162109375e+00,-3.690190886292496762e-05,-1.284645516104760921e-05,-5.883234829772750267e-12,0.000000000000000000e+00,0.000000000000000000e+00,0.000000000000000000e+00,0.000000000000000000e+00,0.000000000000000000e+00,0.000000000000000000e+00,0.000000000000000000e+00,8.241262817382812500e+02,8.241262817382812500e+02,8.241262817382812500e+02,8.241262817382812500e+02,9.099999998446031668e+02
2.310000000000000109e-01,3.582057319565700110e-05,1.247001427605798591e-05,6.188575515736545797e-12,-1.081335667267966521e-06,-3.764408849896232992e-07,3.053406859637955301e-13,8.924497365951538086e-01,5.126186370849609375e+00,-4.841152191162109375e+00,-3.582057319565700110e-05,-1.247001427605798591e-05,-6.188575515736545797e-12,0.000000000000000000e+00,0.000000000000000000e+00,0.000000000000000000e+00,0.000000000000000000e+00,0.000000000000000000e+00,0.000000000000000000e+00,0.000000000000000000e+00,8.242090454101562500e+02,8.242090454101562500e+02,8.242090454101562500e+02,8.242090454101562500e+02,9.099999998431645736e+02
2.320000000000000118e-01,3.461063604906509711e-05,1.204880420870531985e-05,6.513101205075293948e-12,-1.209937146591903994e-06,-4.212100673526660612e-07,3.245256893387481504e-13,8.924496173858642578e-01,5.126185894012451172e+00,-4.841152191162109375e+00,-3.461063604906509711e-05,-1.204880420870531985e-05,-6.513101205075293948e-12,0.000000000000000000e+00,0.000000000000000000e+00,0.000000000000000000e+00,0.000000000000000000e+00,0.000000000000000000e+00,0.000000000000000000e+00,0.000000000000000000e+00,8.242898559570312500e+02,8.242898559570312500e+02,8.242898559570312500e+02,8.242898559570312500e+02,9.099999998418214773e+02
2.330000000000000127e-01,3.328097895670841498e-05,1.158591737413973844e-05,6.852491169268400395e-12,-1.329657092356682129e-06,-4.628868345655814097e-07,3.393899641931064472e-13,8.924496173858642578e-01,5.126185894012451172e+00,-4.841152191162109375e+00,-3.328097895670841498e-05,-1.158591737413973844e-05,-6.852491169268400395e-12,0.000000000000000000e+00,0.000000000000000000e+00,0.000000000000000000e+00,0.000000000000000000e+00,0.000000000000000000e+00,0.000000000000000000e+00,0.000000000000000000e+00,8.243687744140625000e+02,8.243687744140625000e+02,8.243687744140625000e+02,8.243687744140625000e+02,9.099999998405796759e+02
2.340000000000000135e-01,3.184137909634439953e-05,1.108475722031478749e-05,7.202283414086135217e-12,-1.439599860364015448e-06,-5.011601538249509520e-07,3.497922448177348217e-13,8.924496173858642578e-01,5.126185894012451172e+00,-4.841152191162109375e+00,-3.184137909634439953e-05,-1.108475722031478749e-05,-7.202283414086135217e-12,0.000000000000000000e+00,0.000000000000000000e+00,0.000000000000000000e+00,0.000000000000000000e+00,0.000000000000000000e+00,0.000000000000000000e+00,0.000000000000000000e+00,8.244458007812500000e+02,8.244458007812500000e+02,8.244458007812500000e+02,8.244458007812500000e+02,9.099999998394429213e+02
2.349999999999999867e-01,3.030243763839294126e-05,1.054901542977145907e-05,7.557979739169447499e-12,-1.538941457951458272e-06,-5.357417905433284235e-07,3.556963250833122823e-13,8.924496173858642578e-01,5.126185894012451172e+00,-4.841151714324951172e+00,-3.030243763839294126e-05,-1.054901542977145907e-05,-7.557979739169447499e-12,0.000000000000000000e+00,0.000000000000000000e+00,0.000000000000000000e+00,0.000000000000000000e+00,0.000000000000000000e+00,0.000000000000000000e+00,0.000000000000000000e+00,8.245210571289062500e+02,8.245210571289062500e+02,8.245210571289062500e+02,8.245210571289062500e+02,9.099999998384133733e+02
2.359999999999999876e-01,2.867550483751250470e-05,9.982640979202260070e-06,7.915153957461795278e-12,-1.626932800880436555e-06,-5.663744505691989980e-07,3.571742182923477794e-13,8.924493789672851562e-01,5.126185417175292969e+00,-4.841151714324951172e+00,-2.867550483751250470e-05,-9.982640979202260070e-06,-7.915153957461795278e-12,0.000000000000000000e+00,0.000000000000000000e+00,0.000000000000000000e+00,0.000000000000000000e+00,0.000000000000000000e+00,0.000000000000000000e+00,0.000000000000000000e+00,8.245945434570312500e+02,8.245945434570312500e+02,8.245945434570312500e+02,8.245945434570312500e+02,9.099999998374914867e+02
2.369999999999999885e-01,2.697258883973630431e-05,9.389815712791256362e-06,8.269551023947379777e-12,-1.702915997776200389e-06,-5.928252664110037075e-07,3.543970664855844991e-13,8.924493789672851562e-01,5.126185417175292969e+00,-4.841151714324951172e+00,-2.697258883973630431e-05,-9.389815712791256362e-06,-8.269551023947379777e-12,0.000000000000000000e+00,0.000000000000000000e+00,0.000000000000000000e+00,0.000000000000000000e+00,0.000000000000000000e+00,0.000000000000000000e+00,0.000000000000000000e+00,8.246662597656250000e+02,8.246662597656250000e+02,8.246662597656250000e+02,8.246662597656250000e+02,9.099999998366757836e+02
2.379999999999999893e-01,2.520627100338445928e-05,8.774919330668137121e-06,8.617191268134433115e-12,-1.766317836351845034e-06,-6.148963821231192417e-07,3.476402441870533372e-13,8.924493789672851562e-01,5.126183986663818359e+00,-4.841150760650634766e+00,-2.520627100338445928e-05,-8.774919330668137121e-06,-8.617191268134433115e-12,0.000000000000000000e+00,0.000000000000000000e+00,0.000000000000000000e+00,0.000000000000000000e+00,0.000000000000000000e+00,0.000000000000000000e+00,0.000000000000000000e+00,8.247363281250000000e+02,8.247363281250000000e+02,8.247363281250000000e+02,8.247363281250000000e+02,9.099999998359634219e+02
2.389999999999999902e-01,2.338961144931218838e-05,8.142498448472268145e-06,8.954447368542060177e-12,-1.816659554072270902e-06,-6.324208821958689751e-07,3.372561004076270623e-13,8.924492597579956055e-01,5.126184463500976562e+00,-4.841150760650634766e+00,-2.338961144931218838e-05,-8.142498448472268145e-06,-8.954447368542060177e-12,0.000000000000000000e+00,0.000000000000000000e+00,0.000000000000000000e+00,0.000000000000000000e+00,0.000000000000000000e+00,0.000000000000000000e+00,0.000000000000000000e+00,8.248046875000000000e+02,8.248046875000000000e+02,8.248046875000000000e+02,8.248046875000000000e+02,9.099999998353500814e+02
2.399999999999999911e-01,2.153605461115797772e-05,7.497233214250774665e-06,9.278129006997430991e-12,-1.853556838154210660e-06,-6.452652342214934808e-07,3.236816384553708138e-13,8.924492597579956055e-01,5.126183986663818359e+00,-4.841150283813476562e+00,-2.153605461115797772e-05,-7.497233214250774665e-06,-9.278129006997430991e-12,0.000000000000000000e+00,0.000000000000000000e+00,0.000000000000000000e+00,0.000000000000000000e+00,0.000000000000000000e+00,0.000000000000000000e+00,0.000000000000000000e+00,8.248714599609375000e+02,8.248714599609375000e+02,8.248714599609375000e+02,8.248714599609375000e+02,9.099999998348300778e+02
2.409999999999999920e-01,1.965932012959578819e-05,6.843899040024593321e-06,9.585537859698239044e-12,-1.876734481562189531e-06,-6.533341742261813433e-07,3.074088527008080535e-13,8.924491405487060547e-01,5.126183986663818359e+00,-4.841149806976318359e+00,-1.965932012959578819e-05,-6.843899040024593321e-06,-9.585537859698239044e-12,0.000000000000000000e+00,0.000000000000000000e+00,0.000000000000000000e+00,0.000000000000000000e+00,0.000000000000000000e+00,0.000000000000000000e+00,0.000000000000000000e+00,8.249367065429687500e+02,8.249367065429687500e+02,8.249367065429687500e+02,8.249367065429687500e+02,9.099999998343967036e+02
2.419999999999999929e-01,1.777331003102723233e-05,6.187336475574535142e-06,9.874516880910870723e-12,-1.886010098568555854e-06,-6.565625644500581792e-07,2.889790212126316786e-13,8.924492597579956055e-01,5.126183986663818359e+00,-4.841150283813476562e+00,-1.777331003102723233e-05,-6.187336475574535142e-06,-9.874516880910870723e-12,0.000000000000000000e+00,0.000000000000000000e+00,0.000000000000000000e+00,0.000000000000000000e+00,0.000000000000000000e+00,0.000000000000000000e+00,0.000000000000000000e+00,8.250003662109375000e+02,8.250003662109375000e+02,8.250003662109375000e+02,8.250003662109375000e+02,9.099999998340425691e+02
2.429999999999999938e-01,1.589200125027777740e-05,5.532410090230371503e-06,1.014347914487703967e-11,-1.881308780749454935e-06,-6.549263853441636391e-07,2.689622639661689423e-13,8.924491405487060547e-01,5.126183986663818359e+00,-4.841149330139160156e+00,-1.589200125027777740e-05,-5.532410090230371503e-06,-1.014347914487703967e-11,0.000000000000000000e+00,0.000000000000000000e+00,0.000000000000000000e+00,0.000000000000000000e+00,0.000000000000000000e+00,0.000000000000000000e+00,0.000000000000000000e+00,8.250625000000000000e+02,8.250625000000000000e+02,8.250625000000000000e+02,8.250625000000000000e+02,9.099999998337593752e+02
2.439999999999999947e-01,1.402933652484896801e-05,4.883974682657889234e-06,1.039142033741601083e-11,-1.862664725428809389e-06,-6.484354075724822687e-07,2.479411925389711660e-13,8.924491405487060547e-01,5.126183509826660156e+00,-4.841149330139160156e+00,-1.402933652484896801e-05,-4.883974682657889234e-06,-1.039142033741601083e-11,0.000000000000000000e+00,0.000000000000000000e+00,0.000000000000000000e+00,0.000000000000000000e+00,0.000000000000000000e+00,0.000000000000000000e+00,0.000000000000000000e+00,8.251232299804687500e+02,8.251232299804687500e+02,8.251232299804687500e+02,8.251232299804687500e+02,9.099999998335387090e+02
2.449999999999999956e-01,1.219913157361056749e-05,4.246838233757963018e-06,1.061791370775392044e-11,-1.830204951238400524e-06,-6.371364488999262164e-07,2.264933703379096051e-13,8.924490213394165039e-01,5.126183032989501953e+00,-4.841148853302001953e+00,-1.219913157361056749e-05,-4.246838233757963018e-06,-1.061791370775392044e-11,0.000000000000000000e+00,0.000000000000000000e+00,0.000000000000000000e+00,0.000000000000000000e+00,0.000000000000000000e+00,0.000000000000000000e+00,0.000000000000000000e+00,8.251824951171875000e+02,8.251824951171875000e+02,8.251824951171875000e+02,8.251824951171875000e+02,9.099999998333718167e+02
2.459999999999999964e-01,1.041495784883282122e-05,3.625726080898627018e-06,1.082308979831448982e-11,-1.784173724777746265e-06,-6.211121528593360004e-07,2.051760905605693806e-13,8.924490213394165039e-01,5.126183032989501953e+00,-4.841148376464843750e+00,-1.041495784883282122e-05,-3.625726080898627018e-06,-1.082308979831448982e-11,0.000000000000000000e+00,0.000000000000000000e+00,0.000000000000000000e+00,0.000000000000000000e+00,0.000000000000000000e+00,0.000000000000000000e+00,0.000000000000000000e+00,8.252403564453125000e+02,8.252403564453125000e+02,8.252403564453125000e+02,8.252403564453125000e+02,9.099999998332502855e+02
2.469999999999999973e-01,8.690050529100604257e-06,3.025245499258137359e-06,1.100759978780684558e-11,-1.724907319732216964e-06,-6.004805816404896583e-07,1.845099894923557671e-13,8.924490213394165039e-01,5.126183032989501953e+00,-4.841148376464843750e+00,-8.690050529100604257e-06,-3.025245499258137359e-06,-1.100759978780684558e-11,0.000000000000000000e+00,0.000000000000000000e+00,0.000000000000000000e+00,0.000000000000000000e+00,0.000000000000000000e+00,0.000000000000000000e+00,0.000000000000000000e+00,8.252968750000000000e+02,8.252968750000000000e+02,8.252968750000000000e+02,8.252968750000000000e+02,9.099999998331655888e+02
2.479999999999999982e-01,7.037206741563626666e-06,2.449851097390040030e-06,1.117256084005255889e-11,-1.652843787536977591e-06,-5.753944018680973292e-07,1.649610522457133076e-13,8.924487829208374023e-01,5.126183032989501953e+00,-4.841148376464843750e+00,-7.037206741563626666e-06,-2.449851097390040030e-06,-1.117256084005255889e-11,0.000000000000000000e+00,0.000000000000000000e+00,0.000000000000000000e+00,0.000000000000000000e+00,0.000000000000000000e+00,0.000000000000000000e+00,0.000000000000000000e+00,8.253520507812500000e+02,8.253520507812500000e+02,8.253520507812500000e+02,8.253520507812500000e+02,9.099999998331099960e+02
2.489999999999999991e-01,5.468687448185612913e-06,1.903811841232235424e-06,1.131949244482284342e-11,-1.568519293378013753e-06,-5.460392561578046061e-07,1.469316047702845309e-13,8.924489021301269531e-01,5.126183032989501953e+00,-4.841148376464843750e+00,-5.468687448185612913e-06,-1.903811841232235424e-06,-1.131949244482284342e-11,0.000000000000000000e+00,0.000000000000000000e+00,0.000000000000000000e+00,0.000000000000000000e+00,0.000000000000000000e+00,0.000000000000000000e+00,0.000000000000000000e+00,8.254059448242187500e+02,8.254059448242187500e+02,8.254059448242187500e+02,8.254059448242187500e+02,9.099999998330764583e+02
2.500000000000000000e-01,3.996129102657475082e-06,1.391178078116036747e-06,1.145024227606062648e-11,-1.472558345528137831e-06,-5.126337631161986766e-07,1.307498312377830581e-13,8.924484252929687500e-01,5.126182079315185547e+00,-4.841147422790527344e+00,-3.996129102657475082e-06,-1.391178078116036747e-06,-1.145024227606062648e-11,0.000000000000000000e+00,0.000000000000000000e+00,0.000000000000000000e+00,0.000000000000000000e+00,0.000000000000000000e+00,0.000000000000000000e+00,0.000000000000000000e+00,8.254585571289062500e+02,8.254585571289062500e+02,8.254585571289062500e+02,8.254585571289062500e+02,9.099999998330586095e+02
2.510000000000000009e-01,2.630454289532979964e-06,9.157523265519783884e-07,1.156690044094073992e-11,-1.365674813124495117e-06,-4.754257515640583591e-07,1.166581648801134389e-13,8.924483060836791992e-01,5.126181602478027344e+00,-4.841147422790527344e+00,-2.630454289532979964e-06,-9.157523265519783884e-07,-1.156690044094073992e-11,0.000000000000000000e+00,0.000000000000000000e+00,0.000000000000000000e+00,0.000000000000000000e+00,0.000000000000000000e+00,0.000000000000000000e+00,0.000000000000000000e+00,8.255099487304687500e+02,8.255099487304687500e+02,8.255099487304687500e+02,8.255099487304687500e+02,9.099999998330508788e+02
2.520000000000000018e-01,1.381788978918156701e-06,4.810601677933703045e-07,1.167171208580063513e-11,-1.248665310614823263e-06,-4.346921587586080840e-07,1.048116448598952085e-13,8.924484252929687500e-01,5.126181602478027344e+00,-4.841147422790527344e+00,-1.381788978918156701e-06,-4.810601677933703045e-07,-1.167171208580063513e-11,0.000000000000000000e+00,0.000000000000000000e+00,0.000000000000000000e+00,0.000000000000000000e+00,0.000000000000000000e+00,0.000000000000000000e+00,0.000000000000000000e+00,8.255600585937500000e+02,8.255600585937500000e+02,8.255600585937500000e+02,8.255600585937500000e+02,9.099999998330487188e+02
2.530000000000000027e-01,2.593883304916887283e-07,9.032335106591136282e-08,1.176698439546248230e-11,-1.122400648426468026e-06,-3.907368167274589549e-07,9.527230966184716971e-14,8.924483060836791992e-01,5.126181602478027344e+00,-4.841147422790527344e+00,-2.593883304916887283e-07,-9.032335106591136282e-08,-1.176698439546248230e-11,0.000000000000000000e+00,0.000000000000000000e+00,0.000000000000000000e+00,0.000000000000000000e+00,0.000000000000000000e+00,0.000000000000000000e+00,0.000000000000000000e+00,8.256090698242187500e+02,8.256090698242187500e+02,8.256090698242187500e+02,8.256090698242187500e+02,9.099999998330486051e+02
2.540000000000000036e-01,-7.284342455867035236e-07,-2.535637679813905394e-07,1.185499671020548337e-11,-9.878225760783923048e-07,-3.438871190473018889e-07,8.801231474300107150e-14,8.924483060836791992e-01,5.126181602478027344e+00,-4.841147422790527344e+00,7.284342455867035236e-07,2.535637679813905394e-07,-1.185499671020548337e-11,0.000000000000000000e+00,0.000000000000000000e+00,0.000000000000000000e+00,0.000000000000000000e+00,0.000000000000000000e+00,0.000000000000000000e+00,0.000000000000000000e+00,8.256568603515625000e+02,8.256568603515625000e+02,8.256568603515625000e+02,8.256568603515625000e+02,9.099999998330480366e+02
2.550000000000000044e-01,-1.574369274881394158e-06,-5.480564402701140974e-07,1.193791073208633957e-11,-8.459350292946906340e-07,-2.944926722887235580e-07,8.291402188085619682e-14,8.924483060836791992e-01,5.126182079315185547e+00,-4.841147422790527344e+00,1.574369274881394158e-06,5.480564402701140974e-07,-1.193791073208633957e-11,0.000000000000000000e+00,0.000000000000000000e+00,0.000000000000000000e+00,0.000000000000000000e+00,0.000000000000000000e+00,0.000000000000000000e+00,0.000000000000000000e+00,8.257035522460937500e+02,8.257035522460937500e+02,8.257035522460937500e+02,8.257035522460937500e+02,9.099999998330451945e+02
2.560000000000000053e-01,-2.272165873332496650e-06,-7.909784539538885947e-07,1.201768778741134889e-11,-6.977965984511024928e-07,-2.429220136837744973e-07,7.977705532500932545e-14,8.924483060836791992e-01,5.126181602478027344e+00,-4.841147422790527344e+00,2.272165873332496650e-06,7.909784539538885947e-07,-1.201768778741134889e-11,0.000000000000000000e+00,0.000000000000000000e+00,0.000000000000000000e+00,0.000000000000000000e+00,0.000000000000000000e+00,0.000000000000000000e+00,0.000000000000000000e+00,8.257491455078125000e+02,8.257491455078125000e+02,8.257491455078125000e+02,8.257491455078125000e+02,9.099999998330395101e+02
2.570000000000000062e-01,-2.816680091687024565e-06,-9.805387496360497778e-07,1.209601757035473766e-11,-5.445142183545279145e-07,-1.895602956821611830e-07,7.832978294338876700e-14,8.924483060836791992e-01,5.126181125640869141e+00,-4.841146945953369141e+00,2.816680091687024565e-06,9.805387496360497778e-07,-1.209601757035473766e-11,0.000000000000000000e+00,0.000000000000000000e+00,0.000000000000000000e+00,0.000000000000000000e+00,0.000000000000000000e+00,0.000000000000000000e+00,0.000000000000000000e+00,8.257937011718750000e+02,8.257937011718750000e+02,8.257937011718750000e+02,8.257937011718750000e+02,9.099999998330305289e+02
2.580000000000000071e-01,-3.203912064377569671e-06,-1.115345109476989648e-06,1.217425476919748116e-11,-3.872319726905451063e-07,-1.348063598409398702e-07,7.823719884274350277e-14,8.924483060836791992e-01,5.126181125640869141e+00,-4.841146945953369141e+00,3.203912064377569671e-06,1.115345109476989648e-06,-1.217425476919748116e-11,0.000000000000000000e+00,0.000000000000000000e+00,0.000000000000000000e+00,0.000000000000000000e+00,0.000000000000000000e+00,0.000000000000000000e+00,0.000000000000000000e+00,8.258371582031250000e+02,8.258371582031250000e+02,8.258371582031250000e+02,8.258371582031250000e+02,9.099999998330190465e+02
2.590000000000000080e-01,-3.431037865957991174e-06,-1.194414004191448854e-06,1.225336501069794328e-11,-2.271258015804215031e-07,-7.906889471445920579e-08,7.911024150046212176e-14,8.924483060836791992e-01,5.126181125640869141e+00,-4.841147422790527344e+00,3.431037865957991174e-06,1.194414004191448854e-06,-1.225336501069794328e-11,0.000000000000000000e+00,0.000000000000000000e+00,0.000000000000000000e+00,0.000000000000000000e+00,0.000000000000000000e+00,0.000000000000000000e+00,0.000000000000000000e+00,8.258795776367187500e+02,8.258795776367187500e+02,8.258795776367187500e+02,8.258795776367187500e+02,9.099999998330058588e+02
2.600000000000000089e-01,-3.496430477319877346e-06,-1.217179244157251516e-06,1.233389584109074076e-11,-6.539261136188617148e-08,-2.276523996580266216e-08,8.053083039279747336e-14,8.924484252929687500e-01,5.126181125640869141e+00,-4.841147422790527344e+00,3.496430477319877346e-06,1.217179244157251516e-06,-1.233389584109074076e-11,0.000000000000000000e+00,0.000000000000000000e+00,0.000000000000000000e+00,0.000000000000000000e+00,0.000000000000000000e+00,0.000000000000000000e+00,0.000000000000000000e+00,8.259210205078125000e+02,8.259210205078125000e+02,8.259210205078125000e+02,8.259210205078125000e+02,9.099999998329921027e+02
2.610000000000000098e-01,-3.399672609689019681e-06,-1.183495388969923216e-06,1.241595315791603851e-11,9.675786763085766445e-08,3.368385518732830032e-08,8.205731682529775610e-14,8.924484252929687500e-01,5.126181125640869141e+00,-4.841147422790527344e+00,3.399672609689019681e-06,1.183495388969923216e-06,-1.241595315791603851e-11,0.000000000000000000e+00,0.000000000000000000e+00,0.000000000000000000e+00,0.000000000000000000e+00,0.000000000000000000e+00,0.000000000000000000e+00,0.000000000000000000e+00,8.259614868164062500e+02,8.259614868164062500e+02,8.259614868164062500e+02,8.259614868164062500e+02,9.099999998329791424e+02
2.620000000000000107e-01,-3.141559147291410096e-06,-1.093639172331188405e-06,1.249919620547565467e-11,2.581134623976095854e-07,8.985621663873481035e-08,8.324304755961615375e-14,8.924484252929687500e-01,5.126181125640869141e+00,-4.841147899627685547e+00,3.141559147291410096e-06,1.093639172331188405e-06,-1.249919620547565467e-11,0.000000000000000000e+00,0.000000000000000000e+00,0.000000000000000000e+00,0.000000000000000000e+00,0.000000000000000000e+00,0.000000000000000000e+00,0.000000000000000000e+00,8.260010375976562500e+02,8.260010375976562500e+02,8.260010375976562500e+02,8.260010375976562500e+02,9.099999998329681148e+02
2.630000000000000115e-01,-2.724093686909746486e-06,-9.483081789382232514e-07,1.258285364095068240e-11,4.174654603816636103e-07,1.453309933929651539e-07,8.365743547502773522e-14,8.924484252929687500e-01,5.126181125640869141e+00,-4.841147899627685547e+00,2.724093686909746486e-06,9.483081789382232514e-07,-1.258285364095068240e-11,0.000000000000000000e+00,0.000000000000000000e+00,0.000000000000000000e+00,0.000000000000000000e+00,0.000000000000000000e+00,0.000000000000000000e+00,0.000000000000000000e+00,8.260396118164062500e+02,8.260396118164062500e+02,8.260396118164062500e+02,8.260396118164062500e+02,9.099999998329598156e+02
2.640000000000000124e-01,-2.150471439221465067e-06,-7.486149413741661186e-07,1.266574802529828938e-11,5.736222476882814191e-07,1.996932375640571328e-07,8.289438434760698277e-14,8.924484252929687500e-01,5.126180648803710938e+00,-4.841147899627685547e+00,2.150471439221465067e-06,7.486149413741661186e-07,-1.266574802529828938e-11,0.000000000000000000e+00,0.000000000000000000e+00,0.000000000000000000e+00,0.000000000000000000e+00,0.000000000000000000e+00,0.000000000000000000e+00,0.000000000000000000e+00,8.260772705078125000e+02,8.260772705078125000e+02,8.260772705078125000e+02,8.260772705078125000e+02,9.099999998329545861e+02
2.650000000000000133e-01,-1.425057855471278999e-06,-4.960791032213830799e-07,1.274634474737169934e-11,7.254135837501860680e-07,2.525358381527830387e-07,8.059672207340995883e-14,8.924485445022583008e-01,5.126181602478027344e+00,-4.841147899627685547e+00,1.425057855471278999e-06,4.960791032213830799e-07,-1.274634474737169934e-11,0.000000000000000000e+00,0.000000000000000000e+00,0.000000000000000000e+00,0.000000000000000000e+00,0.000000000000000000e+00,0.000000000000000000e+00,0.000000000000000000e+00,8.261140747070312500e+02,8.261140747070312500e+02,8.261140747070312500e+02,8.261140747070312500e+02,9.099999998329523123e+02
2.660000000000000142e-01,-5.533548881471223288e-07,-1.926163380089575497e-07,1.282280078050038382e-11,8.717029673241566699e-07,3.034627652124255567e-07,7.645603312868447924e-14,8.924484252929687500e-01,5.126181602478027344e+00,-4.841147899627685547e+00,5.533548881471223288e-07,1.926163380089575497e-07,-1.282280078050038382e-11,0.000000000000000000e+00,0.000000000000000000e+00,0.000000000000000000e+00,0.000000000000000000e+00,0.000000000000000000e+00,0.000000000000000000e+00,0.000000000000000000e+00,8.261499633789062500e+02,8.261499633789062500e+02,8.261499633789062500e+02,8.261499633789062500e+02,9.099999998329519713e+02
2.670000000000000151e-01,4.580392621199037212e-07,1.594763067832822728e-07,1.289304314600598665e-11,1.011394150267025997e-06,3.520926447922398490e-07,7.024236550560282381e-14,8.924485445022583008e-01,5.126181125640869141e+00,-4.841148376464843750e+00,-4.580392621199037212e-07,-1.594763067832822728e-07,-1.289304314600598665e-11,0.000000000000000000e+00,0.000000000000000000e+00,0.000000000000000000e+00,0.000000000000000000e+00,0.000000000000000000e+00,0.000000000000000000e+00,0.000000000000000000e+00,8.261850585937500000e+02,8.261850585937500000e+02,8.261850585937500000e+02,8.261850585937500000e+02,9.099999998329517439e+02
2.680000000000000160e-01,1.601479406986434751e-06,5.575371903312622764e-07,1.295483903605620149e-11,1.143440144866531083e-06,3.980608835479800036e-07,6.179589005021484074e-14,8.924485445022583008e-01,5.126181602478027344e+00,-4.841148376464843750e+00,-1.601479406986434751e-06,-5.575371903312622764e-07,-1.295483903605620149e-11,0.000000000000000000e+00,0.000000000000000000e+00,0.000000000000000000e+00,0.000000000000000000e+00,0.000000000000000000e+00,0.000000000000000000e+00,0.000000000000000000e+00,8.262192993164062500e+02,8.262192993164062500e+02,8.262192993164062500e+02,8.262192993164062500e+02,9.099999998329489017e+02
2.690000000000000169e-01,2.868330467714486488e-06,9.985600269056250794e-07,1.300588986294894819e-11,1.266851060728051737e-06,4.410228365743628029e-07,5.105082689274670192e-14,8.924485445022583008e-01,5.126181602478027344e+00,-4.841148376464843750e+00,-2.868330467714486488e-06,-9.985600269056250794e-07,-1.300588986294894819e-11,0.000000000000000000e+00,0.000000000000000000e+00,0.000000000000000000e+00,0.000000000000000000e+00,0.000000000000000000e+00,0.000000000000000000e+00,0.000000000000000000e+00,8.262527465820312500e+02,8.262527465820312500e+02,8.262527465820312500e+02,8.262527465820312500e+02,9.099999998329396931e+02
2.700000000000000178e-01,4.249031340709454542e-06,1.479216340587780665e-06,1.304391288703503236e-11,1.380700872994968054e-06,4.806563136821555853e-07,3.802302408608417175e-14,8.924486637115478516e-01,5.126181602478027344e+00,-4.841147422790527344e+00,-4.249031340709454542e-06,-1.479216340587780665e-06,-1.304391288703503236e-11,0.000000000000000000e+00,0.000000000000000000e+00,0.000000000000000000e+00,0.000000000000000000e+00,0.000000000000000000e+00,0.000000000000000000e+00,0.000000000000000000e+00,8.262854003906250000e+02,8.262854003906250000e+02,8.262854003906250000e+02,8.262854003906250000e+02,9.099999998329194568e+02
2.710000000000000187e-01,5.733166701722612095e-06,1.995880197263109903e-06,1.306674067488824469e-11,1.484135361013157552e-06,5.166638566753292380e-07,2.282778785321233125e-14,8.924487829208374023e-01,5.126181602478027344e+00,-4.841147899627685547e+00,-5.733166701722612095e-06,-1.995880197263109903e-06,-1.306674067488824469e-11,0.000000000000000000e+00,0.000000000000000000e+00,0.000000000000000000e+00,0.000000000000000000e+00,0.000000000000000000e+00,0.000000000000000000e+00,0.000000000000000000e+00,8.263172607421875000e+02,8.263172607421875000e+02,8.263172607421875000e+02,8.263172607421875000e+02,9.099999998328826223e+02
2.720000000000000195e-01,7.309545272940697816e-06,2.544655442891256861e-06,1.307240796407414578e-11,1.576378571218085721e-06,5.487752456281469589e-07,5.667289185901085032e-15,8.924489021301269531e-01,5.126182079315185547e+00,-4.841148853302001953e+00,-7.309545272940697816e-06,-2.544655442891256861e-06,-1.307240796407414578e-11,0.000000000000000000e+00,0.000000000000000000e+00,0.000000000000000000e+00,0.000000000000000000e+00,0.000000000000000000e+00,0.000000000000000000e+00,0.000000000000000000e+00,8.263483886718750000e+02,8.263483886718750000e+02,8.263483886718750000e+02,8.263483886718750000e+02,9.099999998328227093e+02
2.730000000000000204e-01,8.966282670074272984e-06,3.121404913720321285e-06,1.305924294201230021e-11,1.656737397133575168e-06,5.767494708290644231e-07,-1.316502206184556761e-14,8.924490213394165039e-01,5.126182556152343750e+00,-4.841148853302001953e+00,-8.966282670074272984e-06,-3.121404913720321285e-06,-1.305924294201230021e-11,0.000000000000000000e+00,0.000000000000000000e+00,0.000000000000000000e+00,0.000000000000000000e+00,0.000000000000000000e+00,0.000000000000000000e+00,0.000000000000000000e+00,8.263787841796875000e+02,8.263787841796875000e+02,8.263787841796875000e+02,8.263787841796875000e+02,9.099999998327325557e+02
2.740000000000000213e-01,1.069089035611104576e-05,3.721781071389554409e-06,1.302593499556693076e-11,1.724607686036772777e-06,6.003761576692331241e-07,-3.330794644536945063e-14,8.924489021301269531e-01,5.126182556152343750e+00,-4.841148853302001953e+00,-1.069089035611104576e-05,-3.721781071389554409e-06,-1.302593499556693076e-11,0.000000000000000000e+00,0.000000000000000000e+00,0.000000000000000000e+00,0.000000000000000000e+00,0.000000000000000000e+00,0.000000000000000000e+00,0.000000000000000000e+00,8.264084472656250000e+02,8.264084472656250000e+02,8.264084472656250000e+02,8.264084472656250000e+02,9.099999998326044306e+02
2.750000000000000222e-01,1.247036846262368583e-05,4.341258673587043551e-06,1.297162337625666743e-11,1.779478106512640071e-06,6.194776021974891419e-07,-5.431161931026332621e-14,8.924490213394165039e-01,5.126182556152343750e+00,-4.841148853302001953e+00,-1.247036846262368583e-05,-4.341258673587043551e-06,-1.297162337625666743e-11,0.000000000000000000e+00,0.000000000000000000e+00,0.000000000000000000e+00,0.000000000000000000e+00,0.000000000000000000e+00,0.000000000000000000e+00,0.000000000000000000e+00,8.264374389648437500e+02,8.264374389648437500e+02,8.264374389648437500e+02,8.264374389648437500e+02,9.099999998324300350e+02
2.760000000000000231e-01,1.429130593907566071e-05,4.975168767818149251e-06,1.289593569581831606e-11,1.820937476451974876e-06,6.339100942311057002e-07,-7.568768043835136748e-14,8.924490213394165039e-01,5.126183509826660156e+00,-4.841149806976318359e+00,-1.429130593907566071e-05,-4.975168767818149251e-06,-1.289593569581831606e-11,0.000000000000000000e+00,0.000000000000000000e+00,0.000000000000000000e+00,0.000000000000000000e+00,0.000000000000000000e+00,0.000000000000000000e+00,0.000000000000000000e+00,8.264657592773437500e+02,8.264657592773437500e+02,8.264657592773437500e+02,8.264657592773437500e+02,9.099999998322010697e+02
2.770000000000000240e-01,1.613997744523901139e-05,5.618733092284937927e-06,1.279904744709244381e-11,1.848671506163350681e-06,6.435643244667886760e-07,-9.688824872587225927e-14,8.924490213394165039e-01,5.126183986663818359e+00,-4.841149806976318359e+00,-1.613997744523901139e-05,-5.618733092284937927e-06,-1.279904744709244381e-11,0.000000000000000000e+00,0.000000000000000000e+00,0.000000000000000000e+00,0.000000000000000000e+00,0.000000000000000000e+00,0.000000000000000000e+00,0.000000000000000000e+00,8.264933471679687500e+02,8.264933471679687500e+02,8.264933471679687500e+02,8.264933471679687500e+02,9.099999998319090082e+02
2.780000000000000249e-01,1.800244675738819932e-05,6.267101326542613159e-06,1.268170106491980963e-11,1.862469312149187933e-06,6.483682342576752323e-07,-1.173463821726341765e-13,8.924491405487060547e-01,5.126183986663818359e+00,-4.841149806976318359e+00,-1.800244675738819932e-05,-6.267101326542613159e-06,-1.268170106491980963e-11,0.000000000000000000e+00,0.000000000000000000e+00,0.000000000000000000e+00,0.000000000000000000e+00,0.000000000000000000e+00,0.000000000000000000e+00,0.000000000000000000e+00,8.265203247070312500e+02,8.265203247070312500e+02,8.265203247070312500e+02,8.265203247070312500e+02,9.099999998315455514e+02
2.790000000000000258e-01,1.986467505982587067e-05,6.915385288823453978e-06,1.254522424298345395e-11,1.862228302437671348e-06,6.482839622808408191e-07,-1.364768219363556808e-13,8.924491405487060547e-01,5.126183986663818359e+00,-4.841150760650634766e+00,-1.986467505982587067e-05,-6.915385288823453978e-06,-1.254522424298345395e-11,0.000000000000000000e+00,0.000000000000000000e+00,0.000000000000000000e+00,0.000000000000000000e+00,0.000000000000000000e+00,0.000000000000000000e+00,0.000000000000000000e+00,8.265466918945312500e+02,8.265466918945312500e+02,8.265466918945312500e+02,8.265466918945312500e+02,9.099999998311031959e+02
2.800000000000000266e-01,2.171262027996667364e-05,7.558696390248732894e-06,1.239151868336200813e-11,1.847945220140802974e-06,6.433111014252789159e-07,-1.537055596214458212e-13,8.924491405487060547e-01,5.126183986663818359e+00,-4.841150760650634766e+00,-2.171262027996667364e-05,-7.558696390248732894e-06,-1.239151868336200813e-11,0.000000000000000000e+00,0.000000000000000000e+00,0.000000000000000000e+00,0.000000000000000000e+00,0.000000000000000000e+00,0.000000000000000000e+00,0.000000000000000000e+00,8.265723876953125000e+02,8.265723876953125000e+02,8.265723876953125000e+02,8.265723876953125000e+02,9.099999998305745521e+02
2.810000000000000275e-01,2.353234619408506800e-05,8.192184717484655773e-06,1.222304285731764321e-11,1.819725914118394352e-06,6.334883272359228786e-07,-1.684758260443649181e-13,8.924492597579956055e-01,5.126184463500976562e+00,-4.841150760650634766e+00,-2.353234619408506800e-05,-8.192184717484655773e-06,-1.222304285731764321e-11,0.000000000000000000e+00,0.000000000000000000e+00,0.000000000000000000e+00,0.000000000000000000e+00,0.000000000000000000e+00,0.000000000000000000e+00,0.000000000000000000e+00,8.265975341796875000e+02,8.265975341796875000e+02,8.265975341796875000e+02,8.265975341796875000e+02,9.099999998299537083e+02
2.819999999999999729e-01,2.531012501928709457e-05,8.811070787400291916e-06,1.204277151525570339e-11,1.777778825202026570e-06,6.188860699156361434e-07,-1.802713420619398149e-13,8.924492597579956055e-01,5.126184463500976562e+00,-4.841150760650634766e+00,-2.531012501928709457e-05,-8.811070787400291916e-06,-1.204277151525570339e-11,0.000000000000000000e+00,0.000000000000000000e+00,0.000000000000000000e+00,0.000000000000000000e+00,0.000000000000000000e+00,0.000000000000000000e+00,0.000000000000000000e+00,8.266220092773437500e+02,8.266220092773437500e+02,8.266220092773437500e+02,8.266220092773437500e+02,9.099999998292354348e+02
2.829999999999999738e-01,2.703254326237022748e-05,9.410685036834501825e-06,1.185413404110464349e-11,1.722418243083132915e-06,5.996142494342099089e-07,-1.886374741510599010e-13,8.924492597579956055e-01,5.126184940338134766e+00,-4.841150760650634766e+00,-2.703254326237022748e-05,-9.410685036834501825e-06,-1.185413404110464349e-11,0.000000000000000000e+00,0.000000000000000000e+00,0.000000000000000000e+00,0.000000000000000000e+00,0.000000000000000000e+00,0.000000000000000000e+00,0.000000000000000000e+00,8.266459960937500000e+02,8.266459960937500000e+02,8.266459960937500000e+02,8.266459960937500000e+02,9.099999998284162075e+02
2.839999999999999747e-01,2.868659779801913424e-05,9.986500391475875237e-06,1.166095847199173632e-11,1.654054535648906757e-06,5.758153546413734123e-07,-1.931755691129071745e-13,8.924492597579956055e-01,5.126184940338134766e+00,-4.841150760650634766e+00,-2.868659779801913424e-05,-9.986500391475875237e-06,-1.166095847199173632e-11,0.000000000000000000e+00,0.000000000000000000e+00,0.000000000000000000e+00,0.000000000000000000e+00,0.000000000000000000e+00,0.000000000000000000e+00,0.000000000000000000e+00,8.266693725585937500e+02,8.266693725585937500e+02,8.266693725585937500e+02,8.266693725585937500e+02,9.099999998274935251e+02
2.849999999999999756e-01,3.025979846077750285e-05,1.053416972007466186e-05,1.146737114613568167e-11,1.573200662758368607e-06,5.476693285987866263e-07,-1.935873258560546451e-13,8.924493789672851562e-01,5.126186370849609375e+00,-4.841151714324951172e+00,-3.025979846077750285e-05,-1.053416972007466186e-05,-1.146737114613568167e-11,0.000000000000000000e+00,0.000000000000000000e+00,0.000000000000000000e+00,0.000000000000000000e+00,0.000000000000000000e+00,0.000000000000000000e+00,0.000000000000000000e+00,8.266921997070312500e+02,8.266921997070312500e+02,8.266921997070312500e+02,8.266921997070312500e+02,9.099999998264669330e+02
2.859999999999999765e-01,3.174025923791191000e-05,1.104955351799071504e-05,1.127771813849671898e-11,1.480460777134407158e-06,5.153837979160531715e-07,-1.896530076389626918e-13,8.924493789672851562e-01,5.126186370849609375e+00,-4.841152667999267578e+00,-3.174025923791191000e-05,-1.104955351799071504e-05,-1.127771813849671898e-11,0.000000000000000000e+00,0.000000000000000000e+00,0.000000000000000000e+00,0.000000000000000000e+00,0.000000000000000000e+00,0.000000000000000000e+00,0.000000000000000000e+00,8.267144775390625000e+02,8.267144775390625000e+02,8.267144775390625000e+02,8.267144775390625000e+02,9.099999998253373406e+02
2.869999999999999774e-01,3.311678294849959851e-05,1.152875654718342634e-05,1.109645343106561971e-11,1.376523710587688510e-06,4.792030291927113037e-07,-1.812647074310992763e-13,8.924493789672851562e-01,5.126186847686767578e+00,-4.841152191162109375e+00,-3.311678294849959851e-05,-1.152875654718342634e-05,-1.109645343106561971e-11,0.000000000000000000e+00,0.000000000000000000e+00,0.000000000000000000e+00,0.000000000000000000e+00,0.000000000000000000e+00,0.000000000000000000e+00,0.000000000000000000e+00,8.267362670898437500e+02,8.267362670898437500e+02,8.267362670898437500e+02,8.267362670898437500e+02,9.099999998241077037e+02
2.879999999999999782e-01,3.437895406473630717e-05,1.196815063442768080e-05,1.092804310376372119e-11,1.262171116236708655e-06,4.393940872442544655e-07,-1.684103273018985167e-13,8.924494981765747070e-01,5.126186847686767578e+00,-4.841152191162109375e+00,-3.437895406473630717e-05,-1.196815063442768080e-05,-1.092804310376372119e-11,0.000000000000000000e+00,0.000000000000000000e+00,0.000000000000000000e+00,0.000000000000000000e+00,0.000000000000000000e+00,0.000000000000000000e+00,0.000000000000000000e+00,8.267575073242187500e+02,8.267575073242187500e+02,8.267575073242187500e+02,8.267575073242187500e+02,9.099999998227825699e+02
2.889999999999999791e-01,3.551721362036018982e-05,1.236440805441579189e-05,1.077684256805846612e-11,1.138259555623882650e-06,3.962574199881110861e-07,-1.512005357052550665e-13,8.924496173858642578e-01,5.126187324523925781e+00,-4.841153144836425781e+00,-3.551721362036018982e-05,-1.236440805441579189e-05,-1.077684256805846612e-11,0.000000000000000000e+00,0.000000000000000000e+00,0.000000000000000000e+00,0.000000000000000000e+00,0.000000000000000000e+00,0.000000000000000000e+00,0.000000000000000000e+00,8.267782592773437500e+02,8.267782592773437500e+02,8.267782592773437500e+02,8.267782592773437500e+02,9.099999998213681920e+02
2.899999999999999800e-01,3.652292760529963350e-05,1.271452351375146227e-05,1.064700490912428176e-11,1.005713984939443683e-06,3.501154593356703751e-07,-1.298376589341843666e-13,8.924496173858642578e-01,5.126186847686767578e+00,-4.841153144836425781e+00,-3.652292760529963350e-05,-1.271452351375146227e-05,-1.064700490912428176e-11,0.000000000000000000e+00,0.000000000000000000e+00,0.000000000000000000e+00,0.000000000000000000e+00,0.000000000000000000e+00,0.000000000000000000e+00,0.000000000000000000e+00,8.267985229492187500e+02,8.267985229492187500e+02,8.267985229492187500e+02,8.267985229492187500e+02,9.099999998198726416e+02
2.909999999999999809e-01,3.738845536032110706e-05,1.301583694916573730e-05,1.054236354584094472e-11,8.655277550214735601e-07,3.013134354142750357e-07,-1.046413632833370365e-13,8.924497365951538086e-01,5.126187324523925781e+00,-4.841152667999267578e+00,-3.738845536032110706e-05,-1.301583694916573730e-05,-1.054236354584094472e-11,0.000000000000000000e+00,0.000000000000000000e+00,0.000000000000000000e+00,0.000000000000000000e+00,0.000000000000000000e+00,0.000000000000000000e+00,0.000000000000000000e+00,8.268182983398437500e+02,8.268182983398437500e+02,8.268182983398437500e+02,8.268182983398437500e+02,9.099999998183053549e+02
2.919999999999999818e-01,3.810720494412514670e-05,1.326605306884497078e-05,1.046634610915155744e-11,7.187495838040396426e-07,2.502161196792334740e-07,-7.601743668938728221e-14,8.924496173858642578e-01,5.126187324523925781e+00,-4.841152667999267578e+00,-3.810720494412514670e-05,-1.326605306884497078e-05,-1.046634610915155744e-11,0.000000000000000000e+00,0.000000000000000000e+00,0.000000000000000000e+00,0.000000000000000000e+00,0.000000000000000000e+00,0.000000000000000000e+00,0.000000000000000000e+00,8.268375854492187500e+02,8.268375854492187500e+02,8.268375854492187500e+02,8.268375854492187500e+02,9.099999998166771320e+02
2.929999999999999827e-01,3.867368198666614235e-05,1.346326007953679447e-05,1.042187755479466136e-11,5.664770425409956464e-07,1.972070106918236989e-07,-4.446855435689607882e-14,8.924497365951538086e-01,5.126187801361083984e+00,-4.841152667999267578e+00,-3.867368198666614235e-05,-1.346326007953679447e-05,-1.042187755479466136e-11,0.000000000000000000e+00,0.000000000000000000e+00,0.000000000000000000e+00,0.000000000000000000e+00,0.000000000000000000e+00,0.000000000000000000e+00,0.000000000000000000e+00,8.268564453125000000e+02,8.268564453125000000e+02,8.268564453125000000e+02,8.268564453125000000e+02,9.099999998150002511e+02
2.939999999999999836e-01,3.908354179936035912e-05,1.360594352832407731e-05,1.041131416027618144e-11,4.098598126942167670e-07,1.426834487872828379e-07,-1.056339451847991772e-14,8.924499750137329102e-01,5.126188755035400391e+00,-4.841154098510742188e+00,-3.908354179936035912e-05,-1.360594352832407731e-05,-1.041131416027618144e-11,0.000000000000000000e+00,0.000000000000000000e+00,0.000000000000000000e+00,0.000000000000000000e+00,0.000000000000000000e+00,0.000000000000000000e+00,0.000000000000000000e+00,8.268748779296875000e+02,8.268748779296875000e+02,8.268748779296875000e+02,8.268748779296875000e+02,9.099999998132875589e+02
2.949999999999999845e-01,3.933359914574982954e-05,1.369299607328892258e-05,1.043637709108464003e-11,2.500573463894704192e-07,8.705254496484526991e-08,2.506293080845859443e-14,8.924497365951538086e-01,5.126187801361083984e+00,-4.841153144836425781e+00,-3.933359914574982954e-05,-1.369299607328892258e-05,-1.043637709108464003e-11,0.000000000000000000e+00,0.000000000000000000e+00,0.000000000000000000e+00,0.000000000000000000e+00,0.000000000000000000e+00,0.000000000000000000e+00,0.000000000000000000e+00,8.268928833007812500e+02,8.268928833007812500e+02,8.268928833007812500e+02,8.268928833007812500e+02,9.099999998115530389e+02
2.959999999999999853e-01,3.942188035171028694e-05,1.372372806839863420e-05,1.049811151114884172e-11,8.828120596045740606e-08,3.073199510971162012e-08,6.173442006420168322e-14,8.924498558044433594e-01,5.126188278198242188e+00,-4.841153621673583984e+00,-3.942188035171028694e-05,-1.372372806839863420e-05,-1.049811151114884172e-11,0.000000000000000000e+00,0.000000000000000000e+00,0.000000000000000000e+00,0.000000000000000000e+00,0.000000000000000000e+00,0.000000000000000000e+00,0.000000000000000000e+00,8.269104614257812500e+02,8.269104614257812500e+02,8.269104614257812500e+02,8.269104614257812500e+02,9.099999998098105607e+02
2.969999999999999862e-01,3.934761353478721227e-05,1.369787489150372058e-05,1.059685527680972966e-11,-7.426681692307467511e-08,-2.585317689491361853e-08,9.874376566088793983e-14,8.924497365951538086e-01,5.126187801361083984e+00,-4.841153144836425781e+00,-3.934761353478721227e-05,-1.369787489150372058e-05,-1.059685527680972966e-11,0.000000000000000000e+00,0.000000000000000000e+00,0.000000000000000000e+00,0.000000000000000000e+00,0.000000000000000000e+00,0.000000000000000000e+00,0.000000000000000000e+00,8.269275512695312500e+02,8.269275512695312500e+02,8.269275512695312500e+02,8.269275512695312500e+02,9.099999998080746764e+02
2.979999999999999871e-01,3.911124814552374723e-05,1.361558961633988399e-05,1.073223456018044179e-11,-2.363653892634650397e-07,-8.228527516383659702e-08,1.353792833707121278e-13,8.924498558044433594e-01,5.126187801361083984e+00,-4.841153144836425781e+00,-3.911124814552374723e-05,-1.361558961633988399e-05,-1.073223456018044179e-11,0.000000000000000000e+00,0.000000000000000000e+00,0.000000000000000000e+00,0.000000000000000000e+00,0.000000000000000000e+00,0.000000000000000000e+00,0.000000000000000000e+00,8.269443359375000000e+02,8.269443359375000000e+02,8.269443359375000000e+02,8.269443359375000000e+02,9.099999998063595967e+02
2.989999999999999880e-01,3.871445171057271670e-05,1.347745441163602522e-05,1.090317058670678975e-11,-3.967964349510305286e-07,-1.381352047038587676e-07,1.709360265263479613e-13,8.924497365951538086e-01,5.126187801361083984e+00,-4.841153144836425781e+00,-3.871445171057271670e-05,-1.347745441163602522e-05,-1.090317058670678975e-11,0.000000000000000000e+00,0.000000000000000000e+00,0.000000000000000000e+00,0.000000000000000000e+00,0.000000000000000000e+00,0.000000000000000000e+00,0.000000000000000000e+00,8.269606933593750000e+02,8.269606933593750000e+02,8.269606933593750000e+02,8.269606933593750000e+02,9.099999998046791916e+02
2.999999999999999889e-01,3.816009354825669993e-05,1.328446751356224504e-05,1.110790785436102063e-11,-5.543581623160167681e-07,-1.929868980737801763e-07,2.047372676542308866e-13,8.924497365951538086e-01,5.126187801361083984e+00,-4.841153144836425781e+00,-3.816009354825669993e-05,-1.328446751356224504e-05,-1.110790785436102063e-11,0.000000000000000000e+00,0.000000000000000000e+00,0.000000000000000000e+00,0.000000000000000000e+00,0.000000000000000000e+00,0.000000000000000000e+00,0.000000000000000000e+00,8.269766235351562500e+02,8.269766235351562500e+02,8.269766235351562500e+02,8.269766235351562500e+02,9.099999998030465349e+02
3.009999999999999898e-01,3.745222197035200421e-05,1.303803834039787435e-05,1.134405727111294428e-11,-7.078715779046957225e-07,-2.464291731643706955e-07,2.361494167519236483e-13,8.924497365951538086e-01,5.126186847686767578e+00,-4.841152667999267578e+00,-3.745222197035200421e-05,-1.303803834039787435e-05,-1.134405727111294428e-11,0.000000000000000000e+00,0.000000000000000000e+00,0.000000000000000000e+00,0.000000000000000000e+00,0.000000000000000000e+00,0.000000000000000000e+00,0.000000000000000000e+00,8.269921875000000000e+02,8.269921875000000000e+02,8.269921875000000000e+02,8.269921875000000000e+02,9.099999998014737912e+02
3.019999999999999907e-01,3.659603822698478286e-05,1.273997853608947130e-05,1.160866300609362758e-11,-8.561837433672213468e-07,-2.980598043084030423e-07,2.646057349806832951e-13,8.924496173858642578e-01,5.126187324523925781e+00,-4.841152191162109375e+00,-3.659603822698478286e-05,-1.273997853608947130e-05,-1.160866300609362758e-11,0.000000000000000000e+00,0.000000000000000000e+00,0.000000000000000000e+00,0.000000000000000000e+00,0.000000000000000000e+00,0.000000000000000000e+00,0.000000000000000000e+00,8.270074462890625000e+02,8.270074462890625000e+02,8.270074462890625000e+02,8.270074462890625000e+02,9.099999997999722154e+02
3.029999999999999916e-01,3.559785742397503271e-05,1.239248568581086887e-05,1.189827014057385246e-11,-9.981808030097501531e-07,-3.474928502786024361e-07,2.896071344802248830e-13,8.924496173858642578e-01,5.126185894012451172e+00,-4.841152191162109375e+00,-3.559785742397503271e-05,-1.239248568581086887e-05,-1.189827014057385246e-11,0.000000000000000000e+00,0.000000000000000000e+00,0.000000000000000000e+00,0.000000000000000000e+00,0.000000000000000000e+00,0.000000000000000000e+00,0.000000000000000000e+00,8.270222778320312500e+02,8.270222778320312500e+02,8.270222778320312500e+02,8.270222778320312500e+02,9.099999997985514710e+02
3.039999999999999925e-01,3.446505641262876909e-05,1.199812865996718737e-05,1.220901890803464256e-11,-1.132801011346263622e-06,-3.943570258436815027e-07,3.107487674607901032e-13,8.924496173858642578e-01,5.126185894012451172e+00,-4.841152191162109375e+00,-3.446505641262876909e-05,-1.199812865996718737e-05,-1.220901890803464256e-11,0.000000000000000000e+00,0.000000000000000000e+00,0.000000000000000000e+00,0.000000000000000000e+00,0.000000000000000000e+00,0.000000000000000000e+00,0.000000000000000000e+00,8.270368041992187500e+02,8.270368041992187500e+02,8.270368041992187500e+02,8.270368041992187500e+02,9.099999997972197434e+02
3.049999999999999933e-01,3.320602493641808365e-05,1.155982807286688912e-05,1.253673534009267392e-11,-1.259031476210685442e-06,-4.383005871002982424e-07,3.277164320580313620e-13,8.924496173858642578e-01,5.126185894012451172e+00,-4.841152191162109375e+00,-3.320602493641808365e-05,-1.155982807286688912e-05,-1.253673534009267392e-11,0.000000000000000000e+00,0.000000000000000000e+00,0.000000000000000000e+00,0.000000000000000000e+00,0.000000000000000000e+00,0.000000000000000000e+00,0.000000000000000000e+00,8.270509643554687500e+02,8.270509643554687500e+02,8.270509643554687500e+02,8.270509643554687500e+02,9.099999997959833991e+02
3.059999999999999942e-01,3.183009723633326184e-05,1.108083429872780752e-05,1.287704347450488092e-11,-1.375927700084821808e-06,-4.789937741390816006e-07,3.403081344122069963e-13,8.924496173858642578e-01,5.126185894012451172e+00,-4.841152191162109375e+00,-3.183009723633326184e-05,-1.108083429872780752e-05,-1.287704347450488092e-11,0.000000000000000000e+00,0.000000000000000000e+00,0.000000000000000000e+00,0.000000000000000000e+00,0.000000000000000000e+00,0.000000000000000000e+00,0.000000000000000000e+00,8.270648193359375000e+02,8.270648193359375000e+02,8.270648193359375000e+02,8.270648193359375000e+02,9.099999997948474402e+02
3.069999999999999951e-01,3.034749342689891123e-05,1.056470223079519335e-05,1.322546677723846095e-11,-1.482603809434350609e-06,-5.161320679326141756e-07,3.484233027335800245e-13,8.924496173858642578e-01,5.126185894012451172e+00,-4.841152191162109375e+00,-3.034749342689891123e-05,-1.056470223079519335e-05,-1.322546677723846095e-11,0.000000000000000000e+00,0.000000000000000000e+00,0.000000000000000000e+00,0.000000000000000000e+00,0.000000000000000000e+00,0.000000000000000000e+00,0.000000000000000000e+00,8.270783081054687500e+02,8.270783081054687500e+02,8.270783081054687500e+02,8.270783081054687500e+02,9.099999997938149363e+02
3.079999999999999960e-01,2.876921853264616043e-05,1.001526766890377366e-05,1.357753948704428167e-11,-1.578274894252750795e-06,-5.494345618914196891e-07,3.520727098058207271e-13,8.924494981765747070e-01,5.126184940338134766e+00,-4.841151714324951172e+00,-2.876921853264616043e-05,-1.001526766890377366e-05,-1.357753948704428167e-11,0.000000000000000000e+00,0.000000000000000000e+00,0.000000000000000000e+00,0.000000000000000000e+00,0.000000000000000000e+00,0.000000000000000000e+00,0.000000000000000000e+00,8.270914916992187500e+02,8.270914916992187500e+02,8.270914916992187500e+02,8.270914916992187500e+02,9.099999997928869107e+02
3.089999999999999969e-01,2.710701363479272029e-05,9.436613936375794787e-06,1.392891559690081422e-11,-1.662204897853440140e-06,-5.786537325279788717e-07,3.513761098565325499e-13,8.924493789672851562e-01,5.126184940338134766e+00,-4.841151237487792969e+00,-2.710701363479272029e-05,-9.436613936375794787e-06,-1.392891559690081422e-11,0.000000000000000000e+00,0.000000000000000000e+00,0.000000000000000000e+00,0.000000000000000000e+00,0.000000000000000000e+00,0.000000000000000000e+00,0.000000000000000000e+00,8.271043701171875000e+02,8.271043701171875000e+02,8.271043701171875000e+02,8.271043701171875000e+02,9.099999997920631358e+02
3.099999999999999978e-01,2.537323536638715269e-05,8.833045824917089520e-06,1.427546684500502156e-11,-1.733778268405567602e-06,-6.035681114587052672e-07,3.465512481042073392e-13,8.924492597579956055e-01,5.126183986663818359e+00,-4.841150760650634766e+00,-2.537323536638715269e-05,-8.833045824917089520e-06,-1.427546684500502156e-11,0.000000000000000000e+00,0.000000000000000000e+00,0.000000000000000000e+00,0.000000000000000000e+00,0.000000000000000000e+00,0.000000000000000000e+00,0.000000000000000000e+00,8.271169433593750000e+02,8.271169433593750000e+02,8.271169433593750000e+02,8.271169433593750000e+02,9.099999997913412244e+02
3.109999999999999987e-01,2.358078914610495653e-05,8.209053768849140261e-06,1.461337997542508245e-11,-1.792446220282196159e-06,-6.239920560679492590e-07,3.379131304200608847e-13,8.924492597579956055e-01,5.126183986663818359e+00,-4.841150760650634766e+00,-2.358078914610495653e-05,-8.209053768849140261e-06,-1.461337997542508245e-11,0.000000000000000000e+00,0.000000000000000000e+00,0.000000000000000000e+00,0.000000000000000000e+00,0.000000000000000000e+00,0.000000000000000000e+00,0.000000000000000000e+00,8.271292114257812500e+02,8.271292114257812500e+02,8.271292114257812500e+02,8.271292114257812500e+02,9.099999997907177658e+02
3.119999999999999996e-01,2.174301193028082435e-05,7.569281276229133368e-06,1.493923601875795272e-11,-1.837777215824132186e-06,-6.397724926200068930e-07,3.258560433328702706e-13,8.924492597579956055e-01,5.126184463500976562e+00,-4.841150760650634766e+00,-2.174301193028082435e-05,-7.569281276229133368e-06,-1.493923601875795272e-11,0.000000000000000000e+00,0.000000000000000000e+00,0.000000000000000000e+00,0.000000000000000000e+00,0.000000000000000000e+00,0.000000000000000000e+00,0.000000000000000000e+00,8.271412353515625000e+02,8.271412353515625000e+02,8.271412353515625000e+02,8.271412353515625000e+02,9.099999997901877578e+02
3.130000000000000004e-01,1.987359079070878830e-05,6.918493174192024838e-06,1.525008329396923160e-11,-1.869421139572036047e-06,-6.507881020371085299e-07,3.108472752112788874e-13,8.924491405487060547e-01,5.126183986663818359e+00,-4.841150283813476562e+00,-1.987359079070878830e-05,-6.918493174192024838e-06,-1.525008329396923160e-11,0.000000000000000000e+00,0.000000000000000000e+00,0.000000000000000000e+00,0.000000000000000000e+00,0.000000000000000000e+00,0.000000000000000000e+00,0.000000000000000000e+00,8.271528930664062500e+02,8.271528930664062500e+02,8.271528930664062500e+02,8.271528930664062500e+02,9.099999997897449475e+02
3.140000000000000013e-01,1.798644403823041344e-05,6.261535304961624914e-06,1.554349227529626893e-11,-1.887146752478374858e-06,-6.569578692303999233e-07,2.934089813270373302e-13,8.924491405487060547e-01,5.126183986663818359e+00,-4.841149806976318359e+00,-1.798644403823041344e-05,-6.261535304961624914e-06,-1.554349227529626893e-11,0.000000000000000000e+00,0.000000000000000000e+00,0.000000000000000000e+00,0.000000000000000000e+00,0.000000000000000000e+00,0.000000000000000000e+00,0.000000000000000000e+00,8.271643676757812500e+02,8.271643676757812500e+02,8.271643676757812500e+02,8.271643676757812500e+02,9.099999997893821728e+02
3.150000000000000022e-01,1.609562840142703219e-05,5.603299107193649133e-06,1.581759905784384863e-11,-1.890815636803381248e-06,-6.582361977679757810e-07,2.741067825475796983e-13,8.924491405487060547e-01,5.126183986663818359e+00,-4.841149330139160156e+00,-1.609562840142703219e-05,-5.603299107193649133e-06,-1.581759905784384863e-11,0.000000000000000000e+00,0.000000000000000000e+00,0.000000000000000000e+00,0.000000000000000000e+00,0.000000000000000000e+00,0.000000000000000000e+00,0.000000000000000000e+00,8.271755371093750000e+02,8.271755371093750000e+02,8.271755371093750000e+02,8.271755371093750000e+02,9.099999997890917030e+02
3.160000000000000031e-01,1.421522503553991759e-05,4.948688232873791807e-06,1.607111569074588158e-11,-1.880403365887114606e-06,-6.546108743198573266e-07,2.535166329020329502e-13,8.924490213394165039e-01,5.126183509826660156e+00,-4.841149330139160156e+00,-1.421522503553991759e-05,-4.948688232873791807e-06,-1.607111569074588158e-11,0.000000000000000000e+00,0.000000000000000000e+00,0.000000000000000000e+00,0.000000000000000000e+00,0.000000000000000000e+00,0.000000000000000000e+00,0.000000000000000000e+00,8.271864013671875000e+02,8.271864013671875000e+02,8.271864013671875000e+02,8.271864013671875000e+02,9.099999997888652388e+02
3.170000000000000040e-01,1.235924100160847559e-05,4.302578243328802160e-06,1.630335101201103425e-11,-1.855984033931441996e-06,-6.461099895449896470e-07,2.322353212651526656e-13,8.924490213394165039e-01,5.126183032989501953e+00,-4.841149330139160156e+00,-1.235924100160847559e-05,-4.302578243328802160e-06,-1.630335101201103425e-11,0.000000000000000000e+00,0.000000000000000000e+00,0.000000000000000000e+00,0.000000000000000000e+00,0.000000000000000000e+00,0.000000000000000000e+00,0.000000000000000000e+00,8.271970214843750000e+02,8.271970214843750000e+02,8.271970214843750000e+02,8.271970214843750000e+02,9.099999997886939127e+02
3.180000000000000049e-01,1.054150097494446729e-05,3.669780783458550032e-06,1.651418577886122409e-11,-1.817740026664008303e-06,-6.327974598702521279e-07,2.108347668501898389e-13,8.924490213394165039e-01,5.126183032989501953e+00,-4.841148853302001953e+00,-1.054150097494446729e-05,-3.669780783458550032e-06,-1.651418577886122409e-11,0.000000000000000000e+00,0.000000000000000000e+00,0.000000000000000000e+00,0.000000000000000000e+00,0.000000000000000000e+00,0.000000000000000000e+00,0.000000000000000000e+00,8.272074584960937500e+02,8.272074584960937500e+02,8.272074584960937500e+02,8.272074584960937500e+02,9.099999997885693119e+02
3.190000000000000058e-01,8.775542210494193432e-06,3.055009587967591697e-06,1.670404928102215928e-11,-1.765958764450273856e-06,-6.147711954909583344e-07,1.898635021609351966e-13,8.924489021301269531e-01,5.126183032989501953e+00,-4.841148376464843750e+00,-8.775542210494193432e-06,-3.055009587967591697e-06,-1.670404928102215928e-11,0.000000000000000000e+00,0.000000000000000000e+00,0.000000000000000000e+00,0.000000000000000000e+00,0.000000000000000000e+00,0.000000000000000000e+00,0.000000000000000000e+00,8.272175903320312500e+02,8.272175903320312500e+02,8.272175903320312500e+02,8.272175903320312500e+02,9.099999997884830236e+02
3.200000000000000067e-01,7.074515207754694908e-06,2.462842009375739770e-06,1.687387434519082802e-11,-1.701027002739498524e-06,-5.921675785918519273e-07,1.698250641686687351e-13,8.924489021301269531e-01,5.126183032989501953e+00,-4.841148376464843750e+00,-7.074515207754694908e-06,-2.462842009375739770e-06,-1.687387434519082802e-11,0.000000000000000000e+00,0.000000000000000000e+00,0.000000000000000000e+00,0.000000000000000000e+00,0.000000000000000000e+00,0.000000000000000000e+00,0.000000000000000000e+00,8.272274780273437500e+02,8.272274780273437500e+02,8.272274780273437500e+02,8.272274780273437500e+02,9.099999997884268623e+02
3.210000000000000075e-01,5.451083561467929983e-06,1.897686652693630118e-06,1.702503318147794665e-11,-1.623431646286764924e-06,-5.651553566821096519e-07,1.511588362871186282e-13,8.924487829208374023e-01,5.126183032989501953e+00,-4.841148853302001953e+00,-5.451083561467929983e-06,-1.897686652693630118e-06,-1.702503318147794665e-11,0.000000000000000000e+00,0.000000000000000000e+00,0.000000000000000000e+00,0.000000000000000000e+00,0.000000000000000000e+00,0.000000000000000000e+00,0.000000000000000000e+00,8.272371826171875000e+02,8.272371826171875000e+02,8.272371826171875000e+02,8.272371826171875000e+02,9.099999997883935521e+02
3.220000000000000084e-01,3.917329918979965517e-06,1.363749686987531353e-06,1.715927543367383827e-11,-1.533753642487964467e-06,-5.339369657060987655e-07,1.342422521958916212e-13,8.924484252929687500e-01,5.126181602478027344e+00,-4.841147899627685547e+00,-3.917329918979965517e-06,-1.363749686987531353e-06,-1.715927543367383827e-11,0.000000000000000000e+00,0.000000000000000000e+00,0.000000000000000000e+00,0.000000000000000000e+00,0.000000000000000000e+00,0.000000000000000000e+00,0.000000000000000000e+00,8.272465820312500000e+02,8.272465820312500000e+02,8.272465820312500000e+02,8.272465820312500000e+02,9.099999997883763854e+02
3.230000000000000093e-01,2.484664787377140112e-06,8.650034978324053860e-07,1.727863969619141550e-11,-1.432665131602825404e-06,-4.987461891551259667e-07,1.193642625175772297e-13,8.924484252929687500e-01,5.126181602478027344e+00,-4.841146945953369141e+00,-2.484664787377140112e-06,-8.650034978324053860e-07,-1.727863969619141550e-11,0.000000000000000000e+00,0.000000000000000000e+00,0.000000000000000000e+00,0.000000000000000000e+00,0.000000000000000000e+00,0.000000000000000000e+00,0.000000000000000000e+00,8.272558593750000000e+02,8.272558593750000000e+02,8.272558593750000000e+02,8.272558593750000000e+02,9.099999997883694505e+02
3.240000000000000102e-01,1.163741243731734584e-06,4.051566119868410271e-07,1.738536779168709233e-11,-1.320923543645405529e-06,-4.598468858455643589e-07,1.067280954956768361e-13,8.924483060836791992e-01,5.126181602478027344e+00,-4.841147422790527344e+00,-1.163741243731734584e-06,-4.051566119868410271e-07,-1.738536779168709233e-11,0.000000000000000000e+00,0.000000000000000000e+00,0.000000000000000000e+00,0.000000000000000000e+00,0.000000000000000000e+00,0.000000000000000000e+00,0.000000000000000000e+00,8.272648315429687500e+02,8.272648315429687500e+02,8.272648315429687500e+02,8.272648315429687500e+02,9.099999997883679725e+02
3.250000000000000111e-01,-3.562578737585146050e-08,-1.237386926951088050e-08,1.748181556737311303e-11,-1.199367031107585945e-06,-4.175304812563519325e-07,9.644777568602069204e-14,8.924484252929687500e-01,5.126181602478027344e+00,-4.841147422790527344e+00,3.562578737585146050e-08,1.237386926951088050e-08,-1.748181556737311303e-11,0.000000000000000000e+00,0.000000000000000000e+00,0.000000000000000000e+00,0.000000000000000000e+00,0.000000000000000000e+00,0.000000000000000000e+00,0.000000000000000000e+00,8.272736206054687500e+02,8.272736206054687500e+02,8.272736206054687500e+02,8.272736206054687500e+02,9.099999997883678589e+02
3.260000000000000120e-01,-1.104532546670361226e-06,-3.844882735558734772e-07,1.757035568162104099e-11,-1.068906759294509865e-06,-3.721144042863625719e-07,8.854011424792796273e-14,8.924483060836791992e-01,5.126181602478027344e+00,-4.841147422790527344e+00,1.104532546670361226e-06,3.844882735558734772e-07,-1.757035568162104099e-11,0.000000000000000000e+00,0.000000000000000000e+00,0.000000000000000000e+00,0.000000000000000000e+00,0.000000000000000000e+00,0.000000000000000000e+00,0.000000000000000000e+00,8.272822265625000000e+02,8.272822265625000000e+02,8.272822265625000000e+02,8.272822265625000000e+02,9.099999997883664946e+02
3.270000000000000129e-01,-2.035053638940993429e-06,-7.084273861965152357e-07,1.765328806959784891e-11,-9.305210922706322025e-07,-3.239391126406417585e-07,8.293238797680792383e-14,8.924483060836791992e-01,5.126181602478027344e+00,-4.841147422790527344e+00,2.035053638940993429e-06,7.084273861965152357e-07,-1.765328806959784891e-11,0.000000000000000000e+00,0.000000000000000000e+00,0.000000000000000000e+00,0.000000000000000000e+00,0.000000000000000000e+00,0.000000000000000000e+00,0.000000000000000000e+00,8.272905883789062500e+02,8.272905883789062500e+02,8.272905883789062500e+02,8.272905883789062500e+02,9.099999997883619471e+02
3.280000000000000138e-01,-2.820301140469603776e-06,-9.817932621803080951e-07,1.773275353486069604e-11,-7.852475015286103474e-07,-2.733658759837928594e-07,7.946546526284713187e-14,8.924484252929687500e-01,5.126182079315185547e+00,-4.841147422790527344e+00,2.820301140469603776e-06,9.817932621803080951e-07,-1.773275353486069604e-11,0.000000000000000000e+00,0.000000000000000000e+00,0.000000000000000000e+00,0.000000000000000000e+00,0.000000000000000000e+00,0.000000000000000000e+00,0.000000000000000000e+00,8.272987670898437500e+02,8.272987670898437500e+02,8.272987670898437500e+02,8.272987670898437500e+02,9.099999997883529659e+02
3.290000000000000147e-01,-3.454476874627446316e-06,-1.202567216173144771e-06,1.781065039788373441e-11,-6.341757341578425400e-07,-2.207739539928366762e-07,7.789686302303836528e-14,8.924483060836791992e-01,5.126181125640869141e+00,-4.841146945953369141e+00,3.454476874627446316e-06,1.202567216173144771e-06,-1.781065039788373441e-11,0.000000000000000000e+00,0.000000000000000000e+00,0.000000000000000000e+00,0.000000000000000000e+00,0.000000000000000000e+00,0.000000000000000000e+00,0.000000000000000000e+00,8.273067626953125000e+02,8.273067626953125000e+02,8.273067626953125000e+02,8.273067626953125000e+02,9.099999997883396645e+02
3.300000000000000155e-01,-3.932915756474374925e-06,-1.369124977065856833e-06,1.788856943149053049e-11,-4.784388818469286087e-07,-1.665577608927120622e-07,7.791903360679607582e-14,8.924483060836791992e-01,5.126181125640869141e+00,-4.841146945953369141e+00,3.932915756474374925e-06,1.369124977065856833e-06,-1.788856943149053049e-11,0.000000000000000000e+00,0.000000000000000000e+00,0.000000000000000000e+00,0.000000000000000000e+00,0.000000000000000000e+00,0.000000000000000000e+00,0.000000000000000000e+00,8.273145751953125000e+02,8.273145751953125000e+02,8.273145751953125000e+02,8.273145751953125000e+02,9.099999997883222704e+02
3.310000000000000164e-01,-4.252120091860528353e-06,-1.480249079415253751e-06,1.796772780423985051e-11,-3.192043353861534285e-07,-1.111241023493969175e-07,7.915837274932001923e-14,8.924484252929687500e-01,5.126181125640869141e+00,-4.841146945953369141e+00,4.252120091860528353e-06,1.480249079415253751e-06,-1.796772780423985051e-11,0.000000000000000000e+00,0.000000000000000000e+00,0.000000000000000000e+00,0.000000000000000000e+00,0.000000000000000000e+00,0.000000000000000000e+00,0.000000000000000000e+00,8.273222045898437500e+02,8.273222045898437500e+02,8.273222045898437500e+02,8.273222045898437500e+02,9.099999997883020342e+02
3.320000000000000173e-01,-4.409788075196275905e-06,-1.535137718108356850e-06,1.804893667551537808e-11,-1.576679833357475522e-07,-5.488863869310309874e-08,8.120887127552757827e-14,8.924484252929687500e-01,5.126181125640869141e+00,-4.841146945953369141e+00,4.409788075196275905e-06,1.535137718108356850e-06,-1.804893667551537808e-11,0.000000000000000000e+00,0.000000000000000000e+00,0.000000000000000000e+00,0.000000000000000000e+00,0.000000000000000000e+00,0.000000000000000000e+00,0.000000000000000000e+00,8.273296508789062500e+02,8.273296508789062500e+02,8.273296508789062500e+02,8.273296508789062500e+02,9.099999997882802063e+02
3.330000000000000182e-01,-4.404827834781689982e-06,-1.533411160360636179e-06,1.813255905407911385e-11,4.960240414585923843e-09,1.726557747720670723e-09,8.362237856373576961e-14,8.924483060836791992e-01,5.126180648803710938e+00,-4.841146945953369141e+00,4.404827834781689982e-06,1.533411160360636179e-06,-1.813255905407911385e-11,0.000000000000000000e+00,0.000000000000000000e+00,0.000000000000000000e+00,0.000000000000000000e+00,0.000000000000000000e+00,0.000000000000000000e+00,0.000000000000000000e+00,8.273369140625000000e+02,8.273369140625000000e+02,8.273369140625000000e+02,8.273369140625000000e+02,9.099999997882584921e+02
3.340000000000000191e-01,-4.237368831914523248e-06,-1.475114290159756161e-06,1.821850857853395678e-11,1.674590028671667333e-07,5.829687020088001841e-08,8.594952445484292239e-14,8.924484252929687500e-01,5.126180648803710938e+00,-4.841146945953369141e+00,4.237368831914523248e-06,1.475114290159756161e-06,-1.821850857853395678e-11,0.000000000000000000e+00,0.000000000000000000e+00,0.000000000000000000e+00,0.000000000000000000e+00,0.000000000000000000e+00,0.000000000000000000e+00,0.000000000000000000e+00,8.273439941406250000e+02,8.273439941406250000e+02,8.273439941406250000e+02,8.273439941406250000e+02,9.099999997882382559e+02
3.350000000000000200e-01,-3.908759011113219746e-06,-1.360716506487825864e-06,1.830624169182661981e-11,3.286098208013035025e-07,1.143977836719302962e-07,8.773311329266303827e-14,8.924484252929687500e-01,5.126181125640869141e+00,-4.841147899627685547e+00,3.908759011113219746e-06,1.360716506487825864e-06,-1.830624169182661981e-11,0.000000000000000000e+00,0.000000000000000000e+00,0.000000000000000000e+00,0.000000000000000000e+00,0.000000000000000000e+00,0.000000000000000000e+00,0.000000000000000000e+00,8.273508911132812500e+02,8.273508911132812500e+02,8.273508911132812500e+02,8.273508911132812500e+02,9.099999997882212028e+02
3.360000000000000209e-01,-3.421556250785922799e-06,-1.191107957544655821e-06,1.839478967351323699e-11,4.872027603272969468e-07,1.696085489431700437e-07,8.854798168661717601e-14,8.924484252929687500e-01,5.126180648803710938e+00,-4.841147899627685547e+00,3.421556250785922799e-06,1.191107957544655821e-06,-1.839478967351323699e-11,0.000000000000000000e+00,0.000000000000000000e+00,0.000000000000000000e+00,0.000000000000000000e+00,0.000000000000000000e+00,0.000000000000000000e+00,0.000000000000000000e+00,8.273576660156250000e+02,8.273576660156250000e+02,8.273576660156250000e+02,8.273576660156250000e+02,9.099999997882080152e+02
3.370000000000000218e-01,-2.779506582792025120e-06,-9.675934340827703260e-07,1.848278181525502355e-11,6.420496679938976789e-07,2.235145234618854947e-07,8.799214174178655708e-14,8.924484252929687500e-01,5.126181125640869141e+00,-4.841147422790527344e+00,2.779506582792025120e-06,9.675934340827703260e-07,-1.848278181525502355e-11,0.000000000000000000e+00,0.000000000000000000e+00,0.000000000000000000e+00,0.000000000000000000e+00,0.000000000000000000e+00,0.000000000000000000e+00,0.000000000000000000e+00,8.273642578125000000e+02,8.273642578125000000e+02,8.273642578125000000e+02,8.273642578125000000e+02,9.099999997881993750e+02
3.380000000000000226e-01,-1.987519969337706046e-06,-6.918818354103011299e-07,1.856850822009606074e-11,7.919866134543190738e-07,2.757115986724691961e-07,8.572640484103719584e-14,8.924485445022583008e-01,5.126181602478027344e+00,-4.841147422790527344e+00,1.987519969337706046e-06,6.918818354103011299e-07,-1.856850822009606074e-11,0.000000000000000000e+00,0.000000000000000000e+00,0.000000000000000000e+00,0.000000000000000000e+00,0.000000000000000000e+00,0.000000000000000000e+00,0.000000000000000000e+00,8.273707275390625000e+02,8.273707275390625000e+02,8.273707275390625000e+02,8.273707275390625000e+02,9.099999997881949412e+02
3.390000000000000235e-01,-1.051630304320265531e-06,-3.660740832831992021e-07,1.864997091454224640e-11,9.358896650174405147e-07,3.258077521271019278e-07,8.146269444618565558e-14,8.924484252929687500e-01,5.126181602478027344e+00,-4.841147422790527344e+00,1.051630304320265531e-06,3.660740832831992021e-07,-1.864997091454224640e-11,0.000000000000000000e+00,0.000000000000000000e+00,0.000000000000000000e+00,0.000000000000000000e+00,0.000000000000000000e+00,0.000000000000000000e+00,0.000000000000000000e+00,8.273770141601562500e+02,8.273770141601562500e+02,8.273770141601562500e+02,8.273770141601562500e+02,9.099999997881936906e+02
3.400000000000000244e-01,2.104824614599592553e-08,7.353093357670799566e-09,1.872496923166520760e-11,1.072678550466261384e-06,3.734271766408700008e-07,7.499831712296120317e-14,8.924485445022583008e-01,5.126181602478027344e+00,-4.841147899627685547e+00,-2.104824614599592553e-08,-7.353093357670799566e-09,-1.872496923166520760e-11,0.000000000000000000e+00,0.000000000000000000e+00,0.000000000000000000e+00,0.000000000000000000e+00,0.000000000000000000e+00,0.000000000000000000e+00,0.000000000000000000e+00,8.273831787109375000e+02,8.273831787109375000e+02,8.273831787109375000e+02,8.273831787109375000e+02,9.099999997881936906e+02
3.410000000000000253e-01,1.222374998284443065e-06,4.255655443780051294e-07,1.879117346853257547e-11,1.201326752138447213e-06,4.182124510203343307e-07,6.620423686736786828e-14,8.924485445022583008e-01,5.126181602478027344e+00,-4.841147899627685547e+00,-1.222374998284443065e-06,-4.255655443780051294e-07,-1.879117346853257547e-11,0.000000000000000000e+00,0.000000000000000000e+00,0.000000000000000000e+00,0.000000000000000000e+00,0.000000000000000000e+00,0.000000000000000000e+00,0.000000000000000000e+00,8.273891601562500000e+02,8.273891601562500000e+02,8.273891601562500000e+02,8.273891601562500000e+02,9.099999997881920990e+02
3.420000000000000262e-01,2.543243581944946642e-06,8.853930415622511356e-07,1.884622123774669526e-11,1.320868583660503577e-06,4.598274971842460062e-07,5.504776921411979025e-14,8.924485445022583008e-01,5.126181602478027344e+00,-4.841147422790527344e+00,-2.543243581944946642e-06,-8.853930415622511356e-07,-1.884622123774669526e-11,0.000000000000000000e+00,0.000000000000000000e+00,0.000000000000000000e+00,0.000000000000000000e+00,0.000000000000000000e+00,0.000000000000000000e+00,0.000000000000000000e+00,8.273950195312500000e+02,8.273950195312500000e+02,8.273950195312500000e+02,8.273950195312500000e+02,9.099999997881848230e+02
3.430000000000000271e-01,3.973650061724050294e-06,1.383352794044644387e-06,1.888780703856362177e-11,1.430406479779103652e-06,4.979597524823932512e-07,4.158580081692650764e-14,8.924486637115478516e-01,5.126181602478027344e+00,-4.841147899627685547e+00,-3.973650061724050294e-06,-1.383352794044644387e-06,-1.888780703856362177e-11,0.000000000000000000e+00,0.000000000000000000e+00,0.000000000000000000e+00,0.000000000000000000e+00,0.000000000000000000e+00,0.000000000000000000e+00,0.000000000000000000e+00,8.274007568359375000e+02,8.274007568359375000e+02,8.274007568359375000e+02,8.274007568359375000e+02,9.099999997881670879e+02
3.439999999999999725e-01,5.502768745485801857e-06,1.915676073527585967e-06,1.891377576507095549e-11,1.529118683761751563e-06,5.323232794829415799e-07,2.596872650733371884e-14,8.924486637115478516e-01,5.126181602478027344e+00,-4.841147899627685547e+00,-5.502768745485801857e-06,-1.915676073527585967e-06,-1.891377576507095549e-11,0.000000000000000000e+00,0.000000000000000000e+00,0.000000000000000000e+00,0.000000000000000000e+00,0.000000000000000000e+00,0.000000000000000000e+00,0.000000000000000000e+00,8.274063720703125000e+02,8.274063720703125000e+02,8.274063720703125000e+02,8.274063720703125000e+02,9.099999997881330955e+02
3.449999999999999734e-01,7.119032795520156583e-06,2.478336246895467175e-06,1.892221227022225578e-11,1.616264050034354726e-06,5.626601733678812083e-07,8.436505151300294796e-15,8.924489021301269531e-01,5.126182556152343750e+00,-4.841148853302001953e+00,-7.119032795520156583e-06,-2.478336246895467175e-06,-1.892221227022225578e-11,0.000000000000000000e+00,0.000000000000000000e+00,0.000000000000000000e+00,0.000000000000000000e+00,0.000000000000000000e+00,0.000000000000000000e+00,0.000000000000000000e+00,8.274118041992187500e+02,8.274118041992187500e+02,8.274118041992187500e+02,8.274118041992187500e+02,9.099999997880763658e+02
3.459999999999999742e-01,8.810219925408317433e-06,3.067078393539861220e-06,1.891152384118696409e-11,1.691187129888160850e-06,5.887421466443940447e-07,-1.068842903529169492e-14,8.924489021301269531e-01,5.126182556152343750e+00,-4.841148853302001953e+00,-8.810219925408317433e-06,-3.067078393539861220e-06,-1.891152384118696409e-11,0.000000000000000000e+00,0.000000000000000000e+00,0.000000000000000000e+00,0.000000000000000000e+00,0.000000000000000000e+00,0.000000000000000000e+00,0.000000000000000000e+00,8.274171142578125000e+02,8.274171142578125000e+02,8.274171142578125000e+02,8.274171142578125000e+02,9.099999997879892817e+02
3.469999999999999751e-01,1.056354684977454955e-05,3.677452383128211254e-06,1.888052469084250588e-11,1.753326924366232115e-06,6.103739895883500347e-07,-3.099915034445820518e-14,8.924489021301269531e-01,5.126182556152343750e+00,-4.841148853302001953e+00,-1.056354684977454955e-05,-3.677452383128211254e-06,-1.888052469084250588e-11,0.000000000000000000e+00,0.000000000000000000e+00,0.000000000000000000e+00,0.000000000000000000e+00,0.000000000000000000e+00,0.000000000000000000e+00,0.000000000000000000e+00,8.274223632812500000e+02,8.274223632812500000e+02,8.274223632812500000e+02,8.274223632812500000e+02,9.099999997878642262e+02
3.479999999999999760e-01,1.236576291981600200e-05,4.304845037372773754e-06,1.882849060656159306e-11,1.802216070041452454e-06,6.273926542445625001e-07,-5.203408428091281627e-14,8.924490213394165039e-01,5.126182556152343750e+00,-4.841149330139160156e+00,-1.236576291981600200e-05,-4.304845037372773754e-06,-1.882849060656159306e-11,0.000000000000000000e+00,0.000000000000000000e+00,0.000000000000000000e+00,0.000000000000000000e+00,0.000000000000000000e+00,0.000000000000000000e+00,0.000000000000000000e+00,8.274274291992187500e+02,8.274274291992187500e+02,8.274274291992187500e+02,8.274274291992187500e+02,9.099999997876927864e+02
3.489999999999999769e-01,1.420324945838652852e-05,4.944515752243041933e-06,1.875522122953246996e-11,1.837486538570526519e-06,6.396707148702681785e-07,-7.326937702912310848e-14,8.924490213394165039e-01,5.126183509826660156e+00,-4.841149806976318359e+00,-1.420324945838652852e-05,-4.944515752243041933e-06,-1.875522122953246996e-11,0.000000000000000000e+00,0.000000000000000000e+00,0.000000000000000000e+00,0.000000000000000000e+00,0.000000000000000000e+00,0.000000000000000000e+00,0.000000000000000000e+00,8.274323730468750000e+02,8.274323730468750000e+02,8.274323730468750000e+02,8.274323730468750000e+02,9.099999997874665496e+02
3.499999999999999778e-01,1.606212316619048616e-05,5.591632120178184826e-06,1.866107235225673967e-11,1.858873707803957638e-06,6.471163679351428930e-07,-9.414887727573028884e-14,8.924490213394165039e-01,5.126183986663818359e+00,-4.841149806976318359e+00,-1.606212316619048616e-05,-5.591632120178184826e-06,-1.866107235225673967e-11,0.000000000000000000e+00,0.000000000000000000e+00,0.000000000000000000e+00,0.000000000000000000e+00,0.000000000000000000e+00,0.000000000000000000e+00,0.000000000000000000e+00,8.274371948242187500e+02,8.274371948242187500e+02,8.274371948242187500e+02,8.274371948242187500e+02,9.099999997871773303e+02
3.509999999999999787e-01,1.792833952797652635e-05,6.241304330966482487e-06,1.854698032770639359e-11,1.866216361786040195e-06,6.496722107882976608e-07,-1.140920245503460824e-13,8.924491405487060547e-01,5.126183986663818359e+00,-4.841149806976318359e+00,-1.792833952797652635e-05,-6.241304330966482487e-06,-1.854698032770639359e-11,0.000000000000000000e+00,0.000000000000000000e+00,0.000000000000000000e+00,0.000000000000000000e+00,0.000000000000000000e+00,0.000000000000000000e+00,0.000000000000000000e+00,8.274419555664062500e+02,8.274419555664062500e+02,8.274419555664062500e+02,8.274419555664062500e+02,9.099999997868169430e+02
3.519999999999999796e-01,1.978780110406341510e-05,6.888625068623245446e-06,1.841446385507452776e-11,1.859461576086888747e-06,6.473207376567629591e-07,-1.325164726318658255e-13,8.924491405487060547e-01,5.126183986663818359e+00,-4.841150760650634766e+00,-1.978780110406341510e-05,-6.888625068623245446e-06,-1.841446385507452776e-11,0.000000000000000000e+00,0.000000000000000000e+00,0.000000000000000000e+00,0.000000000000000000e+00,0.000000000000000000e+00,0.000000000000000000e+00,0.000000000000000000e+00,8.274465942382812500e+02,8.274465942382812500e+02,8.274465942382812500e+02,8.274465942382812500e+02,9.099999997863778844e+02
3.529999999999999805e-01,2.162645605120182030e-05,7.528702894492754779e-06,1.826561436190697274e-11,1.838654947138405199e-06,6.400778258695093335e-07,-1.488494931675550165e-13,8.924491405487060547e-01,5.126183986663818359e+00,-4.841150760650634766e+00,-2.162645605120182030e-05,-7.528702894492754779e-06,-1.826561436190697274e-11,0.000000000000000000e+00,0.000000000000000000e+00,0.000000000000000000e+00,0.000000000000000000e+00,0.000000000000000000e+00,0.000000000000000000e+00,0.000000000000000000e+00,8.274510498046875000e+02,8.274510498046875000e+02,8.274510498046875000e+02,8.274510498046875000e+02,9.099999997858535608e+02
3.539999999999999813e-01,2.343041211365410294e-05,8.156700922793189536e-06,1.810306566065606845e-11,1.803956062452282636e-06,6.279980283004347566e-07,-1.625487012509042911e-13,8.924491405487060547e-01,5.126184463500976562e+00,-4.841150760650634766e+00,-2.343041211365410294e-05,-8.156700922793189536e-06,-1.810306566065606845e-11,0.000000000000000000e+00,0.000000000000000000e+00,0.000000000000000000e+00,0.000000000000000000e+00,0.000000000000000000e+00,0.000000000000000000e+00,0.000000000000000000e+00,8.274555053710937500e+02,8.274555053710937500e+02,8.274555053710937500e+02,8.274555053710937500e+02,9.099999997852380602e+02
3.549999999999999822e-01,2.518603595827814966e-05,8.767874681939551287e-06,1.792994427963103920e-11,1.755623844624046721e-06,6.111737591463617511e-07,-1.731213810250292524e-13,8.924492597579956055e-01,5.126184463500976562e+00,-4.841150760650634766e+00,-2.518603595827814966e-05,-8.767874681939551287e-06,-1.792994427963103920e-11,0.000000000000000000e+00,0.000000000000000000e+00,0.000000000000000000e+00,0.000000000000000000e+00,0.000000000000000000e+00,0.000000000000000000e+00,0.000000000000000000e+00,8.274597778320312500e+02,8.274597778320312500e+02,8.274597778320312500e+02,8.274597778320312500e+02,9.099999997845268354e+02
3.559999999999999831e-01,2.688005413805514334e-05,9.357602647868606832e-06,1.774981162469352030e-11,1.694018179776993682e-06,5.897279659290555453e-07,-1.801326549375189031e-13,8.924492597579956055e-01,5.126184463500976562e+00,-4.841150760650634766e+00,-2.688005413805514334e-05,-9.357602647868606832e-06,-1.774981162469352030e-11,0.000000000000000000e+00,0.000000000000000000e+00,0.000000000000000000e+00,0.000000000000000000e+00,0.000000000000000000e+00,0.000000000000000000e+00,0.000000000000000000e+00,8.274639892578125000e+02,8.274639892578125000e+02,8.274639892578125000e+02,8.274639892578125000e+02,9.099999997837167030e+02
3.569999999999999840e-01,2.849966219783738614e-05,9.921426140916818248e-06,1.756658295771761828e-11,1.619608059782242797e-06,5.638234930482114154e-07,-1.832286669759020151e-13,8.924492597579956055e-01,5.126184940338134766e+00,-4.841150760650634766e+00,-2.849966219783738614e-05,-9.921426140916818248e-06,-1.756658295771761828e-11,0.000000000000000000e+00,0.000000000000000000e+00,0.000000000000000000e+00,0.000000000000000000e+00,0.000000000000000000e+00,0.000000000000000000e+00,0.000000000000000000e+00,8.274680786132812500e+02,8.274680786132812500e+02,8.274680786132812500e+02,8.274680786132812500e+02,9.099999997828060714e+02
3.579999999999999849e-01,3.003260446810413078e-05,1.045508026625627856e-05,1.738444448697925543e-11,1.532942270266744641e-06,5.336541253394603109e-07,-1.821384707383628563e-13,8.924493789672851562e-01,5.126185894012451172e+00,-4.841152191162109375e+00,-3.003260446810413078e-05,-1.045508026625627856e-05,-1.738444448697925543e-11,0.000000000000000000e+00,0.000000000000000000e+00,0.000000000000000000e+00,0.000000000000000000e+00,0.000000000000000000e+00,0.000000000000000000e+00,0.000000000000000000e+00,8.274720458984375000e+02,8.274720458984375000e+02,8.274720458984375000e+02,8.274720458984375000e+02,9.099999997817947133e+02
3.589999999999999858e-01,3.146727991382139889e-05,1.095452729699664673e-05,1.720775023708129010e-11,1.434675445717268109e-06,4.994470307403681679e-07,-1.766942498979653298e-13,8.924494981765747070e-01,5.126186847686767578e+00,-4.841152191162109375e+00,-3.146727991382139889e-05,-1.095452729699664673e-05,-1.720775023708129010e-11,0.000000000000000000e+00,0.000000000000000000e+00,0.000000000000000000e+00,0.000000000000000000e+00,0.000000000000000000e+00,0.000000000000000000e+00,0.000000000000000000e+00,8.274759521484375000e+02,8.274759521484375000e+02,8.274759521484375000e+02,8.274759521484375000e+02,9.099999997806845613e+02
3.599999999999999867e-01,3.279283007041779022e-05,1.141598435773310146e-05,1.704092552078996452e-11,1.325550156596391337e-06,4.614570607364547349e-07,-1.668247162913255741e-13,8.924493789672851562e-01,5.126186847686767578e+00,-4.841152191162109375e+00,-3.279283007041779022e-05,-1.141598435773310146e-05,-1.704092552078996452e-11,0.000000000000000000e+00,0.000000000000000000e+00,0.000000000000000000e+00,0.000000000000000000e+00,0.000000000000000000e+00,0.000000000000000000e+00,0.000000000000000000e+00,8.274797973632812500e+02,8.274797973632812500e+02,8.274797973632812500e+02,8.274797973632812500e+02,9.099999997794789124e+02
3.609999999999999876e-01,3.399920743843235502e-05,1.183595517920427384e-05,1.688835012220065208e-11,1.206377368014564799e-06,4.199708214711723818e-07,-1.525753985893124431e-13,8.924493789672851562e-01,5.126186847686767578e+00,-4.841152191162109375e+00,-3.399920743843235502e-05,-1.183595517920427384e-05,-1.688835012220065208e-11,0.000000000000000000e+00,0.000000000000000000e+00,0.000000000000000000e+00,0.000000000000000000e+00,0.000000000000000000e+00,0.000000000000000000e+00,0.000000000000000000e+00,8.274835205078125000e+02,8.274835205078125000e+02,8.274835205078125000e+02,8.274835205078125000e+02,9.099999997781828824e+02
3.619999999999999885e-01,3.507726016260247643e-05,1.221125371073021047e-05,1.675426146074098526e-11,1.078052724170121409e-06,3.752985315259366243e-07,-1.340886614596668207e-13,8.924496173858642578e-01,5.126186847686767578e+00,-4.841153144836425781e+00,-3.507726016260247643e-05,-1.221125371073021047e-05,-1.675426146074098526e-11,0.000000000000000000e+00,0.000000000000000000e+00,0.000000000000000000e+00,0.000000000000000000e+00,0.000000000000000000e+00,0.000000000000000000e+00,0.000000000000000000e+00,8.274871826171875000e+02,8.274871826171875000e+02,8.274871826171875000e+02,8.274871826171875000e+02,9.099999997768032927e+02
3.629999999999999893e-01,3.601880042651167847e-05,1.253902854687231914e-05,1.664263501819767883e-11,9.415402639092020423e-07,3.277748361421086722e-07,-1.116264425433064252e-13,8.924496173858642578e-01,5.126186847686767578e+00,-4.841153144836425781e+00,-3.601880042651167847e-05,-1.253902854687231914e-05,-1.664263501819767883e-11,0.000000000000000000e+00,0.000000000000000000e+00,0.000000000000000000e+00,0.000000000000000000e+00,0.000000000000000000e+00,0.000000000000000000e+00,0.000000000000000000e+00,8.274907226562500000e+02,8.274907226562500000e+02,8.274907226562500000e+02,8.274907226562500000e+02,9.099999997753486696e+02
3.639999999999999902e-01,3.681666633346153975e-05,1.281678735409333151e-05,1.655709258216587691e-11,7.978659069498612736e-07,2.777588072210123701e-07,-8.554243603180192162e-14,8.924497365951538086e-01,5.126187324523925781e+00,-4.841152667999267578e+00,-3.681666633346153975e-05,-1.281678735409333151e-05,-1.655709258216587691e-11,0.000000000000000000e+00,0.000000000000000000e+00,0.000000000000000000e+00,0.000000000000000000e+00,0.000000000000000000e+00,0.000000000000000000e+00,0.000000000000000000e+00,8.274942016601562500e+02,8.274942016601562500e+02,8.274942016601562500e+02,8.274942016601562500e+02,9.099999997738290176e+02
3.649999999999999911e-01,3.746477075979160853e-05,1.304241071253126389e-05,1.650080822120022149e-11,6.481044263300687826e-07,2.256233584379323752e-07,-5.628436096565542428e-14,8.924497365951538086e-01,5.126187324523925781e+00,-4.841152667999267578e+00,-3.746477075979160853e-05,-1.304241071253126389e-05,-1.650080822120022149e-11,0.000000000000000000e+00,0.000000000000000000e+00,0.000000000000000000e+00,0.000000000000000000e+00,0.000000000000000000e+00,0.000000000000000000e+00,0.000000000000000000e+00,8.274975585937500000e+02,8.274975585937500000e+02,8.274975585937500000e+02,8.274975585937500000e+02,9.099999997722552507e+02
3.659999999999999920e-01,3.795815672197530024e-05,1.321417165732739818e-05,1.647642466782725120e-11,4.933859621836917102e-07,1.717609447961342947e-07,-2.438355337297028393e-14,8.924497365951538086e-01,5.126186847686767578e+00,-4.841152191162109375e+00,-3.795815672197530024e-05,-1.321417165732739818e-05,-1.647642466782725120e-11,0.000000000000000000e+00,0.000000000000000000e+00,0.000000000000000000e+00,0.000000000000000000e+00,0.000000000000000000e+00,0.000000000000000000e+00,0.000000000000000000e+00,8.275008544921875000e+02,8.275008544921875000e+02,8.275008544921875000e+02,8.275008544921875000e+02,9.099999997706398744e+02
3.669999999999999929e-01,3.829301691794781740e-05,1.333074626351223969e-05,1.648598579642440408e-11,3.348601959725171608e-07,1.165746061848415118e-07,9.561128597152872679e-15,8.924497365951538086e-01,5.126187801361083984e+00,-4.841152191162109375e+00,-3.829301691794781740e-05,-1.333074626351223969e-05,-1.648598579642440408e-11,0.000000000000000000e+00,0.000000000000000000e+00,0.000000000000000000e+00,0.000000000000000000e+00,0.000000000000000000e+00,0.000000000000000000e+00,0.000000000000000000e+00,8.275040893554687500e+02,8.275040893554687500e+02,8.275040893554687500e+02,8.275040893554687500e+02,9.099999997689957354e+02
3.679999999999999938e-01,3.846674583731413724e-05,1.339122667355751400e-05,1.653088366099025566e-11,1.737289193663198368e-07,6.048041004527430933e-08,4.489786456585158974e-14,8.924497365951538086e-01,5.126186847686767578e+00,-4.841153144836425781e+00,-3.846674583731413724e-05,-1.339122667355751400e-05,-1.653088366099025566e-11,0.000000000000000000e+00,0.000000000000000000e+00,0.000000000000000000e+00,0.000000000000000000e+00,0.000000000000000000e+00,0.000000000000000000e+00,0.000000000000000000e+00,8.275072631835937500e+02,8.275072631835937500e+02,8.275072631835937500e+02,8.275072631835937500e+02,9.099999997673367034e+02
3.689999999999999947e-01,3.847793976134888293e-05,1.339512354004214850e-05,1.661182337010662701e-11,1.119392403474569163e-08,3.896866484634495319e-09,8.093970911637134920e-14,8.924498558044433594e-01,5.126188278198242188e+00,-4.841153621673583984e+00,-3.847793976134888293e-05,-1.339512354004214850e-05,-1.661182337010662701e-11,0.000000000000000000e+00,0.000000000000000000e+00,0.000000000000000000e+00,0.000000000000000000e+00,0.000000000000000000e+00,0.000000000000000000e+00,0.000000000000000000e+00,8.275103149414062500e+02,8.275103149414062500e+02,8.275103149414062500e+02,8.275103149414062500e+02,9.099999997656767619e+02
3.699999999999999956e-01,3.832641630432441298e-05,1.334237416787226218e-05,1.672880264255030021e-11,-1.515234570244699511e-07,-5.274937216988631866e-08,1.169792724436731972e-13,8.924497365951538086e-01,5.126188278198242188e+00,-4.841153144836425781e+00,-3.832641630432441298e-05,-1.334237416787226218e-05,-1.672880264255030021e-11,0.000000000000000000e+00,0.000000000000000000e+00,0.000000000000000000e+00,0.000000000000000000e+00,0.000000000000000000e+00,0.000000000000000000e+00,0.000000000000000000e+00,8.275133056640625000e+02,8.275133056640625000e+02,8.275133056640625000e+02,8.275133056640625000e+02,9.099999997640298943e+02
3.709999999999999964e-01,3.801321441351076700e-05,1.323334088583716668e-05,1.688111325333630255e-11,-3.132018908136459780e-07,-1.090332820350954982e-07,1.523106107860023389e-13,8.924497365951538086e-01,5.126186847686767578e+00,-4.841152191162109375e+00,-3.801321441351076700e-05,-1.323334088583716668e-05,-1.688111325333630255e-11,0.000000000000000000e+00,0.000000000000000000e+00,0.000000000000000000e+00,0.000000000000000000e+00,0.000000000000000000e+00,0.000000000000000000e+00,0.000000000000000000e+00,8.275162963867187500e+02,8.275162963867187500e+02,8.275162963867187500e+02,8.275162963867187500e+02,9.099999997624097432e+02
3.719999999999999973e-01,3.754058785539966982e-05,1.306880697549937391e-05,1.706735738778128725e-11,-4.726265581110971844e-07,-1.645339103377927695e-07,1.862441344449846958e-13,8.924497365951538086e-01,5.126186370849609375e+00,-4.841152667999267578e+00,-3.754058785539966982e-05,-1.306880697549937391e-05,-1.706735738778128725e-11,0.000000000000000000e+00,0.000000000000000000e+00,0.000000000000000000e+00,0.000000000000000000e+00,0.000000000000000000e+00,0.000000000000000000e+00,0.000000000000000000e+00,8.275191040039062500e+02,8.275191040039062500e+02,8.275191040039062500e+02,8.275191040039062500e+02,9.099999997608296098e+02
3.729999999999999982e-01,3.691198567437656405e-05,1.284997341430660487e-05,1.728548585138868692e-11,-6.286021810231057628e-07,-2.188335611927690370e-07,2.181284636073996788e-13,8.924497365951538086e-01,5.126186847686767578e+00,-4.841152191162109375e+00,-3.691198567437656405e-05,-1.284997341430660487e-05,-1.728548585138868692e-11,0.000000000000000000e+00,0.000000000000000000e+00,0.000000000000000000e+00,0.000000000000000000e+00,0.000000000000000000e+00,0.000000000000000000e+00,0.000000000000000000e+00,8.275219116210937500e+02,8.275219116210937500e+02,8.275219116210937500e+02,8.275219116210937500e+02,9.099999997593019998e+02
3.739999999999999991e-01,3.613202613761670105e-05,1.257844829070581495e-05,1.753284972971595317e-11,-7.799595367598630017e-07,-2.715251236007899219e-07,2.473638783272662436e-13,8.924496173858642578e-01,5.126187324523925781e+00,-4.841152667999267578e+00,-3.613202613761670105e-05,-1.257844829070581495e-05,-1.753284972971595317e-11,0.000000000000000000e+00,0.000000000000000000e+00,0.000000000000000000e+00,0.000000000000000000e+00,0.000000000000000000e+00,0.000000000000000000e+00,0.000000000000000000e+00,8.275246582031250000e+02,8.275246582031250000e+02,8.275246582031250000e+02,8.275246582031250000e+02,9.099999997578382818e+02
3.750000000000000000e-01,3.520646416620516809e-05,1.225623703347919157e-05,1.780627061119975101e-11,-9.255619714115329564e-07,-3.222112572266233789e-07,2.734208814837978382e-13,8.924496173858642578e-01,5.126186370849609375e+00,-4.841152191162109375e+00,-3.520646416620516809e-05,-1.225623703347919157e-05,-1.780627061119975101e-11,0.000000000000000000e+00,0.000000000000000000e+00,0.000000000000000000e+00,0.000000000000000000e+00,0.000000000000000000e+00,0.000000000000000000e+00,0.000000000000000000e+00,8.275273437500000000e+02,8.275273437500000000e+02,8.275273437500000000e+02,8.275273437500000000e+02,9.099999997564485739e+02
3.760000000000000009e-01,3.414215225248095362e-05,1.188572205619421612e-05,1.810211856809424711e-11,-1.064311913724214477e-06,-3.705149772849754492e-07,2.958479568944961063e-13,8.924496173858642578e-01,5.126185894012451172e+00,-4.841152191162109375e+00,-3.414215225248095362e-05,-1.188572205619421612e-05,-1.810211856809424711e-11,0.000000000000000000e+00,0.000000000000000000e+00,0.000000000000000000e+00,0.000000000000000000e+00,0.000000000000000000e+00,0.000000000000000000e+00,0.000000000000000000e+00,8.275299072265625000e+02,8.275299072265625000e+02,8.275299072265625000e+02,8.275299072265625000e+02,9.099999997551416300e+02
3.770000000000000018e-01,3.294697857916510804e-05,1.146965135809567789e-05,1.841640655407073463e-11,-1.195173673315845573e-06,-4.160706980985382381e-07,3.142879859764875156e-13,8.924496173858642578e-01,5.126185894012451172e+00,-4.841151714324951172e+00,-3.294697857916510804e-05,-1.146965135809567789e-05,-1.841640655407073463e-11,0.000000000000000000e+00,0.000000000000000000e+00,0.000000000000000000e+00,0.000000000000000000e+00,0.000000000000000000e+00,0.000000000000000000e+00,0.000000000000000000e+00,8.275324707031250000e+02,8.275324707031250000e+02,8.275324707031250000e+02,8.275324707031250000e+02,9.099999997539244987e+02
3.780000000000000027e-01,3.162981490915279007e-05,1.101111409744571309e-05,1.874489404583660048e-11,-1.317163670012317972e-06,-4.585372606499647915e-07,3.284874917658658501e-13,8.924496173858642578e-01,5.126185894012451172e+00,-4.841152191162109375e+00,-3.162981490915279007e-05,-1.101111409744571309e-05,-1.874489404583660048e-11,0.000000000000000000e+00,0.000000000000000000e+00,0.000000000000000000e+00,0.000000000000000000e+00,0.000000000000000000e+00,0.000000000000000000e+00,0.000000000000000000e+00,8.275349731445312500e+02,8.275349731445312500e+02,8.275349731445312500e+02,8.275349731445312500e+02,9.099999997528028644e+02
3.790000000000000036e-01,3.020044819086543499e-05,1.051351697908585704e-05,1.908318910278489041e-11,-1.429366718287355080e-06,-4.975971183598560548e-07,3.382950569482899354e-13,8.924496173858642578e-01,5.126185894012451172e+00,-4.841152191162109375e+00,-3.020044819086543499e-05,-1.051351697908585704e-05,-1.908318910278489041e-11,0.000000000000000000e+00,0.000000000000000000e+00,0.000000000000000000e+00,0.000000000000000000e+00,0.000000000000000000e+00,0.000000000000000000e+00,0.000000000000000000e+00,8.275374145507812500e+02,8.275374145507812500e+02,8.275374145507812500e+02,8.275374145507812500e+02,9.099999997517802512e+02
3.800000000000000044e-01,2.866951216360287557e-05,9.980560641999089390e-06,1.942685993496094149e-11,-1.530936027262559418e-06,-5.329563370867676492e-07,3.436708321760510756e-13,8.924493789672851562e-01,5.126184940338134766e+00,-4.841151714324951172e+00,-2.866951216360287557e-05,-9.980560641999089390e-06,-1.942685993496094149e-11,0.000000000000000000e+00,0.000000000000000000e+00,0.000000000000000000e+00,0.000000000000000000e+00,0.000000000000000000e+00,0.000000000000000000e+00,0.000000000000000000e+00,8.275397338867187500e+02,8.275397338867187500e+02,8.275397338867187500e+02,8.275397338867187500e+02,9.099999997508587057e+02
3.810000000000000053e-01,2.704839942156747861e-05,9.416211975761883769e-06,1.977154173094771675e-11,-1.621112742035396960e-06,-5.643486662372056205e-07,3.446817959867752644e-13,8.924493789672851562e-01,5.126185417175292969e+00,-4.841151237487792969e+00,-2.704839942156747861e-05,-9.416211975761883769e-06,-1.977154173094771675e-11,0.000000000000000000e+00,0.000000000000000000e+00,0.000000000000000000e+00,0.000000000000000000e+00,0.000000000000000000e+00,0.000000000000000000e+00,0.000000000000000000e+00,8.275420532226562500e+02,8.275420532226562500e+02,8.275420532226562500e+02,8.275420532226562500e+02,9.099999997500384552e+02
3.820000000000000062e-01,2.534917836322035634e-05,8.824673180108267846e-06,2.011304367252317143e-11,-1.699221058347122272e-06,-5.915387956536159232e-07,3.415019415754546752e-13,8.924493789672851562e-01,5.126184463500976562e+00,-4.841150760650634766e+00,-2.534917836322035634e-05,-8.824673180108267846e-06,-2.011304367252317143e-11,0.000000000000000000e+00,0.000000000000000000e+00,0.000000000000000000e+00,0.000000000000000000e+00,0.000000000000000000e+00,0.000000000000000000e+00,0.000000000000000000e+00,8.275443115234375000e+02,8.275443115234375000e+02,8.275443115234375000e+02,8.275443115234375000e+02,9.099999997493180217e+02
3.830000000000000071e-01,2.358450525530548603e-05,8.210349196049882754e-06,2.044744270374238310e-11,-1.764673107914870314e-06,-6.143239840583850916e-07,3.343990312192116702e-13,8.924492597579956055e-01,5.126183986663818359e+00,-4.841150760650634766e+00,-2.358450525530548603e-05,-8.210349196049882754e-06,-2.044744270374238310e-11,0.000000000000000000e+00,0.000000000000000000e+00,0.000000000000000000e+00,0.000000000000000000e+00,0.000000000000000000e+00,0.000000000000000000e+00,0.000000000000000000e+00,8.275465087890625000e+02,8.275465087890625000e+02,8.275465087890625000e+02,8.275465087890625000e+02,9.099999997486943357e+02
3.840000000000000080e-01,2.176752978309791161e-05,7.577818393884042163e-06,2.077117740958662351e-11,-1.816975472207574418e-06,-6.325308021658405917e-07,3.237347058442404097e-13,8.924492597579956055e-01,5.126184463500976562e+00,-4.841150760650634766e+00,-2.176752978309791161e-05,-7.577818393884042163e-06,-2.077117740958662351e-11,0.000000000000000000e+00,0.000000000000000000e+00,0.000000000000000000e+00,0.000000000000000000e+00,0.000000000000000000e+00,0.000000000000000000e+00,0.000000000000000000e+00,8.275487060546875000e+02,8.275487060546875000e+02,8.275487060546875000e+02,8.275487060546875000e+02,9.099999997481630771e+02
3.850000000000000089e-01,1.991179082998793112e-05,6.931793490537800867e-06,2.108111745364892338e-11,-1.855738953109980485e-06,-6.460249033462412956e-07,3.099400440622998745e-13,8.924492597579956055e-01,5.126183986663818359e+00,-4.841150760650634766e+00,-1.991179082998793112e-05,-6.931793490537800867e-06,-2.108111745364892338e-11,0.000000000000000000e+00,0.000000000000000000e+00,0.000000000000000000e+00,0.000000000000000000e+00,0.000000000000000000e+00,0.000000000000000000e+00,0.000000000000000000e+00,8.275507812500000000e+02,8.275507812500000000e+02,8.275507812500000000e+02,8.275507812500000000e+02,9.099999997477185616e+02
3.860000000000000098e-01,1.803112202772929834e-05,6.277090202021027844e-06,2.137463547693604945e-11,-1.880668802258632789e-06,-6.547032885167730230e-07,2.935180232871260624e-13,8.924491405487060547e-01,5.126183986663818359e+00,-4.841149806976318359e+00,-1.803112202772929834e-05,-6.277090202021027844e-06,-2.137463547693604945e-11,0.000000000000000000e+00,0.000000000000000000e+00,0.000000000000000000e+00,0.000000000000000000e+00,0.000000000000000000e+00,0.000000000000000000e+00,0.000000000000000000e+00,8.275528564453125000e+02,8.275528564453125000e+02,8.275528564453125000e+02,8.275528564453125000e+02,9.099999997473540816e+02
3.870000000000000107e-01,1.613954265069140307e-05,5.618588160770459597e-06,2.164964726639181408e-11,-1.891579377037895266e-06,-6.585020412505682467e-07,2.750117894557646341e-13,8.924491405487060547e-01,5.126183986663818359e+00,-4.841149330139160156e+00,-1.613954265069140307e-05,-5.618588160770459597e-06,-2.164964726639181408e-11,0.000000000000000000e+00,0.000000000000000000e+00,0.000000000000000000e+00,0.000000000000000000e+00,0.000000000000000000e+00,0.000000000000000000e+00,0.000000000000000000e+00,8.275548095703125000e+02,8.275548095703125000e+02,8.275548095703125000e+02,8.275548095703125000e+02,9.099999997470620201e+02
3.880000000000000115e-01,1.425115176699948000e-05,4.961197125436782368e-06,2.190464471975119828e-11,-1.888390883691923067e-06,-6.573910353336772291e-07,2.549974533593841993e-13,8.924490213394165039e-01,5.126183509826660156e+00,-4.841149330139160156e+00,-1.425115176699948000e-05,-4.961197125436782368e-06,-2.190464471975119828e-11,0.000000000000000000e+00,0.000000000000000000e+00,0.000000000000000000e+00,0.000000000000000000e+00,0.000000000000000000e+00,0.000000000000000000e+00,0.000000000000000000e+00,8.275567626953125000e+02,8.275567626953125000e+02,8.275567626953125000e+02,8.275567626953125000e+02,9.099999997468343054e+02
3.890000000000000124e-01,1.238002971767280098e-05,4.309817084006697005e-06,2.213870880656457804e-11,-1.871122049326679019e-06,-6.513800414300853630e-07,2.340640868133797606e-13,8.924490213394165039e-01,5.126183032989501953e+00,-4.841149330139160156e+00,-1.238002971767280098e-05,-4.309817084006697005e-06,-2.213870880656457804e-11,0.000000000000000000e+00,0.000000000000000000e+00,0.000000000000000000e+00,0.000000000000000000e+00,0.000000000000000000e+00,0.000000000000000000e+00,0.000000000000000000e+00,8.275587158203125000e+02,8.275587158203125000e+02,8.275587158203125000e+02,8.275587158203125000e+02,9.099999997466624109e+02
3.900000000000000133e-01,1.054012412554489402e-05,3.669303649367992368e-06,2.235150787262162100e-11,-1.839905592127906965e-06,-6.405134346387046369e-07,2.127990660570429648e-13,8.924490213394165039e-01,5.126183032989501953e+00,-4.841148853302001953e+00,-1.054012412554489402e-05,-3.669303649367992368e-06,-2.235150787262162100e-11,0.000000000000000000e+00,0.000000000000000000e+00,0.000000000000000000e+00,0.000000000000000000e+00,0.000000000000000000e+00,0.000000000000000000e+00,0.000000000000000000e+00,8.275605468750000000e+02,8.275605468750000000e+02,8.275605468750000000e+02,8.275605468750000000e+02,9.099999997465379238e+02
3.910000000000000142e-01,8.745147303291727985e-06,3.044430808653110654e-06,2.254327532478354058e-11,-1.794976822253166034e-06,-6.248728407148817140e-07,1.917674521619195740e-13,8.924489021301269531e-01,5.126183032989501953e+00,-4.841148376464843750e+00,-8.745147303291727985e-06,-3.044430808653110654e-06,-2.254327532478354058e-11,0.000000000000000000e+00,0.000000000000000000e+00,0.000000000000000000e+00,0.000000000000000000e+00,0.000000000000000000e+00,0.000000000000000000e+00,0.000000000000000000e+00,8.275623779296875000e+02,8.275623779296875000e+02,8.275623779296875000e+02,8.275623779296875000e+02,9.099999997464520902e+02
3.920000000000000151e-01,7.008477732569908344e-06,2.439855504582214113e-06,2.271476603640979563e-11,-1.736669570721819641e-06,-6.045753040708965418e-07,1.714907116262550529e-13,8.924489021301269531e-01,5.126183032989501953e+00,-4.841148376464843750e+00,-7.008477732569908344e-06,-2.439855504582214113e-06,-2.271476603640979563e-11,0.000000000000000000e+00,0.000000000000000000e+00,0.000000000000000000e+00,0.000000000000000000e+00,0.000000000000000000e+00,0.000000000000000000e+00,0.000000000000000000e+00,8.275641479492187500e+02,8.275641479492187500e+02,8.275641479492187500e+02,8.275641479492187500e+02,9.099999997463970658e+02
3.930000000000000160e-01,5.343053808045874325e-06,1.860081809695257946e-06,2.286721052478712273e-11,-1.665423924524034019e-06,-5.797736948869561668e-07,1.524444883773270944e-13,8.924489021301269531e-01,5.126183032989501953e+00,-4.841148376464843750e+00,-5.343053808045874325e-06,-1.860081809695257946e-06,-2.286721052478712273e-11,0.000000000000000000e+00,0.000000000000000000e+00,0.000000000000000000e+00,0.000000000000000000e+00,0.000000000000000000e+00,0.000000000000000000e+00,0.000000000000000000e+00,8.275659179687500000e+02,8.275659179687500000e+02,8.275659179687500000e+02,8.275659179687500000e+02,9.099999997463650061e+02
3.940000000000000169e-01,3.761280201866078863e-06,1.309428459249797548e-06,2.300225091021891676e-11,-1.581773606179795462e-06,-5.506533504454603973e-07,1.350403854317940335e-13,8.924485445022583008e-01,5.126181602478027344e+00,-4.841148376464843750e+00,-3.761280201866078863e-06,-1.309428459249797548e-06,-2.300225091021891676e-11,0.000000000000000000e+00,0.000000000000000000e+00,0.000000000000000000e+00,0.000000000000000000e+00,0.000000000000000000e+00,0.000000000000000000e+00,0.000000000000000000e+00,8.275676269531250000e+02,8.275676269531250000e+02,8.275676269531250000e+02,8.275676269531250000e+02,9.099999997463492036e+02
3.950000000000000178e-01,2.274934228127165573e-06,7.919948065636804186e-07,2.312185398988336539e-11,-1.486345973738913290e-06,-5.174336526861171298e-07,1.196030796644486270e-13,8.924484252929687500e-01,5.126181602478027344e+00,-4.841147422790527344e+00,-2.274934228127165573e-06,-7.919948065636804186e-07,-2.312185398988336539e-11,0.000000000000000000e+00,0.000000000000000000e+00,0.000000000000000000e+00,0.000000000000000000e+00,0.000000000000000000e+00,0.000000000000000000e+00,0.000000000000000000e+00,8.275692749023437500e+02,8.275692749023437500e+02,8.275692749023437500e+02,8.275692749023437500e+02,9.099999997463434056e+02
3.960000000000000187e-01,8.950758713451418345e-07,3.116316128008501860e-07,2.322823473726400410e-11,-1.379858356782023845e-06,-4.803631937628302326e-07,1.063807473806387105e-13,8.924483060836791992e-01,5.126181602478027344e+00,-4.841147422790527344e+00,-8.950758713451418345e-07,-3.116316128008501860e-07,-2.322823473726400410e-11,0.000000000000000000e+00,0.000000000000000000e+00,0.000000000000000000e+00,0.000000000000000000e+00,0.000000000000000000e+00,0.000000000000000000e+00,0.000000000000000000e+00,8.275708618164062500e+02,8.275708618164062500e+02,8.275708618164062500e+02,8.275708618164062500e+02,9.099999997463424961e+02
3.970000000000000195e-01,-3.680333813000958089e-07,-1.280888884093143983e-07,2.332376706238915094e-11,-1.263109252645237643e-06,-4.397205012101645843e-07,9.553232512514683984e-14,8.924484252929687500e-01,5.126181602478027344e+00,-4.841147422790527344e+00,3.680333813000958089e-07,1.280888884093143983e-07,-2.332376706238915094e-11,0.000000000000000000e+00,0.000000000000000000e+00,0.000000000000000000e+00,0.000000000000000000e+00,0.000000000000000000e+00,0.000000000000000000e+00,0.000000000000000000e+00,8.275724487304687500e+02,8.275724487304687500e+02,8.275724487304687500e+02,8.275724487304687500e+02,9.099999997463423824e+02
3.980000000000000204e-01,-1.505008552609986002e-06,-5.238993895758560704e-07,2.341087870788586474e-11,-1.136975171309890087e-06,-3.958105011665416721e-07,8.711164549671379896e-14,8.924483060836791992e-01,5.126181602478027344e+00,-4.841147422790527344e+00,1.505008552609986002e-06,5.238993895758560704e-07,-2.341087870788586474e-11,0.000000000000000000e+00,0.000000000000000000e+00,0.000000000000000000e+00,0.000000000000000000e+00,0.000000000000000000e+00,0.000000000000000000e+00,0.000000000000000000e+00,8.275739746093750000e+02,8.275739746093750000e+02,8.275739746093750000e+02,8.275739746093750000e+02,9.099999997463397676e+02
3.990000000000000213e-01,-2.507411300236920868e-06,-8.728621650061296738e-07,2.349197084733105632e-11,-1.002402747626934865e-06,-3.489627754302736034e-07,8.109213944519158004e-14,8.924483060836791992e-01,5.126181602478027344e+00,-4.841147422790527344e+00,2.507411300236920868e-06,8.728621650061296738e-07,-2.349197084733105632e-11,0.000000000000000000e+00,0.000000000000000000e+00,0.000000000000000000e+00,0.000000000000000000e+00,0.000000000000000000e+00,0.000000000000000000e+00,0.000000000000000000e+00,8.275755004882812500e+02,8.275755004882812500e+02,8.275755004882812500e+02,8.275755004882812500e+02,9.099999997463327190e+02
4.000000000000000222e-01,-3.367813120666873613e-06,-1.172391131133072587e-06,2.356932060532311841e-11,-8.604018204299527457e-07,-2.995289661269429127e-07,7.734975799206208953e-14,8.924483060836791992e-01,5.126182079315185547e+00,-4.841147422790527344e+00,3.367813120666873613e-06,1.172391131133072587e-06,-2.356932060532311841e-11,0.000000000000000000e+00,0.000000000000000000e+00,0.000000000000000000e+00,0.000000000000000000e+00,0.000000000000000000e+00,0.000000000000000000e+00,0.000000000000000000e+00,8.275769653320312500e+02,8.275769653320312500e+02,8.275769653320312500e+02,8.275769653320312500e+02,9.099999997463199861e+02
4.010000000000000231e-01,-4.079851886759420790e-06,-1.420271146121012765e-06,2.364499604324104144e-11,-7.120387660925471762e-07,-2.478800149879401781e-07,7.567543791792303660e-14,8.924483060836791992e-01,5.126181125640869141e+00,-4.841146945953369141e+00,4.079851886759420790e-06,1.420271146121012765e-06,-2.364499604324104144e-11,0.000000000000000000e+00,0.000000000000000000e+00,0.000000000000000000e+00,0.000000000000000000e+00,0.000000000000000000e+00,0.000000000000000000e+00,0.000000000000000000e+00,8.275783691406250000e+02,8.275783691406250000e+02,8.275783691406250000e+02,8.275783691406250000e+02,9.099999997463013415e+02
4.020000000000000240e-01,-4.638278309290524790e-06,-1.614674790472166662e-06,2.372078346721305804e-11,-5.584264225311040005e-07,-1.944036443511538970e-07,7.578742397201659952e-14,8.924483060836791992e-01,5.126181125640869141e+00,-4.841146945953369141e+00,4.638278309290524790e-06,1.614674790472166662e-06,-2.372078346721305804e-11,0.000000000000000000e+00,0.000000000000000000e+00,0.000000000000000000e+00,0.000000000000000000e+00,0.000000000000000000e+00,0.000000000000000000e+00,0.000000000000000000e+00,8.275797729492187500e+02,8.275797729492187500e+02,8.275797729492187500e+02,8.275797729492187500e+02,9.099999997462772399e+02
4.030000000000000249e-01,-5.038996444496960763e-06,-1.754175954356239918e-06,2.379812502026803621e-11,-4.007181352064359734e-07,-1.395011638840732566e-07,7.734155305497817114e-14,8.924483060836791992e-01,5.126180171966552734e+00,-4.841146945953369141e+00,5.038996444496960763e-06,1.754175954356239918e-06,-2.379812502026803621e-11,0.000000000000000000e+00,0.000000000000000000e+00,0.000000000000000000e+00,0.000000000000000000e+00,0.000000000000000000e+00,0.000000000000000000e+00,0.000000000000000000e+00,8.275811767578125000e+02,8.275811767578125000e+02,8.275811767578125000e+02,8.275811767578125000e+02,9.099999997462488182e+02
4.040000000000000258e-01,-5.279094227401253390e-06,-1.837760931385155254e-06,2.387805796901404306e-11,-2.400977829042926263e-07,-8.358497702891533542e-08,7.993294874600684364e-14,8.924483060836791992e-01,5.126180648803710938e+00,-4.841146945953369141e+00,5.279094227401253390e-06,1.837760931385155254e-06,-2.387805796901404306e-11,0.000000000000000000e+00,0.000000000000000000e+00,0.000000000000000000e+00,0.000000000000000000e+00,0.000000000000000000e+00,0.000000000000000000e+00,0.000000000000000000e+00,8.275825195312500000e+02,8.275825195312500000e+02,8.275825195312500000e+02,8.275825195312500000e+02,9.099999997462175543e+02
4.050000000000000266e-01,-5.356865048694642152e-06,-1.864835237722290136e-06,2.396118553766731369e-11,-7.777082129338876192e-08,-2.707430633713488209e-08,8.312756865327063842e-14,8.924483060836791992e-01,5.126180648803710938e+00,-4.841147422790527344e+00,5.356865048694642152e-06,1.864835237722290136e-06,-2.396118553766731369e-11,0.000000000000000000e+00,0.000000000000000000e+00,0.000000000000000000e+00,0.000000000000000000e+00,0.000000000000000000e+00,0.000000000000000000e+00,0.000000000000000000e+00,8.275838012695312500e+02,8.275838012695312500e+02,8.275838012695312500e+02,8.275838012695312500e+02,9.099999997461853809e+02
4.060000000000000275e-01,-5.271820375178056467e-06,-1.835229108080966553e-06,2.404765408444576682e-11,8.504467351658568432e-08,2.960612964132358312e-08,8.646854677845312211e-14,8.924484252929687500e-01,5.126180171966552734e+00,-4.841147422790527344e+00,5.271820375178056467e-06,1.835229108080966553e-06,-2.404765408444576682e-11,0.000000000000000000e+00,0.000000000000000000e+00,0.000000000000000000e+00,0.000000000000000000e+00,0.000000000000000000e+00,0.000000000000000000e+00,0.000000000000000000e+00,8.275850830078125000e+02,8.275850830078125000e+02,8.275850830078125000e+02,8.275850830078125000e+02,9.099999997461542307e+02
4.069999999999999729e-01,-5.024693820872102122e-06,-1.749197801057699762e-06,2.413714844864873939e-11,2.471265543059543456e-07,8.603130702326679050e-08,8.949436420297257527e-14,8.924483060836791992e-01,5.126180171966552734e+00,-4.841147422790527344e+00,5.024693820872102122e-06,1.749197801057699762e-06,-2.413714844864873939e-11,0.000000000000000000e+00,0.000000000000000000e+00,0.000000000000000000e+00,0.000000000000000000e+00,0.000000000000000000e+00,0.000000000000000000e+00,0.000000000000000000e+00,8.275863037109375000e+02,8.275863037109375000e+02,8.275863037109375000e+02,8.275863037109375000e+02,9.099999997461259227e+02
4.079999999999999738e-01,-4.617436261685076193e-06,-1.607420276021451452e-06,2.422889933435661503e-11,4.072575591870259283e-07,1.417775250362483100e-07,9.175088570787563566e-14,8.924483060836791992e-01,5.126180171966552734e+00,-4.841147422790527344e+00,4.617436261685076193e-06,1.607420276021451452e-06,-2.422889933435661503e-11,0.000000000000000000e+00,0.000000000000000000e+00,0.000000000000000000e+00,0.000000000000000000e+00,0.000000000000000000e+00,0.000000000000000000e+00,0.000000000000000000e+00,8.275875244140625000e+02,8.275875244140625000e+02,8.275875244140625000e+02,8.275875244140625000e+02,9.099999997461019348e+02
4.089999999999999747e-01,-4.053199143861999562e-06,-1.410994307781637891e-06,2.432171495474795795e-11,5.642371178230766316e-07,1.964259682398135607e-07,9.281562039134292250e-14,8.924483060836791992e-01,5.126180648803710938e+00,-4.841147422790527344e+00,4.053199143861999562e-06,1.410994307781637891e-06,-2.432171495474795795e-11,0.000000000000000000e+00,0.000000000000000000e+00,0.000000000000000000e+00,0.000000000000000000e+00,0.000000000000000000e+00,0.000000000000000000e+00,0.000000000000000000e+00,8.275887451171875000e+02,8.275887451171875000e+02,8.275887451171875000e+02,8.275887451171875000e+02,9.099999997460835175e+02
4.099999999999999756e-01,-3.336313721323651124e-06,-1.161427326590649236e-06,2.441402507999545753e-11,7.168854225383484381e-07,2.495669811909886560e-07,9.231012524749957706e-14,8.924484252929687500e-01,5.126181602478027344e+00,-4.841147899627685547e+00,3.336313721323651124e-06,1.161427326590649236e-06,-2.441402507999545753e-11,0.000000000000000000e+00,0.000000000000000000e+00,0.000000000000000000e+00,0.000000000000000000e+00,0.000000000000000000e+00,0.000000000000000000e+00,0.000000000000000000e+00,8.275899047851562500e+02,8.275899047851562500e+02,8.275899047851562500e+02,8.275899047851562500e+02,9.099999997460711256e+02
4.109999999999999765e-01,-2.472256044120637218e-06,-8.606260368133675878e-07,2.450393609067773272e-11,8.640576772030139055e-07,3.008012897772816477e-07,8.991101068227519463e-14,8.924484252929687500e-01,5.126181602478027344e+00,-4.841147422790527344e+00,2.472256044120637218e-06,8.606260368133675878e-07,-2.450393609067773272e-11,0.000000000000000000e+00,0.000000000000000000e+00,0.000000000000000000e+00,0.000000000000000000e+00,0.000000000000000000e+00,0.000000000000000000e+00,0.000000000000000000e+00,8.275910034179687500e+02,8.275910034179687500e+02,8.275910034179687500e+02,8.275910034179687500e+02,9.099999997460641907e+02
4.119999999999999774e-01,-1.467607265110968651e-06,-5.108816591534452218e-07,2.458930443854908997e-11,1.004648779009668568e-06,3.497443776599223660e-07,8.536834787135724707e-14,8.924484252929687500e-01,5.126181602478027344e+00,-4.841147899627685547e+00,1.467607265110968651e-06,5.108816591534452218e-07,-2.458930443854908997e-11,0.000000000000000000e+00,0.000000000000000000e+00,0.000000000000000000e+00,0.000000000000000000e+00,0.000000000000000000e+00,0.000000000000000000e+00,0.000000000000000000e+00,8.275921020507812500e+02,8.275921020507812500e+02,8.275921020507812500e+02,8.275921020507812500e+02,9.099999997460618033e+02
4.129999999999999782e-01,-3.300039469737120028e-07,-1.148527174913694064e-07,2.466780597856862011e-11,1.137603318137256701e-06,3.960289416620758419e-07,7.850154001953014538e-14,8.924485445022583008e-01,5.126181602478027344e+00,-4.841147899627685547e+00,3.300039469737120028e-07,1.148527174913694064e-07,-2.466780597856862011e-11,0.000000000000000000e+00,0.000000000000000000e+00,0.000000000000000000e+00,0.000000000000000000e+00,0.000000000000000000e+00,0.000000000000000000e+00,0.000000000000000000e+00,8.275932006835937500e+02,8.275932006835937500e+02,8.275932006835937500e+02,8.275932006835937500e+02,9.099999997460616896e+02
4.139999999999999791e-01,9.319193149974585831e-07,3.244546932767825746e-07,2.473703728226850695e-11,1.261923261971170639e-06,4.393074107681520074e-07,6.923130369988683395e-14,8.924485445022583008e-01,5.126181602478027344e+00,-4.841148376464843750e+00,-9.319193149974585831e-07,-3.244546932767825746e-07,-2.473703728226850695e-11,0.000000000000000000e+00,0.000000000000000000e+00,0.000000000000000000e+00,0.000000000000000000e+00,0.000000000000000000e+00,0.000000000000000000e+00,0.000000000000000000e+00,8.275942382812500000e+02,8.275942382812500000e+02,8.275942382812500000e+02,8.275942382812500000e+02,9.099999997460606664e+02
4.149999999999999800e-01,2.308594776209765924e-06,8.037096800108618134e-07,2.479459315440679772e-11,1.376675461212307235e-06,4.792549867340791859e-07,5.755587213829077015e-14,8.924485445022583008e-01,5.126181602478027344e+00,-4.841147422790527344e+00,-2.308594776209765924e-06,-8.037096800108618134e-07,-2.479459315440679772e-11,0.000000000000000000e+00,0.000000000000000000e+00,0.000000000000000000e+00,0.000000000000000000e+00,0.000000000000000000e+00,0.000000000000000000e+00,0.000000000000000000e+00,8.275952758789062500e+02,8.275952758789062500e+02,8.275952758789062500e+02,8.275952758789062500e+02,9.099999997460547547e+02
4.159999999999999809e-01,3.789593143418318981e-06,1.319281461430913610e-06,2.483817463430696169e-11,1.480998367208553057e-06,5.155717814200517968e-07,4.358147990016397336e-14,8.924486637115478516e-01,5.126181602478027344e+00,-4.841147899627685547e+00,-3.789593143418318981e-06,-1.319281461430913610e-06,-2.483817463430696169e-11,0.000000000000000000e+00,0.000000000000000000e+00,0.000000000000000000e+00,0.000000000000000000e+00,0.000000000000000000e+00,0.000000000000000000e+00,0.000000000000000000e+00,8.275962524414062500e+02,8.275962524414062500e+02,8.275962524414062500e+02,8.275962524414062500e+02,9.099999997460386112e+02
4.169999999999999818e-01,5.363702070815651314e-06,1.867266708165219322e-06,2.486566675780696450e-11,1.574108927397332333e-06,5.479852467343057118e-07,2.749212350000280606e-14,8.924486637115478516e-01,5.126181602478027344e+00,-4.841147899627685547e+00,-5.363702070815651314e-06,-1.867266708165219322e-06,-2.486566675780696450e-11,0.000000000000000000e+00,0.000000000000000000e+00,0.000000000000000000e+00,0.000000000000000000e+00,0.000000000000000000e+00,0.000000000000000000e+00,0.000000000000000000e+00,8.275972290039062500e+02,8.275972290039062500e+02,8.275972290039062500e+02,8.275972290039062500e+02,9.099999997460064378e+02
4.179999999999999827e-01,7.019009694119872803e-06,2.443518485797896582e-06,2.487523721516812654e-11,1.655307623304221489e-06,5.762517776326772598e-07,9.570457361162045949e-15,8.924487829208374023e-01,5.126181602478027344e+00,-4.841147899627685547e+00,-7.019009694119872803e-06,-2.443518485797896582e-06,-2.487523721516812654e-11,0.000000000000000000e+00,0.000000000000000000e+00,0.000000000000000000e+00,0.000000000000000000e+00,0.000000000000000000e+00,0.000000000000000000e+00,0.000000000000000000e+00,8.275982055664062500e+02,8.275982055664062500e+02,8.275982055664062500e+02,8.275982055664062500e+02,9.099999997459511860e+02
4.189999999999999836e-01,8.742995314549751196e-06,3.043678060415715940e-06,2.486541382176849469e-11,1.723985620429878393e-06,6.001595746178193585e-07,-9.823393399631851871e-15,8.924489021301269531e-01,5.126182556152343750e+00,-4.841148853302001953e+00,-8.742995314549751196e-06,-3.043678060415715940e-06,-2.486541382176849469e-11,0.000000000000000000e+00,0.000000000000000000e+00,0.000000000000000000e+00,0.000000000000000000e+00,0.000000000000000000e+00,0.000000000000000000e+00,0.000000000000000000e+00,8.275991210937500000e+02,8.275991210937500000e+02,8.275991210937500000e+02,8.275991210937500000e+02,9.099999997458654661e+02
4.199999999999999845e-01,1.052262160946603222e-05,3.663207162154787932e-06,2.483515977827696651e-11,1.779626294916281025e-06,6.195291017390719914e-07,-3.025404349152818116e-14,8.924489021301269531e-01,5.126182079315185547e+00,-4.841148853302001953e+00,-1.052262160946603222e-05,-3.663207162154787932e-06,-2.483515977827696651e-11,0.000000000000000000e+00,0.000000000000000000e+00,0.000000000000000000e+00,0.000000000000000000e+00,0.000000000000000000e+00,0.000000000000000000e+00,0.000000000000000000e+00,8.276000366210937500e+02,8.276000366210937500e+02,8.276000366210937500e+02,8.276000366210937500e+02,9.099999997457413201e+02
4.209999999999999853e-01,1.234443437456626132e-05,4.297421775413500769e-06,2.478392837888481908e-11,1.821812765100229095e-06,6.342146132587128373e-07,-5.123139939214743272e-14,8.924490213394165039e-01,5.126182556152343750e+00,-4.841149330139160156e+00,-1.234443437456626132e-05,-4.297421775413500769e-06,-2.478392837888481908e-11,0.000000000000000000e+00,0.000000000000000000e+00,0.000000000000000000e+00,0.000000000000000000e+00,0.000000000000000000e+00,0.000000000000000000e+00,0.000000000000000000e+00,8.276009521484375000e+02,8.276009521484375000e+02,8.276009521484375000e+02,8.276009521484375000e+02,9.099999997455704488e+02
4.219999999999999862e-01,1.419466104474657352e-05,4.941527964620448502e-06,2.471171362051159602e-11,1.850226670180312201e-06,6.441061892069477329e-07,-7.221475837322306077e-14,8.924490213394165039e-01,5.126183509826660156e+00,-4.841149806976318359e+00,-1.419466104474657352e-05,-4.941527964620448502e-06,-2.471171362051159602e-11,0.000000000000000000e+00,0.000000000000000000e+00,0.000000000000000000e+00,0.000000000000000000e+00,0.000000000000000000e+00,0.000000000000000000e+00,0.000000000000000000e+00,8.276018066406250000e+02,8.276018066406250000e+02,8.276018066406250000e+02,8.276018066406250000e+02,9.099999997453445530e+02
4.229999999999999871e-01,1.605931898562751702e-05,5.590657496446869679e-06,2.461907911450730970e-11,1.864657940880943502e-06,6.491295318264211773e-07,-9.263450600428631844e-14,8.924490213394165039e-01,5.126183986663818359e+00,-4.841149806976318359e+00,-1.605931898562751702e-05,-5.590657496446869679e-06,-2.461907911450730970e-11,0.000000000000000000e+00,0.000000000000000000e+00,0.000000000000000000e+00,0.000000000000000000e+00,0.000000000000000000e+00,0.000000000000000000e+00,0.000000000000000000e+00,8.276026611328125000e+02,8.276026611328125000e+02,8.276026611328125000e+02,8.276026611328125000e+02,9.099999997450553337e+02
4.239999999999999880e-01,1.792431401441584561e-05,6.239904276241071523e-06,2.450717237633540699e-11,1.864995028788328589e-06,6.492467797942018439e-07,-1.119067381719027058e-13,8.924491405487060547e-01,5.126183986663818359e+00,-4.841150283813476562e+00,-1.792431401441584561e-05,-6.239904276241071523e-06,-2.450717237633540699e-11,0.000000000000000000e+00,0.000000000000000000e+00,0.000000000000000000e+00,0.000000000000000000e+00,0.000000000000000000e+00,0.000000000000000000e+00,0.000000000000000000e+00,8.276035156250000000e+02,8.276035156250000000e+02,8.276035156250000000e+02,8.276035156250000000e+02,9.099999997446951738e+02
4.249999999999999889e-01,1.977554869143031342e-05,6.884361802240363206e-06,2.437772126560081252e-11,1.851234677014467812e-06,6.444575259992916825e-07,-1.294511107345944777e-13,8.924491405487060547e-01,5.126183986663818359e+00,-4.841150760650634766e+00,-1.977554869143031342e-05,-6.884361802240363206e-06,-2.437772126560081252e-11,0.000000000000000000e+00,0.000000000000000000e+00,0.000000000000000000e+00,0.000000000000000000e+00,0.000000000000000000e+00,0.000000000000000000e+00,0.000000000000000000e+00,8.276043090820312500e+02,8.276043090820312500e+02,8.276043090820312500e+02,8.276043090820312500e+02,9.099999997442566837e+02
4.259999999999999898e-01,2.159903305429347156e-05,7.519158584227988709e-06,2.423301286794404436e-11,1.823484362863158140e-06,6.347967819876255036e-07,-1.447083976567681544e-13,8.924491405487060547e-01,5.126183986663818359e+00,-4.841150760650634766e+00,-2.159903305429347156e-05,-7.519158584227988709e-06,-2.423301286794404436e-11,0.000000000000000000e+00,0.000000000000000000e+00,0.000000000000000000e+00,0.000000000000000000e+00,0.000000000000000000e+00,0.000000000000000000e+00,0.000000000000000000e+00,8.276051025390625000e+02,8.276051025390625000e+02,8.276051025390625000e+02,8.276051025390625000e+02,9.099999997437336106e+02
4.269999999999999907e-01,2.338098232457149153e-05,8.139495597745050786e-06,2.407585856864461015e-11,1.781949270278019974e-06,6.203370135170620765e-07,-1.571542992994342134e-13,8.924491405487060547e-01,5.126184463500976562e+00,-4.841150760650634766e+00,-2.338098232457149153e-05,-8.139495597745050786e-06,-2.407585856864461015e-11,0.000000000000000000e+00,0.000000000000000000e+00,0.000000000000000000e+00,0.000000000000000000e+00,0.000000000000000000e+00,0.000000000000000000e+00,0.000000000000000000e+00,8.276058959960937500e+02,8.276058959960937500e+02,8.276058959960937500e+02,8.276058959960937500e+02,9.099999997431207248e+02
4.279999999999999916e-01,2.510792112818995071e-05,8.740683738302449315e-06,2.390953441211506569e-11,1.726938803618459177e-06,6.011881405573985291e-07,-1.663241565295444544e-13,8.924491405487060547e-01,5.126184463500976562e+00,-4.841150760650634766e+00,-2.510792112818995071e-05,-8.740683738302449315e-06,-2.390953441211506569e-11,0.000000000000000000e+00,0.000000000000000000e+00,0.000000000000000000e+00,0.000000000000000000e+00,0.000000000000000000e+00,0.000000000000000000e+00,0.000000000000000000e+00,8.276066284179687500e+02,8.276066284179687500e+02,8.276066284179687500e+02,8.276066284179687500e+02,9.099999997424139337e+02
4.289999999999999925e-01,2.676679422962560692e-05,9.318176390260809178e-06,2.373771594723231348e-11,1.658873101435656206e-06,5.774926519583598635e-07,-1.718184648827522084e-13,8.924492597579956055e-01,5.126183986663818359e+00,-4.841150760650634766e+00,-2.676679422962560692e-05,-9.318176390260809178e-06,-2.373771594723231348e-11,0.000000000000000000e+00,0.000000000000000000e+00,0.000000000000000000e+00,0.000000000000000000e+00,0.000000000000000000e+00,0.000000000000000000e+00,0.000000000000000000e+00,8.276073608398437500e+02,8.276073608398437500e+02,8.276073608398437500e+02,8.276073608398437500e+02,9.099999997416106226e+02
4.299999999999999933e-01,2.834505121099429781e-05,9.867605252598415406e-06,2.356439631729499146e-11,1.578256981368690896e-06,5.494288623376062281e-07,-1.733196299373220260e-13,8.924492597579956055e-01,5.126184940338134766e+00,-4.841150760650634766e+00,-2.834505121099429781e-05,-9.867605252598415406e-06,-2.356439631729499146e-11,0.000000000000000000e+00,0.000000000000000000e+00,0.000000000000000000e+00,0.000000000000000000e+00,0.000000000000000000e+00,0.000000000000000000e+00,0.000000000000000000e+00,8.276080932617187500e+02,8.276080932617187500e+02,8.276080932617187500e+02,8.276080932617187500e+02,9.099999997407097680e+02
4.309999999999999942e-01,2.983074580713468199e-05,1.038481209356916189e-05,2.339379463981301961e-11,1.485694596140384177e-06,5.172068409707464856e-07,-1.706016774819718440e-13,8.924493789672851562e-01,5.126186370849609375e+00,-4.841152191162109375e+00,-2.983074580713468199e-05,-1.038481209356916189e-05,-2.339379463981301961e-11,0.000000000000000000e+00,0.000000000000000000e+00,0.000000000000000000e+00,0.000000000000000000e+00,0.000000000000000000e+00,0.000000000000000000e+00,0.000000000000000000e+00,8.276087646484375000e+02,8.276087646484375000e+02,8.276087646484375000e+02,8.276087646484375000e+02,9.099999997397120524e+02
4.319999999999999951e-01,3.121263035536010511e-05,1.086588213380447113e-05,2.323025104063530542e-11,1.381884548225423119e-06,4.810700402353092388e-07,-1.635435991777141984e-13,8.924494981765747070e-01,5.126186370849609375e+00,-4.841152667999267578e+00,-3.121263035536010511e-05,-1.086588213380447113e-05,-2.323025104063530542e-11,0.000000000000000000e+00,0.000000000000000000e+00,0.000000000000000000e+00,0.000000000000000000e+00,0.000000000000000000e+00,0.000000000000000000e+00,0.000000000000000000e+00,8.276094360351562500e+02,8.276094360351562500e+02,8.276094360351562500e+02,8.276094360351562500e+02,9.099999997386197492e+02
4.329999999999999960e-01,3.248024047454641796e-05,1.130716847297326194e-05,2.307812539819920812e-11,1.267610119186312852e-06,4.412863391687908070e-07,-1.521256424360972966e-13,8.924493789672851562e-01,5.126186370849609375e+00,-4.841152191162109375e+00,-3.248024047454641796e-05,-1.130716847297326194e-05,-2.307812539819920812e-11,0.000000000000000000e+00,0.000000000000000000e+00,0.000000000000000000e+00,0.000000000000000000e+00,0.000000000000000000e+00,0.000000000000000000e+00,0.000000000000000000e+00,8.276101074218750000e+02,8.276101074218750000e+02,8.276101074218750000e+02,8.276101074218750000e+02,9.099999997374369514e+02
4.339999999999999969e-01,3.362395857444787898e-05,1.170532628710588223e-05,2.294168687237077328e-11,1.143718099901461021e-06,3.981578141326202905e-07,-1.364385258284348423e-13,8.924494981765747070e-01,5.126186847686767578e+00,-4.841152191162109375e+00,-3.362395857444787898e-05,-1.170532628710588223e-05,-2.294168687237077328e-11,0.000000000000000000e+00,0.000000000000000000e+00,0.000000000000000000e+00,0.000000000000000000e+00,0.000000000000000000e+00,0.000000000000000000e+00,0.000000000000000000e+00,8.276107788085937500e+02,8.276107788085937500e+02,8.276107788085937500e+02,8.276107788085937500e+02,9.099999997361693431e+02
4.349999999999999978e-01,3.463510504856094451e-05,1.205733399836606353e-05,2.282500646628795353e-11,1.011146474113065524e-06,3.520077112601813056e-07,-1.166804060828197460e-13,8.924494981765747070e-01,5.126186370849609375e+00,-4.841153144836425781e+00,-3.463510504856094451e-05,-1.205733399836606353e-05,-2.282500646628795353e-11,0.000000000000000000e+00,0.000000000000000000e+00,0.000000000000000000e+00,0.000000000000000000e+00,0.000000000000000000e+00,0.000000000000000000e+00,0.000000000000000000e+00,8.276113891601562500e+02,8.276113891601562500e+02,8.276113891601562500e+02,8.276113891601562500e+02,9.099999997348244278e+02
4.359999999999999987e-01,3.550599689810819129e-05,1.236051363060088619e-05,2.273186012101583824e-11,8.708918495472467805e-07,3.031796322348226602e-07,-9.314634527211529215e-14,8.924496173858642578e-01,5.126186370849609375e+00,-4.841152667999267578e+00,-3.550599689810819129e-05,-1.236051363060088619e-05,-2.273186012101583824e-11,0.000000000000000000e+00,0.000000000000000000e+00,0.000000000000000000e+00,0.000000000000000000e+00,0.000000000000000000e+00,0.000000000000000000e+00,0.000000000000000000e+00,8.276120605468750000e+02,8.276120605468750000e+02,8.276120605468750000e+02,8.276120605468750000e+02,9.099999997334109594e+02
4.369999999999999996e-01,3.622999332847022009e-05,1.261255686444472572e-05,2.266561529281800738e-11,7.239964303620288083e-07,2.520432338438395278e-07,-6.624482819783085853e-14,8.924496173858642578e-01,5.126187324523925781e+00,-4.841152667999267578e+00,-3.622999332847022009e-05,-1.261255686444472572e-05,-2.266561529281800738e-11,0.000000000000000000e+00,0.000000000000000000e+00,0.000000000000000000e+00,0.000000000000000000e+00,0.000000000000000000e+00,0.000000000000000000e+00,0.000000000000000000e+00,8.276126708984375000e+02,8.276126708984375000e+02,8.276126708984375000e+02,8.276126708984375000e+02,9.099999997319392833e+02
4.380000000000000004e-01,3.680156740072150907e-05,1.281153806487123954e-05,2.262916120358242953e-11,5.715740722512889765e-07,1.989812004265138166e-07,-3.645408923557784853e-14,8.924497365951538086e-01,5.126187801361083984e+00,-4.841152667999267578e+00,-3.680156740072150907e-05,-1.281153806487123954e-05,-2.262916120358242953e-11,0.000000000000000000e+00,0.000000000000000000e+00,0.000000000000000000e+00,0.000000000000000000e+00,0.000000000000000000e+00,0.000000000000000000e+00,0.000000000000000000e+00,8.276132202148437500e+02,8.276132202148437500e+02,8.276132202148437500e+02,8.276132202148437500e+02,9.099999997304207682e+02
4.390000000000000013e-01,3.721633534362238176e-05,1.295592975141132338e-05,2.262482917813541051e-11,4.147679429008726908e-07,1.443916865400838369e-07,-4.332025447019025925e-15,8.924497365951538086e-01,5.126187801361083984e+00,-4.841152667999267578e+00,-3.721633534362238176e-05,-1.295592975141132338e-05,-2.262482917813541051e-11,0.000000000000000000e+00,0.000000000000000000e+00,0.000000000000000000e+00,0.000000000000000000e+00,0.000000000000000000e+00,0.000000000000000000e+00,0.000000000000000000e+00,8.276138305664062500e+02,8.276138305664062500e+02,8.276138305664062500e+02,8.276138305664062500e+02,9.099999997288679197e+02
4.400000000000000022e-01,3.747107935183494537e-05,1.304461399726109734e-05,2.265432231170635177e-11,2.547440082125636035e-07,8.868424584977396298e-08,2.949313357094126708e-14,8.924497365951538086e-01,5.126187324523925781e+00,-4.841152667999267578e+00,-3.747107935183494537e-05,-1.304461399726109734e-05,-2.265432231170635177e-11,0.000000000000000000e+00,0.000000000000000000e+00,0.000000000000000000e+00,0.000000000000000000e+00,0.000000000000000000e+00,0.000000000000000000e+00,0.000000000000000000e+00,8.276143798828125000e+02,8.276143798828125000e+02,8.276143798828125000e+02,8.276143798828125000e+02,9.099999997272935843e+02
4.410000000000000031e-01,3.756379969613096991e-05,1.307689219994588622e-05,2.271868247831830904e-11,9.272034429602454483e-08,3.227820268478887944e-08,6.436016661195726779e-14,8.924496173858642578e-01,5.126186847686767578e+00,-4.841152667999267578e+00,-3.756379969613096991e-05,-1.307689219994588622e-05,-2.271868247831830904e-11,0.000000000000000000e+00,0.000000000000000000e+00,0.000000000000000000e+00,0.000000000000000000e+00,0.000000000000000000e+00,0.000000000000000000e+00,0.000000000000000000e+00,8.276149291992187500e+02,8.276149291992187500e+02,8.276149291992187500e+02,8.276149291992187500e+02,9.099999997257116320e+02
4.420000000000000040e-01,3.749369518206399540e-05,1.305248833820821236e-05,2.281826259118502423e-11,-7.010451406697451333e-08,-2.440386173767385689e-08,9.958011286671518669e-14,8.924497365951538086e-01,5.126186847686767578e+00,-4.841152667999267578e+00,-3.749369518206399540e-05,-1.305248833820821236e-05,-2.281826259118502423e-11,0.000000000000000000e+00,0.000000000000000000e+00,0.000000000000000000e+00,0.000000000000000000e+00,0.000000000000000000e+00,0.000000000000000000e+00,0.000000000000000000e+00,8.276154785156250000e+02,8.276154785156250000e+02,8.276154785156250000e+02,8.276154785156250000e+02,9.099999997241354777e+02
4.430000000000000049e-01,3.726120223262520561e-05,1.297155141467379583e-05,2.295270083209142889e-11,-2.324929494387897909e-07,-8.093692353441652939e-08,1.344382409064046581e-13,8.924496173858642578e-01,5.126186847686767578e+00,-4.841152667999267578e+00,-3.726120223262520561e-05,-1.297155141467379583e-05,-2.295270083209142889e-11,0.000000000000000000e+00,0.000000000000000000e+00,0.000000000000000000e+00,0.000000000000000000e+00,0.000000000000000000e+00,0.000000000000000000e+00,0.000000000000000000e+00,8.276160278320312500e+02,8.276160278320312500e+02,8.276160278320312500e+02,8.276160278320312500e+02,9.099999997225787638e+02
4.440000000000000058e-01,3.686796883313944446e-05,1.283465545585154425e-05,2.312095839581659620e-11,-3.932333994857611426e-07,-1.368959588222515858e-07,1.682575637251673142e-13,8.924496173858642578e-01,5.126186847686767578e+00,-4.841152191162109375e+00,-3.686796883313944446e-05,-1.283465545585154425e-05,-2.312095839581659620e-11,0.000000000000000000e+00,0.000000000000000000e+00,0.000000000000000000e+00,0.000000000000000000e+00,0.000000000000000000e+00,0.000000000000000000e+00,0.000000000000000000e+00,8.276165161132812500e+02,8.276165161132812500e+02,8.276165161132812500e+02,8.276165161132812500e+02,9.099999997210547917e+02
4.450000000000000067e-01,3.631684801748932178e-05,1.264279544102357227e-05,2.332131515056658465e-11,-5.511208156501226879e-07,-1.918600148279719762e-07,2.003567547499884477e-13,8.924497365951538086e-01,5.126186847686767578e+00,-4.841151714324951172e+00,-3.631684801748932178e-05,-1.264279544102357227e-05,-2.332131515056658465e-11,0.000000000000000000e+00,0.000000000000000000e+00,0.000000000000000000e+00,0.000000000000000000e+00,0.000000000000000000e+00,0.000000000000000000e+00,0.000000000000000000e+00,8.276170043945312500e+02,8.276170043945312500e+02,8.276170043945312500e+02,8.276170043945312500e+02,9.099999997195760670e+02
4.460000000000000075e-01,3.561187832678716452e-05,1.239737753158120776e-05,2.355144159411157645e-11,-7.049696907021572585e-07,-2.454179094423645136e-07,2.301264435449918041e-13,8.924497365951538086e-01,5.126186847686767578e+00,-4.841152667999267578e+00,-3.561187832678716452e-05,-1.239737753158120776e-05,-2.355144159411157645e-11,0.000000000000000000e+00,0.000000000000000000e+00,0.000000000000000000e+00,0.000000000000000000e+00,0.000000000000000000e+00,0.000000000000000000e+00,0.000000000000000000e+00,8.276174926757812500e+02,8.276174926757812500e+02,8.276174926757812500e+02,8.276174926757812500e+02,9.099999997181541858e+02
4.470000000000000084e-01,3.475825775427112129e-05,1.210021011458302278e-05,2.380843739053321434e-11,-8.536205725160432296e-07,-2.971674169981849744e-07,2.569957964216378892e-13,8.924496173858642578e-01,5.126185894012451172e+00,-4.841152191162109375e+00,-3.475825775427112129e-05,-1.210021011458302278e-05,-2.380843739053321434e-11,0.000000000000000000e+00,0.000000000000000000e+00,0.000000000000000000e+00,0.000000000000000000e+00,0.000000000000000000e+00,0.000000000000000000e+00,0.000000000000000000e+00,8.276179809570312500e+02,8.276179809570312500e+02,8.276179809570312500e+02,8.276179809570312500e+02,9.099999997167996071e+02
4.480000000000000093e-01,3.376230140576120923e-05,1.175349077520284860e-05,2.408892433419301672e-11,-9.959563485099120540e-07,-3.467193393801741764e-07,2.804869436598023783e-13,8.924496173858642578e-01,5.126185894012451172e+00,-4.841152191162109375e+00,-3.376230140576120923e-05,-1.175349077520284860e-05,-2.408892433419301672e-11,0.000000000000000000e+00,0.000000000000000000e+00,0.000000000000000000e+00,0.000000000000000000e+00,0.000000000000000000e+00,0.000000000000000000e+00,0.000000000000000000e+00,8.276184692382812500e+02,8.276184692382812500e+02,8.276184692382812500e+02,8.276184692382812500e+02,9.099999997155215397e+02
4.490000000000000102e-01,3.263137961878746134e-05,1.135978838384581064e-05,2.438912663724309214e-11,-1.130921786973747897e-06,-3.937023913570379690e-07,3.002023030500754199e-13,8.924496173858642578e-01,5.126185417175292969e+00,-4.841152667999267578e+00,-3.263137961878746134e-05,-1.135978838384581064e-05,-2.438912663724309214e-11,0.000000000000000000e+00,0.000000000000000000e+00,0.000000000000000000e+00,0.000000000000000000e+00,0.000000000000000000e+00,0.000000000000000000e+00,0.000000000000000000e+00,8.276188964843750000e+02,8.276188964843750000e+02,8.276188964843750000e+02,8.276188964843750000e+02,9.099999997143277142e+02
4.500000000000000111e-01,3.137389190748591567e-05,1.092202518326436510e-05,2.470495677556066885e-11,-1.257487711301545662e-06,-4.377632005814455397e-07,3.158301383175767112e-13,8.924496173858642578e-01,5.126185417175292969e+00,-4.841152191162109375e+00,-3.137389190748591567e-05,-1.092202518326436510e-05,-2.470495677556066885e-11,0.000000000000000000e+00,0.000000000000000000e+00,0.000000000000000000e+00,0.000000000000000000e+00,0.000000000000000000e+00,0.000000000000000000e+00,0.000000000000000000e+00,8.276193847656250000e+02,8.276193847656250000e+02,8.276193847656250000e+02,8.276193847656250000e+02,9.099999997132241560e+02
4.510000000000000120e-01,2.999918228351086851e-05,1.044345399034233875e-05,2.503214006338523880e-11,-1.374709623975047169e-06,-4.785711929220263453e-07,3.271832878245699454e-13,8.924496173858642578e-01,5.126185417175292969e+00,-4.841152191162109375e+00,-2.999918228351086851e-05,-1.044345399034233875e-05,-2.503214006338523880e-11,0.000000000000000000e+00,0.000000000000000000e+00,0.000000000000000000e+00,0.000000000000000000e+00,0.000000000000000000e+00,0.000000000000000000e+00,0.000000000000000000e+00,8.276198120117187500e+02,8.276198120117187500e+02,8.276198120117187500e+02,8.276198120117187500e+02,9.099999997122150717e+02
4.520000000000000129e-01,2.851746760449891928e-05,9.927632955212985420e-06,2.536630740717206919e-11,-1.481714679011949230e-06,-5.158210351293533312e-07,3.341673437868303988e-13,8.924493789672851562e-01,5.126185417175292969e+00,-4.841151714324951172e+00,-2.851746760449891928e-05,-9.927632955212985420e-06,-2.536630740717206919e-11,0.000000000000000000e+00,0.000000000000000000e+00,0.000000000000000000e+00,0.000000000000000000e+00,0.000000000000000000e+00,0.000000000000000000e+00,0.000000000000000000e+00,8.276202392578125000e+02,8.276202392578125000e+02,8.276202392578125000e+02,8.276202392578125000e+02,9.099999997113033032e+02
4.530000000000000138e-01,2.693978057852913855e-05,9.378401948821014360e-06,2.570310518875853952e-11,-1.577687025969780723e-06,-5.492310063919710592e-07,3.367977815864703254e-13,8.924493789672851562e-01,5.126184940338134766e+00,-4.841151237487792969e+00,-2.693978057852913855e-05,-9.378401948821014360e-06,-2.570310518875853952e-11,0.000000000000000000e+00,0.000000000000000000e+00,0.000000000000000000e+00,0.000000000000000000e+00,0.000000000000000000e+00,0.000000000000000000e+00,0.000000000000000000e+00,8.276206665039062500e+02,8.276206665039062500e+02,8.276206665039062500e+02,8.276206665039062500e+02,9.099999997104895328e+02
4.540000000000000147e-01,2.527786391526325310e-05,8.799849179820673918e-06,2.603830887281917235e-11,-1.661916663265885455e-06,-5.785527690003404428e-07,3.352036840606328272e-13,8.924492597579956055e-01,5.126184463500976562e+00,-4.841150283813476562e+00,-2.527786391526325310e-05,-8.799849179820673918e-06,-2.603830887281917235e-11,0.000000000000000000e+00,0.000000000000000000e+00,0.000000000000000000e+00,0.000000000000000000e+00,0.000000000000000000e+00,0.000000000000000000e+00,0.000000000000000000e+00,8.276210327148437500e+02,8.276210327148437500e+02,8.276210327148437500e+02,8.276210327148437500e+02,9.099999997097731921e+02
4.550000000000000155e-01,2.354409704596575287e-05,8.196284325249781952e-06,2.636792259419580095e-11,-1.733766869297500223e-06,-6.035648545708919660e-07,3.296137213766286023e-13,8.924492597579956055e-01,5.126183986663818359e+00,-4.841150760650634766e+00,-2.354409704596575287e-05,-8.196284325249781952e-06,-2.636792259419580095e-11,0.000000000000000000e+00,0.000000000000000000e+00,0.000000000000000000e+00,0.000000000000000000e+00,0.000000000000000000e+00,0.000000000000000000e+00,0.000000000000000000e+00,8.276214599609375000e+02,8.276214599609375000e+02,8.276214599609375000e+02,8.276214599609375000e+02,9.099999997091516661e+02
4.560000000000000164e-01,2.175140167375212656e-05,7.572205961649813211e-06,2.668826353780618935e-11,-1.792695372213626314e-06,-6.240783635999687409e-07,3.203409436103883974e-13,8.924492597579956055e-01,5.126184463500976562e+00,-4.841150760650634766e+00,-2.175140167375212656e-05,-7.572205961649813211e-06,-2.668826353780618935e-11,0.000000000000000000e+00,0.000000000000000000e+00,0.000000000000000000e+00,0.000000000000000000e+00,0.000000000000000000e+00,0.000000000000000000e+00,0.000000000000000000e+00,8.276218261718750000e+02,8.276218261718750000e+02,8.276218261718750000e+02,8.276218261718750000e+02,9.099999997086212034e+02
4.570000000000000173e-01,1.991313592472902290e-05,6.932263296631937768e-06,2.699604847664745761e-11,-1.838265749023103665e-06,-6.399426650178754433e-07,3.077849388412682640e-13,8.924492597579956055e-01,5.126184463500976562e+00,-4.841150760650634766e+00,-1.991313592472902290e-05,-6.932263296631937768e-06,-2.699604847664745761e-11,0.000000000000000000e+00,0.000000000000000000e+00,0.000000000000000000e+00,0.000000000000000000e+00,0.000000000000000000e+00,0.000000000000000000e+00,0.000000000000000000e+00,8.276221923828125000e+02,8.276221923828125000e+02,8.276221923828125000e+02,8.276221923828125000e+02,9.099999997081765741e+02
4.580000000000000182e-01,1.804300315513042655e-05,6.281228078218108966e-06,2.728847529748294006e-11,-1.870132769598596348e-06,-6.510352184138288017e-07,2.924268208354824474e-13,8.924491405487060547e-01,5.126183986663818359e+00,-4.841149806976318359e+00,-1.804300315513042655e-05,-6.281228078218108966e-06,-2.728847529748294006e-11,0.000000000000000000e+00,0.000000000000000000e+00,0.000000000000000000e+00,0.000000000000000000e+00,0.000000000000000000e+00,0.000000000000000000e+00,0.000000000000000000e+00,8.276225585937500000e+02,8.276225585937500000e+02,8.276225585937500000e+02,8.276225585937500000e+02,9.099999997078116394e+02
4.590000000000000191e-01,1.615494773090187265e-05,5.623953069519114068e-06,2.756325758053347039e-11,-1.888055424228553898e-06,-6.572750086989948983e-07,2.747822830505303307e-13,8.924491405487060547e-01,5.126183986663818359e+00,-4.841149330139160156e+00,-1.615494773090187265e-05,-5.623953069519114068e-06,-2.756325758053347039e-11,0.000000000000000000e+00,0.000000000000000000e+00,0.000000000000000000e+00,0.000000000000000000e+00,0.000000000000000000e+00,0.000000000000000000e+00,0.000000000000000000e+00,8.276229248046875000e+02,8.276229248046875000e+02,8.276229248046875000e+02,8.276229248046875000e+02,9.099999997075190095e+02
4.600000000000000200e-01,1.426304592195264747e-05,4.965339479854658236e-06,2.781867403797921682e-11,-1.891901808949225184e-06,-6.586135896644558312e-07,2.554164574457464342e-13,8.924490213394165039e-01,5.126183509826660156e+00,-4.841149330139160156e+00,-1.426304592195264747e-05,-4.965339479854658236e-06,-2.781867403797921682e-11,0.000000000000000000e+00,0.000000000000000000e+00,0.000000000000000000e+00,0.000000000000000000e+00,0.000000000000000000e+00,0.000000000000000000e+00,0.000000000000000000e+00,8.276232910156250000e+02,8.276232910156250000e+02,8.276232910156250000e+02,8.276232910156250000e+02,9.099999997072909537e+02
4.610000000000000209e-01,1.238140412440597091e-05,4.310297067875426019e-06,2.805359678512416613e-11,-1.881641797546676560e-06,-6.550424119792322170e-07,2.349227471449493054e-13,8.924490213394165039e-01,5.126183032989501953e+00,-4.841149330139160156e+00,-1.238140412440597091e-05,-4.310297067875426019e-06,-2.805359678512416613e-11,0.000000000000000000e+00,0.000000000000000000e+00,0.000000000000000000e+00,0.000000000000000000e+00,0.000000000000000000e+00,0.000000000000000000e+00,0.000000000000000000e+00,8.276235961914062500e+02,8.276235961914062500e+02,8.276235961914062500e+02,8.276235961914062500e+02,9.099999997071190592e+02
4.620000000000000218e-01,1.052405056907321192e-05,3.663709944239148990e-06,2.826748122494978970e-11,-1.857353555332758981e-06,-6.465871236362770294e-07,2.138844398256235735e-13,8.924490213394165039e-01,5.126183032989501953e+00,-4.841148853302001953e+00,-1.052405056907321192e-05,-3.663709944239148990e-06,-2.826748122494978970e-11,0.000000000000000000e+00,0.000000000000000000e+00,0.000000000000000000e+00,0.000000000000000000e+00,0.000000000000000000e+00,0.000000000000000000e+00,0.000000000000000000e+00,8.276239624023437500e+02,8.276239624023437500e+02,8.276239624023437500e+02,8.276239624023437500e+02,9.099999997069947995e+02
4.630000000000000226e-01,8.704831915260088996e-06,3.030398303176684418e-06,2.846035576436692977e-11,-1.819218653813122928e-06,-6.333116410624645719e-07,1.928745394171400663e-13,8.924489021301269531e-01,5.126183032989501953e+00,-4.841148376464843750e+00,-8.704831915260088996e-06,-3.030398303176684418e-06,-2.846035576436692977e-11,0.000000000000000000e+00,0.000000000000000000e+00,0.000000000000000000e+00,0.000000000000000000e+00,0.000000000000000000e+00,0.000000000000000000e+00,0.000000000000000000e+00,8.276242675781250000e+02,8.276242675781250000e+02,8.276242675781250000e+02,8.276242675781250000e+02,9.099999997069098754e+02
4.640000000000000235e-01,6.937309844572858735e-06,2.415082800279574914e-06,2.863280209037853656e-11,-1.767522070687230261e-06,-6.153155028971095043e-07,1.724463260116067868e-13,8.924489021301269531e-01,5.126183032989501953e+00,-4.841148376464843750e+00,-6.937309844572858735e-06,-2.415082800279574914e-06,-2.863280209037853656e-11,0.000000000000000000e+00,0.000000000000000000e+00,0.000000000000000000e+00,0.000000000000000000e+00,0.000000000000000000e+00,0.000000000000000000e+00,0.000000000000000000e+00,8.276246337890625000e+02,8.276246337890625000e+02,8.276246337890625000e+02,8.276246337890625000e+02,9.099999997068559878e+02
4.650000000000000244e-01,5.234655619169519337e-06,1.822348726732121328e-06,2.878589339300836511e-11,-1.702654225403339398e-06,-5.927340735474535858e-07,1.530913026298285534e-13,8.924489021301269531e-01,5.126183032989501953e+00,-4.841148376464843750e+00,-5.234655619169519337e-06,-1.822348726732121328e-06,-2.878589339300836511e-11,0.000000000000000000e+00,0.000000000000000000e+00,0.000000000000000000e+00,0.000000000000000000e+00,0.000000000000000000e+00,0.000000000000000000e+00,0.000000000000000000e+00,8.276249389648437500e+02,8.276249389648437500e+02,8.276249389648437500e+02,8.276249389648437500e+02,9.099999997068251787e+02
4.660000000000000253e-01,3.609555224896987479e-06,1.256612320876194994e-06,2.892115080165272692e-11,-1.625100394272531858e-06,-5.657364058559263344e-07,1.352574086443618159e-13,8.924484252929687500e-01,5.126181602478027344e+00,-4.841147899627685547e+00,-3.609555224896987479e-06,-1.256612320876194994e-06,-2.892115080165272692e-11,0.000000000000000000e+00,0.000000000000000000e+00,0.000000000000000000e+00,0.000000000000000000e+00,0.000000000000000000e+00,0.000000000000000000e+00,0.000000000000000000e+00,8.276252441406250000e+02,8.276252441406250000e+02,8.276252441406250000e+02,8.276252441406250000e+02,9.099999997068106268e+02
4.670000000000000262e-01,2.074111257540291231e-06,7.220869779983023596e-07,2.904045238057781223e-11,-1.535443967356696249e-06,-5.345253428778926341e-07,1.193015789250853067e-13,8.924484252929687500e-01,5.126181602478027344e+00,-4.841147422790527344e+00,-2.074111257540291231e-06,-7.220869779983023596e-07,-2.904045238057781223e-11,0.000000000000000000e+00,0.000000000000000000e+00,0.000000000000000000e+00,0.000000000000000000e+00,0.000000000000000000e+00,0.000000000000000000e+00,0.000000000000000000e+00,8.276255493164062500e+02,8.276255493164062500e+02,8.276255493164062500e+02,8.276255493164062500e+02,9.099999997068057382e+02
4.680000000000000271e-01,6.397543252913567950e-07,2.227517755604570176e-07,2.914597448795076075e-11,-1.434356932248934330e-06,-4.993352024378453420e-07,1.055221073729485148e-13,8.924483060836791992e-01,5.126181125640869141e+00,-4.841146945953369141e+00,-6.397543252913567950e-07,-2.227517755604570176e-07,-2.914597448795076075e-11,0.000000000000000000e+00,0.000000000000000000e+00,0.000000000000000000e+00,0.000000000000000000e+00,0.000000000000000000e+00,0.000000000000000000e+00,0.000000000000000000e+00,8.276257934570312500e+02,8.276257934570312500e+02,8.276257934570312500e+02,8.276257934570312500e+02,9.099999997068052835e+02
4.689999999999999725e-01,-6.828445818935703003e-07,-2.376782967916390117e-07,2.924007540815162473e-11,-1.322598907184926989e-06,-4.604300723520960293e-07,9.410092020086398831e-14,8.924483060836791992e-01,5.126181602478027344e+00,-4.841147422790527344e+00,6.828445818935703003e-07,2.376782967916390117e-07,-2.924007540815162473e-11,0.000000000000000000e+00,0.000000000000000000e+00,0.000000000000000000e+00,0.000000000000000000e+00,0.000000000000000000e+00,0.000000000000000000e+00,0.000000000000000000e+00,8.276260986328125000e+02,8.276260986328125000e+02,8.276260986328125000e+02,8.276260986328125000e+02,9.099999997068048287e+02
4.699999999999999734e-01,-1.883853224494403198e-06,-6.557802497764796190e-07,2.932522677287698158e-11,-1.201008642600832898e-06,-4.181019529848406072e-07,8.515136472535684754e-14,8.924483060836791992e-01,5.126181125640869141e+00,-4.841147422790527344e+00,1.883853224494403198e-06,6.557802497764796190e-07,-2.932522677287698158e-11,0.000000000000000000e+00,0.000000000000000000e+00,0.000000000000000000e+00,0.000000000000000000e+00,0.000000000000000000e+00,0.000000000000000000e+00,0.000000000000000000e+00,8.276263427734375000e+02,8.276263427734375000e+02,8.276263427734375000e+02,8.276263427734375000e+02,9.099999997068008497e+02
4.709999999999999742e-01,-2.954352207629071458e-06,-1.028448895136330366e-06,2.940390907780806365e-11,-1.070498983134668260e-06,-3.726686453598507470e-07,7.868230493108206365e-14,8.924483060836791992e-01,5.126181125640869141e+00,-4.841147422790527344e+00,2.954352207629071458e-06,1.028448895136330366e-06,-2.940390907780806365e-11,0.000000000000000000e+00,0.000000000000000000e+00,0.000000000000000000e+00,0.000000000000000000e+00,0.000000000000000000e+00,0.000000000000000000e+00,0.000000000000000000e+00,8.276266479492187500e+02,8.276266479492187500e+02,8.276266479492187500e+02,8.276266479492187500e+02,9.099999997067910726e+02
4.719999999999999751e-01,-3.886401696368520296e-06,-1.352920127297498358e-06,2.947851183952585460e-11,-9.320494887394488379e-07,-3.244712321611679917e-07,7.460276171779095623e-14,8.924483060836791992e-01,5.126181602478027344e+00,-4.841147422790527344e+00,3.886401696368520296e-06,1.352920127297498358e-06,-2.947851183952585460e-11,0.000000000000000000e+00,0.000000000000000000e+00,0.000000000000000000e+00,0.000000000000000000e+00,0.000000000000000000e+00,0.000000000000000000e+00,0.000000000000000000e+00,8.276268920898437500e+02,8.276268920898437500e+02,8.276268920898437500e+02,8.276268920898437500e+02,9.099999997067741333e+02
4.729999999999999760e-01,-4.673100955720349389e-06,-1.626791431586915032e-06,2.955126026240392183e-11,-7.866992593518290931e-07,-2.738713042894166745e-07,7.274842287806722687e-14,8.924483060836791992e-01,5.126181125640869141e+00,-4.841146945953369141e+00,4.673100955720349389e-06,1.626791431586915032e-06,-2.955126026240392183e-11,0.000000000000000000e+00,0.000000000000000000e+00,0.000000000000000000e+00,0.000000000000000000e+00,0.000000000000000000e+00,0.000000000000000000e+00,0.000000000000000000e+00,8.276271362304687500e+02,8.276271362304687500e+02,8.276271362304687500e+02,8.276271362304687500e+02,9.099999997067495769e+02
4.739999999999999769e-01,-5.308641529503078771e-06,-1.848040280560418101e-06,2.962412172535994370e-11,-6.355405737827293815e-07,-2.212488489735030686e-07,7.286146295602187536e-14,8.924481868743896484e-01,5.126180648803710938e+00,-4.841146945953369141e+00,5.308641529503078771e-06,1.848040280560418101e-06,-2.962412172535994370e-11,0.000000000000000000e+00,0.000000000000000000e+00,0.000000000000000000e+00,0.000000000000000000e+00,0.000000000000000000e+00,0.000000000000000000e+00,0.000000000000000000e+00,8.276274414062500000e+02,8.276274414062500000e+02,8.276274414062500000e+02,8.276274414062500000e+02,9.099999997067179720e+02
4.749999999999999778e-01,-5.788347747890587177e-06,-2.015039451554093634e-06,2.969874470084691079e-11,-4.797062183875084058e-07,-1.669991709936755328e-07,7.462297548696708302e-14,8.924483060836791992e-01,5.126181125640869141e+00,-4.841146945953369141e+00,5.788347747890587177e-06,2.015039451554093634e-06,-2.969874470084691079e-11,0.000000000000000000e+00,0.000000000000000000e+00,0.000000000000000000e+00,0.000000000000000000e+00,0.000000000000000000e+00,0.000000000000000000e+00,0.000000000000000000e+00,8.276276855468750000e+02,8.276276855468750000e+02,8.276276855468750000e+02,8.276276855468750000e+02,9.099999997066804553e+02
4.759999999999999787e-01,-6.108715606512520709e-06,-2.126568527570006554e-06,2.977639208327619900e-11,-3.203678586219335328e-07,-1.115290760159129202e-07,7.764738242928821584e-14,8.924480676651000977e-01,5.126180171966552734e+00,-4.841146469116210938e+00,6.108715606512520709e-06,2.126568527570006554e-06,-2.977639208327619900e-11,0.000000000000000000e+00,0.000000000000000000e+00,0.000000000000000000e+00,0.000000000000000000e+00,0.000000000000000000e+00,0.000000000000000000e+00,0.000000000000000000e+00,8.276278686523437500e+02,8.276278686523437500e+02,8.276278686523437500e+02,8.276278686523437500e+02,9.099999997066386186e+02
4.769999999999999796e-01,-6.267435564670265813e-06,-2.181823464384682558e-06,2.985790216946903974e-11,-1.587199581577451041e-07,-5.525493681467600436e-08,8.151008619284074161e-14,8.924481868743896484e-01,5.126179695129394531e+00,-4.841146469116210938e+00,6.267435564670265813e-06,2.181823464384682558e-06,-2.985790216946903974e-11,0.000000000000000000e+00,0.000000000000000000e+00,0.000000000000000000e+00,0.000000000000000000e+00,0.000000000000000000e+00,0.000000000000000000e+00,0.000000000000000000e+00,8.276281127929687500e+02,8.276281127929687500e+02,8.276281127929687500e+02,8.276281127929687500e+02,9.099999997065946218e+02
4.779999999999999805e-01,-6.263412900886900067e-06,-2.180423409658343670e-06,2.994365693349092407e-11,4.022663783365746347e-09,1.400054726338888390e-09,8.575476402188432801e-14,8.924480676651000977e-01,5.126179695129394531e+00,-4.841146469116210938e+00,6.263412900886900067e-06,2.180423409658343670e-06,-2.994365693349092407e-11,0.000000000000000000e+00,0.000000000000000000e+00,0.000000000000000000e+00,0.000000000000000000e+00,0.000000000000000000e+00,0.000000000000000000e+00,0.000000000000000000e+00,8.276283569335937500e+02,8.276283569335937500e+02,8.276283569335937500e+02,8.276283569335937500e+02,9.099999997065506250e+02
4.789999999999999813e-01,-6.096773412461183520e-06,-2.122411720712406752e-06,3.003356526280614540e-11,1.666394884257165466e-07,5.801168894593691815e-08,8.990832931522132977e-14,8.924480676651000977e-01,5.126179695129394531e+00,-4.841146945953369141e+00,6.096773412461183520e-06,2.122411720712406752e-06,-3.003356526280614540e-11,0.000000000000000000e+00,0.000000000000000000e+00,0.000000000000000000e+00,0.000000000000000000e+00,0.000000000000000000e+00,0.000000000000000000e+00,0.000000000000000000e+00,8.276286010742187500e+02,8.276286010742187500e+02,8.276286010742187500e+02,8.276286010742187500e+02,9.099999997065089019e+02
4.799999999999999822e-01,-5.768864229689559031e-06,-2.008257796528981509e-06,3.012707976344865092e-11,3.279091827716244892e-07,1.141539241834252427e-07,9.351450064250551807e-14,8.924481868743896484e-01,5.126179695129394531e+00,-4.841146945953369141e+00,5.768864229689559031e-06,2.008257796528981509e-06,-3.012707976344865092e-11,0.000000000000000000e+00,0.000000000000000000e+00,0.000000000000000000e+00,0.000000000000000000e+00,0.000000000000000000e+00,0.000000000000000000e+00,0.000000000000000000e+00,8.276287841796875000e+02,8.276287841796875000e+02,8.276287841796875000e+02,8.276287841796875000e+02,9.099999997064716126e+02
4.809999999999999831e-01,-5.282242823869176109e-06,-1.838851785307878048e-06,3.022319173275362914e-11,4.866214058203829221e-07,1.694060112211034606e-07,9.611196930497821937e-14,8.924481868743896484e-01,5.126180171966552734e+00,-4.841146945953369141e+00,5.282242823869176109e-06,1.838851785307878048e-06,-3.022319173275362914e-11,0.000000000000000000e+00,0.000000000000000000e+00,0.000000000000000000e+00,0.000000000000000000e+00,0.000000000000000000e+00,0.000000000000000000e+00,0.000000000000000000e+00,8.276290283203125000e+02,8.276290283203125000e+02,8.276290283203125000e+02,8.276290283203125000e+02,9.099999997064403487e+02
4.819999999999999840e-01,-4.640658280191914537e-06,-1.615499088468119859e-06,3.032049951933555282e-11,6.415845436772615718e-07,2.233526968397581889e-07,9.730778658192368000e-14,8.924484252929687500e-01,5.126180648803710938e+00,-4.841147899627685547e+00,4.640658280191914537e-06,1.615499088468119859e-06,-3.032049951933555282e-11,0.000000000000000000e+00,0.000000000000000000e+00,0.000000000000000000e+00,0.000000000000000000e+00,0.000000000000000000e+00,0.000000000000000000e+00,0.000000000000000000e+00,8.276292114257812500e+02,8.276292114257812500e+02,8.276292114257812500e+02,8.276292114257812500e+02,9.099999997064161334e+02
4.829999999999999849e-01,-3.849022392863456737e-06,-1.339909572206463296e-06,3.041723138249236169e-11,7.916358873284578000e-07,2.755895162616565633e-07,9.673186315680886892e-14,8.924484252929687500e-01,5.126181125640869141e+00,-4.841147422790527344e+00,3.849022392863456737e-06,1.339909572206463296e-06,-3.041723138249236169e-11,0.000000000000000000e+00,0.000000000000000000e+00,0.000000000000000000e+00,0.000000000000000000e+00,0.000000000000000000e+00,0.000000000000000000e+00,0.000000000000000000e+00,8.276294555664062500e+02,8.276294555664062500e+02,8.276294555664062500e+02,8.276294555664062500e+02,9.099999997063995352e+02
4.839999999999999858e-01,-2.913374042890839366e-06,-1.014185863056168269e-06,3.051132341689436392e-11,9.356483499726173710e-07,3.257237091502950269e-07,9.409203440200223571e-14,8.924484252929687500e-01,5.126181125640869141e+00,-4.841147422790527344e+00,2.913374042890839366e-06,1.014185863056168269e-06,-3.051132341689436392e-11,0.000000000000000000e+00,0.000000000000000000e+00,0.000000000000000000e+00,0.000000000000000000e+00,0.000000000000000000e+00,0.000000000000000000e+00,0.000000000000000000e+00,8.276296386718750000e+02,8.276296386718750000e+02,8.276296386718750000e+02,8.276296386718750000e+02,9.099999997063900992e+02
4.849999999999999867e-01,-1.840832583873050358e-06,-6.408064018916584542e-07,3.060049163325239154e-11,1.072541459017789008e-06,3.733794611645098151e-07,8.916821635802762003e-14,8.924484252929687500e-01,5.126181125640869141e+00,-4.841146945953369141e+00,1.840832583873050358e-06,6.408064018916584542e-07,-3.060049163325239154e-11,0.000000000000000000e+00,0.000000000000000000e+00,0.000000000000000000e+00,0.000000000000000000e+00,0.000000000000000000e+00,0.000000000000000000e+00,0.000000000000000000e+00,8.276298217773437500e+02,8.276298217773437500e+02,8.276298217773437500e+02,8.276298217773437500e+02,9.099999997063862338e+02
4.859999999999999876e-01,-6.395453755710004053e-07,-2.226076837111765044e-07,3.068231406189713263e-11,1.201287208302049847e-06,4.181987181804819498e-07,8.182242864474108250e-14,8.924484252929687500e-01,5.126181125640869141e+00,-4.841147899627685547e+00,6.395453755710004053e-07,2.226076837111765044e-07,-3.068231406189713263e-11,0.000000000000000000e+00,0.000000000000000000e+00,0.000000000000000000e+00,0.000000000000000000e+00,0.000000000000000000e+00,0.000000000000000000e+00,0.000000000000000000e+00,8.276300048828125000e+02,8.276300048828125000e+02,8.276300048828125000e+02,8.276300048828125000e+02,9.099999997063857791e+02
4.869999999999999885e-01,6.813737916311087445e-07,2.372373955794844343e-07,3.075432328579259950e-11,1.320919167202109150e-06,4.598450792906609123e-07,7.200922389546686913e-14,8.924485445022583008e-01,5.126181602478027344e+00,-4.841147422790527344e+00,-6.813737916311087445e-07,-2.372373955794844343e-07,-3.075432328579259950e-11,0.000000000000000000e+00,0.000000000000000000e+00,0.000000000000000000e+00,0.000000000000000000e+00,0.000000000000000000e+00,0.000000000000000000e+00,0.000000000000000000e+00,8.276301879882812500e+02,8.276301879882812500e+02,8.276301879882812500e+02,8.276301879882812500e+02,9.099999997063853243e+02
4.879999999999999893e-01,2.111912938707031298e-06,7.352433806048746882e-07,3.081409690990383142e-11,1.430539147075922448e-06,4.980059850253902803e-07,5.977362411123192270e-14,8.924485445022583008e-01,5.126181602478027344e+00,-4.841147899627685547e+00,-2.111912938707031298e-06,-7.352433806048746882e-07,-3.081409690990383142e-11,0.000000000000000000e+00,0.000000000000000000e+00,0.000000000000000000e+00,0.000000000000000000e+00,0.000000000000000000e+00,0.000000000000000000e+00,0.000000000000000000e+00,8.276303710937500000e+02,8.276303710937500000e+02,8.276303710937500000e+02,8.276303710937500000e+02,9.099999997063803221e+02
4.889999999999999902e-01,3.641237417078832152e-06,1.267638311623837967e-06,3.085935828435336669e-11,1.529324478371800854e-06,5.323949310189632793e-07,4.526137444953527068e-14,8.924485445022583008e-01,5.126181602478027344e+00,-4.841147422790527344e+00,-3.641237417078832152e-06,-1.267638311623837967e-06,-3.085935828435336669e-11,0.000000000000000000e+00,0.000000000000000000e+00,0.000000000000000000e+00,0.000000000000000000e+00,0.000000000000000000e+00,0.000000000000000000e+00,0.000000000000000000e+00,8.276305541992187500e+02,8.276305541992187500e+02,8.276305541992187500e+02,8.276305541992187500e+02,9.099999997063654291e+02
4.899999999999999911e-01,5.257770567483613821e-06,1.830392018743958073e-06,3.088805626247274971e-11,1.616533150404781668e-06,5.627537071201201051e-07,2.869797811938302055e-14,8.924486637115478516e-01,5.126181602478027344e+00,-4.841147422790527344e+00,-5.257770567483613821e-06,-1.830392018743958073e-06,-3.088805626247274971e-11,0.000000000000000000e+00,0.000000000000000000e+00,0.000000000000000000e+00,0.000000000000000000e+00,0.000000000000000000e+00,0.000000000000000000e+00,0.000000000000000000e+00,8.276307373046875000e+02,8.276307373046875000e+02,8.276307373046875000e+02,8.276307373046875000e+02,9.099999997063343926e+02
4.909999999999999920e-01,6.949281350616089422e-06,2.419246731579812543e-06,3.089846421952425095e-11,1.691510783132475601e-06,5.888547128358544701e-07,1.040795705150124347e-14,8.924487829208374023e-01,5.126181602478027344e+00,-4.841147899627685547e+00,-6.949281350616089422e-06,-2.419246731579812543e-06,-3.089846421952425095e-11,0.000000000000000000e+00,0.000000000000000000e+00,0.000000000000000000e+00,0.000000000000000000e+00,0.000000000000000000e+00,0.000000000000000000e+00,0.000000000000000000e+00,8.276308593750000000e+02,8.276308593750000000e+02,8.276308593750000000e+02,8.276308593750000000e+02,9.099999997062802777e+02
4.919999999999999929e-01,8.702975489103547093e-06,3.029748350466602318e-06,3.088924566719310916e-11,1.753694138487457672e-06,6.105016188867897757e-07,-9.218552331141788848e-15,8.924489021301269531e-01,5.126182556152343750e+00,-4.841148853302001953e+00,-8.702975489103547093e-06,-3.029748350466602318e-06,-3.088924566719310916e-11,0.000000000000000000e+00,0.000000000000000000e+00,0.000000000000000000e+00,0.000000000000000000e+00,0.000000000000000000e+00,0.000000000000000000e+00,0.000000000000000000e+00,8.276310424804687500e+02,8.276310424804687500e+02,8.276310424804687500e+02,8.276310424804687500e+02,9.099999997061953536e+02
4.929999999999999938e-01,1.050559134214616568e-05,3.657280440228584438e-06,3.085952702638798784e-11,1.802615853042618591e-06,6.275320897619821201e-07,-2.971864080512132633e-14,8.924489021301269531e-01,5.126182556152343750e+00,-4.841149330139160156e+00,-1.050559134214616568e-05,-3.657280440228584438e-06,-3.085952702638798784e-11,0.000000000000000000e+00,0.000000000000000000e+00,0.000000000000000000e+00,0.000000000000000000e+00,0.000000000000000000e+00,0.000000000000000000e+00,0.000000000000000000e+00,8.276312255859375000e+02,8.276312255859375000e+02,8.276312255859375000e+02,8.276312255859375000e+02,9.099999997060715486e+02
4.939999999999999947e-01,1.234350209037780403e-05,4.297098936391761489e-06,3.080895328885177163e-11,1.837910748231638350e-06,6.398184961631770508e-07,-5.057373753621620512e-14,8.924490213394165039e-01,5.126182556152343750e+00,-4.841149330139160156e+00,-1.234350209037780403e-05,-4.297098936391761489e-06,-3.080895328885177163e-11,0.000000000000000000e+00,0.000000000000000000e+00,0.000000000000000000e+00,0.000000000000000000e+00,0.000000000000000000e+00,0.000000000000000000e+00,0.000000000000000000e+00,8.276313476562500000e+02,8.276313476562500000e+02,8.276313476562500000e+02,8.276313476562500000e+02,9.099999997059007910e+02
4.949999999999999956e-01,1.420281303539484160e-05,4.944367563840807901e-06,3.073772796717611195e-11,1.859310945017037569e-06,6.472686274490464114e-07,-7.122532167565968687e-14,8.924490213394165039e-01,5.126183509826660156e+00,-4.841149806976318359e+00,-1.420281303539484160e-05,-4.944367563840807901e-06,-3.073772796717611195e-11,0.000000000000000000e+00,0.000000000000000000e+00,0.000000000000000000e+00,0.000000000000000000e+00,0.000000000000000000e+00,0.000000000000000000e+00,0.000000000000000000e+00,8.276315307617187500e+02,8.276315307617187500e+02,8.276315307617187500e+02,8.276315307617187500e+02,9.099999997056745542e+02
4.959999999999999964e-01,1.606947070550395748e-05,5.594193255476006619e-06,3.064662285592853851e-11,1.866657670109115875e-06,6.498256916351987181e-07,-9.110511124757343623e-14,8.924490213394165039e-01,5.126183986663818359e+00,-4.841149806976318359e+00,-1.606947070550395748e-05,-5.594193255476006619e-06,-3.064662285592853851e-11,0.000000000000000000e+00,0.000000000000000000e+00,0.000000000000000000e+00,0.000000000000000000e+00,0.000000000000000000e+00,0.000000000000000000e+00,0.000000000000000000e+00,8.276316528320312500e+02,8.276316528320312500e+02,8.276316528320312500e+02,8.276316528320312500e+02,9.099999997053851075e+02
4.969999999999999973e-01,1.792936544769392702e-05,6.241665031313673863e-06,3.053700008121573853e-11,1.859894742189969542e-06,6.474717758376672446e-07,-1.096227747127999811e-13,8.924491405487060547e-01,5.126183986663818359e+00,-4.841150283813476562e+00,-1.792936544769392702e-05,-6.241665031313673863e-06,-3.053700008121573853e-11,0.000000000000000000e+00,0.000000000000000000e+00,0.000000000000000000e+00,0.000000000000000000e+00,0.000000000000000000e+00,0.000000000000000000e+00,0.000000000000000000e+00,8.276318359375000000e+02,8.276318359375000000e+02,8.276318359375000000e+02,8.276318359375000000e+02,9.099999997050247202e+02
4.979999999999999982e-01,1.976844053338343814e-05,6.881888195810096991e-06,3.041079671584423684e-11,1.839075085689511116e-06,6.402231644964231282e-07,-1.262033653715016878e-13,8.924491405487060547e-01,5.126183986663818359e+00,-4.841150760650634766e+00,-1.976844053338343814e-05,-6.881888195810096991e-06,-3.041079671584423684e-11,0.000000000000000000e+00,0.000000000000000000e+00,0.000000000000000000e+00,0.000000000000000000e+00,0.000000000000000000e+00,0.000000000000000000e+00,0.000000000000000000e+00,8.276319580078125000e+02,8.276319580078125000e+02,8.276319580078125000e+02,8.276319580078125000e+02,9.099999997045864575e+02
4.989999999999999991e-01,2.157279067928288032e-05,7.510024641850454125e-06,3.027049305310143084e-11,1.804350145899442188e-06,6.281364460403571334e-07,-1.403036627428059964e-13,8.924491405487060547e-01,5.126183986663818359e+00,-4.841150760650634766e+00,-2.157279067928288032e-05,-7.510024641850454125e-06,-3.027049305310143084e-11,0.000000000000000000e+00,0.000000000000000000e+00,0.000000000000000000e+00,0.000000000000000000e+00,0.000000000000000000e+00,0.000000000000000000e+00,0.000000000000000000e+00,8.276320800781250000e+02,8.276320800781250000e+02,8.276320800781250000e+02,8.276320800781250000e+02,9.099999997040647486e+02
5.000000000000000000e-01,2.332877766691814669e-05,8.121324605406756935e-06,3.011905646769339156e-11,1.755986987635266365e-06,6.112999635563028106e-07,-1.514365854080392868e-13,8.924491405487060547e-01,5.126184463500976562e+00,-4.841150760650634766e+00,-2.332877766691814669e-05,-8.121324605406756935e-06,-3.011905646769339156e-11,0.000000000000000000e+00,0.000000000000000000e+00,0.000000000000000000e+00,0.000000000000000000e+00,0.000000000000000000e+00,0.000000000000000000e+00,0.000000000000000000e+00,8.276322021484375000e+02,8.276322021484375000e+02,8.276322021484375000e+02,8.276322021484375000e+02,9.099999997034544776e+02
5.010000000000000009e-01,2.502312153549442758e-05,8.711165748193773581e-06,2.995990841074696115e-11,1.694343868576280896e-06,5.898411427870166459e-07,-1.591480569464304109e-13,8.924491405487060547e-01,5.126183986663818359e+00,-4.841150760650634766e+00,-2.502312153549442758e-05,-8.711165748193773581e-06,-2.995990841074696115e-11,0.000000000000000000e+00,0.000000000000000000e+00,0.000000000000000000e+00,0.000000000000000000e+00,0.000000000000000000e+00,0.000000000000000000e+00,0.000000000000000000e+00,8.276323852539062500e+02,8.276323852539062500e+02,8.276323852539062500e+02,8.276323852539062500e+02,9.099999997027524614e+02
5.020000000000000018e-01,2.664300643075605266e-05,9.275086133659968184e-06,2.979681977724248677e-11,1.619884895261625071e-06,5.639203854661946027e-07,-1.630886335044743802e-13,8.924492597579956055e-01,5.126183986663818359e+00,-4.841150760650634766e+00,-2.664300643075605266e-05,-9.275086133659968184e-06,-2.979681977724248677e-11,0.000000000000000000e+00,0.000000000000000000e+00,0.000000000000000000e+00,0.000000000000000000e+00,0.000000000000000000e+00,0.000000000000000000e+00,0.000000000000000000e+00,8.276325073242187500e+02,8.276325073242187500e+02,8.276325073242187500e+02,8.276325073242187500e+02,9.099999997019566536e+02
5.030000000000000027e-01,2.817617831162627361e-05,9.808820052755432586e-06,2.963383886062438192e-11,1.533171880870220951e-06,5.337339190954644023e-07,-1.629809166181048460e-13,8.924493789672851562e-01,5.126184940338134766e+00,-4.841150760650634766e+00,-2.817617831162627361e-05,-9.808820052755432586e-06,-2.963383886062438192e-11,0.000000000000000000e+00,0.000000000000000000e+00,0.000000000000000000e+00,0.000000000000000000e+00,0.000000000000000000e+00,0.000000000000000000e+00,0.000000000000000000e+00,8.276326293945312500e+02,8.276326293945312500e+02,8.276326293945312500e+02,8.276326293945312500e+02,9.099999997010664856e+02
5.040000000000000036e-01,2.961102637240712498e-05,1.030832733592383575e-05,2.947519518414476672e-11,1.434848060780851369e-06,4.995072831684031680e-07,-1.586436764796152005e-13,8.924494981765747070e-01,5.126185894012451172e+00,-4.841151714324951172e+00,-2.961102637240712498e-05,-1.030832733592383575e-05,-2.947519518414476672e-11,0.000000000000000000e+00,0.000000000000000000e+00,0.000000000000000000e+00,0.000000000000000000e+00,0.000000000000000000e+00,0.000000000000000000e+00,0.000000000000000000e+00,8.276327514648437500e+02,8.276327514648437500e+02,8.276327514648437500e+02,8.276327514648437500e+02,9.099999997000834355e+02
5.050000000000000044e-01,3.093669052008322110e-05,1.076982347931635064e-05,2.932519238600235995e-11,1.325664147676096122e-06,4.614961433925148903e-07,-1.500027981424067666e-13,8.924493789672851562e-01,5.126186847686767578e+00,-4.841152191162109375e+00,-3.093669052008322110e-05,-1.076982347931635064e-05,-2.932519238600235995e-11,0.000000000000000000e+00,0.000000000000000000e+00,0.000000000000000000e+00,0.000000000000000000e+00,0.000000000000000000e+00,0.000000000000000000e+00,0.000000000000000000e+00,8.276328735351562500e+02,8.276328735351562500e+02,8.276328735351562500e+02,8.276328735351562500e+02,9.099999996990103455e+02
5.060000000000000053e-01,3.214311674141762646e-05,1.118981139944961393e-05,2.918810260391252056e-11,1.206426221334405365e-06,4.199879201332632861e-07,-1.370897820898393935e-13,8.924493789672851562e-01,5.126186847686767578e+00,-4.841152191162109375e+00,-3.214311674141762646e-05,-1.118981139944961393e-05,-2.918810260391252056e-11,0.000000000000000000e+00,0.000000000000000000e+00,0.000000000000000000e+00,0.000000000000000000e+00,0.000000000000000000e+00,0.000000000000000000e+00,0.000000000000000000e+00,8.276329956054687500e+02,8.276329956054687500e+02,8.276329956054687500e+02,8.276329956054687500e+02,9.099999996978519903e+02
5.070000000000000062e-01,3.322115643803570862e-05,1.156510504564367051e-05,2.906805346953096725e-11,1.078039696618082158e-06,3.752936461940565834e-07,-1.200491343815533097e-13,8.924494981765747070e-01,5.126186847686767578e+00,-4.841152191162109375e+00,-3.322115643803570862e-05,-1.156510504564367051e-05,-2.906805346953096725e-11,0.000000000000000000e+00,0.000000000000000000e+00,0.000000000000000000e+00,0.000000000000000000e+00,0.000000000000000000e+00,0.000000000000000000e+00,0.000000000000000000e+00,8.276331176757812500e+02,8.276331176757812500e+02,8.276331176757812500e+02,8.276331176757812500e+02,9.099999996966146227e+02
5.080000000000000071e-01,3.416261853663298686e-05,1.189285301245992651e-05,2.896893585315103062e-11,9.414620985972782432e-07,3.277479668162559920e-07,-9.911761637993662744e-14,8.924496173858642578e-01,5.126186847686767578e+00,-4.841152667999267578e+00,-3.416261853663298686e-05,-1.189285301245992651e-05,-2.896893585315103062e-11,0.000000000000000000e+00,0.000000000000000000e+00,0.000000000000000000e+00,0.000000000000000000e+00,0.000000000000000000e+00,0.000000000000000000e+00,0.000000000000000000e+00,8.276331787109375000e+02,8.276331787109375000e+02,8.276331787109375000e+02,8.276331787109375000e+02,9.099999996953060872e+02
5.090000000000000080e-01,3.496033788362307572e-05,1.217056133791711458e-05,2.889429252943427808e-11,7.977193469900888535e-07,2.777083254571880734e-07,-7.464332371675254278e-14,8.924496173858642578e-01,5.126186847686767578e+00,-4.841152667999267578e+00,-3.496033788362307572e-05,-1.217056133791711458e-05,-2.889429252943427808e-11,0.000000000000000000e+00,0.000000000000000000e+00,0.000000000000000000e+00,0.000000000000000000e+00,0.000000000000000000e+00,0.000000000000000000e+00,0.000000000000000000e+00,8.276333007812500000e+02,8.276333007812500000e+02,8.276333007812500000e+02,8.276333007812500000e+02,9.099999996939357061e+02
5.100000000000000089e-01,3.560823386912150582e-05,1.239611223059725341e-05,2.884722518971950219e-11,6.478959854984300978e-07,2.255508926801388274e-07,-4.706733971477588637e-14,8.924494981765747070e-01,5.126186370849609375e+00,-4.841152667999267578e+00,-3.560823386912150582e-05,-1.239611223059725341e-05,-2.884722518971950219e-11,0.000000000000000000e+00,0.000000000000000000e+00,0.000000000000000000e+00,0.000000000000000000e+00,0.000000000000000000e+00,0.000000000000000000e+00,0.000000000000000000e+00,8.276334228515625000e+02,8.276334228515625000e+02,8.276334228515625000e+02,8.276334228515625000e+02,9.099999996925140522e+02
5.110000000000000098e-01,3.610134625271368107e-05,1.256777791141961525e-05,2.883032451114314275e-11,4.931123835921752538e-07,1.716656808223618428e-07,-1.690067857635944813e-14,8.924497365951538086e-01,5.126186847686767578e+00,-4.841152191162109375e+00,-3.610134625271368107e-05,-1.256777791141961525e-05,-2.883032451114314275e-11,0.000000000000000000e+00,0.000000000000000000e+00,0.000000000000000000e+00,0.000000000000000000e+00,0.000000000000000000e+00,0.000000000000000000e+00,0.000000000000000000e+00,8.276335449218750000e+02,8.276335449218750000e+02,8.276335449218750000e+02,8.276335449218750000e+02,9.099999996910528353e+02
5.120000000000000107e-01,3.643587750299881142e-05,1.268423771230271014e-05,2.884558602361812350e-11,3.345312502851303482e-07,1.164598008830948863e-07,1.526151247498075743e-14,8.924497365951538086e-01,5.126187801361083984e+00,-4.841152667999267578e+00,-3.643587750299881142e-05,-1.268423771230271014e-05,-2.884558602361812350e-11,0.000000000000000000e+00,0.000000000000000000e+00,0.000000000000000000e+00,0.000000000000000000e+00,0.000000000000000000e+00,0.000000000000000000e+00,0.000000000000000000e+00,8.276336059570312500e+02,8.276336059570312500e+02,8.276336059570312500e+02,8.276336059570312500e+02,9.099999996895643335e+02
5.130000000000000115e-01,3.660921559580585107e-05,1.274458214727425789e-05,2.889437765380354303e-11,1.733380928070396543e-07,6.034443497154775692e-08,4.879163018541953078e-14,8.924497365951538086e-01,5.126186847686767578e+00,-4.841152191162109375e+00,-3.660921559580585107e-05,-1.274458214727425789e-05,-2.889437765380354303e-11,-8.621623824898340160e+01,4.265336094260746336e+01,-3.063015414565793293e+01,0.000000000000000000e+00,0.000000000000000000e+00,0.000000000000000000e+00,0.000000000000000000e+00,8.276337280273437500e+02,8.276337280273437500e+02,8.276337280273437500e+02,8.276337280273437500e+02,9.099999996880617346e+02
5.140000000000000124e-01,-8.621620162901356821e+01,4.265337369093340669e+01,-3.063015414562895700e+01,-8.621623823822916677e+01,4.265336094635125619e+01,-3.063015414565785122e+01,8.924496173858642578e-01,5.126186847686767578e+00,-4.841152667999267578e+00,-3.661996983996143536e-05,-1.274832594002318335e-05,-2.897738184281367024e-11,-8.621623824898340160e+01,4.265336094260746336e+01,-3.063015414565793293e+01,0.000000000000000000e+00,0.000000000000000000e+00,0.000000000000000000e+00,0.000000000000000000e+00,8.276337890625000000e+02,8.276337890625000000e+02,8.276337890625000000e+02,8.276337890625000000e+02,-1.000010190750053883e+09
5.150000000000000133e-01,-8.621620178102554632e+01,4.265337363801386061e+01,-3.063015414562883976e+01,-1.520119781162065919e-07,-5.291954607855586801e-08,1.172395514004165307e-13,-2.419120073318481445e-02,5.318327546119689941e-01,-4.512150585651397705e-01,-3.646795784973790922e-05,-1.269540639545560382e-05,-2.909459296983350666e-11,-8.621623824898340160e+01,4.265336094260746336e+01,-3.063015414565793293e+01,0.000000000000000000e+00,5.549489520490169525e-03,0.000000000000000000e+00,0.000000000000000000e+00,8.276339111328125000e+02,8.276339111328125000e+02,8.276339111328125000e+02,8.276339111328125000e+02,-1.000020381500129104e+09
5.160000000000000142e-01,-8.621620211039576986e+01,4.265337354971360639e+01,-3.062934448179542102e+01,-3.293702235396267497e-07,-8.830025421957543585e-08,8.096638334187389319e-04,1.000112593173980713e-01,2.414784908294677734e+00,-2.563952207565307617e+00,-3.613858762730519191e-05,-1.260710613991767073e-05,-8.096638625104948458e-04,-8.621623824898340160e+01,4.265336094260746336e+01,-3.063015414565793293e+01,0.000000000000000000e+00,0.000000000000000000e+00,0.000000000000000000e+00,0.000000000000000000e+00,8.274989624023437500e+02,8.765438842773437500e+02,8.277687988281250000e+02,8.274991455078125000e+02,-1.000030572200654030e+09
5.170000000000000151e-01,-8.621619914943973129e+01,4.265337651377965500e+01,-3.062855397249611755e+01,2.960956038577933214e-06,2.964066048605218384e-06,7.905092993034656956e-04,1.000508964061737061e-01,2.414975643157958984e+00,-2.564138889312744141e+00,-3.909954367108688220e-05,-1.557117219378478822e-05,-1.600173161814045543e-03,-8.621623824898340160e+01,4.265336094260746336e+01,-3.063015414565793293e+01,0.000000000000000000e+00,0.000000000000000000e+00,0.000000000000000000e+00,0.000000000000000000e+00,8.275054321289062500e+02,8.753879394531250000e+02,8.277625122070312500e+02,8.275056152343750000e+02,-1.000040762852496266e+09
5.180000000000000160e-01,-8.621619297787461278e+01,4.265338245578316645e+01,-3.062778218551020259e+01,6.171565118506805447e-06,5.942003511449911457e-06,7.717869859149573131e-04,1.000704765319824219e-01,2.415045976638793945e+00,-2.564200878143310547e+00,-4.527110879183694937e-05,-2.151317570524634130e-05,-2.371960147731837394e-03,-8.621623824898340160e+01,4.265336094260746336e+01,-3.063015414565793293e+01,0.000000000000000000e+00,0.000000000000000000e+00,0.000000000000000000e+00,0.000000000000000000e+00,8.275117187500000000e+02,8.742592773437500000e+02,8.277564697265625000e+02,8.275118408203125000e+02,-1.000050953456504345e+09
5.190000000000000169e-01,-8.621618367213309853e+01,4.265339130363344822e+01,-3.062702869900634894e+01,9.305741514253895730e-06,8.847850281767932756e-06,7.534865038536509019e-04,1.000894010066986084e-01,2.415114402770996094e+00,-2.564259290695190430e+00,-5.457685030915273368e-05,-3.036102598672810906e-05,-3.125446651585556384e-03,-8.621623824898340160e+01,4.265336094260746336e+01,-3.063015414565793293e+01,0.000000000000000000e+00,0.000000000000000000e+00,0.000000000000000000e+00,0.000000000000000000e+00,8.275177001953125000e+02,8.731572265625000000e+02,8.277506103515625000e+02,8.275178222656250000e+02,-1.000061144013507962e+09
5.200000000000000178e-01,-8.621617130545158147e+01,4.265340298751888781e+01,-3.062629309985609893e+01,1.236668151705089258e-05,1.168388543959508752e-05,7.355991502500103252e-04,1.001082062721252441e-01,2.415182352066040039e+00,-2.564318418502807617e+00,-6.694353181574309462e-05,-4.204491142261938239e-05,-3.861045801834145103e-03,-8.621623824898340160e+01,4.265336094260746336e+01,-3.063015414565793293e+01,0.000000000000000000e+00,0.000000000000000000e+00,0.000000000000000000e+00,0.000000000000000000e+00,8.275235595703125000e+02,8.720812988281250000e+02,8.277449951171875000e+02,8.275236206054687500e+02,-1.000071334524317980e+09
5.210000000000000187e-01,-8.621615594797472681e+01,4.265341743983641720e+01,-3.062557498410281553e+01,1.535747685466049006e-05,1.445231752938980208e-05,7.181157532833992718e-04,1.001268029212951660e-01,2.415250301361083984e+00,-2.564376831054687500e+00,-8.230100867446336617e-05,-5.649722895618499590e-05,-4.579161555118884015e-03,-8.621623824898340160e+01,4.265336094260746336e+01,-3.063015414565793293e+01,0.000000000000000000e+00,0.000000000000000000e+00,0.000000000000000000e+00,0.000000000000000000e+00,8.275291748046875000e+02,8.710308227539062500e+02,8.277395629882812500e+02,8.275292358398437500e+02,-1.000081524989726901e+09
5.220000000000000195e-01,-8.621613766687615055e+01,4.265343459513974977e+01,-3.062487395675319490e+01,1.828109857626714074e-05,1.715530333257220263e-05,7.010273496206309574e-04,1.001452207565307617e-01,2.415317058563232422e+00,-2.564434289932250977e+00,-1.005821072461176875e-04,-7.365253228308160345e-05,-5.280188904738226940e-03,-8.621623824898340160e+01,4.265336094260746336e+01,-3.063015414565793293e+01,0.000000000000000000e+00,0.000000000000000000e+00,0.000000000000000000e+00,0.000000000000000000e+00,8.275345458984375000e+02,8.700051269531250000e+02,8.277343139648437500e+02,8.275346679687500000e+02,-1.000091715410508633e+09
5.230000000000000204e-01,-8.621611652647276003e+01,4.265345439008260797e+01,-3.062418962969284664e+01,2.114040339051825868e-05,1.979494285819782817e-05,6.843270603482665138e-04,1.001631617546081543e-01,2.415381193161010742e+00,-2.564491510391235352e+00,-1.217225106444422966e-04,-9.344747514234772313e-05,-5.964515965087389439e-03,-8.621623824898340160e+01,4.265336094260746336e+01,-3.063015414565793293e+01,0.000000000000000000e+00,0.000000000000000000e+00,0.000000000000000000e+00,0.000000000000000000e+00,8.275397949218750000e+02,8.690036621093750000e+02,8.277292480468750000e+02,8.275398559570312500e+02,-1.000101905787419438e+09
5.240000000000000213e-01,-8.621609258834865841e+01,4.265347676331808202e+01,-3.062352162397909439e+01,2.393812410161899606e-05,2.237323547404912460e-05,6.680057137522510402e-04,1.001811027526855469e-01,2.415446519851684570e+00,-2.564547061920166016e+00,-1.456606347393435354e-04,-1.158207106173566919e-04,-6.632521678837991624e-03,-8.621623824898340160e+01,4.265336094260746336e+01,-3.063015414565793293e+01,0.000000000000000000e+00,0.000000000000000000e+00,0.000000000000000000e+00,0.000000000000000000e+00,8.275447998046875000e+02,8.680258789062500000e+02,8.277243652343750000e+02,8.275449218750000000e+02,-1.000112096121197343e+09
5.250000000000000222e-01,-8.621606591149226517e+01,4.265350165546302463e+01,-3.062286956567215057e+01,2.667685639323735813e-05,2.489214494261204891e-05,6.520583069438146140e-04,1.001988947391510010e-01,2.415511369705200195e+00,-2.564603567123413086e+00,-1.723374911381068280e-04,-1.407128555629571815e-04,-7.284579985781156584e-03,-8.621623824898340160e+01,4.265336094260746336e+01,-3.063015414565793293e+01,0.000000000000000000e+00,0.000000000000000000e+00,0.000000000000000000e+00,0.000000000000000000e+00,8.275496826171875000e+02,8.670712280273437500e+02,8.277196655273437500e+02,8.275497436523437500e+02,-1.000122286412562490e+09
5.260000000000000231e-01,-8.621603655242017794e+01,4.265352900900059296e+01,-3.062223309000389904e+01,2.935907208723165240e-05,2.735353756833092120e-05,6.364756682515348984e-04,1.002164781093597412e-01,2.415576219558715820e+00,-2.564658164978027344e+00,-2.016965632172086718e-04,-1.680663931266913294e-04,-7.921055654035252802e-03,-8.621623824898340160e+01,4.265336094260746336e+01,-3.063015414565793293e+01,0.000000000000000000e+00,0.000000000000000000e+00,0.000000000000000000e+00,0.000000000000000000e+00,8.275543823242187500e+02,8.661390991210937500e+02,8.277151489257812500e+02,8.275543823242187500e+02,-1.000132476662217617e+09
5.270000000000000240e-01,-8.621600456528821610e+01,4.265355876824135350e+01,-3.062161183720904845e+01,3.198713196184144181e-05,2.975924076054070611e-05,6.212527948505908171e-04,1.002334654331207275e-01,2.415637254714965820e+00,-2.564713001251220703e+00,-2.336836951821369185e-04,-1.978256338900172154e-04,-8.542308448884901664e-03,-8.621623824898340160e+01,4.265336094260746336e+01,-3.063015414565793293e+01,0.000000000000000000e+00,0.000000000000000000e+00,0.000000000000000000e+00,0.000000000000000000e+00,8.275588378906250000e+02,8.652290039062500000e+02,8.277108154296875000e+02,8.275588989257812500e+02,-1.000142666870847940e+09
5.280000000000000249e-01,-8.621597000208693373e+01,4.265359087921279269e+01,-3.062100545460953782e+01,3.456320128236711753e-05,3.211097143918095753e-05,6.063825995106242317e-04,1.002508997917175293e-01,2.415700674057006836e+00,-2.564767837524414062e+00,-2.682468964709510545e-04,-2.299366053288931055e-04,-9.148691048393532699e-03,-8.621623824898340160e+01,4.265336094260746336e+01,-3.063015414565793293e+01,0.000000000000000000e+00,0.000000000000000000e+00,0.000000000000000000e+00,0.000000000000000000e+00,8.275632324218750000e+02,8.643404541015625000e+02,8.277066040039062500e+02,8.275632324218750000e+02,-1.000152857039121270e+09
5.290000000000000258e-01,-8.621593291279815219e+01,4.265362528956827504e+01,-3.062041359453010259e+01,3.708928878154438280e-05,3.441035548235049646e-05,5.918600794352357752e-04,1.002673506736755371e-01,2.415760755538940430e+00,-2.564820289611816406e+00,-3.053361852450497873e-04,-2.643469608102930277e-04,-9.740551127831037492e-03,-8.621623824898340160e+01,4.265336094260746336e+01,-3.063015414565793293e+01,0.000000000000000000e+00,0.000000000000000000e+00,0.000000000000000000e+00,0.000000000000000000e+00,8.275673828125000000e+02,8.634729003906250000e+02,8.277025756835937500e+02,8.275674438476562500e+02,-1.000163047167688370e+09
5.300000000000000266e-01,-8.621589334540821881e+01,4.265366194862632199e+01,-3.061983591596576915e+01,3.956738993338149157e-05,3.665905804695057668e-05,5.776785643334392262e-04,1.002839803695678711e-01,2.415821313858032227e+00,-2.564872741699218750e+00,-3.449035751886596964e-04,-3.010060188557400871e-04,-1.031822969216436743e-02,-8.621623824898340160e+01,4.265336094260746336e+01,-3.063015414565793293e+01,0.000000000000000000e+00,0.000000000000000000e+00,0.000000000000000000e+00,0.000000000000000000e+00,8.275714111328125000e+02,8.626258544921875000e+02,8.276986694335937500e+02,8.275714721679687500e+02,-1.000173237257182837e+09
5.310000000000000275e-01,-8.621585134625978242e+01,4.265370080711019796e+01,-3.061927208458185845e+01,4.199914843638907769e-05,3.885848387596979592e-05,5.638313839106956493e-04,1.002999544143676758e-01,2.415880441665649414e+00,-2.564923524856567383e+00,-3.869027236254288953e-04,-3.398645027321374923e-04,-1.088206107607506655e-02,-8.621623824898340160e+01,4.265336094260746336e+01,-3.063015414565793293e+01,0.000000000000000000e+00,0.000000000000000000e+00,0.000000000000000000e+00,0.000000000000000000e+00,8.275753173828125000e+02,8.617988281250000000e+02,8.276949462890625000e+02,8.275753173828125000e+02,-1.000183427308221698e+09
5.320000000000000284e-01,-8.621580695997388943e+01,4.265374181725231750e+01,-3.061872176854514294e+01,4.438628589298332372e-05,4.101014211954634447e-05,5.503160367155146560e-04,1.003166735172271729e-01,2.415941476821899414e+00,-2.564976453781127930e+00,-4.312890095094954151e-04,-3.808746448538680705e-04,-1.143237711279051876e-02,-8.621623824898340160e+01,4.265336094260746336e+01,-3.063015414565793293e+01,0.000000000000000000e+00,0.000000000000000000e+00,0.000000000000000000e+00,0.000000000000000000e+00,8.275790405273437500e+02,8.609913330078125000e+02,8.276913452148437500e+02,8.275790405273437500e+02,-1.000193617321405292e+09
5.330000000000000293e-01,-8.621576022978879905e+01,4.265378493258590709e+01,-3.061818464436017706e+01,4.673018509038229240e-05,4.311533358958286044e-05,5.371241849658758838e-04,1.003321707248687744e-01,2.415997743606567383e+00,-2.565026521682739258e+00,-4.780191945995046336e-04,-4.239899784430311820e-04,-1.196950129775610147e-02,-8.621623824898340160e+01,4.265336094260746336e+01,-3.063015414565793293e+01,0.000000000000000000e+00,0.000000000000000000e+00,0.000000000000000000e+00,0.000000000000000000e+00,8.275825805664062500e+02,8.602029418945312500e+02,8.276878662109375000e+02,8.275826416015625000e+02,-1.000203807297317266e+09
5.340000000000000302e-01,-8.621571119756008272e+01,4.265383010794514007e+01,-3.061766039353422997e+01,4.903222871632806346e-05,4.517535923298510170e-05,5.242508259470923804e-04,1.003477871417999268e-01,2.416055440902709961e+00,-2.565075874328613281e+00,-5.270514233143218071e-04,-4.691653376789957255e-04,-1.249375212370173668e-02,-8.621623824898340160e+01,4.265336094260746336e+01,-3.063015414565793293e+01,0.000000000000000000e+00,0.000000000000000000e+00,0.000000000000000000e+00,0.000000000000000000e+00,8.275860595703125000e+02,8.594332275390625000e+02,8.276845703125000000e+02,8.275860595703125000e+02,-1.000213997236525416e+09
5.350000000000000311e-01,-8.621565990407346192e+01,4.265387729936104932e+01,-3.061714870090975182e+01,5.129348662080701615e-05,4.719141590925346463e-05,5.116926244781438982e-04,1.003636419773101807e-01,2.416114330291748047e+00,-2.565126657485961914e+00,-5.783449099457026133e-04,-5.163567535852779883e-04,-1.300544474818253471e-02,-8.621623824898340160e+01,4.265336094260746336e+01,-3.063015414565793293e+01,0.000000000000000000e+00,0.000000000000000000e+00,0.000000000000000000e+00,0.000000000000000000e+00,8.275893554687500000e+02,8.586816406250000000e+02,8.276813354492187500e+02,8.275893554687500000e+02,-1.000224187139581323e+09
5.360000000000000320e-01,-8.621560638899272533e+01,4.265392646400949417e+01,-3.061664925883316002e+01,5.351508073658806097e-05,4.916464844484380592e-05,4.994420765918050620e-04,1.003791093826293945e-01,2.416170358657836914e+00,-2.565176248550415039e+00,-6.318599906695110749e-04,-5.655214020278232856e-04,-1.350488682477387140e-02,-8.621623824898340160e+01,4.265336094260746336e+01,-3.063015414565793293e+01,0.000000000000000000e+00,0.000000000000000000e+00,0.000000000000000000e+00,0.000000000000000000e+00,8.275925292968750000e+02,8.579478759765625000e+02,8.276782836914062500e+02,8.275925292968750000e+02,-1.000234377007020950e+09
5.370000000000000329e-01,-8.621555069109446379e+01,4.265397756005495467e+01,-3.061616176298603165e+01,5.569789826154192269e-05,5.109604546049695273e-05,4.874958471283719064e-04,1.003943681716918945e-01,2.416227579116821289e+00,-2.565225362777709961e+00,-6.875578889363653714e-04,-6.166174474921312090e-04,-1.399238267190115216e-02,-8.621623824898340160e+01,4.265336094260746336e+01,-3.063015414565793293e+01,0.000000000000000000e+00,0.000000000000000000e+00,0.000000000000000000e+00,0.000000000000000000e+00,8.275956420898437500e+02,8.572313842773437500e+02,8.276753540039062500e+02,8.275956420898437500e+02,-1.000244566839364767e+09
5.380000000000000338e-01,-8.621549284837226423e+01,4.265403054675484640e+01,-3.061568591488637381e+01,5.784272219955255423e-05,5.298669989173276917e-05,4.758480996578384747e-04,1.004096269607543945e-01,2.416283369064331055e+00,-2.565274000167846680e+00,-7.454006111422284159e-04,-6.696041473852078468e-04,-1.446823077156047729e-02,-8.621623824898340160e+01,4.265336094260746336e+01,-3.063015414565793293e+01,0.000000000000000000e+00,0.000000000000000000e+00,0.000000000000000000e+00,0.000000000000000000e+00,8.275985717773437500e+02,8.565319213867187500e+02,8.276725463867187500e+02,8.275985717773437500e+02,-1.000254756637117743e+09
5.390000000000000346e-01,-8.621543289819317124e+01,4.265408538419902129e+01,-3.061522142272236380e+01,5.995017909299349412e-05,5.483744417489333500e-05,4.644921640100108107e-04,1.004243493080139160e-01,2.416337490081787109e+00,-2.565321445465087891e+00,-8.053507902350052865e-04,-7.244415915562413136e-04,-1.493272293556806470e-02,-8.621623824898340160e+01,4.265336094260746336e+01,-3.063015414565793293e+01,0.000000000000000000e+00,0.000000000000000000e+00,0.000000000000000000e+00,0.000000000000000000e+00,8.276013793945312500e+02,8.558489379882812500e+02,8.276697998046875000e+02,8.276013793945312500e+02,-1.000264946400770307e+09
5.400000000000000355e-01,-8.621537087750623130e+01,4.265414203336194277e+01,-3.061476799968483320e+01,6.202068693994533533e-05,5.664916292147381682e-05,4.534230375305980942e-04,1.004395484924316406e-01,2.416394233703613281e+00,-2.565370559692382812e+00,-8.673714771657500822e-04,-7.810907544792730205e-04,-1.538614597309822737e-02,-8.621623824898340160e+01,4.265336094260746336e+01,-3.063015414565793293e+01,0.000000000000000000e+00,0.000000000000000000e+00,0.000000000000000000e+00,0.000000000000000000e+00,8.276040649414062500e+02,8.551821289062500000e+02,8.276672363281250000e+02,8.276040649414062500e+02,-1.000275136130798101e+09
5.410000000000000364e-01,-8.621530682263414747e+01,4.265420045594651555e+01,-3.061432536229971291e+01,6.405487208382965036e-05,5.842258457278148853e-05,4.426373851202924925e-04,1.004538834095001221e-01,2.416446924209594727e+00,-2.565416812896728516e+00,-9.314263492488648096e-04,-8.395133390487489935e-04,-1.582878335821975152e-02,-8.621623824898340160e+01,4.265336094260746336e+01,-3.063015414565793293e+01,0.000000000000000000e+00,0.000000000000000000e+00,0.000000000000000000e+00,0.000000000000000000e+00,8.276066894531250000e+02,8.545310668945312500e+02,8.276647338867187500e+02,8.276066284179687500e+02,-1.000285325827662587e+09
5.420000000000000373e-01,-8.621524076995073926e+01,4.265426061454031981e+01,-3.061389323543060215e+01,6.605268340820202866e-05,6.015859380426036296e-05,4.321268691107604809e-04,1.004683971405029297e-01,2.416500568389892578e+00,-2.565463781356811523e+00,-9.974790326594267127e-04,-8.996719328592410253e-04,-1.626091022732902014e-02,-8.621623824898340160e+01,4.265336094260746336e+01,-3.063015414565793293e+01,0.000000000000000000e+00,0.000000000000000000e+00,0.000000000000000000e+00,0.000000000000000000e+00,8.276091918945312500e+02,8.538953857421875000e+02,8.276623535156250000e+02,8.276091308593750000e+02,-1.000295515491811156e+09
5.430000000000000382e-01,-8.621517275520361068e+01,4.265432247219900574e+01,-3.061347134560866934e+01,6.801474712858635030e-05,6.185765868593762207e-05,4.218898219328082178e-04,1.004829406738281250e-01,2.416554927825927734e+00,-2.565510511398315430e+00,-1.065493779797859787e-03,-9.615295915423545175e-04,-1.668280004926499249e-02,-8.621623824898340160e+01,4.265336094260746336e+01,-3.063015414565793293e+01,0.000000000000000000e+00,0.000000000000000000e+00,0.000000000000000000e+00,0.000000000000000000e+00,8.276115722656250000e+02,8.532747802734375000e+02,8.276600341796875000e+02,8.276115112304687500e+02,-1.000305705123677731e+09
5.440000000000000391e-01,-8.621510281445213764e+01,4.265438599275874054e+01,-3.061305943103776883e+01,6.994075147304101847e-05,6.352055973479764361e-05,4.119145709005067602e-04,1.004970669746398926e-01,2.416607379913330078e+00,-2.565556287765502930e+00,-1.135434531270139045e-03,-1.025050151275519895e-03,-1.709471462016316431e-02,-8.621623824898340160e+01,4.265336094260746336e+01,-3.063015414565793293e+01,0.000000000000000000e+00,0.000000000000000000e+00,0.000000000000000000e+00,0.000000000000000000e+00,8.276138305664062500e+02,8.526688232421875000e+02,8.276578369140625000e+02,8.276138305664062500e+02,-1.000315894723683238e+09
5.450000000000000400e-01,-8.621503098344231830e+01,4.265445114047174258e+01,-3.061265722825425684e+01,7.183100981933421281e-05,6.514771300203392457e-05,4.022027835119956762e-04,1.005110442638397217e-01,2.416659593582153320e+00,-2.565600872039794922e+00,-1.207265541085889536e-03,-1.090197864282421670e-03,-1.749691740367727982e-02,-8.621623824898340160e+01,4.265336094260746336e+01,-3.063015414565793293e+01,0.000000000000000000e+00,0.000000000000000000e+00,0.000000000000000000e+00,0.000000000000000000e+00,8.276160278320312500e+02,8.520771484375000000e+02,8.276557617187500000e+02,8.276159667968750000e+02,-1.000326084292235374e+09
5.460000000000000409e-01,-8.621495729823205068e+01,4.265451788031877811e+01,-3.061226448713468073e+01,7.368521026762664405e-05,6.673984703553514919e-05,3.927411195761010276e-04,1.005251109600067139e-01,2.416712045669555664e+00,-2.565647602081298828e+00,-1.280950751357945363e-03,-1.156937711314142163e-03,-1.788965852325071285e-02,-8.621623824898340160e+01,4.265336094260746336e+01,-3.063015414565793293e+01,0.000000000000000000e+00,0.000000000000000000e+00,0.000000000000000000e+00,0.000000000000000000e+00,8.276181030273437500e+02,8.514995117187500000e+02,8.276537475585937500e+02,8.276181030273437500e+02,-1.000336273829729915e+09
5.470000000000000417e-01,-8.621488179477431402e+01,4.265458617748825532e+01,-3.061188095755559146e+01,7.550345773665867455e-05,6.829716947720498865e-05,3.835295790892701007e-04,1.005388498306274414e-01,2.416762351989746094e+00,-2.565691471099853516e+00,-1.356454209085165841e-03,-1.225234880795252447e-03,-1.827318810234146787e-02,-8.621623824898340160e+01,4.265336094260746336e+01,-3.063015414565793293e+01,0.000000000000000000e+00,0.000000000000000000e+00,0.000000000000000000e+00,0.000000000000000000e+00,8.276201171875000000e+02,8.509355468750000000e+02,8.276518554687500000e+02,8.276200561523437500e+02,-1.000346463336550593e+09
5.480000000000000426e-01,-8.621480450933415796e+01,4.265465599779304995e+01,-3.061150639939866025e+01,7.728544015606075845e-05,6.982030479463219308e-05,3.745581569312150805e-04,1.005527079105377197e-01,2.416814804077148438e+00,-2.565736770629882812e+00,-1.433739649249690532e-03,-1.295055185583613398e-03,-1.864774625927092741e-02,-8.621623824898340160e+01,4.265336094260746336e+01,-3.063015414565793293e+01,0.000000000000000000e+00,0.000000000000000000e+00,0.000000000000000000e+00,0.000000000000000000e+00,8.276220092773437500e+02,8.503848876953125000e+02,8.276500244140625000e+02,8.276220092773437500e+02,-1.000356652813069463e+09
5.490000000000000435e-01,-8.621472547848868828e+01,4.265472730756633268e+01,-3.061114057588059012e+01,7.903084546967420465e-05,7.130977328273502280e-05,3.658235180701296940e-04,1.005659699440002441e-01,2.416864395141601562e+00,-2.565779924392700195e+00,-1.512770494714657347e-03,-1.366364958866347554e-03,-1.901356977734133466e-02,-8.621623824898340160e+01,4.265336094260746336e+01,-3.063015414565793293e+01,0.000000000000000000e+00,0.000000000000000000e+00,0.000000000000000000e+00,0.000000000000000000e+00,8.276238403320312500e+02,8.498472290039062500e+02,8.276483154296875000e+02,8.276238403320312500e+02,-1.000366842259647846e+09
5.500000000000000444e-01,-8.621464473902284453e+01,4.265480007303629861e+01,-3.061078325855566007e+01,8.073946584374880331e-05,7.276546996592969663e-05,3.573173249300509724e-04,1.005800068378448486e-01,2.416916608810424805e+00,-2.565826654434204102e+00,-1.593509960557648510e-03,-1.439130428833747212e-03,-1.937088710227220789e-02,-8.621623824898340160e+01,4.265336094260746336e+01,-3.063015414565793293e+01,0.000000000000000000e+00,0.000000000000000000e+00,0.000000000000000000e+00,0.000000000000000000e+00,8.276256103515625000e+02,8.493223266601562500e+02,8.276466064453125000e+02,8.276255493164062500e+02,-1.000377031676636338e+09
5.510000000000000453e-01,-8.621456232803377873e+01,4.265487426136838423e+01,-3.061043422564820915e+01,8.241098906580646144e-05,7.418833208561181891e-05,3.490329074509190832e-04,1.005933284759521484e-01,2.416967153549194336e+00,-2.565870285034179688e+00,-1.675920949621751690e-03,-1.513318760919934091e-03,-1.971992000972404291e-02,-8.621623824898340160e+01,4.265336094260746336e+01,-3.063015414565793293e+01,0.000000000000000000e+00,0.000000000000000000e+00,0.000000000000000000e+00,0.000000000000000000e+00,8.276272583007812500e+02,8.488098144531250000e+02,8.276450195312500000e+02,8.276272583007812500e+02,-1.000387221064375401e+09
5.520000000000000462e-01,-8.621447828282661874e+01,4.265494983972740783e+01,-3.061009325705003548e+01,8.404520715998842206e-05,7.557835902360920954e-05,3.409685981736743088e-04,1.006062924861907959e-01,2.417015790939331055e+00,-2.565912723541259766e+00,-1.759966156785464997e-03,-1.588897119945740328e-03,-2.006088860789874764e-02,-8.621623824898340160e+01,4.265336094260746336e+01,-3.063015414565793293e+01,0.000000000000000000e+00,0.000000000000000000e+00,0.000000000000000000e+00,0.000000000000000000e+00,8.276288452148437500e+02,8.483093872070312500e+02,8.276434936523437500e+02,8.276288452148437500e+02,-1.000397410423196077e+09
5.530000000000000471e-01,-8.621439264112281364e+01,4.265502677559006628e+01,-3.060976014599307149e+01,8.564170380509494862e-05,7.693586265844487571e-05,3.331110569639861296e-04,1.006197035312652588e-01,2.417066097259521484e+00,-2.565956592559814453e+00,-1.845607860590847910e-03,-1.665832982604032548e-03,-2.039399966486040230e-02,-8.621623824898340160e+01,4.265336094260746336e+01,-3.063015414565793293e+01,0.000000000000000000e+00,0.000000000000000000e+00,0.000000000000000000e+00,0.000000000000000000e+00,8.276303710937500000e+02,8.478208007812500000e+02,8.276420898437500000e+02,8.276303710937500000e+02,-1.000407599753419995e+09
5.540000000000000480e-01,-8.621430544126879170e+01,4.265510503674508413e+01,-3.060943468737669804e+01,8.719985402194652124e-05,7.826115501785579909e-05,3.254586163734529691e-04,1.006325781345367432e-01,2.417113304138183594e+00,-2.565997600555419922e+00,-1.932807714617006557e-03,-1.744094137619191720e-03,-2.071945828123498284e-02,-8.621623824898340160e+01,4.265336094260746336e+01,-3.063015414565793293e+01,0.000000000000000000e+00,0.000000000000000000e+00,0.000000000000000000e+00,0.000000000000000000e+00,8.276318359375000000e+02,8.473438110351562500e+02,8.276406860351562500e+02,8.276318359375000000e+02,-1.000417789055360317e+09
5.550000000000000488e-01,-8.621421672161058325e+01,4.265518459139749297e+01,-3.060911668277030628e+01,8.871965820844707196e-05,7.955465240883086153e-05,3.180046063917529864e-04,1.006455719470977783e-01,2.417163133621215820e+00,-2.566040754318237305e+00,-2.021527372818304399e-03,-1.823648790032938137e-03,-2.103746288762819647e-02,-8.621623824898340160e+01,4.265336094260746336e+01,-3.063015414565793293e+01,0.000000000000000000e+00,0.000000000000000000e+00,0.000000000000000000e+00,0.000000000000000000e+00,8.276331787109375000e+02,8.468780517578125000e+02,8.276394042968750000e+02,8.276331787109375000e+02,-1.000427978329321861e+09
5.560000000000000497e-01,-8.621412652070226557e+01,4.265526540785596410e+01,-3.060880594208081718e+01,9.020090831768357020e-05,8.081645847113350101e-05,3.107406894891084903e-04,1.006586551666259766e-01,2.417212247848510742e+00,-2.566083908081054688e+00,-2.111728281142711758e-03,-1.904465248500081340e-03,-2.134820357711497696e-02,-8.621623824898340160e+01,4.265336094260746336e+01,-3.063015414565793293e+01,0.000000000000000000e+00,0.000000000000000000e+00,0.000000000000000000e+00,0.000000000000000000e+00,8.276345214843750000e+02,8.464233398437500000e+02,8.276381225585937500e+02,8.276345214843750000e+02,-1.000438167575601816e+09
5.570000000000000506e-01,-8.621403487772283825e+01,4.265534745474116107e+01,-3.060850228188515487e+01,9.164297942731991498e-05,8.204688519697356242e-05,3.036601956623030674e-04,1.006710827350616455e-01,2.417258977890014648e+00,-2.566124916076660156e+00,-2.203371260567797783e-03,-1.986512133697154649e-03,-2.165186377277819943e-02,-8.621623824898340160e+01,4.265336094260746336e+01,-3.063015414565793293e+01,0.000000000000000000e+00,0.000000000000000000e+00,0.000000000000000000e+00,0.000000000000000000e+00,8.276358032226562500e+02,8.459793701171875000e+02,8.276369628906250000e+02,8.276358032226562500e+02,-1.000448356794490099e+09
5.580000000000000515e-01,-8.621394183185107352e+01,4.265543070119439051e+01,-3.060820552376270243e+01,9.304587176472978172e-05,8.324645322943524661e-05,2.967581224524451500e-04,1.006838679313659668e-01,2.417307615280151367e+00,-2.566166877746582031e+00,-2.296417132332880147e-03,-2.069758586929645178e-03,-2.194862189522918047e-02,-8.621623824898340160e+01,4.265336094260746336e+01,-3.063015414565793293e+01,0.000000000000000000e+00,0.000000000000000000e+00,0.000000000000000000e+00,0.000000000000000000e+00,8.276369628906250000e+02,8.455458984375000000e+02,8.276358032226562500e+02,8.276369628906250000e+02,-1.000458545986269951e+09
5.590000000000000524e-01,-8.621384742289066594e+01,4.265551511614795999e+01,-3.060791549429529113e+01,9.440896040757706942e-05,8.441495356947825712e-05,2.900294674113013116e-04,1.006965339183807373e-01,2.417355537414550781e+00,-2.566208362579345703e+00,-2.390826092731369434e-03,-2.154173540493791329e-03,-2.223865136264055464e-02,-8.621623824898340160e+01,4.265336094260746336e+01,-3.063015414565793293e+01,0.000000000000000000e+00,0.000000000000000000e+00,0.000000000000000000e+00,0.000000000000000000e+00,8.276381225585937500e+02,8.451226196289062500e+02,8.276347656250000000e+02,8.276381225585937500e+02,-1.000468735151218176e+09
5.600000000000000533e-01,-8.621375169022824991e+01,4.265560066957589669e+01,-3.060763203006980504e+01,9.573266241602595983e-05,8.555342793670206447e-05,2.834642254860852972e-04,1.007089316844940186e-01,2.417402029037475586e+00,-2.566249847412109375e+00,-2.486558755151355334e-03,-2.239726968434046974e-03,-2.252211558812937386e-02,-8.621623824898340160e+01,4.265336094260746336e+01,-3.063015414565793293e+01,0.000000000000000000e+00,0.000000000000000000e+00,0.000000000000000000e+00,0.000000000000000000e+00,8.276392211914062500e+02,8.447094116210937500e+02,8.276337280273437500e+02,8.276392211914062500e+02,-1.000478924289605618e+09
5.610000000000000542e-01,-8.621365467366695157e+01,4.265568733103491184e+01,-3.060735497100801794e+01,9.701656129834645981e-05,8.666145901514710204e-05,2.770590617870993810e-04,1.007209718227386475e-01,2.417447090148925781e+00,-2.566289424896240234e+00,-2.583575316456976356e-03,-2.326388427447872217e-03,-2.279917464991562323e-02,-8.621623824898340160e+01,4.265336094260746336e+01,-3.063015414565793293e+01,0.000000000000000000e+00,0.000000000000000000e+00,0.000000000000000000e+00,0.000000000000000000e+00,8.276402587890625000e+02,8.443059082031250000e+02,8.276327514648437500e+02,8.276402587890625000e+02,-1.000489113401697755e+09
5.620000000000000551e-01,-8.621355641280123905e+01,4.265577507049822259e+01,-3.060708416203415894e+01,9.826086571251835267e-05,8.773946331075421767e-05,2.708089738590047091e-04,1.007341146469116211e-01,2.417497396469116211e+00,-2.566332340240478516e+00,-2.681836182162869800e-03,-2.414127890757583432e-03,-2.306998362377342057e-02,-8.621623824898340160e+01,4.265336094260746336e+01,-3.063015414565793293e+01,0.000000000000000000e+00,0.000000000000000000e+00,0.000000000000000000e+00,0.000000000000000000e+00,8.276412353515625000e+02,8.439119873046875000e+02,8.276318359375000000e+02,8.276412353515625000e+02,-1.000499302487754941e+09
5.629999999999999449e-01,-8.621345694764228540e+01,4.265586385898063071e+01,-3.060681945974500451e+01,9.946515895364882454e-05,8.878848240811976211e-05,2.647022891544281720e-04,1.007463037967681885e-01,2.417542457580566406e+00,-2.566373586654663086e+00,-2.781301341112502306e-03,-2.502916373163919898e-03,-2.333468591292683220e-02,-8.621623824898340160e+01,4.265336094260746336e+01,-3.063015414565793293e+01,0.000000000000000000e+00,0.000000000000000000e+00,0.000000000000000000e+00,0.000000000000000000e+00,8.276421508789062500e+02,8.435273437500000000e+02,8.276309204101562500e+02,8.276421508789062500e+02,-1.000509491548032761e+09
5.639999999999999458e-01,-8.621335631778411823e+01,4.265595366707987068e+01,-3.060656072073717482e+01,1.006298581671671855e-04,8.980809923997412625e-05,2.587390078296891716e-04,1.007586717605590820e-01,2.417590141296386719e+00,-2.566413640975952148e+00,-2.881931199281275412e-03,-2.592724472407441968e-03,-2.359342492075909570e-02,-8.621623824898340160e+01,4.265336094260746336e+01,-3.063015414565793293e+01,0.000000000000000000e+00,0.000000000000000000e+00,0.000000000000000000e+00,0.000000000000000000e+00,8.276430664062500000e+02,8.431518554687500000e+02,8.276301269531250000e+02,8.276430664062500000e+02,-1.000519680582782745e+09
5.649999999999999467e-01,-8.621325456261214981e+01,4.265604446601865618e+01,-3.060630780827724351e+01,1.017551719684206546e-04,9.079893878549682995e-05,2.529124599313092858e-04,1.007701456546783447e-01,2.417634010314941406e+00,-2.566452264785766602e+00,-2.983686371251379615e-03,-2.683523411196112474e-03,-2.384633738068998865e-02,-8.621623824898340160e+01,4.265336094260746336e+01,-3.063015414565793293e+01,0.000000000000000000e+00,0.000000000000000000e+00,0.000000000000000000e+00,0.000000000000000000e+00,8.276439208984375000e+02,8.427851562500000000e+02,8.276293334960937500e+02,8.276439208984375000e+02,-1.000529869592252135e+09
5.659999999999999476e-01,-8.621315172130314863e+01,4.265613622743623523e+01,-3.060606059230174836e+01,1.028413090011781605e-04,9.176141757905043050e-05,2.472159754951519517e-04,1.007822155952453613e-01,2.417679548263549805e+00,-2.566492080688476562e+00,-3.086527680247891370e-03,-2.775284828771467076e-03,-2.409355335618416916e-02,-8.621623824898340160e+01,4.265336094260746336e+01,-3.063015414565793293e+01,0.000000000000000000e+00,0.000000000000000000e+00,0.000000000000000000e+00,0.000000000000000000e+00,8.276447143554687500e+02,8.424271850585937500e+02,8.276286010742187500e+02,8.276447143554687500e+02,-1.000540058576684713e+09
5.669999999999999485e-01,-8.621304783261690829e+01,4.265622892380530118e+01,-3.060581894941719483e+01,1.038886862403387568e-04,9.269636906594769243e-05,2.416428845535278924e-04,1.007943749427795410e-01,2.417726516723632812e+00,-2.566532611846923828e+00,-3.190416366487544043e-03,-2.867981197839498172e-03,-2.433519624073770399e-02,-8.621623824898340160e+01,4.265336094260746336e+01,-3.063015414565793293e+01,0.000000000000000000e+00,0.000000000000000000e+00,0.000000000000000000e+00,0.000000000000000000e+00,8.276454467773437500e+02,8.420776367187500000e+02,8.276278686523437500e+02,8.276455078125000000e+02,-1.000550247536320925e+09
5.679999999999999494e-01,-8.621294293489613381e+01,4.265632252738998176e+01,-3.060558275789744442e+01,1.048977207744883344e-04,9.360358468057938808e-05,2.361915197504060870e-04,1.008058190345764160e-01,2.417769908905029297e+00,-2.566570997238159180e+00,-3.295314087266896542e-03,-2.961584782515504829e-03,-2.457138776048872417e-02,-8.621623824898340160e+01,4.265336094260746336e+01,-3.063015414565793293e+01,0.000000000000000000e+00,0.000000000000000000e+00,0.000000000000000000e+00,0.000000000000000000e+00,8.276461791992187500e+02,8.417363891601562500e+02,8.276271972656250000e+02,8.276462402343750000e+02,-1.000560436471397877e+09
5.689999999999999503e-01,-8.621283706585811046e+01,4.265641701149630904e+01,-3.060535190435385999e+01,1.058690380233429096e-04,9.448410632728609926e-05,2.308535435844305539e-04,1.008180975914001465e-01,2.417816638946533203e+00,-2.566611766815185547e+00,-3.401183125296139247e-03,-3.056068888842403217e-03,-2.480224130407237756e-02,-8.621623824898340160e+01,4.265336094260746336e+01,-3.063015414565793293e+01,0.000000000000000000e+00,0.000000000000000000e+00,0.000000000000000000e+00,0.000000000000000000e+00,8.276469116210937500e+02,8.414031372070312500e+02,8.276265258789062500e+02,8.276469116210937500e+02,-1.000570625382150292e+09
5.699999999999999512e-01,-8.621273026301157927e+01,4.265651234943020853e+01,-3.060512627539763741e+01,1.068028465311954278e-04,9.533793389948641561e-05,2.256289562225788359e-04,1.008298099040985107e-01,2.417860984802246094e+00,-2.566651344299316406e+00,-3.507985971817702622e-03,-3.151406822746657954e-03,-2.502787026029607356e-02,-8.621623824898340160e+01,4.265336094260746336e+01,-3.063015414565793293e+01,0.000000000000000000e+00,0.000000000000000000e+00,0.000000000000000000e+00,0.000000000000000000e+00,8.276475219726562500e+02,8.410778198242187500e+02,8.276259155273437500e+02,8.276475830078125000e+02,-1.000580814268809795e+09
5.709999999999999520e-01,-8.621262256261465495e+01,4.265660851574813961e+01,-3.060490576597749168e+01,1.077003969243151005e-04,9.616631793107899284e-05,2.205094201457313829e-04,1.008411943912506104e-01,2.417904376983642578e+00,-2.566689014434814453e+00,-3.615686368750218628e-03,-3.247573140678602140e-03,-2.524837968044065656e-02,-8.621623824898340160e+01,4.265336094260746336e+01,-3.063015414565793293e+01,0.000000000000000000e+00,0.000000000000000000e+00,0.000000000000000000e+00,0.000000000000000000e+00,8.276481933593750000e+02,8.407601928710937500e+02,8.276253662109375000e+02,8.276481933593750000e+02,-1.000591003131605983e+09
5.719999999999999529e-01,-8.621251400009141719e+01,4.265670548479806001e+01,-3.060469027437703815e+01,1.085625232377651628e-04,9.696904992040344951e-05,2.154916004535323282e-04,1.008527874946594238e-01,2.417949438095092773e+00,-2.566728353500366211e+00,-3.724248891988272622e-03,-3.344542190594826207e-03,-2.546387128089398419e-02,-8.621623824898340160e+01,4.265336094260746336e+01,-3.063015414565793293e+01,0.000000000000000000e+00,0.000000000000000000e+00,0.000000000000000000e+00,0.000000000000000000e+00,8.276487426757812500e+02,8.404500122070312500e+02,8.276248168945312500e+02,8.276488037109375000e+02,-1.000601191970765829e+09
5.729999999999999538e-01,-8.621240461003232269e+01,4.265680323217852532e+01,-3.060447970221482805e+01,1.093900590944940632e-04,9.774738046530728752e-05,2.105721622100986679e-04,1.008641421794891357e-01,2.417992115020751953e+00,-2.566765546798706055e+00,-3.833638951072906517e-03,-3.442289571059845964e-03,-2.567444344310411061e-02,-8.621623824898340160e+01,4.265336094260746336e+01,-3.063015414565793293e+01,0.000000000000000000e+00,0.000000000000000000e+00,0.000000000000000000e+00,0.000000000000000000e+00,8.276492919921875000e+02,8.401472167968750000e+02,8.276243286132812500e+02,8.276493530273437500e+02,-1.000611380786514282e+09
5.739999999999999547e-01,-8.621229442702779977e+01,4.265690173369638671e+01,-3.060427395277677221e+01,1.101830045229235111e-04,9.850151786139349497e-05,2.057494380558466673e-04,1.008762717247009277e-01,2.418038368225097656e+00,-2.566807031631469727e+00,-3.943821955597136275e-03,-3.540791088925341647e-03,-2.588019288116242753e-02,-8.621623824898340160e+01,4.265336094260746336e+01,-3.063015414565793293e+01,0.000000000000000000e+00,0.000000000000000000e+00,0.000000000000000000e+00,0.000000000000000000e+00,8.276498413085937500e+02,8.398515014648437500e+02,8.276238403320312500e+02,8.276499023437500000e+02,-1.000621569579074383e+09
5.749999999999999556e-01,-8.621218348275016297e+01,4.265700096661793594e+01,-3.060407293601884504e+01,1.109442776368041450e-04,9.923292154923046837e-05,2.010167579271637806e-04,1.008874177932739258e-01,2.418081283569335938e+00,-2.566843271255493164e+00,-4.054766233240273895e-03,-3.640024010475877061e-03,-2.608120963908926171e-02,-8.621623824898340160e+01,4.265336094260746336e+01,-3.063015414565793293e+01,0.000000000000000000e+00,0.000000000000000000e+00,0.000000000000000000e+00,0.000000000000000000e+00,8.276503295898437500e+02,8.395628662109375000e+02,8.276233520507812500e+02,8.276503906250000000e+02,-1.000631758348666906e+09
5.759999999999999565e-01,-8.621207180928837488e+01,4.265710090737553628e+01,-3.060387656189681493e+01,1.116734617880865699e-04,9.994075760033638289e-05,1.963741220301074009e-04,1.008988618850708008e-01,2.418125152587890625e+00,-2.566882371902465820e+00,-4.166439695022988027e-03,-3.739964768070994094e-03,-2.627758376111734989e-02,-8.621623824898340160e+01,4.265336094260746336e+01,-3.063015414565793293e+01,0.000000000000000000e+00,0.000000000000000000e+00,0.000000000000000000e+00,0.000000000000000000e+00,8.276508178710937500e+02,8.392810058593750000e+02,8.276229248046875000e+02,8.276508789062500000e+02,-1.000641947095511079e+09
5.769999999999999574e-01,-8.621195943706409537e+01,4.265720153427758987e+01,-3.060368474703651032e+01,1.123722242795111015e-04,1.006269020535910386e-04,1.918148603046176959e-04,1.009097397327423096e-01,2.418166637420654297e+00,-2.566917896270751953e+00,-4.278811919305242593e-03,-3.840591670123727312e-03,-2.646939862142292516e-02,-8.621623824898340160e+01,4.265336094260746336e+01,-3.063015414565793293e+01,0.000000000000000000e+00,0.000000000000000000e+00,0.000000000000000000e+00,0.000000000000000000e+00,8.276513061523437500e+02,8.390057983398437500e+02,8.276225585937500000e+02,8.276513061523437500e+02,-1.000652135819823861e+09
5.779999999999999583e-01,-8.621184639441483455e+01,4.265730282646683946e+01,-3.060349740472863544e+01,1.130426492608194167e-04,1.012921892495910470e-04,1.873423078748714943e-04,1.009210944175720215e-01,2.418211221694946289e+00,-2.566956281661987305e+00,-4.391854568565533787e-03,-3.941883859376171979e-03,-2.665674092929904912e-02,-8.621623824898340160e+01,4.265336094260746336e+01,-3.063015414565793293e+01,0.000000000000000000e+00,0.000000000000000000e+00,0.000000000000000000e+00,0.000000000000000000e+00,8.276517333984375000e+02,8.387370605468750000e+02,8.276221313476562500e+02,8.276517333984375000e+02,-1.000662324521820426e+09
5.789999999999999591e-01,-8.621173270967783253e+01,4.265740476308570095e+01,-3.060331445660136751e+01,1.136847370020177550e-04,1.019366188614867497e-04,1.829481272679345238e-04,1.009324789047241211e-01,2.418254375457763672e+00,-2.566995382308959961e+00,-4.505539305564711799e-03,-4.043820478239049110e-03,-2.683968905656374318e-02,-8.621623824898340160e+01,4.265336094260746336e+01,-3.063015414565793293e+01,0.000000000000000000e+00,0.000000000000000000e+00,0.000000000000000000e+00,0.000000000000000000e+00,8.276520996093750000e+02,8.384747314453125000e+02,8.276217651367187500e+02,8.276521606445312500e+02,-1.000672513201714039e+09
5.799999999999999600e-01,-8.621161840868961690e+01,4.265750732494488062e+01,-3.060313581928031468e+01,1.143009882156320600e-04,1.025618591796728651e-04,1.786373210528324762e-04,1.009432077407836914e-01,2.418295621871948242e+00,-2.567032098770141602e+00,-4.619840293784528013e-03,-4.146382337420395116e-03,-2.701832637761980224e-02,-8.621623824898340160e+01,4.265336094260746336e+01,-3.063015414565793293e+01,0.000000000000000000e+00,0.000000000000000000e+00,0.000000000000000000e+00,0.000000000000000000e+00,8.276525268554687500e+02,8.382185668945312500e+02,8.276214599609375000e+02,8.276525268554687500e+02,-1.000682701859715819e+09
5.809999999999999609e-01,-8.621150351603577633e+01,4.265761049285507056e+01,-3.060296141772859357e+01,1.148926538405703468e-04,1.031679101899385387e-04,1.744015517211039423e-04,1.009540557861328125e-01,2.418337821960449219e+00,-2.567068099975585938e+00,-4.734732947625459182e-03,-4.249550247609989312e-03,-2.719272792933839430e-02,-8.621623824898340160e+01,4.265336094260746336e+01,-3.063015414565793293e+01,0.000000000000000000e+00,0.000000000000000000e+00,0.000000000000000000e+00,0.000000000000000000e+00,8.276528320312500000e+02,8.379684448242187500e+02,8.276210937500000000e+02,8.276528930664062500e+02,-1.000692890496034861e+09
5.819999999999999618e-01,-8.621138805575758113e+01,4.265771424820160007e+01,-3.060279117687270656e+01,1.154602781952007717e-04,1.037553465295104616e-04,1.702408558870160959e-04,1.009653508663177490e-01,2.418380498886108398e+00,-2.567105531692504883e+00,-4.850193225816075947e-03,-4.353305594139802483e-03,-2.736296878522652756e-02,-8.621623824898340160e+01,4.265336094260746336e+01,-3.063015414565793293e+01,0.000000000000000000e+00,0.000000000000000000e+00,0.000000000000000000e+00,0.000000000000000000e+00,8.276531982421875000e+02,8.377242431640625000e+02,8.276208496093750000e+02,8.276532592773437500e+02,-1.000703079110877991e+09
5.829999999999999627e-01,-8.621127204895172724e+01,4.265781857480980932e+01,-3.060262501842366945e+01,1.160068058538854530e-04,1.043266082092486613e-04,1.661584490371126321e-04,1.009762287139892578e-01,2.418422460556030273e+00,-2.567142009735107422e+00,-4.966200031670475745e-03,-4.457632202347048406e-03,-2.752912723426192976e-02,-8.621623824898340160e+01,4.265336094260746336e+01,-3.063015414565793293e+01,0.000000000000000000e+00,0.000000000000000000e+00,0.000000000000000000e+00,0.000000000000000000e+00,8.276535034179687500e+02,8.374857788085937500e+02,8.276205444335937500e+02,8.276535644531250000e+02,-1.000713267704449892e+09
5.839999999999999636e-01,-8.621115551590105497e+01,4.265792345532285879e+01,-3.060246286729776699e+01,1.165330506722739301e-04,1.048805130494656623e-04,1.621511259024543961e-04,1.009868085384368896e-01,2.418463230133056641e+00,-2.567178249359130859e+00,-5.082733082344760220e-03,-4.562512715398210628e-03,-2.769127836016650399e-02,-8.621623824898340160e+01,4.265336094260746336e+01,-3.063015414565793293e+01,0.000000000000000000e+00,0.000000000000000000e+00,0.000000000000000000e+00,0.000000000000000000e+00,8.276538085937500000e+02,8.372529907226562500e+02,8.276203002929687500e+02,8.276538696289062500e+02,-1.000723456276952386e+09
5.849999999999999645e-01,-8.621103847535586340e+01,4.265802887472172245e+01,-3.060230465179304460e+01,1.170405451915712547e-04,1.054193988636598078e-04,1.582155047223920974e-04,1.009974777698516846e-01,2.418504476547241211e+00,-2.567214012145996094e+00,-5.199773627543421289e-03,-4.667932114257061782e-03,-2.784949386488725850e-02,-8.621623824898340160e+01,4.265336094260746336e+01,-3.063015414565793293e+01,0.000000000000000000e+00,0.000000000000000000e+00,0.000000000000000000e+00,0.000000000000000000e+00,8.276541137695312500e+02,8.370256958007812500e+02,8.276200561523437500e+02,8.276541137695312500e+02,-1.000733644828584909e+09
5.859999999999999654e-01,-8.621092094439907783e+01,4.265813481757119519e+01,-3.060215029520491470e+01,1.175309567855720161e-04,1.059428494727399084e-04,1.543565881299002740e-04,1.010077595710754395e-01,2.418543577194213867e+00,-2.567249059677124023e+00,-5.317304584322877538e-03,-4.773874963728275134e-03,-2.800385045301757858e-02,-8.621623824898340160e+01,4.265336094260746336e+01,-3.063015414565793293e+01,0.000000000000000000e+00,0.000000000000000000e+00,0.000000000000000000e+00,0.000000000000000000e+00,8.276543579101562500e+02,8.368037719726562500e+02,8.276198120117187500e+02,8.276543579101562500e+02,-1.000743833359543681e+09
5.869999999999999662e-01,-8.621080293844620712e+01,4.265824127010366595e+01,-3.060199973083398106e+01,1.180059528707033678e-04,1.064525324707688014e-04,1.505643709336368374e-04,1.010184884071350098e-01,2.418584823608398438e+00,-2.567285060882568359e+00,-5.435310537189428845e-03,-4.880327496199833234e-03,-2.815441482395351219e-02,-8.621623824898340160e+01,4.265336094260746336e+01,-3.063015414565793293e+01,0.000000000000000000e+00,0.000000000000000000e+00,0.000000000000000000e+00,0.000000000000000000e+00,8.276546020507812500e+02,8.365870971679687500e+02,8.276196289062500000e+02,8.276546020507812500e+02,-1.000754021870022774e+09
5.879999999999999671e-01,-8.621068447124608269e+01,4.265834821938643984e+01,-3.060185287864063852e+01,1.184672001244280182e-04,1.069492827738827145e-04,1.468521933425392945e-04,1.010293960571289062e-01,2.418627738952636719e+00,-2.567322731018066406e+00,-5.553777737316807628e-03,-4.987276778979341657e-03,-2.830126701729381369e-02,-8.621623824898340160e+01,4.265336094260746336e+01,-3.063015414565793293e+01,0.000000000000000000e+00,0.000000000000000000e+00,0.000000000000000000e+00,0.000000000000000000e+00,8.276548461914062500e+02,8.363754882812500000e+02,8.276194458007812500e+02,8.276548461914062500e+02,-1.000764210360212207e+09
5.889999999999999680e-01,-8.621056555529641230e+01,4.265845565248665849e+01,-3.060170967192547309e+01,1.189159496703950936e-04,1.074331002186568185e-04,1.432067151654337067e-04,1.010395288467407227e-01,2.418666839599609375e+00,-2.567356586456298828e+00,-5.672693686982203248e-03,-5.094709879193625238e-03,-2.844447373246063865e-02,-8.621623824898340160e+01,4.265336094260746336e+01,-3.063015414565793293e+01,0.000000000000000000e+00,0.000000000000000000e+00,0.000000000000000000e+00,0.000000000000000000e+00,8.276550292968750000e+02,8.361689453125000000e+02,8.276192626953125000e+02,8.276550292968750000e+02,-1.000774398830299139e+09
5.899999999999999689e-01,-8.621044620142842518e+01,4.265856355772329778e+01,-3.060157003064889381e+01,1.193538679871153363e-04,1.079052366392829754e-04,1.396412765792831578e-04,1.010498404502868652e-01,2.418706417083740234e+00,-2.567391633987426758e+00,-5.792047554980190964e-03,-5.202615115832225599e-03,-2.858411500904085162e-02,-8.621623824898340160e+01,4.265336094260746336e+01,-3.063015414565793293e+01,0.000000000000000000e+00,0.000000000000000000e+00,0.000000000000000000e+00,0.000000000000000000e+00,8.276552124023437500e+02,8.359672851562500000e+02,8.276190795898437500e+02,8.276552124023437500e+02,-1.000784587280466437e+09
5.909999999999999698e-01,-8.621032641922261064e+01,4.265867192508270023e+01,-3.060143388811158971e+01,1.197822058145447954e-04,1.083673594024503473e-04,1.361425373040958675e-04,1.010600626468658447e-01,2.418745994567871094e+00,-2.567426443099975586e+00,-5.911829760795480823e-03,-5.310982475233956904e-03,-2.872025754634224479e-02,-8.621623824898340160e+01,4.265336094260746336e+01,-3.063015414565793293e+01,0.000000000000000000e+00,0.000000000000000000e+00,0.000000000000000000e+00,0.000000000000000000e+00,8.276553955078125000e+02,8.357703247070312500e+02,8.276189575195312500e+02,8.276553955078125000e+02,-1.000794775710894227e+09
5.919999999999999707e-01,-8.621020621575874543e+01,4.265878074371892126e+01,-3.060130116427405156e+01,1.202034638652094145e-04,1.088186362210308289e-04,1.327238375381512014e-04,1.010708212852478027e-01,2.418787479400634766e+00,-2.567462444305419922e+00,-6.032033224662908082e-03,-5.419801111460337620e-03,-2.885298138388038211e-02,-8.621623824898340160e+01,4.265336094260746336e+01,-3.063015414565793293e+01,0.000000000000000000e+00,0.000000000000000000e+00,0.000000000000000000e+00,0.000000000000000000e+00,8.276555786132812500e+02,8.355780639648437500e+02,8.276188354492187500e+02,8.276555786132812500e+02,-1.000804964121757507e+09
5.929999999999999716e-01,-8.621008559853346753e+01,4.265889000403626596e+01,-3.060117178910190816e+01,1.206172252778969778e-04,1.092603173447059817e-04,1.293751721433977764e-04,1.010808050632476807e-01,2.418826580047607422e+00,-2.567497014999389648e+00,-6.152650449930314319e-03,-5.529061428801697320e-03,-2.898235655602604197e-02,-8.621623824898340160e+01,4.265336094260746336e+01,-3.063015414565793293e+01,0.000000000000000000e+00,0.000000000000000000e+00,0.000000000000000000e+00,0.000000000000000000e+00,8.276557006835937500e+02,8.353903808593750000e+02,8.276187133789062500e+02,8.276557006835937500e+02,-1.000815152513227582e+09
5.939999999999999725e-01,-8.620996457212601172e+01,4.265899969810764958e+01,-3.060104568922590573e+01,1.210264074558153879e-04,1.096940713836147552e-04,1.260998760024278909e-04,1.010915040969848633e-01,2.418867588043212891e+00,-2.567533254623413086e+00,-6.273676857384216307e-03,-5.638755500186378930e-03,-2.910845643202851496e-02,-8.621623824898340160e+01,4.265336094260746336e+01,-3.063015414565793293e+01,0.000000000000000000e+00,0.000000000000000000e+00,0.000000000000000000e+00,0.000000000000000000e+00,8.276558227539062500e+02,8.352070922851562500e+02,8.276186523437500000e+02,8.276558227539062500e+02,-1.000825340885471702e+09
5.949999999999999734e-01,-8.620984314028223139e+01,4.265910981758992904e+01,-3.060092278460666648e+01,1.214318437803285633e-04,1.101194822794582251e-04,1.229046192392502235e-04,1.011013090610504150e-01,2.418906211853027344e+00,-2.567566871643066406e+00,-6.395108701175640162e-03,-5.748874982464975865e-03,-2.923136105126775131e-02,-8.621623824898340160e+01,4.265336094260746336e+01,-3.063015414565793293e+01,0.000000000000000000e+00,0.000000000000000000e+00,0.000000000000000000e+00,0.000000000000000000e+00,8.276559448242187500e+02,8.350281372070312500e+02,8.276185302734375000e+02,8.276559448242187500e+02,-1.000835529238651633e+09
5.959999999999999742e-01,-8.620972130633120400e+01,4.265922035455700723e+01,-3.060080299853986574e+01,1.218339510273835913e-04,1.105369670781897184e-04,1.197860668007422191e-04,1.011110544204711914e-01,2.418944358825683594e+00,-2.567600011825561523e+00,-6.516942652201398317e-03,-5.859411949541436064e-03,-2.935114711806628002e-02,-8.621623824898340160e+01,4.265336094260746336e+01,-3.063015414565793293e+01,0.000000000000000000e+00,0.000000000000000000e+00,0.000000000000000000e+00,0.000000000000000000e+00,8.276560058593750000e+02,8.348533935546875000e+02,8.276184692382812500e+02,8.276560058593750000e+02,-1.000845717572924733e+09
5.969999999999999751e-01,-8.620959907110102449e+01,4.265933130275081453e+01,-3.060068626099148048e+01,1.222352301795126550e-04,1.109481938073031415e-04,1.167375483852595153e-04,1.011211872100830078e-01,2.418983697891235352e+00,-2.567634820938110352e+00,-6.639177882373200126e-03,-5.970360143348912678e-03,-2.946788466645084911e-02,-8.621623824898340160e+01,4.265336094260746336e+01,-3.063015414565793293e+01,0.000000000000000000e+00,0.000000000000000000e+00,0.000000000000000000e+00,0.000000000000000000e+00,8.276561279296875000e+02,8.346828002929687500e+02,8.276184082031250000e+02,8.276561279296875000e+02,-1.000855905888443589e+09
5.979999999999999760e-01,-8.620947643583757269e+01,4.265944265591419793e+01,-3.060057248858722545e+01,1.226352634517979823e-04,1.113531633833986234e-04,1.137724042550303238e-04,1.011314690113067627e-01,2.419023036956787109e+00,-2.567670106887817383e+00,-6.761813145834128826e-03,-6.081713306731215823e-03,-2.958165707070623679e-02,-8.621623824898340160e+01,4.265336094260746336e+01,-3.063015414565793293e+01,0.000000000000000000e+00,0.000000000000000000e+00,0.000000000000000000e+00,0.000000000000000000e+00,8.276561889648437500e+02,8.345162353515625000e+02,8.276184082031250000e+02,8.276561889648437500e+02,-1.000866094185355306e+09
5.989999999999999769e-01,-8.620935340011895676e+01,4.265955440820700062e+01,-3.060046160795806713e+01,1.230357186159380944e-04,1.117522928026914997e-04,1.108806291583164239e-04,1.011414527893066406e-01,2.419062376022338867e+00,-2.567703962326049805e+00,-6.884848864451089540e-03,-6.193465599533896915e-03,-2.969253769986497996e-02,-8.621623824898340160e+01,4.265336094260746336e+01,-3.063015414565793293e+01,0.000000000000000000e+00,0.000000000000000000e+00,0.000000000000000000e+00,0.000000000000000000e+00,8.276561889648437500e+02,8.343536376953125000e+02,8.276183471679687500e+02,8.276562500000000000e+02,-1.000876282463801861e+09
5.999999999999999778e-01,-8.620922996269023031e+01,4.265966655420682940e+01,-3.060035353906492261e+01,1.234374287264472514e-04,1.121459998287832605e-04,1.080688931445195067e-04,1.011512577533721924e-01,2.419100284576416016e+00,-2.567737340927124023e+00,-7.008286293176664225e-03,-6.305611599364682913e-03,-2.980060659301089418e-02,-8.621623824898340160e+01,4.265336094260746336e+01,-3.063015414565793293e+01,0.000000000000000000e+00,0.000000000000000000e+00,0.000000000000000000e+00,0.000000000000000000e+00,8.276562500000000000e+02,8.341948852539062500e+02,8.276183471679687500e+02,8.276562500000000000e+02,-1.000886470723919868e+09
6.009999999999999787e-01,-8.620910612146293772e+01,4.265977908932535456e+01,-3.060024820520384736e+01,1.238412272925870639e-04,1.125351185251588504e-04,1.053338610752518889e-04,1.011610329151153564e-01,2.419138669967651367e+00,-2.567771673202514648e+00,-7.132127520461889990e-03,-6.418146717894601845e-03,-2.990594045408629179e-02,-8.621623824898340160e+01,4.265336094260746336e+01,-3.063015414565793293e+01,0.000000000000000000e+00,0.000000000000000000e+00,0.000000000000000000e+00,0.000000000000000000e+00,8.276562500000000000e+02,8.340398559570312500e+02,8.276183471679687500e+02,8.276562500000000000e+02,-1.000896658965840340e+09
6.019999999999999796e-01,-8.620898187351548358e+01,4.265989200897517719e+01,-3.060014552300083679e+01,1.242479474541369200e-04,1.129196498226292533e-04,1.026822030105734029e-04,1.011710762977600098e-01,2.419178247451782227e+00,-2.567805290222167969e+00,-7.256375467913170688e-03,-6.531066367716583179e-03,-3.000862265709696233e-02,-8.621623824898340160e+01,4.265336094260746336e+01,-3.063015414565793293e+01,0.000000000000000000e+00,0.000000000000000000e+00,0.000000000000000000e+00,0.000000000000000000e+00,8.276562500000000000e+02,8.338884887695312500e+02,8.276184082031250000e+02,8.276563110351562500e+02,-1.000906847189688206e+09
6.029999999999999805e-01,-8.620885721634304844e+01,4.266000530940220870e+01,-3.060004541908707409e+01,1.246571724351497323e-04,1.133004270315041140e-04,1.001039137626946740e-04,1.011805236339569092e-01,2.419214725494384766e+00,-2.567837238311767578e+00,-7.381032640358257783e-03,-6.644366794747936372e-03,-3.010872657085909496e-02,-8.621623824898340160e+01,4.265336094260746336e+01,-3.063015414565793293e+01,0.000000000000000000e+00,0.000000000000000000e+00,0.000000000000000000e+00,0.000000000000000000e+00,8.276562500000000000e+02,8.337407226562500000e+02,8.276184082031250000e+02,8.276562500000000000e+02,-1.000917035395583391e+09
6.039999999999999813e-01,-8.620873214660751671e+01,4.266011898643641587e+01,-3.059994781342366110e+01,1.250697355317242909e-04,1.136770342071713458e-04,9.760566341299181659e-05,1.011903882026672363e-01,2.419253110885620117e+00,-2.567871809005737305e+00,-7.506102375879936291e-03,-6.758043828953565549e-03,-3.020633223427286740e-02,-8.621623824898340160e+01,4.265336094260746336e+01,-3.063015414565793293e+01,0.000000000000000000e+00,0.000000000000000000e+00,0.000000000000000000e+00,0.000000000000000000e+00,8.276562500000000000e+02,8.335964355468750000e+02,8.276184692382812500e+02,8.276562500000000000e+02,-1.000927223583639860e+09
6.049999999999999822e-01,-8.620860666013754781e+01,4.266023303674204925e+01,-3.059985262597180267e+01,1.254864699689051122e-04,1.140503056333841414e-04,9.518745185843613399e-05,1.011998653411865234e-01,2.419289827346801758e+00,-2.567903757095336914e+00,-7.631588845850516278e-03,-6.872094134588640178e-03,-3.030151968613021760e-02,-8.621623824898340160e+01,4.265336094260746336e+01,-3.063015414565793293e+01,0.000000000000000000e+00,0.000000000000000000e+00,0.000000000000000000e+00,0.000000000000000000e+00,8.276562500000000000e+02,8.334556274414062500e+02,8.276185302734375000e+02,8.276562500000000000e+02,-1.000937411753965616e+09
6.059999999999999831e-01,-8.620848075276191480e+01,4.266034745656680371e+01,-3.059975977669269298e+01,1.259073756330053584e-04,1.144198247544636615e-04,9.284927910968576725e-05,1.012098789215087891e-01,2.419329643249511719e+00,-2.567938804626464844e+00,-7.757496221493369662e-03,-6.986513959338072274e-03,-3.039436896524159645e-02,-8.621623824898340160e+01,4.265336094260746336e+01,-3.063015414565793293e+01,0.000000000000000000e+00,0.000000000000000000e+00,0.000000000000000000e+00,0.000000000000000000e+00,8.276561889648437500e+02,8.333180541992187500e+02,8.276185913085937500e+02,8.276561889648437500e+02,-1.000947599906662822e+09
6.069999999999999840e-01,-8.620835442030966078e+01,4.266046224382573371e+01,-3.059966919221774617e+01,1.263324522540187900e-04,1.147872589299936408e-04,9.058447494680876844e-05,1.012191772460937500e-01,2.419364690780639648e+00,-2.567969799041748047e+00,-7.883828673740021081e-03,-7.101301218267779686e-03,-3.048495344018772174e-02,-8.621623824898340160e+01,4.265336094260746336e+01,-3.063015414565793293e+01,0.000000000000000000e+00,0.000000000000000000e+00,0.000000000000000000e+00,0.000000000000000000e+00,8.276561279296875000e+02,8.331838378906250000e+02,8.276186523437500000e+02,8.276561279296875000e+02,-1.000957788041828275e+09
6.079999999999999849e-01,-8.620822765944384969e+01,4.266057739393338011e+01,-3.059958078917301094e+01,1.267608658110930264e-04,1.151501076464001017e-04,8.840304473523019624e-05,1.012289822101593018e-01,2.419403791427612305e+00,-2.568003654479980469e+00,-8.010589539552998017e-03,-7.216451325917009121e-03,-3.057335648492202212e-02,-8.621623824898340160e+01,4.265336094260746336e+01,-3.063015414565793293e+01,0.000000000000000000e+00,0.000000000000000000e+00,0.000000000000000000e+00,0.000000000000000000e+00,8.276560668945312500e+02,8.330527343750000000e+02,8.276187133789062500e+02,8.276560668945312500e+02,-1.000967976159552455e+09
6.089999999999999858e-01,-8.620810046599395093e+01,4.266069290522206359e+01,-3.059949449752501138e+01,1.271934498987548068e-04,1.155112886834785968e-04,8.629164799955901799e-05,1.012380123138427734e-01,2.419439554214477539e+00,-2.568034887313842773e+00,-8.137782989451983542e-03,-7.331962614601878099e-03,-3.065964813292222646e-02,-8.621623824898340160e+01,4.265336094260746336e+01,-3.063015414565793293e+01,0.000000000000000000e+00,0.000000000000000000e+00,0.000000000000000000e+00,0.000000000000000000e+00,8.276560058593750000e+02,8.329247436523437500e+02,8.276188354492187500e+02,8.276560058593750000e+02,-1.000978164259921074e+09
6.099999999999999867e-01,-8.620797283578988868e+01,4.266080877435756946e+01,-3.059941023723500209e+01,1.276302040622567802e-04,1.158691355058749650e-04,8.426029000929702306e-05,1.012480854988098145e-01,2.419478416442871094e+00,-2.568070173263549805e+00,-8.265413193517137311e-03,-7.447831750109191150e-03,-3.074390842292988243e-02,-8.621623824898340160e+01,4.265336094260746336e+01,-3.063015414565793293e+01,0.000000000000000000e+00,0.000000000000000000e+00,0.000000000000000000e+00,0.000000000000000000e+00,8.276558837890625000e+02,8.327997436523437500e+02,8.276189575195312500e+02,8.276558837890625000e+02,-1.000988352343013644e+09
6.109999999999999876e-01,-8.620784476549539477e+01,4.266092499800554094e+01,-3.059932793159925524e+01,1.280702944939093868e-04,1.162236479714806592e-04,8.230563574684879313e-05,1.012573540210723877e-01,2.419515848159790039e+00,-2.568101406097412109e+00,-8.393483488010295562e-03,-7.564055398079159130e-03,-3.082621405867809819e-02,-8.621623824898340160e+01,4.265336094260746336e+01,-3.063015414565793293e+01,0.000000000000000000e+00,0.000000000000000000e+00,0.000000000000000000e+00,0.000000000000000000e+00,8.276558227539062500e+02,8.326777954101562500e+02,8.276190795898437500e+02,8.276557617187500000e+02,-1.000998540408904314e+09
6.119999999999999885e-01,-8.620771625260779558e+01,4.266104157366471838e+01,-3.059924751391920594e+01,1.285128875991858877e-04,1.165756591774425033e-04,8.041768004929394920e-05,1.012666523456573486e-01,2.419551134109497070e+00,-2.568134307861328125e+00,-8.521996375610938618e-03,-7.680631057253231066e-03,-3.090663173872660111e-02,-8.621623824898340160e+01,4.265336094260746336e+01,-3.063015414565793293e+01,0.000000000000000000e+00,0.000000000000000000e+00,0.000000000000000000e+00,0.000000000000000000e+00,8.276557006835937500e+02,8.325586547851562500e+02,8.276192016601562500e+02,8.276557006835937500e+02,-1.001008728457662344e+09
6.129999999999999893e-01,-8.620758729379132035e+01,4.266115849716780417e+01,-3.059916890415601998e+01,1.289588164752331068e-04,1.169235030857862512e-04,7.860976318596613055e-05,1.012764275074005127e-01,2.419589757919311523e+00,-2.568166971206665039e+00,-8.650955192076249106e-03,-7.797554560341240365e-03,-3.098524150191190457e-02,-8.621623824898340160e+01,4.265336094260746336e+01,-3.063015414565793293e+01,0.000000000000000000e+00,0.000000000000000000e+00,0.000000000000000000e+00,0.000000000000000000e+00,8.276555786132812500e+02,8.324423828125000000e+02,8.276193237304687500e+02,8.276555786132812500e+02,-1.001018916489351392e+09
6.139999999999999902e-01,-8.620745788737734472e+01,4.266127576601363813e+01,-3.059909203894614649e+01,1.294064139756301302e-04,1.172688458339621320e-04,7.686520987348899325e-05,1.012858450412750244e-01,2.419626474380493164e+00,-2.568200111389160156e+00,-8.780361606054689488e-03,-7.914823406176373435e-03,-3.106210671178718727e-02,-8.621623824898340160e+01,4.265336094260746336e+01,-3.063015414565793293e+01,0.000000000000000000e+00,0.000000000000000000e+00,0.000000000000000000e+00,0.000000000000000000e+00,8.276554565429687500e+02,8.323287963867187500e+02,8.276195068359375000e+02,8.276554565429687500e+02,-1.001029104504030347e+09
6.149999999999999911e-01,-8.620732803253166310e+01,4.266139337686809085e+01,-3.059901684492074736e+01,1.298548456816206453e-04,1.176108544527210142e-04,7.519402539912789507e-05,1.012949645519256592e-01,2.419662714004516602e+00,-2.568231344223022461e+00,-8.910216451736303195e-03,-8.032434260629595785e-03,-3.113730073718639149e-02,-8.621623824898340160e+01,4.265336094260746336e+01,-3.063015414565793293e+01,0.000000000000000000e+00,0.000000000000000000e+00,0.000000000000000000e+00,0.000000000000000000e+00,8.276552734375000000e+02,8.322179565429687500e+02,8.276196289062500000e+02,8.276552734375000000e+02,-1.001039292501753569e+09
6.159999999999999920e-01,-8.620719772925340862e+01,4.266151132639631527e+01,-3.059894325871608700e+01,1.303032782544732981e-04,1.179495282244147347e-04,7.358620466035858954e-05,1.013046205043792725e-01,2.419701099395751953e+00,-2.568264961242675781e+00,-9.040519729997378851e-03,-8.150383788850317293e-03,-3.121088694184578557e-02,-8.621623824898340160e+01,4.265336094260746336e+01,-3.063015414565793293e+01,0.000000000000000000e+00,0.000000000000000000e+00,0.000000000000000000e+00,0.000000000000000000e+00,8.276551513671875000e+02,8.321097412109375000e+02,8.276198120117187500e+02,8.276551513671875000e+02,-1.001049480482571125e+09
6.169999999999999929e-01,-8.620706697670769358e+01,4.266162960959640316e+01,-3.059887121696835166e+01,1.307525457150404691e-04,1.182832000878875078e-04,7.204174773534077758e-05,1.013138592243194580e-01,2.419736623764038086e+00,-2.568296670913696289e+00,-9.171272275709473759e-03,-8.268666988939049611e-03,-3.128292868958232331e-02,-8.621623824898340160e+01,4.265336094260746336e+01,-3.063015414565793293e+01,0.000000000000000000e+00,0.000000000000000000e+00,0.000000000000000000e+00,0.000000000000000000e+00,8.276550292968750000e+02,8.320040893554687500e+02,8.276199340820312500e+02,8.276550292968750000e+02,-1.001059668446528554e+09
6.179999999999999938e-01,-8.620693577656163598e+01,4.266174822230006214e+01,-3.059880065297853946e+01,1.312001460576084355e-04,1.186127036589823547e-04,7.056398981220013411e-05,1.013231873512268066e-01,2.419773578643798828e+00,-2.568329095840454102e+00,-9.302472421760670657e-03,-8.387279692600582010e-03,-3.135349267939371853e-02,-8.621623824898340160e+01,4.265336094260746336e+01,-3.063015414565793293e+01,0.000000000000000000e+00,0.000000000000000000e+00,0.000000000000000000e+00,0.000000000000000000e+00,8.276548461914062500e+02,8.319009399414062500e+02,8.276201171875000000e+02,8.276548461914062500e+02,-1.001069856393667340e+09
6.189999999999999947e-01,-8.620680413048208379e+01,4.266186716117221067e+01,-3.059873151005286473e+01,1.316460795521834370e-04,1.189388721485329370e-04,6.914292567472557494e-05,1.013325750827789307e-01,2.419810533523559570e+00,-2.568361520767211914e+00,-9.434118501313105629e-03,-8.506218564745340188e-03,-3.142263560506668857e-02,-8.621623824898340160e+01,4.265336094260746336e+01,-3.063015414565793293e+01,0.000000000000000000e+00,0.000000000000000000e+00,0.000000000000000000e+00,0.000000000000000000e+00,8.276546630859375000e+02,8.318001708984375000e+02,8.276203002929687500e+02,8.276546630859375000e+02,-1.001080044324025393e+09
6.199999999999999956e-01,-8.620667204263691019e+01,4.266198642120975393e+01,-3.059866373149720431e+01,1.320878451736007264e-04,1.192600375432562032e-04,6.777855566042489954e-05,1.013423204421997070e-01,2.419848680496215820e+00,-2.568395376205444336e+00,-9.566206346494684348e-03,-8.625478602292712890e-03,-3.149041416073005556e-02,-8.621623824898340160e+01,4.265336094260746336e+01,-3.063015414565793293e+01,0.000000000000000000e+00,0.000000000000000000e+00,0.000000000000000000e+00,0.000000000000000000e+00,8.276545410156250000e+02,8.317018432617187500e+02,8.276204833984375000e+02,8.276544799804687500e+02,-1.001090232237637639e+09
6.209999999999999964e-01,-8.620653951719394570e+01,4.266210599657608071e+01,-3.059859726061731777e+01,1.325254429644928678e-04,1.195753663267851152e-04,6.647087988653765933e-05,1.013513803482055664e-01,2.419885158538818359e+00,-2.568426609039306641e+00,-9.698731789462192165e-03,-8.745053968618323598e-03,-3.155688504061630872e-02,-8.621623824898340160e+01,4.265336094260746336e+01,-3.063015414565793293e+01,0.000000000000000000e+00,0.000000000000000000e+00,0.000000000000000000e+00,0.000000000000000000e+00,8.276543579101562500e+02,8.316058349609375000e+02,8.276206665039062500e+02,8.276543579101562500e+02,-1.001100420134535551e+09
6.219999999999999973e-01,-8.620640655748692893e+01,4.266222588226791856e+01,-3.059853205072423421e+01,1.329597070167665152e-04,1.198856918378510272e-04,6.520989308356206493e-05,1.013608574867248535e-01,2.419921636581420898e+00,-2.568459987640380859e+00,-9.831691496478443468e-03,-8.864939660454713988e-03,-3.162209493369832342e-02,-8.621623824898340160e+01,4.265336094260746336e+01,-3.063015414565793293e+01,0.000000000000000000e+00,0.000000000000000000e+00,0.000000000000000000e+00,0.000000000000000000e+00,8.276541748046875000e+02,8.315120849609375000e+02,8.276209106445312500e+02,8.276541748046875000e+02,-1.001110608014747977e+09
6.229999999999999982e-01,-8.620627317101909171e+01,4.266234607328160422e+01,-3.059846804845852120e+01,1.333864678372265189e-04,1.201910136856554345e-04,6.400226571301459444e-05,1.013701856136322021e-01,2.419958353042602539e+00,-2.568491697311401367e+00,-9.965077964303853050e-03,-8.985130674141927204e-03,-3.168609719941326702e-02,-8.621623824898340160e+01,4.265336094260746336e+01,-3.063015414565793293e+01,0.000000000000000000e+00,0.000000000000000000e+00,0.000000000000000000e+00,0.000000000000000000e+00,8.276539916992187500e+02,8.314205932617187500e+02,8.276210937500000000e+02,8.276539916992187500e+02,-1.001120795878301382e+09
6.239999999999999991e-01,-8.620613936529240107e+01,4.266246656211151844e+01,-3.059840521046562856e+01,1.338057266906389486e-04,1.204888299142226060e-04,6.283799289263924948e-05,1.013791859149932861e-01,2.419993877410888672e+00,-2.568522691726684570e+00,-1.009888369099365066e-02,-9.105619504052371582e-03,-3.174893519230568423e-02,-8.621623824898340160e+01,4.265336094260746336e+01,-3.063015414565793293e+01,0.000000000000000000e+00,0.000000000000000000e+00,0.000000000000000000e+00,0.000000000000000000e+00,8.276538085937500000e+02,8.313312377929687500e+02,8.276212768554687500e+02,8.276538085937500000e+02,-1.001130983725220323e+09
6.250000000000000000e-01,-8.620600514697588324e+01,4.266258734375370665e+01,-3.059834349339124415e+01,1.342183165178312265e-04,1.207816421882057512e-04,6.171707438440421356e-05,1.013884246349334717e-01,2.420030117034912109e+00,-2.568554639816284180e+00,-1.023310200752477681e-02,-9.226401146239850484e-03,-3.181065226668987334e-02,-8.621623824898340160e+01,4.265336094260746336e+01,-3.063015414565793293e+01,0.000000000000000000e+00,0.000000000000000000e+00,0.000000000000000000e+00,0.000000000000000000e+00,8.276536254882812500e+02,8.312439575195312500e+02,8.276214599609375000e+02,8.276536254882812500e+02,-1.001141171555527091e+09
6.260000000000000009e-01,-8.620587052690649443e+01,4.266270841153509252e+01,-3.059828286055062563e+01,1.346200693888022215e-04,1.210677813858751506e-04,6.063284061852414197e-05,1.013980507850646973e-01,2.420068740844726562e+00,-2.568588018417358398e+00,-1.036772207691089194e-02,-9.347468927632593405e-03,-3.187128510730884851e-02,-8.621623824898340160e+01,4.265336094260746336e+01,-3.063015414565793293e+01,0.000000000000000000e+00,0.000000000000000000e+00,0.000000000000000000e+00,0.000000000000000000e+00,8.276533813476562500e+02,8.311588134765625000e+02,8.276217041015625000e+02,8.276533813476562500e+02,-1.001151359369243383e+09
6.270000000000000018e-01,-8.620573551425364656e+01,4.266282975711599335e+01,-3.059822327192388869e+01,1.350126528478767796e-04,1.213455809008223696e-04,5.958862673693943179e-05,1.014072299003601074e-01,2.420104503631591797e+00,-2.568620443344116211e+00,-1.050273472975707389e-02,-9.468814508528889881e-03,-3.193087373404537854e-02,-8.621623824898340160e+01,4.265336094260746336e+01,-3.063015414565793293e+01,0.000000000000000000e+00,0.000000000000000000e+00,0.000000000000000000e+00,0.000000000000000000e+00,8.276531982421875000e+02,8.310756225585937500e+02,8.276218872070312500e+02,8.276531982421875000e+02,-1.001161547166389227e+09
6.280000000000000027e-01,-8.620560012068779088e+01,4.266295137382273595e+01,-3.059816469749618406e+01,1.353935658556792987e-04,1.216167067425999448e-04,5.857442770462739645e-05,1.014167666435241699e-01,2.420141220092773438e+00,-2.568652868270874023e+00,-1.063812829561351647e-02,-9.590431215273923643e-03,-3.198944816174821570e-02,-8.621623824898340160e+01,4.265336094260746336e+01,-3.063015414565793293e+01,0.000000000000000000e+00,0.000000000000000000e+00,0.000000000000000000e+00,0.000000000000000000e+00,8.276530151367187500e+02,8.309943847656250000e+02,8.276221313476562500e+02,8.276530151367187500e+02,-1.001171734946984172e+09
6.290000000000000036e-01,-8.620546435787952078e+01,4.266307325414832263e+01,-3.059810710391746014e+01,1.357628082701012318e-04,1.218803255866873769e-04,5.759357872392456557e-05,1.014262139797210693e-01,2.420179605484008789e+00,-2.568686008453369141e+00,-1.077389110388189686e-02,-9.712311540860605816e-03,-3.204704174047378479e-02,-8.621623824898340160e+01,4.265336094260746336e+01,-3.063015414565793293e+01,0.000000000000000000e+00,0.000000000000000000e+00,0.000000000000000000e+00,0.000000000000000000e+00,8.276528320312500000e+02,8.309151611328125000e+02,8.276223144531250000e+02,8.276528320312500000e+02,-1.001181922711047173e+09
6.300000000000000044e-01,-8.620532823999970162e+01,4.266319539058388699e+01,-3.059805047117757582e+01,1.361178798191531314e-04,1.221364355643572708e-04,5.663273988432138140e-05,1.014351248741149902e-01,2.420215129852294922e+00,-2.568717241287231445e+00,-1.091000898370554813e-02,-9.834447976425903307e-03,-3.210367448035846699e-02,-8.621623824898340160e+01,4.265336094260746336e+01,-3.063015414565793293e+01,0.000000000000000000e+00,0.000000000000000000e+00,0.000000000000000000e+00,0.000000000000000000e+00,8.276526489257812500e+02,8.308377075195312500e+02,8.276224975585937500e+02,8.276526489257812500e+02,-1.001192110458597660e+09
6.310000000000000053e-01,-8.620519177955239343e+01,4.266331777395484437e+01,-3.059799476592607093e+01,1.364604473081953984e-04,1.223833709573796114e-04,5.570525150488947475e-05,1.014444828033447266e-01,2.420250892639160156e+00,-2.568749666213989258e+00,-1.104646943100620962e-02,-9.956831347383329756e-03,-3.215937973186038662e-02,-8.621623824898340160e+01,4.265336094260746336e+01,-3.063015414565793293e+01,0.000000000000000000e+00,0.000000000000000000e+00,0.000000000000000000e+00,0.000000000000000000e+00,8.276524658203125000e+02,8.307621459960937500e+02,8.276227416992187500e+02,8.276524658203125000e+02,-1.001202298189654589e+09
6.320000000000000062e-01,-8.620505499237503955e+01,4.266344039591727721e+01,-3.059793997815756583e+01,1.367871773538809066e-04,1.226219624328450664e-04,5.478776850509348151e-05,1.014537513256072998e-01,2.420288562774658203e+00,-2.568782329559326172e+00,-1.118325660835850326e-02,-1.007945330981072606e-02,-3.221416750036646542e-02,-8.621623824898340160e+01,4.265336094260746336e+01,-3.063015414565793293e+01,0.000000000000000000e+00,0.000000000000000000e+00,0.000000000000000000e+00,0.000000000000000000e+00,8.276522216796875000e+02,8.306883544921875000e+02,8.276229248046875000e+02,8.276522216796875000e+02,-1.001212485904238224e+09
6.330000000000000071e-01,-8.620491789263903115e+01,4.266356324812937117e+01,-3.059788608119144726e+01,1.370997360083947569e-04,1.228522120939601336e-04,5.389696611857175412e-05,1.014628410339355469e-01,2.420324325561523438e+00,-2.568813562393188477e+00,-1.132035634436423174e-02,-1.020230552190472609e-02,-3.226806446648705640e-02,-8.621623824898340160e+01,4.265336094260746336e+01,-3.063015414565793293e+01,0.000000000000000000e+00,0.000000000000000000e+00,0.000000000000000000e+00,0.000000000000000000e+00,8.276520385742187500e+02,8.306162719726562500e+02,8.276231079101562500e+02,8.276520385742187500e+02,-1.001222673602368712e+09
6.340000000000000080e-01,-8.620478049701564771e+01,4.266368632224703816e+01,-3.059783306502204780e+01,1.373956233834405793e-04,1.230741176669880588e-04,5.301616939945574813e-05,1.014719009399414062e-01,2.420359849929809570e+00,-2.568845272064208984e+00,-1.145775196774959440e-02,-1.032537963957477940e-02,-3.232108063588619296e-02,-8.621623824898340160e+01,4.265336094260746336e+01,-3.063015414565793293e+01,0.000000000000000000e+00,0.000000000000000000e+00,0.000000000000000000e+00,0.000000000000000000e+00,8.276518554687500000e+02,8.305459594726562500e+02,8.276233520507812500e+02,8.276518554687500000e+02,-1.001232861284068108e+09
6.350000000000000089e-01,-8.620464282217631080e+01,4.266380960825934210e+01,-3.059778091297332026e+01,1.376748393369098267e-04,1.232860123039358768e-04,5.215204872754952703e-05,1.014816462993621826e-01,2.420397996902465820e+00,-2.568878650665283203e+00,-1.159542680708663953e-02,-1.044866565188202340e-02,-3.237323268461198694e-02,-8.621623824898340160e+01,4.265336094260746336e+01,-3.063015414565793293e+01,0.000000000000000000e+00,0.000000000000000000e+00,0.000000000000000000e+00,0.000000000000000000e+00,8.276516723632812500e+02,8.304772338867187500e+02,8.276235351562500000e+02,8.276516723632812500e+02,-1.001243048949359298e+09
6.360000000000000098e-01,-8.620450488562526914e+01,4.266393309698754877e+01,-3.059772962170932686e+01,1.379365510416619145e-04,1.234887282066665648e-04,5.129126399339156706e-05,1.014904379844665527e-01,2.420432806015014648e+00,-2.568908929824829102e+00,-1.173336335813481707e-02,-1.057215438008548419e-02,-3.242452394860594750e-02,-8.621623824898340160e+01,4.265336094260746336e+01,-3.063015414565793293e+01,0.000000000000000000e+00,0.000000000000000000e+00,0.000000000000000000e+00,0.000000000000000000e+00,8.276514892578125000e+02,8.304101562500000000e+02,8.276237182617187500e+02,8.276514892578125000e+02,-1.001253236598267198e+09
6.370000000000000107e-01,-8.620436670320037820e+01,4.266405678008815272e+01,-3.059767917788908775e+01,1.381824248909424568e-04,1.236831006039551539e-04,5.044382023910998214e-05,1.014997661113739014e-01,2.420470237731933594e+00,-2.568942308425903320e+00,-1.187154578302161874e-02,-1.069583748068947578e-02,-3.247496776884548075e-02,-8.621623824898340160e+01,4.265336094260746336e+01,-3.063015414565793293e+01,0.000000000000000000e+00,0.000000000000000000e+00,0.000000000000000000e+00,0.000000000000000000e+00,8.276513061523437500e+02,8.303446655273437500e+02,8.276239013671875000e+02,8.276513061523437500e+02,-1.001263424230817914e+09
6.380000000000000115e-01,-8.620422829407287679e+01,4.266418064754781625e+01,-3.059762958151124579e+01,1.384091275014043276e-04,1.238674596635291891e-04,4.959637784196502253e-05,1.015090048313140869e-01,2.420507192611694336e+00,-2.568973779678344727e+00,-1.200995491051957791e-02,-1.081970494035183923e-02,-3.252456414668861845e-02,-8.621623824898340160e+01,4.265336094260746336e+01,-3.063015414565793293e+01,0.000000000000000000e+00,0.000000000000000000e+00,0.000000000000000000e+00,0.000000000000000000e+00,8.276511230468750000e+02,8.302807617187500000e+02,8.276240844726562500e+02,8.276511230468750000e+02,-1.001273611847040057e+09
6.390000000000000124e-01,-8.620408967574708470e+01,4.266430468935433140e+01,-3.059758082590436246e+01,1.386183257920947653e-04,1.240418065151516203e-04,4.875560688333280268e-05,1.015183031558990479e-01,2.420543432235717773e+00,-2.569006919860839844e+00,-1.214857323631661316e-02,-1.094374674686819822e-02,-3.257331975357048021e-02,-8.621623824898340160e+01,4.265336094260746336e+01,-3.063015414565793293e+01,0.000000000000000000e+00,0.000000000000000000e+00,0.000000000000000000e+00,0.000000000000000000e+00,8.276509399414062500e+02,8.302183227539062500e+02,8.276242675781250000e+02,8.276509399414062500e+02,-1.001283799446963906e+09
6.400000000000000133e-01,-8.620395086656112937e+01,4.266442889799582616e+01,-3.059753291106718009e+01,1.388091859553242102e-04,1.242086414947607409e-04,4.791483718236122513e-05,1.015275120735168457e-01,2.420579910278320312e+00,-2.569038391113281250e+00,-1.228738242226531420e-02,-1.106795538836425306e-02,-3.262123459075344512e-02,-8.621623824898340160e+01,4.265336094260746336e+01,-3.063015414565793293e+01,0.000000000000000000e+00,0.000000000000000000e+00,0.000000000000000000e+00,0.000000000000000000e+00,8.276508178710937500e+02,8.301573486328125000e+02,8.276244506835937500e+02,8.276508178710937500e+02,-1.001293987030622363e+09
6.410000000000000142e-01,-8.620381188318435761e+01,4.266455326262545356e+01,-3.059748584033317442e+01,1.389833767717618684e-04,1.243646296273936969e-04,4.707073400567196586e-05,1.015370786190032959e-01,2.420617818832397461e+00,-2.569072246551513672e+00,-1.242636579904114226e-02,-1.119232001798681209e-02,-3.266830532475880483e-02,-8.621623824898340160e+01,4.265336094260746336e+01,-3.063015414565793293e+01,0.000000000000000000e+00,0.000000000000000000e+00,0.000000000000000000e+00,0.000000000000000000e+00,8.276506347656250000e+02,8.300977783203125000e+02,8.276246337890625000e+02,8.276506347656250000e+02,-1.001304174598050356e+09
6.420000000000000151e-01,-8.620367274478805086e+01,4.266467777489687307e+01,-3.059743961703572879e+01,1.391383963067482910e-04,1.245122714195190383e-04,4.622329744563558052e-05,1.015463769435882568e-01,2.420654535293579102e+00,-2.569104909896850586e+00,-1.256550419535485200e-02,-1.131683228940690358e-02,-3.271452862220412122e-02,-8.621623824898340160e+01,4.265336094260746336e+01,-3.063015414565793293e+01,0.000000000000000000e+00,0.000000000000000000e+00,0.000000000000000000e+00,0.000000000000000000e+00,8.276504516601562500e+02,8.300396728515625000e+02,8.276248168945312500e+02,8.276504516601562500e+02,-1.001314362149285793e+09
6.430000000000000160e-01,-8.620353346804259331e+01,4.266480242563139313e+01,-3.059739423783815226e+01,1.392767454575505326e-04,1.246507345200598138e-04,4.537919757652275621e-05,1.015552878379821777e-01,2.420689105987548828e+00,-2.569135904312133789e+00,-1.270478094081423266e-02,-1.144148302393275390e-02,-3.275990781977958927e-02,-8.621623824898340160e+01,4.265336094260746336e+01,-3.063015414565793293e+01,0.000000000000000000e+00,0.000000000000000000e+00,0.000000000000000000e+00,0.000000000000000000e+00,8.276503295898437500e+02,8.299829101562500000e+02,8.276250000000000000e+02,8.276503295898437500e+02,-1.001324549684368372e+09
6.440000000000000169e-01,-8.620339407128420817e+01,4.266492720564797025e+01,-3.059734971607874243e+01,1.393967583851463132e-04,1.247800165771195680e-04,4.452175940983238434e-05,1.015643775463104248e-01,2.420725584030151367e+00,-2.569167852401733398e+00,-1.284417769918923258e-02,-1.156626304050905295e-02,-3.280442957919103841e-02,-8.621623824898340160e+01,4.265336094260746336e+01,-3.063015414565793293e+01,0.000000000000000000e+00,0.000000000000000000e+00,0.000000000000000000e+00,0.000000000000000000e+00,8.276501464843750000e+02,8.299274902343750000e+02,8.276251220703125000e+02,8.276501464843750000e+02,-1.001334737203340888e+09
6.450000000000000178e-01,-8.620325457034938665e+01,4.266505210660143632e+01,-3.059730605175580109e+01,1.395009348215126010e-04,1.249009534660672216e-04,4.366432294133915093e-05,1.015735566616058350e-01,2.420762062072753906e+00,-2.569198608398437500e+00,-1.298367863401832766e-02,-1.169116399397360923e-02,-3.284809390213327268e-02,-8.621623824898340160e+01,4.265336094260746336e+01,-3.063015414565793293e+01,0.000000000000000000e+00,0.000000000000000000e+00,0.000000000000000000e+00,0.000000000000000000e+00,8.276500244140625000e+02,8.298734130859375000e+02,8.276253051757812500e+02,8.276500244140625000e+02,-1.001344924706248283e+09
6.460000000000000187e-01,-8.620311498274080009e+01,4.266517711931120971e+01,-3.059726325487241638e+01,1.395876085865666028e-04,1.250127097733866322e-04,4.279688338471032694e-05,1.015827953815460205e-01,2.420798301696777344e+00,-2.569231033325195312e+00,-1.312326624260220370e-02,-1.181617670374709994e-02,-3.289089078551606093e-02,-8.621623824898340160e+01,4.265336094260746336e+01,-3.063015414565793293e+01,0.000000000000000000e+00,0.000000000000000000e+00,0.000000000000000000e+00,0.000000000000000000e+00,8.276498413085937500e+02,8.298205566406250000e+02,8.276254272460937500e+02,8.276499023437500000e+02,-1.001355112193138361e+09
6.470000000000000195e-01,-8.620297532429498233e+01,4.266530223709917635e+01,-3.059722132876191836e+01,1.396584458177585475e-04,1.251177879666443005e-04,4.192611049802508205e-05,1.015916764736175537e-01,2.420834064483642578e+00,-2.569262266159057617e+00,-1.326292468841700281e-02,-1.194129449171240330e-02,-3.293281689601409296e-02,-8.621623824898340160e+01,4.265336094260746336e+01,-3.063015414565793293e+01,0.000000000000000000e+00,0.000000000000000000e+00,0.000000000000000000e+00,0.000000000000000000e+00,8.276497192382812500e+02,8.297689819335937500e+02,8.276256103515625000e+02,8.276497192382812500e+02,-1.001365299664061069e+09
6.480000000000000204e-01,-8.620283560917948762e+01,4.266542745078558596e+01,-3.059718028342751950e+01,1.397151154947096074e-04,1.252136864096087265e-04,4.104533439885926782e-05,1.016012728214263916e-01,2.420871734619140625e+00,-2.569296360015869141e+00,-1.340263980391643781e-02,-1.206650817811909943e-02,-3.297386223041257058e-02,-8.621623824898340160e+01,4.265336094260746336e+01,-3.063015414565793293e+01,0.000000000000000000e+00,0.000000000000000000e+00,0.000000000000000000e+00,0.000000000000000000e+00,8.276495971679687500e+02,8.297185668945312500e+02,8.276257324218750000e+02,8.276495971679687500e+02,-1.001375487119068980e+09
6.490000000000000213e-01,-8.620269585239663002e+01,4.266555275369205447e+01,-3.059714012553748219e+01,1.397567828576029569e-04,1.253029064685051708e-04,4.015789003730674267e-05,1.016100049018859863e-01,2.420905828475952148e+00,-2.569326639175415039e+00,-1.354239658677698459e-02,-1.219181108458870268e-02,-3.301402012045002304e-02,-8.621623824898340160e+01,4.265336094260746336e+01,-3.063015414565793293e+01,0.000000000000000000e+00,0.000000000000000000e+00,0.000000000000000000e+00,0.000000000000000000e+00,8.276494750976562500e+02,8.296693725585937500e+02,8.276258544921875000e+02,8.276494750976562500e+02,-1.001385674558216929e+09
6.500000000000000222e-01,-8.620255606644715840e+01,4.266567813830710776e+01,-3.059710086176013988e+01,1.397859494716158224e-04,1.253846150532922366e-04,3.926377734231323302e-05,1.016193628311157227e-01,2.420943021774291992e+00,-2.569358587265014648e+00,-1.368218253624820316e-02,-1.231719569964517293e-02,-3.305328389779353671e-02,-8.621623824898340160e+01,4.265336094260746336e+01,-3.063015414565793293e+01,0.000000000000000000e+00,0.000000000000000000e+00,0.000000000000000000e+00,0.000000000000000000e+00,8.276493530273437500e+02,8.296213378906250000e+02,8.276259765625000000e+02,8.276493530273437500e+02,-1.001395861981561422e+09
6.510000000000000231e-01,-8.620241626549955072e+01,4.266580359795250388e+01,-3.059706249876365192e+01,1.398009476076822466e-04,1.254596453961198677e-04,3.836299648796170914e-05,1.016282737255096436e-01,2.420978546142578125e+00,-2.569390535354614258e+00,-1.382198348385561999e-02,-1.244265534504292690e-02,-3.309164689428185230e-02,-8.621623824898340160e+01,4.265336094260746336e+01,-3.063015414565793293e+01,0.000000000000000000e+00,0.000000000000000000e+00,0.000000000000000000e+00,0.000000000000000000e+00,8.276492309570312500e+02,8.295744628906250000e+02,8.276260986328125000e+02,8.276492309570312500e+02,-1.001406049389161587e+09
6.520000000000000240e-01,-8.620227646038779312e+01,4.266592912678508043e+01,-3.059702503988149758e+01,1.398051117575960234e-04,1.255288325765491209e-04,3.745888215433978985e-05,1.016372740268707275e-01,2.421013832092285156e+00,-2.569421529769897461e+00,-1.396178859561303907e-02,-1.256818417761785406e-02,-3.312910577643475574e-02,-8.621623824898340160e+01,4.265336094260746336e+01,-3.063015414565793293e+01,0.000000000000000000e+00,0.000000000000000000e+00,0.000000000000000000e+00,0.000000000000000000e+00,8.276491088867187500e+02,8.295286254882812500e+02,8.276262817382812500e+02,8.276491088867187500e+02,-1.001416236781078100e+09
6.530000000000000249e-01,-8.620213666111133932e+01,4.266605471896105684e+01,-3.059698849511728369e+01,1.397992764538003030e-04,1.255921759764078161e-04,3.654476421388608287e-05,1.016462445259094238e-01,2.421049356460571289e+00,-2.569452524185180664e+00,-1.410158787206178613e-02,-1.269377635359529403e-02,-3.316565054064807977e-02,-8.621623824898340160e+01,4.265336094260746336e+01,-3.063015414565793293e+01,0.000000000000000000e+00,0.000000000000000000e+00,0.000000000000000000e+00,0.000000000000000000e+00,8.276489868164062500e+02,8.294838867187500000e+02,8.276263427734375000e+02,8.276489868164062500e+02,-1.001426424157373309e+09
6.540000000000000258e-01,-8.620199687933788368e+01,4.266618036863695096e+01,-3.059695286780424794e+01,1.397817734556383584e-04,1.256496758941239023e-04,3.562731303574651065e-05,1.016553044319152832e-01,2.421086072921752930e+00,-2.569483280181884766e+00,-1.424136964552492370e-02,-1.281942602948509848e-02,-3.320127785368391649e-02,-8.621623824898340160e+01,4.265336094260746336e+01,-3.063015414565793293e+01,0.000000000000000000e+00,0.000000000000000000e+00,0.000000000000000000e+00,0.000000000000000000e+00,8.276488647460937500e+02,8.294402465820312500e+02,8.276264648437500000e+02,8.276488647460937500e+02,-1.001436611518111348e+09
6.550000000000000266e-01,-8.620185711923180349e+01,4.266630607080558946e+01,-3.059691815794144887e+01,1.397601060801889616e-04,1.257021686384973691e-04,3.470986279907606331e-05,1.016646027565002441e-01,2.421123027801513672e+00,-2.569516420364379883e+00,-1.438112975160169005e-02,-1.294512819812541904e-02,-3.323598771648582362e-02,-8.621623824898340160e+01,4.265336094260746336e+01,-3.063015414565793293e+01,0.000000000000000000e+00,0.000000000000000000e+00,0.000000000000000000e+00,0.000000000000000000e+00,8.276487426757812500e+02,8.293975830078125000e+02,8.276265869140625000e+02,8.276488037109375000e+02,-1.001446798863356709e+09
6.560000000000000275e-01,-8.620171739246147524e+01,4.266643182212473562e+01,-3.059688436886230178e+01,1.397267703282523144e-04,1.257513191461612223e-04,3.378907914708406679e-05,1.016735434532165527e-01,2.421157836914062500e+00,-2.569547891616821289e+00,-1.452085652192624740e-02,-1.307087951727546431e-02,-3.326977679563079826e-02,-8.621623824898340160e+01,4.265336094260746336e+01,-3.063015414565793293e+01,0.000000000000000000e+00,0.000000000000000000e+00,0.000000000000000000e+00,0.000000000000000000e+00,8.276486816406250000e+02,8.293559570312500000e+02,8.276267089843750000e+02,8.276486816406250000e+02,-1.001456986193175554e+09
6.570000000000000284e-01,-8.620157770069022263e+01,4.266655761842169881e+01,-3.059685150056616010e+01,1.396917712526146715e-04,1.257962969631876149e-04,3.286829614168595981e-05,1.016822159290313721e-01,2.421192646026611328e+00,-2.569578170776367188e+00,-1.466054829317191797e-02,-1.319667581423714445e-02,-3.330264509177191523e-02,-8.621623824898340160e+01,4.265336094260746336e+01,-3.063015414565793293e+01,0.000000000000000000e+00,0.000000000000000000e+00,0.000000000000000000e+00,0.000000000000000000e+00,8.276485595703125000e+02,8.293153076171875000e+02,8.276268310546875000e+02,8.276485595703125000e+02,-1.001467173507634401e+09
6.580000000000000293e-01,-8.620143805225197298e+01,4.266668345718936450e+01,-3.059681955305178391e+01,1.396484382496510079e-04,1.258387676656980148e-04,3.194751437618492673e-05,1.016909182071685791e-01,2.421226978302001953e+00,-2.569608926773071289e+00,-1.480019673142740112e-02,-1.332251458189827840e-02,-3.333459260614991121e-02,-8.621623824898340160e+01,4.265336094260746336e+01,-3.063015414565793293e+01,0.000000000000000000e+00,0.000000000000000000e+00,0.000000000000000000e+00,0.000000000000000000e+00,8.276484375000000000e+02,8.292756347656250000e+02,8.276269531250000000e+02,8.276484985351562500e+02,-1.001477360806800723e+09
6.590000000000000302e-01,-8.620129844714303147e+01,4.266680933342261284e+01,-3.059678851964842394e+01,1.396051089415095703e-04,1.258762332483343016e-04,3.103340335997017974e-05,1.016999185085296631e-01,2.421262741088867188e+00,-2.569639682769775391e+00,-1.493980184036515502e-02,-1.344839081514706894e-02,-3.336562600950968710e-02,-8.621623824898340160e+01,4.265336094260746336e+01,-3.063015414565793293e+01,0.000000000000000000e+00,0.000000000000000000e+00,0.000000000000000000e+00,0.000000000000000000e+00,8.276483764648437500e+02,8.292368774414062500e+02,8.276270141601562500e+02,8.276483764648437500e+02,-1.001487548090741038e+09
6.600000000000000311e-01,-8.620115889036340207e+01,4.266693524711705265e+01,-3.059675839702043021e+01,1.395567796294017171e-04,1.259136944398164815e-04,3.012262799373388589e-05,1.017087399959564209e-01,2.421297788619995117e+00,-2.569670915603637695e+00,-1.507935861999288966e-02,-1.357430450958912148e-02,-3.339574863750137401e-02,-8.621623824898340160e+01,4.265336094260746336e+01,-3.063015414565793293e+01,0.000000000000000000e+00,0.000000000000000000e+00,0.000000000000000000e+00,0.000000000000000000e+00,8.276482543945312500e+02,8.291990356445312500e+02,8.276271362304687500e+02,8.276482543945312500e+02,-1.001497735359522939e+09
6.610000000000000320e-01,-8.620101938024249932e+01,4.266706119660272378e+01,-3.059672918183271051e+01,1.395101209027416189e-04,1.259494856711285138e-04,2.921518771969999761e-05,1.017177700996398926e-01,2.421334266662597656e+00,-2.569702863693237305e+00,-1.521886874089839296e-02,-1.370025399526234901e-02,-3.342496382522134463e-02,-8.621623824898340160e+01,4.265336094260746336e+01,-3.063015414565793293e+01,0.000000000000000000e+00,0.000000000000000000e+00,0.000000000000000000e+00,0.000000000000000000e+00,8.276481933593750000e+02,8.291620483398437500e+02,8.276272583007812500e+02,8.276481933593750000e+02,-1.001507922613212824e+09
6.620000000000000329e-01,-8.620087991844616226e+01,4.266718717937673944e+01,-3.059670085740943790e+01,1.394617963370592406e-04,1.259827740156538312e-04,2.832442327260764614e-05,1.017263829708099365e-01,2.421367406845092773e+00,-2.569732427597045898e+00,-1.535833053723920788e-02,-1.382623676927630454e-02,-3.345328824849581884e-02,-8.621623824898340160e+01,4.265336094260746336e+01,-3.063015414565793293e+01,0.000000000000000000e+00,0.000000000000000000e+00,0.000000000000000000e+00,0.000000000000000000e+00,8.276480712890625000e+02,8.291259765625000000e+02,8.276273193359375000e+02,8.276480712890625000e+02,-1.001518109851876736e+09
6.630000000000000338e-01,-8.620074050163682955e+01,4.266731319543723089e+01,-3.059667342041592519e+01,1.394168093327152746e-04,1.260160604914517535e-04,2.743699351270834086e-05,1.017353236675262451e-01,2.421403884887695312e+00,-2.569764137268066406e+00,-1.549774734657666242e-02,-1.395225282976928806e-02,-3.348072524200865208e-02,-8.621623824898340160e+01,4.265336094260746336e+01,-3.063015414565793293e+01,0.000000000000000000e+00,0.000000000000000000e+00,0.000000000000000000e+00,0.000000000000000000e+00,8.276480102539062500e+02,8.290907592773437500e+02,8.276274414062500000e+02,8.276480102539062500e+02,-1.001528297075579524e+09
6.640000000000000346e-01,-8.620060112814586262e+01,4.266743924394993570e+01,-3.059664685417697072e+01,1.393734909669319677e-04,1.260485127048127652e-04,2.656623895447296491e-05,1.017443537712097168e-01,2.421438694000244141e+00,-2.569795131683349609e+00,-1.563712083753767204e-02,-1.407830134247113618e-02,-3.350729148096273646e-02,-8.621623824898340160e+01,4.265336094260746336e+01,-3.063015414565793293e+01,0.000000000000000000e+00,0.000000000000000000e+00,0.000000000000000000e+00,0.000000000000000000e+00,8.276478881835937500e+02,8.290563964843750000e+02,8.276275634765625000e+02,8.276478881835937500e+02,-1.001538484284384727e+09
6.650000000000000355e-01,-8.620046179463841440e+01,4.266756532824996384e+01,-3.059662114201815442e+01,1.393335074482138225e-04,1.260843000281397508e-04,2.571215881630450895e-05,1.017526984214782715e-01,2.421472787857055664e+00,-2.569824218750000000e+00,-1.577645434498505320e-02,-1.420438564250091004e-02,-3.353300363977764625e-02,-8.621623824898340160e+01,4.265336094260746336e+01,-3.063015414565793293e+01,0.000000000000000000e+00,0.000000000000000000e+00,0.000000000000000000e+00,0.000000000000000000e+00,8.276478271484375000e+02,8.290228271484375000e+02,8.276276245117187500e+02,8.276478271484375000e+02,-1.001548671478354692e+09
6.660000000000000364e-01,-8.620032249444251704e+01,4.266769144583669515e+01,-3.059659627059975051e+01,1.393001958973627552e-04,1.261175867313113486e-04,2.487141840390449943e-05,1.017615795135498047e-01,2.421507358551025391e+00,-2.569855690002441406e+00,-1.591575454088598601e-02,-1.433050322923391448e-02,-3.355787505818149524e-02,-8.621623824898340160e+01,4.265336094260746336e+01,-3.063015414565793293e+01,0.000000000000000000e+00,0.000000000000000000e+00,0.000000000000000000e+00,0.000000000000000000e+00,8.276477050781250000e+02,8.289899902343750000e+02,8.276277465820312500e+02,8.276477050781250000e+02,-1.001558858657549500e+09
6.670000000000000373e-01,-8.620018322255626231e+01,4.266781759837930821e+01,-3.059657221657726112e+01,1.392718862547326353e-04,1.261525426130560845e-04,2.405402248939481069e-05,1.017704010009765625e-01,2.421542406082153320e+00,-2.569886207580566406e+00,-1.605502642714266848e-02,-1.445665577184768354e-02,-3.358192908067333254e-02,-8.621623824898340160e+01,4.265336094260746336e+01,-3.063015414565793293e+01,0.000000000000000000e+00,0.000000000000000000e+00,0.000000000000000000e+00,0.000000000000000000e+00,8.276475830078125000e+02,8.289580078125000000e+02,8.276278686523437500e+02,8.276475830078125000e+02,-1.001569045822027087e+09
6.680000000000000382e-01,-8.620004397230995608e+01,4.266794378921417774e+01,-3.059654896327676710e+01,1.392502463062328388e-04,1.261908348695328641e-04,2.325330049401941324e-05,1.017793715000152588e-01,2.421578407287597656e+00,-2.569917917251586914e+00,-1.619427667344096322e-02,-1.458284660671155079e-02,-3.360518238116699807e-02,-8.621623824898340160e+01,4.265336094260746336e+01,-3.063015414565793293e+01,0.000000000000000000e+00,0.000000000000000000e+00,0.000000000000000000e+00,0.000000000000000000e+00,8.276475219726562500e+02,8.289267578125000000e+02,8.276279296875000000e+02,8.276475219726562500e+02,-1.001579232971843600e+09
6.690000000000000391e-01,-8.619990473536728359e+01,4.266807002001213789e+01,-3.059652648401921837e+01,1.392369426724826553e-04,1.262307979601473562e-04,2.247925754872426296e-05,1.017878651618957520e-01,2.421612739562988281e+00,-2.569947719573974609e+00,-1.633351361612428443e-02,-1.470907740467162529e-02,-3.362766163871577091e-02,-8.621623824898340160e+01,4.265336094260746336e+01,-3.063015414565793293e+01,0.000000000000000000e+00,0.000000000000000000e+00,0.000000000000000000e+00,0.000000000000000000e+00,8.276473999023437500e+02,8.288962402343750000e+02,8.276280517578125000e+02,8.276473999023437500e+02,-1.001589420107052088e+09
6.700000000000000400e-01,-8.619976550339198695e+01,4.266819629244417200e+01,-3.059650475212560394e+01,1.392319752966386659e-04,1.262724320341135353e-04,2.173189361442950940e-05,1.017966568470001221e-01,2.421646833419799805e+00,-2.569978475570678711e+00,-1.647274559141889347e-02,-1.483534983671095341e-02,-3.364939353232823671e-02,-8.621623824898340160e+01,4.265336094260746336e+01,-3.063015414565793293e+01,0.000000000000000000e+00,0.000000000000000000e+00,0.000000000000000000e+00,0.000000000000000000e+00,8.276473388671875000e+02,8.288664550781250000e+02,8.276281738281250000e+02,8.276473388671875000e+02,-1.001599607227702856e+09
6.710000000000000409e-01,-8.619962626638000813e+01,4.266832260818141975e+01,-3.059648374425223594e+01,1.392370119788211014e-04,1.263157372477508034e-04,2.100787336800635785e-05,1.018052697181701660e-01,2.421681404113769531e+00,-2.570008993148803711e+00,-1.661198260339587576e-02,-1.496166557395533191e-02,-3.367040140569677736e-02,-8.621623824898340160e+01,4.265336094260746336e+01,-3.063015414565793293e+01,0.000000000000000000e+00,0.000000000000000000e+00,0.000000000000000000e+00,0.000000000000000000e+00,8.276472167968750000e+02,8.288374023437500000e+02,8.276282348632812500e+02,8.276472167968750000e+02,-1.001609794333842993e+09
6.720000000000000417e-01,-8.619948701432971916e+01,4.266844897389866986e+01,-3.059646343038609473e+01,1.392520502889738054e-04,1.263657172501098103e-04,2.031386614120833656e-05,1.018138229846954346e-01,2.421715021133422852e+00,-2.570038795471191406e+00,-1.675123465367544390e-02,-1.508803129120648949e-02,-3.369071527183852693e-02,-8.621623824898340160e+01,4.265336094260746336e+01,-3.063015414565793293e+01,0.000000000000000000e+00,0.000000000000000000e+00,0.000000000000000000e+00,0.000000000000000000e+00,8.276470947265625000e+02,8.288089599609375000e+02,8.276283569335937500e+02,8.276470947265625000e+02,-1.001619981425516844e+09
6.730000000000000426e-01,-8.619934773723770149e+01,4.266857538960077534e+01,-3.059644378051325475e+01,1.392770920176644722e-04,1.264157021054757024e-04,1.964987283997743361e-05,1.018221974372863770e-01,2.421747922897338867e+00,-2.570068836212158203e+00,-1.689051174570437019e-02,-1.521444699331235204e-02,-3.371036514467654760e-02,-8.621623824898340160e+01,4.265336094260746336e+01,-3.063015414565793293e+01,0.000000000000000000e+00,0.000000000000000000e+00,0.000000000000000000e+00,0.000000000000000000e+00,8.276469726562500000e+02,8.287812500000000000e+02,8.276284790039062500e+02,8.276469726562500000e+02,-1.001630168502764940e+09
6.740000000000000435e-01,-8.619920842343454126e+01,4.266870186029580481e+01,-3.059642476462081007e+01,1.393138031602347837e-04,1.264706950294680610e-04,1.901589244468482320e-05,1.018309593200683594e-01,2.421783924102783203e+00,-2.570099353790283203e+00,-1.702982554885336050e-02,-1.534091768834362768e-02,-3.372938103712377900e-02,-8.621623824898340160e+01,4.265336094260746336e+01,-3.063015414565793293e+01,0.000000000000000000e+00,0.000000000000000000e+00,0.000000000000000000e+00,0.000000000000000000e+00,8.276469116210937500e+02,8.287542114257812500e+02,8.276286010742187500e+02,8.276469116210937500e+02,-1.001640355565624595e+09
6.750000000000000444e-01,-8.619906905958343657e+01,4.266882838765842223e+01,-3.059640634602553533e+01,1.393638511046901840e-04,1.265273626174234778e-04,1.841859527473843627e-05,1.018397510051727295e-01,2.421818971633911133e+00,-2.570130109786987305e+00,-1.716918939996786228e-02,-1.546744505096123504e-02,-3.374779963239923214e-02,-8.621623824898340160e+01,4.265336094260746336e+01,-3.063015414565793293e+01,0.000000000000000000e+00,0.000000000000000000e+00,0.000000000000000000e+00,0.000000000000000000e+00,8.276467895507812500e+02,8.287277832031250000e+02,8.276287231445312500e+02,8.276467895507812500e+02,-1.001650542614128590e+09
6.760000000000000453e-01,-8.619892963735081537e+01,4.266895497836357265e+01,-3.059638849471446065e+01,1.394222326212002372e-04,1.265907051504200354e-04,1.785131107467918810e-05,1.018483936786651611e-01,2.421853303909301758e+00,-2.570160150527954102e+00,-1.730861163258570756e-02,-1.559403575610970524e-02,-3.376565094347278723e-02,-8.621623824898340160e+01,4.265336094260746336e+01,-3.063015414565793293e+01,0.000000000000000000e+00,0.000000000000000000e+00,0.000000000000000000e+00,0.000000000000000000e+00,8.276466674804687500e+02,8.287020263671875000e+02,8.276288452148437500e+02,8.276466674804687500e+02,-1.001660729648307085e+09
6.770000000000000462e-01,-8.619879014340109791e+01,4.266908163575428858e+01,-3.059637117066970546e+01,1.394939497174618737e-04,1.266573907159340706e-04,1.732404475518478648e-05,1.018570661544799805e-01,2.421888113021850586e+00,-2.570190668106079102e+00,-1.744810558230086572e-02,-1.572069314682872712e-02,-3.378297498822775691e-02,-8.621623824898340160e+01,4.265336094260746336e+01,-3.063015414565793293e+01,0.000000000000000000e+00,0.000000000000000000e+00,0.000000000000000000e+00,0.000000000000000000e+00,8.276465454101562500e+02,8.286768188476562500e+02,8.276289672851562500e+02,8.276465454101562500e+02,-1.001670916668185711e+09
6.780000000000000471e-01,-8.619865056606452924e+01,4.266920836150426766e+01,-3.059635434387813646e+01,1.395773365686636680e-04,1.267257499790730435e-04,1.682679156900235284e-05,1.018655598163604736e-01,2.421921253204345703e+00,-2.570219993591308594e+00,-1.758768291887860200e-02,-1.584741889680460827e-02,-3.379980177979693967e-02,-8.621623824898340160e+01,4.265336094260746336e+01,-3.063015414565793293e+01,0.000000000000000000e+00,0.000000000000000000e+00,0.000000000000000000e+00,0.000000000000000000e+00,8.276464233398437500e+02,8.286522827148437500e+02,8.276290893554687500e+02,8.276464233398437500e+02,-1.001681103673786402e+09
6.790000000000000480e-01,-8.619851089367385555e+01,4.266933516229094892e+01,-3.059633797765734542e+01,1.396723906736951903e-04,1.268007866812581597e-04,1.636622079104199656e-05,1.018740236759185791e-01,2.421954631805419922e+00,-2.570249795913696289e+00,-1.772735530954689526e-02,-1.597421968348671298e-02,-3.381616800058757921e-02,-8.621623824898340160e+01,4.265336094260746336e+01,-3.063015414565793293e+01,0.000000000000000000e+00,0.000000000000000000e+00,0.000000000000000000e+00,0.000000000000000000e+00,8.276463012695312500e+02,8.286282958984375000e+02,8.276292114257812500e+02,8.276463012695312500e+02,-1.001691290665127635e+09
6.800000000000000488e-01,-8.619837111289349707e+01,4.266946203979040320e+01,-3.059632203198941269e+01,1.397807803584782960e-04,1.268774994542809509e-04,1.594566793272633731e-05,1.018821597099304199e-01,2.421987771987915039e+00,-2.570278882980346680e+00,-1.786713608990437088e-02,-1.610109718294039025e-02,-3.383211366852151292e-02,-8.621623824898340160e+01,4.265336094260746336e+01,-3.063015414565793293e+01,0.000000000000000000e+00,0.000000000000000000e+00,0.000000000000000000e+00,0.000000000000000000e+00,8.276461791992187500e+02,8.286048583984375000e+02,8.276293334960937500e+02,8.276461791992187500e+02,-1.001701477642222762e+09
6.810000000000000497e-01,-8.619823121372311903e+01,4.266958899901191415e+01,-3.059630647352663857e+01,1.398991703780438911e-04,1.269592215109582867e-04,1.555846277412342715e-05,1.018909215927124023e-01,2.422022342681884766e+00,-2.570309162139892578e+00,-1.800703526027939635e-02,-1.622805640445107445e-02,-3.384767213129392938e-02,-8.621623824898340160e+01,4.265336094260746336e+01,-3.063015414565793293e+01,0.000000000000000000e+00,0.000000000000000000e+00,0.000000000000000000e+00,0.000000000000000000e+00,8.276459960937500000e+02,8.285819702148437500e+02,8.276295166015625000e+02,8.276459960937500000e+02,-1.001711664605082273e+09
6.820000000000000506e-01,-8.619809118282844906e+01,4.266971604496697523e+01,-3.059629126225177131e+01,1.400308946699624357e-04,1.270459550610780752e-04,1.521127486725504241e-05,1.018995344638824463e-01,2.422056674957275391e+00,-2.570339679718017578e+00,-1.814706615495333131e-02,-1.635510235951237110e-02,-3.386288340616270404e-02,-8.621623824898340160e+01,4.265336094260746336e+01,-3.063015414565793293e+01,0.000000000000000000e+00,0.000000000000000000e+00,0.000000000000000000e+00,0.000000000000000000e+00,8.276458740234375000e+02,8.285596923828125000e+02,8.276296386718750000e+02,8.276458740234375000e+02,-1.001721851553712249e+09
6.830000000000000515e-01,-8.619795101354304734e+01,4.266984317766166157e+01,-3.059627636481598145e+01,1.401692854017255740e-04,1.271326946863382545e-04,1.489743578986235661e-05,1.019080877304077148e-01,2.422091007232666016e+00,-2.570369720458984375e+00,-1.828723544036003901e-02,-1.648223505420156124e-02,-3.387778084195083861e-02,-8.621623824898340160e+01,4.265336094260746336e+01,-3.063015414565793293e+01,0.000000000000000000e+00,0.000000000000000000e+00,0.000000000000000000e+00,0.000000000000000000e+00,8.276457519531250000e+02,8.285379028320312500e+02,8.276297607421875000e+02,8.276457519531250000e+02,-1.001732038488115311e+09
6.840000000000000524e-01,-8.619781069086495506e+01,4.266997040377479777e+01,-3.059626174787276298e+01,1.403226780922750550e-04,1.272261131362029118e-04,1.461694321847062383e-05,1.019167900085449219e-01,2.422125339508056641e+00,-2.570400714874267578e+00,-1.842755811844819236e-02,-1.660946116733302835e-02,-3.389239778517133539e-02,-8.621623824898340160e+01,4.265336094260746336e+01,-3.063015414565793293e+01,0.000000000000000000e+00,0.000000000000000000e+00,0.000000000000000000e+00,0.000000000000000000e+00,8.276456298828125000e+02,8.285166625976562500e+02,8.276298828125000000e+02,8.276456298828125000e+02,-1.001742225408290386e+09
6.850000000000000533e-01,-8.619767020979703886e+01,4.267009772331390849e+01,-3.059624736806799206e+01,1.404810679161982989e-04,1.273195391107151409e-04,1.437980477092537512e-05,1.019253134727478027e-01,2.422159433364868164e+00,-2.570430278778076172e+00,-1.856803918636855746e-02,-1.673678070644443044e-02,-3.390677758993959623e-02,-8.621623824898340160e+01,4.265336094260746336e+01,-3.063015414565793293e+01,0.000000000000000000e+00,0.000000000000000000e+00,0.000000000000000000e+00,0.000000000000000000e+00,8.276454467773437500e+02,8.284959106445312500e+02,8.276300659179687500e+02,8.276454467773437500e+02,-1.001752412314232707e+09
6.860000000000000542e-01,-8.619752955867123489e+01,4.267022514128858290e+01,-3.059623319872465075e+01,1.406511258039699896e-04,1.274179746744152908e-04,1.416934334130814932e-05,1.019335687160491943e-01,2.422192573547363281e+00,-2.570458889007568359e+00,-1.870869031216019704e-02,-1.686419868111786041e-02,-3.392094693328159133e-02,-8.621623824898340160e+01,4.265336094260746336e+01,-3.063015414565793293e+01,0.000000000000000000e+00,0.000000000000000000e+00,0.000000000000000000e+00,0.000000000000000000e+00,8.276453247070312500e+02,8.284756469726562500e+02,8.276301879882812500e+02,8.276453247070312500e+02,-1.001762599205934286e+09
6.870000000000000551e-01,-8.619738873082273756e+01,4.267035265937364841e+01,-3.059621920315933608e+01,1.408278484973379818e-04,1.275180850655033282e-04,1.399556531467283094e-05,1.019421219825744629e-01,2.422226667404174805e+00,-2.570489645004272461e+00,-1.884951816066643415e-02,-1.699171676618171922e-02,-3.393494249859731193e-02,-8.621623824898340160e+01,4.265336094260746336e+01,-3.063015414565793293e+01,0.000000000000000000e+00,0.000000000000000000e+00,0.000000000000000000e+00,0.000000000000000000e+00,8.276452026367187500e+02,8.284558715820312500e+02,8.276303710937500000e+02,8.276452026367187500e+02,-1.001772786083383918e+09
6.879999999999999449e-01,-8.619724771791879903e+01,4.267048028091102196e+01,-3.059620535135931618e+01,1.410129039385310534e-04,1.276215373735567482e-04,1.385180001989283483e-05,1.019509434700012207e-01,2.422261953353881836e+00,-2.570521116256713867e+00,-1.899053106459655180e-02,-1.711933830356139954e-02,-3.394879429861522024e-02,-8.621623824898340160e+01,4.265336094260746336e+01,-3.063015414565793293e+01,0.000000000000000000e+00,0.000000000000000000e+00,0.000000000000000000e+00,0.000000000000000000e+00,8.276450195312500000e+02,8.284365234375000000e+02,8.276304931640625000e+02,8.276450195312500000e+02,-1.001782972946567416e+09
6.889999999999999458e-01,-8.619710651329441475e+01,4.267060800757533201e+01,-3.059619160997634069e+01,1.412046243842723925e-04,1.277266643100460897e-04,1.374138297549620802e-05,1.019592881202697754e-01,2.422294616699218750e+00,-2.570549964904785156e+00,-1.913173568899104518e-02,-1.724706496786872906e-02,-3.396253568159229852e-02,-8.621623824898340160e+01,4.265336094260746336e+01,-3.063015414565793293e+01,0.000000000000000000e+00,0.000000000000000000e+00,0.000000000000000000e+00,0.000000000000000000e+00,8.276448974609375000e+02,8.284177246093750000e+02,8.276306762695312500e+02,8.276448974609375000e+02,-1.001793159795467496e+09
6.899999999999999467e-01,-8.619696511361770774e+01,4.267073583770417855e+01,-3.059617795233122806e+01,1.413996767070102578e-04,1.278301288465399921e-04,1.365764511263023451e-05,1.019682288169860840e-01,2.422330617904663086e+00,-2.570581674575805664e+00,-1.927313536568783098e-02,-1.737489509671764909e-02,-3.397619332670493569e-02,-8.621623824898340160e+01,4.265336094260746336e+01,-3.063015414565793293e+01,0.000000000000000000e+00,0.000000000000000000e+00,0.000000000000000000e+00,0.000000000000000000e+00,8.276447143554687500e+02,8.283992919921875000e+02,8.276307983398437500e+02,8.276447143554687500e+02,-1.001803346630064487e+09
6.909999999999999476e-01,-8.619682351389144515e+01,4.267086377630592153e+01,-3.059616435174619653e+01,1.415997262625978692e-04,1.279386017429828826e-04,1.360058503152572484e-05,1.019766032695770264e-01,2.422363758087158203e+00,-2.570610523223876953e+00,-1.941473509195594527e-02,-1.750283369845568107e-02,-3.398979391173809900e-02,-8.621623824898340160e+01,4.265336094260746336e+01,-3.063015414565793293e+01,0.000000000000000000e+00,0.000000000000000000e+00,0.000000000000000000e+00,0.000000000000000000e+00,8.276445922851562500e+02,8.283813476562500000e+02,8.276309814453125000e+02,8.276445922851562500e+02,-1.001813533450336814e+09
6.919999999999999485e-01,-8.619668170911647564e+01,4.267099182171892124e+01,-3.059615078154236656e+01,1.418047749695006132e-04,1.280454129997110613e-04,1.357020382997120578e-05,1.019853949546813965e-01,2.422399044036865234e+00,-2.570641756057739258e+00,-1.955653986692209093e-02,-1.763087911145743911e-02,-3.400336411556612731e-02,-8.621623824898340160e+01,4.265336094260746336e+01,-3.063015414565793293e+01,0.000000000000000000e+00,0.000000000000000000e+00,0.000000000000000000e+00,0.000000000000000000e+00,8.276444091796875000e+02,8.283638305664062500e+02,8.276311035156250000e+02,8.276444091796875000e+02,-1.001823720256260157e+09
6.929999999999999494e-01,-8.619653970096386786e+01,4.267111997561362102e+01,-3.059613722171053141e+01,1.420081526077865419e-04,1.281538946997784478e-04,1.355983183515263590e-05,1.019938886165618896e-01,2.422433376312255859e+00,-2.570672273635864258e+00,-1.969854801953151505e-02,-1.775903300615774491e-02,-3.401692394740103015e-02,-8.621623824898340160e+01,4.265336094260746336e+01,-3.063015414565793293e+01,0.000000000000000000e+00,0.000000000000000000e+00,0.000000000000000000e+00,0.000000000000000000e+00,8.276442871093750000e+02,8.283466796875000000e+02,8.276312866210937500e+02,8.276442871093750000e+02,-1.001833907047809482e+09
6.939999999999999503e-01,-8.619639748443421468e+01,4.267124823466110684e+01,-3.059612364557154862e+01,1.422165296531829881e-04,1.282590474858125162e-04,1.357613898278486886e-05,1.020019948482513428e-01,2.422465562820434570e+00,-2.570699930191040039e+00,-1.984076454919063426e-02,-1.788729205364597216e-02,-3.403050008638524443e-02,-8.621623824898340160e+01,4.265336094260746336e+01,-3.063015414565793293e+01,0.000000000000000000e+00,0.000000000000000000e+00,0.000000000000000000e+00,0.000000000000000000e+00,8.276441040039062500e+02,8.283300170898437500e+02,8.276314697265625000e+02,8.276441040039062500e+02,-1.001844093824956775e+09
6.949999999999999512e-01,-8.619625506286625694e+01,4.267137660219849238e+01,-3.059611003645129301e+01,1.424215679577400806e-04,1.283675373855430735e-04,1.360912025560878647e-05,1.020114719867706299e-01,2.422503232955932617e+00,-2.570733308792114258e+00,-1.998318611714570633e-02,-1.801565959103049522e-02,-3.404410920664089485e-02,-8.621623824898340160e+01,4.265336094260746336e+01,-3.063015414565793293e+01,0.000000000000000000e+00,0.000000000000000000e+00,0.000000000000000000e+00,0.000000000000000000e+00,8.276439819335937500e+02,8.283136596679687500e+02,8.276315917968750000e+02,8.276439819335937500e+02,-1.001854280587674141e+09
6.959999999999999520e-01,-8.619611243459374350e+01,4.267150507489375855e+01,-3.059609638101031948e+01,1.426282725134342400e-04,1.284726952661685573e-04,1.365544097353676989e-05,1.020194292068481445e-01,2.422536134719848633e+00,-2.570761442184448242e+00,-2.012581438965655931e-02,-1.814413228629584846e-02,-3.405776464761219730e-02,-8.621623824898340160e+01,4.265336094260746336e+01,-3.063015414565793293e+01,0.000000000000000000e+00,0.000000000000000000e+00,0.000000000000000000e+00,0.000000000000000000e+00,8.276437988281250000e+02,8.282977294921875000e+02,8.276317749023437500e+02,8.276437988281250000e+02,-1.001864467335932136e+09
6.969999999999999529e-01,-8.619596960628913962e+01,4.267163365108059736e+01,-3.059608266257309239e+01,1.428283046038814064e-04,1.285761868388135554e-04,1.371843722708376845e-05,1.020281910896301270e-01,2.422570228576660156e+00,-2.570792436599731445e+00,-2.026864269426357362e-02,-1.827270847313167829e-02,-3.407148308483962107e-02,-8.621623824898340160e+01,4.265336094260746336e+01,-3.063015414565793293e+01,0.000000000000000000e+00,0.000000000000000000e+00,0.000000000000000000e+00,0.000000000000000000e+00,8.276436767578125000e+02,8.282822265625000000e+02,8.276318969726562500e+02,8.276436767578125000e+02,-1.001874654069701195e+09
6.979999999999999538e-01,-8.619582657795429270e+01,4.267176233076109071e+01,-3.059606887113550755e+01,1.430283348469174598e-04,1.286796804933487692e-04,1.379143758484246973e-05,1.020369529724121094e-01,2.422604799270629883e+00,-2.570823669433593750e+00,-2.041167102911465095e-02,-1.840138815363060940e-02,-3.408527452242554601e-02,-8.621623824898340160e+01,4.265336094260746336e+01,-3.063015414565793293e+01,0.000000000000000000e+00,0.000000000000000000e+00,0.000000000000000000e+00,0.000000000000000000e+00,8.276434936523437500e+02,8.282670288085937500e+02,8.276320800781250000e+02,8.276434936523437500e+02,-1.001884840788951397e+09
6.989999999999999547e-01,-8.619568335625866951e+01,4.267189110726470602e+01,-3.059605500002624012e+01,1.432216956231968652e-04,1.287765036153132314e-04,1.387110926742707306e-05,1.020452678203582764e-01,2.422638177871704102e+00,-2.570852756500244141e+00,-2.055489272472877174e-02,-1.853016465724601283e-02,-3.409914563169118285e-02,-8.621623824898340160e+01,4.265336094260746336e+01,-3.063015414565793293e+01,0.000000000000000000e+00,0.000000000000000000e+00,0.000000000000000000e+00,0.000000000000000000e+00,8.276433715820312500e+02,8.282521972656250000e+02,8.276322021484375000e+02,8.276433715820312500e+02,-1.001895027493652940e+09
6.999999999999999556e-01,-8.619553994620784465e+01,4.267201998226025950e+01,-3.059604103590558211e+01,1.434100508248548067e-04,1.288749955534740366e-04,1.396412065801655444e-05,1.020544767379760742e-01,2.422675132751464844e+00,-2.570884227752685547e+00,-2.069830277555742559e-02,-1.865903965279692989e-02,-3.411310975235153087e-02,-8.621623824898340160e+01,4.265336094260746336e+01,-3.063015414565793293e+01,0.000000000000000000e+00,0.000000000000000000e+00,0.000000000000000000e+00,0.000000000000000000e+00,8.276431884765625000e+02,8.282377319335937500e+02,8.276323852539062500e+02,8.276431884765625000e+02,-1.001905214183776021e+09
7.009999999999999565e-01,-8.619539635446972170e+01,4.267214894907547063e+01,-3.059602698210727922e+01,1.435917381229501188e-04,1.289668152111289601e-04,1.405379830288211451e-05,1.020627021789550781e-01,2.422708034515380859e+00,-2.570913791656494141e+00,-2.084189451367952570e-02,-1.878800646800406898e-02,-3.412716355065403134e-02,-8.621623824898340160e+01,4.265336094260746336e+01,-3.063015414565793293e+01,0.000000000000000000e+00,0.000000000000000000e+00,0.000000000000000000e+00,0.000000000000000000e+00,8.276430664062500000e+02,8.282236328125000000e+02,8.276325073242187500e+02,8.276430664062500000e+02,-1.001915400859291673e+09
7.019999999999999574e-01,-8.619525259104935344e+01,4.267227800437331098e+01,-3.059601283529497806e+01,1.437634203682591760e-04,1.290552978403525231e-04,1.414681230116343613e-05,1.020717918872833252e-01,2.422744750976562500e+00,-2.570945739746093750e+00,-2.098565793404414889e-02,-1.891706176585039242e-02,-3.414131036295645072e-02,-8.621623824898340160e+01,4.265336094260746336e+01,-3.063015414565793293e+01,0.000000000000000000e+00,0.000000000000000000e+00,0.000000000000000000e+00,0.000000000000000000e+00,8.276429443359375000e+02,8.282098388671875000e+02,8.276326293945312500e+02,8.276429443359375000e+02,-1.001925587520172477e+09
7.029999999999999583e-01,-8.619510866428423412e+01,4.267240714648420408e+01,-3.059599859546789347e+01,1.439267651193176789e-04,1.291421108930990158e-04,1.423982708459448077e-05,1.020801365375518799e-01,2.422777414321899414e+00,-2.570974826812744141e+00,-2.112958469917051649e-02,-1.904620387674008791e-02,-3.415555019003937293e-02,-8.621623824898340160e+01,4.265336094260746336e+01,-3.063015414565793293e+01,0.000000000000000000e+00,0.000000000000000000e+00,0.000000000000000000e+00,0.000000000000000000e+00,8.276428222656250000e+02,8.281963500976562500e+02,8.276327514648437500e+02,8.276427612304687500e+02,-1.001935774166391850e+09
7.039999999999999591e-01,-8.619496458250921478e+01,4.267253636873471834e+01,-3.059598426929438375e+01,1.440817750193446045e-04,1.292222505142603950e-04,1.432617350971554515e-05,1.020888984203338623e-01,2.422812938690185547e+00,-2.571006298065185547e+00,-2.127366647418526061e-02,-1.917542612725543771e-02,-3.416987636354876234e-02,-8.621623824898340160e+01,4.265336094260746336e+01,-3.063015414565793293e+01,0.000000000000000000e+00,0.000000000000000000e+00,0.000000000000000000e+00,0.000000000000000000e+00,8.276426391601562500e+02,8.281832275390625000e+02,8.276329345703125000e+02,8.276426391601562500e+02,-1.001945960797924757e+09
7.049999999999999600e-01,-8.619482035739527248e+01,4.267266566611856149e+01,-3.059596986010742725e+01,1.442251139422978667e-04,1.292973838431521472e-04,1.440918695649884285e-05,1.020974814891815186e-01,2.422846317291259766e+00,-2.571036100387573242e+00,-2.141789158813547228e-02,-1.930472351109686555e-02,-3.418428555050510853e-02,-8.621623824898340160e+01,4.265336094260746336e+01,-3.063015414565793293e+01,0.000000000000000000e+00,0.000000000000000000e+00,0.000000000000000000e+00,0.000000000000000000e+00,8.276425170898437500e+02,8.281703491210937500e+02,8.276330566406250000e+02,8.276425170898437500e+02,-1.001956147414747953e+09
7.059999999999999609e-01,-8.619467600061268797e+01,4.267279503529567819e+01,-3.059595537791034658e+01,1.443567825845093466e-04,1.293691771167004845e-04,1.448219708066744715e-05,1.021063029766082764e-01,2.422882080078125000e+00,-2.571067810058593750e+00,-2.156224837071873263e-02,-1.943409268821396155e-02,-3.419876774758484617e-02,-8.621623824898340160e+01,4.265336094260746336e+01,-3.063015414565793293e+01,0.000000000000000000e+00,0.000000000000000000e+00,0.000000000000000000e+00,0.000000000000000000e+00,8.276423950195312500e+02,8.281578369140625000e+02,8.276331787109375000e+02,8.276423950195312500e+02,-1.001966334016840339e+09
7.069999999999999618e-01,-8.619453152383073302e+01,4.267292446959091023e+01,-3.059594083270576803e+01,1.444767819549497290e-04,1.294342952320448603e-04,1.454520457855323912e-05,1.021150946617126465e-01,2.422916650772094727e+00,-2.571098327636718750e+00,-2.170672515267451502e-02,-1.956352698344721378e-02,-3.421331295216456514e-02,-8.621623824898340160e+01,4.265336094260746336e+01,-3.063015414565793293e+01,0.000000000000000000e+00,0.000000000000000000e+00,0.000000000000000000e+00,0.000000000000000000e+00,8.276422729492187500e+02,8.281455688476562500e+02,8.276333007812500000e+02,8.276422729492187500e+02,-1.001976520604183197e+09
7.079999999999999627e-01,-8.619438694038606741e+01,4.267305396399543582e+01,-3.059592623783131060e+01,1.445834446656135697e-04,1.294944045255874698e-04,1.459487445742979617e-05,1.021238565444946289e-01,2.422952175140380859e+00,-2.571129083633422852e+00,-2.185130859733878245e-02,-1.969302138797348473e-02,-3.422790782662156472e-02,-8.621623824898340160e+01,4.265336094260746336e+01,-3.063015414565793293e+01,0.000000000000000000e+00,0.000000000000000000e+00,0.000000000000000000e+00,0.000000000000000000e+00,8.276421508789062500e+02,8.281336059570312500e+02,8.276334228515625000e+02,8.276421508789062500e+02,-1.001986707176760197e+09
7.089999999999999636e-01,-8.619424226528282418e+01,4.267318351349985761e+01,-3.059591160662422737e+01,1.446751032432302964e-04,1.295495044217886971e-04,1.463120708322662722e-05,1.021325886249542236e-01,2.422987222671508789e+00,-2.571160078048706055e+00,-2.199598370058327562e-02,-1.982257089239743489e-02,-3.424253903370663016e-02,-8.621623824898340160e+01,4.265336094260746336e+01,-3.063015414565793293e+01,0.000000000000000000e+00,0.000000000000000000e+00,0.000000000000000000e+00,0.000000000000000000e+00,8.276420898437500000e+02,8.281219482421875000e+02,8.276335449218750000e+02,8.276420898437500000e+02,-1.001996893734558105e+09
7.099999999999999645e-01,-8.619409750852139496e+01,4.267331311142803685e+01,-3.059589695575727220e+01,1.447567614292211147e-04,1.295979281792369875e-04,1.465086695517925364e-05,1.021413207054138184e-01,2.423021078109741211e+00,-2.571190834045410156e+00,-2.214074046200151594e-02,-1.995216882057332386e-02,-3.425718990066055347e-02,-8.621623824898340160e+01,4.265336094260746336e+01,-3.063015414565793293e+01,0.000000000000000000e+00,0.000000000000000000e+00,0.000000000000000000e+00,0.000000000000000000e+00,8.276419677734375000e+02,8.281105346679687500e+02,8.276336059570312500e+02,8.276419677734375000e+02,-1.002007080277565837e+09
7.109999999999999654e-01,-8.619395268677057231e+01,4.267344274943290827e+01,-3.059588230857174551e+01,1.448217508226434802e-04,1.296380048714240729e-04,1.464718552668387019e-05,1.021499633789062500e-01,2.423056125640869141e+00,-2.571221590042114258e+00,-2.228556221282563046e-02,-2.008180682544678103e-02,-3.427183708618752184e-02,-8.621623824898340160e+01,4.265336094260746336e+01,-3.063015414565793293e+01,0.000000000000000000e+00,0.000000000000000000e+00,0.000000000000000000e+00,0.000000000000000000e+00,8.276418457031250000e+02,8.280993652343750000e+02,8.276337280273437500e+02,8.276418457031250000e+02,-1.002017266805776000e+09
7.119999999999999662e-01,-8.619380781503524247e+01,4.267357242583986476e+01,-3.059586767840525923e+01,1.448717353298434318e-04,1.296764069564915189e-04,1.463016648628467919e-05,1.021588146686553955e-01,2.423091650009155273e+00,-2.571252822875976562e+00,-2.243043394816508426e-02,-2.021148323240140599e-02,-3.428646725267214812e-02,-8.621623824898340160e+01,4.265336094260746336e+01,-3.063015414565793293e+01,0.000000000000000000e+00,0.000000000000000000e+00,0.000000000000000000e+00,0.000000000000000000e+00,8.276417846679687500e+02,8.280885009765625000e+02,8.276337890625000000e+02,8.276417846679687500e+02,-1.002027453319184184e+09
7.129999999999999671e-01,-8.619366290498147976e+01,4.267370213063625783e+01,-3.059585308526441594e+01,1.449100537627145968e-04,1.297047963930708647e-04,1.459314084328866556e-05,1.021674871444702148e-01,2.423126220703125000e+00,-2.571282625198364258e+00,-2.257534400192252183e-02,-2.034118802879630178e-02,-3.430106039351684538e-02,-8.621623824898340160e+01,4.265336094260746336e+01,-3.063015414565793293e+01,0.000000000000000000e+00,0.000000000000000000e+00,0.000000000000000000e+00,0.000000000000000000e+00,8.276416625976562500e+02,8.280778808593750000e+02,8.276339111328125000e+02,8.276416625976562500e+02,-1.002037639817788720e+09
7.139999999999999680e-01,-8.619351797327809095e+01,4.267383186047597121e+01,-3.059583855916129380e+01,1.449317033888064543e-04,1.297298397133772596e-04,1.452610312213664656e-05,1.021764278411865234e-01,2.423161506652832031e+00,-2.571314811706542969e+00,-2.272027570530582227e-02,-2.047091786850737186e-02,-3.431558649663747629e-02,-8.621623824898340160e+01,4.265336094260746336e+01,-3.063015414565793293e+01,0.000000000000000000e+00,0.000000000000000000e+00,0.000000000000000000e+00,0.000000000000000000e+00,8.276416015625000000e+02,8.280675048828125000e+02,8.276339721679687500e+02,8.276416015625000000e+02,-1.002047826301592112e+09
7.149999999999999689e-01,-8.619337303325958999e+01,4.267396160701379415e+01,-3.059582411676727887e+01,1.449400185009608322e-04,1.297465378229389898e-04,1.444239401493518926e-05,1.021849513053894043e-01,2.423195362091064453e+00,-2.571344137191772461e+00,-2.286521572381469344e-02,-2.060066440633189638e-02,-3.433002889065577684e-02,-8.621623824898340160e+01,4.265336094260746336e+01,-3.063015414565793293e+01,0.000000000000000000e+00,0.000000000000000000e+00,0.000000000000000000e+00,0.000000000000000000e+00,8.276415405273437500e+02,8.280573730468750000e+02,8.276340332031250000e+02,8.276415405273437500e+02,-1.002058012770599604e+09
7.159999999999999698e-01,-8.619322809992819145e+01,4.267409136690518068e+01,-3.059580978142444607e+01,1.449333313985334826e-04,1.297598913865272152e-04,1.433534283279414012e-05,1.021940708160400391e-01,2.423232316970825195e+00,-2.571376562118530273e+00,-2.301014905520915380e-02,-2.073042429771638356e-02,-3.434436423348597583e-02,-8.621623824898340160e+01,4.265336094260746336e+01,-3.063015414565793293e+01,0.000000000000000000e+00,0.000000000000000000e+00,0.000000000000000000e+00,0.000000000000000000e+00,8.276414794921875000e+02,8.280474243164062500e+02,8.276341552734375000e+02,8.276414794921875000e+02,-1.002068199224820018e+09
7.169999999999999707e-01,-8.619308318661640556e+01,4.267422113180268894e+01,-3.059579557980915254e+01,1.449133117858991682e-04,1.297648975082665856e-04,1.420161529352981233e-05,1.022023856639862061e-01,2.423264980316162109e+00,-2.571405410766601562e+00,-2.315506236698966491e-02,-2.086018919522762000e-02,-3.435856584877967912e-02,-8.621623824898340160e+01,4.265336094260746336e+01,-3.063015414565793293e+01,0.000000000000000000e+00,0.000000000000000000e+00,0.000000000000000000e+00,0.000000000000000000e+00,8.276414184570312500e+02,8.280377807617187500e+02,8.276342163085937500e+02,8.276414184570312500e+02,-1.002078385664265633e+09
7.179999999999999716e-01,-8.619293830665823464e+01,4.267435089669448445e+01,-3.059578153526326716e+01,1.448799581709181439e-04,1.297648917955029901e-04,1.404454588538328608e-05,1.022116243839263916e-01,2.423302650451660156e+00,-2.571438550949096680e+00,-2.329994232517083874e-02,-2.098995408702246726e-02,-3.437261039466725510e-02,-8.621623824898340160e+01,4.265336094260746336e+01,-3.063015414565793293e+01,0.000000000000000000e+00,0.000000000000000000e+00,0.000000000000000000e+00,0.000000000000000000e+00,8.276413574218750000e+02,8.280283203125000000e+02,8.276342773437500000e+02,8.276413574218750000e+02,-1.002088572088951826e+09
7.189999999999999725e-01,-8.619279347338752473e+01,4.267448065656859768e+01,-3.059576767112856999e+01,1.448332707099098116e-04,1.297598741132333089e-04,1.386413469717240332e-05,1.022198200225830078e-01,2.423335075378417969e+00,-2.571467161178588867e+00,-2.344477559587533622e-02,-2.111971396113333441e-02,-3.438647452936471199e-02,-8.621623824898340160e+01,4.265336094260746336e+01,-3.063015414565793293e+01,0.000000000000000000e+00,0.000000000000000000e+00,0.000000000000000000e+00,0.000000000000000000e+00,8.276412963867187500e+02,8.280191040039062500e+02,8.276343383789062500e+02,8.276412963867187500e+02,-1.002098758498897195e+09
7.199999999999999734e-01,-8.619264869846942645e+01,4.267461040474521639e+01,-3.059575401408178053e+01,1.447749180982782491e-04,1.297481766187047469e-04,1.365704678946144668e-05,1.022289693355560303e-01,2.423370838165283203e+00,-2.571499109268188477e+00,-2.358955051397920721e-02,-2.124946213775571677e-02,-3.440013157615354200e-02,-8.621623824898340160e+01,4.265336094260746336e+01,-3.063015414565793293e+01,0.000000000000000000e+00,0.000000000000000000e+00,0.000000000000000000e+00,0.000000000000000000e+00,8.276412353515625000e+02,8.280100708007812500e+02,8.276343383789062500e+02,8.276412353515625000e+02,-1.002108944894123793e+09
7.209999999999999742e-01,-8.619250399690560016e+01,4.267474013787914799e+01,-3.059574058746454384e+01,1.447015638262882931e-04,1.297331339316087906e-04,1.342661723668925333e-05,1.022372245788574219e-01,2.423404693603515625e+00,-2.571528673171997070e+00,-2.373425207780546428e-02,-2.137919527168778352e-02,-3.441355819338737243e-02,-8.621623824898340160e+01,4.265336094260746336e+01,-3.063015414565793293e+01,0.000000000000000000e+00,0.000000000000000000e+00,0.000000000000000000e+00,0.000000000000000000e+00,8.276411743164062500e+02,8.280012817382812500e+02,8.276343994140625000e+02,8.276411743164062500e+02,-1.002119131274656892e+09
7.219999999999999751e-01,-8.619235937535948722e+01,4.267486985096004304e+01,-3.059572741461964540e+01,1.446215461129440882e-04,1.297130808950441860e-04,1.317284489843473239e-05,1.022462248802185059e-01,2.423440456390380859e+00,-2.571559906005859375e+00,-2.387887362391889062e-02,-2.150890835258200892e-02,-3.442673103828720188e-02,-8.621623824898340160e+01,4.265336094260746336e+01,-3.063015414565793293e+01,0.000000000000000000e+00,0.000000000000000000e+00,0.000000000000000000e+00,0.000000000000000000e+00,8.276411743164062500e+02,8.279926147460937500e+02,8.276344604492187500e+02,8.276411743164062500e+02,-1.002129317640524507e+09
7.229999999999999760e-01,-8.619221484716527470e+01,4.267499953730930429e+01,-3.059571451221808758e+01,1.445281942125120622e-04,1.296863492612487789e-04,1.290240155782385045e-05,1.022549867630004883e-01,2.423475027084350586e+00,-2.571590423583984375e+00,-2.402340181812651770e-02,-2.163859470183801884e-02,-3.443963343984560166e-02,-8.621623824898340160e+01,4.265336094260746336e+01,-3.063015414565793293e+01,0.000000000000000000e+00,0.000000000000000000e+00,0.000000000000000000e+00,0.000000000000000000e+00,8.276411132812500000e+02,8.279842529296875000e+02,8.276344604492187500e+02,8.276411132812500000e+02,-1.002139503991756797e+09
7.239999999999999769e-01,-8.619207042065397673e+01,4.267512919691702677e+01,-3.059570191027335540e+01,1.444265112979792320e-04,1.296596077224876353e-04,1.260194473218234634e-05,1.022637188434600830e-01,2.423509359359741211e+00,-2.571621179580688477e+00,-2.416782832942252629e-02,-2.176825430956313978e-02,-3.445223538457754114e-02,-8.621623824898340160e+01,4.265336094260746336e+01,-3.063015414565793293e+01,0.000000000000000000e+00,0.000000000000000000e+00,0.000000000000000000e+00,0.000000000000000000e+00,8.276411132812500000e+02,8.279760131835937500e+02,8.276345214843750000e+02,8.276411132812500000e+02,-1.002149690328387499e+09
7.249999999999999778e-01,-8.619192610415700528e+01,4.267525882310589935e+01,-3.059568962545726833e+01,1.443164969714416657e-04,1.296261888725780409e-04,1.228481608706033512e-05,1.022723019123077393e-01,2.423544645309448242e+00,-2.571651935577392578e+00,-2.431214482639332264e-02,-2.189788049843552353e-02,-3.446452020066523986e-02,-8.621623824898340160e+01,4.265336094260746336e+01,-3.063015414565793293e+01,0.000000000000000000e+00,0.000000000000000000e+00,0.000000000000000000e+00,0.000000000000000000e+00,8.276410522460937500e+02,8.279680175781250000e+02,8.276345214843750000e+02,8.276410522460937500e+02,-1.002159876650452375e+09
7.259999999999999787e-01,-8.619178190600656819e+01,4.267538841420037699e+01,-3.059567767777769021e+01,1.441981504370914990e-04,1.295910944776323959e-04,1.194767957812814529e-05,1.022810339927673340e-01,2.423579216003417969e+00,-2.571681976318359375e+00,-2.445634297683936878e-02,-2.202747159291548740e-02,-3.447646788024123082e-02,-8.621623824898340160e+01,4.265336094260746336e+01,-3.063015414565793293e+01,0.000000000000000000e+00,0.000000000000000000e+00,0.000000000000000000e+00,0.000000000000000000e+00,8.276410522460937500e+02,8.279601440429687500e+02,8.276345825195312500e+02,8.276410522460937500e+02,-1.002170062957989335e+09
7.269999999999999796e-01,-8.619163782953181396e+01,4.267551796519199314e+01,-3.059566608390764841e+01,1.440764747542289115e-04,1.295509916161563524e-04,1.159387004179279756e-05,1.022895872592926025e-01,2.423613786697387695e+00,-2.571712017059326172e+00,-2.460041945159080479e-02,-2.215702258452973555e-02,-3.448806175028622939e-02,-8.621623824898340160e+01,4.265336094260746336e+01,-3.063015414565793293e+01,0.000000000000000000e+00,0.000000000000000000e+00,0.000000000000000000e+00,0.000000000000000000e+00,8.276410522460937500e+02,8.279525146484375000e+02,8.276345825195312500e+02,8.276410522460937500e+02,-1.002180249251037717e+09
7.279999999999999805e-01,-8.619149388306658466e+01,4.267564747607397635e+01,-3.059565485718516342e+01,1.439464652293054314e-04,1.295108819832080371e-04,1.122672248499156922e-05,1.022984683513641357e-01,2.423648118972778320e+00,-2.571743726730346680e+00,-2.474436591682003389e-02,-2.228653346651595854e-02,-3.449928847276804988e-02,-8.621623824898340160e+01,4.265336094260746336e+01,-3.063015414565793293e+01,0.000000000000000000e+00,0.000000000000000000e+00,0.000000000000000000e+00,0.000000000000000000e+00,8.276410522460937500e+02,8.279450073242187500e+02,8.276345825195312500e+02,8.276410522460937500e+02,-1.002190435529639244e+09
7.289999999999999813e-01,-8.619135006994090986e+01,4.267577694517276399e+01,-3.059564401428391278e+01,1.438131256747965381e-04,1.294690987876379040e-04,1.084290125064057975e-05,1.023069620132446289e-01,2.423682689666748047e+00,-2.571773767471313477e+00,-2.488817904249357449e-02,-2.241600256529953025e-02,-3.451013137402151459e-02,-8.621623824898340160e+01,4.265336094260746336e+01,-3.063015414565793293e+01,0.000000000000000000e+00,0.000000000000000000e+00,0.000000000000000000e+00,0.000000000000000000e+00,8.276409912109375000e+02,8.279377441406250000e+02,8.276345825195312500e+02,8.276409912109375000e+02,-1.002200621793836594e+09
7.299999999999999822e-01,-8.619120639348490442e+01,4.267590636914788860e+01,-3.059563356854210880e+01,1.436764560054371032e-04,1.294239751246095693e-04,1.044574180397717100e-05,1.023154854774475098e-01,2.423717021942138672e+00,-2.571804285049438477e+00,-2.503185549849924058e-02,-2.254542654042543740e-02,-3.452057711582247335e-02,-8.621623824898340160e+01,4.265336094260746336e+01,-3.063015414565793293e+01,0.000000000000000000e+00,0.000000000000000000e+00,0.000000000000000000e+00,0.000000000000000000e+00,8.276409912109375000e+02,8.279306030273437500e+02,8.276345825195312500e+02,8.276409912109375000e+02,-1.002210808043674111e+09
7.309999999999999831e-01,-8.619106285369572618e+01,4.267603574966315705e+01,-3.059562352996465862e+01,1.435397891782486113e-04,1.293805152684512905e-04,1.003857745018876813e-05,1.023242175579071045e-01,2.423751592636108398e+00,-2.571834564208984375e+00,-2.517539528767252094e-02,-2.267480705569138374e-02,-3.453061569327427194e-02,-8.621623824898340160e+01,4.265336094260746336e+01,-3.063015414565793293e+01,0.000000000000000000e+00,0.000000000000000000e+00,0.000000000000000000e+00,0.000000000000000000e+00,8.276409912109375000e+02,8.279235839843750000e+02,8.276346435546875000e+02,8.276409912109375000e+02,-1.002220994279196382e+09
7.319999999999999840e-01,-8.619091945374671582e+01,4.267616508202118553e+01,-3.059561390727903074e+01,1.433999490103587959e-04,1.293323580284777563e-04,9.622685627874716374e-06,1.023328602313995361e-01,2.423785924911499023e+00,-2.571864604949951172e+00,-2.531879523668207482e-02,-2.280413941372433709e-02,-3.454023837890297932e-02,-8.621623824898340160e+01,4.265336094260746336e+01,-3.063015414565793293e+01,0.000000000000000000e+00,0.000000000000000000e+00,0.000000000000000000e+00,0.000000000000000000e+00,8.276409912109375000e+02,8.279168090820312500e+02,8.276346435546875000e+02,8.276409912109375000e+02,-1.002231180500449181e+09
7.329999999999999849e-01,-8.619077618895825310e+01,4.267629437059753883e+01,-3.059560469970277552e+01,1.432647884627158419e-04,1.292885763533035970e-04,9.207576255221283645e-06,1.023415327072143555e-01,2.423820495605468750e+00,-2.571895122528076172e+00,-2.546206002514613681e-02,-2.293342799007711333e-02,-3.454944595515845734e-02,-8.621623824898340160e+01,4.265336094260746336e+01,-3.063015414565793293e+01,0.000000000000000000e+00,0.000000000000000000e+00,0.000000000000000000e+00,0.000000000000000000e+00,8.276409912109375000e+02,8.279101562500000000e+02,8.276346435546875000e+02,8.276409912109375000e+02,-1.002241366707477331e+09
7.339999999999999858e-01,-8.619063306082854581e+01,4.267642361403805751e+01,-3.059559591596385175e+01,1.431281297072928282e-04,1.292434405186781987e-04,8.783738923767714368e-06,1.023501455783843994e-01,2.423854827880859375e+00,-2.571925163269042969e+00,-2.560518815485257962e-02,-2.306267143059062552e-02,-3.455822969408178791e-02,-8.621623824898340160e+01,4.265336094260746336e+01,-3.063015414565793293e+01,0.000000000000000000e+00,0.000000000000000000e+00,0.000000000000000000e+00,0.000000000000000000e+00,8.276409912109375000e+02,8.279036865234375000e+02,8.276346435546875000e+02,8.276409912109375000e+02,-1.002251552900326729e+09
7.349999999999999867e-01,-8.619049006435474780e+01,4.267655281401089695e+01,-3.059558755272796304e+01,1.429964737980071732e-04,1.291999728394443991e-04,8.363235888708686616e-06,1.023582518100738525e-01,2.423886299133300781e+00,-2.571954011917114258e+00,-2.574818462864916432e-02,-2.319187140343165199e-02,-3.456659292997017741e-02,-8.621623824898340160e+01,4.265336094260746336e+01,-3.063015414565793293e+01,0.000000000000000000e+00,0.000000000000000000e+00,0.000000000000000000e+00,0.000000000000000000e+00,8.276409912109375000e+02,8.278973388671875000e+02,8.276346435546875000e+02,8.276409912109375000e+02,-1.002261739079042077e+09
7.359999999999999876e-01,-8.619034719453199500e+01,4.267668197218198856e+01,-3.059557961666600434e+01,1.428698227528002462e-04,1.291581710916034353e-04,7.936061958702111951e-06,1.023668944835662842e-01,2.423922061920166016e+00,-2.571984529495239258e+00,-2.589105445140272785e-02,-2.332102957452682548e-02,-3.457452899192832441e-02,-8.621623824898340160e+01,4.265336094260746336e+01,-3.063015414565793293e+01,0.000000000000000000e+00,0.000000000000000000e+00,0.000000000000000000e+00,0.000000000000000000e+00,8.276409912109375000e+02,8.278911743164062500e+02,8.276346435546875000e+02,8.276409912109375000e+02,-1.002271925243667841e+09
7.369999999999999885e-01,-8.619020444969403627e+01,4.267681108855325078e+01,-3.059557209443751802e+01,1.427448379587303862e-04,1.291163712622278581e-04,7.522228486323001562e-06,1.023758053779602051e-01,2.423957109451293945e+00,-2.572015523910522461e+00,-2.603379928936470911e-02,-2.345014594578789108e-02,-3.458205122041326657e-02,-8.621623824898340160e+01,4.265336094260746336e+01,-3.063015414565793293e+01,0.000000000000000000e+00,0.000000000000000000e+00,0.000000000000000000e+00,0.000000000000000000e+00,8.276409912109375000e+02,8.278851318359375000e+02,8.276346435546875000e+02,8.276409912109375000e+02,-1.002282111394247293e+09
7.379999999999999893e-01,-8.619006181983512249e+01,4.267694016812794899e+01,-3.059556498938018620e+01,1.426298589137786621e-04,1.290795746982098535e-04,7.105057331813213750e-06,1.023841202259063721e-01,2.423990726470947266e+00,-2.572045087814331055e+00,-2.617642914828014616e-02,-2.357922552048292639e-02,-3.458915627774847984e-02,-8.621623824898340160e+01,4.265336094260746336e+01,-3.063015414565793293e+01,0.000000000000000000e+00,0.000000000000000000e+00,0.000000000000000000e+00,0.000000000000000000e+00,8.276409912109375000e+02,8.278792114257812500e+02,8.276346435546875000e+02,8.276409912109375000e+02,-1.002292297530822992e+09
7.389999999999999902e-01,-8.618991929995520707e+01,4.267706921257736497e+01,-3.059555828481962436e+01,1.425198799154259177e-04,1.290444494159714850e-04,6.704560561843209143e-06,1.023926138877868652e-01,2.424024343490600586e+00,-2.572074413299560547e+00,-2.631894902819459023e-02,-2.370826996990190935e-02,-3.459586083831005243e-02,-8.621623824898340160e+01,4.265336094260746336e+01,-3.063015414565793293e+01,0.000000000000000000e+00,0.000000000000000000e+00,0.000000000000000000e+00,0.000000000000000000e+00,8.276409912109375000e+02,8.278734741210937500e+02,8.276346435546875000e+02,8.276409301757812500e+02,-1.002302483653435230e+09
7.399999999999999911e-01,-8.618977688171719365e+01,4.267719822357157966e+01,-3.059555197408734628e+01,1.424182380134197956e-04,1.290109942146955291e-04,6.310732278080877222e-06,1.024006307125091553e-01,2.424056529998779297e+00,-2.572103738784790039e+00,-2.646136726621151763e-02,-2.383728096411756939e-02,-3.460217157058817494e-02,-8.621623824898340160e+01,4.265336094260746336e+01,-3.063015414565793293e+01,0.000000000000000000e+00,0.000000000000000000e+00,0.000000000000000000e+00,0.000000000000000000e+00,8.276409301757812500e+02,8.278678588867187500e+02,8.276346435546875000e+02,8.276409301757812500e+02,-1.002312669762122989e+09
7.409999999999999920e-01,-8.618963455345115676e+01,4.267732720778506206e+01,-3.059554604718170978e+01,1.423282660368840880e-04,1.289842134823970810e-04,5.926905636499668617e-06,1.024094820022583008e-01,2.424092531204223633e+00,-2.572134256362915039e+00,-2.660369553224955705e-02,-2.396626517760148609e-02,-3.460809847622312030e-02,-8.621623824898340160e+01,4.265336094260746336e+01,-3.063015414565793293e+01,0.000000000000000000e+00,0.000000000000000000e+00,0.000000000000000000e+00,0.000000000000000000e+00,8.276409301757812500e+02,8.278623657226562500e+02,8.276347045898437500e+02,8.276409301757812500e+02,-1.002322855856922984e+09
7.419999999999999929e-01,-8.618949230682306961e+01,4.267745616522434204e+01,-3.059554048075869304e+01,1.422466280871503841e-04,1.289574392799863745e-04,5.566423016745147834e-06,1.024177372455596924e-01,2.424124479293823242e+00,-2.572163105010986328e+00,-2.674594216033657212e-02,-2.409522261687985917e-02,-3.461366489924121853e-02,-8.621623824898340160e+01,4.265336094260746336e+01,-3.063015414565793293e+01,0.000000000000000000e+00,0.000000000000000000e+00,0.000000000000000000e+00,0.000000000000000000e+00,8.276409301757812500e+02,8.278569946289062500e+02,8.276347045898437500e+02,8.276409301757812500e+02,-1.002333041937869072e+09
7.429999999999999938e-01,-8.618935013183117633e+01,4.267758510423107055e+01,-3.059553526481682439e+01,1.421749918932846413e-04,1.289390067285012265e-04,5.215941868641493784e-06,1.024263799190521240e-01,2.424159288406372070e+00,-2.572194337844848633e+00,-2.688811715222323012e-02,-2.422416162360394379e-02,-3.461888084110886082e-02,-8.621623824898340160e+01,4.265336094260746336e+01,-3.063015414565793293e+01,0.000000000000000000e+00,0.000000000000000000e+00,0.000000000000000000e+00,0.000000000000000000e+00,8.276409301757812500e+02,8.278517456054687500e+02,8.276347045898437500e+02,8.276409301757812500e+02,-1.002343228004993796e+09
7.439999999999999947e-01,-8.618920801513955610e+01,4.267771402648099155e+01,-3.059553037601364878e+01,1.421166916202309949e-04,1.289222499210040951e-04,4.888803175617795205e-06,1.024344563484191895e-01,2.424191474914550781e+00,-2.572222232818603516e+00,-2.703023384384721506e-02,-2.435308387352693588e-02,-3.462376964428482556e-02,-8.621623824898340160e+01,4.265336094260746336e+01,-3.063015414565793293e+01,0.000000000000000000e+00,0.000000000000000000e+00,0.000000000000000000e+00,0.000000000000000000e+00,8.276408691406250000e+02,8.278466796875000000e+02,8.276347045898437500e+02,8.276408691406250000e+02,-1.002353414058325529e+09
7.449999999999999956e-01,-8.618906594674699306e+01,4.267784293698245079e+01,-3.059552579767695946e+01,1.420683925630328304e-04,1.289105014592450971e-04,4.578336689320394726e-06,1.024433076381683350e-01,2.424227476119995117e+00,-2.572253704071044922e+00,-2.717230223640439146e-02,-2.448199437498445666e-02,-3.462834798097413208e-02,-8.621623824898340160e+01,4.265336094260746336e+01,-3.063015414565793293e+01,0.000000000000000000e+00,0.000000000000000000e+00,0.000000000000000000e+00,0.000000000000000000e+00,8.276408691406250000e+02,8.278416748046875000e+02,8.276347656250000000e+02,8.276408691406250000e+02,-1.002363600097890854e+09
7.459999999999999964e-01,-8.618892391165266531e+01,4.267797184074855465e+01,-3.059552149979548119e+01,1.420350943277526312e-04,1.289037661038605620e-04,4.297881478265708211e-06,1.024516820907592773e-01,2.424261093139648438e+00,-2.572283983230590820e+00,-2.731433733073096795e-02,-2.461089814109018378e-02,-3.463264586245325127e-02,-8.621623824898340160e+01,4.265336094260746336e+01,-3.063015414565793293e+01,0.000000000000000000e+00,0.000000000000000000e+00,0.000000000000000000e+00,0.000000000000000000e+00,8.276408691406250000e+02,8.278368530273437500e+02,8.276347656250000000e+02,8.276408691406250000e+02,-1.002373786123712182e+09
7.469999999999999973e-01,-8.618878189985557015e+01,4.267810074278786203e+01,-3.059551746569716357e+01,1.420117970951650932e-04,1.289020393073769810e-04,4.034098317617917928e-06,1.024594902992248535e-01,2.424292564392089844e+00,-2.572311162948608398e+00,-2.745634912782613651e-02,-2.473980018039997203e-02,-3.463667996077084837e-02,-8.621623824898340160e+01,4.265336094260746336e+01,-3.063015414565793293e+01,0.000000000000000000e+00,0.000000000000000000e+00,0.000000000000000000e+00,0.000000000000000000e+00,8.276408081054687500e+02,8.278320922851562500e+02,8.276348266601562500e+02,8.276408081054687500e+02,-1.002383972135809660e+09
7.479999999999999982e-01,-8.618863989635488565e+01,4.267822964978046940e+01,-3.059551366870635292e+01,1.420035006844955205e-04,1.289069926073693750e-04,3.796990810656097892e-06,1.024686992168426514e-01,2.424328327178955078e+00,-2.572342634201049805e+00,-2.759835262851945831e-02,-2.486870717300364991e-02,-3.464047695158077589e-02,-8.621623824898340160e+01,4.265336094260746336e+01,-3.063015414565793293e+01,0.000000000000000000e+00,0.000000000000000000e+00,0.000000000000000000e+00,0.000000000000000000e+00,8.276408081054687500e+02,8.278275146484375000e+02,8.276348266601562500e+02,8.276408081054687500e+02,-1.002394158134199500e+09
7.489999999999999991e-01,-8.618849788781712107e+01,4.267835856507183934e+01,-3.059551007881127305e+01,1.420085377645818880e-04,1.289152913699354031e-04,3.589895079869620531e-06,1.024764478206634521e-01,2.424359798431396484e+00,-2.572370290756225586e+00,-2.774036116627345144e-02,-2.499762246437565311e-02,-3.464406684666062469e-02,-8.621623824898340160e+01,4.265336094260746336e+01,-3.063015414565793293e+01,0.000000000000000000e+00,0.000000000000000000e+00,0.000000000000000000e+00,0.000000000000000000e+00,8.276407470703125000e+02,8.278229980468750000e+02,8.276348876953125000e+02,8.276407470703125000e+02,-1.002404344118894458e+09
7.500000000000000000e-01,-8.618835586257628734e+01,4.267848749367381345e+01,-3.059550666933531460e+01,1.420252408337319139e-04,1.289286019741098244e-04,3.409475958449093014e-06,1.024852097034454346e-01,2.424394369125366211e+00,-2.572402000427246094e+00,-2.788238640711570432e-02,-2.512655106635160174e-02,-3.464747632261780397e-02,-8.621623824898340160e+01,4.265336094260746336e+01,-3.063015414565793293e+01,0.000000000000000000e+00,0.000000000000000000e+00,0.000000000000000000e+00,0.000000000000000000e+00,8.276407470703125000e+02,8.278186035156250000e+02,8.276348876953125000e+02,8.276407470703125000e+02,-1.002414530089903831e+09
7.510000000000000009e-01,-8.618821380396386189e+01,4.267861644059987469e+01,-3.059550341360305126e+01,1.420586124254441529e-04,1.289469260612463586e-04,3.255732263340860300e-06,1.024933457374572754e-01,2.424427270889282227e+00,-2.572430849075317383e+00,-2.802444501953388692e-02,-2.525549799241371893e-02,-3.465073205488039543e-02,-8.621623824898340160e+01,4.265336094260746336e+01,-3.063015414565793293e+01,0.000000000000000000e+00,0.000000000000000000e+00,0.000000000000000000e+00,0.000000000000000000e+00,8.276406860351562500e+02,8.278143310546875000e+02,8.276349487304687500e+02,8.276406860351562500e+02,-1.002424716047232985e+09
7.520000000000000018e-01,-8.618807170365089121e+01,4.267874541419699597e+01,-3.059550028160307633e+01,1.421003129706832624e-04,1.289735971212735421e-04,3.131999974925747665e-06,1.025019288063049316e-01,2.424461126327514648e+00,-2.572460651397705078e+00,-2.816654533251471484e-02,-2.538447158952962177e-02,-3.465386405485781918e-02,-8.621623824898340160e+01,4.265336094260746336e+01,-3.063015414565793293e+01,0.000000000000000000e+00,0.000000000000000000e+00,0.000000000000000000e+00,0.000000000000000000e+00,8.276406250000000000e+02,8.278101196289062500e+02,8.276350097656250000e+02,8.276406250000000000e+02,-1.002434901990884542e+09
7.530000000000000027e-01,-8.618792954330130840e+01,4.267887441614519872e+01,-3.059549724332463327e+01,1.421603495828094310e-04,1.290019482027560116e-04,3.038278443057151890e-06,1.025102436542510986e-01,2.424494266510009766e+00,-2.572489261627197266e+00,-2.830870568208634919e-02,-2.551347353773659316e-02,-3.465690233330029346e-02,-8.621623824898340160e+01,4.265336094260746336e+01,-3.063015414565793293e+01,0.000000000000000000e+00,0.000000000000000000e+00,0.000000000000000000e+00,0.000000000000000000e+00,8.276405639648437500e+02,8.278060302734375000e+02,8.276350708007812500e+02,8.276405639648437500e+02,-1.002445087920856476e+09
7.540000000000000036e-01,-8.618778731625221212e+01,4.267900345145537955e+01,-3.059549427209033468e+01,1.422270490962773692e-04,1.290353101808250358e-04,2.971234298598801615e-06,1.025187671184539795e-01,2.424529314041137695e+00,-2.572519540786743164e+00,-2.845093273119205998e-02,-2.564250884791636348e-02,-3.465987356759717836e-02,-8.621623824898340160e+01,4.265336094260746336e+01,-3.063015414565793293e+01,0.000000000000000000e+00,0.000000000000000000e+00,0.000000000000000000e+00,0.000000000000000000e+00,8.276405029296875000e+02,8.278020629882812500e+02,8.276351318359375000e+02,8.276405029296875000e+02,-1.002455273837144375e+09
7.550000000000000044e-01,-8.618764500583833410e+01,4.267913252681159975e+01,-3.059549133122035514e+01,1.423104138780217909e-04,1.290753562201985005e-04,2.940869979539684209e-06,1.025271117687225342e-01,2.424562454223632812e+00,-2.572549343109130859e+00,-2.859324314506214715e-02,-2.577158420413447337e-02,-3.466281443757941033e-02,-8.621623824898340160e+01,4.265336094260746336e+01,-3.063015414565793293e+01,0.000000000000000000e+00,0.000000000000000000e+00,0.000000000000000000e+00,0.000000000000000000e+00,8.276404418945312500e+02,8.277982177734375000e+02,8.276351928710937500e+02,8.276404418945312500e+02,-1.002465459739739060e+09
7.560000000000000053e-01,-8.618750259872567199e+01,4.267926164555869661e+01,-3.059548839737358961e+01,1.424071126621129224e-04,1.291187470968679918e-04,2.933846765529324330e-06,1.025353968143463135e-01,2.424594879150390625e+00,-2.572578907012939453e+00,-2.873565025773016507e-02,-2.590070295123185484e-02,-3.466574828434348943e-02,-8.621623824898340160e+01,4.265336094260746336e+01,-3.063015414565793293e+01,0.000000000000000000e+00,0.000000000000000000e+00,0.000000000000000000e+00,0.000000000000000000e+00,8.276403808593750000e+02,8.277944335937500000e+02,8.276352539062500000e+02,8.276403808593750000e+02,-1.002475645628628135e+09
7.570000000000000062e-01,-8.618736008825165129e+01,4.267939081270797885e+01,-3.059548544387287450e+01,1.425104740206961651e-04,1.291671492822388245e-04,2.953500715108248187e-06,1.025439500808715820e-01,2.424629926681518555e+00,-2.572608470916748047e+00,-2.887816073175545478e-02,-2.602987010051580410e-02,-3.466870178505770950e-02,-8.621623824898340160e+01,4.265336094260746336e+01,-3.063015414565793293e+01,0.000000000000000000e+00,0.000000000000000000e+00,0.000000000000000000e+00,0.000000000000000000e+00,8.276403198242187500e+02,8.277907104492187500e+02,8.276353149414062500e+02,8.276403198242187500e+02,-1.002485831503796816e+09
7.580000000000000071e-01,-8.618721746442105314e+01,4.267952003327443578e+01,-3.059548243403669687e+01,1.426238305981541998e-04,1.292205664569223700e-04,3.009836177625402343e-06,1.025519669055938721e-01,2.424661397933959961e+00,-2.572636842727661133e+00,-2.902078456234713152e-02,-2.615909066697098134e-02,-3.467171162123584838e-02,-8.621623824898340160e+01,4.265336094260746336e+01,-3.063015414565793293e+01,0.000000000000000000e+00,0.000000000000000000e+00,0.000000000000000000e+00,0.000000000000000000e+00,8.276402587890625000e+02,8.277871093750000000e+02,8.276353759765625000e+02,8.276402587890625000e+02,-1.002496017365226746e+09
7.590000000000000080e-01,-8.618707471389846830e+01,4.267964930726741102e+01,-3.059547934785837242e+01,1.427505225848335613e-04,1.292739929752428907e-04,3.086178324451793742e-06,1.025606095790863037e-01,2.424696683883666992e+00,-2.572667837142944336e+00,-2.916353508493911215e-02,-2.628836465995055757e-02,-3.467479779955943975e-02,-8.621623824898340160e+01,4.265336094260746336e+01,-3.063015414565793293e+01,0.000000000000000000e+00,0.000000000000000000e+00,0.000000000000000000e+00,0.000000000000000000e+00,8.276401977539062500e+02,8.277836303710937500e+02,8.276354370117187500e+02,8.276401977539062500e+02,-1.002506203212895989e+09
7.600000000000000089e-01,-8.618693183002295655e+01,4.267977864136702237e+01,-3.059547615532628839e+01,1.428838755117567416e-04,1.293340996113556685e-04,3.192532084028698591e-06,1.025689840316772461e-01,2.424729585647583008e+00,-2.572696447372436523e+00,-2.930641896044445735e-02,-2.641769875955646274e-02,-3.467799033164398886e-02,-8.621623824898340160e+01,4.265336094260746336e+01,-3.063015414565793293e+01,0.000000000000000000e+00,0.000000000000000000e+00,0.000000000000000000e+00,0.000000000000000000e+00,8.276401367187500000e+02,8.277802124023437500e+02,8.276354980468750000e+02,8.276401367187500000e+02,-1.002516389046780348e+09
7.610000000000000098e-01,-8.618678880279564680e+01,4.267990803725022175e+01,-3.059547283309848709e+01,1.430272273097443758e-04,1.293958831993791136e-04,3.322227801305643879e-06,1.025775074958801270e-01,2.424764156341552734e+00,-2.572727203369140625e+00,-2.944944618775143311e-02,-2.654709464275682024e-02,-3.468131255944581492e-02,-8.621623824898340160e+01,4.265336094260746336e+01,-3.063015414565793293e+01,0.000000000000000000e+00,0.000000000000000000e+00,0.000000000000000000e+00,0.000000000000000000e+00,8.276400756835937500e+02,8.277768554687500000e+02,8.276355590820312500e+02,8.276400756835937500e+02,-1.002526574866852403e+09
7.620000000000000107e-01,-8.618664562888915270e+01,4.268003749826046800e+01,-3.059546935449688831e+01,1.431739064940984463e-04,1.294610102462456780e-04,3.478601598772002035e-06,1.025856733322143555e-01,2.424797296524047852e+00,-2.572755813598632812e+00,-2.959262009425443415e-02,-2.667655565300725701e-02,-3.468479116104330323e-02,-8.621623824898340160e+01,4.265336094260746336e+01,-3.063015414565793293e+01,0.000000000000000000e+00,0.000000000000000000e+00,0.000000000000000000e+00,0.000000000000000000e+00,8.276399536132812500e+02,8.277736206054687500e+02,8.276356811523437500e+02,8.276399536132812500e+02,-1.002536760673083067e+09
7.630000000000000115e-01,-8.618650230163827075e+01,4.268016702607224744e+01,-3.059546570284895850e+01,1.433272508819527502e-04,1.295278117794396167e-04,3.651647929814316740e-06,1.025945544242858887e-01,2.424832820892333984e+00,-2.572787761688232422e+00,-2.973594734512438609e-02,-2.680608346478445883e-02,-3.468844280897352000e-02,-8.621623824898340160e+01,4.265336094260746336e+01,-3.063015414565793293e+01,0.000000000000000000e+00,0.000000000000000000e+00,0.000000000000000000e+00,0.000000000000000000e+00,8.276398925781250000e+02,8.277704467773437500e+02,8.276357421875000000e+02,8.276398925781250000e+02,-1.002546946465440989e+09
7.640000000000000124e-01,-8.618635881438029855e+01,4.268029662236272515e+01,-3.059546185147703667e+01,1.434872579721968577e-04,1.295962904777070435e-04,3.851371921825830213e-06,1.026026904582977295e-01,2.424864530563354492e+00,-2.572816848754882812e+00,-2.987943460310514207e-02,-2.693567975526029931e-02,-3.469229418089631728e-02,-8.621623824898340160e+01,4.265336094260746336e+01,-3.063015414565793293e+01,0.000000000000000000e+00,0.000000000000000000e+00,0.000000000000000000e+00,0.000000000000000000e+00,8.276398315429687500e+02,8.277673339843750000e+02,8.276358032226562500e+02,8.276398315429687500e+02,-1.002557132243892312e+09
7.650000000000000133e-01,-8.618621516378398439e+01,4.268042628713717335e+01,-3.059545778704249130e+01,1.436505963141598841e-04,1.296647744482015696e-04,4.064434545369977059e-06,1.026114225387573242e-01,2.424899339675903320e+00,-2.572847366333007812e+00,-3.002308519941969747e-02,-2.706534452971007948e-02,-3.469635861544096561e-02,-8.621623824898340160e+01,4.265336094260746336e+01,-3.063015414565793293e+01,0.000000000000000000e+00,0.000000000000000000e+00,0.000000000000000000e+00,0.000000000000000000e+00,8.276397094726562500e+02,8.277643432617187500e+02,8.276359252929687500e+02,8.276397094726562500e+02,-1.002567318008401871e+09
7.660000000000000142e-01,-8.618607134985502682e+01,4.268055602373586055e+01,-3.059545349287174432e+01,1.438139289575701696e-04,1.297365986872023313e-04,4.294170746987902021e-06,1.026196181774139404e-01,2.424932241439819336e+00,-2.572876453399658203e+00,-3.016689912837575843e-02,-2.719508112839964104e-02,-3.470065278618901516e-02,-8.621623824898340160e+01,4.265336094260746336e+01,-3.063015414565793293e+01,0.000000000000000000e+00,0.000000000000000000e+00,0.000000000000000000e+00,0.000000000000000000e+00,8.276396484375000000e+02,8.277614135742187500e+02,8.276359863281250000e+02,8.276396484375000000e+02,-1.002577503758933425e+09
7.670000000000000151e-01,-8.618592736592887604e+01,4.268068583216699352e+01,-3.059544894895688216e+01,1.439839261507813717e-04,1.298084311329716911e-04,4.543914862153997092e-06,1.026280522346496582e-01,2.424965620040893555e+00,-2.572905540466308594e+00,-3.031088305452614776e-02,-2.732488955953014248e-02,-3.470519670105012833e-02,-8.621623824898340160e+01,4.265336094260746336e+01,-3.063015414565793293e+01,0.000000000000000000e+00,0.000000000000000000e+00,0.000000000000000000e+00,0.000000000000000000e+00,8.276395874023437500e+02,8.277585449218750000e+02,8.276361083984375000e+02,8.276395874023437500e+02,-1.002587689495448947e+09
7.680000000000000160e-01,-8.618578321867808256e+01,4.268081571243128280e+01,-3.059544414862704897e+01,1.441472507934804526e-04,1.298802642892837866e-04,4.800329833187788608e-06,1.026365756988525391e-01,2.425000429153442383e+00,-2.572935581207275391e+00,-3.045503030531226951e-02,-2.745476982381853462e-02,-3.470999703088267774e-02,-8.621623824898340160e+01,4.265336094260746336e+01,-3.063015414565793293e+01,0.000000000000000000e+00,0.000000000000000000e+00,0.000000000000000000e+00,0.000000000000000000e+00,8.276394653320312500e+02,8.277557373046875000e+02,8.276361694335937500e+02,8.276394653320312500e+02,-1.002597875217910409e+09
7.690000000000000169e-01,-8.618563890476988831e+01,4.268094566119835065e+01,-3.059543908187782080e+01,1.443139081942490520e-04,1.299487670678445284e-04,5.066749228177513942e-06,1.026453673839569092e-01,2.425035953521728516e+00,-2.572967290878295898e+00,-3.059934421351277398e-02,-2.758471859088558117e-02,-3.471506378011077198e-02,-8.621623824898340160e+01,4.265336094260746336e+01,-3.063015414565793293e+01,0.000000000000000000e+00,0.000000000000000000e+00,0.000000000000000000e+00,0.000000000000000000e+00,8.276394042968750000e+02,8.277529907226562500e+02,8.276362304687500000e+02,8.276394042968750000e+02,-1.002608060926279068e+09
7.700000000000000178e-01,-8.618549443087822226e+01,4.268107568013741826e+01,-3.059543373870369365e+01,1.444738916660526229e-04,1.300189390676109724e-04,5.343174127148131447e-06,1.026534736156463623e-01,2.425067663192749023e+00,-2.572995662689208984e+00,-3.074381810518445751e-02,-2.771473752995315051e-02,-3.472040695423760093e-02,-8.621623824898340160e+01,4.265336094260746336e+01,-3.063015414565793293e+01,0.000000000000000000e+00,0.000000000000000000e+00,0.000000000000000000e+00,0.000000000000000000e+00,8.276393432617187500e+02,8.277503051757812500e+02,8.276363525390625000e+02,8.276392822265625000e+02,-1.002618246620516181e+09
7.710000000000000187e-01,-8.618534979366927473e+01,4.268120576758393980e+01,-3.059542811577078680e+01,1.446372089475289613e-04,1.300874465215429154e-04,5.622932906845790058e-06,1.026623845100402832e-01,2.425103187561035156e+00,-2.573026895523071289e+00,-3.088845531412900622e-02,-2.784482497647555038e-02,-3.472602988714773575e-02,-8.621623824898340160e+01,4.265336094260746336e+01,-3.063015414565793293e+01,0.000000000000000000e+00,0.000000000000000000e+00,0.000000000000000000e+00,0.000000000000000000e+00,8.276392211914062500e+02,8.277477416992187500e+02,8.276364135742187500e+02,8.276392211914062500e+02,-1.002628432300582647e+09
7.720000000000000195e-01,-8.618520499981391936e+01,4.268133592020283373e+01,-3.059542220974232052e+01,1.447938553553740348e-04,1.301526188939305939e-04,5.906028466284851675e-06,1.026705801486968994e-01,2.425136804580688477e+00,-2.573056459426879883e+00,-3.103324916947602582e-02,-2.797497759536713910e-02,-3.473193591561139076e-02,-8.621623824898340160e+01,4.265336094260746336e+01,-3.063015414565793293e+01,0.000000000000000000e+00,0.000000000000000000e+00,0.000000000000000000e+00,0.000000000000000000e+00,8.276391601562500000e+02,8.277451782226562500e+02,8.276364746093750000e+02,8.276391601562500000e+02,-1.002638617966439605e+09
7.730000000000000204e-01,-8.618506005931780578e+01,4.268146613632463016e+01,-3.059541602061617738e+01,1.449404961135769554e-04,1.302161217964226125e-04,6.189126143141265857e-06,1.026793122291564941e-01,2.425171136856079102e+00,-2.573086738586425781e+00,-3.117818966559831109e-02,-2.810519371716786036e-02,-3.473812504175582960e-02,-8.621623824898340160e+01,4.265336094260746336e+01,-3.063015414565793293e+01,0.000000000000000000e+00,0.000000000000000000e+00,0.000000000000000000e+00,0.000000000000000000e+00,8.276390991210937500e+02,8.277426757812500000e+02,8.276365966796875000e+02,8.276390991210937500e+02,-1.002648803618049979e+09
7.740000000000000213e-01,-8.618491497551509894e+01,4.268159641261346593e+01,-3.059540955172641219e+01,1.450838027068357405e-04,1.302762888357733573e-04,6.468889765187668672e-06,1.026876270771026611e-01,2.425204753875732422e+00,-2.573116302490234375e+00,-3.132327346830238168e-02,-2.823547000600201695e-02,-3.474459393152026787e-02,-8.621623824898340160e+01,4.265336094260746336e+01,-3.063015414565793293e+01,0.000000000000000000e+00,0.000000000000000000e+00,0.000000000000000000e+00,0.000000000000000000e+00,8.276389770507812500e+02,8.277402343750000000e+02,8.276366577148437500e+02,8.276389770507812500e+02,-1.002658989255377293e+09
7.750000000000000222e-01,-8.618476975507523719e+01,4.268172674906656994e+01,-3.059540280974220039e+01,1.452204398617595871e-04,1.303364531040074326e-04,6.741984211799945115e-06,1.026963293552398682e-01,2.425239562988281250e+00,-2.573147296905517578e+00,-3.146849390817042097e-02,-2.836580645910394272e-02,-3.475133591573175557e-02,-8.621623824898340160e+01,4.265336094260746336e+01,-3.063015414565793293e+01,0.000000000000000000e+00,0.000000000000000000e+00,0.000000000000000000e+00,0.000000000000000000e+00,8.276389160156250000e+02,8.277379150390625000e+02,8.276367187500000000e+02,8.276389160156250000e+02,-1.002669174878386497e+09
7.760000000000000231e-01,-8.618462440800227853e+01,4.268185713901186062e+01,-3.059539579465991110e+01,1.453470729586570087e-04,1.303899452906875922e-04,7.015082289285601291e-06,1.027052402496337891e-01,2.425275564193725586e+00,-2.573178529739379883e+00,-3.161384098112392238e-02,-2.849619640439678483e-02,-3.475835099802276895e-02,-8.621623824898340160e+01,4.265336094260746336e+01,-3.063015414565793293e+01,0.000000000000000000e+00,0.000000000000000000e+00,0.000000000000000000e+00,0.000000000000000000e+00,8.276388549804687500e+02,8.277355957031250000e+02,8.276367797851562500e+02,8.276388549804687500e+02,-1.002679360487043500e+09
7.770000000000000240e-01,-8.618447894429614564e+01,4.268198757577264502e+01,-3.059538852315109736e+01,1.454637061328867276e-04,1.304367607843914811e-04,7.271508813744276267e-06,1.027134060859680176e-01,2.425307750701904297e+00,-2.573207378387451172e+00,-3.175930468724938449e-02,-2.862663316518019099e-02,-3.476562250683511157e-02,-8.621623824898340160e+01,4.265336094260746336e+01,-3.063015414565793293e+01,0.000000000000000000e+00,0.000000000000000000e+00,0.000000000000000000e+00,0.000000000000000000e+00,8.276387939453125000e+02,8.277333374023437500e+02,8.276368408203125000e+02,8.276387939453125000e+02,-1.002689546081316710e+09
7.780000000000000249e-01,-8.618433337396139393e+01,4.268211806267915165e+01,-3.059538100521992021e+01,1.455703347517101065e-04,1.304869065066327494e-04,7.517931177147829658e-06,1.027223765850067139e-01,2.425343751907348633e+00,-2.573238849639892578e+00,-3.190487502200278075e-02,-2.875712007168577597e-02,-3.477314043801405657e-02,-8.621623824898340160e+01,4.265336094260746336e+01,-3.063015414565793293e+01,0.000000000000000000e+00,0.000000000000000000e+00,0.000000000000000000e+00,0.000000000000000000e+00,8.276387329101562500e+02,8.277311401367187500e+02,8.276369018554687500e+02,8.276387329101562500e+02,-1.002699731661176920e+09
7.790000000000000258e-01,-8.618418771033167047e+01,4.268224858638434682e+01,-3.059537325420005160e+01,1.456636297234581434e-04,1.305237051951735339e-04,7.751019868607045282e-06,1.027306914329528809e-01,2.425376892089843750e+00,-2.573267936706542969e+00,-3.205053865172840383e-02,-2.888764377688091481e-02,-3.478089145787986031e-02,-8.621623824898340160e+01,4.265336094260746336e+01,-3.063015414565793293e+01,0.000000000000000000e+00,0.000000000000000000e+00,0.000000000000000000e+00,0.000000000000000000e+00,8.276386718750000000e+02,8.277289428710937500e+02,8.276369628906250000e+02,8.276386718750000000e+02,-1.002709917226597190e+09
7.800000000000000266e-01,-8.618404196007551832e+01,4.268237915021841644e+01,-3.059536528343142336e+01,1.457502561521550888e-04,1.305638340696191335e-04,7.970768628240421094e-06,1.027394235134124756e-01,2.425411939620971680e+00,-2.573298692703247070e+00,-3.219628890788302916e-02,-2.901820761095477361e-02,-3.478886222651118854e-02,-8.621623824898340160e+01,4.265336094260746336e+01,-3.063015414565793293e+01,0.000000000000000000e+00,0.000000000000000000e+00,0.000000000000000000e+00,0.000000000000000000e+00,8.276386108398437500e+02,8.277268676757812500e+02,8.276370239257812500e+02,8.276386108398437500e+02,-1.002720102777552485e+09
7.810000000000000275e-01,-8.618389613985998210e+01,4.268250974416541510e+01,-3.059535711625278864e+01,1.458202155362187113e-04,1.305939469986583390e-04,8.167178634721494745e-06,1.027476787567138672e-01,2.425445079803466797e+00,-2.573327779769897461e+00,-3.234210912341335675e-02,-2.914880155795094088e-02,-3.479702940514421694e-02,-8.621623824898340160e+01,4.265336094260746336e+01,-3.063015414565793293e+01,0.000000000000000000e+00,0.000000000000000000e+00,0.000000000000000000e+00,0.000000000000000000e+00,8.276385498046875000e+02,8.277247924804687500e+02,8.276370849609375000e+02,8.276385498046875000e+02,-1.002730288314021468e+09
7.820000000000000284e-01,-8.618375025968462921e+01,4.268264036154822350e+01,-3.059534876933533099e+01,1.458801753528859990e-04,1.306173828083956323e-04,8.346917457657809791e-06,1.027567982673645020e-01,2.425481557846069336e+00,-2.573360919952392578e+00,-3.248798929876654806e-02,-2.927941894076147369e-02,-3.480537632260123637e-02,-8.621623824898340160e+01,4.265336094260746336e+01,-3.063015414565793293e+01,0.000000000000000000e+00,0.000000000000000000e+00,0.000000000000000000e+00,0.000000000000000000e+00,8.276384887695312500e+02,8.277227783203125000e+02,8.276371459960937500e+02,8.276384887695312500e+02,-1.002740473835984826e+09
7.830000000000000293e-01,-8.618360433622021333e+01,4.268277100235678745e+01,-3.059534026268539009e+01,1.459234644158868832e-04,1.306408085639532146e-04,8.506649940898114437e-06,1.027650535106658936e-01,2.425514698028564453e+00,-2.573389768600463867e+00,-3.263391276319019957e-02,-2.941005974932084724e-02,-3.481388297254325859e-02,-8.621623824898340160e+01,4.265336094260746336e+01,-3.063015414565793293e+01,0.000000000000000000e+00,0.000000000000000000e+00,0.000000000000000000e+00,0.000000000000000000e+00,8.276384887695312500e+02,8.277207641601562500e+02,8.276372070312500000e+02,8.276384887695312500e+02,-1.002750659343427420e+09
7.840000000000000302e-01,-8.618345837946438337e+01,4.268290165991188445e+01,-3.059533161964409231e+01,1.459567558299568191e-04,1.306575550970023869e-04,8.643041297773379483e-06,1.027741134166717529e-01,2.425550937652587891e+00,-2.573421239852905273e+00,-3.277986951901547957e-02,-2.954071730442349442e-02,-3.482252601384076829e-02,-8.621623824898340160e+01,4.265336094260746336e+01,-3.063015414565793293e+01,0.000000000000000000e+00,0.000000000000000000e+00,0.000000000000000000e+00,0.000000000000000000e+00,8.276384277343750000e+02,8.277188720703125000e+02,8.276372070312500000e+02,8.276384277343750000e+02,-1.002760844836336732e+09
7.850000000000000311e-01,-8.618331240608294763e+01,4.268303232419616222e+01,-3.059532286688486025e+01,1.459733814357377923e-04,1.306642842777705482e-04,8.752759232066864570e-06,1.027830839157104492e-01,2.425585746765136719e+00,-2.573452949523925781e+00,-3.292584290045012796e-02,-2.967138158870222253e-02,-3.483127877307366088e-02,-8.621623824898340160e+01,4.265336094260746336e+01,-3.063015414565793293e+01,0.000000000000000000e+00,0.000000000000000000e+00,0.000000000000000000e+00,0.000000000000000000e+00,8.276383666992187500e+02,8.277169799804687500e+02,8.276372680664062500e+02,8.276383666992187500e+02,-1.002771030314703703e+09
7.860000000000000320e-01,-8.618316642941130112e+01,4.268316299520021317e+01,-3.059531402441462689e+01,1.459766716465082936e-04,1.306710040509528881e-04,8.842470233361154897e-06,1.027911603450775146e-01,2.425618886947631836e+00,-2.573481321334838867e+00,-3.307181957210636458e-02,-2.980205259274868596e-02,-3.484012124330441301e-02,-8.621623824898340160e+01,4.265336094260746336e+01,-3.063015414565793293e+01,0.000000000000000000e+00,0.000000000000000000e+00,0.000000000000000000e+00,0.000000000000000000e+00,8.276383666992187500e+02,8.277150878906250000e+02,8.276372680664062500e+02,8.276383666992187500e+02,-1.002781215778523088e+09
7.870000000000000329e-01,-8.618302045944314216e+01,4.268329366290650029e+01,-3.059530512557846649e+01,1.459699681589654574e-04,1.306677062871131056e-04,8.898836160398104767e-06,1.028001606464385986e-01,2.425654411315917969e+00,-2.573513269424438477e+00,-3.321778954026533004e-02,-2.993272029903473741e-02,-3.484902007946731606e-02,-8.621623824898340160e+01,4.265336094260746336e+01,-3.063015414565793293e+01,0.000000000000000000e+00,0.000000000000000000e+00,0.000000000000000000e+00,0.000000000000000000e+00,8.276383666992187500e+02,8.277133178710937500e+02,8.276373291015625000e+02,8.276383666992187500e+02,-1.002791401227792263e+09
7.880000000000000338e-01,-8.618287451618171247e+01,4.268342432063321468e+01,-3.059529619037947157e+01,1.459432614296929387e-04,1.306577267143893550e-04,8.935198994919346660e-06,1.028085649013519287e-01,2.425688266754150391e+00,-2.573542356491088867e+00,-3.336373280168890981e-02,-3.006337802575325541e-02,-3.485795527846276970e-02,-8.621623824898340160e+01,4.265336094260746336e+01,-3.063015414565793293e+01,0.000000000000000000e+00,0.000000000000000000e+00,0.000000000000000000e+00,0.000000000000000000e+00,8.276383056640625000e+02,8.277115478515625000e+02,8.276373291015625000e+02,8.276383056640625000e+02,-1.002801586662512779e+09
7.890000000000000346e-01,-8.618272860962440518e+01,4.268355496836867502e+01,-3.059528724883036332e+01,1.459065573072848565e-04,1.306477354603430285e-04,8.941549108243407318e-06,1.028177440166473389e-01,2.425724744796752930e+00,-2.573575019836425781e+00,-3.350963935900132251e-02,-3.019402576121400783e-02,-3.486689682756997921e-02,-8.621623824898340160e+01,4.265336094260746336e+01,-3.063015414565793293e+01,0.000000000000000000e+00,0.000000000000000000e+00,0.000000000000000000e+00,0.000000000000000000e+00,8.276383056640625000e+02,8.277097778320312500e+02,8.276373291015625000e+02,8.276383056640625000e+02,-1.002811772082690001e+09
7.900000000000000355e-01,-8.618258274976729183e+01,4.268368559943190377e+01,-3.059527832760680965e+01,1.458598571133506994e-04,1.306310632287477347e-04,8.921223553670643014e-06,1.028259992599487305e-01,2.425758361816406250e+00,-2.573604345321655273e+00,-3.365549921610972578e-02,-3.032465682444368885e-02,-3.487581805112496824e-02,-8.621623824898340160e+01,4.265336094260746336e+01,-3.063015414565793293e+01,0.000000000000000000e+00,0.000000000000000000e+00,0.000000000000000000e+00,0.000000000000000000e+00,8.276383056640625000e+02,8.277080688476562500e+02,8.276373291015625000e+02,8.276383056640625000e+02,-1.002821957488331676e+09
7.910000000000000364e-01,-8.618243696327782288e+01,4.268381620046464064e+01,-3.059526946004810100e+01,1.457864894689464563e-04,1.306010327368767321e-04,8.867558708658407340e-06,1.028350293636322021e-01,2.425794124603271484e+00,-2.573636293411254883e+00,-3.380128570557611178e-02,-3.045525785717748818e-02,-3.488468560983134376e-02,-8.621623824898340160e+01,4.265336094260746336e+01,-3.063015414565793293e+01,0.000000000000000000e+00,0.000000000000000000e+00,0.000000000000000000e+00,0.000000000000000000e+00,8.276383056640625000e+02,8.277064208984375000e+02,8.276373291015625000e+02,8.276383056640625000e+02,-1.002832142879451394e+09
7.920000000000000373e-01,-8.618229125015147929e+01,4.268394677479578547e+01,-3.059526066616518847e+01,1.457131263435940127e-04,1.305743311448281929e-04,8.793882912527806184e-06,1.028435230255126953e-01,2.425827980041503906e+00,-2.573666334152221680e+00,-3.394699883191672207e-02,-3.058583218831888856e-02,-3.489347949274309441e-02,-8.621623824898340160e+01,4.265336094260746336e+01,-3.063015414565793293e+01,0.000000000000000000e+00,0.000000000000000000e+00,0.000000000000000000e+00,0.000000000000000000e+00,8.276383056640625000e+02,8.277047729492187500e+02,8.276373291015625000e+02,8.276383056640625000e+02,-1.002842328256064057e+09
7.930000000000000382e-01,-8.618214562038220095e+01,4.268407731574195196e+01,-3.059525197930359752e+01,1.456297692783437014e-04,1.305409461664908122e-04,8.686861590945227363e-06,1.028520762920379639e-01,2.425861835479736328e+00,-2.573696374893188477e+00,-3.409262860119552374e-02,-3.071637313449154111e-02,-3.490216635433619069e-02,-8.621623824898340160e+01,4.265336094260746336e+01,-3.063015414565793293e+01,0.000000000000000000e+00,0.000000000000000000e+00,0.000000000000000000e+00,0.000000000000000000e+00,8.276383056640625000e+02,8.277031860351562500e+02,8.276373291015625000e+02,8.276383056640625000e+02,-1.002852513618187785e+09
7.940000000000000391e-01,-8.618200009397354222e+01,4.268420781995560276e+01,-3.059524341946685411e+01,1.455264086587249039e-04,1.305042136507950090e-04,8.559836743415871751e-06,1.028609275817871094e-01,2.425897598266601562e+00,-2.573727130889892578e+00,-3.423815500986308880e-02,-3.084687734813824911e-02,-3.491072619107857961e-02,-8.621623824898340160e+01,4.265336094260746336e+01,-3.063015414565793293e+01,0.000000000000000000e+00,0.000000000000000000e+00,0.000000000000000000e+00,0.000000000000000000e+00,8.276383056640625000e+02,8.277016601562500000e+02,8.276373291015625000e+02,8.276383056640625000e+02,-1.002862698965845108e+09
7.950000000000000400e-01,-8.618185467091682028e+01,4.268433828409315822e+01,-3.059523501333390172e+01,1.454230567219383374e-04,1.304641375554638216e-04,8.406132952387679325e-06,1.028692722320556641e-01,2.425930738449096680e+00,-2.573756217956542969e+00,-3.438357806658810106e-02,-3.097734148569205107e-02,-3.491913232403038442e-02,-8.621623824898340160e+01,4.265336094260746336e+01,-3.063015414565793293e+01,0.000000000000000000e+00,0.000000000000000000e+00,0.000000000000000000e+00,0.000000000000000000e+00,8.276383056640625000e+02,8.277001342773437500e+02,8.276373291015625000e+02,8.276383056640625000e+02,-1.002872884299059868e+09
7.960000000000000409e-01,-8.618170936787748815e+01,4.268446870147077732e+01,-3.059522678757813452e+01,1.453030393321341762e-04,1.304173776190964418e-04,8.225755767199416368e-06,1.028782129287719727e-01,2.425966739654541016e+00,-2.573787689208984375e+00,-3.452888110590703052e-02,-3.110775886331391960e-02,-3.492735807979763241e-02,-8.621623824898340160e+01,4.265336094260746336e+01,-3.063015414565793293e+01,0.000000000000000000e+00,0.000000000000000000e+00,0.000000000000000000e+00,0.000000000000000000e+00,8.276383666992187500e+02,8.276986083984375000e+02,8.276373291015625000e+02,8.276383666992187500e+02,-1.002883069617859960e+09
7.970000000000000417e-01,-8.618156418818364273e+01,4.268459907207967063e+01,-3.059521876554343578e+01,1.451796938454208430e-04,1.303706088933154206e-04,8.022034698740299064e-06,1.028867363929748535e-01,2.426000356674194336e+00,-2.573817729949951172e+00,-3.467406079975440814e-02,-3.123812947220996547e-02,-3.493538011449764946e-02,-8.621623824898340160e+01,4.265336094260746336e+01,-3.063015414565793293e+01,0.000000000000000000e+00,0.000000000000000000e+00,0.000000000000000000e+00,0.000000000000000000e+00,8.276383666992187500e+02,8.276971435546875000e+02,8.276372680664062500e+02,8.276383666992187500e+02,-1.002893254922275066e+09
7.980000000000000426e-01,-8.618141914516635893e+01,4.268472938923777349e+01,-3.059521097056890682e+01,1.450430172837968712e-04,1.303171581028550463e-04,7.794974528962939075e-06,1.028955578804016113e-01,2.426036119461059570e+00,-2.573848724365234375e+00,-3.481910381704062668e-02,-3.136844663030970148e-02,-3.494317508902548136e-02,-8.621623824898340160e+01,4.265336094260746336e+01,-3.063015414565793293e+01,0.000000000000000000e+00,0.000000000000000000e+00,0.000000000000000000e+00,0.000000000000000000e+00,8.276384277343750000e+02,8.276956787109375000e+02,8.276372680664062500e+02,8.276384277343750000e+02,-1.002903440212338328e+09
7.990000000000000435e-01,-8.618127423882026505e+01,4.268485965293909601e+01,-3.059520341932915244e+01,1.449063460938759818e-04,1.302637013225194096e-04,7.551239754377547797e-06,1.029037833213806152e-01,2.426068782806396484e+00,-2.573877811431884766e+00,-3.496401016313385041e-02,-3.149871033163468420e-02,-3.495072632877896379e-02,-8.621623824898340160e+01,4.265336094260746336e+01,-3.063015414565793293e+01,0.000000000000000000e+00,0.000000000000000000e+00,0.000000000000000000e+00,0.000000000000000000e+00,8.276384277343750000e+02,8.276942749023437500e+02,8.276372070312500000e+02,8.276384277343750000e+02,-1.002913625488083601e+09
8.000000000000000444e-01,-8.618112947580809191e+01,4.268498985983947591e+01,-3.059519613183097064e+01,1.447630121731435793e-04,1.302069003799033453e-04,7.287498181796081553e-06,1.029127836227416992e-01,2.426104545593261719e+00,-2.573909759521484375e+00,-3.510877317530604336e-02,-3.162891723201291527e-02,-3.495801382696279297e-02,-8.621623824898340160e+01,4.265336094260746336e+01,-3.063015414565793293e+01,0.000000000000000000e+00,0.000000000000000000e+00,0.000000000000000000e+00,0.000000000000000000e+00,8.276384277343750000e+02,8.276929321289062500e+02,8.276372070312500000e+02,8.276384277343750000e+02,-1.002923810749547005e+09
8.010000000000000453e-01,-8.618098486279349402e+01,4.268512000992969035e+01,-3.059518912808212932e+01,1.446130145978941073e-04,1.301500902144425709e-04,7.003748841327706032e-06,1.029210686683654785e-01,2.426137924194335938e+00,-2.573939085006713867e+00,-3.525338618990329909e-02,-3.175906732222485290e-02,-3.496501757580314923e-02,-8.621623824898340160e+01,4.265336094260746336e+01,-3.063015414565793293e+01,0.000000000000000000e+00,0.000000000000000000e+00,0.000000000000000000e+00,0.000000000000000000e+00,8.276384887695312500e+02,8.276915893554687500e+02,8.276371459960937500e+02,8.276384887695312500e+02,-1.002933995996767044e+09
8.020000000000000462e-01,-8.618084040310489513e+01,4.268525009986741026e+01,-3.059518242475522243e+01,1.444596885988858048e-04,1.300899377199016271e-04,6.703326906887241421e-06,1.029296517372131348e-01,2.426171779632568359e+00,-2.573970556259155273e+00,-3.539784587850491882e-02,-3.188915725994554556e-02,-3.497172090271154915e-02,-8.621623824898340160e+01,4.265336094260746336e+01,-3.063015414565793293e+01,0.000000000000000000e+00,0.000000000000000000e+00,0.000000000000000000e+00,0.000000000000000000e+00,8.276385498046875000e+02,8.276902465820312500e+02,8.276371459960937500e+02,8.276385498046875000e+02,-1.002944181229783297e+09
8.030000000000000471e-01,-8.618069609673939624e+01,4.268538012964940975e+01,-3.059517602851960660e+01,1.443063654988918643e-04,1.300297819994966630e-04,6.396235615824252818e-06,1.029380559921264648e-01,2.426206111907958984e+00,-2.573998212814331055e+00,-3.554215224400793932e-02,-3.201918704194332832e-02,-3.497811713832794239e-02,-8.621623824898340160e+01,4.265336094260746336e+01,-3.063015414565793293e+01,0.000000000000000000e+00,0.000000000000000000e+00,0.000000000000000000e+00,0.000000000000000000e+00,8.276385498046875000e+02,8.276889648437500000e+02,8.276370849609375000e+02,8.276385498046875000e+02,-1.002954366448636055e+09
8.040000000000000480e-01,-8.618055194369125616e+01,4.268551009926930107e+01,-3.059516995604980494e+01,1.441530481400832286e-04,1.299696198913125045e-04,6.072469801665647537e-06,1.029472351074218750e-01,2.426242113113403320e+00,-2.574031352996826172e+00,-3.568630529214470576e-02,-3.214915666183865151e-02,-3.498418960812955947e-02,-8.621623824898340160e+01,4.265336094260746336e+01,-3.063015414565793293e+01,0.000000000000000000e+00,0.000000000000000000e+00,0.000000000000000000e+00,0.000000000000000000e+00,8.276386108398437500e+02,8.276877441406250000e+02,8.276370849609375000e+02,8.276386108398437500e+02,-1.002964551653366446e+09
8.050000000000000488e-01,-8.618040794729357401e+01,4.268564001205779590e+01,-3.059516421401528063e+01,1.439963976821445613e-04,1.299127884948347855e-04,5.742034524303107901e-06,1.029551029205322266e-01,2.426273822784423828e+00,-2.574059009552001953e+00,-3.583030168983328961e-02,-3.227906945033465896e-02,-3.498993164265246092e-02,-8.621623824898340160e+01,4.265336094260746336e+01,-3.063015414565793293e+01,0.000000000000000000e+00,0.000000000000000000e+00,0.000000000000000000e+00,0.000000000000000000e+00,8.276386108398437500e+02,8.276864624023437500e+02,8.276370239257812500e+02,8.276386108398437500e+02,-1.002974736844016910e+09
8.060000000000000497e-01,-8.618026410087117029e+01,4.268576986134345930e+01,-3.059515880908519136e+01,1.438464224037261374e-04,1.298492856633970405e-04,5.404930089270010285e-06,1.029642522335052490e-01,2.426309823989868164e+00,-2.574091434478759766e+00,-3.597414811223540593e-02,-3.240891873599902051e-02,-3.499533657274016968e-02,-8.621623824898340160e+01,4.265336094260746336e+01,-3.063015414565793293e+01,0.000000000000000000e+00,0.000000000000000000e+00,0.000000000000000000e+00,0.000000000000000000e+00,8.276386718750000000e+02,8.276853027343750000e+02,8.276369628906250000e+02,8.276386718750000000e+02,-1.002984922020628572e+09
8.070000000000000506e-01,-8.618012040442303601e+01,4.268589965379300821e+01,-3.059515374793100051e+01,1.436964481342783984e-04,1.297924495489155561e-04,5.061154190855177148e-06,1.029719710350036621e-01,2.426341056823730469e+00,-2.574118852615356445e+00,-3.611784456036400137e-02,-3.253871118554572950e-02,-3.500039772693112200e-02,-8.621623824898340160e+01,4.265336094260746336e+01,-3.063015414565793293e+01,0.000000000000000000e+00,0.000000000000000000e+00,0.000000000000000000e+00,0.000000000000000000e+00,8.276387329101562500e+02,8.276840820312500000e+02,8.276369628906250000e+02,8.276387329101562500e+02,-1.002995107183243632e+09
8.080000000000000515e-01,-8.617997685461389779e+01,4.268602938940720293e+01,-3.059514902721788232e+01,1.435498091382214625e-04,1.297356141947147989e-04,4.720713118189223678e-06,1.029809117317199707e-01,2.426377296447753906e+00,-2.574150562286376953e+00,-3.626139436949852440e-02,-3.266844679973709281e-02,-3.500511844005051859e-02,-8.621623824898340160e+01,4.265336094260746336e+01,-3.063015414565793293e+01,0.000000000000000000e+00,0.000000000000000000e+00,0.000000000000000000e+00,0.000000000000000000e+00,8.276387329101562500e+02,8.276829833984375000e+02,8.276369018554687500e+02,8.276387329101562500e+02,-1.003005292331903338e+09
8.090000000000000524e-01,-8.617983344143749491e+01,4.268615907152179290e+01,-3.059514465028410157e+01,1.434131764028734324e-04,1.296821145899684780e-04,4.376933780747549463e-06,1.029890477657318115e-01,2.426409006118774414e+00,-2.574179410934448242e+00,-3.640480754590106477e-02,-3.279812891432761640e-02,-3.500949537383275800e-02,-8.621623824898340160e+01,4.265336094260746336e+01,-3.063015414565793293e+01,0.000000000000000000e+00,0.000000000000000000e+00,0.000000000000000000e+00,0.000000000000000000e+00,8.276387939453125000e+02,8.276818237304687500e+02,8.276369018554687500e+02,8.276387939453125000e+02,-1.003015477466647744e+09
8.100000000000000533e-01,-8.617969016489456635e+01,4.268628870013760235e+01,-3.059514061045888411e+01,1.432765429285609571e-04,1.296286158094517305e-04,4.039825217461157081e-06,1.029977798461914062e-01,2.426444053649902344e+00,-2.574209690093994141e+00,-3.654808408882914694e-02,-3.292775753013964940e-02,-3.501353519904895628e-02,-8.621623824898340160e+01,4.265336094260746336e+01,-3.063015414565793293e+01,0.000000000000000000e+00,0.000000000000000000e+00,0.000000000000000000e+00,0.000000000000000000e+00,8.276387939453125000e+02,8.276807250976562500e+02,8.276368408203125000e+02,8.276387939453125000e+02,-1.003025662587516665e+09
8.110000000000000542e-01,-8.617954701498078407e+01,4.268641827859254079e+01,-3.059513690441047018e+01,1.431499137822811463e-04,1.295784549384393358e-04,3.706048413931739560e-06,1.030060648918151855e-01,2.426476955413818359e+00,-2.574238300323486328e+00,-3.669123400261518897e-02,-3.305733598507500787e-02,-3.501724124746348477e-02,-8.621623824898340160e+01,4.265336094260746336e+01,-3.063015414565793293e+01,0.000000000000000000e+00,0.000000000000000000e+00,0.000000000000000000e+00,0.000000000000000000e+00,8.276388549804687500e+02,8.276796875000000000e+02,8.276368408203125000e+02,8.276388549804687500e+02,-1.003035847694548011e+09
8.120000000000000551e-01,-8.617940398502784660e+01,4.268654781022457456e+01,-3.059513352547113385e+01,1.430299529374678968e-04,1.295316320337747129e-04,3.378939336329267462e-06,1.030147075653076172e-01,2.426512002944946289e+00,-2.574269533157348633e+00,-3.683426395555560590e-02,-3.318686761710856054e-02,-3.502062018679810707e-02,-8.621623824898340160e+01,4.265336094260746336e+01,-3.063015414565793293e+01,0.000000000000000000e+00,0.000000000000000000e+00,0.000000000000000000e+00,0.000000000000000000e+00,8.276388549804687500e+02,8.276786499023437500e+02,8.276367797851562500e+02,8.276388549804687500e+02,-1.003046032787778616e+09
8.129999999999999449e-01,-8.617926106169936418e+01,4.268667730170988506e+01,-3.059513046364116562e+01,1.429233284824249495e-04,1.294914853104955910e-04,3.061829968231677412e-06,1.030228435993194580e-01,2.426544427871704102e+00,-2.574297666549682617e+00,-3.697718728403619898e-02,-3.331635910242060350e-02,-3.502368201676774734e-02,-8.621623824898340160e+01,4.265336094260746336e+01,-3.063015414565793293e+01,0.000000000000000000e+00,0.000000000000000000e+00,0.000000000000000000e+00,0.000000000000000000e+00,8.276389160156250000e+02,8.276776123046875000e+02,8.276367797851562500e+02,8.276389160156250000e+02,-1.003056217867242932e+09
8.139999999999999458e-01,-8.617911823832902485e+01,4.268680675305472505e+01,-3.059512770224672451e+01,1.428233703393289034e-04,1.294513448399925437e-04,2.761394441108677711e-06,1.030316650867462158e-01,2.426579713821411133e+00,-2.574328899383544922e+00,-3.712001065437877528e-02,-3.344581044725965235e-02,-3.502644341120682986e-02,-8.621623824898340160e+01,4.265336094260746336e+01,-3.063015414565793293e+01,0.000000000000000000e+00,0.000000000000000000e+00,0.000000000000000000e+00,0.000000000000000000e+00,8.276389160156250000e+02,8.276766357421875000e+02,8.276367187500000000e+02,8.276389160156250000e+02,-1.003066402932973146e+09
8.149999999999999467e-01,-8.617897550491662173e+01,4.268693617426943376e+01,-3.059512523128834971e+01,1.427334124031176543e-04,1.294212147087137055e-04,2.470958374800602542e-06,1.030397117137908936e-01,2.426612138748168945e+00,-2.574357748031616211e+00,-3.726274406678152518e-02,-3.357523166197030201e-02,-3.502891436958365662e-02,-8.621623824898340160e+01,4.265336094260746336e+01,-3.063015414565793293e+01,0.000000000000000000e+00,0.000000000000000000e+00,0.000000000000000000e+00,0.000000000000000000e+00,8.276389770507812500e+02,8.276756591796875000e+02,8.276367187500000000e+02,8.276389770507812500e+02,-1.003076587985000134e+09
8.159999999999999476e-01,-8.617883284812582190e+01,4.268706556202848645e+01,-3.059512303075812767e+01,1.426567907998332885e-04,1.293877590526903987e-04,2.200530222040697481e-06,1.030481755733489990e-01,2.426645994186401367e+00,-2.574386596679687500e+00,-3.740540085758298217e-02,-3.370461942102214586e-02,-3.503111489980417770e-02,-8.621623824898340160e+01,4.265336094260746336e+01,-3.063015414565793293e+01,0.000000000000000000e+00,0.000000000000000000e+00,0.000000000000000000e+00,0.000000000000000000e+00,8.276389770507812500e+02,8.276747436523437500e+02,8.276367187500000000e+02,8.276389770507812500e+02,-1.003086773023350716e+09
8.169999999999999485e-01,-8.617869025795852167e+01,4.268719492634455293e+01,-3.059512108398664054e+01,1.425901673002272219e-04,1.293643160664714742e-04,1.946771487126852662e-06,1.030566692352294922e-01,2.426678895950317383e+00,-2.574416875839233398e+00,-3.754799102488690782e-02,-3.383398373708760426e-02,-3.503306167129330989e-02,-8.621623824898340160e+01,4.265336094260746336e+01,-3.063015414565793293e+01,0.000000000000000000e+00,0.000000000000000000e+00,0.000000000000000000e+00,0.000000000000000000e+00,8.276389770507812500e+02,8.276738281250000000e+02,8.276366577148437500e+02,8.276389770507812500e+02,-1.003096958048050165e+09
8.179999999999999494e-01,-8.617854772108157135e+01,4.268732427056349366e+01,-3.059511936763323803e+01,1.425368769503165822e-04,1.293442189407301157e-04,1.716353402514414483e-06,1.030649542808532715e-01,2.426712036132812500e+00,-2.574446439743041992e+00,-3.769052790183621132e-02,-3.396332795603133198e-02,-3.503477802469324304e-02,-8.621623824898340160e+01,4.265336094260746336e+01,-3.063015414565793293e+01,0.000000000000000000e+00,0.000000000000000000e+00,0.000000000000000000e+00,0.000000000000000000e+00,8.276389770507812500e+02,8.276729125976562500e+02,8.276366577148437500e+02,8.276389770507812500e+02,-1.003107143059119940e+09
8.189999999999999503e-01,-8.617840522082489940e+01,4.268745359803011752e+01,-3.059511786502846320e+01,1.425002566719513197e-04,1.293274666238630743e-04,1.502604774827887013e-06,1.030732393264770508e-01,2.426745176315307617e+00,-2.574475765228271484e+00,-3.783302815850621975e-02,-3.409265542265296073e-02,-3.503628062946929911e-02,-8.621623824898340160e+01,4.265336094260746336e+01,-3.063015414565793293e+01,0.000000000000000000e+00,0.000000000000000000e+00,0.000000000000000000e+00,0.000000000000000000e+00,8.276389770507812500e+02,8.276720581054687500e+02,8.276366577148437500e+02,8.276389770507812500e+02,-1.003117328056578159e+09
8.199999999999999512e-01,-8.617826275052968299e+01,4.268758291876076783e+01,-3.059511654616194321e+01,1.424702952164125236e-04,1.293207306503063592e-04,1.318866519994799091e-06,1.030820012092590332e-01,2.426781177520751953e+00,-2.574506998062133789e+00,-3.797549845371398641e-02,-3.422197615330550141e-02,-3.503759949598981432e-02,-8.621623824898340160e+01,4.265336094260746336e+01,-3.063015414565793293e+01,0.000000000000000000e+00,0.000000000000000000e+00,0.000000000000000000e+00,0.000000000000000000e+00,8.276390380859375000e+02,8.276712036132812500e+02,8.276366577148437500e+02,8.276389770507812500e+02,-1.003127513040440798e+09
8.209999999999999520e-01,-8.617812029019201248e+01,4.268771223610259824e+01,-3.059511539103033329e+01,1.424603376705135815e-04,1.293173418304149891e-04,1.155131609920090341e-06,1.030898988246917725e-01,2.426812410354614258e+00,-2.574534177780151367e+00,-3.811795879139354137e-02,-3.435129349513632580e-02,-3.503875462760037279e-02,-8.621623824898340160e+01,4.265336094260746336e+01,-3.063015414565793293e+01,0.000000000000000000e+00,0.000000000000000000e+00,0.000000000000000000e+00,0.000000000000000000e+00,8.276389770507812500e+02,8.276704101562500000e+02,8.276366577148437500e+02,8.276389770507812500e+02,-1.003137698010719299e+09
8.219999999999999529e-01,-8.617797783315025129e+01,4.268784155673494496e+01,-3.059511437629243957e+01,1.424570417611903395e-04,1.293206323467188668e-04,1.014737893711981087e-06,1.030985414981842041e-01,2.426847696304321289e+00,-2.574564695358276367e+00,-3.826041583314968714e-02,-3.448061412748018584e-02,-3.503976936549398069e-02,-8.621623824898340160e+01,4.265336094260746336e+01,-3.063015414565793293e+01,0.000000000000000000e+00,0.000000000000000000e+00,0.000000000000000000e+00,0.000000000000000000e+00,8.276389770507812500e+02,8.276696166992187500e+02,8.276366577148437500e+02,8.276389770507812500e+02,-1.003147882967423201e+09
8.229999999999999538e-01,-8.617783535940368722e+01,4.268797088067457679e+01,-3.059511346860376335e+01,1.424737465640646406e-04,1.293239396318313084e-04,9.076886762215963245e-07,1.031068265438079834e-01,2.426880359649658203e+00,-2.574593782424926758e+00,-3.840288957971563916e-02,-3.460993806711582660e-02,-3.504067705416869655e-02,-8.621623824898340160e+01,4.265336094260746336e+01,-3.063015414565793293e+01,0.000000000000000000e+00,0.000000000000000000e+00,0.000000000000000000e+00,0.000000000000000000e+00,8.276389770507812500e+02,8.276688842773437500e+02,8.276366577148437500e+02,8.276389770507812500e+02,-1.003158067910556436e+09
8.239999999999999547e-01,-8.617769286125604822e+01,4.268810021586838843e+01,-3.059511264337967162e+01,1.424981476390030366e-04,1.293351938116416022e-04,8.252240917272501974e-07,1.031151413917541504e-01,2.426913976669311523e+00,-2.574622869491577148e+00,-3.854538772735947860e-02,-3.473927326092463713e-02,-3.504150227826102054e-02,-8.621623824898340160e+01,4.265336094260746336e+01,-3.063015414565793293e+01,0.000000000000000000e+00,0.000000000000000000e+00,0.000000000000000000e+00,0.000000000000000000e+00,8.276389770507812500e+02,8.276680908203125000e+02,8.276366577148437500e+02,8.276389770507812500e+02,-1.003168252840121031e+09
8.249999999999999556e-01,-8.617755032078822808e+01,4.268822957313027899e+01,-3.059511187310261704e+01,1.425404678201402930e-04,1.293572618905614036e-04,7.702770545847670292e-07,1.031232774257659912e-01,2.426945447921752930e+00,-2.574652433395385742e+00,-3.868792819516907178e-02,-3.486863052281276298e-02,-3.504227255531583429e-02,-8.621623824898340160e+01,4.265336094260746336e+01,-3.063015414565793293e+01,0.000000000000000000e+00,0.000000000000000000e+00,0.000000000000000000e+00,0.000000000000000000e+00,8.276389770507812500e+02,8.276674194335937500e+02,8.276367187500000000e+02,8.276389770507812500e+02,-1.003178437756114960e+09
8.259999999999999565e-01,-8.617740772362562041e+01,4.268835895374927958e+01,-3.059511112651776799e+01,1.425971626076716348e-04,1.293806190005852841e-04,7.465848490539883642e-07,1.031318306922912598e-01,2.426980972290039062e+00,-2.574682235717773438e+00,-3.883052535778788034e-02,-3.499801114181580464e-02,-3.504301914016387520e-02,-8.621623824898340160e+01,4.265336094260746336e+01,-3.063015414565793293e+01,0.000000000000000000e+00,0.000000000000000000e+00,0.000000000000000000e+00,0.000000000000000000e+00,8.276389160156250000e+02,8.276666870117187500e+02,8.276367187500000000e+02,8.276389160156250000e+02,-1.003188622658531904e+09
8.269999999999999574e-01,-8.617726506310718548e+01,4.268848836107148514e+01,-3.059511037694815272e+01,1.426605184349227784e-04,1.294073222055658334e-04,7.495696152659547806e-07,1.031402349472045898e-01,2.427013635635375977e+00,-2.574711799621582031e+00,-3.897318587621161762e-02,-3.512741846401906676e-02,-3.504376870978039016e-02,-8.621623824898340160e+01,4.265336094260746336e+01,-3.063015414565793293e+01,0.000000000000000000e+00,0.000000000000000000e+00,0.000000000000000000e+00,0.000000000000000000e+00,8.276389160156250000e+02,8.276660156250000000e+02,8.276367187500000000e+02,8.276389160156250000e+02,-1.003198807547363281e+09
8.279999999999999583e-01,-8.617712232256691607e+01,4.268861780178008303e+01,-3.059510960105610877e+01,1.427405402694148506e-04,1.294407085978832583e-04,7.758920439471239661e-07,1.031486093997955322e-01,2.427047729492187500e+00,-2.574741840362548828e+00,-3.911592641648482110e-02,-3.525685917261641572e-02,-3.504454460182519770e-02,-8.621623824898340160e+01,4.265336094260746336e+01,-3.063015414565793293e+01,0.000000000000000000e+00,0.000000000000000000e+00,0.000000000000000000e+00,0.000000000000000000e+00,8.276388549804687500e+02,8.276653442382812500e+02,8.276367797851562500e+02,8.276388549804687500e+02,-1.003208992422596335e+09
8.289999999999999591e-01,-8.617697948867700575e+01,4.268874727922688095e+01,-3.059510876216169706e+01,1.428338899103209769e-04,1.294774467979209476e-04,8.388944117143637413e-07,1.031570434570312500e-01,2.427081346511840820e+00,-2.574771642684936523e+00,-3.925876030639326858e-02,-3.538633661941661956e-02,-3.504538349623669002e-02,-8.621623824898340160e+01,4.265336094260746336e+01,-3.063015414565793293e+01,0.000000000000000000e+00,0.000000000000000000e+00,0.000000000000000000e+00,0.000000000000000000e+00,8.276388549804687500e+02,8.276647338867187500e+02,8.276368408203125000e+02,8.276388549804687500e+02,-1.003219177284214616e+09
8.299999999999999600e-01,-8.617683655811188714e+01,4.268887680009127905e+01,-3.059510783692331870e+01,1.429305651186041359e-04,1.295208643981027308e-04,9.252383783575623966e-07,1.031651496887207031e-01,2.427114009857177734e+00,-2.574799537658691406e+00,-3.940169087150886817e-02,-3.551585748381620028e-02,-3.504630873461457574e-02,-8.621623824898340160e+01,4.265336094260746336e+01,-3.063015414565793293e+01,0.000000000000000000e+00,0.000000000000000000e+00,0.000000000000000000e+00,0.000000000000000000e+00,8.276387939453125000e+02,8.276641235351562500e+02,8.276368408203125000e+02,8.276387939453125000e+02,-1.003229362132199764e+09
8.309999999999999609e-01,-8.617669351420384771e+01,4.268900636438676344e+01,-3.059510680200127197e+01,1.430439080394307894e-04,1.295642954843856387e-04,1.034922046727615452e-06,1.031739413738250732e-01,2.427149057388305664e+00,-2.574831247329711914e+00,-3.954473477955221944e-02,-3.564542177930351413e-02,-3.504734365666181684e-02,-8.621623824898340160e+01,4.265336094260746336e+01,-3.063015414565793293e+01,0.000000000000000000e+00,0.000000000000000000e+00,0.000000000000000000e+00,0.000000000000000000e+00,8.276387939453125000e+02,8.276635131835937500e+02,8.276369018554687500e+02,8.276387939453125000e+02,-1.003239546966529369e+09
8.319999999999999618e-01,-8.617655034696154814e+01,4.268913598213353566e+01,-3.059510562405214529e+01,1.431672422995688976e-04,1.296177467722259280e-04,1.177949126685007286e-06,1.031818687915802002e-01,2.427180528640747070e+00,-2.574859857559204102e+00,-3.968790202185062260e-02,-3.577503952607019588e-02,-3.504852160578716957e-02,-8.621623824898340160e+01,4.265336094260746336e+01,-3.063015414565793293e+01,0.000000000000000000e+00,0.000000000000000000e+00,0.000000000000000000e+00,0.000000000000000000e+00,8.276387329101562500e+02,8.276629028320312500e+02,8.276369628906250000e+02,8.276387329101562500e+02,-1.003249731787178159e+09
8.329999999999999627e-01,-8.617640705305463200e+01,4.268926565000388962e+01,-3.059510428640117752e+01,1.432939069161420775e-04,1.296678703539555499e-04,1.337650967769832278e-06,1.031902730464935303e-01,2.427214622497558594e+00,-2.574888467788696289e+00,-3.983119592877071291e-02,-3.590470739642376286e-02,-3.504985925675644515e-02,-8.621623824898340160e+01,4.265336094260746336e+01,-3.063015414565793293e+01,0.000000000000000000e+00,0.000000000000000000e+00,0.000000000000000000e+00,0.000000000000000000e+00,8.276386718750000000e+02,8.276623535156250000e+02,8.276369628906250000e+02,8.276386718750000000e+02,-1.003259916594118834e+09
8.339999999999999636e-01,-8.617626362249096417e+01,4.268939537801713158e+01,-3.059510275904012744e+01,1.434305636678345763e-04,1.297280132419587062e-04,1.527361050079889537e-06,1.031990051269531250e-01,2.427248954772949219e+00,-2.574919462203979492e+00,-3.997462649244214183e-02,-3.603443540966576319e-02,-3.505138661780620585e-02,-8.621623824898340160e+01,4.265336094260746336e+01,-3.063015414565793293e+01,0.000000000000000000e+00,0.000000000000000000e+00,0.000000000000000000e+00,0.000000000000000000e+00,8.276386108398437500e+02,8.276618041992187500e+02,8.276370239257812500e+02,8.276386108398437500e+02,-1.003270101387321234e+09
8.349999999999999645e-01,-8.617612004527025249e+01,4.268952516284782917e+01,-3.059510102529640463e+01,1.435772207116770005e-04,1.297848306975879495e-04,1.733743722809322207e-06,1.032070219516754150e-01,2.427281618118286133e+00,-2.574948072433471680e+00,-4.011820371314277212e-02,-3.616422024036475280e-02,-3.505312036152796046e-02,-8.621623824898340160e+01,4.265336094260746336e+01,-3.063015414565793293e+01,0.000000000000000000e+00,0.000000000000000000e+00,0.000000000000000000e+00,0.000000000000000000e+00,8.276385498046875000e+02,8.276612548828125000e+02,8.276370849609375000e+02,8.276385498046875000e+02,-1.003280286166752696e+09
8.359999999999999654e-01,-8.617597632140163455e+01,4.268965500784003098e+01,-3.059509906182651306e+01,1.437238686179398428e-04,1.298449922018107827e-04,1.963469891563818237e-06,1.032157838344573975e-01,2.427316665649414062e+00,-2.574979305267333984e+00,-4.026192758176193320e-02,-3.629406523256418354e-02,-3.505508383141849038e-02,-8.621623824898340160e+01,4.265336094260746336e+01,-3.063015414565793293e+01,0.000000000000000000e+00,0.000000000000000000e+00,0.000000000000000000e+00,0.000000000000000000e+00,8.276384887695312500e+02,8.276607666015625000e+02,8.276371459960937500e+02,8.276384887695312500e+02,-1.003290470932379007e+09
8.369999999999999662e-01,-8.617583244422314692e+01,4.268978491633875194e+01,-3.059509684862414858e+01,1.438771784876280435e-04,1.299084987209653264e-04,2.213202364487187879e-06,1.032238304615020752e-01,2.427348852157592773e+00,-2.575007677078247070e+00,-4.040580476025046330e-02,-3.642397373129143551e-02,-3.505729703378412249e-02,-8.621623824898340160e+01,4.265336094260746336e+01,-3.063015414565793293e+01,0.000000000000000000e+00,0.000000000000000000e+00,0.000000000000000000e+00,0.000000000000000000e+00,8.276384277343750000e+02,8.276602783203125000e+02,8.276372070312500000e+02,8.276384277343750000e+02,-1.003300655684163809e+09
8.379999999999999671e-01,-8.617568841040275629e+01,4.268991488501447407e+01,-3.059509437568478774e+01,1.440338203906321723e-04,1.299686757221252265e-04,2.472939360842474343e-06,1.032325327396392822e-01,2.427383661270141602e+00,-2.575037717819213867e+00,-4.054983858064231672e-02,-3.655394240700794023e-02,-3.505976997314363963e-02,-8.621623824898340160e+01,4.265336094260746336e+01,-3.063015414565793293e+01,0.000000000000000000e+00,0.000000000000000000e+00,0.000000000000000000e+00,0.000000000000000000e+00,8.276383666992187500e+02,8.276597900390625000e+02,8.276372680664062500e+02,8.276383666992187500e+02,-1.003310840422069550e+09
8.389999999999999680e-01,-8.617554421995080816e+01,4.269004492388043559e+01,-3.059509162300242124e+01,1.441904519481340685e-04,1.300388659615236975e-04,2.752682366491399080e-06,1.032408773899078369e-01,2.427417278289794922e+00,-2.575067281723022461e+00,-4.069402903259224102e-02,-3.668398127297459871e-02,-3.506252265551288577e-02,-8.621623824898340160e+01,4.265336094260746336e+01,-3.063015414565793293e+01,0.000000000000000000e+00,0.000000000000000000e+00,0.000000000000000000e+00,0.000000000000000000e+00,8.276383666992187500e+02,8.276593017578125000e+02,8.276373291015625000e+02,8.276383056640625000e+02,-1.003321025146058202e+09
8.399999999999999689e-01,-8.617539986619937054e+01,4.269017502293936417e+01,-3.059508857723620068e+01,1.443537514376203035e-04,1.300990589285788701e-04,3.045766220566292759e-06,1.032494306564331055e-01,2.427451133728027344e+00,-2.575097560882568359e+00,-4.083838278402936867e-02,-3.681408033189903506e-02,-3.506556842173221694e-02,-8.621623824898340160e+01,4.265336094260746336e+01,-3.063015414565793293e+01,0.000000000000000000e+00,0.000000000000000000e+00,0.000000000000000000e+00,0.000000000000000000e+00,8.276383056640625000e+02,8.276588745117187500e+02,8.276373901367187500e+02,8.276383056640625000e+02,-1.003331209856088758e+09
8.409999999999999698e-01,-8.617525535582267082e+01,4.269030518886162895e+01,-3.059508523505209254e+01,1.445103766997135608e-04,1.301659222647799652e-04,3.342184108134915732e-06,1.032577455043792725e-01,2.427483797073364258e+00,-2.575126647949218750e+00,-4.098289316073251004e-02,-3.694424625416291991e-02,-3.506891060584009512e-02,-8.621623824898340160e+01,4.265336094260746336e+01,-3.063015414565793293e+01,0.000000000000000000e+00,0.000000000000000000e+00,0.000000000000000000e+00,0.000000000000000000e+00,8.276382446289062500e+02,8.276583862304687500e+02,8.276374511718750000e+02,8.276382446289062500e+02,-1.003341394552122116e+09
8.419999999999999707e-01,-8.617511068882608072e+01,4.269043541831930355e+01,-3.059508157977441556e+01,1.446669965901037358e-04,1.302294576746021448e-04,3.655277676983814672e-06,1.032661497592926025e-01,2.427518844604492188e+00,-2.575157165527343750e+00,-4.112756015731622306e-02,-3.707447571183765389e-02,-3.507256588351794629e-02,-8.621623824898340160e+01,4.265336094260746336e+01,-3.063015414565793293e+01,0.000000000000000000e+00,0.000000000000000000e+00,0.000000000000000000e+00,0.000000000000000000e+00,8.276381835937500000e+02,8.276579589843750000e+02,8.276375122070312500e+02,8.276381835937500000e+02,-1.003351579234117389e+09
8.429999999999999716e-01,-8.617496586520961444e+01,4.269056571131238798e+01,-3.059507761473899379e+01,1.448236164662830561e-04,1.302929930844243245e-04,3.965035421771290203e-06,1.032747626304626465e-01,2.427552700042724609e+00,-2.575187444686889648e+00,-4.127238377379361528e-02,-3.720476870492573501e-02,-3.507653091893920411e-02,-8.621623824898340160e+01,4.265336094260746336e+01,-3.063015414565793293e+01,0.000000000000000000e+00,0.000000000000000000e+00,0.000000000000000000e+00,0.000000000000000000e+00,8.276381225585937500e+02,8.276575317382812500e+02,8.276375732421875000e+02,8.276381225585937500e+02,-1.003361763902034283e+09
8.439999999999999725e-01,-8.617482088831152964e+01,4.269069606784347570e+01,-3.059507333327540834e+01,1.449768980847920830e-04,1.303565310877274896e-04,4.281463585442679687e-06,1.032833456993103027e-01,2.427587270736694336e+00,-2.575218200683593750e+00,-4.141736067187894860e-02,-3.733512523601115185e-02,-3.508081238252509781e-02,-8.621623824898340160e+01,4.265336094260746336e+01,-3.063015414565793293e+01,0.000000000000000000e+00,0.000000000000000000e+00,0.000000000000000000e+00,0.000000000000000000e+00,8.276380615234375000e+02,8.276571044921875000e+02,8.276376342773437500e+02,8.276380615234375000e+02,-1.003371948555832505e+09
8.449999999999999734e-01,-8.617467576813712071e+01,4.269082648124181389e+01,-3.059506873204367849e+01,1.451201744089303247e-04,1.304133983381916551e-04,4.601231729850496777e-06,1.032918095588684082e-01,2.427620887756347656e+00,-2.575247287750244141e+00,-4.156248084627635342e-02,-3.746553863435388154e-02,-3.508541361425485117e-02,-8.621623824898340160e+01,4.265336094260746336e+01,-3.063015414565793293e+01,0.000000000000000000e+00,0.000000000000000000e+00,0.000000000000000000e+00,0.000000000000000000e+00,8.276380004882812500e+02,8.276567382812500000e+02,8.276376953125000000e+02,8.276380004882812500e+02,-1.003382133195472598e+09
8.459999999999999742e-01,-8.617453050468532183e+01,4.269095695150622305e+01,-3.059506381771461747e+01,1.452634517988826701e-04,1.304702644091548791e-04,4.914329061023181566e-06,1.033004522323608398e-01,2.427655935287475586e+00,-2.575278043746948242e+00,-4.170774429807895534e-02,-3.759600889876082291e-02,-3.509032794331723437e-02,-8.621623824898340160e+01,4.265336094260746336e+01,-3.063015414565793293e+01,0.000000000000000000e+00,0.000000000000000000e+00,0.000000000000000000e+00,0.000000000000000000e+00,8.276379394531250000e+02,8.276563110351562500e+02,8.276377563476562500e+02,8.276379394531250000e+02,-1.003392317820915699e+09
8.469999999999999751e-01,-8.617438511129529388e+01,4.269108747529755021e+01,-3.059505859361837210e+01,1.453933900279480440e-04,1.305237913271639627e-04,5.224096245370901670e-06,1.033088862895965576e-01,2.427689552307128906e+00,-2.575307369232177734e+00,-4.185313768811461249e-02,-3.772653269008515581e-02,-3.509555203956215425e-02,-8.621623824898340160e+01,4.265336094260746336e+01,-3.063015414565793293e+01,0.000000000000000000e+00,0.000000000000000000e+00,0.000000000000000000e+00,0.000000000000000000e+00,8.276378784179687500e+02,8.276559448242187500e+02,8.276378173828125000e+02,8.276378784179687500e+02,-1.003402502432125211e+09
8.479999999999999760e-01,-8.617423959129990862e+01,4.269121804927846853e+01,-3.059505306642337530e+01,1.455199953852570616e-04,1.305739809183137368e-04,5.527194996801654270e-06,1.033174395561218262e-01,2.427723646163940430e+00,-2.575338125228881836e+00,-4.199865768349033551e-02,-3.785710667100610632e-02,-3.510107923455849793e-02,-8.621623824898340160e+01,4.265336094260746336e+01,-3.063015414565793293e+01,0.000000000000000000e+00,0.000000000000000000e+00,0.000000000000000000e+00,0.000000000000000000e+00,8.276378173828125000e+02,8.276555786132812500e+02,8.276378173828125000e+02,8.276378173828125000e+02,-1.003412687029065013e+09
8.489999999999999769e-01,-8.617409395470217248e+01,4.269134867010959056e+01,-3.059504724279581467e+01,1.456365977361429032e-04,1.306208311220302676e-04,5.823627560630484368e-06,1.033260524272918701e-01,2.427758216857910156e+00,-2.575368404388427734e+00,-4.214429428123454835e-02,-3.798772750212606880e-02,-3.510690286211733818e-02,-8.621623824898340160e+01,4.265336094260746336e+01,-3.063015414565793293e+01,0.000000000000000000e+00,0.000000000000000000e+00,0.000000000000000000e+00,0.000000000000000000e+00,8.276377563476562500e+02,8.276552124023437500e+02,8.276378784179687500e+02,8.276377563476562500e+02,-1.003422871611701012e+09
8.499999999999999778e-01,-8.617394821150166706e+01,4.269147933444778431e+01,-3.059504113940698389e+01,1.457432005054215551e-04,1.306643381937533377e-04,6.103388830780431817e-06,1.033347249031066895e-01,2.427793025970458984e+00,-2.575399875640869141e+00,-4.229003748173294081e-02,-3.811839184031989847e-02,-3.511300625094972150e-02,-8.621623824898340160e+01,4.265336094260746336e+01,-3.063015414565793293e+01,0.000000000000000000e+00,0.000000000000000000e+00,0.000000000000000000e+00,0.000000000000000000e+00,8.276376953125000000e+02,8.276548461914062500e+02,8.276379394531250000e+02,8.276376953125000000e+02,-1.003433056180001378e+09
8.509999999999999787e-01,-8.617380237503634532e+01,4.269161003895252549e+01,-3.059503476292183066e+01,1.458364653217358864e-04,1.307045047411747873e-04,6.376485153225530667e-06,1.033430993556976318e-01,2.427825927734375000e+00,-2.575429201126098633e+00,-4.243587394705428117e-02,-3.824909634506069855e-02,-3.511938273610397399e-02,-8.621623824898340160e+01,4.265336094260746336e+01,-3.063015414565793293e+01,0.000000000000000000e+00,0.000000000000000000e+00,0.000000000000000000e+00,0.000000000000000000e+00,8.276376953125000000e+02,8.276544799804687500e+02,8.276380004882812500e+02,8.276376953125000000e+02,-1.003443240733937025e+09
8.519999999999999796e-01,-8.617365645196738910e+01,4.269174077694404446e+01,-3.059502813668149201e+01,1.459230689562218686e-04,1.307379915189699204e-04,6.626240338647448880e-06,1.033517718315124512e-01,2.427860975265502930e+00,-2.575459003448486328e+00,-4.258179701601060713e-02,-3.837983433657978644e-02,-3.512600897644060916e-02,-8.621623824898340160e+01,4.265336094260746336e+01,-3.063015414565793293e+01,0.000000000000000000e+00,0.000000000000000000e+00,0.000000000000000000e+00,0.000000000000000000e+00,8.276376342773437500e+02,8.276541137695312500e+02,8.276380004882812500e+02,8.276376342773437500e+02,-1.003453425273480654e+09
8.529999999999999805e-01,-8.617351045896552364e+01,4.269187154174436216e+01,-3.059502127068347122e+01,1.459930018654631567e-04,1.307648003177064311e-04,6.865998020799679580e-06,1.033605337142944336e-01,2.427896499633789062e+00,-2.575489997863769531e+00,-4.272779001787652825e-02,-3.851059913689588998e-02,-3.513287497446181823e-02,-8.621623824898340160e+01,4.265336094260746336e+01,-3.063015414565793293e+01,0.000000000000000000e+00,0.000000000000000000e+00,0.000000000000000000e+00,0.000000000000000000e+00,8.276376342773437500e+02,8.276538085937500000e+02,8.276380615234375000e+02,8.276376342773437500e+02,-1.003463609798607707e+09
8.539999999999999813e-01,-8.617336440269380660e+01,4.269200233334362338e+01,-3.059501418827123587e+01,1.460562717170432734e-04,1.307915992612151967e-04,7.082412235348556351e-06,1.033691465854644775e-01,2.427930831909179688e+00,-2.575520277023315430e+00,-4.287384628959042820e-02,-3.864139073615742437e-02,-3.513995738669709046e-02,-8.621623824898340160e+01,4.265336094260746336e+01,-3.063015414565793293e+01,0.000000000000000000e+00,0.000000000000000000e+00,0.000000000000000000e+00,0.000000000000000000e+00,8.276375732421875000e+02,8.276534423828125000e+02,8.276380615234375000e+02,8.276375732421875000e+02,-1.003473794309296608e+09
8.549999999999999822e-01,-8.617321830315337650e+01,4.269213314505765311e+01,-3.059500691278121209e+01,1.460995404301002054e-04,1.308117140297326841e-04,7.275490023772590575e-06,1.033776700496673584e-01,2.427964687347412109e+00,-2.575550556182861328e+00,-4.301994583002255457e-02,-3.877220245019247918e-02,-3.514723287672027324e-02,-8.621623824898340160e+01,4.265336094260746336e+01,-3.063015414565793293e+01,0.000000000000000000e+00,0.000000000000000000e+00,0.000000000000000000e+00,0.000000000000000000e+00,8.276375732421875000e+02,8.276531372070312500e+02,8.276381225585937500e+02,8.276375732421875000e+02,-1.003483978805529833e+09
8.559999999999999831e-01,-8.617307216700514516e+01,4.269226396687246705e+01,-3.059499946421792060e+01,1.461361482313350280e-04,1.308218148139417281e-04,7.448563291490017946e-06,1.033865213394165039e-01,2.427999734878540039e+00,-2.575582027435302734e+00,-4.316608197825847620e-02,-3.890302426500285432e-02,-3.515468144001236694e-02,-8.621623824898340160e+01,4.265336094260746336e+01,-3.063015414565793293e+01,0.000000000000000000e+00,0.000000000000000000e+00,0.000000000000000000e+00,0.000000000000000000e+00,8.276375122070312500e+02,8.276527709960937500e+02,8.276381225585937500e+02,8.276375122070312500e+02,-1.003494163287291288e+09
8.569999999999999840e-01,-8.617292601425207010e+01,4.269239479877375487e+01,-3.059499186592008613e+01,1.461527530750572623e-04,1.308319012878200738e-04,7.598297834476852586e-06,1.033950746059417725e-01,2.428033828735351562e+00,-2.575611352920532227e+00,-4.331223473132912033e-02,-3.903385616629118093e-02,-3.516227973784556704e-02,-8.621623824898340160e+01,4.265336094260746336e+01,-3.063015414565793293e+01,0.000000000000000000e+00,0.000000000000000000e+00,0.000000000000000000e+00,0.000000000000000000e+00,8.276375122070312500e+02,8.276524658203125000e+02,8.276381225585937500e+02,8.276375122070312500e+02,-1.003504347754570127e+09
8.579999999999999849e-01,-8.617277985488868808e+01,4.269252563407879819e+01,-3.059498414456229298e+01,1.461593633820257310e-04,1.308353050433197495e-04,7.721357793144534298e-06,1.034037172794342041e-01,2.428069353103637695e+00,-2.575642585754394531e+00,-4.345839409471899395e-02,-3.916469147133566642e-02,-3.517000109563834381e-02,-8.621623824898340160e+01,4.265336094260746336e+01,-3.063015414565793293e+01,0.000000000000000000e+00,0.000000000000000000e+00,0.000000000000000000e+00,0.000000000000000000e+00,8.276375122070312500e+02,8.276521606445312500e+02,8.276381835937500000e+02,8.276375122070312500e+02,-1.003514532207357883e+09
8.589999999999999858e-01,-8.617263369890834213e+01,4.269265646276968340e+01,-3.059497632681777546e+01,1.461559803459522300e-04,1.308286908852096531e-04,7.817744517524261028e-06,1.034123003482818604e-01,2.428103446960449219e+00,-2.575673103332519531e+00,-4.360455007505846525e-02,-3.929552016222220140e-02,-3.517781884015664523e-02,-8.621623824898340160e+01,4.265336094260746336e+01,-3.063015414565793293e+01,0.000000000000000000e+00,0.000000000000000000e+00,0.000000000000000000e+00,0.000000000000000000e+00,8.276375122070312500e+02,8.276517944335937500e+02,8.276381835937500000e+02,8.276375122070312500e+02,-1.003524716645648718e+09
8.599999999999999867e-01,-8.617248756964860945e+01,4.269278728816447455e+01,-3.059496843936016930e+01,1.461292597326746545e-04,1.308253947911452997e-04,7.887457606159387069e-06,1.034211218357086182e-01,2.428138256072998047e+00,-2.575703859329223633e+00,-4.375067933479340199e-02,-3.942634555701376303e-02,-3.518570629776215930e-02,-8.621623824898340160e+01,4.265336094260746336e+01,-3.063015414565793293e+01,0.000000000000000000e+00,0.000000000000000000e+00,0.000000000000000000e+00,0.000000000000000000e+00,8.276375122070312500e+02,8.276514892578125000e+02,8.276381835937500000e+02,8.276375122070312500e+02,-1.003534901069442987e+09
8.609999999999999876e-01,-8.617234147043147630e+01,4.269291809691197415e+01,-3.059496050886355079e+01,1.460992171331554346e-04,1.308087474996000310e-04,7.930496618513416252e-06,1.034296751022338867e-01,2.428172349929809570e+00,-2.575734138488769531e+00,-4.389677855193192813e-02,-3.955715430451136466e-02,-3.519363679438329562e-02,-8.621623824898340160e+01,4.265336094260746336e+01,-3.063015414565793293e+01,0.000000000000000000e+00,0.000000000000000000e+00,0.000000000000000000e+00,0.000000000000000000e+00,8.276375122070312500e+02,8.276511840820312500e+02,8.276381835937500000e+02,8.276375122070312500e+02,-1.003545085478741646e+09
8.619999999999999885e-01,-8.617219542125712906e+01,4.269304888566087897e+01,-3.059495256199997115e+01,1.460491743472402959e-04,1.307887489048198404e-04,7.946863579633145491e-06,1.034381985664367676e-01,2.428206682205200195e+00,-2.575764417648315430e+00,-4.404282772626548492e-02,-3.968794305341463019e-02,-3.520158365796255406e-02,-8.621623824898340160e+01,4.265336094260746336e+01,-3.063015414565793293e+01,0.000000000000000000e+00,0.000000000000000000e+00,0.000000000000000000e+00,0.000000000000000000e+00,8.276375122070312500e+02,8.276508789062500000e+02,8.276381835937500000e+02,8.276375122070312500e+02,-1.003555269873550773e+09
8.629999999999999893e-01,-8.617204943212038870e+01,4.269317965439658735e+01,-3.059494462878119592e+01,1.459891367403542972e-04,1.307687357083864299e-04,7.933218775235673093e-06,1.034471392631530762e-01,2.428241491317749023e+00,-2.575795650482177734e+00,-4.418881686300651229e-02,-3.981871178912408521e-02,-3.520951687673595093e-02,-8.621623824898340160e+01,4.265336094260746336e+01,-3.063015414565793293e+01,0.000000000000000000e+00,0.000000000000000000e+00,0.000000000000000000e+00,0.000000000000000000e+00,8.276375122070312500e+02,8.276505737304687500e+02,8.276381835937500000e+02,8.276375122070312500e+02,-1.003565454253879905e+09
8.639999999999999902e-01,-8.617190351634802425e+01,4.269331038976439885e+01,-3.059493673587757456e+01,1.459157723644466387e-04,1.307353678114964168e-04,7.892903621353752897e-06,1.034556329250335693e-01,2.428276062011718750e+00,-2.575824975967407227e+00,-4.433473263538192238e-02,-3.994944715693561632e-02,-3.521740978035829694e-02,-8.621623824898340160e+01,4.265336094260746336e+01,-3.063015414565793293e+01,0.000000000000000000e+00,0.000000000000000000e+00,0.000000000000000000e+00,0.000000000000000000e+00,8.276375122070312500e+02,8.276502685546875000e+02,8.276381225585937500e+02,8.276375122070312500e+02,-1.003575638619741440e+09
8.649999999999999911e-01,-8.617175768726959006e+01,4.269344109174839019e+01,-3.059492891329954745e+01,1.458290784341897961e-04,1.307019839913436954e-04,7.822578027116833255e-06,1.034643054008483887e-01,2.428311586380004883e+00,-2.575855970382690430e+00,-4.448056171381436358e-02,-4.008014914092464243e-02,-3.522523235838476152e-02,-8.621623824898340160e+01,4.265336094260746336e+01,-3.063015414565793293e+01,0.000000000000000000e+00,0.000000000000000000e+00,0.000000000000000000e+00,0.000000000000000000e+00,8.276375122070312500e+02,8.276499633789062500e+02,8.276381225585937500e+02,8.276375122070312500e+02,-1.003585822971151829e+09
8.659999999999999920e-01,-8.617161195154457687e+01,4.269357175700076823e+01,-3.059492118772348945e+01,1.457357250131963156e-04,1.306652523780371666e-04,7.725576057993066570e-06,1.034727990627288818e-01,2.428344964981079102e+00,-2.575885772705078125e+00,-4.462629743882633171e-02,-4.021081439330773111e-02,-3.523295793444314317e-02,-8.621623824898340160e+01,4.265336094260746336e+01,-3.063015414565793293e+01,0.000000000000000000e+00,0.000000000000000000e+00,0.000000000000000000e+00,0.000000000000000000e+00,8.276375732421875000e+02,8.276496582031250000e+02,8.276381225585937500e+02,8.276375732421875000e+02,-1.003596007308130026e+09
8.669999999999999929e-01,-8.617146632250143057e+01,4.269370237883651953e+01,-3.059491358582207710e+01,1.456290431463003188e-04,1.306218357512989314e-04,7.601901412357392473e-06,1.034816801548004150e-01,2.428380250930786133e+00,-2.575916290283203125e+00,-4.477192648197771130e-02,-4.034143622905851656e-02,-3.524055983585756835e-02,-8.621623824898340160e+01,4.265336094260746336e+01,-3.063015414565793293e+01,0.000000000000000000e+00,0.000000000000000000e+00,0.000000000000000000e+00,0.000000000000000000e+00,8.276375732421875000e+02,8.276493530273437500e+02,8.276380615234375000e+02,8.276375732421875000e+02,-1.003606191630698323e+09
8.679999999999999938e-01,-8.617132081347065764e+01,4.269383295390683486e+01,-3.059490613093413813e+01,1.455090307729278720e-04,1.305750703153307768e-04,7.454887938962428962e-06,1.034902334213256836e-01,2.428415298461914062e+00,-2.575947761535644531e+00,-4.491743551274928609e-02,-4.047201129937311875e-02,-3.524801472379440748e-02,-8.621623824898340160e+01,4.265336094260746336e+01,-3.063015414565793293e+01,0.000000000000000000e+00,0.000000000000000000e+00,0.000000000000000000e+00,0.000000000000000000e+00,8.276376342773437500e+02,8.276490478515625000e+02,8.276380615234375000e+02,8.276376342773437500e+02,-1.003616375938882470e+09
8.689999999999999947e-01,-8.617117542444245260e+01,4.269396347886689824e+01,-3.059489884640316149e+01,1.453890282050451788e-04,1.305249600633828777e-04,7.284530976647829448e-06,1.034988164901733398e-01,2.428448915481567383e+00,-2.575977325439453125e+00,-4.506282454094683032e-02,-4.060253625943247707e-02,-3.525529925477217941e-02,-8.621623824898340160e+01,4.265336094260746336e+01,-3.063015414565793293e+01,0.000000000000000000e+00,0.000000000000000000e+00,0.000000000000000000e+00,0.000000000000000000e+00,8.276376342773437500e+02,8.276487426757812500e+02,8.276380004882812500e+02,8.276376342773437500e+02,-1.003626560232709527e+09
8.699999999999999956e-01,-8.617103017208084736e+01,4.269409395369905269e+01,-3.059489176223810603e+01,1.452523616052303623e-04,1.304748321544479950e-04,7.084165055459834548e-06,1.035074591636657715e-01,2.428482532501220703e+00,-2.576008796691894531e+00,-4.520807690255514849e-02,-4.073301109158767447e-02,-3.526238341982826374e-02,-8.621623824898340160e+01,4.265336094260746336e+01,-3.063015414565793293e+01,0.000000000000000000e+00,0.000000000000000000e+00,0.000000000000000000e+00,0.000000000000000000e+00,8.276376953125000000e+02,8.276484375000000000e+02,8.276380004882812500e+02,8.276376953125000000e+02,-1.003636744512210846e+09
8.709999999999999964e-01,-8.617088505971116774e+01,4.269422436838972601e+01,-3.059488489510843934e+01,1.451123696796230433e-04,1.304146906733194555e-04,6.867129666687787903e-06,1.035161614418029785e-01,2.428517341613769531e+00,-2.576038837432861328e+00,-4.535318927223306457e-02,-4.086342578226306865e-02,-3.526925054949318211e-02,-8.621623824898340160e+01,4.265336094260746336e+01,-3.063015414565793293e+01,0.000000000000000000e+00,0.000000000000000000e+00,0.000000000000000000e+00,0.000000000000000000e+00,8.276377563476562500e+02,8.276481933593750000e+02,8.276379394531250000e+02,8.276376953125000000e+02,-1.003646928777418971e+09
8.719999999999999973e-01,-8.617074009066040219e+01,4.269435472626283001e+01,-3.059487826835897195e+01,1.449690507655532201e-04,1.303578731040033745e-04,6.626749467386616743e-06,1.035247445106506348e-01,2.428552389144897461e+00,-2.576069593429565430e+00,-4.549815832300121293e-02,-4.099378365536434504e-02,-3.527587729896210916e-02,-8.621623824898340160e+01,4.265336094260746336e+01,-3.063015414565793293e+01,0.000000000000000000e+00,0.000000000000000000e+00,0.000000000000000000e+00,0.000000000000000000e+00,8.276377563476562500e+02,8.276478881835937500e+02,8.276378784179687500e+02,8.276377563476562500e+02,-1.003657113028368592e+09
8.729999999999999982e-01,-8.617059527159081256e+01,4.269448502397366951e+01,-3.059487189866054635e+01,1.448190695896300895e-04,1.302977108394998140e-04,6.369698425601200142e-06,1.035331785678863525e-01,2.428585767745971680e+00,-2.576098442077636719e+00,-4.564297739258823400e-02,-4.112408136620304688e-02,-3.528224699738733566e-02,-8.621623824898340160e+01,4.265336094260746336e+01,-3.063015414565793293e+01,0.000000000000000000e+00,0.000000000000000000e+00,0.000000000000000000e+00,0.000000000000000000e+00,8.276378173828125000e+02,8.276476440429687500e+02,8.276378784179687500e+02,8.276378173828125000e+02,-1.003667297265095949e+09
8.739999999999999991e-01,-8.617045060583177474e+01,4.269461526151488329e+01,-3.059486579935144235e+01,1.446657590378208624e-04,1.302375412137735111e-04,6.099309104001804371e-06,1.035418808460235596e-01,2.428621053695678711e+00,-2.576129674911499023e+00,-4.578764315162722059e-02,-4.125431890742083801e-02,-3.528834630649022724e-02,-8.621623824898340160e+01,4.265336094260746336e+01,-3.063015414565793293e+01,0.000000000000000000e+00,0.000000000000000000e+00,0.000000000000000000e+00,0.000000000000000000e+00,8.276378784179687500e+02,8.276473388671875000e+02,8.276378173828125000e+02,8.276378784179687500e+02,-1.003677481487639189e+09
8.750000000000000000e-01,-8.617030609670794661e+01,4.269474543553999268e+01,-3.059485999377375265e+01,1.445091238281293045e-04,1.301740251093974621e-04,5.805577689699248367e-06,1.035504639148712158e-01,2.428655147552490234e+00,-2.576159477233886719e+00,-4.593215227544884122e-02,-4.138449293252830646e-02,-3.529415188417976690e-02,-8.621623824898340160e+01,4.265336094260746336e+01,-3.063015414565793293e+01,0.000000000000000000e+00,0.000000000000000000e+00,0.000000000000000000e+00,0.000000000000000000e+00,8.276378784179687500e+02,8.276470947265625000e+02,8.276377563476562500e+02,8.276378784179687500e+02,-1.003687665696037889e+09
8.760000000000000009e-01,-8.617016174755218572e+01,4.269487554604548762e+01,-3.059485448526055151e+01,1.443491557608922449e-04,1.301105054949402984e-04,5.508513201135656345e-06,1.035588383674621582e-01,2.428688764572143555e+00,-2.576189041137695312e+00,-4.607650143121658909e-02,-4.151460343802171327e-02,-3.529966039738168665e-02,-8.621623824898340160e+01,4.265336094260746336e+01,-3.063015414565793293e+01,0.000000000000000000e+00,0.000000000000000000e+00,0.000000000000000000e+00,0.000000000000000000e+00,8.276379394531250000e+02,8.276467895507812500e+02,8.276376953125000000e+02,8.276379394531250000e+02,-1.003697849890332341e+09
8.770000000000000018e-01,-8.617001755168830357e+01,4.269500559636060188e+01,-3.059484929049009239e+01,1.441958638821461136e-04,1.300503151142606839e-04,5.194770459127084905e-06,1.035674214363098145e-01,2.428722381591796875e+00,-2.576218366622924805e+00,-4.622069729509251795e-02,-4.164465375313757683e-02,-3.530485516784048067e-02,-8.621623824898340160e+01,4.265336094260746336e+01,-3.063015414565793293e+01,0.000000000000000000e+00,0.000000000000000000e+00,0.000000000000000000e+00,0.000000000000000000e+00,8.276380004882812500e+02,8.276465454101562500e+02,8.276376342773437500e+02,8.276380004882812500e+02,-1.003708034070563197e+09
8.780000000000000027e-01,-8.616987351244581816e+01,4.269513557981029805e+01,-3.059484441612782746e+01,1.440392424854053388e-04,1.299834496961693731e-04,4.874362264928322475e-06,1.035761833190917969e-01,2.428757905960083008e+00,-2.576250553131103516e+00,-4.636473653758114988e-02,-4.177463720283631360e-02,-3.530972953010663024e-02,-8.621623824898340160e+01,4.265336094260746336e+01,-3.063015414565793293e+01,0.000000000000000000e+00,0.000000000000000000e+00,0.000000000000000000e+00,0.000000000000000000e+00,8.276380615234375000e+02,8.276463012695312500e+02,8.276376342773437500e+02,8.276380615234375000e+02,-1.003718218236771345e+09
8.790000000000000036e-01,-8.616972962982548268e+01,4.269526550639716334e+01,-3.059483986551208190e+01,1.438826203354892641e-04,1.299265868652810241e-04,4.550615745557706759e-06,1.035842895507812500e-01,2.428789854049682617e+00,-2.576278448104858398e+00,-4.650861915792124657e-02,-4.190456378969701495e-02,-3.531428014585152181e-02,-8.621623824898340160e+01,4.265336094260746336e+01,-3.063015414565793293e+01,0.000000000000000000e+00,0.000000000000000000e+00,0.000000000000000000e+00,0.000000000000000000e+00,8.276381225585937500e+02,8.276459960937500000e+02,8.276375732421875000e+02,8.276381225585937500e+02,-1.003728402388998866e+09
8.800000000000000044e-01,-8.616958589381651734e+01,4.269539536945021041e+01,-3.059483564531317867e+01,1.437360089653338946e-04,1.298630530470745725e-04,4.220198903226446419e-06,1.035932004451751709e-01,2.428825378417968750e+00,-2.576309919357299805e+00,-4.665235516688331918e-02,-4.203442684274374952e-02,-3.531850034475587929e-02,-8.621623824898340160e+01,4.265336094260746336e+01,-3.063015414565793293e+01,0.000000000000000000e+00,0.000000000000000000e+00,0.000000000000000000e+00,0.000000000000000000e+00,8.276381225585937500e+02,8.276457519531250000e+02,8.276375122070312500e+02,8.276381225585937500e+02,-1.003738586527285933e+09
8.810000000000000053e-01,-8.616944230442108221e+01,4.269552517563965210e+01,-3.059483175219804352e+01,1.435893954351286084e-04,1.298061894416946416e-04,3.893115135156222095e-06,1.036013662815093994e-01,2.428858280181884766e+00,-2.576339006423950195e+00,-4.679594456231769145e-02,-4.216423303218699847e-02,-3.532239345988764240e-02,-8.621623824898340160e+01,4.265336094260746336e+01,-3.063015414565793293e+01,0.000000000000000000e+00,0.000000000000000000e+00,0.000000000000000000e+00,0.000000000000000000e+00,8.276381835937500000e+02,8.276455078125000000e+02,8.276374511718750000e+02,8.276381835937500000e+02,-1.003748770651672959e+09
8.820000000000000062e-01,-8.616929885496897157e+01,4.269565492830135867e+01,-3.059482818616980282e+01,1.434494521106444154e-04,1.297526617065614118e-04,3.566028240697960427e-06,1.036100387573242188e-01,2.428893327713012695e+00,-2.576370239257812500e+00,-4.693939401442431825e-02,-4.229398569389367785e-02,-3.532595948813069958e-02,-8.621623824898340160e+01,4.265336094260746336e+01,-3.063015414565793293e+01,0.000000000000000000e+00,0.000000000000000000e+00,0.000000000000000000e+00,0.000000000000000000e+00,8.276382446289062500e+02,8.276453247070312500e+02,8.276373901367187500e+02,8.276382446289062500e+02,-1.003758954762199521e+09
8.830000000000000071e-01,-8.616915553878794753e+01,4.269578462410108699e+01,-3.059482494722887225e+01,1.433161810240335399e-04,1.296957997283243458e-04,3.238940930572198340e-06,1.036182641983032227e-01,2.428925514221191406e+00,-2.576398372650146484e+00,-4.708271019545531844e-02,-4.242368149362675533e-02,-3.532919842905989788e-02,-8.621623824898340160e+01,4.265336094260746336e+01,-3.063015414565793293e+01,0.000000000000000000e+00,0.000000000000000000e+00,0.000000000000000000e+00,0.000000000000000000e+00,8.276383056640625000e+02,8.276450805664062500e+02,8.276373901367187500e+02,8.276383056640625000e+02,-1.003769138858904004e+09
8.840000000000000080e-01,-8.616901234921377295e+01,4.269591426971527426e+01,-3.059482202203960099e+01,1.431895741745847772e-04,1.296456141872681656e-04,2.925189271252293111e-06,1.036269664764404297e-01,2.428960800170898438e+00,-2.576428651809692383e+00,-4.722589976962981301e-02,-4.255332710781250388e-02,-3.533212361833328041e-02,-8.621623824898340160e+01,4.265336094260746336e+01,-3.063015414565793293e+01,0.000000000000000000e+00,0.000000000000000000e+00,0.000000000000000000e+00,0.000000000000000000e+00,8.276383056640625000e+02,8.276448364257812500e+02,8.276373291015625000e+02,8.276383056640625000e+02,-1.003779322941823125e+09
8.850000000000000089e-01,-8.616886927624351245e+01,4.269604387181730232e+01,-3.059481940727279081e+01,1.430729702605049170e-04,1.296021020280591074e-04,2.614766810182800327e-06,1.036350131034851074e-01,2.428993225097656250e+00,-2.576458215713500977e+00,-4.736897273988540519e-02,-4.268292920983869643e-02,-3.533473838514057663e-02,-8.621623824898340160e+01,4.265336094260746336e+01,-3.063015414565793293e+01,0.000000000000000000e+00,0.000000000000000000e+00,0.000000000000000000e+00,0.000000000000000000e+00,8.276383666992187500e+02,8.276446533203125000e+02,8.276372680664062500e+02,8.276383666992187500e+02,-1.003789507010992408e+09
8.860000000000000098e-01,-8.616872630654212628e+01,4.269617343041703350e+01,-3.059481708625760632e+01,1.429697013861641608e-04,1.295585997311832216e-04,2.321015184492125627e-06,1.036439239978790283e-01,2.429028272628784180e+00,-2.576488733291625977e+00,-4.751194244126970972e-02,-4.281248780956702776e-02,-3.533705940032742798e-02,-8.621623824898340160e+01,4.265336094260746336e+01,-3.063015414565793293e+01,0.000000000000000000e+00,0.000000000000000000e+00,0.000000000000000000e+00,0.000000000000000000e+00,8.276384277343750000e+02,8.276444091796875000e+02,8.276372680664062500e+02,8.276384277343750000e+02,-1.003799691066443801e+09
8.870000000000000107e-01,-8.616858343677708376e+01,4.269630294885221389e+01,-3.059481505232605514e+01,1.428697650425192478e-04,1.295184351803868594e-04,2.033931551181922259e-06,1.036519408226013184e-01,2.429060697555541992e+00,-2.576517343521118164e+00,-4.765481220631118120e-02,-4.294200624474989181e-02,-3.533909333187849194e-02,-8.621623824898340160e+01,4.265336094260746336e+01,-3.063015414565793293e+01,0.000000000000000000e+00,0.000000000000000000e+00,0.000000000000000000e+00,0.000000000000000000e+00,8.276384277343750000e+02,8.276442260742187500e+02,8.276372070312500000e+02,8.276384277343750000e+02,-1.003809875108208895e+09
8.880000000000000115e-01,-8.616844065028274713e+01,4.269643243714043024e+01,-3.059481328547776258e+01,1.427864943366330408e-04,1.294882882163506110e-04,1.766848292561462586e-06,1.036602854728698730e-01,2.429094552993774414e+00,-2.576546430587768555e+00,-4.779759870066015853e-02,-4.307149453296425096e-02,-3.534086018017135178e-02,-8.621623824898340160e+01,4.265336094260746336e+01,-3.063015414565793293e+01,0.000000000000000000e+00,0.000000000000000000e+00,0.000000000000000000e+00,0.000000000000000000e+00,8.276384887695312500e+02,8.276440429687500000e+02,8.276372070312500000e+02,8.276384887695312500e+02,-1.003820059136315823e+09
8.890000000000000124e-01,-8.616829793705701945e+01,4.269656189195428908e+01,-3.059481177237449145e+01,1.427132257276753080e-04,1.294548138588424990e-04,1.513103271122417937e-06,1.036688089370727539e-01,2.429127931594848633e+00,-2.576575756072998047e+00,-4.794031192638802813e-02,-4.320094934682516125e-02,-3.534237328343991374e-02,-8.621623824898340160e+01,4.265336094260746336e+01,-3.063015414565793293e+01,0.000000000000000000e+00,0.000000000000000000e+00,0.000000000000000000e+00,0.000000000000000000e+00,8.276384887695312500e+02,8.276438598632812500e+02,8.276371459960937500e+02,8.276384887695312500e+02,-1.003830243150789976e+09
8.900000000000000133e-01,-8.616815528710704086e+01,4.269669132331229378e+01,-3.059481048634341960e+01,1.426499499785904845e-04,1.294313580046946299e-04,1.286031071856541530e-06,1.036771535873413086e-01,2.429161787033081055e+00,-2.576606750488281250e+00,-4.808296187635496821e-02,-4.333038070482950199e-02,-3.534365931451374093e-02,-8.621623824898340160e+01,4.265336094260746336e+01,-3.063015414565793293e+01,0.000000000000000000e+00,0.000000000000000000e+00,0.000000000000000000e+00,0.000000000000000000e+00,8.276385498046875000e+02,8.276436767578125000e+02,8.276371459960937500e+02,8.276384887695312500e+02,-1.003840427151654243e+09
8.910000000000000142e-01,-8.616801268376390510e+01,4.269682073789446264e+01,-3.059480941405314880e+01,1.426033431357609516e-04,1.294145821688630349e-04,1.072290270798248457e-06,1.036854982376098633e-01,2.429194927215576172e+00,-2.576635837554931641e+00,-4.822556521949458719e-02,-4.345979528699741440e-02,-3.534473160478378284e-02,-8.621623824898340160e+01,4.265336094260746336e+01,-3.063015414565793293e+01,0.000000000000000000e+00,0.000000000000000000e+00,0.000000000000000000e+00,0.000000000000000000e+00,8.276385498046875000e+02,8.276434936523437500e+02,8.276371459960937500e+02,8.276385498046875000e+02,-1.003850611138928294e+09
8.920000000000000151e-01,-8.616787011658158235e+01,4.269695013645319648e+01,-3.059480853093736741e+01,1.425671823227503410e-04,1.293985587338397636e-04,8.831157813915524457e-07,1.036941409111022949e-01,2.429229974746704102e+00,-2.576666116714477539e+00,-4.836813240181338236e-02,-4.358919384573666650e-02,-3.534561472056521603e-02,-8.621623824898340160e+01,4.265336094260746336e+01,-3.063015414565793293e+01,0.000000000000000000e+00,0.000000000000000000e+00,0.000000000000000000e+00,0.000000000000000000e+00,8.276385498046875000e+02,8.276433105468750000e+02,8.276370849609375000e+02,8.276385498046875000e+02,-1.003860795112628698e+09
8.930000000000000160e-01,-8.616772757313897557e+01,4.269707952752014535e+01,-3.059480781277387251e+01,1.425434426067795357e-04,1.293910669488695930e-04,7.181634948949522368e-07,1.037021279335021973e-01,2.429261445999145508e+00,-2.576694250106811523e+00,-4.851067584443147229e-02,-4.371858491268480751e-02,-3.534633288406049956e-02,-8.621623824898340160e+01,4.265336094260746336e+01,-3.063015414565793293e+01,0.000000000000000000e+00,0.000000000000000000e+00,0.000000000000000000e+00,0.000000000000000000e+00,8.276385498046875000e+02,8.276431884765625000e+02,8.276370849609375000e+02,8.276385498046875000e+02,-1.003870979072769165e+09
8.940000000000000169e-01,-8.616758503631395172e+01,4.269720891519419581e+01,-3.059480723166533167e+01,1.425368250238534529e-04,1.293876740504629197e-04,5.811085408424787602e-07,1.037107408046722412e-01,2.429296016693115234e+00,-2.576725006103515625e+00,-4.865321266944299533e-02,-4.384797258673019810e-02,-3.534691399259955874e-02,-8.621623824898340160e+01,4.265336094260746336e+01,-3.063015414565793293e+01,0.000000000000000000e+00,0.000000000000000000e+00,0.000000000000000000e+00,0.000000000000000000e+00,8.276385498046875000e+02,8.276430053710937500e+02,8.276370849609375000e+02,8.276385498046875000e+02,-1.003881163019358754e+09
8.950000000000000178e-01,-8.616744249277816436e+01,4.269733830616041814e+01,-3.059480676093923890e+01,1.425435357873539033e-04,1.293909662223313717e-04,4.707260927716561127e-07,1.037189364433288574e-01,2.429328203201293945e+00,-2.576753854751586914e+00,-4.879575620524279761e-02,-4.397736355295141231e-02,-3.534738471869393328e-02,-8.621623824898340160e+01,4.265336094260746336e+01,-3.063015414565793293e+01,0.000000000000000000e+00,0.000000000000000000e+00,0.000000000000000000e+00,0.000000000000000000e+00,8.276385498046875000e+02,8.276428833007812500e+02,8.276370849609375000e+02,8.276385498046875000e+02,-1.003891346952403784e+09
8.960000000000000187e-01,-8.616729992920072334e+01,4.269746770710117545e+01,-3.059480638059327973e+01,1.425635774410238810e-04,1.294009407573071258e-04,3.803459591722457844e-07,1.037271916866302490e-01,2.429361581802368164e+00,-2.576783418655395508e+00,-4.893831978267192129e-02,-4.410676449371074559e-02,-3.534776506465367452e-02,-8.621623824898340160e+01,4.265336094260746336e+01,-3.063015414565793293e+01,0.000000000000000000e+00,0.000000000000000000e+00,0.000000000000000000e+00,0.000000000000000000e+00,8.276385498046875000e+02,8.276427612304687500e+02,8.276370849609375000e+02,8.276385498046875000e+02,-1.003901530871906877e+09
8.970000000000000195e-01,-8.616715733559009038e+01,4.269759712136856677e+01,-3.059480605728230529e+01,1.425936106329572794e-04,1.294142673913256658e-04,3.233109744371631677e-07,1.037356555461883545e-01,2.429395675659179688e+00,-2.576812744140625000e+00,-4.908091339330565572e-02,-4.423617876110285535e-02,-3.534808837562639083e-02,-8.621623824898340160e+01,4.265336094260746336e+01,-3.063015414565793293e+01,0.000000000000000000e+00,0.000000000000000000e+00,0.000000000000000000e+00,0.000000000000000000e+00,8.276385498046875000e+02,8.276426391601562500e+02,8.276370849609375000e+02,8.276385498046875000e+02,-1.003911714777867794e+09
8.980000000000000204e-01,-8.616701469528214830e+01,4.269772655231404457e+01,-3.059480576433392329e+01,1.426403079420879294e-04,1.294309454777931023e-04,2.929483819968936587e-07,1.037439405918121338e-01,2.429428339004516602e+00,-2.576841592788696289e+00,-4.922355370125990753e-02,-4.436560970658116887e-02,-3.534838132400828364e-02,-8.621623824898340160e+01,4.265336094260746336e+01,-3.063015414565793293e+01,0.000000000000000000e+00,0.000000000000000000e+00,0.000000000000000000e+00,0.000000000000000000e+00,8.276385498046875000e+02,8.276425170898437500e+02,8.276370849609375000e+02,8.276385498046875000e+02,-1.003921898670281768e+09
8.990000000000000213e-01,-8.616687199494998595e+01,4.269785600995827224e+01,-3.059480547507740411e+01,1.427003321623487864e-04,1.294576442276706985e-04,2.892565191814355785e-07,1.037519276142120361e-01,2.429461002349853516e+00,-2.576870918273925781e+00,-4.936625403342139590e-02,-4.449506735080990816e-02,-3.534867058052727773e-02,-8.621623824898340160e+01,4.265336094260746336e+01,-3.063015414565793293e+01,0.000000000000000000e+00,0.000000000000000000e+00,0.000000000000000000e+00,0.000000000000000000e+00,8.276385498046875000e+02,8.276423950195312500e+02,8.276371459960937500e+02,8.276385498046875000e+02,-1.003932082549141049e+09
9.000000000000000222e-01,-8.616672922460011819e+01,4.269798549431730095e+01,-3.059480515950145829e+01,1.427703498677601601e-04,1.294843590287086954e-04,3.155759458195461775e-07,1.037607491016387939e-01,2.429496049880981445e+00,-2.576900959014892578e+00,-4.950902438328482619e-02,-4.462455170983780500e-02,-3.534898615647287523e-02,-8.621623824898340160e+01,4.265336094260746336e+01,-3.063015414565793293e+01,0.000000000000000000e+00,0.000000000000000000e+00,0.000000000000000000e+00,0.000000000000000000e+00,8.276384887695312500e+02,8.276422729492187500e+02,8.276371459960937500e+02,8.276384887695312500e+02,-1.003942266414434314e+09
9.010000000000000231e-01,-8.616658637090722550e+01,4.269811501541351362e+01,-3.059480478760047717e+01,1.428536928926860128e-04,1.295210962126702725e-04,3.719009811220530537e-07,1.037690341472625732e-01,2.429530143737792969e+00,-2.576930999755859375e+00,-4.965187807618288984e-02,-4.475407280605341043e-02,-3.534935805745589854e-02,-8.621623824898340160e+01,4.265336094260746336e+01,-3.063015414565793293e+01,0.000000000000000000e+00,0.000000000000000000e+00,0.000000000000000000e+00,0.000000000000000000e+00,8.276384887695312500e+02,8.276422119140625000e+02,8.276372070312500000e+02,8.276384887695312500e+02,-1.003952450266147017e+09
9.020000000000000240e-01,-8.616644342387414213e+01,4.269824457325891842e+01,-3.059480433936846921e+01,1.429470330833737535e-04,1.295578454048040840e-04,4.482320079546298075e-07,1.037771105766296387e-01,2.429561376571655273e+00,-2.576958894729614258e+00,-4.979482510925675731e-02,-4.488363065145661163e-02,-3.534980628946442910e-02,-8.621623824898340160e+01,4.265336094260746336e+01,-3.063015414565793293e+01,0.000000000000000000e+00,0.000000000000000000e+00,0.000000000000000000e+00,0.000000000000000000e+00,8.276384277343750000e+02,8.276420898437500000e+02,8.276372070312500000e+02,8.276384277343750000e+02,-1.003962634104261518e+09
9.030000000000000249e-01,-8.616630037017739596e+01,4.269837417454401418e+01,-3.059480377812843344e+01,1.430536967461648601e-04,1.296012850957595219e-04,5.612400357790647831e-07,1.037857830524444580e-01,2.429596185684204102e+00,-2.576990127563476562e+00,-4.993787880600973617e-02,-4.501323193655312749e-02,-3.535036752949822364e-02,-8.621623824898340160e+01,4.265336094260746336e+01,-3.063015414565793293e+01,0.000000000000000000e+00,0.000000000000000000e+00,0.000000000000000000e+00,0.000000000000000000e+00,8.276384277343750000e+02,8.276420288085937500e+02,8.276372680664062500e+02,8.276384277343750000e+02,-1.003972817928756475e+09
9.040000000000000258e-01,-8.616615720315613203e+01,4.269850382261509480e+01,-3.059480308387465897e+01,1.431670212639346573e-04,1.296480710806235948e-04,6.942537744691890111e-07,1.037937700748443604e-01,2.429628372192382812e+00,-2.577018022537231445e+00,-5.008104582726353310e-02,-4.514288000763066327e-02,-3.535106178327569737e-02,-8.621623824898340160e+01,4.265336094260746336e+01,-3.063015414565793293e+01,0.000000000000000000e+00,0.000000000000000000e+00,0.000000000000000000e+00,0.000000000000000000e+00,8.276383666992187500e+02,8.276419067382812500e+02,8.276372680664062500e+02,8.276383666992187500e+02,-1.003983001739608049e+09
9.050000000000000266e-01,-8.616601391281723465e+01,4.269863352082249719e+01,-3.059480222993267517e+01,1.432903388973727488e-04,1.296982074023844689e-04,8.539419837916284450e-07,1.038023233413696289e-01,2.429663419723510742e+00,-2.577048301696777344e+00,-5.022433616616964885e-02,-4.527257821503159751e-02,-3.535191572525948900e-02,-8.621623824898340160e+01,4.265336094260746336e+01,-3.063015414565793293e+01,0.000000000000000000e+00,0.000000000000000000e+00,0.000000000000000000e+00,0.000000000000000000e+00,8.276383666992187500e+02,8.276418457031250000e+02,8.276373291015625000e+02,8.276383666992187500e+02,-1.003993185536789656e+09
9.060000000000000275e-01,-8.616587048916397862e+01,4.269876326917871268e+01,-3.059480119629672501e+01,1.434236532560362321e-04,1.297483562154866377e-04,1.033635950165034956e-06,1.038104891777038574e-01,2.429695606231689453e+00,-2.577077627182006836e+00,-5.036775981942758634e-02,-4.540232657124695231e-02,-3.535294936120650378e-02,-8.621623824898340160e+01,4.265336094260746336e+01,-3.063015414565793293e+01,0.000000000000000000e+00,0.000000000000000000e+00,0.000000000000000000e+00,0.000000000000000000e+00,8.276383056640625000e+02,8.276417846679687500e+02,8.276373291015625000e+02,8.276383056640625000e+02,-1.004003369320271730e+09
9.070000000000000284e-01,-8.616572692554186119e+01,4.269889307770487363e+01,-3.059479995295902555e+01,1.435636221174263483e-04,1.298085261609571717e-04,1.243337699463609169e-06,1.038191914558410645e-01,2.429730653762817383e+00,-2.577107667922973633e+00,-5.051132344153540926e-02,-4.553213509741215609e-02,-3.535419269890890254e-02,-8.621623824898340160e+01,4.265336094260746336e+01,-3.063015414565793293e+01,0.000000000000000000e+00,0.000000000000000000e+00,0.000000000000000000e+00,0.000000000000000000e+00,8.276382446289062500e+02,8.276417236328125000e+02,8.276373901367187500e+02,8.276382446289062500e+02,-1.004013553090022564e+09
9.080000000000000293e-01,-8.616558321862321179e+01,4.269902294641018869e+01,-3.059479848324632556e+01,1.437069186493999950e-04,1.298687053150615611e-04,1.469712699986303051e-06,1.038276255130767822e-01,2.429764270782470703e+00,-2.577137470245361328e+00,-5.065503036019515515e-02,-4.566200380272600334e-02,-3.535566241160910395e-02,-8.621623824898340160e+01,4.265336094260746336e+01,-3.063015414565793293e+01,0.000000000000000000e+00,0.000000000000000000e+00,0.000000000000000000e+00,0.000000000000000000e+00,8.276381835937500000e+02,8.276416625976562500e+02,8.276374511718750000e+02,8.276381835937500000e+02,-1.004023736846008778e+09
9.090000000000000302e-01,-8.616543936174429064e+01,4.269915287196991471e+01,-3.059479677048525303e+01,1.438568789211558396e-04,1.299255597260184913e-04,1.712761072525381678e-06,1.038359701633453369e-01,2.429797410964965820e+00,-2.577167510986328125e+00,-5.079888723911485382e-02,-4.579192936244881607e-02,-3.535737517267902030e-02,-8.621623824898340160e+01,4.265336094260746336e+01,-3.063015414565793293e+01,0.000000000000000000e+00,0.000000000000000000e+00,0.000000000000000000e+00,0.000000000000000000e+00,8.276381835937500000e+02,8.276416625976562500e+02,8.276375122070312500e+02,8.276381835937500000e+02,-1.004033920588194609e+09
9.100000000000000311e-01,-8.616529535158228725e+01,4.269928286106648585e+01,-3.059479479133545610e+01,1.440101620033829022e-04,1.299890965711369972e-04,1.979149796937917927e-06,1.038444340229034424e-01,2.429831504821777344e+00,-2.577197551727294922e+00,-5.094289740111752202e-02,-4.592191845902409558e-02,-3.535935432247706844e-02,-8.621623824898340160e+01,4.265336094260746336e+01,-3.063015414565793293e+01,0.000000000000000000e+00,0.000000000000000000e+00,0.000000000000000000e+00,0.000000000000000000e+00,8.276381225585937500e+02,8.276416015625000000e+02,8.276375732421875000e+02,8.276381225585937500e+02,-1.004044104316542864e+09
9.110000000000000320e-01,-8.616515118147201235e+01,4.269941291370745517e+01,-3.059479253579520730e+01,1.441701102748993435e-04,1.300526409693247842e-04,2.255540248796705782e-06,1.038527488708496094e-01,2.429864645004272461e+00,-2.577226877212524414e+00,-5.108706751138818863e-02,-4.605197109998869498e-02,-3.536160986272716272e-02,-8.621623824898340160e+01,4.265336094260746336e+01,-3.063015414565793293e+01,0.000000000000000000e+00,0.000000000000000000e+00,0.000000000000000000e+00,0.000000000000000000e+00,8.276380615234375000e+02,8.276415405273437500e+02,8.276376342773437500e+02,8.276380615234375000e+02,-1.004054288031014442e+09
9.120000000000000329e-01,-8.616500685808989601e+01,4.269954302989776806e+01,-3.059478999052238279e+01,1.443233821163403263e-04,1.301161903128900121e-04,2.545272824505673270e-06,1.038611829280853271e-01,2.429898500442504883e+00,-2.577256441116333008e+00,-5.123139089350227382e-02,-4.618208729030476301e-02,-3.536415513555119655e-02,-8.621623824898340160e+01,4.265336094260746336e+01,-3.063015414565793293e+01,0.000000000000000000e+00,0.000000000000000000e+00,0.000000000000000000e+00,0.000000000000000000e+00,8.276380004882812500e+02,8.276415405273437500e+02,8.276376342773437500e+02,8.276380004882812500e+02,-1.004064471731570840e+09
9.130000000000000338e-01,-8.616486237477354848e+01,4.269967320964808266e+01,-3.059478713884516665e+01,1.444833163475323090e-04,1.301797503145962764e-04,2.851677216142434190e-06,1.038695573806762695e-01,2.429932355880737305e+00,-2.577286005020141602e+00,-5.137587420984603137e-02,-4.631226704061871396e-02,-3.536700681276558345e-02,-8.621623824898340160e+01,4.265336094260746336e+01,-3.063015414565793293e+01,0.000000000000000000e+00,0.000000000000000000e+00,0.000000000000000000e+00,0.000000000000000000e+00,8.276379394531250000e+02,8.276414794921875000e+02,8.276376953125000000e+02,8.276379394531250000e+02,-1.004074655418171167e+09
9.140000000000000346e-01,-8.616471773486043162e+01,4.269980345296004032e+01,-3.059478397742794087e+01,1.446399131168618624e-04,1.302433119576562603e-04,3.161417225783225149e-06,1.038779318332672119e-01,2.429965734481811523e+00,-2.577315807342529297e+00,-5.152051412296894395e-02,-4.644251035257476040e-02,-3.537016822999263649e-02,-8.621623824898340160e+01,4.265336094260746336e+01,-3.063015414565793293e+01,0.000000000000000000e+00,0.000000000000000000e+00,0.000000000000000000e+00,0.000000000000000000e+00,8.276378784179687500e+02,8.276414184570312500e+02,8.276377563476562500e+02,8.276378784179687500e+02,-1.004084839090775013e+09
9.150000000000000355e-01,-8.616457293835429709e+01,4.269993375983783324e+01,-3.059478049960136303e+01,1.447965061345257709e-04,1.303068777929183852e-04,3.477826577835685384e-06,1.038868725299835205e-01,2.430001735687255859e+00,-2.577346801757812500e+00,-5.166531062910431626e-02,-4.657281723037034332e-02,-3.537364605656864724e-02,-8.621623824898340160e+01,4.265336094260746336e+01,-3.063015414565793293e+01,0.000000000000000000e+00,0.000000000000000000e+00,0.000000000000000000e+00,0.000000000000000000e+00,8.276378173828125000e+02,8.276414184570312500e+02,8.276378173828125000e+02,8.276378173828125000e+02,-1.004095022749341607e+09
9.160000000000000364e-01,-8.616442798859161201e+01,4.270006412694811360e+01,-3.059477670202829103e+01,1.449497626850870802e-04,1.303671102803605208e-04,3.797573072006343864e-06,1.038950383663177490e-01,2.430033683776855469e+00,-2.577376127243041992e+00,-5.181026039178559389e-02,-4.670318434064706786e-02,-3.537744362964054951e-02,-8.621623824898340160e+01,4.265336094260746336e+01,-3.063015414565793293e+01,0.000000000000000000e+00,0.000000000000000000e+00,0.000000000000000000e+00,0.000000000000000000e+00,8.276377563476562500e+02,8.276413574218750000e+02,8.276378784179687500e+02,8.276377563476562500e+02,-1.004105206393830061e+09
9.170000000000000373e-01,-8.616428289558034237e+01,4.270019455095697936e+01,-3.059477257803376560e+01,1.450930112696369179e-04,1.304240088657593333e-04,4.123994525428997804e-06,1.039036512374877930e-01,2.430068731307983398e+00,-2.577406406402587891e+00,-5.195535340305790228e-02,-4.683360834951730278e-02,-3.538156762416627688e-02,-8.621623824898340160e+01,4.265336094260746336e+01,-3.063015414565793293e+01,0.000000000000000000e+00,0.000000000000000000e+00,0.000000000000000000e+00,0.000000000000000000e+00,8.276377563476562500e+02,8.276413574218750000e+02,8.276379394531250000e+02,8.276377563476562500e+02,-1.004115390024200797e+09
9.180000000000000382e-01,-8.616413765598483110e+01,4.270032503519875178e+01,-3.059476813429148123e+01,1.452395955112706361e-04,1.304842417724216830e-04,4.443742284365725936e-06,1.039121150970458984e-01,2.430102586746215820e+00,-2.577436447143554688e+00,-5.210059299856475978e-02,-4.696409259129045999e-02,-3.538601136645315448e-02,-8.621623824898340160e+01,4.265336094260746336e+01,-3.063015414565793293e+01,0.000000000000000000e+00,0.000000000000000000e+00,0.000000000000000000e+00,0.000000000000000000e+00,8.276376953125000000e+02,8.276412963867187500e+02,8.276380004882812500e+02,8.276376953125000000e+02,-1.004125573640414119e+09
9.190000000000000391e-01,-8.616399228314435277e+01,4.270045557300043981e+01,-3.059476337079363972e+01,1.453728404783305450e-04,1.305378016880354153e-04,4.763497841508979036e-06,1.039207577705383301e-01,2.430137157440185547e+00,-2.577466726303100586e+00,-5.224596583904764224e-02,-4.709463039297300674e-02,-3.539077486429312996e-02,-8.621623824898340160e+01,4.265336094260746336e+01,-3.063015414565793293e+01,0.000000000000000000e+00,0.000000000000000000e+00,0.000000000000000000e+00,0.000000000000000000e+00,8.276376342773437500e+02,8.276412963867187500e+02,8.276380615234375000e+02,8.276376342773437500e+02,-1.004135757242432117e+09
9.200000000000000400e-01,-8.616384678039229073e+01,4.270058616435918708e+01,-3.059475829420963677e+01,1.455027520620433279e-04,1.305913587472673498e-04,5.076584002949857677e-06,1.039291322231292725e-01,2.430170536041259766e+00,-2.577496290206909180e+00,-5.239146859110437732e-02,-4.722522175172060716e-02,-3.539585144829489327e-02,-8.621623824898340160e+01,4.265336094260746336e+01,-3.063015414565793293e+01,0.000000000000000000e+00,0.000000000000000000e+00,0.000000000000000000e+00,0.000000000000000000e+00,8.276375732421875000e+02,8.276412353515625000e+02,8.276380615234375000e+02,8.276375732421875000e+02,-1.004145940830217957e+09
9.210000000000000409e-01,-8.616370116106274679e+01,4.270071679926233799e+01,-3.059475291453518864e+01,1.456193295439334179e-04,1.306349031509057568e-04,5.379674448136029241e-06,1.039376556873321533e-01,2.430204153060913086e+00,-2.577525854110717773e+00,-5.253708792066015543e-02,-4.735585665487337254e-02,-3.540123112274420197e-02,-8.621623824898340160e+01,4.265336094260746336e+01,-3.063015414565793293e+01,0.000000000000000000e+00,0.000000000000000000e+00,0.000000000000000000e+00,0.000000000000000000e+00,8.276375122070312500e+02,8.276412353515625000e+02,8.276381225585937500e+02,8.276375122070312500e+02,-1.004156124403736830e+09
9.220000000000000417e-01,-8.616355542849004223e+01,4.270084748104202532e+01,-3.059474723844111210e+01,1.457325727045599706e-04,1.306817796873360749e-04,5.676094076534354826e-06,1.039464473724365234e-01,2.430239677429199219e+00,-2.577558040618896484e+00,-5.268282049335588219e-02,-4.748653843456151352e-02,-3.540690721681968162e-02,-8.621623824898340160e+01,4.265336094260746336e+01,-3.063015414565793293e+01,0.000000000000000000e+00,0.000000000000000000e+00,0.000000000000000000e+00,0.000000000000000000e+00,8.276375122070312500e+02,8.276411743164062500e+02,8.276381835937500000e+02,8.276375122070312500e+02,-1.004166307962955117e+09
9.230000000000000426e-01,-8.616340959600645988e+01,4.270097820301747760e+01,-3.059474128259463299e+01,1.458324835823532339e-04,1.307219754522748190e-04,5.955846479110959990e-06,1.039550304412841797e-01,2.430274009704589844e+00,-2.577587366104125977e+00,-5.282865297693860318e-02,-4.761726041001375365e-02,-3.541286306329980565e-02,-8.621623824898340160e+01,4.265336094260746336e+01,-3.063015414565793293e+01,0.000000000000000000e+00,0.000000000000000000e+00,0.000000000000000000e+00,0.000000000000000000e+00,8.276374511718750000e+02,8.276411743164062500e+02,8.276381835937500000e+02,8.276374511718750000e+02,-1.004176491507841945e+09
9.240000000000000435e-01,-8.616326367694658472e+01,4.270110896184443305e+01,-3.059473506032936285e+01,1.459190598751547441e-04,1.307588269554571525e-04,6.222265270139359927e-06,1.039635241031646729e-01,2.430308341979980469e+00,-2.577617645263671875e+00,-5.297457203681377180e-02,-4.774801923696845446e-02,-3.541908532857133973e-02,-8.621623824898340160e+01,4.265336094260746336e+01,-3.063015414565793293e+01,0.000000000000000000e+00,0.000000000000000000e+00,0.000000000000000000e+00,0.000000000000000000e+00,8.276374511718750000e+02,8.276411132812500000e+02,8.276382446289062500e+02,8.276373901367187500e+02,-1.004186675038369417e+09
9.250000000000000444e-01,-8.616311767797139964e+01,4.270123974750896423e+01,-3.059472858831358622e+01,1.459989751850798712e-04,1.307856645311744614e-04,6.472015776637363160e-06,1.039724349975585938e-01,2.430343627929687500e+00,-2.577649116516113281e+00,-5.312057101200901715e-02,-4.787880490150386859e-02,-3.542555734434774811e-02,-8.621623824898340160e+01,4.265336094260746336e+01,-3.063015414565793293e+01,0.000000000000000000e+00,0.000000000000000000e+00,0.000000000000000000e+00,0.000000000000000000e+00,8.276373901367187500e+02,8.276411132812500000e+02,8.276382446289062500e+02,8.276373901367187500e+02,-1.004196858554510713e+09
9.260000000000000453e-01,-8.616297161575106145e+01,4.270137056333419423e+01,-3.059472188321751318e+01,1.460622203381944928e-04,1.308158252300017921e-04,6.705096073034155779e-06,1.039808690547943115e-01,2.430377244949340820e+00,-2.577679157257080078e+00,-5.326663323234723940e-02,-4.800962072673186504e-02,-3.543226244041810385e-02,-8.621623824898340160e+01,4.265336094260746336e+01,-3.063015414565793293e+01,0.000000000000000000e+00,0.000000000000000000e+00,0.000000000000000000e+00,0.000000000000000000e+00,8.276373901367187500e+02,8.276410522460937500e+02,8.276383056640625000e+02,8.276373901367187500e+02,-1.004207042056243539e+09
9.270000000000000462e-01,-8.616282550027864318e+01,4.270150139930187549e+01,-3.059471496837799975e+01,1.461154724182733844e-04,1.308359676812642647e-04,6.914839513427750717e-06,1.039893627166748047e-01,2.430411338806152344e+00,-2.577709197998046875e+00,-5.341274870475538894e-02,-4.814045669441567588e-02,-3.543917727993346062e-02,-8.621623824898340160e+01,4.265336094260746336e+01,-3.063015414565793293e+01,0.000000000000000000e+00,0.000000000000000000e+00,0.000000000000000000e+00,0.000000000000000000e+00,8.276373291015625000e+02,8.276409912109375000e+02,8.276383056640625000e+02,8.276373291015625000e+02,-1.004217225543547511e+09
9.280000000000000471e-01,-8.616267934488321600e+01,4.270163224872768382e+01,-3.059470786713194457e+01,1.461553954271721523e-04,1.308494258083214845e-04,7.101246055185583828e-06,1.039978265762329102e-01,2.430445194244384766e+00,-2.577738523483276367e+00,-5.355890410018401826e-02,-4.827130612021895972e-02,-3.544627852598816048e-02,-8.621623824898340160e+01,4.265336094260746336e+01,-3.063015414565793293e+01,0.000000000000000000e+00,0.000000000000000000e+00,0.000000000000000000e+00,0.000000000000000000e+00,8.276373291015625000e+02,8.276409912109375000e+02,8.276383666992187500e+02,8.276373291015625000e+02,-1.004227409016405463e+09
9.290000000000000480e-01,-8.616253316623119929e+01,4.270176310826273181e+01,-3.059470059948126064e+01,1.461786520167152048e-04,1.308595350479890840e-04,7.267650683928650324e-06,1.040068566799163818e-01,2.430481910705566406e+00,-2.577771186828613281e+00,-5.370508275219823546e-02,-4.840216565526793413e-02,-3.545354617667210995e-02,-8.621623824898340160e+01,4.265336094260746336e+01,-3.063015414565793293e+01,0.000000000000000000e+00,0.000000000000000000e+00,0.000000000000000000e+00,0.000000000000000000e+00,8.276373291015625000e+02,8.276409301757812500e+02,8.276383666992187500e+02,8.276373291015625000e+02,-1.004237592474804521e+09
9.300000000000000488e-01,-8.616238697431742821e+01,4.270189397455854419e+01,-3.059469318876564259e+01,1.461919137710765426e-04,1.308662958123818498e-04,7.410715618050289777e-06,1.040152013301849365e-01,2.430515050888061523e+00,-2.577800035476684570e+00,-5.385127466597730561e-02,-4.853303195108034374e-02,-3.546095689228978554e-02,-8.621623824898340160e+01,4.265336094260746336e+01,-3.063015414565793293e+01,0.000000000000000000e+00,0.000000000000000000e+00,0.000000000000000000e+00,0.000000000000000000e+00,8.276372680664062500e+02,8.276408691406250000e+02,8.276383666992187500e+02,8.276372680664062500e+02,-1.004247775918733954e+09
9.310000000000000497e-01,-8.616224078246675333e+01,4.270202483759223355e+01,-3.059468566499027631e+01,1.461918506748816071e-04,1.308630336893656931e-04,7.523775366280460730e-06,1.040241122245788574e-01,2.430550098419189453e+00,-2.577831745147705078e+00,-5.399746651664466546e-02,-4.866389498476794001e-02,-3.546848066765573987e-02,-8.621623824898340160e+01,4.265336094260746336e+01,-3.063015414565793293e+01,0.000000000000000000e+00,0.000000000000000000e+00,0.000000000000000000e+00,0.000000000000000000e+00,8.276372680664062500e+02,8.276408081054687500e+02,8.276383666992187500e+02,8.276372680664062500e+02,-1.004257959348186731e+09
9.320000000000000506e-01,-8.616209460734350500e+01,4.270215569734645555e+01,-3.059467805482848490e+01,1.461751232483265994e-04,1.308597542220013565e-04,7.610161791404834730e-06,1.040326952934265137e-01,2.430584669113159180e+00,-2.577862024307250977e+00,-5.414364163989681539e-02,-4.879475473898985810e-02,-3.547609082944677000e-02,-8.621623824898340160e+01,4.265336094260746336e+01,-3.063015414565793293e+01,0.000000000000000000e+00,0.000000000000000000e+00,0.000000000000000000e+00,0.000000000000000000e+00,8.276372680664062500e+02,8.276407470703125000e+02,8.276383666992187500e+02,8.276372680664062500e+02,-1.004268142763160348e+09
9.330000000000000515e-01,-8.616194845893865306e+01,4.270228654380063205e+01,-3.059467038495162683e+01,1.461484048519423595e-04,1.308464541764919886e-04,7.669876858074076154e-06,1.040412783622741699e-01,2.430618762969970703e+00,-2.577891826629638672e+00,-5.428979004475431580e-02,-4.892560119317013179e-02,-3.548376070630491347e-02,-8.621623824898340160e+01,4.265336094260746336e+01,-3.063015414565793293e+01,0.000000000000000000e+00,0.000000000000000000e+00,0.000000000000000000e+00,0.000000000000000000e+00,8.276372680664062500e+02,8.276406860351562500e+02,8.276383666992187500e+02,8.276372680664062500e+02,-1.004278326163654566e+09
9.340000000000000524e-01,-8.616180235391418307e+01,4.270241737026704243e+01,-3.059466268202969275e+01,1.461050244699890754e-04,1.308264664103830910e-04,7.702921934082951338e-06,1.040497124195098877e-01,2.430652141571044922e+00,-2.577922105789184570e+00,-5.443589506922055787e-02,-4.905642765958022344e-02,-3.549146362824014134e-02,-8.621623824898340160e+01,4.265336094260746336e+01,-3.063015414565793293e+01,0.000000000000000000e+00,0.000000000000000000e+00,0.000000000000000000e+00,0.000000000000000000e+00,8.276372680664062500e+02,8.276406250000000000e+02,8.276383666992187500e+02,8.276372680664062500e+02,-1.004288509549673438e+09
9.350000000000000533e-01,-8.616165630560001887e+01,4.270254818006400654e+01,-3.059465497273875201e+01,1.460483141642043847e-04,1.308097969641153213e-04,7.709290940738355857e-06,1.040583848953247070e-01,2.430687189102172852e+00,-2.577952146530151367e+00,-5.458194338338408919e-02,-4.918723745654589308e-02,-3.549917291917960294e-02,-8.621623824898340160e+01,4.265336094260746336e+01,-3.063015414565793293e+01,0.000000000000000000e+00,0.000000000000000000e+00,0.000000000000000000e+00,0.000000000000000000e+00,8.276373291015625000e+02,8.276405639648437500e+02,8.276383666992187500e+02,8.276373291015625000e+02,-1.004298692921224713e+09
9.360000000000000542e-01,-8.616151032398326493e+01,4.270267895649883627e+01,-3.059464728708178072e+01,1.459816167539429443e-04,1.307764348297268953e-04,7.685656971290200090e-06,1.040672361850738525e-01,2.430723190307617188e+00,-2.577983856201171875e+00,-5.472792500013225897e-02,-4.931801389137152603e-02,-3.550685857615362012e-02,-8.621623824898340160e+01,4.265336094260746336e+01,-3.063015414565793293e+01,0.000000000000000000e+00,0.000000000000000000e+00,0.000000000000000000e+00,0.000000000000000000e+00,8.276373291015625000e+02,8.276405029296875000e+02,8.276383666992187500e+02,8.276373291015625000e+02,-1.004308876278318644e+09
9.370000000000000551e-01,-8.616136442239317716e+01,4.270280970622301453e+01,-3.059463965507134020e+01,1.459015900877602689e-04,1.307497241782584751e-04,7.632010440516978633e-06,1.040760278701782227e-01,2.430757761001586914e+00,-2.578013420104980469e+00,-5.487382659021735470e-02,-4.944876361554766814e-02,-3.551449058659145175e-02,-8.621623824898340160e+01,4.265336094260746336e+01,-3.063015414565793293e+01,0.000000000000000000e+00,0.000000000000000000e+00,0.000000000000000000e+00,0.000000000000000000e+00,8.276373291015625000e+02,8.276404418945312500e+02,8.276383056640625000e+02,8.276373291015625000e+02,-1.004319059620970249e+09
9.379999999999999449e-01,-8.616121861082051225e+01,4.270294041588178402e+01,-3.059463210004171785e+01,1.458115726649111821e-04,1.307096587694900336e-04,7.555029622352549268e-06,1.040847003459930420e-01,2.430791854858398438e+00,-2.578044891357421875e+00,-5.501963816288749781e-02,-4.957947327432399992e-02,-3.552204561621490064e-02,-8.621623824898340160e+01,4.265336094260746336e+01,-3.063015414565793293e+01,0.000000000000000000e+00,0.000000000000000000e+00,0.000000000000000000e+00,0.000000000000000000e+00,8.276373901367187500e+02,8.276403808593750000e+02,8.276383056640625000e+02,8.276373901367187500e+02,-1.004329242949196219e+09
9.389999999999999458e-01,-8.616107290259074603e+01,4.270307108545465269e+01,-3.059462465533720632e+01,1.457082297662282144e-04,1.306695728686690927e-04,7.444704511527788782e-06,1.040934324264526367e-01,2.430827140808105469e+00,-2.578075647354125977e+00,-5.516534639265595341e-02,-4.971014284719125348e-02,-3.552949032072522800e-02,-8.621623824898340160e+01,4.265336094260746336e+01,-3.063015414565793293e+01,0.000000000000000000e+00,0.000000000000000000e+00,0.000000000000000000e+00,0.000000000000000000e+00,8.276373901367187500e+02,8.276402587890625000e+02,8.276382446289062500e+02,8.276373901367187500e+02,-1.004339426263017893e+09
9.399999999999999467e-01,-8.616092730436284342e+01,4.270320170825933559e+01,-3.059461734096151275e+01,1.455982279026102333e-04,1.306228046829005507e-04,7.314375693567853887e-06,1.041017770767211914e-01,2.430860519409179688e+00,-2.578104972839355469e+00,-5.531094462056233146e-02,-4.984076565187073315e-02,-3.553680469641840034e-02,-8.621623824898340160e+01,4.265336094260746336e+01,-3.063015414565793293e+01,0.000000000000000000e+00,0.000000000000000000e+00,0.000000000000000000e+00,0.000000000000000000e+00,8.276374511718750000e+02,8.276401977539062500e+02,8.276382446289062500e+02,8.276374511718750000e+02,-1.004349609562458158e+09
9.409999999999999476e-01,-8.616078182946493769e+01,4.270333228427825389e+01,-3.059461018358870632e+01,1.454748979057285396e-04,1.305760189183047260e-04,7.157372806432249490e-06,1.041104495525360107e-01,2.430895328521728516e+00,-2.578135251998901367e+00,-5.545641951847096740e-02,-4.997134167078919748e-02,-3.554396206922779550e-02,-8.621623824898340160e+01,4.265336094260746336e+01,-3.063015414565793293e+01,0.000000000000000000e+00,0.000000000000000000e+00,0.000000000000000000e+00,0.000000000000000000e+00,8.276374511718750000e+02,8.276401367187500000e+02,8.276381835937500000e+02,8.276374511718750000e+02,-1.004359792847544193e+09
9.419999999999999485e-01,-8.616063648455285318e+01,4.270346280682566231e+01,-3.059460320989246895e+01,1.453449120845107245e-04,1.305225474084181769e-04,6.973696237366766582e-06,1.041189432144165039e-01,2.430928945541381836e+00,-2.578166007995605469e+00,-5.560176443054293954e-02,-5.010186421819863567e-02,-3.555093576546552309e-02,-8.621623824898340160e+01,4.265336094260746336e+01,-3.063015414565793293e+01,0.000000000000000000e+00,0.000000000000000000e+00,0.000000000000000000e+00,0.000000000000000000e+00,8.276375122070312500e+02,8.276400146484375000e+02,8.276381835937500000e+02,8.276375122070312500e+02,-1.004369976118304849e+09
9.429999999999999494e-01,-8.616049127628733117e+01,4.270359327588903398e+01,-3.059459643987955957e+01,1.452082655220010565e-04,1.304690633716631964e-04,6.770012909385059174e-06,1.041277647018432617e-01,2.430964946746826172e+00,-2.578197240829467773e+00,-5.574697269607344075e-02,-5.023233328156846700e-02,-3.555770577837397139e-02,-8.621623824898340160e+01,4.265336094260746336e+01,-3.063015414565793293e+01,0.000000000000000000e+00,0.000000000000000000e+00,0.000000000000000000e+00,0.000000000000000000e+00,8.276375732421875000e+02,8.276399536132812500e+02,8.276381225585937500e+02,8.276375732421875000e+02,-1.004380159374771833e+09
9.439999999999999503e-01,-8.616034621132688187e+01,4.270372368478562208e+01,-3.059458989355345793e+01,1.450649604493037259e-04,1.304088965881078366e-04,6.546326101641852802e-06,1.041364967823028564e-01,2.430999040603637695e+00,-2.578227758407592773e+00,-5.589203765651389738e-02,-5.036274217815883691e-02,-3.556425210447598795e-02,-8.621623824898340160e+01,4.265336094260746336e+01,-3.063015414565793293e+01,0.000000000000000000e+00,0.000000000000000000e+00,0.000000000000000000e+00,0.000000000000000000e+00,8.276375732421875000e+02,8.276398925781250000e+02,8.276380615234375000e+02,8.276375732421875000e+02,-1.004390342616978407e+09
9.449999999999999512e-01,-8.616020129633059810e+01,4.270385403350106657e+01,-3.059458359425588725e+01,1.449149962837736894e-04,1.303487154444837870e-04,6.299297570677708791e-06,1.041448712348937988e-01,2.431032419204711914e+00,-2.578256845474243164e+00,-5.603695265281027210e-02,-5.049309089360481256e-02,-3.557055140204442439e-02,-8.621623824898340160e+01,4.265336094260746336e+01,-3.063015414565793293e+01,0.000000000000000000e+00,0.000000000000000000e+00,0.000000000000000000e+00,0.000000000000000000e+00,8.276376342773437500e+02,8.276397705078125000e+02,8.276380004882812500e+02,8.276376342773437500e+02,-1.004400525844960451e+09
9.459999999999999520e-01,-8.616005653129022335e+01,4.270398432202622985e+01,-3.059457755866138839e+01,1.447650403747502423e-04,1.302885251632801555e-04,6.035594498854379708e-06,1.041534543037414551e-01,2.431067466735839844e+00,-2.578287124633789062e+00,-5.618171769317907571e-02,-5.062337941876705188e-02,-3.557658699654504125e-02,-8.621623824898340160e+01,4.265336094260746336e+01,-3.063015414565793293e+01,0.000000000000000000e+00,0.000000000000000000e+00,0.000000000000000000e+00,0.000000000000000000e+00,8.276376953125000000e+02,8.276397094726562500e+02,8.276380004882812500e+02,8.276376953125000000e+02,-1.004410709058754802e+09
9.469999999999999529e-01,-8.615991192620265338e+01,4.270411455034877690e+01,-3.059457180344006133e+01,1.446050875699711469e-04,1.302283225470546313e-04,5.755221327063964054e-06,1.041617989540100098e-01,2.431100845336914062e+00,-2.578316688537597656e+00,-5.632632278074543863e-02,-5.075360774131507102e-02,-3.558234221787286156e-02,-8.621623824898340160e+01,4.265336094260746336e+01,-3.063015414565793293e+01,0.000000000000000000e+00,0.000000000000000000e+00,0.000000000000000000e+00,0.000000000000000000e+00,8.276377563476562500e+02,8.276395874023437500e+02,8.276379394531250000e+02,8.276377563476562500e+02,-1.004420892258401275e+09
9.479999999999999538e-01,-8.615976747775717115e+01,4.270424470876279344e+01,-3.059456634071866787e+01,1.444484454822259067e-04,1.301584140165346071e-04,5.462721393456604346e-06,1.041706800460815430e-01,2.431135416030883789e+00,-2.578346729278564453e+00,-5.647077122623145318e-02,-5.088376615533283381e-02,-3.558780493926586019e-02,-8.621623824898340160e+01,4.265336094260746336e+01,-3.063015414565793293e+01,0.000000000000000000e+00,0.000000000000000000e+00,0.000000000000000000e+00,0.000000000000000000e+00,8.276377563476562500e+02,8.276395263671875000e+02,8.276378784179687500e+02,8.276377563476562500e+02,-1.004431075443938851e+09
9.489999999999999547e-01,-8.615962318589239999e+01,4.270437480998293722e+01,-3.059456118292696303e+01,1.442918647711621816e-04,1.301012201437856675e-04,5.157791704846204084e-06,1.041789352893829346e-01,2.431168317794799805e+00,-2.578376770019531250e+00,-5.661506309099773732e-02,-5.101386737547057570e-02,-3.559296273097129620e-02,-8.621623824898340160e+01,4.265336094260746336e+01,-3.063015414565793293e+01,0.000000000000000000e+00,0.000000000000000000e+00,0.000000000000000000e+00,0.000000000000000000e+00,8.276378173828125000e+02,8.276394042968750000e+02,8.276378173828125000e+02,8.276378173828125000e+02,-1.004441258615408301e+09
9.499999999999999556e-01,-8.615947904729188167e+01,4.270450484431421501e+01,-3.059455633552126130e+01,1.441386005183176167e-04,1.300343312777840765e-04,4.847405701724483151e-06,1.041882038116455078e-01,2.431206226348876953e+00,-2.578409671783447266e+00,-5.675920169151481981e-02,-5.114390170675219005e-02,-3.559781013667008553e-02,-8.621623824898340160e+01,4.265336094260746336e+01,-3.063015414565793293e+01,0.000000000000000000e+00,0.000000000000000000e+00,0.000000000000000000e+00,0.000000000000000000e+00,8.276378784179687500e+02,8.276393432617187500e+02,8.276377563476562500e+02,8.276378784179687500e+02,-1.004451441772849321e+09
9.509999999999999565e-01,-8.615933506862225499e+01,4.270463481841851205e+01,-3.059455180850628864e+01,1.439786696266764920e-04,1.299741042970481431e-04,4.527014972666165704e-06,1.041959226131439209e-01,2.431236982345581055e+00,-2.578437089920043945e+00,-5.690318036114381389e-02,-5.127387581105100067e-02,-3.560233715164511092e-02,-8.621623824898340160e+01,4.265336094260746336e+01,-3.063015414565793293e+01,0.000000000000000000e+00,0.000000000000000000e+00,0.000000000000000000e+00,0.000000000000000000e+00,8.276379394531250000e+02,8.276392211914062500e+02,8.276376953125000000e+02,8.276379394531250000e+02,-1.004461624916304111e+09
9.519999999999999574e-01,-8.615919123654070688e+01,4.270476473229709313e+01,-3.059454760522230288e+01,1.438320815481120007e-04,1.299138785810782792e-04,4.203283985759753705e-06,1.042050421237945557e-01,2.431273698806762695e+00,-2.578468799591064453e+00,-5.704701244269801130e-02,-5.140378968962800582e-02,-3.560654043562862248e-02,-8.621623824898340160e+01,4.265336094260746336e+01,-3.063015414565793293e+01,0.000000000000000000e+00,0.000000000000000000e+00,0.000000000000000000e+00,0.000000000000000000e+00,8.276380004882812500e+02,8.276391601562500000e+02,8.276376953125000000e+02,8.276380004882812500e+02,-1.004471808045812726e+09
9.529999999999999583e-01,-8.615904755771322243e+01,4.270489458594330756e+01,-3.059454373233570124e+01,1.436788274844502666e-04,1.298536462144284087e-04,3.872886601641312154e-06,1.042129099369049072e-01,2.431303977966308594e+00,-2.578496217727661133e+00,-5.719069127017237936e-02,-5.153364333584418283e-02,-3.561041332223342792e-02,-8.621623824898340160e+01,4.265336094260746336e+01,-3.063015414565793293e+01,0.000000000000000000e+00,0.000000000000000000e+00,0.000000000000000000e+00,0.000000000000000000e+00,8.276380615234375000e+02,8.276390380859375000e+02,8.276376342773437500e+02,8.276380615234375000e+02,-1.004481991161416531e+09
9.539999999999999591e-01,-8.615890401880149341e+01,4.270502437936339390e+01,-3.059454018318163193e+01,1.435389117290242211e-04,1.297934200863437582e-04,3.549154069304449877e-06,1.042217016220092773e-01,2.431339740753173828e+00,-2.578527212142944336e+00,-5.733423018191061149e-02,-5.166343675592872248e-02,-3.561396247630075479e-02,-8.621623824898340160e+01,4.265336094260746336e+01,-3.063015414565793293e+01,0.000000000000000000e+00,0.000000000000000000e+00,0.000000000000000000e+00,0.000000000000000000e+00,8.276381225585937500e+02,8.276389770507812500e+02,8.276375732421875000e+02,8.276380615234375000e+02,-1.004492174263154507e+09
9.549999999999999600e-01,-8.615876061980645773e+01,4.270515411922622206e+01,-3.059453695776274529e+01,1.433989950356817644e-04,1.297398628281598576e-04,3.225418886643183214e-06,1.042298972606658936e-01,2.431372404098510742e+00,-2.578557491302490234e+00,-5.747762917694910351e-02,-5.179317661875974810e-02,-3.561718789518702327e-02,-8.621623824898340160e+01,4.265336094260746336e+01,-3.063015414565793293e+01,0.000000000000000000e+00,0.000000000000000000e+00,0.000000000000000000e+00,0.000000000000000000e+00,8.276381225585937500e+02,8.276389160156250000e+02,8.276375122070312500e+02,8.276381225585937500e+02,-1.004502357351066113e+09
9.559999999999999609e-01,-8.615861735406095079e+01,4.270528380887105868e+01,-3.059453404941295673e+01,1.432657455069374919e-04,1.296896448366169352e-04,2.908349788555142368e-06,1.042384207248687744e-01,2.431406497955322266e+00,-2.578587293624877930e+00,-5.762089492244645145e-02,-5.192286626359395030e-02,-3.562009624497777804e-02,-8.621623824898340160e+01,4.265336094260746336e+01,-3.063015414565793293e+01,0.000000000000000000e+00,0.000000000000000000e+00,0.000000000000000000e+00,0.000000000000000000e+00,8.276381835937500000e+02,8.276387939453125000e+02,8.276374511718750000e+02,8.276381835937500000e+02,-1.004512540425189376e+09
9.569999999999999618e-01,-8.615847420155509440e+01,4.270541344830460417e+01,-3.059453145480565439e+01,1.431525058563920538e-04,1.296394335454920110e-04,2.594607302341955801e-06,1.042466163635253906e-01,2.431439876556396484e+00,-2.578616380691528320e+00,-5.776404742830049815e-02,-5.205250569713915781e-02,-3.562269085227925264e-02,-8.621623824898340160e+01,4.265336094260746336e+01,-3.063015414565793293e+01,0.000000000000000000e+00,0.000000000000000000e+00,0.000000000000000000e+00,0.000000000000000000e+00,8.276382446289062500e+02,8.276387329101562500e+02,8.276374511718750000e+02,8.276382446289062500e+02,-1.004522723485558867e+09
9.579999999999999627e-01,-8.615833116896503441e+01,4.270554304086540043e+01,-3.059452916059870020e+01,1.430325900599882516e-04,1.295925607962544746e-04,2.294206954189803582e-06,1.042553782463073730e-01,2.431474208831787109e+00,-2.578646183013916016e+00,-5.790708001836123581e-02,-5.218209825793405920e-02,-3.562498505923136771e-02,-8.621623824898340160e+01,4.265336094260746336e+01,-3.063015414565793293e+01,0.000000000000000000e+00,0.000000000000000000e+00,0.000000000000000000e+00,0.000000000000000000e+00,8.276382446289062500e+02,8.276386718750000000e+02,8.276373901367187500e+02,8.276382446289062500e+02,-1.004532906532209635e+09
9.589999999999999636e-01,-8.615818822961850287e+01,4.270567259657253345e+01,-3.059452715346854035e+01,1.429393465315342837e-04,1.295557071330222243e-04,2.007130159853431906e-06,1.042635142803192139e-01,2.431506633758544922e+00,-2.578675270080566406e+00,-5.805001936490223474e-02,-5.231165396506928106e-02,-3.562699218939181789e-02,-8.621623824898340160e+01,4.265336094260746336e+01,-3.063015414565793293e+01,0.000000000000000000e+00,0.000000000000000000e+00,0.000000000000000000e+00,0.000000000000000000e+00,8.276383056640625000e+02,8.276386108398437500e+02,8.276373291015625000e+02,8.276383056640625000e+02,-1.004543089565172315e+09
9.599999999999999645e-01,-8.615804539018968455e+01,4.270580211209457389e+01,-3.059452542006975762e+01,1.428394288183199023e-04,1.295155220404353713e-04,1.733398782732820109e-06,1.042722761631011963e-01,2.431541919708251953e+00,-2.578705787658691406e+00,-5.819285879372024239e-02,-5.244116948711373405e-02,-3.562872558817367641e-02,-8.621623824898340160e+01,4.265336094260746336e+01,-3.063015414565793293e+01,0.000000000000000000e+00,0.000000000000000000e+00,0.000000000000000000e+00,0.000000000000000000e+00,8.276383666992187500e+02,8.276385498046875000e+02,8.276373291015625000e+02,8.276383666992187500e+02,-1.004553272584477425e+09
9.609999999999999654e-01,-8.615790262400795996e+01,4.270593159745245515e+01,-3.059452394374392270e+01,1.427661817245962084e-04,1.294853578812649175e-04,1.476325834914860025e-06,1.042804121971130371e-01,2.431574583053588867e+00,-2.578734874725341797e+00,-5.833562497543753889e-02,-5.257065484499449243e-02,-3.563020191401078396e-02,-8.621623824898340160e+01,4.265336094260746336e+01,-3.063015414565793293e+01,0.000000000000000000e+00,0.000000000000000000e+00,0.000000000000000000e+00,0.000000000000000000e+00,8.276383666992187500e+02,8.276384887695312500e+02,8.276372680664062500e+02,8.276383666992187500e+02,-1.004563455590150952e+09
9.619999999999999662e-01,-8.615775993108117348e+01,4.270606105598877633e+01,-3.059452270781709871e+01,1.426929267864807116e-04,1.294585363211808726e-04,1.235926823994759616e-06,1.042888760566711426e-01,2.431608676910400391e+00,-2.578765153884887695e+00,-5.847831790222635800e-02,-5.270011338131468798e-02,-3.563143784083361992e-02,-8.621623824898340160e+01,4.265336094260746336e+01,-3.063015414565793293e+01,0.000000000000000000e+00,0.000000000000000000e+00,0.000000000000000000e+00,0.000000000000000000e+00,8.276384277343750000e+02,8.276384277343750000e+02,8.276372680664062500e+02,8.276384277343750000e+02,-1.004573638582217932e+09
9.629999999999999671e-01,-8.615761728473830772e+01,4.270619049105623333e+01,-3.059452169229261997e+01,1.426463428657598342e-04,1.294350674569955117e-04,1.015524478731322233e-06,1.042971909046173096e-01,2.431642055511474609e+00,-2.578794956207275391e+00,-5.862096424508996678e-02,-5.282954844877067041e-02,-3.563245336531434271e-02,-8.621623824898340160e+01,4.265336094260746336e+01,-3.063015414565793293e+01,0.000000000000000000e+00,0.000000000000000000e+00,0.000000000000000000e+00,0.000000000000000000e+00,8.276384277343750000e+02,8.276383666992187500e+02,8.276372680664062500e+02,8.276384277343750000e+02,-1.004583821560698032e+09
9.639999999999999680e-01,-8.615747468499250772e+01,4.270631991267114103e+01,-3.059452087382998187e+01,1.425997457999983453e-04,1.294216149076987676e-04,8.184626381080306601e-07,1.043055355548858643e-01,2.431675672531127930e+00,-2.578823566436767578e+00,-5.876356399088724508e-02,-5.295897006367560750e-02,-3.563327182795112541e-02,-8.621623824898340160e+01,4.265336094260746336e+01,-3.063015414565793293e+01,0.000000000000000000e+00,0.000000000000000000e+00,0.000000000000000000e+00,0.000000000000000000e+00,8.276384277343750000e+02,8.276383056640625000e+02,8.276372070312500000e+02,8.276384277343750000e+02,-1.004594004525610089e+09
9.649999999999999689e-01,-8.615733211851215856e+01,4.270644932084719869e+01,-3.059452023242483421e+01,1.425664803491599741e-04,1.294081760576659690e-04,6.414051476610893587e-07,1.043136417865753174e-01,2.431707143783569336e+00,-2.578852176666259766e+00,-5.890613047124202556e-02,-5.308837823973486941e-02,-3.563391323309881425e-02,-8.621623824898340160e+01,4.265336094260746336e+01,-3.063015414565793293e+01,0.000000000000000000e+00,0.000000000000000000e+00,0.000000000000000000e+00,0.000000000000000000e+00,8.276384277343750000e+02,8.276383056640625000e+02,8.276372070312500000e+02,8.276384277343750000e+02,-1.004604187476969719e+09
9.659999999999999698e-01,-8.615718956530231765e+01,4.270657872227555885e+01,-3.059451973807424707e+01,1.425532098409121318e-04,1.294014283601541138e-04,4.943505871324305190e-07,1.043223738670349121e-01,2.431742429733276367e+00,-2.578882455825805664e+00,-5.904868368108458221e-02,-5.321777966809454474e-02,-3.563440758368452421e-02,-8.621623824898340160e+01,4.265336094260746336e+01,-3.063015414565793293e+01,0.000000000000000000e+00,0.000000000000000000e+00,0.000000000000000000e+00,0.000000000000000000e+00,8.276384887695312500e+02,8.276382446289062500e+02,8.276372070312500000e+02,8.276384887695312500e+02,-1.004614370414787650e+09
9.669999999999999707e-01,-8.615704701203519278e+01,4.270670812364199520e+01,-3.059451936744242673e+01,1.425532671248674887e-04,1.294013664363546923e-04,3.706318203455793991e-07,1.043303608894348145e-01,2.431774377822875977e+00,-2.578911781311035156e+00,-5.919123694820299653e-02,-5.334718103452860266e-02,-3.563477821550743024e-02,-8.621623824898340160e+01,4.265336094260746336e+01,-3.063015414565793293e+01,0.000000000000000000e+00,0.000000000000000000e+00,0.000000000000000000e+00,0.000000000000000000e+00,8.276384887695312500e+02,8.276382446289062500e+02,8.276372070312500000e+02,8.276384887695312500e+02,-1.004624553339071512e+09
9.679999999999999716e-01,-8.615690444538311965e+01,4.270683753163238805e+01,-3.059451909719366114e+01,1.425666520731283526e-04,1.294079903928491149e-04,2.702487655881213868e-07,1.043389737606048584e-01,2.431808948516845703e+00,-2.578941822052001953e+00,-5.933380360028021189e-02,-5.347658902492753719e-02,-3.563504846427351103e-02,-8.621623824898340160e+01,4.265336094260746336e+01,-3.063015414565793293e+01,0.000000000000000000e+00,0.000000000000000000e+00,0.000000000000000000e+00,0.000000000000000000e+00,8.276384887695312500e+02,8.276381835937500000e+02,8.276372070312500000e+02,8.276384887695312500e+02,-1.004634736249825954e+09
9.689999999999999725e-01,-8.615676185202215720e+01,4.270696694960290074e+01,-3.059451889398544466e+01,1.425933609624507881e-04,1.294179705126907720e-04,2.032082164760140586e-07,1.043471395969390869e-01,2.431841850280761719e+00,-2.578970193862915039e+00,-5.947639696124990688e-02,-5.360600699543893732e-02,-3.563525167248831477e-02,-8.621623824898340160e+01,4.265336094260746336e+01,-3.063015414565793293e+01,0.000000000000000000e+00,0.000000000000000000e+00,0.000000000000000000e+00,0.000000000000000000e+00,8.276384887695312500e+02,8.276381835937500000e+02,8.276372070312500000e+02,8.276384887695312500e+02,-1.004644919147051096e+09
9.699999999999999734e-01,-8.615661922529235994e+01,4.270709638090082194e+01,-3.059451873781244302e+01,1.426267297972572123e-04,1.294312979212008941e-04,1.561730016419460298e-07,1.043555438518524170e-01,2.431875228881835938e+00,-2.578999996185302734e+00,-5.961902369103775495e-02,-5.373543829335810512e-02,-3.563540784548985263e-02,-8.621623824898340160e+01,4.265336094260746336e+01,-3.063015414565793293e+01,0.000000000000000000e+00,0.000000000000000000e+00,0.000000000000000000e+00,0.000000000000000000e+00,8.276384887695312500e+02,8.276381835937500000e+02,8.276372070312500000e+02,8.276384887695312500e+02,-1.004655102030745506e+09
9.709999999999999742e-01,-8.615647654520203957e+01,4.270722583555475893e+01,-3.059451859533889007e+01,1.426800903203684356e-04,1.294546539369889615e-04,1.424735529553800006e-07,1.043639779090881348e-01,2.431909322738647461e+00,-2.579029321670532227e+00,-5.976170378136382022e-02,-5.386489294729852190e-02,-3.563555031904311332e-02,-8.621623824898340160e+01,4.265336094260746336e+01,-3.063015414565793293e+01,0.000000000000000000e+00,0.000000000000000000e+00,0.000000000000000000e+00,0.000000000000000000e+00,8.276384277343750000e+02,8.276381835937500000e+02,8.276372070312500000e+02,8.276384277343750000e+02,-1.004665284900902867e+09
9.719999999999999751e-01,-8.615633379842607553e+01,4.270735531691957476e+01,-3.059451843655758907e+01,1.427467759640421718e-04,1.294813648158310571e-04,1.587813009962246724e-07,1.043722033500671387e-01,2.431941986083984375e+00,-2.579058885574340820e+00,-5.990445055732693258e-02,-5.399437431211259047e-02,-3.563570910034447037e-02,-8.621623824898340160e+01,4.265336094260746336e+01,-3.063015414565793293e+01,0.000000000000000000e+00,0.000000000000000000e+00,0.000000000000000000e+00,0.000000000000000000e+00,8.276384277343750000e+02,8.276381225585937500e+02,8.276372070312500000e+02,8.276384277343750000e+02,-1.004675467757513046e+09
9.729999999999999760e-01,-8.615619097163740037e+01,4.270748483168182474e+01,-3.059451823813327564e+01,1.428267886751655169e-04,1.295147622499825957e-04,1.984243134245389228e-07,1.043805181980133057e-01,2.431975603103637695e+00,-2.579088449478149414e+00,-6.004727734600531081e-02,-5.412388907436014446e-02,-3.563590752465851941e-02,-8.621623824898340160e+01,4.265336094260746336e+01,-3.063015414565793293e+01,0.000000000000000000e+00,0.000000000000000000e+00,0.000000000000000000e+00,0.000000000000000000e+00,8.276384277343750000e+02,8.276381225585937500e+02,8.276372680664062500e+02,8.276384277343750000e+02,-1.004685650600562572e+09
9.739999999999999769e-01,-8.615604806484876121e+01,4.270761437985567710e+01,-3.059451797338590850e+01,1.429067886391521824e-04,1.295481738523562854e-04,2.647473671402167383e-07,1.043889224529266357e-01,2.432009220123291016e+00,-2.579118251800537109e+00,-6.019018413464018863e-02,-5.425343724821048846e-02,-3.563617227202528492e-02,-8.621623824898340160e+01,4.265336094260746336e+01,-3.063015414565793293e+01,0.000000000000000000e+00,0.000000000000000000e+00,0.000000000000000000e+00,0.000000000000000000e+00,8.276383666992187500e+02,8.276381225585937500e+02,8.276372680664062500e+02,8.276383666992187500e+02,-1.004695833430036783e+09
9.749999999999999778e-01,-8.615590505139783772e+01,4.270774396813735052e+01,-3.059451760898150496e+01,1.430134509234903817e-04,1.295882816734206244e-04,3.644044035411297955e-07,1.043973863124847412e-01,2.432042837142944336e+00,-2.579148054122924805e+00,-6.033319758556372064e-02,-5.438302552989071614e-02,-3.563653667642716072e-02,-8.621623824898340160e+01,4.265336094260746336e+01,-3.063015414565793293e+01,0.000000000000000000e+00,0.000000000000000000e+00,0.000000000000000000e+00,0.000000000000000000e+00,8.276383666992187500e+02,8.276381835937500000e+02,8.276373291015625000e+02,8.276383666992187500e+02,-1.004706016245914578e+09
9.759999999999999787e-01,-8.615576193129813021e+01,4.270787360320966997e+01,-3.059451712157871484e+01,1.431200997075166015e-04,1.296350723194450438e-04,4.874027901280442165e-07,1.044055819511413574e-01,2.432075023651123047e+00,-2.579177141189575195e+00,-6.047631768527003682e-02,-5.451266060220960608e-02,-3.563702407921719162e-02,-8.621623824898340160e+01,4.265336094260746336e+01,-3.063015414565793293e+01,0.000000000000000000e+00,0.000000000000000000e+00,0.000000000000000000e+00,0.000000000000000000e+00,8.276383056640625000e+02,8.276381835937500000e+02,8.276373291015625000e+02,8.276383056640625000e+02,-1.004716199048174143e+09
9.769999999999999796e-01,-8.615561869122255700e+01,4.270800328509136534e+01,-3.059451648450399830e+01,1.432400755732032849e-04,1.296818816953759779e-04,6.370747165362899977e-07,1.044142246246337891e-01,2.432109832763671875e+00,-2.579206943511962891e+00,-6.061955776084978348e-02,-5.464234248390252568e-02,-3.563766115393611489e-02,-8.621623824898340160e+01,4.265336094260746336e+01,-3.063015414565793293e+01,0.000000000000000000e+00,0.000000000000000000e+00,0.000000000000000000e+00,0.000000000000000000e+00,8.276383056640625000e+02,8.276381835937500000e+02,8.276373901367187500e+02,8.276383056640625000e+02,-1.004726381836789727e+09
9.779999999999999805e-01,-8.615547531784301327e+01,4.270813302046786930e+01,-3.059451567775751002e+01,1.433733795437319714e-04,1.297353765039588325e-04,8.067464882799413317e-07,1.044222712516784668e-01,2.432142496109008789e+00,-2.579235792160034180e+00,-6.076293114039049703e-02,-5.477207786040933640e-02,-3.563846790042136253e-02,-8.621623824898340160e+01,4.265336094260746336e+01,-3.063015414565793293e+01,0.000000000000000000e+00,0.000000000000000000e+00,0.000000000000000000e+00,0.000000000000000000e+00,8.276382446289062500e+02,8.276381835937500000e+02,8.276373901367187500e+02,8.276382446289062500e+02,-1.004736564611732602e+09
9.789999999999999813e-01,-8.615533181784456929e+01,4.270826280935371955e+01,-3.059451467132122815e+01,1.434999984439855325e-04,1.297888858502460607e-04,1.006436281869582672e-06,1.044310331344604492e-01,2.432177305221557617e+00,-2.579266786575317383e+00,-6.090643113883199844e-02,-5.490186674625472524e-02,-3.563947433670601461e-02,-8.621623824898340160e+01,4.265336094260746336e+01,-3.063015414565793293e+01,0.000000000000000000e+00,0.000000000000000000e+00,0.000000000000000000e+00,0.000000000000000000e+00,8.276381835937500000e+02,8.276382446289062500e+02,8.276374511718750000e+02,8.276381835937500000e+02,-1.004746747372973442e+09
9.799999999999999822e-01,-8.615518817122661233e+01,4.270839265509982852e+01,-3.059451344853188104e+01,1.436466179569606538e-04,1.298457461089697063e-04,1.222789347110619929e-06,1.044394373893737793e-01,2.432210683822631836e+00,-2.579296112060546875e+00,-6.105007775679302529e-02,-5.503171249236456231e-02,-3.564069712605132806e-02,-8.621623824898340160e+01,4.265336094260746336e+01,-3.063015414565793293e+01,0.000000000000000000e+00,0.000000000000000000e+00,0.000000000000000000e+00,0.000000000000000000e+00,8.276381835937500000e+02,8.276382446289062500e+02,8.276375122070312500e+02,8.276381835937500000e+02,-1.004756930120478630e+09
9.809999999999999831e-01,-8.615504437800052528e+01,4.270852256105276723e+01,-3.059451198938163685e+01,1.437932260870411483e-04,1.299059529387136536e-04,1.459150244187412682e-06,1.044474542140960693e-01,2.432242870330810547e+00,-2.579324483871459961e+00,-6.119387098287708271e-02,-5.516161844530329678e-02,-3.564215627629459260e-02,-8.621623824898340160e+01,4.265336094260746336e+01,-3.063015414565793293e+01,0.000000000000000000e+00,0.000000000000000000e+00,0.000000000000000000e+00,0.000000000000000000e+00,8.276381225585937500e+02,8.276383056640625000e+02,8.276375732421875000e+02,8.276381225585937500e+02,-1.004767112854213595e+09
9.819999999999999840e-01,-8.615490043817676735e+01,4.270865252722414596e+01,-3.059451027386089450e+01,1.439398237579325723e-04,1.299661713787259032e-04,1.715520742351372974e-06,1.044562160968780518e-01,2.432278633117675781e+00,-2.579355716705322266e+00,-6.133781080663092827e-02,-5.529158461668377128e-02,-3.564387179703977504e-02,-8.621623824898340160e+01,4.265336094260746336e+01,-3.063015414565793293e+01,0.000000000000000000e+00,0.000000000000000000e+00,0.000000000000000000e+00,0.000000000000000000e+00,8.276380615234375000e+02,8.276383056640625000e+02,8.276375732421875000e+02,8.276380615234375000e+02,-1.004777295574142694e+09
9.829999999999999849e-01,-8.615475633842508785e+01,4.270878255696310077e+01,-3.059450828530333411e+01,1.440997516795050615e-04,1.300297389548177307e-04,1.988557560395065593e-06,1.044643223285675049e-01,2.432310819625854492e+00,-2.579384326934814453e+00,-6.148191055831057211e-02,-5.542161435563851962e-02,-3.564586035459851171e-02,-8.621623824898340160e+01,4.265336094260746336e+01,-3.063015414565793293e+01,0.000000000000000000e+00,0.000000000000000000e+00,0.000000000000000000e+00,0.000000000000000000e+00,8.276380004882812500e+02,8.276383666992187500e+02,8.276376342773437500e+02,8.276380004882812500e+02,-1.004787478280227184e+09
9.839999999999999858e-01,-8.615461207875287641e+01,4.270891265027785266e+01,-3.059450601036952477e+01,1.442596722114330987e-04,1.300933147518890109e-04,2.274933809331969314e-06,1.044730544090270996e-01,2.432345628738403320e+00,-2.579414844512939453e+00,-6.162617023052342075e-02,-5.555170767038575957e-02,-3.564813528840715673e-02,-8.621623824898340160e+01,4.265336094260746336e+01,-3.063015414565793293e+01,0.000000000000000000e+00,0.000000000000000000e+00,0.000000000000000000e+00,0.000000000000000000e+00,8.276379394531250000e+02,8.276383666992187500e+02,8.276376953125000000e+02,8.276379394531250000e+02,-1.004797660972427368e+09
9.849999999999999867e-01,-8.615446766583607996e+01,4.270904280717279988e+01,-3.059450343905184511e+01,1.444129167964547378e-04,1.301568949472198256e-04,2.571317679667117773e-06,1.044811606407165527e-01,2.432378530502319336e+00,-2.579444408416748047e+00,-6.177058314732376820e-02,-5.568186456533814888e-02,-3.565070660608710140e-02,-8.621623824898340160e+01,4.265336094260746336e+01,-3.063015414565793293e+01,0.000000000000000000e+00,0.000000000000000000e+00,0.000000000000000000e+00,0.000000000000000000e+00,8.276378784179687500e+02,8.276384277343750000e+02,8.276377563476562500e+02,8.276378784179687500e+02,-1.004807843650704384e+09
9.859999999999999876e-01,-8.615432309301208136e+01,4.270917302765838031e+01,-3.059450055801408297e+01,1.445728239986010522e-04,1.302204855804234285e-04,2.881037762136884339e-06,1.044898033142089844e-01,2.432412862777709961e+00,-2.579474449157714844e+00,-6.191515597131895532e-02,-5.581208505091714289e-02,-3.565358764384904400e-02,-8.621623824898340160e+01,4.265336094260746336e+01,-3.063015414565793293e+01,0.000000000000000000e+00,0.000000000000000000e+00,0.000000000000000000e+00,0.000000000000000000e+00,8.276378784179687500e+02,8.276384887695312500e+02,8.276378173828125000e+02,8.276378784179687500e+02,-1.004818026315017104e+09
9.869999999999999885e-01,-8.615417836695532117e+01,4.270930331173730821e+01,-3.059449736058365943e+01,1.447260567601915682e-04,1.302840789279002820e-04,3.197430423540481570e-06,1.044979691505432129e-01,2.432445764541625977e+00,-2.579503536224365234e+00,-6.205988202808655763e-02,-5.594236912984687504e-02,-3.565678507427420818e-02,-8.621623824898340160e+01,4.265336094260746336e+01,-3.063015414565793293e+01,0.000000000000000000e+00,0.000000000000000000e+00,0.000000000000000000e+00,0.000000000000000000e+00,8.276378173828125000e+02,8.276384887695312500e+02,8.276378784179687500e+02,8.276378173828125000e+02,-1.004828208965325236e+09
9.879999999999999893e-01,-8.615403348766744784e+01,4.270943365607756448e+01,-3.059449384342446621e+01,1.448792878733229372e-04,1.303443402562720621e-04,3.517159193222596514e-06,1.045069694519042969e-01,2.432481527328491211e+00,-2.579535484313964844e+00,-6.220476131595099184e-02,-5.607271347009963602e-02,-3.566030223346522421e-02,-8.621623824898340160e+01,4.265336094260746336e+01,-3.063015414565793293e+01,0.000000000000000000e+00,0.000000000000000000e+00,0.000000000000000000e+00,0.000000000000000000e+00,8.276377563476562500e+02,8.276385498046875000e+02,8.276379394531250000e+02,8.276377563476562500e+02,-1.004838391601588249e+09
9.889999999999999902e-01,-8.615388845515388994e+01,4.270956406401905525e+01,-3.059448999986896212e+01,1.450325135579078051e-04,1.304079414907732826e-04,3.843555504090545583e-06,1.045152544975280762e-01,2.432514905929565430e+00,-2.579564571380615234e+00,-6.234979382951510302e-02,-5.620312141159011093e-02,-3.566414578896955762e-02,-8.621623824898340160e+01,4.265336094260746336e+01,-3.063015414565793293e+01,0.000000000000000000e+00,0.000000000000000000e+00,0.000000000000000000e+00,0.000000000000000000e+00,8.276376953125000000e+02,8.276385498046875000e+02,8.276379394531250000e+02,8.276376953125000000e+02,-1.004848574223765016e+09
9.899999999999999911e-01,-8.615374327607946725e+01,4.270969452555215895e+01,-3.059448583657928822e+01,1.451790744226855168e-04,1.304615331036984571e-04,4.163289673897452303e-06,1.045240759849548340e-01,2.432549953460693359e+00,-2.579595327377319336e+00,-6.249497290393556115e-02,-5.633358294469827110e-02,-3.566830907864625144e-02,-8.621623824898340160e+01,4.265336094260746336e+01,-3.063015414565793293e+01,0.000000000000000000e+00,0.000000000000000000e+00,0.000000000000000000e+00,0.000000000000000000e+00,8.276376342773437500e+02,8.276386108398437500e+02,8.276380004882812500e+02,8.276376342773437500e+02,-1.004858756831815600e+09
9.909999999999999920e-01,-8.615359796378879764e+01,4.270982504067761454e+01,-3.059448134687945853e+01,1.453122906696080463e-04,1.305151254555880769e-04,4.489699829690607658e-06,1.045321524143218994e-01,2.432582616806030273e+00,-2.579623937606811523e+00,-6.264028519461022071e-02,-5.646409807014965421e-02,-3.567279877847408243e-02,-8.621623824898340160e+01,4.265336094260746336e+01,-3.063015414565793293e+01,0.000000000000000000e+00,0.000000000000000000e+00,0.000000000000000000e+00,0.000000000000000000e+00,8.276375732421875000e+02,8.276386718750000000e+02,8.276380615234375000e+02,8.276375732421875000e+02,-1.004868939425701618e+09
9.919999999999999929e-01,-8.615345251827847051e+01,4.270995561605946733e+01,-3.059447654411400563e+01,1.454455103271357075e-04,1.305753818527932708e-04,4.802765452893709153e-06,1.045410633087158203e-01,2.432617664337158203e+00,-2.579655647277832031e+00,-6.278573070493718988e-02,-5.659467345200183686e-02,-3.567760154392701777e-02,-8.621623824898340160e+01,4.265336094260746336e+01,-3.063015414565793293e+01,0.000000000000000000e+00,0.000000000000000000e+00,0.000000000000000000e+00,0.000000000000000000e+00,8.276375732421875000e+02,8.276386718750000000e+02,8.276381225585937500e+02,8.276375732421875000e+02,-1.004879122005386114e+09
9.929999999999999938e-01,-8.615330694621387408e+01,4.271008623835480478e+01,-3.059447143160804217e+01,1.455720645964220239e-04,1.306222953374458484e-04,5.112505963467128822e-06,1.045492589473724365e-01,2.432651519775390625e+00,-2.579684495925903320e+00,-6.293130276952509095e-02,-5.672529574734055946e-02,-3.568271404988915957e-02,-8.621623824898340160e+01,4.265336094260746336e+01,-3.063015414565793293e+01,0.000000000000000000e+00,0.000000000000000000e+00,0.000000000000000000e+00,0.000000000000000000e+00,8.276375122070312500e+02,8.276387329101562500e+02,8.276381835937500000e+02,8.276375122070312500e+02,-1.004889304570832610e+09
9.939999999999999947e-01,-8.615316126093300397e+01,4.271021690755699751e+01,-3.059446601602567384e+01,1.456852808701114554e-04,1.306692021927347014e-04,5.415582368328841767e-06,1.045579612255096436e-01,2.432686328887939453e+00,-2.579714775085449219e+00,-6.307698805039746448e-02,-5.685596494953573665e-02,-3.568812963225916762e-02,-8.621623824898340160e+01,4.265336094260746336e+01,-3.063015414565793293e+01,0.000000000000000000e+00,0.000000000000000000e+00,0.000000000000000000e+00,0.000000000000000000e+00,8.276374511718750000e+02,8.276387329101562500e+02,8.276381835937500000e+02,8.276374511718750000e+02,-1.004899487122007012e+09
9.949999999999999956e-01,-8.615301546909662989e+01,4.271034761698583537e+01,-3.059446031403573940e+01,1.457918363740873247e-04,1.307094288378607416e-04,5.701989934436824115e-06,1.045663654804229736e-01,2.432719469070434570e+00,-2.579745531082153320e+00,-6.322277988676532068e-02,-5.698667437837266064e-02,-3.569383162219334077e-02,-8.621623824898340160e+01,4.265336094260746336e+01,-3.063015414565793293e+01,0.000000000000000000e+00,0.000000000000000000e+00,0.000000000000000000e+00,0.000000000000000000e+00,8.276374511718750000e+02,8.276387939453125000e+02,8.276382446289062500e+02,8.276373901367187500e+02,-1.004909669658876896e+09
9.959999999999999964e-01,-8.615286959070903094e+01,4.271047835996054687e+01,-3.059445433563026384e+01,1.458783875989411172e-04,1.307429747114952079e-04,5.978405475559611659e-06,1.045753061771392822e-01,2.432754993438720703e+00,-2.579776287078857422e+00,-6.336865827436857779e-02,-5.711741735308182438e-02,-3.569981002766827588e-02,-8.621623824898340160e+01,4.265336094260746336e+01,-3.063015414565793293e+01,0.000000000000000000e+00,0.000000000000000000e+00,0.000000000000000000e+00,0.000000000000000000e+00,8.276373901367187500e+02,8.276387939453125000e+02,8.276383056640625000e+02,8.276373901367187500e+02,-1.004919852181413412e+09
9.969999999999999973e-01,-8.615272361909477183e+01,4.271060914314514179e+01,-3.059444809749196992e+01,1.459716142591105381e-04,1.307831845949181115e-04,6.238138293923611855e-06,1.045837700366973877e-01,2.432789087295532227e+00,-2.579806327819824219e+00,-6.351462988862688341e-02,-5.724820053767846334e-02,-3.570604816596385789e-02,-8.621623824898340160e+01,4.265336094260746336e+01,-3.063015414565793293e+01,0.000000000000000000e+00,0.000000000000000000e+00,0.000000000000000000e+00,0.000000000000000000e+00,8.276373291015625000e+02,8.276387939453125000e+02,8.276383056640625000e+02,8.276373291015625000e+02,-1.004930034689588189e+09
9.979999999999999982e-01,-8.615257758471658178e+01,4.271073994976210741e+01,-3.059444162174142434e+01,1.460343781900519389e-04,1.308066169656285638e-04,6.475750545575920114e-06,1.045923531055450439e-01,2.432823419570922852e+00,-2.579836368560791016e+00,-6.366066426682674695e-02,-5.737900715464171880e-02,-3.571252391650925340e-02,-8.621623824898340160e+01,4.265336094260746336e+01,-3.063015414565793293e+01,0.000000000000000000e+00,0.000000000000000000e+00,0.000000000000000000e+00,0.000000000000000000e+00,8.276373291015625000e+02,8.276388549804687500e+02,8.276383666992187500e+02,8.276373291015625000e+02,-1.004940217183377862e+09
9.989999999999999991e-01,-8.615243148665256001e+01,4.271087077996084247e+01,-3.059443492078651516e+01,1.460980640217712789e-04,1.308301987350546369e-04,6.700954909177880836e-06,1.046007275581359863e-01,2.432857036590576172e+00,-2.579866170883178711e+00,-6.380676233083466820e-02,-5.750983735337804326e-02,-3.571922487141671043e-02,-8.621623824898340160e+01,4.265336094260746336e+01,-3.063015414565793293e+01,0.000000000000000000e+00,0.000000000000000000e+00,0.000000000000000000e+00,0.000000000000000000e+00,8.276373291015625000e+02,8.276388549804687500e+02,8.276383666992187500e+02,8.276372680664062500e+02,-1.004950399662759781e+09
1.000000000000000000e+00,-8.615228534868893462e+01,4.271100163031186270e+01,-3.059442802009298390e+01,1.461379636253923309e-04,1.308503510202285725e-04,6.900693531264323610e-06,1.046096682548522949e-01,2.432892560958862305e+00,-2.579897165298461914e+00,-6.395290029446129565e-02,-5.764068770439729344e-02,-3.572612556494908498e-02,-8.621623824898340160e+01,4.265336094260746336e+01,-3.063015414565793293e+01,0.000000000000000000e+00,0.000000000000000000e+00,0.000000000000000000e+00,0.000000000000000000e+00,8.276372680664062500e+02,8.276388549804687500e+02,8.276383666992187500e+02,8.276372680664062500e+02,-1.004960582127716780e+09
1.000999999999999890e+00,-8.615213917081422323e+01,4.271113249413463109e+01,-3.059442093966763565e+01,1.461778747113839927e-04,1.308638227683900368e-04,7.080425348249264061e-06,1.046181619167327881e-01,2.432926654815673828e+00,-2.579927444458007812e+00,-6.409907816918092305e-02,-5.777155152716957620e-02,-3.573320599029553013e-02,-8.621623824898340160e+01,4.265336094260746336e+01,-3.063015414565793293e+01,0.000000000000000000e+00,0.000000000000000000e+00,0.000000000000000000e+00,0.000000000000000000e+00,8.276372680664062500e+02,8.276388549804687500e+02,8.276384277343750000e+02,8.276372680664062500e+02,-1.004970764578232050e+09
1.002000000000000002e+00,-8.615199297969184045e+01,4.271126335806634700e+01,-3.059441370617015110e+01,1.461911223827883077e-04,1.308639317159077109e-04,7.233497484548934153e-06,1.046266853809356689e-01,2.432960987091064453e+00,-2.579957723617553711e+00,-6.424526929155718880e-02,-5.790241545888584473e-02,-3.574043948778329871e-02,-8.621623824898340160e+01,4.265336094260746336e+01,-3.063015414565793293e+01,0.000000000000000000e+00,0.000000000000000000e+00,0.000000000000000000e+00,0.000000000000000000e+00,8.276372680664062500e+02,8.276388549804687500e+02,8.276384277343750000e+02,8.276372680664062500e+02,-1.004980947014294028e+09
1.002999999999999892e+00,-8.615184678198308177e+01,4.271139423543073832e+01,-3.059440634628511546e+01,1.461977087586774360e-04,1.308773643913241358e-04,7.359885035640445494e-06,1.046353876590728760e-01,2.432995796203613281e+00,-2.579988241195678711e+00,-6.439146700031338211e-02,-5.803329282327274186e-02,-3.574779937281906406e-02,-8.621623824898340160e+01,4.265336094260746336e+01,-3.063015414565793293e+01,0.000000000000000000e+00,0.000000000000000000e+00,0.000000000000000000e+00,0.000000000000000000e+00,8.276372680664062500e+02,8.276388549804687500e+02,8.276384277343750000e+02,8.276372680664062500e+02,-1.004991129435895205e+09
1.004000000000000004e+00,-8.615170059100846345e+01,4.271152509953053311e+01,-3.059439888333620061e+01,1.461909746183209791e-04,1.308640997947918549e-04,7.462948914849221183e-06,1.046442687511444092e-01,2.433030605316162109e+00,-2.580020189285278320e+00,-6.453765797494002976e-02,-5.816415692306892843e-02,-3.575526232173117241e-02,-8.621623824898340160e+01,4.265336094260746336e+01,-3.063015414565793293e+01,0.000000000000000000e+00,0.000000000000000000e+00,0.000000000000000000e+00,0.000000000000000000e+00,8.276372680664062500e+02,8.276388549804687500e+02,8.276384277343750000e+02,8.276372070312500000e+02,-1.005001311843029261e+09
1.004999999999999893e+00,-8.615155442009742615e+01,4.271165596368523154e+01,-3.059439134733957033e+01,1.461709110373021758e-04,1.308641546984290471e-04,7.535996630281260877e-06,1.046524941921234131e-01,2.433064699172973633e+00,-2.580048799514770508e+00,-6.468382888597719316e-02,-5.829502107776994568e-02,-3.576279831836416678e-02,-8.621623824898340160e+01,4.265336094260746336e+01,-3.063015414565793293e+01,0.000000000000000000e+00,0.000000000000000000e+00,0.000000000000000000e+00,0.000000000000000000e+00,8.276372680664062500e+02,8.276388549804687500e+02,8.276384277343750000e+02,8.276372680664062500e+02,-1.005011494235695362e+09
1.006000000000000005e+00,-8.615140828924243976e+01,4.271178680786533022e+01,-3.059438376161901729e+01,1.461308549863815642e-04,1.308441800986770431e-04,7.585720553038299840e-06,1.046614050865173340e-01,2.433099508285522461e+00,-2.580079555511474609e+00,-6.482995974096839031e-02,-5.842586525786679780e-02,-3.577038403891596302e-02,-8.621623824898340160e+01,4.265336094260746336e+01,-3.063015414565793293e+01,0.000000000000000000e+00,0.000000000000000000e+00,0.000000000000000000e+00,0.000000000000000000e+00,8.276372680664062500e+02,8.276388549804687500e+02,8.276384277343750000e+02,8.276372680664062500e+02,-1.005021676613895655e+09
1.006999999999999895e+00,-8.615126220509672805e+01,4.271191763205000314e+01,-3.059437615952147027e+01,1.460841457117112441e-04,1.308241846729174540e-04,7.602097547021458013e-06,1.046700775623321533e-01,2.433134078979492188e+00,-2.580111026763916016e+00,-6.497604388667305164e-02,-5.855668944254301816e-02,-3.577798613646275550e-02,-8.621623824898340160e+01,4.265336094260746336e+01,-3.063015414565793293e+01,0.000000000000000000e+00,0.000000000000000000e+00,0.000000000000000000e+00,0.000000000000000000e+00,8.276372680664062500e+02,8.276387939453125000e+02,8.276384277343750000e+02,8.276372680664062500e+02,-1.005031858977635622e+09
1.008000000000000007e+00,-8.615111618765666890e+01,4.271204842954968228e+01,-3.059436856437804053e+01,1.460174400591540689e-04,1.307974996791472222e-04,7.595143429739437124e-06,1.046786904335021973e-01,2.433168172836303711e+00,-2.580141067504882812e+00,-6.512206132673342696e-02,-5.868748694222010454e-02,-3.578558127989153737e-02,-8.621623824898340160e+01,4.265336094260746336e+01,-3.063015414565793293e+01,0.000000000000000000e+00,0.000000000000000000e+00,0.000000000000000000e+00,0.000000000000000000e+00,8.276372680664062500e+02,8.276387939453125000e+02,8.276383666992187500e+02,8.276372680664062500e+02,-1.005042041326924920e+09
1.008999999999999897e+00,-8.615097023690681510e+01,4.271217920034722226e+01,-3.059436100620388999e+01,1.459507498537959691e-04,1.307707975399807765e-04,7.558174150545937664e-06,1.046872138977050781e-01,2.433202743530273438e+00,-2.580170392990112305e+00,-6.526801207658071424e-02,-5.881825773975873917e-02,-3.579313945404188207e-02,-8.621623824898340160e+01,4.265336094260746336e+01,-3.063015414565793293e+01,0.000000000000000000e+00,0.000000000000000000e+00,0.000000000000000000e+00,0.000000000000000000e+00,8.276372680664062500e+02,8.276387329101562500e+02,8.276383666992187500e+02,8.276372680664062500e+02,-1.005052223661775112e+09
1.010000000000000009e+00,-8.615082437950790961e+01,4.271230993107677421e+01,-3.059435351499285005e+01,1.458573989054912090e-04,1.307307295519422041e-04,7.491211039933887150e-06,1.046960055828094482e-01,2.433237791061401367e+00,-2.580202102661132812e+00,-6.541386947549063247e-02,-5.894898846930794745e-02,-3.580063066508213515e-02,-8.621623824898340160e+01,4.265336094260746336e+01,-3.063015414565793293e+01,0.000000000000000000e+00,0.000000000000000000e+00,0.000000000000000000e+00,0.000000000000000000e+00,8.276373291015625000e+02,8.276387329101562500e+02,8.276383666992187500e+02,8.276373291015625000e+02,-1.005062405982203007e+09
1.010999999999999899e+00,-8.615067861544974903e+01,4.271244062839480904e+01,-3.059434611409364280e+01,1.457640581605801344e-04,1.306973180348336427e-04,7.400899207254951762e-06,1.047045588493347168e-01,2.433272123336791992e+00,-2.580232620239257812e+00,-6.555963353365402979e-02,-5.907968578734239945e-02,-3.580803156428944561e-02,-8.621623824898340160e+01,4.265336094260746336e+01,-3.063015414565793293e+01,0.000000000000000000e+00,0.000000000000000000e+00,0.000000000000000000e+00,0.000000000000000000e+00,8.276373291015625000e+02,8.276386718750000000e+02,8.276383056640625000e+02,8.276373291015625000e+02,-1.005072588288227439e+09
1.012000000000000011e+00,-8.615053295805257960e+01,4.271257127893935746e+01,-3.059433883350678229e+01,1.456573971694297143e-04,1.306505445484162919e-04,7.280586860503035496e-06,1.047131419181823730e-01,2.433306694030761719e+00,-2.580262422561645508e+00,-6.570529093082377869e-02,-5.921033633189605461e-02,-3.581531215115214134e-02,-8.621623824898340160e+01,4.265336094260746336e+01,-3.063015414565793293e+01,0.000000000000000000e+00,0.000000000000000000e+00,0.000000000000000000e+00,0.000000000000000000e+00,8.276373901367187500e+02,8.276386718750000000e+02,8.276383056640625000e+02,8.276373901367187500e+02,-1.005082770579870343e+09
1.012999999999999901e+00,-8.615038741397400202e+01,4.271270188269444645e+01,-3.059433169657365070e+01,1.455440785775863333e-04,1.306037550889982413e-04,7.136933131590694757e-06,1.047218143939971924e-01,2.433341026306152344e+00,-2.580293416976928711e+00,-6.585083500939320489e-02,-5.934094008698402589e-02,-3.582244908428326019e-02,-8.621623824898340160e+01,4.265336094260746336e+01,-3.063015414565793293e+01,0.000000000000000000e+00,0.000000000000000000e+00,0.000000000000000000e+00,0.000000000000000000e+00,8.276373901367187500e+02,8.276386108398437500e+02,8.276382446289062500e+02,8.276373901367187500e+02,-1.005092952857156038e+09
1.014000000000000012e+00,-8.615024200321003889e+01,4.271283243963787157e+01,-3.059432472996374131e+01,1.454107639631274651e-04,1.305569434251196981e-04,6.966609909397902811e-06,1.047306656837463379e-01,2.433376073837280273e+00,-2.580323934555053711e+00,-6.599624577336729581e-02,-5.947149703040552349e-02,-3.582941569419214461e-02,-8.621623824898340160e+01,4.265336094260746336e+01,-3.063015414565793293e+01,0.000000000000000000e+00,0.000000000000000000e+00,0.000000000000000000e+00,0.000000000000000000e+00,8.276374511718750000e+02,8.276385498046875000e+02,8.276382446289062500e+02,8.276374511718750000e+02,-1.005103135120113969e+09
1.014999999999999902e+00,-8.615009671907573363e+01,4.271296294308745445e+01,-3.059431795702142409e+01,1.452841343052568845e-04,1.305034495828749641e-04,6.772942317212482521e-06,1.047388315200805664e-01,2.433408975601196289e+00,-2.580352783203125000e+00,-6.614152990766676565e-02,-5.960200047998984868e-02,-3.583618863650762931e-02,-8.621623824898340160e+01,4.265336094260746336e+01,-3.063015414565793293e+01,0.000000000000000000e+00,0.000000000000000000e+00,0.000000000000000000e+00,0.000000000000000000e+00,8.276375122070312500e+02,8.276384887695312500e+02,8.276381835937500000e+02,8.276375122070312500e+02,-1.005113317368773222e+09
1.016000000000000014e+00,-8.614995158156652622e+01,4.271309338635256125e+01,-3.059431140107716729e+01,1.451375092074158601e-04,1.304432651068054838e-04,6.555944256803059034e-06,1.047477126121520996e-01,2.433444023132324219e+00,-2.580383777618408203e+00,-6.628666741687044839e-02,-5.973244374509733418e-02,-3.584274458076413400e-02,-8.621623824898340160e+01,4.265336094260746336e+01,-3.063015414565793293e+01,0.000000000000000000e+00,0.000000000000000000e+00,0.000000000000000000e+00,0.000000000000000000e+00,8.276375122070312500e+02,8.276384277343750000e+02,8.276381225585937500e+02,8.276375122070312500e+02,-1.005123499603167534e+09
1.016999999999999904e+00,-8.614980659067296642e+01,4.271322376942266885e+01,-3.059430507880551531e+01,1.449908935597932214e-04,1.303830701075980869e-04,6.322271651981736795e-06,1.047565042972564697e-01,2.433479547500610352e+00,-2.580415487289428711e+00,-6.643165831043695846e-02,-5.986282681520872090e-02,-3.584906685241605329e-02,-8.621623824898340160e+01,4.265336094260746336e+01,-3.063015414565793293e+01,0.000000000000000000e+00,0.000000000000000000e+00,0.000000000000000000e+00,0.000000000000000000e+00,8.276375732421875000e+02,8.276384277343750000e+02,8.276380615234375000e+02,8.276375732421875000e+02,-1.005133681823331118e+09
1.018000000000000016e+00,-8.614966174638375662e+01,4.271335409228525037e+01,-3.059429901021606923e+01,1.448442892098000812e-04,1.303228625815222586e-04,6.068589446073247018e-06,1.047647595405578613e-01,2.433512449264526367e+00,-2.580443859100341797e+00,-6.657650259964552342e-02,-5.999314967778388713e-02,-3.585513544186255674e-02,-8.621623824898340160e+01,4.265336094260746336e+01,-3.063015414565793293e+01,0.000000000000000000e+00,0.000000000000000000e+00,0.000000000000000000e+00,0.000000000000000000e+00,8.276376342773437500e+02,8.276383666992187500e+02,8.276380615234375000e+02,8.276376342773437500e+02,-1.005143864029299855e+09
1.018999999999999906e+00,-8.614951705535939652e+01,4.271348435492750184e+01,-3.059429321197987761e+01,1.446910243600996182e-04,1.302626422514663318e-04,5.798236191623118430e-06,1.047735214233398438e-01,2.433547258377075195e+00,-2.580475091934204102e+00,-6.672119362400384668e-02,-6.012341232003636654e-02,-3.586093367805517906e-02,-8.621623824898340160e+01,4.265336094260746336e+01,-3.063015414565793293e+01,0.000000000000000000e+00,0.000000000000000000e+00,0.000000000000000000e+00,0.000000000000000000e+00,8.276376953125000000e+02,8.276383056640625000e+02,8.276380004882812500e+02,8.276376953125000000e+02,-1.005154046221111655e+09
1.020000000000000018e+00,-8.614937252425822578e+01,4.271361455066644908e+01,-3.059428770076407034e+01,1.445311011707417492e-04,1.301957389472363502e-04,5.511215807274538747e-06,1.047820150852203369e-01,2.433581352233886719e+00,-2.580504894256591797e+00,-6.686572472517611498e-02,-6.025360805898828664e-02,-3.586644489386397322e-02,-8.621623824898340160e+01,4.265336094260746336e+01,-3.063015414565793293e+01,0.000000000000000000e+00,0.000000000000000000e+00,0.000000000000000000e+00,0.000000000000000000e+00,8.276377563476562500e+02,8.276382446289062500e+02,8.276379394531250000e+02,8.276377563476562500e+02,-1.005164228398805857e+09
1.020999999999999908e+00,-8.614922814640594595e+01,4.271374468616733822e+01,-3.059428248658042193e+01,1.443778522798311315e-04,1.301355008891391662e-04,5.214183648405423810e-06,1.047902107238769531e-01,2.433614253997802734e+00,-2.580534219741821289e+00,-6.701010257744996479e-02,-6.038374355987607273e-02,-3.587165907750985983e-02,-8.621623824898340160e+01,4.265336094260746336e+01,-3.063015414565793293e+01,0.000000000000000000e+00,0.000000000000000000e+00,0.000000000000000000e+00,0.000000000000000000e+00,8.276377563476562500e+02,8.276381835937500000e+02,8.276378784179687500e+02,8.276377563476562500e+02,-1.005174410562422037e+09
1.022000000000000020e+00,-8.614908392846638208e+01,4.271387476142106721e+01,-3.059427757942983561e+01,1.442179395638731876e-04,1.300752537289895372e-04,4.907150586319630747e-06,1.047990620136260986e-01,2.433649778366088867e+00,-2.580564975738525391e+00,-6.715432051701364369e-02,-6.051381881360082954e-02,-3.587656622809718560e-02,-8.621623824898340160e+01,4.265336094260746336e+01,-3.063015414565793293e+01,0.000000000000000000e+00,0.000000000000000000e+00,0.000000000000000000e+00,0.000000000000000000e+00,8.276378173828125000e+02,8.276381225585937500e+02,8.276378173828125000e+02,8.276378173828125000e+02,-1.005184592712001562e+09
1.022999999999999909e+00,-8.614893987042934498e+01,4.271400476974849880e+01,-3.059427299264784139e+01,1.440580370370980745e-04,1.300083274315966264e-04,4.586781994220245906e-06,1.048072576522827148e-01,2.433681726455688477e+00,-2.580593585968017578e+00,-6.729837855405894353e-02,-6.064382714103805361e-02,-3.588115301009055236e-02,-8.621623824898340160e+01,4.265336094260746336e+01,-3.063015414565793293e+01,0.000000000000000000e+00,0.000000000000000000e+00,0.000000000000000000e+00,0.000000000000000000e+00,8.276378784179687500e+02,8.276380615234375000e+02,8.276377563476562500e+02,8.276378784179687500e+02,-1.005194774847585797e+09
1.024000000000000021e+00,-8.614879596562569475e+01,4.271413471782062032e+01,-3.059426872624110771e+01,1.439048036502299510e-04,1.299480721215218182e-04,4.266406733677285956e-06,1.048164367675781250e-01,2.433718204498291016e+00,-2.580625772476196289e+00,-6.744228335771298988e-02,-6.077377521315908970e-02,-3.588541941682507619e-02,-8.621623824898340160e+01,4.265336094260746336e+01,-3.063015414565793293e+01,0.000000000000000000e+00,0.000000000000000000e+00,0.000000000000000000e+00,0.000000000000000000e+00,8.276379394531250000e+02,8.276380004882812500e+02,8.276377563476562500e+02,8.276379394531250000e+02,-1.005204956969215631e+09
1.024999999999999911e+00,-8.614865220738036555e+01,4.271426459896621708e+01,-3.059426478354355439e+01,1.437582453291952334e-04,1.298811455967552320e-04,3.942697553327434434e-06,1.048242449760437012e-01,2.433750391006469727e+00,-2.580653429031372070e+00,-6.758604160303856301e-02,-6.090365635875541472e-02,-3.588936211437836199e-02,-8.621623824898340160e+01,4.265336094260746336e+01,-3.063015414565793293e+01,0.000000000000000000e+00,0.000000000000000000e+00,0.000000000000000000e+00,0.000000000000000000e+00,8.276380004882812500e+02,8.276379394531250000e+02,8.276376953125000000e+02,8.276380004882812500e+02,-1.005215139076930642e+09
1.026000000000000023e+00,-8.614850859569465058e+01,4.271439442652230412e+01,-3.059426116789736838e+01,1.436116857149727366e-04,1.298275560870365553e-04,3.615646186005960772e-06,1.048332750797271729e-01,2.433786153793334961e+00,-2.580686092376708984e+00,-6.772965328875188429e-02,-6.103348391483789936e-02,-3.589297776056492306e-02,-8.621623824898340160e+01,4.265336094260746336e+01,-3.063015414565793293e+01,0.000000000000000000e+00,0.000000000000000000e+00,0.000000000000000000e+00,0.000000000000000000e+00,8.276380615234375000e+02,8.276378784179687500e+02,8.276376342773437500e+02,8.276380615234375000e+02,-1.005225321170771599e+09
1.026999999999999913e+00,-8.614836513056742717e+01,4.271452420048762377e+01,-3.059425787930184981e+01,1.434651272234077624e-04,1.297739653196572363e-04,3.288595518569081833e-06,1.048409938812255859e-01,2.433816909790039062e+00,-2.580712795257568359e+00,-6.787311841596858908e-02,-6.116325788016314935e-02,-3.589626635608143129e-02,-8.621623824898340160e+01,4.265336094260746336e+01,-3.063015414565793293e+01,0.000000000000000000e+00,0.000000000000000000e+00,0.000000000000000000e+00,0.000000000000000000e+00,8.276380615234375000e+02,8.276378173828125000e+02,8.276375732421875000e+02,8.276380615234375000e+02,-1.005235503250779152e+09
1.028000000000000025e+00,-8.614822179198874608e+01,4.271465391420107949e+01,-3.059425491109294271e+01,1.433385786810958962e-04,1.297137134557146965e-04,2.968208907105918115e-06,1.048498749732971191e-01,2.433852434158325195e+00,-2.580744266510009766e+00,-6.801645699465837247e-02,-6.129297159361764280e-02,-3.589923456498977927e-02,-8.621623824898340160e+01,4.265336094260746336e+01,-3.063015414565793293e+01,0.000000000000000000e+00,0.000000000000000000e+00,0.000000000000000000e+00,0.000000000000000000e+00,8.276381225585937500e+02,8.276377563476562500e+02,8.276375122070312500e+02,8.276381225585937500e+02,-1.005245685316989660e+09
1.028999999999999915e+00,-8.614807857996522955e+01,4.271478358100564066e+01,-3.059425225660780967e+01,1.432120235165257327e-04,1.296668045611681919e-04,2.654485133035677791e-06,1.048579216003417969e-01,2.433884859085083008e+00,-2.580772638320922852e+00,-6.815966901817230306e-02,-6.142263839817409948e-02,-3.590188905012420967e-02,-8.621623824898340160e+01,4.265336094260746336e+01,-3.063015414565793293e+01,0.000000000000000000e+00,0.000000000000000000e+00,0.000000000000000000e+00,0.000000000000000000e+00,8.276381835937500000e+02,8.276376953125000000e+02,8.276375122070312500e+02,8.276381835937500000e+02,-1.005255867369440079e+09
1.030000000000000027e+00,-8.614793548783107724e+01,4.271491320090817112e+01,-3.059424990584426141e+01,1.430921341523117007e-04,1.296199025304645147e-04,2.350763548264467317e-06,1.048668622970581055e-01,2.433919668197631836e+00,-2.580803632736206055e+00,-6.830276115231841139e-02,-6.155225830070511911e-02,-3.590423981366993450e-02,-8.621623824898340160e+01,4.265336094260746336e+01,-3.063015414565793293e+01,0.000000000000000000e+00,0.000000000000000000e+00,0.000000000000000000e+00,0.000000000000000000e+00,8.276382446289062500e+02,8.276376953125000000e+02,8.276374511718750000e+02,8.276382446289062500e+02,-1.005266049408166051e+09
1.030999999999999917e+00,-8.614779250224863461e+01,4.271504277391569815e+01,-3.059424785213879616e+01,1.429855824426340405e-04,1.295730075270284942e-04,2.053705465243638173e-06,1.048751473426818848e-01,2.433953285217285156e+00,-2.580833196640014648e+00,-6.844574673476623572e-02,-6.168183130823545052e-02,-3.590629351913794676e-02,-8.621623824898340160e+01,4.265336094260746336e+01,-3.063015414565793293e+01,0.000000000000000000e+00,0.000000000000000000e+00,0.000000000000000000e+00,0.000000000000000000e+00,8.276382446289062500e+02,8.276376342773437500e+02,8.276373901367187500e+02,8.276382446289062500e+02,-1.005276231433199883e+09
1.032000000000000028e+00,-8.614764960988981102e+01,4.271517231338149401e+01,-3.059424607883076774e+01,1.428923588235875286e-04,1.295394657958581774e-04,1.773308028418796312e-06,1.048834919929504395e-01,2.433987617492675781e+00,-2.580863237380981445e+00,-6.858863909359244615e-02,-6.181137077403235647e-02,-3.590806682716488063e-02,-8.621623824898340160e+01,4.265336094260746336e+01,-3.063015414565793293e+01,0.000000000000000000e+00,0.000000000000000000e+00,0.000000000000000000e+00,0.000000000000000000e+00,8.276383056640625000e+02,8.276375732421875000e+02,8.276373901367187500e+02,8.276383056640625000e+02,-1.005286413444572091e+09
1.032999999999999918e+00,-8.614750680409254358e+01,4.271530181931660053e+01,-3.059424456924807245e+01,1.428057972674423581e-04,1.295059351065219744e-04,1.509582695291555865e-06,1.048917770385742188e-01,2.434018850326538086e+00,-2.580892562866210938e+00,-6.873144489085193654e-02,-6.194087670914020377e-02,-3.590957640985933952e-02,-8.621623824898340160e+01,4.265336094260746336e+01,-3.063015414565793293e+01,0.000000000000000000e+00,0.000000000000000000e+00,0.000000000000000000e+00,0.000000000000000000e+00,8.276383056640625000e+02,8.276375122070312500e+02,8.276373291015625000e+02,8.276383056640625000e+02,-1.005296595442310929e+09
1.034000000000000030e+00,-8.614736407152295783e+01,4.271543129173223718e+01,-3.059424331005730124e+01,1.427325695857462051e-04,1.294724156366555690e-04,1.259190771207840953e-06,1.049004495143890381e-01,2.434053897857666016e+00,-2.580922842025756836e+00,-6.887417746044277589e-02,-6.207034912477551319e-02,-3.591083560063335067e-02,-8.621623824898340160e+01,4.265336094260746336e+01,-3.063015414565793293e+01,0.000000000000000000e+00,0.000000000000000000e+00,0.000000000000000000e+00,0.000000000000000000e+00,8.276383666992187500e+02,8.276375122070312500e+02,8.276373291015625000e+02,8.276383666992187500e+02,-1.005306777426441550e+09
1.034999999999999920e+00,-8.614722140552301255e+01,4.271556073731171921e+01,-3.059424228125537937e+01,1.426659999452795091e-04,1.294455794820237315e-04,1.028801921876265624e-06,1.049084663391113281e-01,2.434087038040161133e+00,-2.580950498580932617e+00,-6.901684346038650109e-02,-6.219979470425704426e-02,-3.591186440255344364e-02,-8.621623824898340160e+01,4.265336094260746336e+01,-3.063015414565793293e+01,0.000000000000000000e+00,0.000000000000000000e+00,0.000000000000000000e+00,0.000000000000000000e+00,8.276383666992187500e+02,8.276374511718750000e+02,8.276372680664062500e+02,8.276383666992187500e+02,-1.005316959396987319e+09
1.036000000000000032e+00,-8.614707878609846148e+01,4.271569016941477770e+01,-3.059424145951552987e+01,1.426194245510714609e-04,1.294321030584910659e-04,8.217398494991812186e-07,1.049169600009918213e-01,2.434121370315551758e+00,-2.580981254577636719e+00,-6.915946288494280447e-02,-6.232922680731120546e-02,-3.591268614240192975e-02,-8.621623824898340160e+01,4.265336094260746336e+01,-3.063015414565793293e+01,0.000000000000000000e+00,0.000000000000000000e+00,0.000000000000000000e+00,0.000000000000000000e+00,8.276384277343750000e+02,8.276374511718750000e+02,8.276372680664062500e+02,8.276384277343750000e+02,-1.005327141353967786e+09
1.036999999999999922e+00,-8.614693619991717810e+01,4.271581958138681046e+01,-3.059424082483045737e+01,1.425861812833773001e-04,1.294119720327557843e-04,6.346850724980868108e-07,1.049253642559051514e-01,2.434154510498046875e+00,-2.581010818481445312e+00,-6.930204906622157435e-02,-6.245863877934727804e-02,-3.591332082747560744e-02,-8.621623824898340160e+01,4.265336094260746336e+01,-3.063015414565793293e+01,0.000000000000000000e+00,0.000000000000000000e+00,0.000000000000000000e+00,0.000000000000000000e+00,8.276384277343750000e+02,8.276374511718750000e+02,8.276372070312500000e+02,8.276384277343750000e+02,-1.005337323297398567e+09
1.038000000000000034e+00,-8.614679363365705456e+01,4.271594898658770489e+01,-3.059424035053489632e+01,1.425662601235444527e-04,1.294052008944390764e-04,4.742955610481658368e-07,1.049340069293975830e-01,2.434188604354858398e+00,-2.581040382385253906e+00,-6.944461532634918499e-02,-6.258804398024291060e-02,-3.591379512303751603e-02,-8.621623824898340160e+01,4.265336094260746336e+01,-3.063015414565793293e+01,0.000000000000000000e+00,0.000000000000000000e+00,0.000000000000000000e+00,0.000000000000000000e+00,8.276384277343750000e+02,8.276373901367187500e+02,8.276372070312500000e+02,8.276384277343750000e+02,-1.005347505227292418e+09
1.038999999999999924e+00,-8.614665108066228072e+01,4.271607839170324894e+01,-3.059424001329106702e+01,1.425529947738368719e-04,1.294051155440456569e-04,3.372438293069990323e-07,1.049417555332183838e-01,2.434219837188720703e+00,-2.581068277359008789e+00,-6.958716832112701867e-02,-6.271744909578236271e-02,-3.591413236686603894e-02,-8.621623824898340160e+01,4.265336094260746336e+01,-3.063015414565793293e+01,0.000000000000000000e+00,0.000000000000000000e+00,0.000000000000000000e+00,0.000000000000000000e+00,8.276384277343750000e+02,8.276373901367187500e+02,8.276372070312500000e+02,8.276384277343750000e+02,-1.005357687143659949e+09
1.040000000000000036e+00,-8.614650852093666344e+01,4.271620779675543389e+01,-3.059423978642945841e+01,1.425597256172750349e-04,1.294050521849499091e-04,2.268616086098518281e-07,1.049506068229675293e-01,2.434255838394165039e+00,-2.581100225448608398e+00,-6.972972804673296943e-02,-6.284685414797368253e-02,-3.591435922847287243e-02,-8.621623824898340160e+01,4.265336094260746336e+01,-3.063015414565793293e+01,0.000000000000000000e+00,0.000000000000000000e+00,0.000000000000000000e+00,0.000000000000000000e+00,8.276384277343750000e+02,8.276373901367187500e+02,8.276372070312500000e+02,8.276384277343750000e+02,-1.005367869046506882e+09
1.040999999999999925e+00,-8.614636594115454216e+01,4.271633720843239956e+01,-3.059423964661610640e+01,1.425797821212881900e-04,1.294116769656739052e-04,1.398133520069677616e-07,1.049584150314331055e-01,2.434286355972290039e+00,-2.581127882003784180e+00,-6.987230782886011404e-02,-6.297626582493931480e-02,-3.591449904182556635e-02,-8.621623824898340160e+01,4.265336094260746336e+01,-3.063015414565793293e+01,0.000000000000000000e+00,0.000000000000000000e+00,0.000000000000000000e+00,0.000000000000000000e+00,8.276384277343750000e+02,8.276373901367187500e+02,8.276372070312500000e+02,8.276384277343750000e+02,-1.005378050935835838e+09
1.042000000000000037e+00,-8.614622333217228345e+01,4.271646663633851659e+01,-3.059423956265901623e+01,1.426089822587073286e-04,1.294279061170300338e-04,8.395709016895125387e-08,1.049675047397613525e-01,2.434322595596313477e+00,-2.581159591674804688e+00,-7.001491681111315923e-02,-6.310569373105534563e-02,-3.591458299891660266e-02,-8.621623824898340160e+01,4.265336094260746336e+01,-3.063015414565793293e+01,0.000000000000000000e+00,0.000000000000000000e+00,0.000000000000000000e+00,0.000000000000000000e+00,8.276384277343750000e+02,8.276373901367187500e+02,8.276372070312500000e+02,8.276384277343750000e+02,-1.005388232811646581e+09
1.042999999999999927e+00,-8.614608067899196442e+01,4.271659608133437303e+01,-3.059423950359159861e+01,1.426531803190300707e-04,1.294449958564314329e-04,5.906741762373712845e-08,1.049751937389373779e-01,2.434353590011596680e+00,-2.581186771392822266e+00,-7.015756999143372974e-02,-6.323513872690623983e-02,-3.591464206633288719e-02,-8.621623824898340160e+01,4.265336094260746336e+01,-3.063015414565793293e+01,0.000000000000000000e+00,0.000000000000000000e+00,0.000000000000000000e+00,0.000000000000000000e+00,8.276384277343750000e+02,8.276373901367187500e+02,8.276372070312500000e+02,8.276384277343750000e+02,-1.005398414673934460e+09
1.044000000000000039e+00,-8.614593795911599727e+01,4.271672555303039331e+01,-3.059423944823454633e+01,1.427198759671455264e-04,1.294716960202890732e-04,5.535705227543985529e-08,1.049835383892059326e-01,2.434387445449829102e+00,-2.581216096878051758e+00,-7.030028986740700925e-02,-6.336461042293255186e-02,-3.591469742338610632e-02,-8.621623824898340160e+01,4.265336094260746336e+01,-3.063015414565793293e+01,0.000000000000000000e+00,0.000000000000000000e+00,0.000000000000000000e+00,0.000000000000000000e+00,8.276384277343750000e+02,8.276373901367187500e+02,8.276372680664062500e+02,8.276384277343750000e+02,-1.005408596522690773e+09
1.044999999999999929e+00,-8.614579517256282770e+01,4.271685505144709083e+01,-3.059423936323763726e+01,1.427865531695715617e-04,1.294984166975154949e-04,8.499690906660362089e-08,1.049919426441192627e-01,2.434420585632324219e+00,-2.581245183944702148e+00,-7.044307642057601182e-02,-6.349410883963051144e-02,-3.591478242029682438e-02,-8.621623824898340160e+01,4.265336094260746336e+01,-3.063015414565793293e+01,0.000000000000000000e+00,0.000000000000000000e+00,0.000000000000000000e+00,0.000000000000000000e+00,8.276384277343750000e+02,8.276373901367187500e+02,8.276372680664062500e+02,8.276384277343750000e+02,-1.005418778357904315e+09
1.046000000000000041e+00,-8.614565230600922519e+01,4.271698458327531256e+01,-3.059423922193226630e+01,1.428665536025164329e-04,1.295318282217294836e-04,1.413053709597988927e-07,1.050002574920654297e-01,2.434454679489135742e+00,-2.581274509429931641e+00,-7.058594297417744579e-02,-6.362364066784637062e-02,-3.591492372566720132e-02,-8.621623824898340160e+01,4.265336094260746336e+01,-3.063015414565793293e+01,0.000000000000000000e+00,0.000000000000000000e+00,0.000000000000000000e+00,0.000000000000000000e+00,8.276383666992187500e+02,8.276374511718750000e+02,8.276372680664062500e+02,8.276383666992187500e+02,-1.005428960179561019e+09
1.046999999999999931e+00,-8.614550933945987765e+01,4.271711414853800903e+01,-3.059423899764952282e+01,1.429665493475340554e-04,1.295652626964738374e-04,2.242827434884020477e-07,1.050088107585906982e-01,2.434488534927368164e+00,-2.581305265426635742e+00,-7.072890952352436922e-02,-6.375320593054482898e-02,-3.591514800840989174e-02,-8.621623824898340160e+01,4.265336094260746336e+01,-3.063015414565793293e+01,0.000000000000000000e+00,0.000000000000000000e+00,0.000000000000000000e+00,0.000000000000000000e+00,8.276383666992187500e+02,8.276374511718750000e+02,8.276373291015625000e+02,8.276383666992187500e+02,-1.005439141987641454e+09
1.048000000000000043e+00,-8.614536627293803406e+01,4.271724376726439942e+01,-3.059423866038674333e+01,1.430665218435933639e-04,1.296187263903902931e-04,3.372627794817617541e-07,1.050170361995697021e-01,2.434521675109863281e+00,-2.581334114074707031e+00,-7.087197604536084328e-02,-6.388282465693290169e-02,-3.591548527118794409e-02,-8.621623824898340160e+01,4.265336094260746336e+01,-3.063015414565793293e+01,0.000000000000000000e+00,0.000000000000000000e+00,0.000000000000000000e+00,0.000000000000000000e+00,8.276383056640625000e+02,8.276375122070312500e+02,8.276373291015625000e+02,8.276383056640625000e+02,-1.005449323782125950e+09
1.048999999999999932e+00,-8.614522309311087156e+01,4.271737342613127453e+01,-3.059423819013333201e+01,1.431798271624984409e-04,1.296588668751041951e-04,4.702534113221190637e-07,1.050254404544830322e-01,2.434555053710937500e+00,-2.581364154815673828e+00,-7.101515587252653361e-02,-6.401248352381200268e-02,-3.591595552460183360e-02,-8.621623824898340160e+01,4.265336094260746336e+01,-3.063015414565793293e+01,0.000000000000000000e+00,0.000000000000000000e+00,0.000000000000000000e+00,0.000000000000000000e+00,8.276383056640625000e+02,8.276375122070312500e+02,8.276373901367187500e+02,8.276383056640625000e+02,-1.005459505562990665e+09
1.050000000000000044e+00,-8.614507978665561438e+01,4.271750313183001424e+01,-3.059423756022098217e+01,1.433064552571750028e-04,1.297056987397127159e-04,6.299123498365588603e-07,1.050336062908172607e-01,2.434587955474853516e+00,-2.581392526626586914e+00,-7.115846232778738623e-02,-6.414218922255159050e-02,-3.591658543695223221e-02,-8.621623824898340160e+01,4.265336094260746336e+01,-3.063015414565793293e+01,0.000000000000000000e+00,0.000000000000000000e+00,0.000000000000000000e+00,0.000000000000000000e+00,8.276382446289062500e+02,8.276375732421875000e+02,8.276373901367187500e+02,8.276382446289062500e+02,-1.005469687330207825e+09
1.050999999999999934e+00,-8.614493634692368573e+01,4.271763289772221128e+01,-3.059423674064683851e+01,1.434397319286517813e-04,1.297658921970423762e-04,8.195741436622938636e-07,1.050422489643096924e-01,2.434622764587402344e+00,-2.581423282623291016e+00,-7.130190205972171402e-02,-6.427195511474682876e-02,-3.591740501109373651e-02,-8.621623824898340160e+01,4.265336094260746336e+01,-3.063015414565793293e+01,0.000000000000000000e+00,0.000000000000000000e+00,0.000000000000000000e+00,0.000000000000000000e+00,8.276381835937500000e+02,8.276375732421875000e+02,8.276374511718750000e+02,8.276381835937500000e+02,-1.005479869083748102e+09
1.052000000000000046e+00,-8.614479277392112522e+01,4.271776271714679041e+01,-3.059423571806721043e+01,1.435730025605153060e-04,1.298194245791250978e-04,1.022579628084940850e-06,1.050503551959991455e-01,2.434654235839843750e+00,-2.581452369689941406e+00,-7.144547506227770517e-02,-6.440177453932799390e-02,-3.591842759072340352e-02,-8.621623824898340160e+01,4.265336094260746336e+01,-3.063015414565793293e+01,0.000000000000000000e+00,0.000000000000000000e+00,0.000000000000000000e+00,0.000000000000000000e+00,8.276381835937500000e+02,8.276376342773437500e+02,8.276375122070312500e+02,8.276381835937500000e+02,-1.005490050823580980e+09
1.052999999999999936e+00,-8.614464905432342334e+01,4.271789259012538764e+01,-3.059423446580981576e+01,1.437195977018745907e-04,1.298729785972341233e-04,1.252257394668276902e-06,1.050590872764587402e-01,2.434689760208129883e+00,-2.581482648849487305e+00,-7.158919465997568010e-02,-6.453164751792435372e-02,-3.591967984811681586e-02,-8.621623824898340160e+01,4.265336094260746336e+01,-3.063015414565793293e+01,0.000000000000000000e+00,0.000000000000000000e+00,0.000000000000000000e+00,0.000000000000000000e+00,8.276381225585937500e+02,8.276376953125000000e+02,8.276375732421875000e+02,8.276381225585937500e+02,-1.005500232549671531e+09
1.054000000000000048e+00,-8.614450518147670266e+01,4.271802253001371241e+01,-3.059423296387713620e+01,1.438728467206829009e-04,1.299398883247704362e-04,1.501932679559558892e-06,1.050673127174377441e-01,2.434723377227783203e+00,-2.581511974334716797e+00,-7.173306750669625198e-02,-6.466158740624768086e-02,-3.592118178079831831e-02,-8.621623824898340160e+01,4.265336094260746336e+01,-3.063015414565793293e+01,0.000000000000000000e+00,0.000000000000000000e+00,0.000000000000000000e+00,0.000000000000000000e+00,8.276380615234375000e+02,8.276376953125000000e+02,8.276375732421875000e+02,8.276380615234375000e+02,-1.005510414261983991e+09
1.054999999999999938e+00,-8.614436115538725858e+01,4.271815253015097369e+01,-3.059423119892553800e+01,1.440260894440825723e-04,1.300001372612769046e-04,1.764951598204334005e-06,1.050755679607391357e-01,2.434756278991699219e+00,-2.581540822982788086e+00,-7.187709359613654592e-02,-6.479158754351012350e-02,-3.592294673239621039e-02,-8.621623824898340160e+01,4.265336094260746336e+01,-3.063015414565793293e+01,0.000000000000000000e+00,0.000000000000000000e+00,0.000000000000000000e+00,0.000000000000000000e+00,8.276380004882812500e+02,8.276377563476562500e+02,8.276376342773437500e+02,8.276380004882812500e+02,-1.005520595960481048e+09
1.056000000000000050e+00,-8.614421697606752559e+01,4.271828259721876719e+01,-3.059422915428468315e+01,1.441793197329843679e-04,1.300670677935045205e-04,2.044640854848012168e-06,1.050842404365539551e-01,2.434791088104248047e+00,-2.581571102142333984e+00,-7.202127291587596958e-02,-6.492165461130582071e-02,-3.592499137324940695e-02,-8.621623824898340160e+01,4.265336094260746336e+01,-3.063015414565793293e+01,0.000000000000000000e+00,0.000000000000000000e+00,0.000000000000000000e+00,0.000000000000000000e+00,8.276380004882812500e+02,8.276378173828125000e+02,8.276376953125000000e+02,8.276380004882812500e+02,-1.005530777645125151e+09
1.056999999999999940e+00,-8.614407264352183802e+01,4.271841271788635197e+01,-3.059422681660673504e+01,1.443325456875754753e-04,1.301206675847765837e-04,2.337677948105465475e-06,1.050924360752105713e-01,2.434822797775268555e+00,-2.581600189208984375e+00,-7.216560546156175482e-02,-6.505177527888987565e-02,-3.592732905119928877e-02,-8.621623824898340160e+01,4.265336094260746336e+01,-3.063015414565793293e+01,0.000000000000000000e+00,0.000000000000000000e+00,0.000000000000000000e+00,0.000000000000000000e+00,8.276379394531250000e+02,8.276378784179687500e+02,8.276377563476562500e+02,8.276379394531250000e+02,-1.005540959315876365e+09
1.058000000000000052e+00,-8.614392814442291524e+01,4.271854291217567123e+01,-3.059422417590744558e+01,1.444990989227790124e-04,1.301942893192631345e-04,2.640699289457870691e-06,1.051013767719268799e-01,2.434859514236450195e+00,-2.581632614135742188e+00,-7.231010456048282686e-02,-6.518196956821002697e-02,-3.592996975048666497e-02,-8.621623824898340160e+01,4.265336094260746336e+01,-3.063015414565793293e+01,0.000000000000000000e+00,0.000000000000000000e+00,0.000000000000000000e+00,0.000000000000000000e+00,8.276378784179687500e+02,8.276379394531250000e+02,8.276378173828125000e+02,8.276378784179687500e+02,-1.005551140972694039e+09
1.058999999999999941e+00,-8.614378349211355612e+01,4.271867316674981652e+01,-3.059422122216647111e+01,1.446523093591167708e-04,1.302545741452831862e-04,2.953740974476204428e-06,1.051092743873596191e-01,2.434891223907470703e+00,-2.581660270690917969e+00,-7.245475686984827191e-02,-6.531222414235184071e-02,-3.593292349146107872e-02,-8.621623824898340160e+01,4.265336094260746336e+01,-3.063015414565793293e+01,0.000000000000000000e+00,0.000000000000000000e+00,0.000000000000000000e+00,0.000000000000000000e+00,8.276378173828125000e+02,8.276379394531250000e+02,8.276378784179687500e+02,8.276378173828125000e+02,-1.005561322615537643e+09
1.060000000000000053e+00,-8.614363868659862078e+01,4.271880348161420926e+01,-3.059421794871444789e+01,1.448055149353422166e-04,1.303148643927443118e-04,3.273452023222489515e-06,1.051183044910430908e-01,2.434927225112915039e+00,-2.581692218780517578e+00,-7.259956238478341983e-02,-6.544253900674354418e-02,-3.593619694348443999e-02,-8.621623824898340160e+01,4.265336094260746336e+01,-3.063015414565793293e+01,0.000000000000000000e+00,0.000000000000000000e+00,0.000000000000000000e+00,0.000000000000000000e+00,8.276377563476562500e+02,8.276380004882812500e+02,8.276378784179687500e+02,8.276377563476562500e+02,-1.005571504244366646e+09
1.060999999999999943e+00,-8.614349372788110770e+01,4.271893385677219612e+01,-3.059421435221706886e+01,1.449587175130773176e-04,1.303751579868617227e-04,3.596497379021457164e-06,1.051264703273773193e-01,2.434959173202514648e+00,-2.581721067428588867e+00,-7.274452110229012725e-02,-6.557291416473197410e-02,-3.593979344086349614e-02,-8.621623824898340160e+01,4.265336094260746336e+01,-3.063015414565793293e+01,0.000000000000000000e+00,0.000000000000000000e+00,0.000000000000000000e+00,0.000000000000000000e+00,8.276376953125000000e+02,8.276380615234375000e+02,8.276379394531250000e+02,8.276376953125000000e+02,-1.005581685859139919e+09
1.062000000000000055e+00,-8.614334862263224579e+01,4.271906429222293156e+01,-3.059421043267126095e+01,1.451052488619097858e-04,1.304354507354332782e-04,3.919545807917756974e-06,1.051351428031921387e-01,2.434993982315063477e+00,-2.581751823425292969e+00,-7.288962635115200928e-02,-6.570334961546679675e-02,-3.594371298667294740e-02,-8.621623824898340160e+01,4.265336094260746336e+01,-3.063015414565793293e+01,0.000000000000000000e+00,0.000000000000000000e+00,0.000000000000000000e+00,0.000000000000000000e+00,8.276376342773437500e+02,8.276381225585937500e+02,8.276380004882812500e+02,8.276376342773437500e+02,-1.005591867459817886e+09
1.062999999999999945e+00,-8.614320337752324974e+01,4.271919478796556291e+01,-3.059420619007391551e+01,1.452451089960504760e-04,1.304957426313535507e-04,4.242597345438525736e-06,1.051433086395263672e-01,2.435026645660400391e+00,-2.581780195236206055e+00,-7.303487146015148757e-02,-6.583384535809926053e-02,-3.594795558401735203e-02,-8.621623824898340160e+01,4.265336094260746336e+01,-3.063015414565793293e+01,0.000000000000000000e+00,0.000000000000000000e+00,0.000000000000000000e+00,0.000000000000000000e+00,8.276376342773437500e+02,8.276381835937500000e+02,8.276380615234375000e+02,8.276376342773437500e+02,-1.005602049046361685e+09
1.064000000000000057e+00,-8.614305799255122054e+01,4.271932533732910287e+01,-3.059420162775654006e+01,1.453849720292055281e-04,1.305493635399557206e-04,4.562317375444990830e-06,1.051521003246307373e-01,2.435062408447265625e+00,-2.581811428070068359e+00,-7.318025643218806220e-02,-6.596439472163848072e-02,-3.595251790139419867e-02,-8.621623824898340160e+01,4.265336094260746336e+01,-3.063015414565793293e+01,0.000000000000000000e+00,0.000000000000000000e+00,0.000000000000000000e+00,0.000000000000000000e+00,8.276375732421875000e+02,8.276381835937500000e+02,8.276381225585937500e+02,8.276375732421875000e+02,-1.005612230618732572e+09
1.064999999999999947e+00,-8.614291248105152476e+01,4.271945593363621896e+01,-3.059419675237796099e+01,1.455114996957718176e-04,1.305963071160931577e-04,4.875378579072275897e-06,1.051605045795440674e-01,2.435095548629760742e+00,-2.581840991973876953e+00,-7.332576793187192687e-02,-6.609499102875333876e-02,-3.595739327997134888e-02,-8.621623824898340160e+01,4.265336094260746336e+01,-3.063015414565793293e+01,0.000000000000000000e+00,0.000000000000000000e+00,0.000000000000000000e+00,0.000000000000000000e+00,8.276375122070312500e+02,8.276382446289062500e+02,8.276381225585937500e+02,8.276375122070312500e+02,-1.005622412176893473e+09
1.066000000000000059e+00,-8.614276684969361497e+01,4.271958658355185179e+01,-3.059419157060932193e+01,1.456313579097923139e-04,1.306499156328300160e-04,5.181768639062056536e-06,1.051691770553588867e-01,2.435130596160888672e+00,-2.581871986389160156e+00,-7.347139928978554946e-02,-6.622564094439095661e-02,-3.596257504861149340e-02,-8.621623824898340160e+01,4.265336094260746336e+01,-3.063015414565793293e+01,0.000000000000000000e+00,0.000000000000000000e+00,0.000000000000000000e+00,0.000000000000000000e+00,8.276374511718750000e+02,8.276383056640625000e+02,8.276381835937500000e+02,8.276374511718750000e+02,-1.005632593720809698e+09
1.066999999999999948e+00,-8.614262111180879344e+01,4.271971727372636707e+01,-3.059418609244010767e+01,1.457378848215284961e-04,1.306901745152799776e-04,5.478169214256922714e-06,1.051776111125946045e-01,2.435164690017700195e+00,-2.581902742385864258e+00,-7.361713717461505768e-02,-6.635633111890111568e-02,-3.596805321782408499e-02,-8.621623824898340160e+01,4.265336094260746336e+01,-3.063015414565793293e+01,0.000000000000000000e+00,0.000000000000000000e+00,0.000000000000000000e+00,0.000000000000000000e+00,8.276374511718750000e+02,8.276383056640625000e+02,8.276382446289062500e+02,8.276374511718750000e+02,-1.005642775250448346e+09
1.068000000000000060e+00,-8.614247527406043048e+01,4.271984800415020800e+01,-3.059418033120719116e+01,1.458377483629647031e-04,1.307304238409301433e-04,5.761232916512426527e-06,1.051864624023437500e-01,2.435199975967407227e+00,-2.581933259963989258e+00,-7.376297492296875202e-02,-6.648706154274747204e-02,-3.597381445074348399e-02,-8.621623824898340160e+01,4.265336094260746336e+01,-3.063015414565793293e+01,0.000000000000000000e+00,0.000000000000000000e+00,0.000000000000000000e+00,0.000000000000000000e+00,8.276373901367187500e+02,8.276383666992187500e+02,8.276382446289062500e+02,8.276373901367187500e+02,-1.005652956765778303e+09
1.068999999999999950e+00,-8.614232934310592782e+01,4.271997876813937722e+01,-3.059417430691321016e+01,1.459309545026599153e-04,1.307639891692247147e-04,6.024293980999573250e-06,1.051948368549346924e-01,2.435232877731323242e+00,-2.581962347030639648e+00,-7.390890587747811491e-02,-6.661782553191417100e-02,-3.597983874472289456e-02,-8.621623824898340160e+01,4.265336094260746336e+01,-3.063015414565793293e+01,0.000000000000000000e+00,0.000000000000000000e+00,0.000000000000000000e+00,0.000000000000000000e+00,8.276373291015625000e+02,8.276383666992187500e+02,8.276383056640625000e+02,8.276373291015625000e+02,-1.005663138266770482e+09
1.070000000000000062e+00,-8.614218333895261992e+01,4.272010956568428242e+01,-3.059416802621707276e+01,1.460041533078992870e-04,1.307975449051923533e-04,6.280696137395125334e-06,1.052034795284271240e-01,2.435267925262451172e+00,-2.581992626190185547e+00,-7.405491003078376600e-02,-6.674862307682088991e-02,-3.598611944085981090e-02,-8.621623824898340160e+01,4.265336094260746336e+01,-3.063015414565793293e+01,0.000000000000000000e+00,0.000000000000000000e+00,0.000000000000000000e+00,0.000000000000000000e+00,8.276373291015625000e+02,8.276384277343750000e+02,8.276383666992187500e+02,8.276373291015625000e+02,-1.005673319753399372e+09
1.070999999999999952e+00,-8.614203726825191154e+01,4.272024039009427554e+01,-3.059416151912644111e+01,1.460707007083783537e-04,1.308244099931243909e-04,6.507090631657774793e-06,1.052121520042419434e-01,2.435302734375000000e+00,-2.582023620605468750e+00,-7.420098073149158924e-02,-6.687944748681558249e-02,-3.599262653149123969e-02,-8.621623824898340160e+01,4.265336094260746336e+01,-3.063015414565793293e+01,0.000000000000000000e+00,0.000000000000000000e+00,0.000000000000000000e+00,0.000000000000000000e+00,8.276373291015625000e+02,8.276384277343750000e+02,8.276383666992187500e+02,8.276372680664062500e+02,-1.005683501225642085e+09
1.072000000000000064e+00,-8.614189114433686711e+01,4.272037123468944486e+01,-3.059415479563468665e+01,1.461239150444271218e-04,1.308445951693215648e-04,6.723491754456745184e-06,1.052206754684448242e-01,2.435336828231811523e+00,-2.582053661346435547e+00,-7.434710464653401796e-02,-6.701029208198081011e-02,-3.599935002324649441e-02,-8.621623824898340160e+01,4.265336094260746336e+01,-3.063015414565793293e+01,0.000000000000000000e+00,0.000000000000000000e+00,0.000000000000000000e+00,0.000000000000000000e+00,8.276372680664062500e+02,8.276384887695312500e+02,8.276383666992187500e+02,8.276372680664062500e+02,-1.005693682683478117e+09
1.072999999999999954e+00,-8.614174498719890494e+01,4.272050209277470145e+01,-3.059414788574150634e+01,1.461571379621773303e-04,1.308580852565910391e-04,6.909893180306880822e-06,1.052292883396148682e-01,2.435370206832885742e+00,-2.582083702087402344e+00,-7.449326178449618141e-02,-6.714115016723513907e-02,-3.600625991642719681e-02,-8.621623824898340160e+01,4.265336094260746336e+01,-3.063015414565793293e+01,0.000000000000000000e+00,0.000000000000000000e+00,0.000000000000000000e+00,0.000000000000000000e+00,8.276372680664062500e+02,8.276384887695312500e+02,8.276384277343750000e+02,8.276372680664062500e+02,-1.005703864126891494e+09
1.074000000000000066e+00,-8.614159880349703258e+01,4.272063296433562840e+01,-3.059414080945347791e+01,1.461837018723599613e-04,1.308715609269484048e-04,7.076288028429189580e-06,1.052378118038177490e-01,2.435404539108276367e+00,-2.582114219665527344e+00,-7.463944548636912424e-02,-6.727202172816409975e-02,-3.601333620445491129e-02,-8.621623824898340160e+01,4.265336094260746336e+01,-3.063015414565793293e+01,0.000000000000000000e+00,0.000000000000000000e+00,0.000000000000000000e+00,0.000000000000000000e+00,8.276372680664062500e+02,8.276384887695312500e+02,8.276384277343750000e+02,8.276372680664062500e+02,-1.005714045555868626e+09
1.074999999999999956e+00,-8.614145259988207215e+01,4.272076383601314120e+01,-3.059413359343856342e+01,1.462036149604273305e-04,1.308716775128004883e-04,7.216014914490642695e-06,1.052465438842773438e-01,2.435439825057983398e+00,-2.582144975662231445e+00,-7.478564910133507493e-02,-6.740289340567852394e-02,-3.602055221937047746e-02,-8.621623824898340160e+01,4.265336094260746336e+01,-3.063015414565793293e+01,0.000000000000000000e+00,0.000000000000000000e+00,0.000000000000000000e+00,0.000000000000000000e+00,8.276372070312500000e+02,8.276384887695312500e+02,8.276384277343750000e+02,8.276372070312500000e+02,-1.005724226970397711e+09
1.076000000000000068e+00,-8.614130640969129615e+01,4.272089470778201559e+01,-3.059412626102256283e+01,1.461901907759965979e-04,1.308717688743854524e-04,7.332416000593866556e-06,1.052555143833160400e-01,2.435476541519165039e+00,-2.582176685333251953e+00,-7.493183929210064931e-02,-6.753376517455091099e-02,-3.602788463537046071e-02,-8.621623824898340160e+01,4.265336094260746336e+01,-3.063015414565793293e+01,0.000000000000000000e+00,0.000000000000000000e+00,0.000000000000000000e+00,0.000000000000000000e+00,8.276372070312500000e+02,8.276384887695312500e+02,8.276384277343750000e+02,8.276372070312500000e+02,-1.005734408370473981e+09
1.076999999999999957e+00,-8.614116022623717583e+01,4.272102557295719549e+01,-3.059411883888544281e+01,1.461834541203188564e-04,1.308651751799061458e-04,7.422137120016714107e-06,1.052637696266174316e-01,2.435508251190185547e+00,-2.582205533981323242e+00,-7.507802274622196737e-02,-6.766463034973242696e-02,-3.603530677249160846e-02,-8.621623824898340160e+01,4.265336094260746336e+01,-3.063015414565793293e+01,0.000000000000000000e+00,0.000000000000000000e+00,0.000000000000000000e+00,0.000000000000000000e+00,8.276372070312500000e+02,8.276384887695312500e+02,8.276384277343750000e+02,8.276372070312500000e+02,-1.005744589756092668e+09
1.078000000000000069e+00,-8.614101407618271367e+01,4.272115643151092002e+01,-3.059411135702686479e+01,1.461500544621685549e-04,1.308585537245221531e-04,7.481858578017863692e-06,1.052727103233337402e-01,2.435545206069946289e+00,-2.582236766815185547e+00,-7.522417280068977030e-02,-6.779548890345546419e-02,-3.604278863106828712e-02,-8.621623824898340160e+01,4.265336094260746336e+01,-3.063015414565793293e+01,0.000000000000000000e+00,0.000000000000000000e+00,0.000000000000000000e+00,0.000000000000000000e+00,8.276372070312500000e+02,8.276384887695312500e+02,8.276384277343750000e+02,8.276372070312500000e+02,-1.005754771127255321e+09
1.078999999999999959e+00,-8.614086796617613118e+01,4.272128726341342997e+01,-3.059410384211003020e+01,1.461100065824894045e-04,1.308319025099535793e-04,7.514916834594487227e-06,1.052811443805694580e-01,2.435578107833862305e+00,-2.582266330718994141e+00,-7.537028280726962293e-02,-6.792632080596369692e-02,-3.605030354790412367e-02,-8.621623824898340160e+01,4.265336094260746336e+01,-3.063015414565793293e+01,0.000000000000000000e+00,0.000000000000000000e+00,0.000000000000000000e+00,0.000000000000000000e+00,8.276372680664062500e+02,8.276384887695312500e+02,8.276384277343750000e+02,8.276372680664062500e+02,-1.005764952483964682e+09
1.080000000000000071e+00,-8.614072190954611585e+01,4.272141808198326629e+01,-3.059409632081599639e+01,1.460566300153232078e-04,1.308185698363217853e-04,7.521294033807635060e-06,1.052897572517395020e-01,2.435612201690673828e+00,-2.582296848297119141e+00,-7.551633943728432163e-02,-6.805713937580376571e-02,-3.605782484193538473e-02,-8.621623824898340160e+01,4.265336094260746336e+01,-3.063015414565793293e+01,0.000000000000000000e+00,0.000000000000000000e+00,0.000000000000000000e+00,0.000000000000000000e+00,8.276372680664062500e+02,8.276384887695312500e+02,8.276384277343750000e+02,8.276372680664062500e+02,-1.005775133826228380e+09
1.080999999999999961e+00,-8.614057592627690951e+01,4.272154886718179512e+01,-3.059408882646998151e+01,1.459832692063400827e-04,1.307851985288266405e-04,7.494346014880193252e-06,1.052982211112976074e-01,2.435646057128906250e+00,-2.582327127456665039e+00,-7.566232270648520775e-02,-6.818792457433278664e-02,-3.606531918795069513e-02,-8.621623824898340160e+01,4.265336094260746336e+01,-3.063015414565793293e+01,0.000000000000000000e+00,0.000000000000000000e+00,0.000000000000000000e+00,0.000000000000000000e+00,8.276372680664062500e+02,8.276384277343750000e+02,8.276383666992187500e+02,8.276372680664062500e+02,-1.005785315154057980e+09
1.082000000000000073e+00,-8.614043002302662444e+01,4.272167961899355504e+01,-3.059408137907795933e+01,1.459032502850732271e-04,1.307518117599215657e-04,7.447392022186249960e-06,1.053071618080139160e-01,2.435682535171508789e+00,-2.582358121871948242e+00,-7.580822595678303466e-02,-6.831867638609047388e-02,-3.607276657997399855e-02,-8.621623824898340160e+01,4.265336094260746336e+01,-3.063015414565793293e+01,0.000000000000000000e+00,0.000000000000000000e+00,0.000000000000000000e+00,0.000000000000000000e+00,8.276372680664062500e+02,8.276384277343750000e+02,8.276383666992187500e+02,8.276372680664062500e+02,-1.005795496467467427e+09
1.082999999999999963e+00,-8.614028421097374633e+01,4.272181033331565203e+01,-3.059407401413934124e+01,1.458120528781137182e-04,1.307143220969919639e-04,7.364938618081851018e-06,1.053160429000854492e-01,2.435717582702636719e+00,-2.582390069961547852e+00,-7.595403800964928287e-02,-6.844939070819036631e-02,-3.608013151859151141e-02,-8.621623824898340160e+01,4.265336094260746336e+01,-3.063015414565793293e+01,0.000000000000000000e+00,0.000000000000000000e+00,0.000000000000000000e+00,0.000000000000000000e+00,8.276373291015625000e+02,8.276384277343750000e+02,8.276383666992187500e+02,8.276373291015625000e+02,-1.005805677766474366e+09
1.084000000000000075e+00,-8.614013850106202597e+01,4.272194101160280155e+01,-3.059406675401169551e+01,1.457099117203597416e-04,1.306782871495215659e-04,7.260127645736247359e-06,1.053242087364196777e-01,2.435750246047973633e+00,-2.582418203353881836e+00,-7.609974792138091138e-02,-6.858006899533823642e-02,-3.608739164623690071e-02,-8.621623824898340160e+01,4.265336094260746336e+01,-3.063015414565793293e+01,0.000000000000000000e+00,0.000000000000000000e+00,0.000000000000000000e+00,0.000000000000000000e+00,8.276373291015625000e+02,8.276383666992187500e+02,8.276383056640625000e+02,8.276373291015625000e+02,-1.005815859051099658e+09
1.084999999999999964e+00,-8.613999290446487578e+01,4.272207164309612892e+01,-3.059405962418425418e+01,1.455965971501882450e-04,1.306314933273711176e-04,7.129827441332281524e-06,1.053332388401031494e-01,2.435786247253417969e+00,-2.582450151443481445e+00,-7.624534451852134354e-02,-6.871070048866741165e-02,-3.609452147367730318e-02,-8.621623824898340160e+01,4.265336094260746336e+01,-3.063015414565793293e+01,0.000000000000000000e+00,0.000000000000000000e+00,0.000000000000000000e+00,0.000000000000000000e+00,8.276373901367187500e+02,8.276383666992187500e+02,8.276383056640625000e+02,8.276373901367187500e+02,-1.005826040321367025e+09
1.086000000000000076e+00,-8.613984742116176108e+01,4.272220222110500032e+01,-3.059405265466750734e+01,1.454833031147018119e-04,1.305780088713959231e-04,6.969516746835324739e-06,1.053418219089508057e-01,2.435821056365966797e+00,-2.582480192184448242e+00,-7.639082782164344221e-02,-6.884127849753726713e-02,-3.610149099042683080e-02,-8.621623824898340160e+01,4.265336094260746336e+01,-3.063015414565793293e+01,0.000000000000000000e+00,0.000000000000000000e+00,0.000000000000000000e+00,0.000000000000000000e+00,8.276373901367187500e+02,8.276383056640625000e+02,8.276382446289062500e+02,8.276373901367187500e+02,-1.005836221577301264e+09
1.086999999999999966e+00,-8.613970207782460875e+01,4.272233275227932836e+01,-3.059404586212453125e+01,1.453433371523260575e-04,1.305311743280412884e-04,6.792542976086224371e-06,1.053503155708312988e-01,2.435854911804199219e+00,-2.582510471343994141e+00,-7.653617115878694199e-02,-6.897180967186669620e-02,-3.610828353340275743e-02,-8.621623824898340160e+01,4.265336094260746336e+01,-3.063015414565793293e+01,0.000000000000000000e+00,0.000000000000000000e+00,0.000000000000000000e+00,0.000000000000000000e+00,8.276374511718750000e+02,8.276382446289062500e+02,8.276381835937500000e+02,8.276374511718750000e+02,-1.005846402818933249e+09
1.088000000000000078e+00,-8.613955686776044729e+01,4.272246322326022039e+01,-3.059403927656526889e+01,1.452100641614606502e-04,1.304709808920279102e-04,6.585559262362039590e-06,1.053588092327117920e-01,2.435888528823852539e+00,-2.582540273666381836e+00,-7.668138122296028203e-02,-6.910228065275474119e-02,-3.611486909266481415e-02,-8.621623824898340160e+01,4.265336094260746336e+01,-3.063015414565793293e+01,0.000000000000000000e+00,0.000000000000000000e+00,0.000000000000000000e+00,0.000000000000000000e+00,8.276375122070312500e+02,8.276382446289062500e+02,8.276381835937500000e+02,8.276375122070312500e+02,-1.005856584046293736e+09
1.088999999999999968e+00,-8.613941179762863953e+01,4.272259364070144017e+01,-3.059403291799980806e+01,1.450701318077562973e-04,1.304174412197767197e-04,6.358565460828913274e-06,1.053675711154937744e-01,2.435924053192138672e+00,-2.582571268081665039e+00,-7.682645135475640874e-02,-6.923269809397525343e-02,-3.612122765812634390e-02,-8.621623824898340160e+01,4.265336094260746336e+01,-3.063015414565793293e+01,0.000000000000000000e+00,0.000000000000000000e+00,0.000000000000000000e+00,0.000000000000000000e+00,8.276375732421875000e+02,8.276381835937500000e+02,8.276381225585937500e+02,8.276375732421875000e+02,-1.005866765259416223e+09
1.090000000000000080e+00,-8.613926688075648030e+01,4.272272399791658160e+01,-3.059402680309019118e+01,1.449168721592286602e-04,1.303572151414300606e-04,6.114909616883323906e-06,1.053763031959533691e-01,2.435958385467529297e+00,-2.582601785659790039e+00,-7.697136822691429126e-02,-6.936305530911940354e-02,-3.612734256774056268e-02,-8.621623824898340160e+01,4.265336094260746336e+01,-3.063015414565793293e+01,0.000000000000000000e+00,0.000000000000000000e+00,0.000000000000000000e+00,0.000000000000000000e+00,8.276375732421875000e+02,8.276381225585937500e+02,8.276380615234375000e+02,8.276375732421875000e+02,-1.005876946458336830e+09
1.090999999999999970e+00,-8.613912211713301303e+01,4.272285429489347308e+01,-3.059402094851095200e+01,1.447636234672700084e-04,1.302969768914863380e-04,5.854579239183976824e-06,1.053847670555114746e-01,2.435992479324340820e+00,-2.582631587982177734e+00,-7.711613185038265761e-02,-6.949335228601311032e-02,-3.613319714698221691e-02,-8.621623824898340160e+01,4.265336094260746336e+01,-3.063015414565793293e+01,0.000000000000000000e+00,0.000000000000000000e+00,0.000000000000000000e+00,0.000000000000000000e+00,8.276376342773437500e+02,8.276380615234375000e+02,8.276380004882812500e+02,8.276376342773437500e+02,-1.005887127643092752e+09
1.092000000000000082e+00,-8.613897750674308895e+01,4.272298452494750620e+01,-3.059401537426716899e+01,1.446103899240824830e-04,1.302300540331202683e-04,5.574243783001975316e-06,1.053932011127471924e-01,2.436026096343994141e+00,-2.582661867141723633e+00,-7.726074224030621274e-02,-6.962358234004244195e-02,-3.613877139076390049e-02,-8.621623824898340160e+01,4.265336094260746336e+01,-3.063015414565793293e+01,0.000000000000000000e+00,0.000000000000000000e+00,0.000000000000000000e+00,0.000000000000000000e+00,8.276376953125000000e+02,8.276380004882812500e+02,8.276379394531250000e+02,8.276376953125000000e+02,-1.005897308813722134e+09
1.092999999999999972e+00,-8.613883304957764153e+01,4.272311468806856993e+01,-3.059401009369829438e+01,1.444571654474202660e-04,1.301631210637310687e-04,5.280568874610480634e-06,1.054017543792724609e-01,2.436060667037963867e+00,-2.582691431045532227e+00,-7.740519940576644220e-02,-6.975374546110976737e-02,-3.614405195963905915e-02,-8.621623824898340160e+01,4.265336094260746336e+01,-3.063015414565793293e+01,0.000000000000000000e+00,0.000000000000000000e+00,0.000000000000000000e+00,0.000000000000000000e+00,8.276377563476562500e+02,8.276379394531250000e+02,8.276379394531250000e+02,8.276377563476562500e+02,-1.005907489970263600e+09
1.094000000000000083e+00,-8.613868875897598798e+01,4.272324479758703575e+01,-3.059400511347455165e+01,1.442906016535516756e-04,1.301095184658151993e-04,4.980223742734324333e-06,1.054103374481201172e-01,2.436094760894775391e+00,-2.582721471786499023e+00,-7.754949000741723220e-02,-6.988385497957075310e-02,-3.614903218338261226e-02,-8.621623824898340160e+01,4.265336094260746336e+01,-3.063015414565793293e+01,0.000000000000000000e+00,0.000000000000000000e+00,0.000000000000000000e+00,0.000000000000000000e+00,8.276378173828125000e+02,8.276379394531250000e+02,8.276378784179687500e+02,8.276378173828125000e+02,-1.005917671112759590e+09
1.094999999999999973e+00,-8.613854461491030179e+01,4.272337483348641740e+01,-3.059400045026911386e+01,1.441440656861914249e-04,1.300358993816530528e-04,4.663205437793749297e-06,1.054186224937438965e-01,2.436127424240112305e+00,-2.582751035690307617e+00,-7.769363407310368730e-02,-7.001389087895615315e-02,-3.615369538882066969e-02,-8.621623824898340160e+01,4.265336094260746336e+01,-3.063015414565793293e+01,0.000000000000000000e+00,0.000000000000000000e+00,0.000000000000000000e+00,0.000000000000000000e+00,8.276378784179687500e+02,8.276378784179687500e+02,8.276378173828125000e+02,8.276378784179687500e+02,-1.005927852241248608e+09
1.096000000000000085e+00,-8.613840063739611708e+01,4.272350481576951609e+01,-3.059399610408254233e+01,1.439775141847121631e-04,1.299822830986840927e-04,4.346186571524413012e-06,1.054275035858154297e-01,2.436162948608398438e+00,-2.582783222198486328e+00,-7.783761158727953156e-02,-7.014387316205436540e-02,-3.615804157539043856e-02,-8.621623824898340160e+01,4.265336094260746336e+01,-3.063015414565793293e+01,0.000000000000000000e+00,0.000000000000000000e+00,0.000000000000000000e+00,0.000000000000000000e+00,8.276378784179687500e+02,8.276378173828125000e+02,8.276377563476562500e+02,8.276378784179687500e+02,-1.005938033355774403e+09
1.096999999999999975e+00,-8.613825680641375016e+01,4.272363473109668064e+01,-3.059399208158738048e+01,1.438309823669214893e-04,1.299153271645536734e-04,4.022495161848382850e-06,1.054356098175048828e-01,2.436195611953735352e+00,-2.582811355590820312e+00,-7.798144256965394705e-02,-7.027378848921705945e-02,-3.616206407055104488e-02,-8.621623824898340160e+01,4.265336094260746336e+01,-3.063015414565793293e+01,0.000000000000000000e+00,0.000000000000000000e+00,0.000000000000000000e+00,0.000000000000000000e+00,8.276379394531250000e+02,8.276377563476562500e+02,8.276376953125000000e+02,8.276379394531250000e+02,-1.005948214456376195e+09
1.098000000000000087e+00,-8.613811312196212100e+01,4.272376458613450723e+01,-3.059398838612248284e+01,1.436844516291557738e-04,1.298550378265872496e-04,3.695464897646161262e-06,1.054444611072540283e-01,2.436231136322021484e+00,-2.582841873168945312e+00,-7.812512702128485143e-02,-7.040364352704378548e-02,-3.616575953545116823e-02,-8.621623824898340160e+01,4.265336094260746336e+01,-3.063015414565793293e+01,0.000000000000000000e+00,0.000000000000000000e+00,0.000000000000000000e+00,0.000000000000000000e+00,8.276380004882812500e+02,8.276376953125000000e+02,8.276376342773437500e+02,8.276380004882812500e+02,-1.005958395543094158e+09
1.098999999999999977e+00,-8.613796958404425652e+01,4.272389438755413948e+01,-3.059398501435661899e+01,1.435379178644780040e-04,1.298014196322583302e-04,3.371765863846576394e-06,1.054524481296539307e-01,2.436263084411621094e+00,-2.582870244979858398e+00,-7.826866493913929579e-02,-7.053344494667708464e-02,-3.616913130131532705e-02,-8.621623824898340160e+01,4.265336094260746336e+01,-3.063015414565793293e+01,0.000000000000000000e+00,0.000000000000000000e+00,0.000000000000000000e+00,0.000000000000000000e+00,8.276380615234375000e+02,8.276376342773437500e+02,8.276376342773437500e+02,8.276380615234375000e+02,-1.005968576615968943e+09
1.100000000000000089e+00,-8.613782617931470043e+01,4.272402412868617461e+01,-3.059398196962781213e+01,1.434047295560958446e-04,1.297411320351216091e-04,3.044728806855800940e-06,1.054612994194030762e-01,2.436298370361328125e+00,-2.582901477813720703e+00,-7.841206966870299666e-02,-7.066318607871290014e-02,-3.617217603012164162e-02,-8.621623824898340160e+01,4.265336094260746336e+01,-3.063015414565793293e+01,0.000000000000000000e+00,0.000000000000000000e+00,0.000000000000000000e+00,0.000000000000000000e+00,8.276381225585937500e+02,8.276375732421875000e+02,8.276375732421875000e+02,8.276381225585937500e+02,-1.005978757675038338e+09
1.100999999999999979e+00,-8.613768290778475034e+01,4.272415382287874053e+01,-3.059397923860430524e+01,1.432715299500841866e-04,1.296941925659211847e-04,2.731023506896690378e-06,1.054693758487701416e-01,2.436330556869506836e+00,-2.582930088043212891e+00,-7.855534119865734133e-02,-7.079288027127741967e-02,-3.617490705362794851e-02,-8.621623824898340160e+01,4.265336094260746336e+01,-3.063015414565793293e+01,0.000000000000000000e+00,0.000000000000000000e+00,0.000000000000000000e+00,0.000000000000000000e+00,8.276381835937500000e+02,8.276375732421875000e+02,8.276375122070312500e+02,8.276381225585937500e+02,-1.005988938720340610e+09
1.102000000000000091e+00,-8.613753975611101055e+01,4.272428346346475792e+01,-3.059397682128915008e+01,1.431516737397942052e-04,1.296405860173877045e-04,2.417315155156529727e-06,1.054780781269073486e-01,2.436365365982055664e+00,-2.582960605621337891e+00,-7.869849287239666369e-02,-7.092252085729328082e-02,-3.617732436878277891e-02,-8.621623824898340160e+01,4.265336094260746336e+01,-3.063015414565793293e+01,0.000000000000000000e+00,0.000000000000000000e+00,0.000000000000000000e+00,0.000000000000000000e+00,8.276381835937500000e+02,8.276375122070312500e+02,8.276374511718750000e+02,8.276381835937500000e+02,-1.005999119751911044e+09
1.102999999999999980e+00,-8.613739671763683248e+01,4.272441306379684534e+01,-3.059397470101977135e+01,1.430384741780699187e-04,1.296003320874206111e-04,2.120269378735883947e-06,1.054862439632415771e-01,2.436398029327392578e+00,-2.582989692687988281e+00,-7.884153134657236051e-02,-7.105212118937941079e-02,-3.617944463816052253e-02,-8.621623824898340160e+01,4.265336094260746336e+01,-3.063015414565793293e+01,0.000000000000000000e+00,0.000000000000000000e+00,0.000000000000000000e+00,0.000000000000000000e+00,8.276382446289062500e+02,8.276374511718750000e+02,8.276374511718750000e+02,8.276382446289062500e+02,-1.006009300769783974e+09
1.104000000000000092e+00,-8.613725377902302682e+01,4.272454261721259172e+01,-3.059397287112922115e+01,1.429386138056543132e-04,1.295534157463862357e-04,1.829890550197887933e-06,1.054947674274444580e-01,2.436432123184204102e+00,-2.583020210266113281e+00,-7.898446996037919443e-02,-7.118167460512547784e-02,-3.618127452871275351e-02,-8.621623824898340160e+01,4.265336094260746336e+01,-3.063015414565793293e+01,0.000000000000000000e+00,0.000000000000000000e+00,0.000000000000000000e+00,0.000000000000000000e+00,8.276383056640625000e+02,8.276374511718750000e+02,8.276373901367187500e+02,8.276383056640625000e+02,-1.006019481773990393e+09
1.104999999999999982e+00,-8.613711093361511928e+01,4.272467213706705280e+01,-3.059397131162000605e+01,1.428454079075436312e-04,1.295198544610798308e-04,1.559509215098842105e-06,1.055030226707458496e-01,2.436465501785278320e+00,-2.583049058914184570e+00,-7.912731536827544154e-02,-7.131119445958793157e-02,-3.618283403792746378e-02,-8.621623824898340160e+01,4.265336094260746336e+01,-3.063015414565793293e+01,0.000000000000000000e+00,0.000000000000000000e+00,0.000000000000000000e+00,0.000000000000000000e+00,8.276383056640625000e+02,8.276373901367187500e+02,8.276373291015625000e+02,8.276383056640625000e+02,-1.006029662764560223e+09
1.106000000000000094e+00,-8.613696816807822643e+01,4.272480162337035381e+01,-3.059397001249483949e+01,1.427655368928526514e-04,1.294863033010074105e-04,1.299125166553949384e-06,1.055115759372711182e-01,2.436498880386352539e+00,-2.583078861236572266e+00,-7.927008090517358163e-02,-7.144068076289371294e-02,-3.618413316309454508e-02,-8.621623824898340160e+01,4.265336094260746336e+01,-3.063015414565793293e+01,0.000000000000000000e+00,0.000000000000000000e+00,0.000000000000000000e+00,0.000000000000000000e+00,8.276383666992187500e+02,8.276373291015625000e+02,8.276373291015625000e+02,8.276383666992187500e+02,-1.006039843741520286e+09
1.106999999999999984e+00,-8.613682546908998461e+01,4.272493108948214768e+01,-3.059396895042550568e+01,1.426989882418183697e-04,1.294661117938744610e-04,1.062069333812587502e-06,1.055195331573486328e-01,2.436531543731689453e+00,-2.583106517791748047e+00,-7.941277989341662125e-02,-7.157014687468619962e-02,-3.618519523242657437e-02,-8.621623824898340160e+01,4.265336094260746336e+01,-3.063015414565793293e+01,0.000000000000000000e+00,0.000000000000000000e+00,0.000000000000000000e+00,0.000000000000000000e+00,8.276383666992187500e+02,8.276373291015625000e+02,8.276372680664062500e+02,8.276383666992187500e+02,-1.006050024704895020e+09
1.108000000000000096e+00,-8.613668282331559567e+01,4.272506052207712202e+01,-3.059396810873552752e+01,1.426457743889386620e-04,1.294325949743324600e-04,8.416899781593656371e-07,1.055283546447753906e-01,2.436565876007080078e+00,-2.583137750625610352e+00,-7.955542566780436642e-02,-7.169957946966010187e-02,-3.618603692240675296e-02,-8.621623824898340160e+01,4.265336094260746336e+01,-3.063015414565793293e+01,0.000000000000000000e+00,0.000000000000000000e+00,0.000000000000000000e+00,0.000000000000000000e+00,8.276383666992187500e+02,8.276373291015625000e+02,8.276372680664062500e+02,8.276383666992187500e+02,-1.006060205654703975e+09
1.108999999999999986e+00,-8.613654022410722177e+01,4.272518994785323798e+01,-3.059396746410192947e+01,1.425992083738947258e-04,1.294257761159656184e-04,6.446335980569983803e-07,1.055363714694976807e-01,2.436598300933837891e+00,-2.583166599273681641e+00,-7.969802487618102282e-02,-7.182900524577730261e-02,-3.618668155600360259e-02,-8.621623824898340160e+01,4.265336094260746336e+01,-3.063015414565793293e+01,0.000000000000000000e+00,0.000000000000000000e+00,0.000000000000000000e+00,0.000000000000000000e+00,8.276384277343750000e+02,8.276372680664062500e+02,8.276372680664062500e+02,8.276384277343750000e+02,-1.006070386590967059e+09
1.110000000000000098e+00,-8.613639765146848504e+01,4.272531936016458332e+01,-3.059396698985201368e+01,1.425726387367376446e-04,1.294123113453338192e-04,4.742499157828206080e-07,1.055448651313781738e-01,2.436632394790649414e+00,-2.583195686340332031e+00,-7.984059751491015544e-02,-7.195841755711641918e-02,-3.618715580592074543e-02,-8.621623824898340160e+01,4.265336094260746336e+01,-3.063015414565793293e+01,0.000000000000000000e+00,0.000000000000000000e+00,0.000000000000000000e+00,0.000000000000000000e+00,8.276384277343750000e+02,8.276372680664062500e+02,8.276372070312500000e+02,8.276384277343750000e+02,-1.006080567513698101e+09
1.110999999999999988e+00,-8.613625509206909214e+01,4.272544875902636363e+01,-3.059396666931874975e+01,1.425593993928941927e-04,1.293988617803165653e-04,3.205332639311109233e-07,1.055532693862915039e-01,2.436665773391723633e+00,-2.583225727081298828e+00,-7.998315691431433228e-02,-7.208781641890352199e-02,-3.618747633918277529e-02,-8.621623824898340160e+01,4.265336094260746336e+01,-3.063015414565793293e+01,0.000000000000000000e+00,0.000000000000000000e+00,0.000000000000000000e+00,0.000000000000000000e+00,8.276384277343750000e+02,8.276372680664062500e+02,8.276372070312500000e+02,8.276384277343750000e+02,-1.006090748422907591e+09
1.112000000000000099e+00,-8.613611253259556122e+01,4.272557816447589829e+01,-3.059396646917388196e+01,1.425594735309232419e-04,1.294054495346586009e-04,2.001448677901862538e-07,1.055617630481719971e-01,2.436700344085693359e+00,-2.583255767822265625e+00,-8.012571638784293793e-02,-7.221722186843744506e-02,-3.618767648404952464e-02,-8.621623824898340160e+01,4.265336094260746336e+01,-3.063015414565793293e+01,0.000000000000000000e+00,0.000000000000000000e+00,0.000000000000000000e+00,0.000000000000000000e+00,8.276384277343750000e+02,8.276372680664062500e+02,8.276372070312500000e+02,8.276384277343750000e+02,-1.006100929318603635e+09
1.112999999999999989e+00,-8.613596996639000736e+01,4.272570757652886186e+01,-3.059396636941131575e+01,1.425662055538623463e-04,1.294120529635733874e-04,9.976256620802814723e-08,1.055695712566375732e-01,2.436731338500976562e+00,-2.583283901214599609e+00,-8.026828259339208183e-02,-7.234663392140067151e-02,-3.618777624661569103e-02,-8.621623824898340160e+01,4.265336094260746336e+01,-3.063015414565793293e+01,0.000000000000000000e+00,0.000000000000000000e+00,0.000000000000000000e+00,0.000000000000000000e+00,8.276384277343750000e+02,8.276372680664062500e+02,8.276372070312500000e+02,8.276384277343750000e+02,-1.006111110200791836e+09
1.114000000000000101e+00,-8.613582737346072804e+01,4.272583699521228340e+01,-3.059396634002825621e+01,1.425929292793171044e-04,1.294186834215338422e-04,2.938305954103270778e-08,1.055785715579986572e-01,2.436767101287841797e+00,-2.583315134048461914e+00,-8.041087552267256466e-02,-7.247605260481694567e-02,-3.618780562967684883e-02,-8.621623824898340160e+01,4.265336094260746336e+01,-3.063015414565793293e+01,0.000000000000000000e+00,0.000000000000000000e+00,0.000000000000000000e+00,0.000000000000000000e+00,8.276384277343750000e+02,8.276372680664062500e+02,8.276372070312500000e+02,8.276384277343750000e+02,-1.006121291069472432e+09
1.114999999999999991e+00,-8.613568474048835810e+01,4.272596642722132287e+01,-3.059396635102245554e+01,1.426329723699382157e-04,1.294320090394762701e-04,-1.099419932870659977e-08,1.055863201618194580e-01,2.436798095703125000e+00,-2.583342552185058594e+00,-8.055350849504734623e-02,-7.260548461385889218e-02,-3.618779463547844299e-02,-8.621623824898340160e+01,4.265336094260746336e+01,-3.063015414565793293e+01,0.000000000000000000e+00,0.000000000000000000e+00,0.000000000000000000e+00,0.000000000000000000e+00,8.276384277343750000e+02,8.276372680664062500e+02,8.276372070312500000e+02,8.276384277343750000e+02,-1.006131471924642444e+09
1.116000000000000103e+00,-8.613554205415363185e+01,4.272609588591907226e+01,-3.059396637573150812e+01,1.426863347262496973e-04,1.294586977493850100e-04,-2.470905258178390795e-08,1.055953502655029297e-01,2.436833858489990234e+00,-2.583374261856079102e+00,-8.069619482976295166e-02,-7.273494331160830495e-02,-3.618776992642458445e-02,-8.621623824898340160e+01,4.265336094260746336e+01,-3.063015414565793293e+01,0.000000000000000000e+00,0.000000000000000000e+00,0.000000000000000000e+00,0.000000000000000000e+00,8.276384277343750000e+02,8.276372680664062500e+02,8.276372680664062500e+02,8.276384277343750000e+02,-1.006141652766295552e+09
1.116999999999999993e+00,-8.613539930113326193e+01,4.272622537132852472e+01,-3.059396638748373576e+01,1.427530203699234335e-04,1.294854094524566790e-04,-1.175222763549754745e-08,1.056029796600341797e-01,2.436865329742431641e+00,-2.583401203155517578e+00,-8.083894785014086870e-02,-7.286442872106232982e-02,-3.618775817419586649e-02,-8.621623824898340160e+01,4.265336094260746336e+01,-3.063015414565793293e+01,0.000000000000000000e+00,0.000000000000000000e+00,0.000000000000000000e+00,0.000000000000000000e+00,8.276384277343750000e+02,8.276372680664062500e+02,8.276372680664062500e+02,8.276384277343750000e+02,-1.006151833594422221e+09
1.118000000000000105e+00,-8.613525647477625569e+01,4.272635488347306421e+01,-3.059396635626821848e+01,1.428263570062426879e-04,1.295121445394897819e-04,3.121551728213489696e-08,1.056116819381713867e-01,2.436899662017822266e+00,-2.583432435989379883e+00,-8.098177420714323949e-02,-7.299394086559941874e-02,-3.618778938971520948e-02,-8.621623824898340160e+01,4.265336094260746336e+01,-3.063015414565793293e+01,0.000000000000000000e+00,0.000000000000000000e+00,0.000000000000000000e+00,0.000000000000000000e+00,8.276383666992187500e+02,8.276373291015625000e+02,8.276372680664062500e+02,8.276383666992187500e+02,-1.006162014409009218e+09
1.118999999999999995e+00,-8.613511356176375955e+01,4.272648443571617349e+01,-3.059396625542280290e+01,1.429130124961375259e-04,1.295522431092877014e-04,1.008454155737581459e-07,1.056199371814727783e-01,2.436932802200317383e+00,-2.583461284637451172e+00,-8.112468721964490037e-02,-7.312349310871334163e-02,-3.618789023512961750e-02,-8.621623824898340160e+01,4.265336094260746336e+01,-3.063015414565793293e+01,0.000000000000000000e+00,0.000000000000000000e+00,0.000000000000000000e+00,0.000000000000000000e+00,8.276383666992187500e+02,8.276373291015625000e+02,8.276373291015625000e+02,8.276383666992187500e+02,-1.006172195210040927e+09
1.120000000000000107e+00,-8.613497054877281300e+01,4.272661402808127917e+01,-3.059396605827602045e+01,1.430129909465449600e-04,1.295923651056796189e-04,1.971467824546380143e-07,1.056284606456756592e-01,2.436967611312866211e+00,-2.583491802215576172e+00,-8.126770021059520621e-02,-7.325308547381370605e-02,-3.618808738191214847e-02,-8.621623824898340160e+01,4.265336094260746336e+01,-3.063015414565793293e+01,0.000000000000000000e+00,0.000000000000000000e+00,0.000000000000000000e+00,0.000000000000000000e+00,8.276383056640625000e+02,8.276373291015625000e+02,8.276373291015625000e+02,8.276383056640625000e+02,-1.006182375997497916e+09
1.120999999999999996e+00,-8.613482742733656039e+01,4.272674365622185633e+01,-3.059396573698150590e+01,1.431214362526134209e-04,1.296281405771537720e-04,3.212945145492085430e-07,1.056365668773651123e-01,2.436999559402465820e+00,-2.583520174026489258e+00,-8.141082164684612654e-02,-7.338271361439385743e-02,-3.618840867642571929e-02,-8.621623824898340160e+01,4.265336094260746336e+01,-3.063015414565793293e+01,0.000000000000000000e+00,0.000000000000000000e+00,0.000000000000000000e+00,0.000000000000000000e+00,8.276383056640625000e+02,8.276373901367187500e+02,8.276373901367187500e+02,8.276383056640625000e+02,-1.006192556771356821e+09
1.122000000000000108e+00,-8.613468418110319647e+01,4.272687334223208211e+01,-3.059396526722305865e+01,1.432462333639250573e-04,1.296860102257824110e-04,4.697584472523885779e-07,1.056447327136993408e-01,2.437032461166381836e+00,-2.583549737930297852e+00,-8.155406788020516662e-02,-7.351239962461728061e-02,-3.618887843487533090e-02,-8.621623824898340160e+01,4.265336094260746336e+01,-3.063015414565793293e+01,0.000000000000000000e+00,0.000000000000000000e+00,0.000000000000000000e+00,0.000000000000000000e+00,8.276382446289062500e+02,8.276373901367187500e+02,8.276373901367187500e+02,8.276382446289062500e+02,-1.006202737531592131e+09
1.122999999999999998e+00,-8.613454080826555526e+01,4.272700308176894168e+01,-3.059396462448519927e+01,1.433728376412091166e-04,1.297395368595744003e-04,6.427378593798493966e-07,1.056532859802246094e-01,2.437065839767456055e+00,-2.583579063415527344e+00,-8.169744071784647288e-02,-7.364213916147800687e-02,-3.618952117273444707e-02,-8.621623824898340160e+01,4.265336094260746336e+01,-3.063015414565793293e+01,0.000000000000000000e+00,0.000000000000000000e+00,0.000000000000000000e+00,0.000000000000000000e+00,8.276382446289062500e+02,8.276374511718750000e+02,8.276374511718750000e+02,8.276382446289062500e+02,-1.006212918278176188e+09
1.124000000000000110e+00,-8.613439730216917667e+01,4.272713286818415668e+01,-3.059396378208765199e+01,1.435060963785872445e-04,1.297864152149941219e-04,8.423975472737765813e-07,1.056613922119140625e-01,2.437098979949951172e+00,-2.583607912063598633e+00,-8.184094681422902917e-02,-7.377192557669262629e-02,-3.619036357028088818e-02,-8.621623824898340160e+01,4.265336094260746336e+01,-3.063015414565793293e+01,0.000000000000000000e+00,0.000000000000000000e+00,0.000000000000000000e+00,0.000000000000000000e+00,8.276381835937500000e+02,8.276375122070312500e+02,8.276374511718750000e+02,8.276381835937500000e+02,-1.006223099011077881e+09
1.125000000000000000e+00,-8.613425365615950113e+01,4.272726272150046611e+01,-3.059396272670942807e+01,1.436460096755354243e-04,1.298533163094361953e-04,1.055378223924208214e-06,1.056700944900512695e-01,2.437133550643920898e+00,-2.583638191223144531e+00,-8.198459282390151148e-02,-7.390177889300021674e-02,-3.619141894850355645e-02,-8.621623824898340160e+01,4.265336094260746336e+01,-3.063015414565793293e+01,0.000000000000000000e+00,0.000000000000000000e+00,0.000000000000000000e+00,0.000000000000000000e+00,8.276381225585937500e+02,8.276375732421875000e+02,8.276375122070312500e+02,8.276381225585937500e+02,-1.006233279730265737e+09
1.125999999999999890e+00,-8.613410985691221811e+01,4.272739262840419627e+01,-3.059396142833482202e+01,1.437992472830273982e-04,1.299069037301592289e-04,1.298374606051311275e-06,1.056787073612213135e-01,2.437168598175048828e+00,-2.583669185638427734e+00,-8.212839207118464990e-02,-7.403168579673027883e-02,-3.619271732310985062e-02,-8.621623824898340160e+01,4.265336094260746336e+01,-3.063015414565793293e+01,0.000000000000000000e+00,0.000000000000000000e+00,0.000000000000000000e+00,0.000000000000000000e+00,8.276381225585937500e+02,8.276375732421875000e+02,8.276375732421875000e+02,8.276381225585937500e+02,-1.006243460435703278e+09
1.127000000000000002e+00,-8.613396591110682721e+01,4.272752259557145749e+01,-3.059395987695985752e+01,1.439458053908992952e-04,1.299671672612134898e-04,1.551374964492424624e-06,1.056868135929107666e-01,2.437201499938964844e+00,-2.583697557449340820e+00,-8.227233787656999808e-02,-7.416165296399078455e-02,-3.619426869807508551e-02,-8.621623824898340160e+01,4.265336094260746336e+01,-3.063015414565793293e+01,0.000000000000000000e+00,0.000000000000000000e+00,0.000000000000000000e+00,0.000000000000000000e+00,8.276380615234375000e+02,8.276376342773437500e+02,8.276376342773437500e+02,8.276380615234375000e+02,-1.006253641127354980e+09
1.127999999999999892e+00,-8.613382180542119215e+01,4.272765262969433309e+01,-3.059395804925330964e+01,1.441056856350542148e-04,1.300341228755996781e-04,1.827706547885554755e-06,1.056956648826599121e-01,2.437236547470092773e+00,-2.583729267120361328e+00,-8.241644356220348411e-02,-7.429168708686896549e-02,-3.619609640462244371e-02,-8.621623824898340160e+01,4.265336094260746336e+01,-3.063015414565793293e+01,0.000000000000000000e+00,0.000000000000000000e+00,0.000000000000000000e+00,0.000000000000000000e+00,8.276380004882812500e+02,8.276376953125000000e+02,8.276376953125000000e+02,8.276380004882812500e+02,-1.006263821805182099e+09
1.129000000000000004e+00,-8.613367754652860242e+01,4.272778272410646849e+01,-3.059395593853673390e+01,1.442588925897325680e-04,1.300944121354064009e-04,2.110716575742799250e-06,1.057037115097045898e-01,2.437268733978271484e+00,-2.583757877349853516e+00,-8.256070245479887881e-02,-7.442178149900736950e-02,-3.619820712120017797e-02,-8.621623824898340160e+01,4.265336094260746336e+01,-3.063015414565793293e+01,0.000000000000000000e+00,0.000000000000000000e+00,0.000000000000000000e+00,0.000000000000000000e+00,8.276379394531250000e+02,8.276377563476562500e+02,8.276376953125000000e+02,8.276379394531250000e+02,-1.006274002469146252e+09
1.129999999999999893e+00,-8.613353312777499582e+01,4.272791288549561273e+01,-3.059395352480968810e+01,1.444187536066010580e-04,1.301613891442343629e-04,2.413727045791347336e-06,1.057124435901641846e-01,2.437303781509399414e+00,-2.583787918090820312e+00,-8.270512120839872139e-02,-7.455194288815264470e-02,-3.620062084824412357e-02,-8.621623824898340160e+01,4.265336094260746336e+01,-3.063015414565793293e+01,0.000000000000000000e+00,0.000000000000000000e+00,0.000000000000000000e+00,0.000000000000000000e+00,8.276378784179687500e+02,8.276378173828125000e+02,8.276377563476562500e+02,8.276378784179687500e+02,-1.006284183119207263e+09
1.131000000000000005e+00,-8.613338855583161546e+01,4.272804310719312326e+01,-3.059395080472875250e+01,1.445719433803560605e-04,1.302216975105352503e-04,2.720080935603164107e-06,1.057204604148864746e-01,2.437335252761840820e+00,-2.583816528320312500e+00,-8.284969315178175586e-02,-7.468216458565754556e-02,-3.620334092917872754e-02,-8.621623824898340160e+01,4.265336094260746336e+01,-3.063015414565793293e+01,0.000000000000000000e+00,0.000000000000000000e+00,0.000000000000000000e+00,0.000000000000000000e+00,8.276378173828125000e+02,8.276378173828125000e+02,8.276378173828125000e+02,8.276378173828125000e+02,-1.006294363755324960e+09
1.131999999999999895e+00,-8.613324382403583002e+01,4.272817339587721364e+01,-3.059394777163374712e+01,1.447317957854465931e-04,1.302886840903738630e-04,3.033095005378072528e-06,1.057293117046356201e-01,2.437371015548706055e+00,-2.583847761154174805e+00,-8.299442494756968658e-02,-7.481245326974826637e-02,-3.620637402418704770e-02,-8.621623824898340160e+01,4.265336094260746336e+01,-3.063015414565793293e+01,0.000000000000000000e+00,0.000000000000000000e+00,0.000000000000000000e+00,0.000000000000000000e+00,8.276377563476562500e+02,8.276378784179687500e+02,8.276378784179687500e+02,8.276377563476562500e+02,-1.006304544377458572e+09
1.133000000000000007e+00,-8.613309893906334480e+01,4.272830373821644656e+01,-3.059394441217120786e+01,1.448849724852152576e-04,1.303423392329250419e-04,3.359462539265223313e-06,1.057370305061340332e-01,2.437401294708251953e+00,-2.583875179290771484e+00,-8.313930992005486020e-02,-7.494279560898088610e-02,-3.620973348672493902e-02,-8.621623824898340160e+01,4.265336094260746336e+01,-3.063015414565793293e+01,0.000000000000000000e+00,0.000000000000000000e+00,0.000000000000000000e+00,0.000000000000000000e+00,8.276377563476562500e+02,8.276379394531250000e+02,8.276379394531250000e+02,8.276377563476562500e+02,-1.006314724985566497e+09
1.133999999999999897e+00,-8.613295390758521819e+01,4.272843414754532887e+01,-3.059394073301729122e+01,1.450314781266115460e-04,1.304093288823082730e-04,3.679153916635868882e-06,1.057462990283966064e-01,2.437438726425170898e+00,-2.583907365798950195e+00,-8.328434139818048643e-02,-7.507320493786816262e-02,-3.621341264064077692e-02,-8.621623824898340160e+01,4.265336094260746336e+01,-3.063015414565793293e+01,0.000000000000000000e+00,0.000000000000000000e+00,0.000000000000000000e+00,0.000000000000000000e+00,8.276376953125000000e+02,8.276380004882812500e+02,8.276380004882812500e+02,8.276376953125000000e+02,-1.006324905579609632e+09
1.135000000000000009e+00,-8.613280872960481815e+01,4.272856461719985788e+01,-3.059393672749778759e+01,1.451779804000352669e-04,1.304696545290084941e-04,4.005519503635923684e-06,1.057547032833099365e-01,2.437472105026245117e+00,-2.583937168121337891e+00,-8.342951937857724654e-02,-7.520367459239109265e-02,-3.621741816014587695e-02,-8.621623824898340160e+01,4.265336094260746336e+01,-3.063015414565793293e+01,0.000000000000000000e+00,0.000000000000000000e+00,0.000000000000000000e+00,0.000000000000000000e+00,8.276376342773437500e+02,8.276380615234375000e+02,8.276380615234375000e+02,8.276376342773437500e+02,-1.006335086159547925e+09
1.135999999999999899e+00,-8.613266341178480445e+01,4.272869513383407991e+01,-3.059393240226942368e+01,1.453178200137017484e-04,1.305166342220331899e-04,4.325228363910582630e-06,1.057630777359008789e-01,2.437505960464477539e+00,-2.583967924118041992e+00,-8.357483719859509774e-02,-7.533419122661434708e-02,-3.622174338850873976e-02,-8.621623824898340160e+01,4.265336094260746336e+01,-3.063015414565793293e+01,0.000000000000000000e+00,0.000000000000000000e+00,0.000000000000000000e+00,0.000000000000000000e+00,8.276375732421875000e+02,8.276381225585937500e+02,8.276380615234375000e+02,8.276375732421875000e+02,-1.006345266725342035e+09
1.137000000000000011e+00,-8.613251796747069022e+01,4.272882571078523029e+01,-3.059392775733381242e+01,1.454443141142292006e-04,1.305769511503740432e-04,4.644935611253231400e-06,1.057718992233276367e-01,2.437541246414184570e+00,-2.583998680114746094e+00,-8.372028151271197760e-02,-7.546476817776788526e-02,-3.622638832412061055e-02,-8.621623824898340160e+01,4.265336094260746336e+01,-3.063015414565793293e+01,0.000000000000000000e+00,0.000000000000000000e+00,0.000000000000000000e+00,0.000000000000000000e+00,8.276375122070312500e+02,8.276381225585937500e+02,8.276381225585937500e+02,8.276375122070312500e+02,-1.006355447276955724e+09
1.137999999999999901e+00,-8.613237239665056677e+01,4.272895633470457000e+01,-3.059392280602207492e+01,1.455708201234529042e-04,1.306239193397118470e-04,4.951311737499963783e-06,1.057800650596618652e-01,2.437573909759521484e+00,-2.584026813507080078e+00,-8.386585233282904672e-02,-7.559539209710471053e-02,-3.623133963585761785e-02,-8.621623824898340160e+01,4.265336094260746336e+01,-3.063015414565793293e+01,0.000000000000000000e+00,0.000000000000000000e+00,0.000000000000000000e+00,0.000000000000000000e+00,8.276375122070312500e+02,8.276381835937500000e+02,8.276381835937500000e+02,8.276375122070312500e+02,-1.006365627814352512e+09
1.139000000000000012e+00,-8.613222670599341768e+01,4.272908700558871686e+01,-3.059391755166547000e+01,1.456906571490890201e-04,1.306708841468662285e-04,5.254356604922350016e-06,1.057891845703125000e-01,2.437610387802124023e+00,-2.584059238433837891e+00,-8.401154298998503300e-02,-7.572606298125444946e-02,-3.623659399246286633e-02,-8.621623824898340160e+01,4.265336094260746336e+01,-3.063015414565793293e+01,0.000000000000000000e+00,0.000000000000000000e+00,0.000000000000000000e+00,0.000000000000000000e+00,8.276374511718750000e+02,8.276382446289062500e+02,8.276382446289062500e+02,8.276374511718750000e+02,-1.006375808337497354e+09
1.139999999999999902e+00,-8.613208091549968515e+01,4.272921771675260771e+01,-3.059391200758666685e+01,1.457904937325338324e-04,1.307111638908509121e-04,5.544078803154661728e-06,1.057970821857452393e-01,2.437642335891723633e+00,-2.584086894989013672e+00,-8.415733348372143874e-02,-7.585677414514589711e-02,-3.624213807126638875e-02,-8.621623824898340160e+01,4.265336094260746336e+01,-3.063015414565793293e+01,0.000000000000000000e+00,0.000000000000000000e+00,0.000000000000000000e+00,0.000000000000000000e+00,8.276373901367187500e+02,8.276382446289062500e+02,8.276382446289062500e+02,8.276373901367187500e+02,-1.006385988846358776e+09
1.141000000000000014e+00,-8.613193503182941413e+01,4.272934846818298382e+01,-3.059390619045701243e+01,1.458836702710186728e-04,1.307514303761081464e-04,5.817129654417385609e-06,1.058062016963958740e-01,2.437678813934326172e+00,-2.584119558334350586e+00,-8.430321715398336746e-02,-7.598752557551852194e-02,-3.624795520092203432e-02,-8.621623824898340160e+01,4.265336094260746336e+01,-3.063015414565793293e+01,0.000000000000000000e+00,0.000000000000000000e+00,0.000000000000000000e+00,0.000000000000000000e+00,8.276373901367187500e+02,8.276383056640625000e+02,8.276383056640625000e+02,8.276373901367187500e+02,-1.006396169340907574e+09
1.141999999999999904e+00,-8.613178906164493753e+01,4.272947925320129769e+01,-3.059390011027279854e+01,1.459701844765959322e-04,1.307850183138725697e-04,6.080184213885786448e-06,1.058143973350524902e-01,2.437711000442504883e+00,-2.584148168563842773e+00,-8.444918733846273895e-02,-7.611831059383487863e-02,-3.625403538513527479e-02,-8.621623824898340160e+01,4.265336094260746336e+01,-3.063015414565793293e+01,0.000000000000000000e+00,0.000000000000000000e+00,0.000000000000000000e+00,0.000000000000000000e+00,8.276373291015625000e+02,8.276383666992187500e+02,8.276383056640625000e+02,8.276373291015625000e+02,-1.006406349821115732e+09
1.143000000000000016e+00,-8.613164302493764524e+01,4.272961006511242488e+01,-3.059389379369665818e+01,1.460367072922963416e-04,1.308119111271821566e-04,6.316576140363849845e-06,1.058231890201568604e-01,2.437746763229370117e+00,-2.584179401397705078e+00,-8.459522404575699206e-02,-7.624912250496469757e-02,-3.626035196127350840e-02,-8.621623824898340160e+01,4.265336094260746336e+01,-3.063015414565793293e+01,0.000000000000000000e+00,0.000000000000000000e+00,0.000000000000000000e+00,0.000000000000000000e+00,8.276373291015625000e+02,8.276383666992187500e+02,8.276383666992187500e+02,8.276373291015625000e+02,-1.006416530286959767e+09
1.143999999999999906e+00,-8.613149692836969962e+01,4.272974089723766156e+01,-3.059388725072471615e+01,1.460965679456194266e-04,1.308321252366795306e-04,6.542971942025133103e-06,1.058317720890045166e-01,2.437780857086181641e+00,-2.584209680557250977e+00,-8.474132061370751035e-02,-7.637995463020162690e-02,-3.626689493321604701e-02,-8.621623824898340160e+01,4.265336094260746336e+01,-3.063015414565793293e+01,0.000000000000000000e+00,0.000000000000000000e+00,0.000000000000000000e+00,0.000000000000000000e+00,8.276372680664062500e+02,8.276383666992187500e+02,8.276383666992187500e+02,8.276372680664062500e+02,-1.006426710738417149e+09
1.145000000000000018e+00,-8.613135078526416066e+01,4.272987175622152733e+01,-3.059388051136878062e+01,1.461431055389539324e-04,1.308589838657781002e-04,6.739355935536650577e-06,1.058402061462402344e-01,2.437814474105834961e+00,-2.584239959716796875e+00,-8.488746371923881762e-02,-7.651081361406301962e-02,-3.627363428915369309e-02,-8.621623824898340160e+01,4.265336094260746336e+01,-3.063015414565793293e+01,0.000000000000000000e+00,0.000000000000000000e+00,0.000000000000000000e+00,0.000000000000000000e+00,8.276372680664062500e+02,8.276384277343750000e+02,8.276384277343750000e+02,8.276372680664062500e+02,-1.006436891175470233e+09
1.145999999999999908e+00,-8.613120460894673158e+01,4.273000262204031685e+01,-3.059387358894557352e+01,1.461763174290808820e-04,1.308658187895161973e-04,6.922423207100791842e-06,1.058493256568908691e-01,2.437851190567016602e+00,-2.584271907806396484e+00,-8.503364003666903648e-02,-7.664167943285206397e-02,-3.628055671236109919e-02,-8.621623824898340160e+01,4.265336094260746336e+01,-3.063015414565793293e+01,0.000000000000000000e+00,0.000000000000000000e+00,0.000000000000000000e+00,0.000000000000000000e+00,8.276372680664062500e+02,8.276384277343750000e+02,8.276384277343750000e+02,8.276372680664062500e+02,-1.006447071598102927e+09
1.147000000000000020e+00,-8.613105841940604535e+01,4.273013349466359756e+01,-3.059386651679238156e+01,1.461895406862367963e-04,1.308726232807089218e-04,7.072153191955976581e-06,1.058572232723236084e-01,2.437883615493774414e+00,-2.584299802780151367e+00,-8.517982957735950600e-02,-7.677255205613363331e-02,-3.628762886555009226e-02,-8.621623824898340160e+01,4.265336094260746336e+01,-3.063015414565793293e+01,0.000000000000000000e+00,0.000000000000000000e+00,0.000000000000000000e+00,0.000000000000000000e+00,8.276372070312500000e+02,8.276384277343750000e+02,8.276384277343750000e+02,8.276372070312500000e+02,-1.006457252006304264e+09
1.147999999999999909e+00,-8.613091222329495622e+01,4.273026436740233436e+01,-3.059385931824522942e+01,1.461961110891252247e-04,1.308727387367980555e-04,7.198547152142964478e-06,1.058663427829742432e-01,2.437919378280639648e+00,-2.584331512451171875e+00,-8.532602568844654956e-02,-7.690342479487233263e-02,-3.629482741270184665e-02,-8.621623824898340160e+01,4.265336094260746336e+01,-3.063015414565793293e+01,0.000000000000000000e+00,0.000000000000000000e+00,0.000000000000000000e+00,0.000000000000000000e+00,8.276372070312500000e+02,8.276384277343750000e+02,8.276384277343750000e+02,8.276372070312500000e+02,-1.006467432400065541e+09
1.149000000000000021e+00,-8.613076603394068798e+01,4.273039524023785418e+01,-3.059385201330550430e+01,1.461893542682446423e-04,1.308728355198240934e-04,7.304939725116810223e-06,1.058747470378875732e-01,2.437952995300292969e+00,-2.584360837936401367e+00,-8.547221504271378112e-02,-7.703429763039286449e-02,-3.630213235242843450e-02,-8.621623824898340160e+01,4.265336094260746336e+01,-3.063015414565793293e+01,0.000000000000000000e+00,0.000000000000000000e+00,0.000000000000000000e+00,0.000000000000000000e+00,8.276372070312500000e+02,8.276384277343750000e+02,8.276384277343750000e+02,8.276372070312500000e+02,-1.006477612779381514e+09
1.149999999999999911e+00,-8.613061986465493192e+01,4.273052609979869487e+01,-3.059384463863984749e+01,1.461692857560592529e-04,1.308595608406903921e-04,7.374665656811885128e-06,1.058835685253143311e-01,2.437988281250000000e+00,-2.584392786026000977e+00,-8.561838432846771707e-02,-7.716515719123342998e-02,-3.630950701808528108e-02,-8.621623824898340160e+01,4.265336094260746336e+01,-3.063015414565793293e+01,0.000000000000000000e+00,0.000000000000000000e+00,0.000000000000000000e+00,0.000000000000000000e+00,8.276372070312500000e+02,8.276384277343750000e+02,8.276384277343750000e+02,8.276372070312500000e+02,-1.006487793144250393e+09
1.151000000000000023e+00,-8.613047373543479068e+01,4.273065694606378884e+01,-3.059383721424497793e+01,1.461292201412334180e-04,1.308462650939645755e-04,7.424394869559591825e-06,1.058923006057739258e-01,2.438022613525390625e+00,-2.584422349929809570e+00,-8.576451354861683307e-02,-7.729600345632609004e-02,-3.631693141295425781e-02,-8.621623824898340160e+01,4.265336094260746336e+01,-3.063015414565793293e+01,0.000000000000000000e+00,0.000000000000000000e+00,0.000000000000000000e+00,0.000000000000000000e+00,8.276372070312500000e+02,8.276384277343750000e+02,8.276384277343750000e+02,8.276372070312500000e+02,-1.006497973494674802e+09
1.151999999999999913e+00,-8.613032765292814474e+01,4.273078777233858006e+01,-3.059382977012670324e+01,1.460825066459392474e-04,1.308262747912181112e-04,7.444118274690936232e-06,1.059006750583648682e-01,2.438056468963623047e+00,-2.584452390670776367e+00,-8.591059605525586118e-02,-7.742682973111861267e-02,-3.632437553122850465e-02,-8.621623824898340160e+01,4.265336094260746336e+01,-3.063015414565793293e+01,0.000000000000000000e+00,0.000000000000000000e+00,0.000000000000000000e+00,0.000000000000000000e+00,8.276372680664062500e+02,8.276384277343750000e+02,8.276384277343750000e+02,8.276372680664062500e+02,-1.006508153830659986e+09
1.153000000000000025e+00,-8.613018163045499875e+01,4.273091857859635923e+01,-3.059382233629126091e+01,1.460224731459902614e-04,1.308062577791702097e-04,7.433835442327563214e-06,1.059097945690155029e-01,2.438093662261962891e+00,-2.584485530853271484e+00,-8.605661852839664727e-02,-7.755763598889470201e-02,-3.633180936667314287e-02,-8.621623824898340160e+01,4.265336094260746336e+01,-3.063015414565793293e+01,0.000000000000000000e+00,0.000000000000000000e+00,0.000000000000000000e+00,0.000000000000000000e+00,8.276372680664062500e+02,8.276384277343750000e+02,8.276384277343750000e+02,8.276372680664062500e+02,-1.006518334152215481e+09
1.153999999999999915e+00,-8.613003568800337462e+01,4.273104935147041772e+01,-3.059381493939521590e+01,1.459424516241369929e-04,1.307728740584934712e-04,7.396896045008816145e-06,1.059178113937377930e-01,2.438124895095825195e+00,-2.584513187408447266e+00,-8.620256098002078426e-02,-7.768840886295404202e-02,-3.633920626271619492e-02,-8.621623824898340160e+01,4.265336094260746336e+01,-3.063015414565793293e+01,0.000000000000000000e+00,0.000000000000000000e+00,0.000000000000000000e+00,0.000000000000000000e+00,8.276372680664062500e+02,8.276383666992187500e+02,8.276383666992187500e+02,8.276372680664062500e+02,-1.006528514459354281e+09
1.155000000000000027e+00,-8.612988982555292239e+01,4.273118008427038461e+01,-3.059380760611359307e+01,1.458624504522276766e-04,1.307327999668927987e-04,7.333281622834419977e-06,1.059269011020660400e-01,2.438161373138427734e+00,-2.584545373916625977e+00,-8.634842343047903490e-02,-7.781914166292139279e-02,-3.634653954433834933e-02,-8.621623824898340160e+01,4.265336094260746336e+01,-3.063015414565793293e+01,0.000000000000000000e+00,0.000000000000000000e+00,0.000000000000000000e+00,0.000000000000000000e+00,8.276373291015625000e+02,8.276383666992187500e+02,8.276383666992187500e+02,8.276373291015625000e+02,-1.006538694752090931e+09
1.155999999999999917e+00,-8.612974406825010476e+01,4.273131077899003571e+01,-3.059380037195830582e+01,1.457573028176284424e-04,1.306947196511032416e-04,7.234155287250132460e-06,1.059352159500122070e-01,2.438194274902343750e+00,-2.584573984146118164e+00,-8.649418073329291634e-02,-7.794983638257033109e-02,-3.635377369962840971e-02,-8.621623824898340160e+01,4.265336094260746336e+01,-3.063015414565793293e+01,0.000000000000000000e+00,0.000000000000000000e+00,0.000000000000000000e+00,0.000000000000000000e+00,8.276373291015625000e+02,8.276383666992187500e+02,8.276383056640625000e+02,8.276373291015625000e+02,-1.006548875030446291e+09
1.157000000000000028e+00,-8.612959841244608583e+01,4.273144143822543128e+01,-3.059379324925428634e+01,1.456558040189293024e-04,1.306592353955693397e-04,7.122704019479897397e-06,1.059440374374389648e-01,2.438230276107788086e+00,-2.584606170654296875e+00,-8.663983653731527346e-02,-7.808049561796577553e-02,-3.636089640364658510e-02,-8.621623824898340160e+01,4.265336094260746336e+01,-3.063015414565793293e+01,0.000000000000000000e+00,0.000000000000000000e+00,0.000000000000000000e+00,0.000000000000000000e+00,8.276373901367187500e+02,8.276383056640625000e+02,8.276383056640625000e+02,8.276373901367187500e+02,-1.006559055294441700e+09
1.157999999999999918e+00,-8.612945287659968585e+01,4.273157204396711961e+01,-3.059378627683735274e+01,1.455358463999800733e-04,1.306057416883277256e-04,6.972416933592739952e-06,1.059527099132537842e-01,2.438264369964599609e+00,-2.584636688232421875e+00,-8.678537238371637763e-02,-7.821110135965296528e-02,-3.636786882058136439e-02,-8.621623824898340160e+01,4.265336094260746336e+01,-3.063015414565793293e+01,0.000000000000000000e+00,0.000000000000000000e+00,0.000000000000000000e+00,0.000000000000000000e+00,8.276373901367187500e+02,8.276382446289062500e+02,8.276382446289062500e+02,8.276373901367187500e+02,-1.006569235544102669e+09
1.159000000000000030e+00,-8.612930746070109933e+01,4.273170260287195532e+01,-3.059377947138721865e+01,1.454158985865205977e-04,1.305589048357091997e-04,6.805450134095281101e-06,1.059610843658447266e-01,2.438298225402832031e+00,-2.584665536880493164e+00,-8.693078828230807464e-02,-7.834166026449274067e-02,-3.637467427071364862e-02,-8.621623824898340160e+01,4.265336094260746336e+01,-3.063015414565793293e+01,0.000000000000000000e+00,0.000000000000000000e+00,0.000000000000000000e+00,0.000000000000000000e+00,8.276374511718750000e+02,8.276382446289062500e+02,8.276382446289062500e+02,8.276374511718750000e+02,-1.006579415779456019e+09
1.159999999999999920e+00,-8.612916218473760921e+01,4.273183310157243397e+01,-3.059377285955991610e+01,1.452759634901212848e-04,1.304987004786539728e-04,6.611827302549500018e-06,1.059696078300476074e-01,2.438331604003906250e+00,-2.584695100784301758e+00,-8.707606424579741877e-02,-7.847215896496730070e-02,-3.638128609801528218e-02,-8.621623824898340160e+01,4.265336094260746336e+01,-3.063015414565793293e+01,0.000000000000000000e+00,0.000000000000000000e+00,0.000000000000000000e+00,0.000000000000000000e+00,8.276374511718750000e+02,8.276381835937500000e+02,8.276381835937500000e+02,8.276374511718750000e+02,-1.006589596000532627e+09
1.161000000000000032e+00,-8.612901704869693731e+01,4.273196354672265329e+01,-3.059376646137014433e+01,1.451360406719004459e-04,1.304451502193160195e-04,6.398189771772422318e-06,1.059781014919281006e-01,2.438365221023559570e+00,-2.584725379943847656e+00,-8.722120028646809797e-02,-7.860260411518955881e-02,-3.638768428778760278e-02,-8.621623824898340160e+01,4.265336094260746336e+01,-3.063015414565793293e+01,0.000000000000000000e+00,0.000000000000000000e+00,0.000000000000000000e+00,0.000000000000000000e+00,8.276375122070312500e+02,8.276381225585937500e+02,8.276381225585937500e+02,8.276375122070312500e+02,-1.006599776207365274e+09
1.161999999999999922e+00,-8.612887205256019740e+01,4.273209393163387659e+01,-3.059376030015752690e+01,1.449961367399055234e-04,1.303849112233024243e-04,6.161212617428191152e-06,1.059870123863220215e-01,2.438401222229003906e+00,-2.584757089614868164e+00,-8.736619642319937151e-02,-7.873298902641136243e-02,-3.639384550040442728e-02,-8.621623824898340160e+01,4.265336094260746336e+01,-3.063015414565793293e+01,0.000000000000000000e+00,0.000000000000000000e+00,0.000000000000000000e+00,0.000000000000000000e+00,8.276375732421875000e+02,8.276381225585937500e+02,8.276381225585937500e+02,8.276375732421875000e+02,-1.006609956399987340e+09
1.163000000000000034e+00,-8.612872721632757589e+01,4.273222426295617993e+01,-3.059375439258796092e+01,1.448362326215146823e-04,1.303313223033342183e-04,5.907569565977155435e-06,1.059954166412353516e-01,2.438434600830078125e+00,-2.584785938262939453e+00,-8.751103265582181601e-02,-7.886332034871440522e-02,-3.639975306997047383e-02,-8.621623824898340160e+01,4.265336094260746336e+01,-3.063015414565793293e+01,0.000000000000000000e+00,0.000000000000000000e+00,0.000000000000000000e+00,0.000000000000000000e+00,8.276376342773437500e+02,8.276380615234375000e+02,8.276380615234375000e+02,8.276376342773437500e+02,-1.006620136578437567e+09
1.163999999999999924e+00,-8.612858252664014458e+01,4.273235452066973750e+01,-3.059374875532987659e+01,1.446896874313097214e-04,1.302577135575688771e-04,5.637258084334462183e-06,1.060040295124053955e-01,2.438469409942626953e+00,-2.584816932678222656e+00,-8.765572234325731682e-02,-7.899357806227087775e-02,-3.640539032805647363e-02,-8.621623824898340160e+01,4.265336094260746336e+01,-3.063015414565793293e+01,0.000000000000000000e+00,0.000000000000000000e+00,0.000000000000000000e+00,0.000000000000000000e+00,8.276376953125000000e+02,8.276380004882812500e+02,8.276380004882812500e+02,8.276376953125000000e+02,-1.006630316742751360e+09
1.165000000000000036e+00,-8.612843799683201951e+01,4.273248472476679893e+01,-3.059374340506388279e+01,1.445298081250712130e-04,1.302040970614370963e-04,5.350265993797620467e-06,1.060124933719635010e-01,2.438502788543701172e+00,-2.584846973419189453e+00,-8.780025215138644035e-02,-7.912378215933561776e-02,-3.641074059405112473e-02,-8.621623824898340160e+01,4.265336094260746336e+01,-3.063015414565793293e+01,0.000000000000000000e+00,0.000000000000000000e+00,0.000000000000000000e+00,0.000000000000000000e+00,8.276376953125000000e+02,8.276379394531250000e+02,8.276379394531250000e+02,8.276376953125000000e+02,-1.006640496892969489e+09
1.165999999999999925e+00,-8.612829362022095836e+01,4.273261486190048686e+01,-3.059373835178878309e+01,1.443766110611477416e-04,1.301371336879242335e-04,5.053275099697884798e-06,1.060210168361663818e-01,2.438536643981933594e+00,-2.584876537322998047e+00,-8.794462876244517335e-02,-7.925391929302436078e-02,-3.641579386915114180e-02,-8.621623824898340160e+01,4.265336094260746336e+01,-3.063015414565793293e+01,0.000000000000000000e+00,0.000000000000000000e+00,0.000000000000000000e+00,0.000000000000000000e+00,8.276377563476562500e+02,8.276378784179687500e+02,8.276378784179687500e+02,8.276377563476562500e+02,-1.006650677029130697e+09
1.167000000000000037e+00,-8.612814941013925818e+01,4.273274493205772018e+01,-3.059373360549973242e+01,1.442100817001801261e-04,1.300701572333196054e-04,4.746289050672203302e-06,1.060298085212707520e-01,2.438572406768798828e+00,-2.584908008575439453e+00,-8.808883884414697718e-02,-7.938398945025339215e-02,-3.642054015820080093e-02,-8.621623824898340160e+01,4.265336094260746336e+01,-3.063015414565793293e+01,0.000000000000000000e+00,0.000000000000000000e+00,0.000000000000000000e+00,0.000000000000000000e+00,8.276378173828125000e+02,8.276378173828125000e+02,8.276378173828125000e+02,8.276378173828125000e+02,-1.006660857151276827e+09
1.167999999999999927e+00,-8.612800534656835794e+01,4.273287494190351055e+01,-3.059372917955514737e+01,1.440635709002435760e-04,1.300098457903686722e-04,4.425944585051411195e-06,1.060381531715393066e-01,2.438605785369873047e+00,-2.584937095642089844e+00,-8.823290241503790876e-02,-7.951399929604821559e-02,-3.642496610278407598e-02,-8.621623824898340160e+01,4.265336094260746336e+01,-3.063015414565793293e+01,0.000000000000000000e+00,0.000000000000000000e+00,0.000000000000000000e+00,0.000000000000000000e+00,8.276378784179687500e+02,8.276378173828125000e+02,8.276377563476562500e+02,8.276378784179687500e+02,-1.006671037259447694e+09
1.169000000000000039e+00,-8.612786144284741852e+01,4.273300489143240100e+01,-3.059372507394504126e+01,1.439037209394200545e-04,1.299495288904495283e-04,4.105610106108770196e-06,1.060468852519989014e-01,2.438641071319580078e+00,-2.584967851638793945e+00,-8.837680613597927171e-02,-7.964394882493519567e-02,-3.642907171289198193e-02,-8.621623824898340160e+01,4.265336094260746336e+01,-3.063015414565793293e+01,0.000000000000000000e+00,0.000000000000000000e+00,0.000000000000000000e+00,0.000000000000000000e+00,8.276379394531250000e+02,8.276377563476562500e+02,8.276377563476562500e+02,8.276379394531250000e+02,-1.006681217353685379e+09
1.169999999999999929e+00,-8.612771768563067099e+01,4.273313477397471871e+01,-3.059372129200783164e+01,1.437572167475309470e-04,1.298825423177163430e-04,3.781937209623720264e-06,1.060552000999450684e-01,2.438674449920654297e+00,-2.584997415542602539e+00,-8.852056335273013332e-02,-7.977383136725221813e-02,-3.643285365010113380e-02,-8.621623824898340160e+01,4.265336094260746336e+01,-3.063015414565793293e+01,0.000000000000000000e+00,0.000000000000000000e+00,0.000000000000000000e+00,0.000000000000000000e+00,8.276380004882812500e+02,8.276376953125000000e+02,8.276376953125000000e+02,8.276380004882812500e+02,-1.006691397434029222e+09
1.171000000000000041e+00,-8.612757408158901740e+01,4.273326460286474315e+01,-3.059371783708349213e+01,1.436040416535888653e-04,1.298288900244415345e-04,3.454924339507670084e-06,1.060636937618255615e-01,2.438708066940307617e+00,-2.585026741027832031e+00,-8.866416739438305605e-02,-7.990366025727869970e-02,-3.643630857443921206e-02,-8.621623824898340160e+01,4.265336094260746336e+01,-3.063015414565793293e+01,0.000000000000000000e+00,0.000000000000000000e+00,0.000000000000000000e+00,0.000000000000000000e+00,8.276380615234375000e+02,8.276376342773437500e+02,8.276376342773437500e+02,8.276380615234375000e+02,-1.006701577500521183e+09
1.171999999999999931e+00,-8.612743061071100215e+01,4.273339437810761154e+01,-3.059371470918527791e+01,1.434708780152504914e-04,1.297752428683907056e-04,3.127898214216884298e-06,1.060720682144165039e-01,2.438741207122802734e+00,-2.585056304931640625e+00,-8.880763827240380215e-02,-8.003343550014500873e-02,-3.643943647265404651e-02,-8.621623824898340160e+01,4.265336094260746336e+01,-3.063015414565793293e+01,0.000000000000000000e+00,0.000000000000000000e+00,0.000000000000000000e+00,0.000000000000000000e+00,8.276380615234375000e+02,8.276375732421875000e+02,8.276375732421875000e+02,8.276380615234375000e+02,-1.006711757553199530e+09
1.173000000000000043e+00,-8.612728727299804632e+01,4.273352409303714694e+01,-3.059371190163725274e+01,1.433377129558266461e-04,1.297149295353960952e-04,2.807548025174355644e-06,1.060805022716522217e-01,2.438774824142456055e+00,-2.585086107254028320e+00,-8.895097598535217642e-02,-8.016315042968162607e-02,-3.644224402067956087e-02,-8.621623824898340160e+01,4.265336094260746336e+01,-3.063015414565793293e+01,0.000000000000000000e+00,0.000000000000000000e+00,0.000000000000000000e+00,0.000000000000000000e+00,8.276381225585937500e+02,8.276375122070312500e+02,8.276375122070312500e+02,8.276381225585937500e+02,-1.006721937592101812e+09
1.173999999999999932e+00,-8.612714406179019022e+01,4.273365376100226598e+01,-3.059370940444861020e+01,1.432112078560976443e-04,1.296679651190402183e-04,2.497188642536229963e-06,1.060891747474670410e-01,2.438809394836425781e+00,-2.585116863250732422e+00,-8.909418719320703894e-02,-8.029281839480088834e-02,-3.644474120932142402e-02,-8.621623824898340160e+01,4.265336094260746336e+01,-3.063015414565793293e+01,0.000000000000000000e+00,0.000000000000000000e+00,0.000000000000000000e+00,0.000000000000000000e+00,8.276381835937500000e+02,8.276375122070312500e+02,8.276375122070312500e+02,8.276381835937500000e+02,-1.006732117617264986e+09
1.175000000000000044e+00,-8.612700097041860658e+01,4.273378338200651427e+01,-3.059370721428837570e+01,1.430913715836368283e-04,1.296210042482925928e-04,2.190160234505356129e-06,1.060973703861236572e-01,2.438842058181762695e+00,-2.585144996643066406e+00,-8.923727856480118126e-02,-8.042243939905387162e-02,-3.644693136955737961e-02,-8.621623824898340160e+01,4.265336094260746336e+01,-3.063015414565793293e+01,0.000000000000000000e+00,0.000000000000000000e+00,0.000000000000000000e+00,0.000000000000000000e+00,8.276382446289062500e+02,8.276374511718750000e+02,8.276374511718750000e+02,8.276382446289062500e+02,-1.006742297628724337e+09
1.175999999999999934e+00,-8.612685798554902306e+01,4.273391295606080575e+01,-3.059370532116017571e+01,1.429848695835289618e-04,1.295740542914813886e-04,1.893128199981219950e-06,1.061059832572937012e-01,2.438877105712890625e+00,-2.585175752639770508e+00,-8.938026343438196242e-02,-8.055201345334021823e-02,-3.644882449775825595e-02,-8.621623824898340160e+01,4.265336094260746336e+01,-3.063015414565793293e+01,0.000000000000000000e+00,0.000000000000000000e+00,0.000000000000000000e+00,0.000000000000000000e+00,8.276382446289062500e+02,8.276373901367187500e+02,8.276373901367187500e+02,8.276382446289062500e+02,-1.006752477626512647e+09
1.177000000000000046e+00,-8.612671509385640434e+01,4.273404248985400500e+01,-3.059370370506773895e+01,1.428916926187184799e-04,1.295337931992435188e-04,1.616092436762528450e-06,1.061143875122070312e-01,2.438910007476806641e+00,-2.585205554962158203e+00,-8.952315512699854372e-02,-8.068154724654012788e-02,-3.645044059019380417e-02,-8.621623824898340160e+01,4.265336094260746336e+01,-3.063015414565793293e+01,0.000000000000000000e+00,0.000000000000000000e+00,0.000000000000000000e+00,0.000000000000000000e+00,8.276383056640625000e+02,8.276373901367187500e+02,8.276373901367187500e+02,8.276383056640625000e+02,-1.006762657610659480e+09
1.177999999999999936e+00,-8.612657228867861647e+01,4.273417199673264122e+01,-3.059370235935562476e+01,1.428051777878636130e-04,1.295068786362207902e-04,1.345712114186881081e-06,1.061226427555084229e-01,2.438943862915039062e+00,-2.585234880447387695e+00,-8.966596030478525547e-02,-8.081105412517836095e-02,-3.645178630230652000e-02,-8.621623824898340160e+01,4.265336094260746336e+01,-3.063015414565793293e+01,0.000000000000000000e+00,0.000000000000000000e+00,0.000000000000000000e+00,0.000000000000000000e+00,8.276383056640625000e+02,8.276373291015625000e+02,8.276373291015625000e+02,8.276383056640625000e+02,-1.006772837581193924e+09
1.179000000000000048e+00,-8.612642955669123523e+01,4.273430147005075952e+01,-3.059370125734719892e+01,1.427319873812393780e-04,1.294733181183005399e-04,1.102008425846179307e-06,1.061311662197113037e-01,2.438977241516113281e+00,-2.585265159606933594e+00,-8.980869229216638383e-02,-8.094052744329953419e-02,-3.645288831073358049e-02,-8.621623824898340160e+01,4.265336094260746336e+01,-3.063015414565793293e+01,0.000000000000000000e+00,0.000000000000000000e+00,0.000000000000000000e+00,0.000000000000000000e+00,8.276383666992187500e+02,8.276373291015625000e+02,8.276373291015625000e+02,8.276383666992187500e+02,-1.006783017538140893e+09
1.179999999999999938e+00,-8.612628689123485515e+01,4.273443091649016168e+01,-3.059370038571181283e+01,1.426654563800866526e-04,1.294464394021588305e-04,8.716353860904746398e-07,1.061393022537231445e-01,2.439010143280029297e+00,-2.585293292999267578e+00,-8.995135774854111366e-02,-8.106997388270115179e-02,-3.645375994611853993e-02,-8.621623824898340160e+01,4.265336094260746336e+01,-3.063015414565793293e+01,0.000000000000000000e+00,0.000000000000000000e+00,0.000000000000000000e+00,0.000000000000000000e+00,8.276383666992187500e+02,8.276372680664062500e+02,8.276372680664062500e+02,8.276383666992187500e+02,-1.006793197481523633e+09
1.181000000000000050e+00,-8.612614426564900327e+01,4.273456034941706605e+01,-3.059369972113313807e+01,1.426255858518743480e-04,1.294329269043714703e-04,6.645786747583315446e-07,1.061476767063140869e-01,2.439043760299682617e+00,-2.585323095321655273e+00,-9.009398333440299389e-02,-8.119940680960302526e-02,-3.645442452479379092e-02,-8.621623824898340160e+01,4.265336094260746336e+01,-3.063015414565793293e+01,0.000000000000000000e+00,0.000000000000000000e+00,0.000000000000000000e+00,0.000000000000000000e+00,8.276384277343750000e+02,8.276372680664062500e+02,8.276372680664062500e+02,8.276384277343750000e+02,-1.006803377411360502e+09
1.181999999999999940e+00,-8.612600167994503408e+01,4.273468976217635173e+01,-3.059369924359540960e+01,1.425857039691891259e-04,1.294127592856852971e-04,4.775377284715887072e-07,1.061560809612274170e-01,2.439077377319335938e+00,-2.585353136062622070e+00,-9.023656903836857479e-02,-8.132881956888503294e-02,-3.645490206252275517e-02,-8.621623824898340160e+01,4.265336094260746336e+01,-3.063015414565793293e+01,0.000000000000000000e+00,0.000000000000000000e+00,0.000000000000000000e+00,0.000000000000000000e+00,8.276384277343750000e+02,8.276372680664062500e+02,8.276372680664062500e+02,8.276384277343750000e+02,-1.006813557327668428e+09
1.183000000000000052e+00,-8.612585911413277984e+01,4.273481916813232573e+01,-3.059369892977776217e+01,1.425658122542472483e-04,1.294059559739935139e-04,3.138176474237752700e-07,1.061645150184631348e-01,2.439110755920410156e+00,-2.585383176803588867e+00,-9.037913485061470353e-02,-8.145822552486342571e-02,-3.645521588016942954e-02,-8.621623824898340160e+01,4.265336094260746336e+01,-3.063015414565793293e+01,0.000000000000000000e+00,0.000000000000000000e+00,0.000000000000000000e+00,0.000000000000000000e+00,8.276384277343750000e+02,8.276372070312500000e+02,8.276372070312500000e+02,8.276384277343750000e+02,-1.006823737230460048e+09
1.183999999999999941e+00,-8.612571656156505640e+01,4.273494857398034696e+01,-3.059369874967462266e+01,1.425525677234418254e-04,1.294058480212356699e-04,1.801031395132213220e-07,1.061726808547973633e-01,2.439143180847167969e+00,-2.585411548614501953e+00,-9.052168741834133725e-02,-8.158763137288109479e-02,-3.645539598331140607e-02,-8.621623824898340160e+01,4.265336094260746336e+01,-3.063015414565793293e+01,0.000000000000000000e+00,0.000000000000000000e+00,0.000000000000000000e+00,0.000000000000000000e+00,8.276384277343750000e+02,8.276372070312500000e+02,8.276372070312500000e+02,8.276384277343750000e+02,-1.006833917119746089e+09
1.185000000000000053e+00,-8.612557400224768855e+01,4.273507797974475864e+01,-3.059369867995481584e+01,1.425593173678407766e-04,1.294057644116719530e-04,6.971980681669265323e-08,1.061809062957763672e-01,2.439177036285400391e+00,-2.585439920425415039e+00,-9.066424673571431281e-02,-8.171703713729384921e-02,-3.645546570311564150e-02,-8.621623824898340160e+01,4.265336094260746336e+01,-3.063015414565793293e+01,0.000000000000000000e+00,0.000000000000000000e+00,0.000000000000000000e+00,0.000000000000000000e+00,8.276384277343750000e+02,8.276372070312500000e+02,8.276372070312500000e+02,8.276384277343750000e+02,-1.006844096995532155e+09
1.185999999999999943e+00,-8.612543142286121167e+01,4.273520739212066388e+01,-3.059369869395273867e+01,1.425793864768820640e-04,1.294123759052467904e-04,-1.399792282086309569e-08,1.061894297599792480e-01,2.439210653305053711e+00,-2.585469961166381836e+00,-9.080682612218490823e-02,-8.184644951320116379e-02,-3.645545170519573497e-02,-8.621623824898340160e+01,4.265336094260746336e+01,-3.063015414565793293e+01,0.000000000000000000e+00,0.000000000000000000e+00,0.000000000000000000e+00,0.000000000000000000e+00,8.276384277343750000e+02,8.276372070312500000e+02,8.276372070312500000e+02,8.276384277343750000e+02,-1.006854276857820630e+09
1.187000000000000055e+00,-8.612528881008631743e+01,4.273533681780330085e+01,-3.059369876500285912e+01,1.426127748942462858e-04,1.294256826369633018e-04,-7.105012045371950080e-08,1.061971187591552734e-01,2.439240694046020508e+00,-2.585497140884399414e+00,-9.094943889708446971e-02,-8.197587519583550419e-02,-3.645538065507221426e-02,-8.621623824898340160e+01,4.265336094260746336e+01,-3.063015414565793293e+01,0.000000000000000000e+00,0.000000000000000000e+00,0.000000000000000000e+00,0.000000000000000000e+00,8.276384277343750000e+02,8.276372070312500000e+02,8.276372070312500000e+02,8.276384277343750000e+02,-1.006864456706610322e+09
1.187999999999999945e+00,-8.612514615060617018e+01,4.273546626349067878e+01,-3.059369886310470577e+01,1.426594801472447216e-04,1.294456873779381567e-04,-9.810184664615917427e-08,1.062062978744506836e-01,2.439277648925781250e+00,-2.585529804229736328e+00,-9.109209837723572512e-02,-8.210532088321402522e-02,-3.645528255322791344e-02,-8.621623824898340160e+01,4.265336094260746336e+01,-3.063015414565793293e+01,0.000000000000000000e+00,0.000000000000000000e+00,0.000000000000000000e+00,0.000000000000000000e+00,8.276384277343750000e+02,8.276372070312500000e+02,8.276372070312500000e+02,8.276384277343750000e+02,-1.006874636541896582e+09
1.189000000000000057e+00,-8.612500343110168899e+01,4.273559573587831295e+01,-3.059369896159293489e+01,1.427195044811924163e-04,1.294723876341663527e-04,-9.848822912772448035e-08,1.062139570713043213e-01,2.439309120178222656e+00,-2.585556983947753906e+00,-9.123481788171890206e-02,-8.223479327084751156e-02,-3.645518406499716896e-02,-8.621623824898340160e+01,4.265336094260746336e+01,-3.063015414565793293e+01,0.000000000000000000e+00,0.000000000000000000e+00,0.000000000000000000e+00,0.000000000000000000e+00,8.276384277343750000e+02,8.276372680664062500e+02,8.276372680664062500e+02,8.276384277343750000e+02,-1.006884816363671660e+09
1.189999999999999947e+00,-8.612486065037029448e+01,4.273572522341459745e+01,-3.059369903262864554e+01,1.427807313945095302e-04,1.294875362845004929e-04,-7.103571064703828597e-08,1.062229275703430176e-01,2.439344644546508789e+00,-2.585588693618774414e+00,-9.137759861311325893e-02,-8.236428080713116551e-02,-3.645511302928827746e-02,-8.621623824898340160e+01,4.265336094260746336e+01,-3.063015414565793293e+01,0.000000000000000000e+00,0.000000000000000000e+00,0.000000000000000000e+00,0.000000000000000000e+00,8.276384277343750000e+02,8.276372680664062500e+02,8.276372680664062500e+02,8.276384277343750000e+02,-1.006894996171924591e+09
1.191000000000000059e+00,-8.612471777753719948e+01,4.273585475594240535e+01,-3.059369904854350608e+01,1.428728330949979863e-04,1.295325278078962583e-04,-1.591486054053348198e-08,1.062306761741638184e-01,2.439375877380371094e+00,-2.585616111755371094e+00,-9.152047144620158170e-02,-8.249381333494477941e-02,-3.645509711442832673e-02,-8.621623824898340160e+01,4.265336094260746336e+01,-3.063015414565793293e+01,0.000000000000000000e+00,0.000000000000000000e+00,0.000000000000000000e+00,0.000000000000000000e+00,8.276383666992187500e+02,8.276372680664062500e+02,8.276372680664062500e+02,8.276383666992187500e+02,-1.006905175966640115e+09
1.191999999999999948e+00,-8.612457481139608717e+01,4.273598432859091645e+01,-3.059369897816901585e+01,1.429661411123106518e-04,1.295726485111003967e-04,7.037449023528097314e-08,1.062394380569458008e-01,2.439410924911499023e+00,-2.585646629333496094e+00,-9.166343758731369806e-02,-8.262338598345224383e-02,-3.645516748891809017e-02,-8.621623824898340160e+01,4.265336094260746336e+01,-3.063015414565793293e+01,0.000000000000000000e+00,0.000000000000000000e+00,0.000000000000000000e+00,0.000000000000000000e+00,8.276383666992187500e+02,8.276373291015625000e+02,8.276373291015625000e+02,8.276383666992187500e+02,-1.006915355747800231e+09
1.193000000000000060e+00,-8.612443174529397538e+01,4.273611394138127650e+01,-3.059369879816506810e+01,1.430661021117884957e-04,1.296127903600563513e-04,1.800039477473092120e-07,1.062478125095367432e-01,2.439444541931152344e+00,-2.585676670074462891e+00,-9.180650368942597228e-02,-8.275299877381457614e-02,-3.645534749286384602e-02,-8.621623824898340160e+01,4.265336094260746336e+01,-3.063015414565793293e+01,0.000000000000000000e+00,0.000000000000000000e+00,0.000000000000000000e+00,0.000000000000000000e+00,8.276383056640625000e+02,8.276373291015625000e+02,8.276373291015625000e+02,8.276383056640625000e+02,-1.006925535515384674e+09
1.193999999999999950e+00,-8.612428855924227378e+01,4.273624360101181452e+01,-3.059369848187152741e+01,1.431860517016048107e-04,1.296596305380148806e-04,3.162935406919586967e-07,1.062561869621276855e-01,2.439477205276489258e+00,-2.585706233978271484e+00,-9.194968974112308069e-02,-8.288265840434785869e-02,-3.645566378640414940e-02,-8.621623824898340160e+01,4.265336094260746336e+01,-3.063015414565793293e+01,0.000000000000000000e+00,0.000000000000000000e+00,0.000000000000000000e+00,0.000000000000000000e+00,8.276383056640625000e+02,8.276373901367187500e+02,8.276373901367187500e+02,8.276383056640625000e+02,-1.006935715269368410e+09
1.195000000000000062e+00,-8.612414525326288128e+01,4.273637331417458540e+01,-3.059369800261388761e+01,1.433059793924940095e-04,1.297131627708836277e-04,4.792576397960601753e-07,1.062643229961395264e-01,2.439510345458984375e+00,-2.585735321044921875e+00,-9.209299572051575511e-02,-8.301237156712507059e-02,-3.645614304404452138e-02,-8.621623824898340160e+01,4.265336094260746336e+01,-3.063015414565793293e+01,0.000000000000000000e+00,0.000000000000000000e+00,0.000000000000000000e+00,0.000000000000000000e+00,8.276382446289062500e+02,8.276373901367187500e+02,8.276373901367187500e+02,8.276382446289062500e+02,-1.006945895009725451e+09
1.195999999999999952e+00,-8.612400181402851729e+01,4.273650307422047945e+01,-3.059369734038673272e+01,1.434392343639956380e-04,1.297600458940451063e-04,6.622271548906155658e-07,1.062729060649871826e-01,2.439544916152954102e+00,-2.585765838623046875e+00,-9.223643495488795252e-02,-8.314213161301672872e-02,-3.645680527119946057e-02,-8.621623824898340160e+01,4.265336094260746336e+01,-3.063015414565793293e+01,0.000000000000000000e+00,0.000000000000000000e+00,0.000000000000000000e+00,0.000000000000000000e+00,8.276381835937500000e+02,8.276374511718750000e+02,8.276374511718750000e+02,8.276381835937500000e+02,-1.006956074736425996e+09
1.197000000000000064e+00,-8.612385823489326242e+01,4.273663289451403813e+01,-3.059369646852583813e+01,1.435791352548676514e-04,1.298202935586800777e-04,8.718608945912365016e-07,1.062809228897094727e-01,2.439577102661132812e+00,-2.585793733596801758e+00,-9.238001409013857357e-02,-8.327195190657568635e-02,-3.645767713209459998e-02,-8.621623824898340160e+01,4.265336094260746336e+01,-3.063015414565793293e+01,0.000000000000000000e+00,0.000000000000000000e+00,0.000000000000000000e+00,0.000000000000000000e+00,8.276381835937500000e+02,8.276375122070312500e+02,8.276375122070312500e+02,8.276381835937500000e+02,-1.006966254449437976e+09
1.197999999999999954e+00,-8.612371450920228710e+01,4.273676277507434662e+01,-3.059369536702642378e+01,1.437256909753159562e-04,1.298805603084929317e-04,1.101499414346562844e-06,1.062897741794586182e-01,2.439612150192260742e+00,-2.585824966430664062e+00,-9.252373978111884389e-02,-8.340183246688466501e-02,-3.645877863150975146e-02,-8.621623824898340160e+01,4.265336094260746336e+01,-3.063015414565793293e+01,0.000000000000000000e+00,0.000000000000000000e+00,0.000000000000000000e+00,0.000000000000000000e+00,8.276381225585937500e+02,8.276375732421875000e+02,8.276375732421875000e+02,8.276381225585937500e+02,-1.006976434148727536e+09
1.199000000000000066e+00,-8.612357063696849480e+01,4.273689271591576500e+01,-3.059369401921393461e+01,1.438722337923081795e-04,1.299408414183744753e-04,1.347812489171928974e-06,1.062977910041809082e-01,2.439644575119018555e+00,-2.585853338241577148e+00,-9.266761201490099353e-02,-8.353177330830489911e-02,-3.646012644399943686e-02,-8.621623824898340160e+01,4.265336094260746336e+01,-3.063015414565793293e+01,0.000000000000000000e+00,0.000000000000000000e+00,0.000000000000000000e+00,0.000000000000000000e+00,8.276380615234375000e+02,8.276375732421875000e+02,8.276375732421875000e+02,8.276380615234375000e+02,-1.006986613834259510e+09
1.199999999999999956e+00,-8.612342661153479639e+01,4.273702271705487021e+01,-3.059369240841868276e+01,1.440254336984025940e-04,1.300011391052180443e-04,1.610795251849594933e-06,1.063064038753509521e-01,2.439679384231567383e+00,-2.585884094238281250e+00,-9.281163744859906306e-02,-8.366177444740953428e-02,-3.646173723924993337e-02,-8.621623824898340160e+01,4.265336094260746336e+01,-3.063015414565793293e+01,0.000000000000000000e+00,0.000000000000000000e+00,0.000000000000000000e+00,0.000000000000000000e+00,8.276380004882812500e+02,8.276376342773437500e+02,8.276376342773437500e+02,8.276380004882812500e+02,-1.006996793505996704e+09
1.201000000000000068e+00,-8.612328243291426588e+01,4.273715277850619287e+01,-3.059369051796614158e+01,1.441786205305106705e-04,1.300614513226605595e-04,1.890452541175591250e-06,1.063145399093627930e-01,2.439711093902587891e+00,-2.585912704467773438e+00,-9.295581606913266848e-02,-8.379183589873158422e-02,-3.646362769179262858e-02,-8.621623824898340160e+01,4.265336094260746336e+01,-3.063015414565793293e+01,0.000000000000000000e+00,0.000000000000000000e+00,0.000000000000000000e+00,0.000000000000000000e+00,8.276379394531250000e+02,8.276376953125000000e+02,8.276376953125000000e+02,8.276379394531250000e+02,-1.007006973163900852e+09
1.201999999999999957e+00,-8.612313809445204527e+01,4.273728290695658671e+01,-3.059368833119207309e+01,1.443384622206167478e-04,1.301284503938404669e-04,2.186774068491104117e-06,1.063232421875000000e-01,2.439746379852294922e+00,-2.585942983627319336e+00,-9.310015453135241092e-02,-8.392196434912624348e-02,-3.646581446586099479e-02,-8.621623824898340160e+01,4.265336094260746336e+01,-3.063015414565793293e+01,0.000000000000000000e+00,0.000000000000000000e+00,0.000000000000000000e+00,0.000000000000000000e+00,8.276379394531250000e+02,8.276377563476562500e+02,8.276377563476562500e+02,8.276379394531250000e+02,-1.007017152807932138e+09
1.203000000000000069e+00,-8.612299359615192884e+01,4.273741309574251090e+01,-3.059368584142173830e+01,1.444983001164246161e-04,1.301887859241901424e-04,2.489770334790364359e-06,1.063313484191894531e-01,2.439778804779052734e+00,-2.585972309112548828e+00,-9.324465283147152783e-02,-8.405215313504649233e-02,-3.646830423619472350e-02,-8.621623824898340160e+01,4.265336094260746336e+01,-3.063015414565793293e+01,0.000000000000000000e+00,0.000000000000000000e+00,0.000000000000000000e+00,0.000000000000000000e+00,8.276378784179687500e+02,8.276378173828125000e+02,8.276378173828125000e+02,8.276378784179687500e+02,-1.007027332438049555e+09
1.203999999999999959e+00,-8.612284894469452468e+01,4.273754335154125528e+01,-3.059368303865127459e+01,1.446514574041657397e-04,1.302557987443719867e-04,2.802770463716797167e-06,1.063400208950042725e-01,2.439814329147338867e+00,-2.586003065109252930e+00,-9.338930428888314594e-02,-8.418240893379226597e-02,-3.647110700665782274e-02,-8.621623824898340160e+01,4.265336094260746336e+01,-3.063015414565793293e+01,0.000000000000000000e+00,0.000000000000000000e+00,0.000000000000000000e+00,0.000000000000000000e+00,8.276378173828125000e+02,8.276378784179687500e+02,8.276378784179687500e+02,8.276378173828125000e+02,-1.007037512054213524e+09
1.205000000000000071e+00,-8.612270413341110498e+01,4.273767366768876741e+01,-3.059367991954586685e+01,1.448112834196990661e-04,1.303161475121328294e-04,3.119105407733968605e-06,1.063484847545623779e-01,2.439847469329833984e+00,-2.586032390594482422e+00,-9.353411557229779349e-02,-8.431272508130514820e-02,-3.647422611206740245e-02,-8.621623824898340160e+01,4.265336094260746336e+01,-3.063015414565793293e+01,0.000000000000000000e+00,0.000000000000000000e+00,0.000000000000000000e+00,0.000000000000000000e+00,8.276377563476562500e+02,8.276378784179687500e+02,8.276378784179687500e+02,8.276377563476562500e+02,-1.007047691656382322e+09
1.205999999999999961e+00,-8.612255917565248353e+01,4.273780405086030498e+01,-3.059367647409673552e+01,1.449577586214445546e-04,1.303831715375736167e-04,3.445449131334044068e-06,1.063570082187652588e-01,2.439881563186645508e+00,-2.586062669754028320e+00,-9.367907333091964051e-02,-8.444310825283839195e-02,-3.647767156119848669e-02,-8.621623824898340160e+01,4.265336094260746336e+01,-3.063015414565793293e+01,0.000000000000000000e+00,0.000000000000000000e+00,0.000000000000000000e+00,0.000000000000000000e+00,8.276376953125000000e+02,8.276379394531250000e+02,8.276379394531250000e+02,8.276376953125000000e+02,-1.007057871244516611e+09
1.207000000000000073e+00,-8.612241407141061700e+01,4.273793448771142778e+01,-3.059367270896382962e+01,1.451042418665338118e-04,1.304368511227949057e-04,3.765132905897417004e-06,1.063657701015472412e-01,2.439916610717773438e+00,-2.586093425750732422e+00,-9.382417757277891623e-02,-8.457354510396623837e-02,-3.648143669410319062e-02,-8.621623824898340160e+01,4.265336094260746336e+01,-3.063015414565793293e+01,0.000000000000000000e+00,0.000000000000000000e+00,0.000000000000000000e+00,0.000000000000000000e+00,8.276376342773437500e+02,8.276380004882812500e+02,8.276380004882812500e+02,8.276376342773437500e+02,-1.007068050818576097e+09
1.207999999999999963e+00,-8.612226882069154499e+01,4.273806497824885753e+01,-3.059366861747773925e+01,1.452507190720098151e-04,1.304905374297504750e-04,4.091486090374019113e-06,1.063738465309143066e-01,2.439949035644531250e+00,-2.586122512817382812e+00,-9.396942829185617185e-02,-8.470403564139315777e-02,-3.648552818019226707e-02,-8.621623824898340160e+01,4.265336094260746336e+01,-3.063015414565793293e+01,0.000000000000000000e+00,0.000000000000000000e+00,0.000000000000000000e+00,0.000000000000000000e+00,8.276376342773437500e+02,8.276380615234375000e+02,8.276380615234375000e+02,8.276375732421875000e+02,-1.007078230378520489e+09
1.209000000000000075e+00,-8.612212343683377469e+01,4.273819552913421660e+01,-3.059366420630487937e+01,1.453838577702981638e-04,1.305508853590708895e-04,4.411172859875023278e-06,1.063826978206634521e-01,2.439985036849975586e+00,-2.586153507232666016e+00,-9.411481214962433284e-02,-8.483458652675375522e-02,-3.648993935305345354e-02,-8.621623824898340160e+01,4.265336094260746336e+01,-3.063015414565793293e+01,0.000000000000000000e+00,0.000000000000000000e+00,0.000000000000000000e+00,0.000000000000000000e+00,8.276375732421875000e+02,8.276381225585937500e+02,8.276381225585937500e+02,8.276375732421875000e+02,-1.007088409924312472e+09
1.209999999999999964e+00,-8.612197792650147221e+01,4.273832613369102518e+01,-3.059365948210561115e+01,1.455103323024786732e-04,1.306045568085778541e-04,4.724199268224538173e-06,1.063908636569976807e-01,2.440017700195312500e+00,-2.586182355880737305e+00,-9.426032248192718621e-02,-8.496519108355829464e-02,-3.649466355232094256e-02,-8.621623824898340160e+01,4.265336094260746336e+01,-3.063015414565793293e+01,0.000000000000000000e+00,0.000000000000000000e+00,0.000000000000000000e+00,0.000000000000000000e+00,8.276375122070312500e+02,8.276381835937500000e+02,8.276381835937500000e+02,8.276375122070312500e+02,-1.007098589455915689e+09
1.211000000000000076e+00,-8.612183229635664361e+01,4.273845677857264036e+01,-3.059365445153474994e+01,1.456301448286012601e-04,1.306448816151828396e-04,5.030570861208616407e-06,1.063999831676483154e-01,2.440053939819335938e+00,-2.586214780807495117e+00,-9.440595262675111066e-02,-8.509583596517443504e-02,-3.649969412318318507e-02,-8.621623824898340160e+01,4.265336094260746336e+01,-3.063015414565793293e+01,0.000000000000000000e+00,0.000000000000000000e+00,0.000000000000000000e+00,0.000000000000000000e+00,8.276374511718750000e+02,8.276381835937500000e+02,8.276381835937500000e+02,8.276374511718750000e+02,-1.007108768973294258e+09
1.211999999999999966e+00,-8.612168655306267340e+01,4.273858747043722417e+01,-3.059364912793361313e+01,1.457432939702130170e-04,1.306918645838095472e-04,5.323601136808520096e-06,1.064079105854034424e-01,2.440085649490356445e+00,-2.586241722106933594e+00,-9.455169592073525697e-02,-8.522652782976014585e-02,-3.650501772431872377e-02,-8.621623824898340160e+01,4.265336094260746336e+01,-3.063015414565793293e+01,0.000000000000000000e+00,0.000000000000000000e+00,0.000000000000000000e+00,0.000000000000000000e+00,8.276374511718750000e+02,8.276382446289062500e+02,8.276382446289062500e+02,8.276374511718750000e+02,-1.007118948476414919e+09
1.213000000000000078e+00,-8.612154071662591548e+01,4.273871820927401188e+01,-3.059364351795797887e+01,1.458364367579179088e-04,1.307388367877138080e-04,5.609975634257580168e-06,1.064170598983764648e-01,2.440122127532958984e+00,-2.586274623870849609e+00,-9.469753235748638864e-02,-8.535726666655155115e-02,-3.651062769995393892e-02,-8.621623824898340160e+01,4.265336094260746336e+01,-3.063015414565793293e+01,0.000000000000000000e+00,0.000000000000000000e+00,0.000000000000000000e+00,0.000000000000000000e+00,8.276373901367187500e+02,8.276383056640625000e+02,8.276383056640625000e+02,8.276373901367187500e+02,-1.007129127965248227e+09
1.213999999999999968e+00,-8.612139478702363249e+01,4.273884897505446645e+01,-3.059363764493717852e+01,1.459296022829903450e-04,1.307657804545669933e-04,5.873020800351014259e-06,1.064254641532897949e-01,2.440155744552612305e+00,-2.586304426193237305e+00,-9.484346195977209903e-02,-8.548803244700273196e-02,-3.651650072075333930e-02,-8.621623824898340160e+01,4.265336094260746336e+01,-3.063015414565793293e+01,0.000000000000000000e+00,0.000000000000000000e+00,0.000000000000000000e+00,0.000000000000000000e+00,8.276373291015625000e+02,8.276383056640625000e+02,8.276383056640625000e+02,8.276373291015625000e+02,-1.007139307439764261e+09
1.215000000000000080e+00,-8.612124878426170937e+01,4.273897977443502327e+01,-3.059363151886737953e+01,1.460027619231141216e-04,1.307993805568230528e-04,6.126069798995104065e-06,1.064339280128479004e-01,2.440189361572265625e+00,-2.586333751678466797e+00,-9.498946472169522703e-02,-8.561883182755995747e-02,-3.652262679055313932e-02,-8.621623824898340160e+01,4.265336094260746336e+01,-3.063015414565793293e+01,0.000000000000000000e+00,0.000000000000000000e+00,0.000000000000000000e+00,0.000000000000000000e+00,8.276373291015625000e+02,8.276383666992187500e+02,8.276383666992187500e+02,8.276373291015625000e+02,-1.007149486899938107e+09
1.215999999999999970e+00,-8.612110271499155090e+01,4.273911060072504142e+01,-3.059362516308382141e+01,1.460692701584775932e-04,1.308262900181489385e-04,6.355783558120720045e-06,1.064428985118865967e-01,2.440225362777709961e+00,-2.586365461349487305e+00,-9.513553399184659920e-02,-8.574965811757820355e-02,-3.652898257411123922e-02,-8.621623824898340160e+01,4.265336094260746336e+01,-3.063015414565793293e+01,0.000000000000000000e+00,0.000000000000000000e+00,0.000000000000000000e+00,0.000000000000000000e+00,8.276372680664062500e+02,8.276383666992187500e+02,8.276383666992187500e+02,8.276372680664062500e+02,-1.007159666345746517e+09
1.217000000000000082e+00,-8.612095659253959923e+01,4.273924144723716978e+01,-3.059361859424657482e+01,1.461224519516690634e-04,1.308465121283575172e-04,6.568837246589964707e-06,1.064510643482208252e-01,2.440258264541625977e+00,-2.586394548416137695e+00,-9.528165644380823252e-02,-8.588050462970954479e-02,-3.653555141135772510e-02,-8.621623824898340160e+01,4.265336094260746336e+01,-3.063015414565793293e+01,0.000000000000000000e+00,0.000000000000000000e+00,0.000000000000000000e+00,0.000000000000000000e+00,8.276372680664062500e+02,8.276383666992187500e+02,8.276383666992187500e+02,8.276372680664062500e+02,-1.007169845777169108e+09
1.217999999999999972e+00,-8.612081043689727267e+01,4.273937230727629100e+01,-3.059361183568072207e+01,1.461556423265619742e-04,1.308600391212166869e-04,6.758565852749143232e-06,1.064601242542266846e-01,2.440295219421386719e+00,-2.586427211761474609e+00,-9.542781208612471922e-02,-8.601136466883094189e-02,-3.654230997721092528e-02,-8.621623824898340160e+01,4.265336094260746336e+01,-3.063015414565793293e+01,0.000000000000000000e+00,0.000000000000000000e+00,0.000000000000000000e+00,0.000000000000000000e+00,8.276372680664062500e+02,8.276384277343750000e+02,8.276384277343750000e+02,8.276372680664062500e+02,-1.007180025194189787e+09
1.219000000000000083e+00,-8.612066425471782338e+01,4.273950318082152933e+01,-3.059360491072680333e+01,1.461821794492834670e-04,1.308735452383302800e-04,6.924953918741039161e-06,1.064682304859161377e-01,2.440326213836669922e+00,-2.586455106735229492e+00,-9.557399426557114386e-02,-8.614223821406864767e-02,-3.654923493113112348e-02,-8.621623824898340160e+01,4.265336094260746336e+01,-3.063015414565793293e+01,0.000000000000000000e+00,0.000000000000000000e+00,0.000000000000000000e+00,0.000000000000000000e+00,8.276372680664062500e+02,8.276384277343750000e+02,8.276384277343750000e+02,8.276372680664062500e+02,-1.007190204596795082e+09
1.219999999999999973e+00,-8.612051805264512438e+01,4.273963405450609798e+01,-3.059359784938430238e+01,1.462020726989976538e-04,1.308736845686553352e-04,7.061342500946921064e-06,1.064772009849548340e-01,2.440362930297851562e+00,-2.586487054824829102e+00,-9.572019633827941187e-02,-8.627311189863562380e-02,-3.655629627363125161e-02,-8.621623824898340160e+01,4.265336094260746336e+01,-3.063015414565793293e+01,0.000000000000000000e+00,0.000000000000000000e+00,0.000000000000000000e+00,0.000000000000000000e+00,8.276372070312500000e+02,8.276384277343750000e+02,8.276384277343750000e+02,8.276372070312500000e+02,-1.007200383984973192e+09
1.221000000000000085e+00,-8.612037186401764188e+01,4.273976492830590956e+01,-3.059359066830342755e+01,1.461886274825019427e-04,1.308737998115816481e-04,7.181080874829603999e-06,1.064859330654144287e-01,2.440396785736083984e+00,-2.586516857147216797e+00,-9.586638496575804191e-02,-8.640398569844301435e-02,-3.656347735450433956e-02,-8.621623824898340160e+01,4.265336094260746336e+01,-3.063015414565793293e+01,0.000000000000000000e+00,0.000000000000000000e+00,0.000000000000000000e+00,0.000000000000000000e+00,8.276372070312500000e+02,8.276384277343750000e+02,8.276384277343750000e+02,8.276372070312500000e+02,-1.007210563358719349e+09
1.221999999999999975e+00,-8.612022568786282761e+01,4.273989579036943098e+01,-3.059358340301825052e+01,1.461761548142703759e-04,1.308620635214197137e-04,7.265285177027180907e-06,1.064943671226501465e-01,2.440431833267211914e+00,-2.586547136306762695e+00,-9.601256112057331149e-02,-8.653484776196430917e-02,-3.657074263968158878e-02,-8.621623824898340160e+01,4.265336094260746336e+01,-3.063015414565793293e+01,0.000000000000000000e+00,0.000000000000000000e+00,0.000000000000000000e+00,0.000000000000000000e+00,8.276372070312500000e+02,8.276384277343750000e+02,8.276384277343750000e+02,8.276372070312500000e+02,-1.007220742718029499e+09
1.223000000000000087e+00,-8.612007953940111804e+01,4.274002665097037834e+01,-3.059357607582122540e+01,1.461484617095720751e-04,1.308606009473578524e-04,7.327197025119858154e-06,1.065031290054321289e-01,2.440466403961181641e+00,-2.586578607559204102e+00,-9.615870958228628362e-02,-8.666570836291734303e-02,-3.657806983670577189e-02,-8.621623824898340160e+01,4.265336094260746336e+01,-3.063015414565793293e+01,0.000000000000000000e+00,0.000000000000000000e+00,0.000000000000000000e+00,0.000000000000000000e+00,8.276372070312500000e+02,8.276384277343750000e+02,8.276384277343750000e+02,8.276372070312500000e+02,-1.007230922062904596e+09
1.223999999999999977e+00,-8.611993343099199194e+01,4.274015748492583811e+01,-3.059356871555446844e+01,1.461084091261000140e-04,1.308339554597637289e-04,7.360266756961664214e-06,1.065116226673126221e-01,2.440500736236572266e+00,-2.586607933044433594e+00,-9.630481799140742927e-02,-8.679654231837562184e-02,-3.658543010346470420e-02,-8.621623824898340160e+01,4.265336094260746336e+01,-3.063015414565793293e+01,0.000000000000000000e+00,0.000000000000000000e+00,0.000000000000000000e+00,0.000000000000000000e+00,8.276372680664062500e+02,8.276384277343750000e+02,8.276384277343750000e+02,8.276372680664062500e+02,-1.007241101393347263e+09
1.225000000000000089e+00,-8.611978738262993716e+01,4.274028830554727421e+01,-3.059356134889422307e+01,1.460483620547847750e-04,1.308206214361007369e-04,7.366660245367029347e-06,1.065205931663513184e-01,2.440536499023437500e+00,-2.586639404296875000e+00,-9.645086635347034643e-02,-8.692736293981236095e-02,-3.659279676370977979e-02,-8.621623824898340160e+01,4.265336094260746336e+01,-3.063015414565793293e+01,0.000000000000000000e+00,0.000000000000000000e+00,0.000000000000000000e+00,0.000000000000000000e+00,8.276372680664062500e+02,8.276384277343750000e+02,8.276384277343750000e+02,8.276372680664062500e+02,-1.007251280709366560e+09
1.225999999999999979e+00,-8.611964140095591347e+01,4.274041909279693385e+01,-3.059355400583381623e+01,1.459816740236874466e-04,1.307872496596473866e-04,7.343060406839185816e-06,1.065286099910736084e-01,2.440568447113037109e+00,-2.586667060852050781e+00,-9.659684802748562393e-02,-8.705815018946901074e-02,-3.660013982411770145e-02,-8.621623824898340160e+01,4.265336094260746336e+01,-3.063015414565793293e+01,0.000000000000000000e+00,0.000000000000000000e+00,0.000000000000000000e+00,0.000000000000000000e+00,8.276372680664062500e+02,8.276383666992187500e+02,8.276383666992187500e+02,8.276372680664062500e+02,-1.007261460010972500e+09
1.227000000000000091e+00,-8.611949549261714765e+01,4.274054984664722667e+01,-3.059354671638331524e+01,1.459083387658210995e-04,1.307538502928196067e-04,7.289450500991279114e-06,1.065376996994018555e-01,2.440603971481323242e+00,-2.586700201034545898e+00,-9.674275636625120911e-02,-8.718890403976074788e-02,-3.660742927461805435e-02,-8.621623824898340160e+01,4.265336094260746336e+01,-3.063015414565793293e+01,0.000000000000000000e+00,0.000000000000000000e+00,0.000000000000000000e+00,0.000000000000000000e+00,8.276372680664062500e+02,8.276383666992187500e+02,8.276383666992187500e+02,8.276372680664062500e+02,-1.007271639298178315e+09
1.227999999999999980e+00,-8.611934968427614479e+01,4.274068056706964569e+01,-3.059353950386740806e+01,1.458083410028621074e-04,1.307204224190172681e-04,7.212515907184524622e-06,1.065463125705718994e-01,2.440638303756713867e+00,-2.586729764938354492e+00,-9.688856470726354975e-02,-8.731962446218290153e-02,-3.661464179052383722e-02,-8.621623824898340160e+01,4.265336094260746336e+01,-3.063015414565793293e+01,0.000000000000000000e+00,0.000000000000000000e+00,0.000000000000000000e+00,0.000000000000000000e+00,8.276373291015625000e+02,8.276383666992187500e+02,8.276383666992187500e+02,8.276373291015625000e+02,-1.007281818571003079e+09
1.229000000000000092e+00,-8.611920397590759535e+01,4.274081124736835591e+01,-3.059353239829548698e+01,1.457083685494353631e-04,1.306802987102173574e-04,7.105571921073305930e-06,1.065546274185180664e-01,2.440671443939208984e+00,-2.586760044097900391e+00,-9.703427307580848871e-02,-8.745030476088982985e-02,-3.662174736244765832e-02,-8.621623824898340160e+01,4.265336094260746336e+01,-3.063015414565793293e+01,0.000000000000000000e+00,0.000000000000000000e+00,0.000000000000000000e+00,0.000000000000000000e+00,8.276373291015625000e+02,8.276383056640625000e+02,8.276383056640625000e+02,8.276373291015625000e+02,-1.007291997829467177e+09
1.229999999999999982e+00,-8.611905838083143294e+01,4.274094188084873025e+01,-3.059352542299659561e+01,1.455950761624080769e-04,1.306334803743425255e-04,6.975298891376269239e-06,1.065635085105895996e-01,2.440708160400390625e+00,-2.586791038513183594e+00,-9.717986815197549033e-02,-8.758093824126911286e-02,-3.662872266133854887e-02,-8.621623824898340160e+01,4.265336094260746336e+01,-3.063015414565793293e+01,0.000000000000000000e+00,0.000000000000000000e+00,0.000000000000000000e+00,0.000000000000000000e+00,8.276373901367187500e+02,8.276383056640625000e+02,8.276383056640625000e+02,8.276373901367187500e+02,-1.007302177073594332e+09
1.231000000000000094e+00,-8.611891290569221269e+01,4.274107246081251787e+01,-3.059351860797490730e+01,1.454751392202524585e-04,1.305799637876248198e-04,6.815021688311162507e-06,1.065718829631805420e-01,2.440741539001464844e+00,-2.586820840835571289e+00,-9.732534329118419647e-02,-8.771151820505690422e-02,-3.663553768302489633e-02,-8.621623824898340160e+01,4.265336094260746336e+01,-3.063015414565793293e+01,0.000000000000000000e+00,0.000000000000000000e+00,0.000000000000000000e+00,0.000000000000000000e+00,8.276373901367187500e+02,8.276382446289062500e+02,8.276382446289062500e+02,8.276373901367187500e+02,-1.007312356303410292e+09
1.231999999999999984e+00,-8.611876755714631315e+01,4.274120299391002931e+01,-3.059351197324070526e+01,1.453485458995373847e-04,1.305330975114316061e-04,6.634734202037861905e-06,1.065811216831207275e-01,2.440778017044067383e+00,-2.586853265762329102e+00,-9.747069183708521878e-02,-8.784205130256829419e-02,-3.664217241722788482e-02,-8.621623824898340160e+01,4.265336094260746336e+01,-3.063015414565793293e+01,0.000000000000000000e+00,0.000000000000000000e+00,0.000000000000000000e+00,0.000000000000000000e+00,8.276374511718750000e+02,8.276381835937500000e+02,8.276381835937500000e+02,8.276374511718750000e+02,-1.007322535518944025e+09
1.233000000000000096e+00,-8.611862234851118103e+01,4.274133346677616885e+01,-3.059350554211717466e+01,1.452086351321213442e-04,1.304728661395415656e-04,6.431123530603599647e-06,1.065888702869415283e-01,2.440808773040771484e+00,-2.586880445480346680e+00,-9.761590047221882505e-02,-8.797252416870791902e-02,-3.664860354075923782e-02,-8.621623824898340160e+01,4.265336094260746336e+01,-3.063015414565793293e+01,0.000000000000000000e+00,0.000000000000000000e+00,0.000000000000000000e+00,0.000000000000000000e+00,8.276375122070312500e+02,8.276381835937500000e+02,8.276381835937500000e+02,8.276375122070312500e+02,-1.007332714720227122e+09
1.233999999999999986e+00,-8.611847728644040956e+01,4.274146388605819169e+01,-3.059349933794955945e+01,1.450620707714733726e-04,1.304192820228422534e-04,6.204167615209144060e-06,1.065980792045593262e-01,2.440845489501953125e+00,-2.586913585662841797e+00,-9.776096254299120047e-02,-8.810294345072719469e-02,-3.665480770837521024e-02,-8.621623824898340160e+01,4.265336094260746336e+01,-3.063015414565793293e+01,0.000000000000000000e+00,0.000000000000000000e+00,0.000000000000000000e+00,0.000000000000000000e+00,8.276375732421875000e+02,8.276381225585937500e+02,8.276381225585937500e+02,8.276375732421875000e+02,-1.007342893907294154e+09
1.235000000000000098e+00,-8.611833237091613569e+01,4.274159423840072947e+01,-3.059349337740104602e+01,1.449155242738697780e-04,1.303523425377761669e-04,5.960548513428420847e-06,1.066063344478607178e-01,2.440878391265869141e+00,-2.586941480636596680e+00,-9.790587806726046283e-02,-8.823329579326925909e-02,-3.666076825688685537e-02,-8.621623824898340160e+01,4.265336094260746336e+01,-3.063015414565793293e+01,0.000000000000000000e+00,0.000000000000000000e+00,0.000000000000000000e+00,0.000000000000000000e+00,8.276375732421875000e+02,8.276380615234375000e+02,8.276380615234375000e+02,8.276375732421875000e+02,-1.007353073080179572e+09
1.235999999999999988e+00,-8.611818760859647170e+01,4.274172453712380104e+01,-3.059348768048748468e+01,1.447623196639824528e-04,1.302987230715757505e-04,5.696913561337169085e-06,1.066150367259979248e-01,2.440913677215576172e+00,-2.586972713470458984e+00,-9.805064038692924699e-02,-8.836359451634041851e-02,-3.666646517044850478e-02,-8.621623824898340160e+01,4.265336094260746336e+01,-3.063015414565793293e+01,0.000000000000000000e+00,0.000000000000000000e+00,0.000000000000000000e+00,0.000000000000000000e+00,8.276376342773437500e+02,8.276380004882812500e+02,8.276380004882812500e+02,8.276376342773437500e+02,-1.007363252238921404e+09
1.237000000000000099e+00,-8.611804299946338404e+01,4.274185476887186752e+01,-3.059348226387200498e+01,1.446091330876697612e-04,1.302317480664783034e-04,5.416615479703068559e-06,1.066236495971679688e-01,2.440947532653808594e+00,-2.587003231048583984e+00,-9.819524952001819351e-02,-8.849382626440514821e-02,-3.667188178592618170e-02,-8.621623824898340160e+01,4.265336094260746336e+01,-3.063015414565793293e+01,0.000000000000000000e+00,0.000000000000000000e+00,0.000000000000000000e+00,0.000000000000000000e+00,8.276376953125000000e+02,8.276379394531250000e+02,8.276380004882812500e+02,8.276376953125000000e+02,-1.007373431383557558e+09
1.237999999999999989e+00,-8.611789855017829609e+01,4.274198493363311258e+01,-3.059347713755385101e+01,1.444492850879441903e-04,1.301647612450551605e-04,5.126318153969577907e-06,1.066321134567260742e-01,2.440981149673461914e+00,-2.587032318115234375e+00,-9.833969880510538830e-02,-8.862399102565186870e-02,-3.667700810408209416e-02,-8.621623824898340160e+01,4.265336094260746336e+01,-3.063015414565793293e+01,0.000000000000000000e+00,0.000000000000000000e+00,0.000000000000000000e+00,0.000000000000000000e+00,8.276377563476562500e+02,8.276379394531250000e+02,8.276379394531250000e+02,8.276377563476562500e+02,-1.007383610514127731e+09
1.239000000000000101e+00,-8.611775425406401041e+01,4.274211504473731793e+01,-3.059347231488906260e+01,1.442961142856802326e-04,1.301111042053548772e-04,4.822664788406427760e-06,1.066406369209289551e-01,2.441015243530273438e+00,-2.587062835693359375e+00,-9.848399491939104078e-02,-8.875410212985145042e-02,-3.668183076886862015e-02,-8.621623824898340160e+01,4.265336094260746336e+01,-3.063015414565793293e+01,0.000000000000000000e+00,0.000000000000000000e+00,0.000000000000000000e+00,0.000000000000000000e+00,8.276378173828125000e+02,8.276378784179687500e+02,8.276378784179687500e+02,8.276378173828125000e+02,-1.007393789630672216e+09
1.239999999999999991e+00,-8.611761011777548447e+01,4.274224508216221352e+01,-3.059346780585971359e+01,1.441362885259422910e-04,1.300374248955904477e-04,4.509029349009097132e-06,1.066491901874542236e-01,2.441049814224243164e+00,-2.587092638015747070e+00,-9.862813120791816268e-02,-8.888413955475356343e-02,-3.668633979821919744e-02,-8.621623824898340160e+01,4.265336094260746336e+01,-3.063015414565793293e+01,0.000000000000000000e+00,0.000000000000000000e+00,0.000000000000000000e+00,0.000000000000000000e+00,8.276378784179687500e+02,8.276378173828125000e+02,8.276378173828125000e+02,8.276378784179687500e+02,-1.007403968733231664e+09
1.241000000000000103e+00,-8.611746614131330091e+01,4.274237505924396174e+01,-3.059346361381152590e+01,1.439764621835593061e-04,1.299770817482226448e-04,4.192048187690033956e-06,1.066575050354003906e-01,2.441082954406738281e+00,-2.587122440338134766e+00,-9.877210767010549675e-02,-8.901411663649923256e-02,-3.669053184640765769e-02,-8.621623824898340160e+01,4.265336094260746336e+01,-3.063015414565793293e+01,0.000000000000000000e+00,0.000000000000000000e+00,0.000000000000000000e+00,0.000000000000000000e+00,8.276378784179687500e+02,8.276377563476562500e+02,8.276377563476562500e+02,8.276378784179687500e+02,-1.007414147821847916e+09
1.241999999999999993e+00,-8.611732231132835125e+01,4.274250497597697773e+01,-3.059345974875927254e+01,1.438299849496615934e-04,1.299167330159889389e-04,3.865052253360090617e-06,1.066661775112152100e-01,2.441117763519287109e+00,-2.587152719497680664e+00,-9.891593765505589386e-02,-8.914403336951712276e-02,-3.669439689866026144e-02,-8.621623824898340160e+01,4.265336094260746336e+01,-3.063015414565793293e+01,0.000000000000000000e+00,0.000000000000000000e+00,0.000000000000000000e+00,0.000000000000000000e+00,8.276379394531250000e+02,8.276376953125000000e+02,8.276376953125000000e+02,8.276379394531250000e+02,-1.007424326896561027e+09
1.243000000000000105e+00,-8.611717863449223387e+01,4.274263483236076411e+01,-3.059345620736198512e+01,1.436768361173790254e-04,1.298563837863753179e-04,3.541397287420977591e-06,1.066744327545166016e-01,2.441150903701782227e+00,-2.587182521820068359e+00,-9.905961449116802708e-02,-8.927388975330377563e-02,-3.669793829594855672e-02,-8.621623824898340160e+01,4.265336094260746336e+01,-3.063015414565793293e+01,0.000000000000000000e+00,0.000000000000000000e+00,0.000000000000000000e+00,0.000000000000000000e+00,8.276380004882812500e+02,8.276376342773437500e+02,8.276376342773437500e+02,8.276380004882812500e+02,-1.007434505957412124e+09
1.243999999999999995e+00,-8.611703509746314467e+01,4.274276463506559054e+01,-3.059345299297014620e+01,1.435370290892024059e-04,1.298027048264316363e-04,3.214391838923802425e-06,1.066831350326538086e-01,2.441185474395751953e+00,-2.587212324142456055e+00,-9.920315152026350225e-02,-8.940369245813040155e-02,-3.670115268778674500e-02,-8.621623824898340160e+01,4.265336094260746336e+01,-3.063015414565793293e+01,0.000000000000000000e+00,0.000000000000000000e+00,0.000000000000000000e+00,0.000000000000000000e+00,8.276380615234375000e+02,8.276376342773437500e+02,8.276376342773437500e+02,8.276380615234375000e+02,-1.007444685004440784e+09
1.245000000000000107e+00,-8.611689169357030949e+01,4.274289437742514508e+01,-3.059345010224746275e+01,1.434038928351810682e-04,1.297423595545410535e-04,2.890722683446256269e-06,1.066914498805999756e-01,2.441218614578247070e+00,-2.587241172790527344e+00,-9.934655541309399263e-02,-8.953343481767911394e-02,-3.670404341047123209e-02,-8.621623824898340160e+01,4.265336094260746336e+01,-3.063015414565793293e+01,0.000000000000000000e+00,0.000000000000000000e+00,0.000000000000000000e+00,0.000000000000000000e+00,8.276381225585937500e+02,8.276375732421875000e+02,8.276375732421875000e+02,8.276381225585937500e+02,-1.007454864037684679e+09
1.245999999999999996e+00,-8.611674842282209852e+01,4.274302407278420191e+01,-3.059344752853471761e+01,1.432707482109663033e-04,1.296953590568250547e-04,2.573712745146394809e-06,1.067001223564147949e-01,2.441253423690795898e+00,-2.587271690368652344e+00,-9.948982616129808942e-02,-8.966313017673696595e-02,-3.670661712321599685e-02,-8.621623824898340160e+01,4.265336094260746336e+01,-3.063015414565793293e+01,0.000000000000000000e+00,0.000000000000000000e+00,0.000000000000000000e+00,0.000000000000000000e+00,8.276381225585937500e+02,8.276375122070312500e+02,8.276375122070312500e+02,8.276381225585937500e+02,-1.007465043057182074e+09
1.247000000000000108e+00,-8.611660527188030301e+01,4.274315371448154366e+01,-3.059344526516582974e+01,1.431509417955112440e-04,1.296416973417535701e-04,2.263368887867045487e-06,1.067083179950714111e-01,2.441285848617553711e+00,-2.587301492691040039e+00,-9.963297710309199084e-02,-8.979277187407919136e-02,-3.670888049210169202e-02,-8.621623824898340160e+01,4.265336094260746336e+01,-3.063015414565793293e+01,0.000000000000000000e+00,0.000000000000000000e+00,0.000000000000000000e+00,0.000000000000000000e+00,8.276381835937500000e+02,8.276374511718750000e+02,8.276374511718750000e+02,8.276381835937500000e+02,-1.007475222062968373e+09
1.247999999999999998e+00,-8.611646223408372691e+01,4.274328330919696128e+01,-3.059344330214606700e+01,1.430377965760953884e-04,1.295947154176246841e-04,1.963019762740714214e-06,1.067167818546295166e-01,2.441319942474365234e+00,-2.587331295013427734e+00,-9.977601489967902193e-02,-8.992236658950096551e-02,-3.671084351186426620e-02,-8.621623824898340160e+01,4.265336094260746336e+01,-3.063015414565793293e+01,0.000000000000000000e+00,0.000000000000000000e+00,0.000000000000000000e+00,0.000000000000000000e+00,8.276382446289062500e+02,8.276374511718750000e+02,8.276374511718750000e+02,8.276382446289062500e+02,-1.007485401055077195e+09
1.249000000000000110e+00,-8.611631929610368275e+01,4.274341286361536163e+01,-3.059344162615094120e+01,1.429379800441665793e-04,1.295544184003460941e-04,1.675995125793861007e-06,1.067248582839965820e-01,2.441352367401123047e+00,-2.587359666824340820e+00,-9.991895287971667983e-02,-9.005192100790014587e-02,-3.671251950699200295e-02,-8.621623824898340160e+01,4.265336094260746336e+01,-3.063015414565793293e+01,0.000000000000000000e+00,0.000000000000000000e+00,0.000000000000000000e+00,0.000000000000000000e+00,8.276383056640625000e+02,8.276373901367187500e+02,8.276373901367187500e+02,8.276382446289062500e+02,-1.007495580033540010e+09
1.250000000000000000e+00,-8.611617645128171716e+01,4.274354238441956255e+01,-3.059344022385080564e+01,1.428448219655820139e-04,1.295208042009221572e-04,1.402300135566747485e-06,1.067335605621337891e-01,2.441386938095092773e+00,-2.587389945983886719e+00,-1.000617977016813459e-01,-9.018144181210224763e-02,-3.671392180712693826e-02,-8.621623824898340160e+01,4.265336094260746336e+01,-3.063015414565793293e+01,0.000000000000000000e+00,0.000000000000000000e+00,0.000000000000000000e+00,0.000000000000000000e+00,8.276383056640625000e+02,8.276373291015625000e+02,8.276373291015625000e+02,8.276383056640625000e+02,-1.007505758998386860e+09
1.250999999999999890e+00,-8.611603368628979638e+01,4.274367187162741288e+01,-3.059343907858045597e+01,1.427649919207851781e-04,1.294872078503317425e-04,1.145270349667271148e-06,1.067417860031127930e-01,2.441419839859008789e+00,-2.587419271469116211e+00,-1.002045626936049066e-01,-9.031092901994985933e-02,-3.671506707747621695e-02,-8.621623824898340160e+01,4.265336094260746336e+01,-3.063015414565793293e+01,0.000000000000000000e+00,0.000000000000000000e+00,0.000000000000000000e+00,0.000000000000000000e+00,8.276383666992187500e+02,8.276373291015625000e+02,8.276373291015625000e+02,8.276383666992187500e+02,-1.007515937949644446e+09
1.252000000000000002e+00,-8.611589099378760181e+01,4.274380132654111009e+01,-3.059343817253868991e+01,1.426925021945635308e-04,1.294549136972023007e-04,9.060417660577968491e-07,1.067501008510589600e-01,2.441452264785766602e+00,-2.587448596954345703e+00,-1.003472551958040221e-01,-9.044038393364747797e-02,-3.671597311924270496e-02,-8.621623824898340160e+01,4.265336094260746336e+01,-3.063015414565793293e+01,0.000000000000000000e+00,0.000000000000000000e+00,0.000000000000000000e+00,0.000000000000000000e+00,8.276383666992187500e+02,8.276372680664062500e+02,8.276372680664062500e+02,8.276383666992187500e+02,-1.007526116887337208e+09
1.252999999999999892e+00,-8.611574834849210447e+01,4.274393076661858970e+01,-3.059343748468001678e+01,1.426452954973456144e-04,1.294400774796145015e-04,6.878586731318137026e-07,1.067587137222290039e-01,2.441488027572631836e+00,-2.587478637695312500e+00,-1.004899004912908622e-01,-9.056982401112645409e-02,-3.671666097791746741e-02,-8.621623824898340160e+01,4.265336094260746336e+01,-3.063015414565793293e+01,0.000000000000000000e+00,0.000000000000000000e+00,0.000000000000000000e+00,0.000000000000000000e+00,8.276383666992187500e+02,8.276372680664062500e+02,8.276372680664062500e+02,8.276383666992187500e+02,-1.007536295811485291e+09
1.254000000000000004e+00,-8.611560574972531867e+01,4.274406018650063288e+01,-3.059343699385716420e+01,1.425987667857953056e-04,1.294198820431802233e-04,4.908228525835056644e-07,1.067667901515960693e-01,2.441519737243652344e+00,-2.587507486343383789e+00,-1.006324992580844291e-01,-9.069924389317216007e-02,-3.671715180076884355e-02,-8.621623824898340160e+01,4.265336094260746336e+01,-3.063015414565793293e+01,0.000000000000000000e+00,0.000000000000000000e+00,0.000000000000000000e+00,0.000000000000000000e+00,8.276384277343750000e+02,8.276372680664062500e+02,8.276372680664062500e+02,8.276384277343750000e+02,-1.007546474722107291e+09
1.254999999999999893e+00,-8.611546317082881785e+01,4.274418959955583830e+01,-3.059343667675737777e+01,1.425788965008223386e-04,1.294130552054184591e-04,3.170997864287983248e-07,1.067749857902526855e-01,2.441552877426147461e+00,-2.587536334991455078e+00,-1.007750781545893870e-01,-9.082865694837315151e-02,-3.671746890055492540e-02,-8.621623824898340160e+01,4.265336094260746336e+01,-3.063015414565793293e+01,0.000000000000000000e+00,0.000000000000000000e+00,0.000000000000000000e+00,0.000000000000000000e+00,8.276384277343750000e+02,8.276372070312500000e+02,8.276372070312500000e+02,8.276384277343750000e+02,-1.007556653619216681e+09
1.256000000000000005e+00,-8.611532061182104769e+01,4.274431899913693655e+01,-3.059343650669425330e+01,1.425590077701599512e-04,1.293995810982551120e-04,1.700631244716532819e-07,1.067835092544555664e-01,2.441586732864379883e+00,-2.587566614151000977e+00,-1.009176371623485974e-01,-9.095805652947583364e-02,-3.671763896368047259e-02,-8.621623824898340160e+01,4.265336094260746336e+01,-3.063015414565793293e+01,0.000000000000000000e+00,0.000000000000000000e+00,0.000000000000000000e+00,0.000000000000000000e+00,8.276384277343750000e+02,8.276372070312500000e+02,8.276372070312500000e+02,8.276384277343750000e+02,-1.007566832502824664e+09
1.256999999999999895e+00,-8.611517805938356673e+01,4.274444840527566214e+01,-3.059343646368557046e+01,1.425524374809583605e-04,1.294061387255851514e-04,4.300868283735326258e-08,1.067918837070465088e-01,2.441620349884033203e+00,-2.587596416473388672e+00,-1.010601895998319288e-01,-9.108746266819869875e-02,-3.671768197236280340e-02,-8.621623824898340160e+01,4.265336094260746336e+01,-3.063015414565793293e+01,0.000000000000000000e+00,0.000000000000000000e+00,0.000000000000000000e+00,0.000000000000000000e+00,8.276384277343750000e+02,8.276372070312500000e+02,8.276372070312500000e+02,8.276384277343750000e+02,-1.007577011372941017e+09
1.258000000000000007e+00,-8.611503548685986686e+01,4.274457781133945389e+01,-3.059343651439612444e+01,1.425725236998687251e-04,1.294060637917482381e-04,-5.071055397820600774e-08,1.068000495433807373e-01,2.441653013229370117e+00,-2.587625265121459961e+00,-1.012027621235378622e-01,-9.121686873198961432e-02,-3.671763126180974807e-02,-8.621623824898340160e+01,4.265336094260746336e+01,-3.063015414565793293e+01,0.000000000000000000e+00,0.000000000000000000e+00,0.000000000000000000e+00,0.000000000000000000e+00,8.276384277343750000e+02,8.276372070312500000e+02,8.276372070312500000e+02,8.276384277343750000e+02,-1.007587190229568005e+09
1.258999999999999897e+00,-8.611489289427245808e+01,4.274470723068883871e+01,-3.059343663549237746e+01,1.425925874087852208e-04,1.294193493848183607e-04,-1.210962530251435965e-07,1.068084239959716797e-01,2.441687107086181641e+00,-2.587653636932373047e+00,-1.013453547109368774e-01,-9.134628808137323919e-02,-3.671751016555412084e-02,-8.621623824898340160e+01,4.265336094260746336e+01,-3.063015414565793293e+01,0.000000000000000000e+00,0.000000000000000000e+00,0.000000000000000000e+00,0.000000000000000000e+00,8.276384277343750000e+02,8.276372070312500000e+02,8.276372070312500000e+02,8.276384277343750000e+02,-1.007597369072707534e+09
1.260000000000000009e+00,-8.611475026163418534e+01,4.274483667002372300e+01,-3.059343680031588164e+01,1.426326382727438613e-04,1.294393348842959313e-04,-1.648235041784573696e-07,1.068168282508850098e-01,2.441720008850097656e+00,-2.587683916091918945e+00,-1.014879873492173790e-01,-9.147572741626106008e-02,-3.671734534205253753e-02,-8.621623824898340160e+01,4.265336094260746336e+01,-3.063015414565793293e+01,0.000000000000000000e+00,0.000000000000000000e+00,0.000000000000000000e+00,0.000000000000000000e+00,8.276384277343750000e+02,8.276372070312500000e+02,8.276372070312500000e+02,8.276384277343750000e+02,-1.007607547902357459e+09
1.260999999999999899e+00,-8.611460757562649349e+01,4.274496612270475993e+01,-3.059343697885608648e+01,1.426860076918501363e-04,1.294526810369234227e-04,-1.785402048426476540e-07,1.068247258663177490e-01,2.441752195358276367e+00,-2.587712049484252930e+00,-1.016306733569087017e-01,-9.160518009729430589e-02,-3.671716680184546749e-02,-8.621623824898340160e+01,4.265336094260746336e+01,-3.063015414565793293e+01,0.000000000000000000e+00,0.000000000000000000e+00,0.000000000000000000e+00,0.000000000000000000e+00,8.276384277343750000e+02,8.276372070312500000e+02,8.276372680664062500e+02,8.276384277343750000e+02,-1.007617726718510270e+09
1.262000000000000011e+00,-8.611446482293948179e+01,4.274509560877316972e+01,-3.059343714112616297e+01,1.427526870116935243e-04,1.294860684097898229e-04,-1.622700764869478007e-07,1.068336069583892822e-01,2.441787481307983398e+00,-2.587744235992431641e+00,-1.017734260439128458e-01,-9.173466616570354060e-02,-3.671700453177120793e-02,-8.621623824898340160e+01,4.265336094260746336e+01,-3.063015414565793293e+01,0.000000000000000000e+00,0.000000000000000000e+00,0.000000000000000000e+00,0.000000000000000000e+00,8.276384277343750000e+02,8.276372680664062500e+02,8.276372680664062500e+02,8.276384277343750000e+02,-1.007627905521156788e+09
1.262999999999999901e+00,-8.611432199025223611e+01,4.274522512158692678e+01,-3.059343726045077005e+01,1.428326872456864294e-04,1.295128137570600302e-04,-1.193246070840814355e-07,1.068413853645324707e-01,2.441818952560424805e+00,-2.587770938873291016e+00,-1.019162587311616686e-01,-9.186417897946226596e-02,-3.671688520716150095e-02,-8.621623824898340160e+01,4.265336094260746336e+01,-3.063015414565793293e+01,0.000000000000000000e+00,0.000000000000000000e+00,0.000000000000000000e+00,0.000000000000000000e+00,8.276383666992187500e+02,8.276372680664062500e+02,8.276372680664062500e+02,8.276383666992187500e+02,-1.007638084310282707e+09
1.264000000000000012e+00,-8.611417907758786328e+01,4.274535467450721882e+01,-3.059343731349676787e+01,1.429126643728295676e-04,1.295529202920420175e-04,-5.304599781652541424e-08,1.068503856658935547e-01,2.441854476928710938e+00,-2.587802410125732422e+00,-1.020591713955330548e-01,-9.199373189975212917e-02,-3.671683216116484322e-02,-8.621623824898340160e+01,4.265336094260746336e+01,-3.063015414565793293e+01,0.000000000000000000e+00,0.000000000000000000e+00,0.000000000000000000e+00,0.000000000000000000e+00,8.276383666992187500e+02,8.276373291015625000e+02,8.276373291015625000e+02,8.276383666992187500e+02,-1.007648263085873842e+09
1.264999999999999902e+00,-8.611403605829079311e+01,4.274548426090250075e+01,-3.059343726692951293e+01,1.430192970701682498e-04,1.295863952819331644e-04,4.656725494101010554e-08,1.068585515022277832e-01,2.441886901855468750e+00,-2.587831258773803711e+00,-1.022021906926103979e-01,-9.212331829503547787e-02,-3.671687872842042955e-02,-8.621623824898340160e+01,4.265336094260746336e+01,-3.063015414565793293e+01,0.000000000000000000e+00,0.000000000000000000e+00,0.000000000000000000e+00,0.000000000000000000e+00,8.276383056640625000e+02,8.276373291015625000e+02,8.276373291015625000e+02,8.276383056640625000e+02,-1.007658441847908616e+09
1.266000000000000014e+00,-8.611389293238917730e+01,4.274561390080732082e+01,-3.059343709408690160e+01,1.431259016158037412e-04,1.296399048200669313e-04,1.728426113345449266e-07,1.068668961524963379e-01,2.441920757293701172e+00,-2.587860822677612305e+00,-1.023453165942204840e-01,-9.225295819985511458e-02,-3.671705157103215961e-02,-8.621623824898340160e+01,4.265336094260746336e+01,-3.063015414565793293e+01,0.000000000000000000e+00,0.000000000000000000e+00,0.000000000000000000e+00,0.000000000000000000e+00,8.276383056640625000e+02,8.276373901367187500e+02,8.276373901367187500e+02,8.276383056640625000e+02,-1.007668620596365571e+09
1.266999999999999904e+00,-8.611374968655509576e+01,4.274574358090411863e+01,-3.059343677495798985e+01,1.432458340815401243e-04,1.296800967978128938e-04,3.191289117410178733e-07,1.068751811981201172e-01,2.441952943801879883e+00,-2.587890148162841797e+00,-1.024885624283005531e-01,-9.238263829665432914e-02,-3.671737069994399777e-02,-8.621623824898340160e+01,4.265336094260746336e+01,-3.063015414565793293e+01,0.000000000000000000e+00,0.000000000000000000e+00,0.000000000000000000e+00,0.000000000000000000e+00,8.276382446289062500e+02,8.276373901367187500e+02,8.276373901367187500e+02,8.276382446289062500e+02,-1.007678799331218600e+09
1.268000000000000016e+00,-8.611360631414682132e+01,4.274587332122982275e+01,-3.059343628288617722e+01,1.433724082744447514e-04,1.297403257041196412e-04,4.920718126300016593e-07,1.068834662437438965e-01,2.441987514495849609e+00,-2.587919712066650391e+00,-1.026319348365794387e-01,-9.251237862236169618e-02,-3.671786277175678737e-02,-8.621623824898340160e+01,4.265336094260746336e+01,-3.063015414565793293e+01,0.000000000000000000e+00,0.000000000000000000e+00,0.000000000000000000e+00,0.000000000000000000e+00,8.276382446289062500e+02,8.276374511718750000e+02,8.276374511718750000e+02,8.276382446289062500e+02,-1.007688978052440643e+09
1.268999999999999906e+00,-8.611346280184200452e+01,4.274600310847309714e+01,-3.059343559119049516e+01,1.435123048167952220e-04,1.297872432743929494e-04,6.916956820646191773e-07,1.068917512893676758e-01,2.442019462585449219e+00,-2.587948799133300781e+00,-1.027754471413999393e-01,-9.264216586563223110e-02,-3.671855446743629847e-02,-8.621623824898340160e+01,4.265336094260746336e+01,-3.063015414565793293e+01,0.000000000000000000e+00,0.000000000000000000e+00,0.000000000000000000e+00,0.000000000000000000e+00,8.276381835937500000e+02,8.276374511718750000e+02,8.276374511718750000e+02,8.276381835937500000e+02,-1.007699156759999394e+09
1.270000000000000018e+00,-8.611331915633130052e+01,4.274613296265785323e+01,-3.059343468320887993e+01,1.436455107040046641e-04,1.298541847560841234e-04,9.079816152279818198e-07,1.069005131721496582e-01,2.442055702209472656e+00,-2.587979555130004883e+00,-1.029190926521042909e-01,-9.277202005039192345e-02,-3.671946244905425344e-02,-8.621623824898340160e+01,4.265336094260746336e+01,-3.063015414565793293e+01,0.000000000000000000e+00,0.000000000000000000e+00,0.000000000000000000e+00,0.000000000000000000e+00,8.276381225585937500e+02,8.276375122070312500e+02,8.276375122070312500e+02,8.276381225585937500e+02,-1.007709335453864455e+09
1.270999999999999908e+00,-8.611317535761975250e+01,4.274626287047213680e+01,-3.059343353560086243e+01,1.437987115480154898e-04,1.299078142835696781e-04,1.147608017504353484e-06,1.069082617759704590e-01,2.442086219787597656e+00,-2.588006734848022461e+00,-1.030628913636506133e-01,-9.290192786467083019e-02,-3.672061005707030062e-02,-8.621623824898340160e+01,4.265336094260746336e+01,-3.063015414565793293e+01,0.000000000000000000e+00,0.000000000000000000e+00,0.000000000000000000e+00,0.000000000000000000e+00,8.276381225585937500e+02,8.276375732421875000e+02,8.276375732421875000e+02,8.276380615234375000e+02,-1.007719514133999586e+09
1.272000000000000020e+00,-8.611303140572111658e+01,4.274639283859897176e+01,-3.059343213503294834e+01,1.439518986359189512e-04,1.299681268349672791e-04,1.400567914089378974e-06,1.069175899028778076e-01,2.442123413085937500e+00,-2.588040351867675781e+00,-1.032068432622794962e-01,-9.303189599150854527e-02,-3.672201062498583329e-02,-8.621623824898340160e+01,4.265336094260746336e+01,-3.063015414565793293e+01,0.000000000000000000e+00,0.000000000000000000e+00,0.000000000000000000e+00,0.000000000000000000e+00,8.276380615234375000e+02,8.276376342773437500e+02,8.276376342773437500e+02,8.276380615234375000e+02,-1.007729692800367951e+09
1.272999999999999909e+00,-8.611288730065736274e+01,4.274652287373050541e+01,-3.059343045816649820e+01,1.441050637538410228e-04,1.300351315336456537e-04,1.676866450139868903e-06,1.069252490997314453e-01,2.442153692245483398e+00,-2.588067293167114258e+00,-1.033509483260388467e-01,-9.316193112304019253e-02,-3.672368749143597316e-02,-8.621623824898340160e+01,4.265336094260746336e+01,-3.063015414565793293e+01,0.000000000000000000e+00,0.000000000000000000e+00,0.000000000000000000e+00,0.000000000000000000e+00,8.276380004882812500e+02,8.276376953125000000e+02,8.276376953125000000e+02,8.276380004882812500e+02,-1.007739871452932119e+09
1.274000000000000021e+00,-8.611274304243542588e+01,4.274665296920671409e+01,-3.059342849499109462e+01,1.442582219368659935e-04,1.300954762086803385e-04,1.963175403574268785e-06,1.069342494010925293e-01,2.442189455032348633e+00,-2.588098526000976562e+00,-1.034952065479723959e-01,-9.329202659924815122e-02,-3.672565066683681351e-02,-8.621623824898340160e+01,4.265336094260746336e+01,-3.063015414565793293e+01,0.000000000000000000e+00,0.000000000000000000e+00,0.000000000000000000e+00,0.000000000000000000e+00,8.276379394531250000e+02,8.276376953125000000e+02,8.276376953125000000e+02,8.276379394531250000e+02,-1.007750050091653585e+09
1.274999999999999911e+00,-8.611259862439703738e+01,4.274678312504290290e+01,-3.059342623217270329e+01,1.444180383884940966e-04,1.301558361888055515e-04,2.262818391329801671e-06,1.069423854351043701e-01,2.442223310470581055e+00,-2.588128328323364258e+00,-1.036396245863578786e-01,-9.342218243543760903e-02,-3.672791348523018334e-02,-8.621623824898340160e+01,4.265336094260746336e+01,-3.063015414565793293e+01,0.000000000000000000e+00,0.000000000000000000e+00,0.000000000000000000e+00,0.000000000000000000e+00,8.276378784179687500e+02,8.276377563476562500e+02,8.276377563476562500e+02,8.276378784179687500e+02,-1.007760228716491580e+09
1.276000000000000023e+00,-8.611245404655291225e+01,4.274691335458648211e+01,-3.059342366305404681e+01,1.445778441251377444e-04,1.302295435792188982e-04,2.569118656481350627e-06,1.069507300853729248e-01,2.442256212234497070e+00,-2.588157415390014648e+00,-1.037842024304876515e-01,-9.355241197901899286e-02,-3.673048260388752512e-02,-8.621623824898340160e+01,4.265336094260746336e+01,-3.063015414565793293e+01,0.000000000000000000e+00,0.000000000000000000e+00,0.000000000000000000e+00,0.000000000000000000e+00,8.276378173828125000e+02,8.276378173828125000e+02,8.276378173828125000e+02,8.276378173828125000e+02,-1.007770407327406287e+09
1.276999999999999913e+00,-8.611230931557874158e+01,4.274704363783826011e+01,-3.059342077427213624e+01,1.447309741706703790e-04,1.302832517779961563e-04,2.888781910570514810e-06,1.069591641426086426e-01,2.442290306091308594e+00,-2.588186740875244141e+00,-1.039289334046660795e-01,-9.368269523079550409e-02,-3.673337138579652744e-02,-8.621623824898340160e+01,4.265336094260746336e+01,-3.063015414565793293e+01,0.000000000000000000e+00,0.000000000000000000e+00,0.000000000000000000e+00,0.000000000000000000e+00,8.276377563476562500e+02,8.276378784179687500e+02,8.276378784179687500e+02,8.276377563476562500e+02,-1.007780585924356461e+09
1.278000000000000025e+00,-8.611216443147711175e+01,4.274717398813665170e+01,-3.059341756917485711e+01,1.448841016298274553e-04,1.303502983915905133e-04,3.205097279135316057e-06,1.069676280021667480e-01,2.442323923110961914e+00,-2.588217020034790039e+00,-1.040738175062878579e-01,-9.381304552918538764e-02,-3.673657648307460111e-02,-8.621623824898340160e+01,4.265336094260746336e+01,-3.063015414565793293e+01,0.000000000000000000e+00,0.000000000000000000e+00,0.000000000000000000e+00,0.000000000000000000e+00,8.276377563476562500e+02,8.276379394531250000e+02,8.276379394531250000e+02,8.276377563476562500e+02,-1.007790764507302046e+09
1.278999999999999915e+00,-8.611201939425794194e+01,4.274730439882489463e+01,-3.059341403441669982e+01,1.450372191698079405e-04,1.304106882429323377e-04,3.534758157286432834e-06,1.069760620594024658e-01,2.442358493804931641e+00,-2.588247060775756836e+00,-1.042188547254659092e-01,-9.394345621743180330e-02,-3.674011124123391370e-02,-8.621623824898340160e+01,4.265336094260746336e+01,-3.063015414565793293e+01,0.000000000000000000e+00,0.000000000000000000e+00,0.000000000000000000e+00,0.000000000000000000e+00,8.276376953125000000e+02,8.276380004882812500e+02,8.276380004882812500e+02,8.276376953125000000e+02,-1.007800943076201797e+09
1.280000000000000027e+00,-8.611187421725223601e+01,4.274743486322075370e+01,-3.059341017998655587e+01,1.451770057059320607e-04,1.304643958590645525e-04,3.854430143945819509e-06,1.069846749305725098e-01,2.442392587661743164e+00,-2.588276386260986328e+00,-1.043640317311676363e-01,-9.407392061329249155e-02,-3.674396567137653419e-02,-8.621623824898340160e+01,4.265336094260746336e+01,-3.063015414565793293e+01,0.000000000000000000e+00,0.000000000000000000e+00,0.000000000000000000e+00,0.000000000000000000e+00,8.276376342773437500e+02,8.276380615234375000e+02,8.276380615234375000e+02,8.276376342773437500e+02,-1.007811121631016850e+09
1.280999999999999917e+00,-8.611172890669699598e+01,4.274756538238558790e+01,-3.059340600475161054e+01,1.453105552400302258e-04,1.305191648341974542e-04,4.175234945336114833e-06,1.069936454296112061e-01,2.442429065704345703e+00,-2.588308334350585938e+00,-1.045093422863996591e-01,-9.420443977812495429e-02,-3.674814090632142621e-02,-8.621623824898340160e+01,4.265336094260746336e+01,-3.063015414565793293e+01,0.000000000000000000e+00,0.000000000000000000e+00,0.000000000000000000e+00,0.000000000000000000e+00,8.276375732421875000e+02,8.276380615234375000e+02,8.276380615234375000e+02,8.276375732421875000e+02,-1.007821300171709299e+09
1.282000000000000028e+00,-8.611158345680244963e+01,4.274769596086056822e+01,-3.059340151098042071e+01,1.454498945463456039e-04,1.305784749803251543e-04,4.493771189828521528e-06,1.070014834403991699e-01,2.442459821701049805e+00,-2.588336467742919922e+00,-1.046547921809533738e-01,-9.433501825310752764e-02,-3.675263467751082452e-02,-8.621623824898340160e+01,4.265336094260746336e+01,-3.063015414565793293e+01,0.000000000000000000e+00,0.000000000000000000e+00,0.000000000000000000e+00,0.000000000000000000e+00,8.276375122070312500e+02,8.276381225585937500e+02,8.276381225585937500e+02,8.276375122070312500e+02,-1.007831478698240638e+09
1.282999999999999918e+00,-8.611143788712465152e+01,4.274782658636117816e+01,-3.059339670752188667e+01,1.455696777981074774e-04,1.306255006099377169e-04,4.803458534041737948e-06,1.070106625556945801e-01,2.442497014999389648e+00,-2.588369369506835938e+00,-1.048003618587524527e-01,-9.446564375371145628e-02,-3.675743813604771815e-02,-8.621623824898340160e+01,4.265336094260746336e+01,-3.063015414565793293e+01,0.000000000000000000e+00,0.000000000000000000e+00,0.000000000000000000e+00,0.000000000000000000e+00,8.276375122070312500e+02,8.276381835937500000e+02,8.276381835937500000e+02,8.276375122070312500e+02,-1.007841657210575581e+09
1.284000000000000030e+00,-8.611129220432927411e+01,4.274795725888034070e+01,-3.059339160104119415e+01,1.456827953774109119e-04,1.306725191625446314e-04,5.106480692518289288e-06,1.070188283920288086e-01,2.442528963088989258e+00,-2.588397502899169922e+00,-1.049460446541207320e-01,-9.459631627288085653e-02,-3.676254461674029889e-02,-8.621623824898340160e+01,4.265336094260746336e+01,-3.063015414565793293e+01,0.000000000000000000e+00,0.000000000000000000e+00,0.000000000000000000e+00,0.000000000000000000e+00,8.276374511718750000e+02,8.276382446289062500e+02,8.276382446289062500e+02,8.276374511718750000e+02,-1.007851835708680153e+09
1.284999999999999920e+00,-8.611114640840148127e+01,4.274808797173384534e+01,-3.059338620820807364e+01,1.457959277928466690e-04,1.307128535046331308e-04,5.392833120509976652e-06,1.070275902748107910e-01,2.442564249038696289e+00,-2.588428735733032227e+00,-1.050918405819258467e-01,-9.472702912638319983e-02,-3.676793744985944190e-02,-8.621623824898340160e+01,4.265336094260746336e+01,-3.063015414565793293e+01,0.000000000000000000e+00,0.000000000000000000e+00,0.000000000000000000e+00,0.000000000000000000e+00,8.276373901367187500e+02,8.276382446289062500e+02,8.276382446289062500e+02,8.276373901367187500e+02,-1.007862014192520857e+09
1.286000000000000032e+00,-8.611100052601442201e+01,4.274821872490502273e+01,-3.059338053900615506e+01,1.458823870592595995e-04,1.307531711773890493e-04,5.669201918578892219e-06,1.070361435413360596e-01,2.442597866058349609e+00,-2.588459253311157227e+00,-1.052377229689813315e-01,-9.485778229755799373e-02,-3.677360665177863142e-02,-8.621623824898340160e+01,4.265336094260746336e+01,-3.063015414565793293e+01,0.000000000000000000e+00,0.000000000000000000e+00,0.000000000000000000e+00,0.000000000000000000e+00,8.276373901367187500e+02,8.276383056640625000e+02,8.276383056640625000e+02,8.276373901367187500e+02,-1.007872192662069440e+09
1.286999999999999922e+00,-8.611085455715311809e+01,4.274834951170949182e+01,-3.059337461010503034e+01,1.459688613039133998e-04,1.307868044690962961e-04,5.928901124718777282e-06,1.070445179939270020e-01,2.442631721496582031e+00,-2.588488817214965820e+00,-1.053836918302835657e-01,-9.498856910202733983e-02,-3.677953555290158077e-02,-8.621623824898340160e+01,4.265336094260746336e+01,-3.063015414565793293e+01,0.000000000000000000e+00,0.000000000000000000e+00,0.000000000000000000e+00,0.000000000000000000e+00,8.276373291015625000e+02,8.276383056640625000e+02,8.276383056640625000e+02,8.276373291015625000e+02,-1.007882371117298007e+09
1.288000000000000034e+00,-8.611070852181009627e+01,4.274848032545327925e+01,-3.059336844149271784e+01,1.460353430218219728e-04,1.308137437874279385e-04,6.168612312507093520e-06,1.070533692836761475e-01,2.442667961120605469e+00,-2.588519811630249023e+00,-1.055297271733084408e-01,-9.511938284581822334e-02,-3.678570416521387276e-02,-8.621623824898340160e+01,4.265336094260746336e+01,-3.063015414565793293e+01,0.000000000000000000e+00,0.000000000000000000e+00,0.000000000000000000e+00,0.000000000000000000e+00,8.276373291015625000e+02,8.276383666992187500e+02,8.276383666992187500e+02,8.276373291015625000e+02,-1.007892549558182836e+09
1.288999999999999924e+00,-8.611056242664029980e+01,4.274861115944968759e+01,-3.059336204983313579e+01,1.460951697964674167e-04,1.308339964083415907e-04,6.391659582050124300e-06,1.070616543292999268e-01,2.442700386047363281e+00,-2.588548660278320312e+00,-1.056758223430954852e-01,-9.525021684222194363e-02,-3.679209582479714413e-02,-8.621623824898340160e+01,4.265336094260746336e+01,-3.063015414565793293e+01,0.000000000000000000e+00,0.000000000000000000e+00,0.000000000000000000e+00,0.000000000000000000e+00,8.276372680664062500e+02,8.276383666992187500e+02,8.276383666992187500e+02,8.276372680664062500e+02,-1.007902727984701872e+09
1.290000000000000036e+00,-8.611041628496533917e+01,4.274874201367370574e+01,-3.059335545846085225e+01,1.461416749606314625e-04,1.308542240181509442e-04,6.591372283537566545e-06,1.070706844329833984e-01,2.442736625671386719e+00,-2.588580846786499023e+00,-1.058219640180628335e-01,-9.538107106624547915e-02,-3.679868719708111191e-02,-8.621623824898340160e+01,4.265336094260746336e+01,-3.063015414565793293e+01,0.000000000000000000e+00,0.000000000000000000e+00,0.000000000000000000e+00,0.000000000000000000e+00,8.276372680664062500e+02,8.276383666992187500e+02,8.276384277343750000e+02,8.276372680664062500e+02,-1.007912906396836638e+09
1.290999999999999925e+00,-8.611027011010453691e+01,4.274887288143012398e+01,-3.059334869070421448e+01,1.461748608022617191e-04,1.308677564182403330e-04,6.767756637771071837e-06,1.070792078971862793e-01,2.442770004272460938e+00,-2.588611125946044922e+00,-1.059681388788615286e-01,-9.551193882266384438e-02,-3.680545495371879278e-02,-8.621623824898340160e+01,4.265336094260746336e+01,-3.063015414565793293e+01,0.000000000000000000e+00,0.000000000000000000e+00,0.000000000000000000e+00,0.000000000000000000e+00,8.276372680664062500e+02,8.276384277343750000e+02,8.276384277343750000e+02,8.276372680664062500e+02,-1.007923084794571757e+09
1.292000000000000037e+00,-8.611012392204727917e+01,4.274900375602144464e+01,-3.059334176988591025e+01,1.461880572577456405e-04,1.308745913206621481e-04,6.920818304223530504e-06,1.070878207683563232e-01,2.442805290222167969e+00,-2.588641405105590820e+00,-1.061143269361281977e-01,-9.564281341398189751e-02,-3.681237577202292610e-02,-8.621623824898340160e+01,4.265336094260746336e+01,-3.063015414565793293e+01,0.000000000000000000e+00,0.000000000000000000e+00,0.000000000000000000e+00,0.000000000000000000e+00,8.276372070312500000e+02,8.276384277343750000e+02,8.276384277343750000e+02,8.276372070312500000e+02,-1.007933263177896380e+09
1.292999999999999927e+00,-8.610997772744467227e+01,4.274913463742445430e+01,-3.059333471934582604e+01,1.461946026068972060e-04,1.308814030096527858e-04,7.050540084208023472e-06,1.070963740348815918e-01,2.442839384078979492e+00,-2.588670969009399414e+00,-1.062605215387227436e-01,-9.577369481698748410e-02,-3.681942631210585737e-02,-8.621623824898340160e+01,4.265336094260746336e+01,-3.063015414565793293e+01,0.000000000000000000e+00,0.000000000000000000e+00,0.000000000000000000e+00,0.000000000000000000e+00,8.276372070312500000e+02,8.276384277343750000e+02,8.276384277343750000e+02,8.276372070312500000e+02,-1.007943441546802163e+09
1.294000000000000039e+00,-8.610983153960873437e+01,4.274926550560023486e+01,-3.059332756573473233e+01,1.461878359378943060e-04,1.308681757805629786e-04,7.153611093713152513e-06,1.071048378944396973e-01,2.442872762680053711e+00,-2.588701248168945312e+00,-1.064067093746638853e-01,-9.590456299276996222e-02,-3.682657992319949419e-02,-8.621623824898340160e+01,4.265336094260746336e+01,-3.063015414565793293e+01,0.000000000000000000e+00,0.000000000000000000e+00,0.000000000000000000e+00,0.000000000000000000e+00,8.276372070312500000e+02,8.276384277343750000e+02,8.276384277343750000e+02,8.276372070312500000e+02,-1.007953619901282787e+09
1.294999999999999929e+00,-8.610968537185915750e+01,4.274939637385719493e+01,-3.059332033906927606e+01,1.461677495768753943e-04,1.308682569600705392e-04,7.226665456272485244e-06,1.071136891841888428e-01,2.442908525466918945e+00,-2.588733434677124023e+00,-1.065528771242481160e-01,-9.603543124972881151e-02,-3.683380658865829937e-02,-8.621623824898340160e+01,4.265336094260746336e+01,-3.063015414565793293e+01,0.000000000000000000e+00,0.000000000000000000e+00,0.000000000000000000e+00,0.000000000000000000e+00,8.276372070312500000e+02,8.276384277343750000e+02,8.276384277343750000e+02,8.276372070312500000e+02,-1.007963798241337299e+09
1.296000000000000041e+00,-8.610953924417496808e+01,4.274952722215086709e+01,-3.059331306932948280e+01,1.461276841894232348e-04,1.308482936721588885e-04,7.269739793258622740e-06,1.071219742298126221e-01,2.442941427230834961e+00,-2.588761806488037109e+00,-1.066990048084275056e-01,-9.616627954340513373e-02,-3.684107632845134289e-02,-8.621623824898340160e+01,4.265336094260746336e+01,-3.063015414565793293e+01,0.000000000000000000e+00,0.000000000000000000e+00,0.000000000000000000e+00,0.000000000000000000e+00,8.276372070312500000e+02,8.276384277343750000e+02,8.276384277343750000e+02,8.276372070312500000e+02,-1.007973976566968441e+09
1.296999999999999931e+00,-8.610939316320965986e+01,4.274965805046061007e+01,-3.059330577651987326e+01,1.460809653082151272e-04,1.308283097429807640e-04,7.292809609538153381e-06,1.071312427520751953e-01,2.442978382110595703e+00,-2.588794469833374023e+00,-1.068450857737468090e-01,-9.629710785314428423e-02,-3.684836913806043696e-02,-8.621623824898340160e+01,4.265336094260746336e+01,-3.063015414565793293e+01,0.000000000000000000e+00,0.000000000000000000e+00,0.000000000000000000e+00,0.000000000000000000e+00,8.276372680664062500e+02,8.276384277343750000e+02,8.276384277343750000e+02,8.276372680664062500e+02,-1.007984154878181100e+09
1.298000000000000043e+00,-8.610924714894345300e+01,4.274978885207877966e+01,-3.059329849396771550e+01,1.460142662068619757e-04,1.308016181695847990e-04,7.282552157761301714e-06,1.071394085884094238e-01,2.443011283874511719e+00,-2.588823080062866211e+00,-1.069911000399489387e-01,-9.642790947131719970e-02,-3.685565169021769172e-02,-8.621623824898340160e+01,4.265336094260746336e+01,-3.063015414565793293e+01,0.000000000000000000e+00,0.000000000000000000e+00,0.000000000000000000e+00,0.000000000000000000e+00,8.276372680664062500e+02,8.276384277343750000e+02,8.276384277343750000e+02,8.276372680664062500e+02,-1.007994333174985290e+09
1.298999999999999932e+00,-8.610910120135385171e+01,4.274991962698038606e+01,-3.059329124835312896e+01,1.459475896012918383e-04,1.307749016064008174e-04,7.245614586537385549e-06,1.071482896804809570e-01,2.443046808242797852e+00,-2.588854551315307617e+00,-1.071370476295480101e-01,-9.655868437292082496e-02,-3.686289730480569321e-02,-8.621623824898340160e+01,4.265336094260746336e+01,-3.063015414565793293e+01,0.000000000000000000e+00,0.000000000000000000e+00,0.000000000000000000e+00,0.000000000000000000e+00,8.276372680664062500e+02,8.276383666992187500e+02,8.276383666992187500e+02,8.276372680664062500e+02,-1.008004511457392573e+09
1.300000000000000044e+00,-8.610895534709376875e+01,4.275005036845843875e+01,-3.059328406966253766e+01,1.458542600829559888e-04,1.307414780526983122e-04,7.178690591302938628e-06,1.071567833423614502e-01,2.443080663681030273e+00,-2.588884592056274414e+00,-1.072829018896341996e-01,-9.668942585097681230e-02,-3.687007599539405406e-02,-8.621623824898340160e+01,4.265336094260746336e+01,-3.063015414565793293e+01,0.000000000000000000e+00,0.000000000000000000e+00,0.000000000000000000e+00,0.000000000000000000e+00,8.276373291015625000e+02,8.276383666992187500e+02,8.276383666992187500e+02,8.276373291015625000e+02,-1.008014689725420117e+09
1.300999999999999934e+00,-8.610880958613829250e+01,4.275018106981754329e+01,-3.059327698456970523e+01,1.457609554762484549e-04,1.307013591045347312e-04,7.085092832426198584e-06,1.071654856204986572e-01,2.443114995956420898e+00,-2.588915348052978516e+00,-1.074286628451074227e-01,-9.682012721008204092e-02,-3.687716108822870764e-02,-8.621623824898340160e+01,4.265336094260746336e+01,-3.063015414565793293e+01,0.000000000000000000e+00,0.000000000000000000e+00,0.000000000000000000e+00,0.000000000000000000e+00,8.276373291015625000e+02,8.276383056640625000e+02,8.276383056640625000e+02,8.276373291015625000e+02,-1.008024867979086637e+09
1.302000000000000046e+00,-8.610866393180548073e+01,4.275031172436099070e+01,-3.059327001640200550e+01,1.456543328117732017e-04,1.306545434474060130e-04,6.968167699739069576e-06,1.071740984916687012e-01,2.443149566650390625e+00,-2.588945388793945312e+00,-1.075743171779253299e-01,-9.695078175352510319e-02,-3.688412925592743363e-02,-8.621623824898340160e+01,4.265336094260746336e+01,-3.063015414565793293e+01,0.000000000000000000e+00,0.000000000000000000e+00,0.000000000000000000e+00,0.000000000000000000e+00,8.276373901367187500e+02,8.276383056640625000e+02,8.276383056640625000e+02,8.276373901367187500e+02,-1.008035046218413591e+09
1.302999999999999936e+00,-8.610851839740972480e+01,4.275044233205577626e+01,-3.059326319516310733e+01,1.455343957559307455e-04,1.306076947855672188e-04,6.821238898169212916e-06,1.071825623512268066e-01,2.443183898925781250e+00,-2.588975667953491211e+00,-1.077198515736701029e-01,-9.708138944831168349e-02,-3.689095049482539468e-02,-8.621623824898340160e+01,4.265336094260746336e+01,-3.063015414565793293e+01,0.000000000000000000e+00,0.000000000000000000e+00,0.000000000000000000e+00,0.000000000000000000e+00,8.276373901367187500e+02,8.276382446289062500e+02,8.276382446289062500e+02,8.276373901367187500e+02,-1.008045224443426728e+09
1.304000000000000048e+00,-8.610837298960370845e+01,4.275057289288032791e+01,-3.059325654085710511e+01,1.454078060163510600e-04,1.305608245516509669e-04,6.654306002218390859e-06,1.071915328502655029e-01,2.443219423294067383e+00,-2.589006185531616211e+00,-1.078652593796976811e-01,-9.721195027286613777e-02,-3.689760480082939637e-02,-8.621623824898340160e+01,4.265336094260746336e+01,-3.063015414565793293e+01,0.000000000000000000e+00,0.000000000000000000e+00,0.000000000000000000e+00,0.000000000000000000e+00,8.276374511718750000e+02,8.276382446289062500e+02,8.276382446289062500e+02,8.276374511718750000e+02,-1.008055402654154062e+09
1.304999999999999938e+00,-8.610822771502718354e+01,4.275070339346331849e+01,-3.059325008348066177e+01,1.452745765249119358e-04,1.305005829905780956e-04,6.457376443336215743e-06,1.071995794773101807e-01,2.443251371383666992e+00,-2.589035272598266602e+00,-1.080105339562148076e-01,-9.734245085585598034e-02,-3.690406217727107419e-02,-8.621623824898340160e+01,4.265336094260746336e+01,-3.063015414565793293e+01,0.000000000000000000e+00,0.000000000000000000e+00,0.000000000000000000e+00,0.000000000000000000e+00,8.276374511718750000e+02,8.276381835937500000e+02,8.276381835937500000e+02,8.276374511718750000e+02,-1.008065580850625634e+09
1.306000000000000050e+00,-8.610808258033758023e+01,4.275083384045618828e+01,-3.059324383970900030e+01,1.451346896033101075e-04,1.304469928697926662e-04,6.243771661473829226e-06,1.072085499763488770e-01,2.443287611007690430e+00,-2.589066505432128906e+00,-1.081556686458263056e-01,-9.747289784872278928e-02,-3.691030594893326272e-02,-8.621623824898340160e+01,4.265336094260746336e+01,-3.063015414565793293e+01,0.000000000000000000e+00,0.000000000000000000e+00,0.000000000000000000e+00,0.000000000000000000e+00,8.276375122070312500e+02,8.276381225585937500e+02,8.276381225585937500e+02,8.276375122070312500e+02,-1.008075759032873988e+09
1.306999999999999940e+00,-8.610793759218508114e+01,4.275096422716691080e+01,-3.059323782953979887e+01,1.449881524990814796e-04,1.303867107225187283e-04,6.010169201431381225e-06,1.072168648242950439e-01,2.443320989608764648e+00,-2.589096307754516602e+00,-1.083006567983157559e-01,-9.760328455944931869e-02,-3.691631611813559616e-02,-8.621623824898340160e+01,4.265336094260746336e+01,-3.063015414565793293e+01,0.000000000000000000e+00,0.000000000000000000e+00,0.000000000000000000e+00,0.000000000000000000e+00,8.276375732421875000e+02,8.276381225585937500e+02,8.276381225585937500e+02,8.276375732421875000e+02,-1.008085937200933576e+09
1.308000000000000052e+00,-8.610779275054900950e+01,4.275109455357248578e+01,-3.059323207631772235e+01,1.448416360716464624e-04,1.303264055749764339e-04,5.753222076521069539e-06,1.072255671024322510e-01,2.443355798721313477e+00,-2.589126348495483398e+00,-1.084454984343912326e-01,-9.773361096502540535e-02,-3.692206934021124293e-02,-8.621623824898340160e+01,4.265336094260746336e+01,-3.063015414565793293e+01,0.000000000000000000e+00,0.000000000000000000e+00,0.000000000000000000e+00,0.000000000000000000e+00,8.276376342773437500e+02,8.276380615234375000e+02,8.276380615234375000e+02,8.276376342773437500e+02,-1.008096115354840398e+09
1.308999999999999941e+00,-8.610764807523167974e+01,4.275122481382390305e+01,-3.059322659557746604e+01,1.446753173297565809e-04,1.302602514172690462e-04,5.480740256302851776e-06,1.072342991828918457e-01,2.443389892578125000e+00,-2.589157104492187500e+00,-1.085901737517262072e-01,-9.786387121643837228e-02,-3.692755008046746251e-02,-8.621623824898340160e+01,4.265336094260746336e+01,-3.063015414565793293e+01,0.000000000000000000e+00,0.000000000000000000e+00,0.000000000000000000e+00,0.000000000000000000e+00,8.276376953125000000e+02,8.276380004882812500e+02,8.276380004882812500e+02,8.276376953125000000e+02,-1.008106293494634032e+09
1.310000000000000053e+00,-8.610750354660555672e+01,4.275135501289068429e+01,-3.059322139958007725e+01,1.445286261230194214e-04,1.301990667812447100e-04,5.195997388796058658e-06,1.072425544261932373e-01,2.443423032760620117e+00,-2.589185476303100586e+00,-1.087347023778476446e-01,-9.799407028322108804e-02,-3.693274607785511365e-02,-8.621623824898340160e+01,4.265336094260746336e+01,-3.063015414565793293e+01,0.000000000000000000e+00,0.000000000000000000e+00,0.000000000000000000e+00,0.000000000000000000e+00,8.276376953125000000e+02,8.276379394531250000e+02,8.276379394531250000e+02,8.276376953125000000e+02,-1.008116471620352149e+09
1.310999999999999943e+00,-8.610735917112896232e+01,4.275148515160903173e+01,-3.059321650054252828e+01,1.443754765944049723e-04,1.301387183474389531e-04,4.899037548966589384e-06,1.072512567043304443e-01,2.443457841873168945e+00,-2.589217424392700195e+00,-1.088790778544438675e-01,-9.812420900156811066e-02,-3.693764511540528067e-02,-8.621623824898340160e+01,4.265336094260746336e+01,-3.063015414565793293e+01,0.000000000000000000e+00,0.000000000000000000e+00,0.000000000000000000e+00,0.000000000000000000e+00,8.276377563476562500e+02,8.276378784179687500e+02,8.276378784179687500e+02,8.276377563476562500e+02,-1.008126649732034087e+09
1.312000000000000055e+00,-8.610721496213039927e+01,4.275161522329385377e+01,-3.059321190845146177e+01,1.442089985630445881e-04,1.300716848220417887e-04,4.592091066513148689e-06,1.072596609592437744e-01,2.443491697311401367e+00,-2.589246511459350586e+00,-1.090232868529960319e-01,-9.825428068639274759e-02,-3.694223720647060727e-02,-8.621623824898340160e+01,4.265336094260746336e+01,-3.063015414565793293e+01,0.000000000000000000e+00,0.000000000000000000e+00,0.000000000000000000e+00,0.000000000000000000e+00,8.276378173828125000e+02,8.276378173828125000e+02,8.276378173828125000e+02,8.276378173828125000e+02,-1.008136827829721689e+09
1.312999999999999945e+00,-8.610707090626215177e+01,4.275174523460886888e+01,-3.059320763332903326e+01,1.440558682475057140e-04,1.300113150151105401e-04,4.275122428509803285e-06,1.072683632373809814e-01,2.443526744842529297e+00,-2.589277267456054688e+00,-1.091673427212520586e-01,-9.838429200140318132e-02,-3.694651232890072690e-02,-8.621623824898340160e+01,4.265336094260746336e+01,-3.063015414565793293e+01,0.000000000000000000e+00,0.000000000000000000e+00,0.000000000000000000e+00,0.000000000000000000e+00,8.276378784179687500e+02,8.276377563476562500e+02,8.276377563476562500e+02,8.276378784179687500e+02,-1.008147005913455606e+09
1.314000000000000057e+00,-8.610692700351737017e+01,4.275187518554648136e+01,-3.059320368184460648e+01,1.439027447815988126e-04,1.299509376124774462e-04,3.951484426778506531e-06,1.072766482830047607e-01,2.443559169769287109e+00,-2.589306831359863281e+00,-1.093112454660268296e-01,-9.851424293902139029e-02,-3.695046381332819235e-02,-8.621623824898340160e+01,4.265336094260746336e+01,-3.063015414565793293e+01,0.000000000000000000e+00,0.000000000000000000e+00,0.000000000000000000e+00,0.000000000000000000e+00,8.276379394531250000e+02,8.276377563476562500e+02,8.276377563476562500e+02,8.276379394531250000e+02,-1.008157183983276963e+09
1.314999999999999947e+00,-8.610678324722272237e+01,4.275200506943752288e+01,-3.059320005399681008e+01,1.437562946478010417e-04,1.298838910415156533e-04,3.627847796394689794e-06,1.072854697704315186e-01,2.443594455718994141e+00,-2.589337110519409180e+00,-1.094550017606819442e-01,-9.864412683005725768e-02,-3.695409166112267885e-02,-8.621623824898340160e+01,4.265336094260746336e+01,-3.063015414565793293e+01,0.000000000000000000e+00,0.000000000000000000e+00,0.000000000000000000e+00,0.000000000000000000e+00,8.276380004882812500e+02,8.276376953125000000e+02,8.276376953125000000e+02,8.276380004882812500e+02,-1.008167362039225221e+09
1.316000000000000059e+00,-8.610663964404572823e+01,4.275213489961242175e+01,-3.059319675646201375e+01,1.436031769941337188e-04,1.298301748988706095e-04,3.297534796331547113e-06,1.072939038276672363e-01,2.443628549575805664e+00,-2.589367389678955078e+00,-1.095986049376764387e-01,-9.877395700496099940e-02,-3.695738919591754629e-02,-8.621623824898340160e+01,4.265336094260746336e+01,-3.063015414565793293e+01,0.000000000000000000e+00,0.000000000000000000e+00,0.000000000000000000e+00,0.000000000000000000e+00,8.276380615234375000e+02,8.276376342773437500e+02,8.276376342773437500e+02,8.276380615234375000e+02,-1.008177540081342220e+09
1.316999999999999948e+00,-8.610649617398139810e+01,4.275226466941588654e+01,-3.059319377924521532e+01,1.434700643301312084e-04,1.297698034647964960e-04,2.977216798427662070e-06,1.073023080825805664e-01,2.443662881851196289e+00,-2.589397192001342773e+00,-1.097420750020058205e-01,-9.890372680842139663e-02,-3.696036641271614048e-02,-8.621623824898340160e+01,4.265336094260746336e+01,-3.063015414565793293e+01,0.000000000000000000e+00,0.000000000000000000e+00,0.000000000000000000e+00,0.000000000000000000e+00,8.276380615234375000e+02,8.276375732421875000e+02,8.276375732421875000e+02,8.276380615234375000e+02,-1.008187718109665513e+09
1.318000000000000060e+00,-8.610635284369801923e+01,4.275239438551144389e+01,-3.059319112568142529e+01,1.433302833788729913e-04,1.297160955573417596e-04,2.653563790033786063e-06,1.073105037212371826e-01,2.443694591522216797e+00,-2.589425325393676758e+00,-1.098854052853839025e-01,-9.903344290397869676e-02,-3.696301997650886656e-02,-8.621623824898340160e+01,4.265336094260746336e+01,-3.063015414565793293e+01,0.000000000000000000e+00,0.000000000000000000e+00,0.000000000000000000e+00,0.000000000000000000e+00,8.276381225585937500e+02,8.276375122070312500e+02,8.276375122070312500e+02,8.276381225585937500e+02,-1.008197896124234557e+09
1.318999999999999950e+00,-8.610620963319779264e+01,4.275252405458726912e+01,-3.059318878245344919e+01,1.432105002265871008e-04,1.296690758252339037e-04,2.343227976098205545e-06,1.073192656040191650e-01,2.443730115890502930e+00,-2.589456319808959961e+00,-1.100286157856047720e-01,-9.916311197980311187e-02,-3.696536320448265411e-02,-8.621623824898340160e+01,4.265336094260746336e+01,-3.063015414565793293e+01,0.000000000000000000e+00,0.000000000000000000e+00,0.000000000000000000e+00,0.000000000000000000e+00,8.276381835937500000e+02,8.276375122070312500e+02,8.276375122070312500e+02,8.276381835937500000e+02,-1.008208074125084877e+09
1.320000000000000062e+00,-8.610606654248043412e+01,4.275265366997528105e+01,-3.059318674621925283e+01,1.430907173585183045e-04,1.296153880119277346e-04,2.036234196367558980e-06,1.073273420333862305e-01,2.443761825561523438e+00,-2.589484930038452148e+00,-1.101717065029692300e-01,-9.929272736782004949e-02,-3.696739943867946576e-02,-8.621623824898340160e+01,4.265336094260746336e+01,-3.063015414565793293e+01,0.000000000000000000e+00,0.000000000000000000e+00,0.000000000000000000e+00,0.000000000000000000e+00,8.276382446289062500e+02,8.276374511718750000e+02,8.276374511718750000e+02,8.276382446289062500e+02,-1.008218252112251401e+09
1.320999999999999952e+00,-8.610592355155034738e+01,4.275278324503387495e+01,-3.059318500366819293e+01,1.429909300867393540e-04,1.295750585939003940e-04,1.742551059891184195e-06,1.073361039161682129e-01,2.443797111511230469e+00,-2.589515686035156250e+00,-1.103146974330484614e-01,-9.942230242641240945e-02,-3.696914198974048799e-02,-8.621623824898340160e+01,4.265336094260746336e+01,-3.063015414565793293e+01,0.000000000000000000e+00,0.000000000000000000e+00,0.000000000000000000e+00,0.000000000000000000e+00,8.276382446289062500e+02,8.276373901367187500e+02,8.276373901367187500e+02,8.276382446289062500e+02,-1.008228430085765958e+09
1.322000000000000064e+00,-8.610578066708751521e+01,4.275291278643953774e+01,-3.059318354479524515e+01,1.428844628321712662e-04,1.295414056627919308e-04,1.458872947779354945e-06,1.073440313339233398e-01,2.443829059600830078e+00,-2.589543581008911133e+00,-1.104575818958919847e-01,-9.955184383207642262e-02,-3.697060086268812856e-02,-8.621623824898340160e+01,4.265336094260746336e+01,-3.063015414565793293e+01,0.000000000000000000e+00,0.000000000000000000e+00,0.000000000000000000e+00,0.000000000000000000e+00,8.276383056640625000e+02,8.276373901367187500e+02,8.276373901367187500e+02,8.276383056640625000e+02,-1.008238608045661330e+09
1.322999999999999954e+00,-8.610563786242860829e+01,4.275304228755226887e+01,-3.059318234627130195e+01,1.428046589069253969e-04,1.295011127311340715e-04,1.198523943202189912e-06,1.073527634143829346e-01,2.443863868713378906e+00,-2.589574575424194336e+00,-1.106003865547891818e-01,-9.968134494480546115e-02,-3.697179938662958215e-02,-8.621623824898340160e+01,4.265336094260746336e+01,-3.063015414565793293e+01,0.000000000000000000e+00,0.000000000000000000e+00,0.000000000000000000e+00,0.000000000000000000e+00,8.276383056640625000e+02,8.276373291015625000e+02,8.276373291015625000e+02,8.276383056640625000e+02,-1.008248785991963983e+09
1.324000000000000066e+00,-8.610549513091272900e+01,4.275317176171991207e+01,-3.059318140144452514e+01,1.427315158792907823e-04,1.294741676431954147e-04,9.448267768163987057e-07,1.073609590530395508e-01,2.443896293640136719e+00,-2.589603662490844727e+00,-1.107431180706681950e-01,-9.981081911245112681e-02,-3.697274421340607242e-02,-8.621623824898340160e+01,4.265336094260746336e+01,-3.063015414565793293e+01,0.000000000000000000e+00,0.000000000000000000e+00,0.000000000000000000e+00,0.000000000000000000e+00,8.276383666992187500e+02,8.276373291015625000e+02,8.276373291015625000e+02,8.276383666992187500e+02,-1.008258963924699664e+09
1.324999999999999956e+00,-8.610535245922493175e+01,4.275330120897489650e+01,-3.059318068031069515e+01,1.426716877972467046e-04,1.294472549844272180e-04,7.211338299839553656e-07,1.073692739009857178e-01,2.443929672241210938e+00,-2.589633464813232422e+00,-1.108857897584673152e-01,-9.994026636743284786e-02,-3.697346534723724987e-02,-8.621623824898340160e+01,4.265336094260746336e+01,-3.063015414565793293e+01,0.000000000000000000e+00,0.000000000000000000e+00,0.000000000000000000e+00,0.000000000000000000e+00,8.276383666992187500e+02,8.276372680664062500e+02,8.276372680664062500e+02,8.276383666992187500e+02,-1.008269141843890190e+09
1.326000000000000068e+00,-8.610520984070811323e+01,4.275343063600157478e+01,-3.059318016954156505e+01,1.426185168185156726e-04,1.294270266782859835e-04,5.107691301020622632e-07,1.073773801326751709e-01,2.443962097167968750e+00,-2.589661836624145508e+00,-1.110284082752876211e-01,-1.000696933941124106e-01,-3.697397611636803194e-02,-8.621623824898340160e+01,4.265336094260746336e+01,-3.063015414565793293e+01,0.000000000000000000e+00,0.000000000000000000e+00,0.000000000000000000e+00,0.000000000000000000e+00,8.276384277343750000e+02,8.276372680664062500e+02,8.276372680664062500e+02,8.276384277343750000e+02,-1.008279319749555945e+09
1.326999999999999957e+00,-8.610506725537663897e+01,4.275356004950164390e+01,-3.059317984248038869e+01,1.425853314742653311e-04,1.294135000691198911e-04,3.270611763639408309e-07,1.073860228061676025e-01,2.443996906280517578e+00,-2.589691638946533203e+00,-1.111709936067562937e-01,-1.001991068941804203e-01,-3.697430317754413220e-02,-8.621623824898340160e+01,4.265336094260746336e+01,-3.063015414565793293e+01,0.000000000000000000e+00,0.000000000000000000e+00,0.000000000000000000e+00,0.000000000000000000e+00,8.276384277343750000e+02,8.276372680664062500e+02,8.276372680664062500e+02,8.276384277343750000e+02,-1.008289497641712785e+09
1.328000000000000069e+00,-8.610492468990931059e+01,4.275368945616828853e+01,-3.059317967913482050e+01,1.425654673283816010e-04,1.294066666446269664e-04,1.633455681826490036e-07,1.073941290378570557e-01,2.444028615951538086e+00,-2.589720726013183594e+00,-1.113135590740950143e-01,-1.003285135608221051e-01,-3.697446652311361243e-02,-8.621623824898340160e+01,4.265336094260746336e+01,-3.063015414565793293e+01,0.000000000000000000e+00,0.000000000000000000e+00,0.000000000000000000e+00,0.000000000000000000e+00,8.276384277343750000e+02,8.276372070312500000e+02,8.276372070312500000e+02,8.276384277343750000e+02,-1.008299675520373583e+09
1.328999999999999959e+00,-8.610478213099374045e+01,4.275381886270452014e+01,-3.059317964950743374e+01,1.425589155701345589e-04,1.294065362316132450e-04,2.962738676615117583e-08,1.074021756649017334e-01,2.444061517715454102e+00,-2.589749336242675781e+00,-1.114561179896675913e-01,-1.004579200970571601e-01,-3.697449615049991367e-02,-8.621623824898340160e+01,4.265336094260746336e+01,-3.063015414565793293e+01,0.000000000000000000e+00,0.000000000000000000e+00,0.000000000000000000e+00,0.000000000000000000e+00,8.276384277343750000e+02,8.276372070312500000e+02,8.276372070312500000e+02,8.276384277343750000e+02,-1.008309853385547876e+09
1.330000000000000071e+00,-8.610463957197477214e+01,4.275394826246139246e+01,-3.059317973358723464e+01,1.425590189683134668e-04,1.293997568723170843e-04,-8.407980089941702317e-08,1.074110865592956543e-01,2.444097042083740234e+00,-2.589780330657958984e+00,-1.115986770086288410e-01,-1.005873198539284780e-01,-3.697441207069836894e-02,-8.621623824898340160e+01,4.265336094260746336e+01,-3.063015414565793293e+01,0.000000000000000000e+00,0.000000000000000000e+00,0.000000000000000000e+00,0.000000000000000000e+00,8.276384277343750000e+02,8.276372070312500000e+02,8.276372070312500000e+02,8.276384277343750000e+02,-1.008320031237241864e+09
1.330999999999999961e+00,-8.610449698620725201e+01,4.275407767548997384e+01,-3.059317989806657678e+01,1.425857675201314123e-04,1.294130285813821502e-04,-1.644793421462509286e-07,1.074191927909851074e-01,2.444128990173339844e+00,-2.589809179306030273e+00,-1.117412627761532190e-01,-1.007167328825082642e-01,-3.697424759135711086e-02,-8.621623824898340160e+01,4.265336094260746336e+01,-3.063015414565793293e+01,0.000000000000000000e+00,0.000000000000000000e+00,0.000000000000000000e+00,0.000000000000000000e+00,8.276384277343750000e+02,8.276372070312500000e+02,8.276372070312500000e+02,8.276384277343750000e+02,-1.008330209075457335e+09
1.332000000000000073e+00,-8.610435437371141632e+01,4.275420710181276007e+01,-3.059318011960020556e+01,1.426124958356922434e-04,1.294263227862302301e-04,-2.215336287747504684e-07,1.074275672435760498e-01,2.444162845611572266e+00,-2.589838743209838867e+00,-1.118838752719782670e-01,-1.008461592052989353e-01,-3.697402605772837775e-02,-8.621623824898340160e+01,4.265336094260746336e+01,-3.063015414565793293e+01,0.000000000000000000e+00,0.000000000000000000e+00,0.000000000000000000e+00,0.000000000000000000e+00,8.276384277343750000e+02,8.276372070312500000e+02,8.276372070312500000e+02,8.276384277343750000e+02,-1.008340386900194168e+09
1.332999999999999963e+00,-8.610421171450531119e+01,4.275433654813549111e+01,-3.059318036819689723e+01,1.426592061051223936e-04,1.294463227310416187e-04,-2.485966916765391943e-07,1.074358224868774414e-01,2.444195747375488281e+00,-2.589868068695068359e+00,-1.120265344780969341e-01,-1.009756055280264520e-01,-3.697377746103566731e-02,-8.621623824898340160e+01,4.265336094260746336e+01,-3.063015414565793293e+01,0.000000000000000000e+00,0.000000000000000000e+00,0.000000000000000000e+00,0.000000000000000000e+00,8.276384277343750000e+02,8.276372070312500000e+02,8.276372070312500000e+02,8.276384277343750000e+02,-1.008350564711447835e+09
1.334000000000000075e+00,-8.610406900194433888e+01,4.275446602115644623e+01,-3.059318061718884252e+01,1.427125609723134403e-04,1.294730209551175903e-04,-2.489919452841604652e-07,1.074442267417907715e-01,2.444229841232299805e+00,-2.589897394180297852e+00,-1.121692470390615592e-01,-1.011050785489850667e-01,-3.697352846908912721e-02,-8.621623824898340160e+01,4.265336094260746336e+01,-3.063015414565793293e+01,0.000000000000000000e+00,0.000000000000000000e+00,0.000000000000000000e+00,0.000000000000000000e+00,8.276384277343750000e+02,8.276372680664062500e+02,8.276372680664062500e+02,8.276384277343750000e+02,-1.008360742509211540e+09
1.334999999999999964e+00,-8.610392620937240338e+01,4.275459551424359006e+01,-3.059318083657784726e+01,1.427925719355016554e-04,1.294930871438282338e-04,-2.193890047408331156e-07,1.074524223804473877e-01,2.444262742996215820e+00,-2.589926719665527344e+00,-1.123120396110003083e-01,-1.012345716361232884e-01,-3.697330908008402556e-02,-8.621623824898340160e+01,4.265336094260746336e+01,-3.063015414565793293e+01,0.000000000000000000e+00,0.000000000000000000e+00,0.000000000000000000e+00,0.000000000000000000e+00,8.276384277343750000e+02,8.276372680664062500e+02,8.276372680664062500e+02,8.276383666992187500e+02,-1.008370920293471575e+09
1.336000000000000076e+00,-8.610378334352435559e+01,4.275472504139392527e+01,-3.059318100191313050e+01,1.428658480477906778e-04,1.295271503352068976e-04,-1.653352832420296181e-07,1.074610650539398193e-01,2.444297552108764648e+00,-2.589956998825073242e+00,-1.124549054590429364e-01,-1.013640987864641296e-01,-3.697314374480324684e-02,-8.621623824898340160e+01,4.265336094260746336e+01,-3.063015414565793293e+01,0.000000000000000000e+00,0.000000000000000000e+00,0.000000000000000000e+00,0.000000000000000000e+00,8.276383666992187500e+02,8.276372680664062500e+02,8.276372680664062500e+02,8.276383666992187500e+02,-1.008381098064214826e+09
1.336999999999999966e+00,-8.610364037768273704e+01,4.275485461470972837e+01,-3.059318108210707621e+01,1.429658416185475289e-04,1.295733158030998311e-04,-8.019394570624172047e-08,1.074689626693725586e-01,2.444328546524047852e+00,-2.589985370635986328e+00,-1.125978713006608178e-01,-1.014936721022684230e-01,-3.697306355085767243e-02,-8.621623824898340160e+01,4.265336094260746336e+01,-3.063015414565793293e+01,0.000000000000000000e+00,0.000000000000000000e+00,0.000000000000000000e+00,0.000000000000000000e+00,8.276383666992187500e+02,8.276373291015625000e+02,8.276373291015625000e+02,8.276383666992187500e+02,-1.008391275821422935e+09
1.338000000000000078e+00,-8.610349730523044798e+01,4.275498422819327260e+01,-3.059318104936616933e+01,1.430724522890614026e-04,1.296134835442330768e-04,3.274090687455100124e-08,1.074778139591217041e-01,2.444364070892333984e+00,-2.590016126632690430e+00,-1.127409437529564157e-01,-1.016232855858091311e-01,-3.697309629176438739e-02,-8.621623824898340160e+01,4.265336094260746336e+01,-3.063015414565793293e+01,0.000000000000000000e+00,0.000000000000000000e+00,0.000000000000000000e+00,0.000000000000000000e+00,8.276383056640625000e+02,8.276373291015625000e+02,8.276373291015625000e+02,8.276383056640625000e+02,-1.008401453565074205e+09
1.338999999999999968e+00,-8.610335411284749796e+01,4.275511388853912109e+01,-3.059318088369899158e+01,1.431923829500192369e-04,1.296603458484923976e-04,1.656671777539031609e-07,1.074859797954559326e-01,2.444397687911987305e+00,-2.590044975280761719e+00,-1.128841361359025908e-01,-1.017529459316576512e-01,-3.697326195894310580e-02,-8.621623824898340160e+01,4.265336094260746336e+01,-3.063015414565793293e+01,0.000000000000000000e+00,0.000000000000000000e+00,0.000000000000000000e+00,0.000000000000000000e+00,8.276383056640625000e+02,8.276373901367187500e+02,8.276373901367187500e+02,8.276383056640625000e+02,-1.008411631295143843e+09
1.340000000000000080e+00,-8.610321081390424069e+01,4.275524359577637057e+01,-3.059318055174370343e+01,1.432989432572639998e-04,1.297072372494767478e-04,3.319552881464460370e-07,1.074940562248229980e-01,2.444429636001586914e+00,-2.590073823928833008e+00,-1.130274350791650867e-01,-1.018826531689057124e-01,-3.697359391423057917e-02,-8.621623824898340160e+01,4.265336094260746336e+01,-3.063015414565793293e+01,0.000000000000000000e+00,0.000000000000000000e+00,0.000000000000000000e+00,0.000000000000000000e+00,8.276382446289062500e+02,8.276373901367187500e+02,8.276373901367187500e+02,8.276382446289062500e+02,-1.008421809011607528e+09
1.340999999999999970e+00,-8.610306736839744701e+01,4.275537335660517613e+01,-3.059318003686775711e+01,1.434455067936823980e-04,1.297608288055585035e-04,5.148759463224905630e-07,1.075027883052825928e-01,2.444464206695556641e+00,-2.590104579925537109e+00,-1.131708805859533151e-01,-1.020124139977143518e-01,-3.697410879017571511e-02,-8.621623824898340160e+01,4.265336094260746336e+01,-3.063015414565793293e+01,0.000000000000000000e+00,0.000000000000000000e+00,0.000000000000000000e+00,0.000000000000000000e+00,8.276381835937500000e+02,8.276374511718750000e+02,8.276374511718750000e+02,8.276381835937500000e+02,-1.008431986714433432e+09
1.342000000000000082e+00,-8.610292378969093363e+01,4.275550317771512709e+01,-3.059317931572116223e+01,1.435787065133808937e-04,1.298211099509671840e-04,7.211465948842032958e-07,1.075108051300048828e-01,2.444496631622314453e+00,-2.590132713317871094e+00,-1.133144592924678201e-01,-1.021422351076634732e-01,-3.697482993677173729e-02,-8.621623824898340160e+01,4.265336094260746336e+01,-3.063015414565793293e+01,0.000000000000000000e+00,0.000000000000000000e+00,0.000000000000000000e+00,0.000000000000000000e+00,8.276381835937500000e+02,8.276375122070312500e+02,8.276375122070312500e+02,8.276381835937500000e+02,-1.008442164403591156e+09
1.342999999999999972e+00,-8.610278006446597487e+01,4.275563305913443912e+01,-3.059317836497109866e+01,1.437252249587572805e-04,1.298814193120279015e-04,9.507500635663745925e-07,1.075195670127868652e-01,2.444530963897705078e+00,-2.590163946151733398e+00,-1.134581845174327114e-01,-1.022721165269729060e-01,-3.697578068683361752e-02,-8.621623824898340160e+01,4.265336094260746336e+01,-3.063015414565793293e+01,0.000000000000000000e+00,0.000000000000000000e+00,0.000000000000000000e+00,0.000000000000000000e+00,8.276381225585937500e+02,8.276375732421875000e+02,8.276375732421875000e+02,8.276381225585937500e+02,-1.008452342079046726e+09
1.344000000000000083e+00,-8.610263619273906954e+01,4.275576299421371118e+01,-3.059317716460135017e+01,1.438717269053313430e-04,1.299350792720588288e-04,1.200369748488583355e-06,1.075277626514434814e-01,2.444564580917358398e+00,-2.590193271636962891e+00,-1.136020562443318949e-01,-1.024020516062472130e-01,-3.697698105658337592e-02,-8.621623824898340160e+01,4.265336094260746336e+01,-3.063015414565793293e+01,0.000000000000000000e+00,0.000000000000000000e+00,0.000000000000000000e+00,0.000000000000000000e+00,8.276380615234375000e+02,8.276375732421875000e+02,8.276375732421875000e+02,8.276380615234375000e+02,-1.008462519740764380e+09
1.344999999999999973e+00,-8.610249216119001403e+01,4.275589299631499784e+01,-3.059317569796249003e+01,1.440315490555121869e-04,1.300021012866636738e-04,1.466638860136981748e-06,1.075360774993896484e-01,2.444597959518432617e+00,-2.590222358703613281e+00,-1.137460877933850756e-01,-1.025320537075313926e-01,-3.697844769544281207e-02,-8.621623824898340160e+01,4.265336094260746336e+01,-3.063015414565793293e+01,0.000000000000000000e+00,0.000000000000000000e+00,0.000000000000000000e+00,0.000000000000000000e+00,8.276380004882812500e+02,8.276376342773437500e+02,8.276376342773437500e+02,8.276380004882812500e+02,-1.008472697388705850e+09
1.346000000000000085e+00,-8.610234798316892579e+01,4.275602306544493558e+01,-3.059317395503819625e+01,1.441780210882370739e-04,1.300691299377376708e-04,1.742924293779424261e-06,1.075448095798492432e-01,2.444633007049560547e+00,-2.590253114700317383e+00,-1.138902658144822777e-01,-1.026621228374703515e-01,-3.698019061973499555e-02,-8.621623824898340160e+01,4.265336094260746336e+01,-3.063015414565793293e+01,0.000000000000000000e+00,0.000000000000000000e+00,0.000000000000000000e+00,0.000000000000000000e+00,8.276379394531250000e+02,8.276376953125000000e+02,8.276376953125000000e+02,8.276379394531250000e+02,-1.008482875022835135e+09
1.346999999999999975e+00,-8.610220364535014426e+01,4.275615318828859301e+01,-3.059317191581758166e+01,1.443378187815369529e-04,1.301228436574319858e-04,2.039220614591386038e-06,1.075528860092163086e-01,2.444664716720581055e+00,-2.590280771255493164e+00,-1.140346036332611224e-01,-1.027922456811325436e-01,-3.698222984035093308e-02,-8.621623824898340160e+01,4.265336094260746336e+01,-3.063015414565793293e+01,0.000000000000000000e+00,0.000000000000000000e+00,0.000000000000000000e+00,0.000000000000000000e+00,8.276379394531250000e+02,8.276377563476562500e+02,8.276377563476562500e+02,8.276379394531250000e+02,-1.008493052643110991e+09
1.348000000000000087e+00,-8.610205914774408598e+01,4.275628338486077240e+01,-3.059316957698624861e+01,1.444976060582803257e-04,1.301965721793862940e-04,2.338831333048574379e-06,1.075616776943206787e-01,2.444700479507446289e+00,-2.590312004089355469e+00,-1.141791012393177235e-01,-1.029224422533079469e-01,-3.698456867168299633e-02,-8.621623824898340160e+01,4.265336094260746336e+01,-3.063015414565793293e+01,0.000000000000000000e+00,0.000000000000000000e+00,0.000000000000000000e+00,0.000000000000000000e+00,8.276378784179687500e+02,8.276378173828125000e+02,8.276378173828125000e+02,8.276378784179687500e+02,-1.008503230249494195e+09
1.348999999999999977e+00,-8.610191449036248912e+01,4.275641364183902482e+01,-3.059316692185644371e+01,1.446573815968577037e-04,1.302569782524187758e-04,2.655129804907119251e-06,1.075695157051086426e-01,2.444731950759887695e+00,-2.590340137481689453e+00,-1.143237586209129991e-01,-1.030526992315638907e-01,-3.698722380149069289e-02,-8.621623824898340160e+01,4.265336094260746336e+01,-3.063015414565793293e+01,0.000000000000000000e+00,0.000000000000000000e+00,0.000000000000000000e+00,0.000000000000000000e+00,8.276378173828125000e+02,8.276378784179687500e+02,8.276378784179687500e+02,8.276378173828125000e+02,-1.008513407841942906e+09
1.350000000000000089e+00,-8.610176968654968732e+01,4.275654395922359186e+01,-3.059316394708186237e+01,1.448038128017969939e-04,1.303173845670357878e-04,2.974774581332439993e-06,1.075784265995025635e-01,2.444766521453857422e+00,-2.590371847152709961e+00,-1.144685624337209440e-01,-1.031830166161284701e-01,-3.699019857606918038e-02,-8.621623824898340160e+01,4.265336094260746336e+01,-3.063015414565793293e+01,0.000000000000000000e+00,0.000000000000000000e+00,0.000000000000000000e+00,0.000000000000000000e+00,8.276377563476562500e+02,8.276378784179687500e+02,8.276378784179687500e+02,8.276377563476562500e+02,-1.008523585420417666e+09
1.350999999999999979e+00,-8.610162472296950398e+01,4.275667433702334819e+01,-3.059316064934020574e+01,1.449635801833437654e-04,1.303777997563315694e-04,3.297741656638208951e-06,1.075865030288696289e-01,2.444798946380615234e+00,-2.590400218963623047e+00,-1.146135260138965023e-01,-1.033133944158849404e-01,-3.699349631772792801e-02,-8.621623824898340160e+01,4.265336094260746336e+01,-3.063015414565793293e+01,0.000000000000000000e+00,0.000000000000000000e+00,0.000000000000000000e+00,0.000000000000000000e+00,8.276376953125000000e+02,8.276379394531250000e+02,8.276379394531250000e+02,8.276376953125000000e+02,-1.008533762984876513e+09
1.352000000000000091e+00,-8.610147961296030417e+01,4.275680477523187761e+01,-3.059315703195525415e+01,1.451100091998114294e-04,1.304382085294264471e-04,3.617384951581925634e-06,1.075953543186187744e-01,2.444834470748901367e+00,-2.590431690216064453e+00,-1.147586360231000607e-01,-1.034438326244177669e-01,-3.699711370267907279e-02,-8.621623824898340160e+01,4.265336094260746336e+01,-3.063015414565793293e+01,0.000000000000000000e+00,0.000000000000000000e+00,0.000000000000000000e+00,0.000000000000000000e+00,8.276376342773437500e+02,8.276380004882812500e+02,8.276380004882812500e+02,8.276376342773437500e+02,-1.008543940535279870e+09
1.352999999999999980e+00,-8.610133436986943423e+01,4.275693527385279680e+01,-3.059315308824556823e+01,1.452430908699398060e-04,1.304986209191838498e-04,3.943709685927387909e-06,1.076041758060455322e-01,2.444869995117187500e+00,-2.590462446212768555e+00,-1.149038791139657262e-01,-1.035743312453305670e-01,-3.700105741236377893e-02,-8.621623824898340160e+01,4.265336094260746336e+01,-3.063015414565793293e+01,0.000000000000000000e+00,0.000000000000000000e+00,0.000000000000000000e+00,0.000000000000000000e+00,8.276375732421875000e+02,8.276380615234375000e+02,8.276380615234375000e+02,8.276375732421875000e+02,-1.008554118071589947e+09
1.354000000000000092e+00,-8.610118898034960466e+01,4.275706582621485552e+01,-3.059314882488732223e+01,1.453895198295640512e-04,1.305523620587223377e-04,4.263358245992776574e-06,1.076123714447021484e-01,2.444902658462524414e+00,-2.590491533279418945e+00,-1.150492686337985793e-01,-1.037048836073928976e-01,-3.700532077061236685e-02,-8.621623824898340160e+01,4.265336094260746336e+01,-3.063015414565793293e+01,0.000000000000000000e+00,0.000000000000000000e+00,0.000000000000000000e+00,0.000000000000000000e+00,8.276375732421875000e+02,8.276381225585937500e+02,8.276381225585937500e+02,8.276375732421875000e+02,-1.008564295593766928e+09
1.354999999999999982e+00,-8.610104347107723299e+01,4.275719642563719702e+01,-3.059314424518539610e+01,1.455092723716688852e-04,1.305994223415041233e-04,4.579701926132884182e-06,1.076209843158721924e-01,2.444937705993652344e+00,-2.590522050857543945e+00,-1.151947779061653354e-01,-1.038354830297363307e-01,-3.700990047253515519e-02,-8.621623824898340160e+01,4.265336094260746336e+01,-3.063015414565793293e+01,0.000000000000000000e+00,0.000000000000000000e+00,0.000000000000000000e+00,0.000000000000000000e+00,8.276375122070312500e+02,8.276381225585937500e+02,8.276381835937500000e+02,8.276375122070312500e+02,-1.008574473101774693e+09
1.356000000000000094e+00,-8.610089784204345165e+01,4.275732707877772754e+01,-3.059313936248731736e+01,1.456290337813470614e-04,1.306531405305122462e-04,4.882698078745306702e-06,1.076292097568511963e-01,2.444970607757568359e+00,-2.590551376342773438e+00,-1.153404069399476817e-01,-1.039661361702645948e-01,-3.701478317061503154e-02,-8.621623824898340160e+01,4.265336094260746336e+01,-3.063015414565793293e+01,0.000000000000000000e+00,0.000000000000000000e+00,0.000000000000000000e+00,0.000000000000000000e+00,8.276374511718750000e+02,8.276381835937500000e+02,8.276381835937500000e+02,8.276374511718750000e+02,-1.008584650595578909e+09
1.356999999999999984e+00,-8.610075209323593981e+01,4.275745777228731015e+01,-3.059313418678542718e+01,1.457488075118362758e-04,1.306935095826133875e-04,5.175701890181017006e-06,1.076380610466003418e-01,2.445006132125854492e+00,-2.590582370758056641e+00,-1.154861557474674283e-01,-1.040968296798439469e-01,-3.701995887250580236e-02,-8.621623824898340160e+01,4.265336094260746336e+01,-3.063015414565793293e+01,0.000000000000000000e+00,0.000000000000000000e+00,0.000000000000000000e+00,0.000000000000000000e+00,8.276374511718750000e+02,8.276382446289062500e+02,8.276382446289062500e+02,8.276374511718750000e+02,-1.008594828075144410e+09
1.358000000000000096e+00,-8.610060626466733424e+01,4.275758850614401041e+01,-3.059312872804906647e+01,1.458285686055660335e-04,1.307338567002602758e-04,5.458736360708371649e-06,1.076464951038360596e-01,2.445039033889770508e+00,-2.590612411499023438e+00,-1.156319843160705518e-01,-1.042275635365461639e-01,-3.702541760886702421e-02,-8.621623824898340160e+01,4.265336094260746336e+01,-3.063015414565793293e+01,0.000000000000000000e+00,0.000000000000000000e+00,0.000000000000000000e+00,0.000000000000000000e+00,8.276373901367187500e+02,8.276382446289062500e+02,8.276383056640625000e+02,8.276373901367187500e+02,-1.008605005540443778e+09
1.358999999999999986e+00,-8.610046032964383755e+01,4.275771927367398462e+01,-3.059312299963643866e+01,1.459350234966905191e-04,1.307675299742072639e-04,5.728412627803436408e-06,1.076548993587493896e-01,2.445073604583740234e+00,-2.590641736984252930e+00,-1.157779193395690881e-01,-1.043583310665200103e-01,-3.703114602149461948e-02,-8.621623824898340160e+01,4.265336094260746336e+01,-3.063015414565793293e+01,0.000000000000000000e+00,0.000000000000000000e+00,0.000000000000000000e+00,0.000000000000000000e+00,8.276373291015625000e+02,8.276383056640625000e+02,8.276383056640625000e+02,8.276373291015625000e+02,-1.008615182991445184e+09
1.360000000000000098e+00,-8.610031432816887786e+01,4.275785007484505940e+01,-3.059311702152189127e+01,1.460014749596894035e-04,1.308011710747791767e-04,5.978114547389168365e-06,1.076641380786895752e-01,2.445109844207763672e+00,-2.590673685073852539e+00,-1.159239208145301930e-01,-1.044891322375948589e-01,-3.703712413604071801e-02,-8.621623824898340160e+01,4.265336094260746336e+01,-3.063015414565793293e+01,0.000000000000000000e+00,0.000000000000000000e+00,0.000000000000000000e+00,0.000000000000000000e+00,8.276373291015625000e+02,8.276383666992187500e+02,8.276383666992187500e+02,8.276373291015625000e+02,-1.008625360428124666e+09
1.360999999999999988e+00,-8.610016826022290104e+01,4.275798090296781595e+01,-3.059311081370936947e+01,1.460679459768243760e-04,1.308281227565544214e-04,6.207812521807909434e-06,1.076722741127014160e-01,2.445143222808837891e+00,-2.590703487396240234e+00,-1.160699887604983438e-01,-1.046199603603533146e-01,-3.704333194856484351e-02,-8.621623824898340160e+01,4.265336094260746336e+01,-3.063015414565793293e+01,0.000000000000000000e+00,0.000000000000000000e+00,0.000000000000000000e+00,0.000000000000000000e+00,8.276372680664062500e+02,8.276383666992187500e+02,8.276383666992187500e+02,8.276372680664062500e+02,-1.008635537850459218e+09
1.362000000000000099e+00,-8.610002214605862036e+01,4.275811174511039781e+01,-3.059310439507019552e+01,1.461141642806751406e-04,1.308421425818551143e-04,6.418639173944029608e-06,1.076811850070953369e-01,2.445177793502807617e+00,-2.590734720230102539e+00,-1.162161029247813920e-01,-1.047508025029334766e-01,-3.704975058773616464e-02,-8.621623824898340160e+01,4.265336094260746336e+01,-3.063015414565793293e+01,0.000000000000000000e+00,0.000000000000000000e+00,0.000000000000000000e+00,0.000000000000000000e+00,8.276372680664062500e+02,8.276383666992187500e+02,8.276383666992187500e+02,8.276372680664062500e+02,-1.008645715258429289e+09
1.362999999999999989e+00,-8.609987598514415197e+01,4.275824260705047664e+01,-3.059309778450212391e+01,1.461609144683961858e-04,1.308619400788302300e-04,6.610568071607758611e-06,1.076894104480743408e-01,2.445211410522460938e+00,-2.590764522552490234e+00,-1.163622638392455277e-01,-1.048816644430167339e-01,-3.705636115580736994e-02,-8.621623824898340160e+01,4.265336094260746336e+01,-3.063015414565793293e+01,0.000000000000000000e+00,0.000000000000000000e+00,0.000000000000000000e+00,0.000000000000000000e+00,8.276372680664062500e+02,8.276384277343750000e+02,8.276384277343750000e+02,8.276372680664062500e+02,-1.008655892652016878e+09
1.364000000000000101e+00,-8.609972981105653389e+01,4.275837348251940995e+01,-3.059309101087562155e+01,1.461740876180783744e-04,1.308754689333113674e-04,6.773626502365459601e-06,1.076981127262115479e-01,2.445245504379272461e+00,-2.590794086456298828e+00,-1.165084379268651327e-01,-1.050125399119448133e-01,-3.706313478231249015e-02,-8.621623824898340160e+01,4.265336094260746336e+01,-3.063015414565793293e+01,0.000000000000000000e+00,0.000000000000000000e+00,0.000000000000000000e+00,0.000000000000000000e+00,8.276372680664062500e+02,8.276384277343750000e+02,8.276384277343750000e+02,8.276372680664062500e+02,-1.008666070031210899e+09
1.364999999999999991e+00,-8.609958361043344155e+01,4.275850435816153805e+01,-3.059308409419978148e+01,1.462006230923407202e-04,1.308756421281032090e-04,6.916675840074049120e-06,1.077067852020263672e-01,2.445280790328979492e+00,-2.590824365615844727e+00,-1.166546385499638433e-01,-1.051434155540758864e-01,-3.707005145815214786e-02,-8.621623824898340160e+01,4.265336094260746336e+01,-3.063015414565793293e+01,0.000000000000000000e+00,0.000000000000000000e+00,0.000000000000000000e+00,0.000000000000000000e+00,8.276372070312500000e+02,8.276384277343750000e+02,8.276384277343750000e+02,8.276372070312500000e+02,-1.008676247395998120e+09
1.366000000000000103e+00,-8.609943742326852600e+01,4.275863523393383758e+01,-3.059307706445344976e+01,1.461871649155455088e-04,1.308757722995324002e-04,7.029746331710384766e-06,1.077153086662292480e-01,2.445314645767211914e+00,-2.590854406356811523e+00,-1.168008257148696327e-01,-1.052742913263751412e-01,-3.707708120448405947e-02,-8.621623824898340160e+01,4.265336094260746336e+01,-3.063015414565793293e+01,0.000000000000000000e+00,0.000000000000000000e+00,0.000000000000000000e+00,0.000000000000000000e+00,8.276372070312500000e+02,8.276384277343750000e+02,8.276384277343750000e+02,8.276372070312500000e+02,-1.008686424746374130e+09
1.366999999999999993e+00,-8.609929124953767143e+01,4.275876610980949977e+01,-3.059306994831702653e+01,1.461737308545707492e-04,1.308758756621841712e-04,7.116136423235275288e-06,1.077242791652679443e-01,2.445351123809814453e+00,-2.590887069702148438e+00,-1.169469994457298240e-01,-1.054051672020379499e-01,-3.708419734090528247e-02,-8.621623824898340160e+01,4.265336094260746336e+01,-3.063015414565793293e+01,0.000000000000000000e+00,0.000000000000000000e+00,0.000000000000000000e+00,0.000000000000000000e+00,8.276372070312500000e+02,8.276384277343750000e+02,8.276384277343750000e+02,8.276372070312500000e+02,-1.008696602082335830e+09
1.368000000000000105e+00,-8.609914510255349285e+01,4.275889696575033128e+01,-3.059306276910315248e+01,1.461469841785856261e-04,1.308559408315090877e-04,7.179213874053402833e-06,1.077327728271484375e-01,2.445384263992309570e+00,-2.590915918350219727e+00,-1.170931464299133085e-01,-1.055360231428683487e-01,-3.709137655477960649e-02,-8.621623824898340160e+01,4.265336094260746336e+01,-3.063015414565793293e+01,0.000000000000000000e+00,0.000000000000000000e+00,0.000000000000000000e+00,0.000000000000000000e+00,8.276372070312500000e+02,8.276384277343750000e+02,8.276384277343750000e+02,8.276372070312500000e+02,-1.008706779403882504e+09
1.368999999999999995e+00,-8.609899899563092163e+01,4.275902780839162887e+01,-3.059305555682168531e+01,1.461069225712208208e-04,1.308426412975904896e-04,7.212281467161574255e-06,1.077415943145751953e-01,2.445420026779174805e+00,-2.590947866439819336e+00,-1.172392533524858615e-01,-1.056668657841658143e-01,-3.709858883624768400e-02,-8.621623824898340160e+01,4.265336094260746336e+01,-3.063015414565793293e+01,0.000000000000000000e+00,0.000000000000000000e+00,0.000000000000000000e+00,0.000000000000000000e+00,8.276372680664062500e+02,8.276384277343750000e+02,8.276384277343750000e+02,8.276372070312500000e+02,-1.008716956711018085e+09
1.370000000000000107e+00,-8.609885294207832374e+01,4.275915862435820003e+01,-3.059304834146197649e+01,1.460535525978912119e-04,1.308159665711627895e-04,7.215359708823143592e-06,1.077501773834228516e-01,2.445453882217407227e+00,-2.590978384017944336e+00,-1.173853069050711240e-01,-1.057976817507396416e-01,-3.710580419595677082e-02,-8.621623824898340160e+01,4.265336094260746336e+01,-3.063015414565793293e+01,0.000000000000000000e+00,0.000000000000000000e+00,0.000000000000000000e+00,0.000000000000000000e+00,8.276372680664062500e+02,8.276384277343750000e+02,8.276384277343750000e+02,8.276372680664062500e+02,-1.008727134003749013e+09
1.370999999999999996e+00,-8.609870696855158201e+01,4.275928941361401314e+01,-3.059304114967953581e+01,1.459735267417272553e-04,1.307892558131129590e-04,7.191782440685301481e-06,1.077586412429809570e-01,2.445487737655639648e+00,-2.591007709503173828e+00,-1.175312804318172366e-01,-1.059284710065531987e-01,-3.711299597839551323e-02,-8.621623824898340160e+01,4.265336094260746336e+01,-3.063015414565793293e+01,0.000000000000000000e+00,0.000000000000000000e+00,0.000000000000000000e+00,0.000000000000000000e+00,8.276372680664062500e+02,8.276383666992187500e+02,8.276383666992187500e+02,8.276372680664062500e+02,-1.008737311282088637e+09
1.372000000000000108e+00,-8.609856106168565759e+01,4.275942017613589030e+01,-3.059303400816678575e+01,1.459068659244167065e-04,1.307625218771590880e-04,7.141512750052925185e-06,1.077671647071838379e-01,2.445522308349609375e+00,-2.591037988662719727e+00,-1.176771872977450811e-01,-1.060592335284291227e-01,-3.712013749114630168e-02,-8.621623824898340160e+01,4.265336094260746336e+01,-3.063015414565793293e+01,0.000000000000000000e+00,0.000000000000000000e+00,0.000000000000000000e+00,0.000000000000000000e+00,8.276372680664062500e+02,8.276383666992187500e+02,8.276383666992187500e+02,8.276372680664062500e+02,-1.008747488546049118e+09
1.372999999999999998e+00,-8.609841524812664204e+01,4.275955089187375080e+01,-3.059302694689363022e+01,1.458135590155507089e-04,1.307157378604983933e-04,7.061273155528624557e-06,1.077756285667419434e-01,2.445556640625000000e+00,-2.591067552566528320e+00,-1.178230008567608678e-01,-1.061899492662890104e-01,-3.712719876430343319e-02,-8.621623824898340160e+01,4.265336094260746336e+01,-3.063015414565793293e+01,0.000000000000000000e+00,0.000000000000000000e+00,0.000000000000000000e+00,0.000000000000000000e+00,8.276373291015625000e+02,8.276383666992187500e+02,8.276383666992187500e+02,8.276373291015625000e+02,-1.008757665795647621e+09
1.374000000000000110e+00,-8.609826955453429775e+01,4.275968157413134918e+01,-3.059301999252899762e+01,1.456935923442870262e-04,1.306822575983801471e-04,6.954364632605347651e-06,1.077848970890045166e-01,2.445593357086181641e+00,-2.591100692749023438e+00,-1.179686944491056821e-01,-1.063206315238857946e-01,-3.713415312893694753e-02,-8.621623824898340160e+01,4.265336094260746336e+01,-3.063015414565793293e+01,0.000000000000000000e+00,0.000000000000000000e+00,0.000000000000000000e+00,0.000000000000000000e+00,8.276373291015625000e+02,8.276383056640625000e+02,8.276383056640625000e+02,8.276373291015625000e+02,-1.008767843030908585e+09
1.375000000000000000e+00,-8.609812395420178177e+01,4.275981220955263495e+01,-3.059301316842878293e+01,1.456003325159827000e-04,1.306354212857741004e-04,6.824100214686268373e-06,1.077931225299835205e-01,2.445625543594360352e+00,-2.591129541397094727e+00,-1.181142947816164052e-01,-1.064512669451701116e-01,-3.714097722915059990e-02,-8.621623824898340160e+01,4.265336094260746336e+01,-3.063015414565793293e+01,0.000000000000000000e+00,0.000000000000000000e+00,0.000000000000000000e+00,0.000000000000000000e+00,8.276373901367187500e+02,8.276383056640625000e+02,8.276383056640625000e+02,8.276373901367187500e+02,-1.008778020251851916e+09
1.375999999999999890e+00,-8.609797848711936297e+01,4.275994279142298637e+01,-3.059300650456391324e+01,1.454670824188042388e-04,1.305818703514205481e-04,6.663864869693725268e-06,1.078020036220550537e-01,2.445661783218383789e+00,-2.591160535812377930e+00,-1.182597618640424536e-01,-1.065818488155198529e-01,-3.714764109401973852e-02,-8.621623824898340160e+01,4.265336094260746336e+01,-3.063015414565793293e+01,0.000000000000000000e+00,0.000000000000000000e+00,0.000000000000000000e+00,0.000000000000000000e+00,8.276373901367187500e+02,8.276382446289062500e+02,8.276382446289062500e+02,8.276373901367187500e+02,-1.008788197458505988e+09
1.377000000000000002e+00,-8.609783313992973319e+01,4.276007332639553482e+01,-3.059300002096337323e+01,1.453471896297742205e-04,1.305349725484461487e-04,6.483600540008183089e-06,1.078102588653564453e-01,2.445693492889404297e+00,-2.591189384460449219e+00,-1.184051090536741152e-01,-1.067123837880682297e-01,-3.715412469455821320e-02,-8.621623824898340160e+01,4.265336094260746336e+01,-3.063015414565793293e+01,0.000000000000000000e+00,0.000000000000000000e+00,0.000000000000000000e+00,0.000000000000000000e+00,8.276374511718750000e+02,8.276381835937500000e+02,8.276381835937500000e+02,8.276374511718750000e+02,-1.008798374650898457e+09
1.377999999999999892e+00,-8.609768793928672892e+01,4.276020380109650887e+01,-3.059299374093331991e+01,1.452006430042729335e-04,1.304747009740481190e-04,6.280030053318341743e-06,1.078188419342041016e-01,2.445728302001953125e+00,-2.591220378875732422e+00,-1.185503096966766673e-01,-1.068428584890488836e-01,-3.716040472461276667e-02,-8.621623824898340160e+01,4.265336094260746336e+01,-3.063015414565793293e+01,0.000000000000000000e+00,0.000000000000000000e+00,0.000000000000000000e+00,0.000000000000000000e+00,8.276375122070312500e+02,8.276381835937500000e+02,8.276381835937500000e+02,8.276375122070312500e+02,-1.008808551829062104e+09
1.379000000000000004e+00,-8.609754287182761345e+01,4.276033421550527436e+01,-3.059298768783086686e+01,1.450674591154665904e-04,1.304144087654890427e-04,6.053102453051906195e-06,1.078274846076965332e-01,2.445762872695922852e+00,-2.591250181198120117e+00,-1.186953771557893861e-01,-1.069732728978140812e-01,-3.716645782706588796e-02,-8.621623824898340160e+01,4.265336094260746336e+01,-3.063015414565793293e+01,0.000000000000000000e+00,0.000000000000000000e+00,0.000000000000000000e+00,0.000000000000000000e+00,8.276375732421875000e+02,8.276381225585937500e+02,8.276381225585937500e+02,8.276375732421875000e+02,-1.008818728993028641e+09
1.379999999999999893e+00,-8.609739796421555980e+01,4.276046457626161867e+01,-3.059298188164765619e+01,1.449076120536574308e-04,1.303607563443165418e-04,5.806183210665949446e-06,1.078360080718994141e-01,2.445796728134155273e+00,-2.591280460357666016e+00,-1.188402847678421137e-01,-1.071036336541525275e-01,-3.717226401027572819e-02,-8.621623824898340160e+01,4.265336094260746336e+01,-3.063015414565793293e+01,0.000000000000000000e+00,0.000000000000000000e+00,0.000000000000000000e+00,0.000000000000000000e+00,8.276375732421875000e+02,8.276380615234375000e+02,8.276380615234375000e+02,8.276375732421875000e+02,-1.008828906142835975e+09
1.381000000000000005e+00,-8.609725320309270558e+01,4.276059487001482751e+01,-3.059297633572181141e+01,1.447611228542200479e-04,1.302937532088321859e-04,5.545925844785415393e-06,1.078448593616485596e-01,2.445832014083862305e+00,-2.591311216354370117e+00,-1.189850458907026065e-01,-1.072339274073644405e-01,-3.717780993612195689e-02,-8.621623824898340160e+01,4.265336094260746336e+01,-3.063015414565793293e+01,0.000000000000000000e+00,0.000000000000000000e+00,0.000000000000000000e+00,0.000000000000000000e+00,8.276376342773437500e+02,8.276380004882812500e+02,8.276380004882812500e+02,8.276376342773437500e+02,-1.008839083278519869e+09
1.381999999999999895e+00,-8.609710860178179814e+01,4.276072510340886623e+01,-3.059297107005735228e+01,1.446013109074328895e-04,1.302333940387256916e-04,5.265664459130903197e-06,1.078530550003051758e-01,2.445864677429199219e+00,-2.591340065002441406e+00,-1.191296472016096786e-01,-1.073641608014020699e-01,-3.718307560058143474e-02,-8.621623824898340160e+01,4.265336094260746336e+01,-3.063015414565793293e+01,0.000000000000000000e+00,0.000000000000000000e+00,0.000000000000000000e+00,0.000000000000000000e+00,8.276376953125000000e+02,8.276379394531250000e+02,8.276380004882812500e+02,8.276376953125000000e+02,-1.008849260400119662e+09
1.383000000000000007e+00,-8.609696414693223687e+01,4.276085527643657258e+01,-3.059296609467118699e+01,1.444548495612707484e-04,1.301730277063484209e-04,4.975386165284589879e-06,1.078621745109558105e-01,2.445901393890380859e+00,-2.591371774673461914e+00,-1.192741020511579736e-01,-1.074943338291064754e-01,-3.718805098674420051e-02,-8.621623824898340160e+01,4.265336094260746336e+01,-3.063015414565793293e+01,0.000000000000000000e+00,0.000000000000000000e+00,0.000000000000000000e+00,0.000000000000000000e+00,8.276377563476562500e+02,8.276379394531250000e+02,8.276379394531250000e+02,8.276377563476562500e+02,-1.008859437507673502e+09
1.383999999999999897e+00,-8.609681985186550435e+01,4.276098538240498925e+01,-3.059296142621841241e+01,1.442950667325249015e-04,1.301059684166716579e-04,4.668452774581055564e-06,1.078700125217437744e-01,2.445933103561401367e+00,-2.591400623321533203e+00,-1.194183971178901793e-01,-1.076244397975225503e-01,-3.719271943952029424e-02,-8.621623824898340160e+01,4.265336094260746336e+01,-3.063015414565793293e+01,0.000000000000000000e+00,0.000000000000000000e+00,0.000000000000000000e+00,0.000000000000000000e+00,8.276378173828125000e+02,8.276378784179687500e+02,8.276378784179687500e+02,8.276378173828125000e+02,-1.008869614601221800e+09
1.385000000000000009e+00,-8.609667572991766349e+01,4.276111542130510657e+01,-3.059295706802074832e+01,1.441219478408584109e-04,1.300389001173130055e-04,4.358197664089402679e-06,1.078791022300720215e-01,2.445969581604003906e+00,-2.591431617736816406e+00,-1.195625190657389064e-01,-1.077544786976457614e-01,-3.719707763718581306e-02,-8.621623824898340160e+01,4.265336094260746336e+01,-3.063015414565793293e+01,0.000000000000000000e+00,0.000000000000000000e+00,0.000000000000000000e+00,0.000000000000000000e+00,8.276378784179687500e+02,8.276378173828125000e+02,8.276378173828125000e+02,8.276378784179687500e+02,-1.008879791680807710e+09
1.385999999999999899e+00,-8.609653174105960716e+01,4.276124539980843764e+01,-3.059295303012715195e+01,1.439888580563319920e-04,1.299785033310740801e-04,4.037893596375852212e-06,1.078869700431823730e-01,2.446001291275024414e+00,-2.591460466384887695e+00,-1.197065079237919355e-01,-1.078844572009728525e-01,-3.720111553078239014e-02,-8.621623824898340160e+01,4.265336094260746336e+01,-3.063015414565793293e+01,0.000000000000000000e+00,0.000000000000000000e+00,0.000000000000000000e+00,0.000000000000000000e+00,8.276378784179687500e+02,8.276377563476562500e+02,8.276377563476562500e+02,8.276378784179687500e+02,-1.008889968746468782e+09
1.387000000000000011e+00,-8.609638793245359523e+01,4.276137531146137860e+01,-3.059294931805860784e+01,1.438086060119303511e-04,1.299116529409616305e-04,3.712068544103885870e-06,1.078959703445434570e-01,2.446036815643310547e+00,-2.591491699218750000e+00,-1.198503165298090006e-01,-1.080143688539136199e-01,-3.720482759932375316e-02,-8.621623824898340160e+01,4.265336094260746336e+01,-3.063015414565793293e+01,0.000000000000000000e+00,0.000000000000000000e+00,0.000000000000000000e+00,0.000000000000000000e+00,8.276379394531250000e+02,8.276376953125000000e+02,8.276376953125000000e+02,8.276379394531250000e+02,-1.008900145798250318e+09
1.387999999999999901e+00,-8.609624424979173796e+01,4.276150516913619271e+01,-3.059294593073871127e+01,1.436826618572695224e-04,1.298576748141044845e-04,3.387319896575036182e-06,1.079042255878448486e-01,2.446069955825805664e+00,-2.591520786285400391e+00,-1.199939991916669918e-01,-1.081442265287264753e-01,-3.720821491922212537e-02,-8.621623824898340160e+01,4.265336094260746336e+01,-3.063015414565793293e+01,0.000000000000000000e+00,0.000000000000000000e+00,0.000000000000000000e+00,0.000000000000000000e+00,8.276380004882812500e+02,8.276376342773437500e+02,8.276376342773437500e+02,8.276380004882812500e+02,-1.008910322836189270e+09
1.389000000000000012e+00,-8.609610071355346861e+01,4.276163496640268136e+01,-3.059294286704320243e+01,1.435362382693483596e-04,1.297972664886515304e-04,3.063695508842556592e-06,1.079127192497253418e-01,2.446103811264038086e+00,-2.591550350189208984e+00,-1.201375354299343001e-01,-1.082740237952162093e-01,-3.721127861473098181e-02,-8.621623824898340160e+01,4.265336094260746336e+01,-3.063015414565793293e+01,0.000000000000000000e+00,0.000000000000000000e+00,0.000000000000000000e+00,0.000000000000000000e+00,8.276380615234375000e+02,8.276375732421875000e+02,8.276376342773437500e+02,8.276380615234375000e+02,-1.008920499860325694e+09
1.389999999999999902e+00,-8.609595731039642885e+01,4.276176470993057421e+01,-3.059294013032603132e+01,1.434031570397564792e-04,1.297435278928560365e-04,2.736717171103464352e-06,1.079210340976715088e-01,2.446136236190795898e+00,-2.591579675674438477e+00,-1.202809385869719611e-01,-1.084037673231091625e-01,-3.721401533190313304e-02,-8.621623824898340160e+01,4.265336094260746336e+01,-3.063015414565793293e+01,0.000000000000000000e+00,0.000000000000000000e+00,0.000000000000000000e+00,0.000000000000000000e+00,8.276381225585937500e+02,8.276375732421875000e+02,8.276375732421875000e+02,8.276381225585937500e+02,-1.008930676870697737e+09
1.391000000000000014e+00,-8.609581404033214369e+01,4.276189439973265394e+01,-3.059293770724632111e+01,1.432700642851614248e-04,1.296898020797243589e-04,2.423079710212050486e-06,1.079294979572296143e-01,2.446170091629028320e+00,-2.591609477996826172e+00,-1.204242086512612858e-01,-1.085334571251907188e-01,-3.721643841161315774e-02,-8.621623824898340160e+01,4.265336094260746336e+01,-3.063015414565793293e+01,0.000000000000000000e+00,0.000000000000000000e+00,0.000000000000000000e+00,0.000000000000000000e+00,8.276381225585937500e+02,8.276375122070312500e+02,8.276375122070312500e+02,8.276381225585937500e+02,-1.008940853867343307e+09
1.391999999999999904e+00,-8.609567089002459284e+01,4.276202404248570588e+01,-3.059293559448802569e+01,1.431503075508544498e-04,1.296427530519395077e-04,2.112758295425010147e-06,1.079377532005310059e-01,2.446202993392944336e+00,-2.591638326644897461e+00,-1.205673589588124872e-01,-1.086630998782427693e-01,-3.721855116990890194e-02,-8.621623824898340160e+01,4.265336094260746336e+01,-3.063015414565793293e+01,0.000000000000000000e+00,0.000000000000000000e+00,0.000000000000000000e+00,0.000000000000000000e+00,8.276381835937500000e+02,8.276374511718750000e+02,8.276374511718750000e+02,8.276381835937500000e+02,-1.008951030850297809e+09
1.393000000000000016e+00,-8.609552785948221754e+01,4.276215363819910209e+01,-3.059293378204539593e+01,1.430305423752997740e-04,1.295957133962133412e-04,1.812442629756105816e-06,1.079463958740234375e-01,2.446237802505493164e+00,-2.591669559478759766e+00,-1.207103895011836237e-01,-1.087926955916376920e-01,-3.722036361253787395e-02,-8.621623824898340160e+01,4.265336094260746336e+01,-3.063015414565793293e+01,0.000000000000000000e+00,0.000000000000000000e+00,0.000000000000000000e+00,0.000000000000000000e+00,8.276382446289062500e+02,8.276374511718750000e+02,8.276374511718750000e+02,8.276382446289062500e+02,-1.008961207819596291e+09
1.393999999999999906e+00,-8.609538492203729732e+01,4.276228320023118101e+01,-3.059293225995209298e+01,1.429374449202214237e-04,1.295620320789225843e-04,1.522093302952498561e-06,1.079544723033905029e-01,2.446270227432250977e+00,-2.591697454452514648e+00,-1.208533269460991405e-01,-1.089222576237158513e-01,-3.722188570583932071e-02,-8.621623824898340160e+01,4.265336094260746336e+01,-3.063015414565793293e+01,0.000000000000000000e+00,0.000000000000000000e+00,0.000000000000000000e+00,0.000000000000000000e+00,8.276383056640625000e+02,8.276373901367187500e+02,8.276373901367187500e+02,8.276382446289062500e+02,-1.008971384775269985e+09
1.395000000000000018e+00,-8.609524207770360249e+01,4.276241271526176035e+01,-3.059293100818327105e+01,1.428443336948248543e-04,1.295150305793413281e-04,1.251768821930454578e-06,1.079636216163635254e-01,2.446306705474853516e+00,-2.591730356216430664e+00,-1.209961712798009181e-01,-1.090517726542988008e-01,-3.722313747466313855e-02,-8.621623824898340160e+01,4.265336094260746336e+01,-3.063015414565793293e+01,0.000000000000000000e+00,0.000000000000000000e+00,0.000000000000000000e+00,0.000000000000000000e+00,8.276383056640625000e+02,8.276373291015625000e+02,8.276373291015625000e+02,8.276383056640625000e+02,-1.008981561717347264e+09
1.395999999999999908e+00,-8.609509931315908204e+01,4.276254220331862399e+01,-3.059293001343205276e+01,1.427645445204461794e-04,1.294880568636358475e-04,9.947512182861828478e-07,1.079714000225067139e-01,2.446338653564453125e+00,-2.591757297515869141e+00,-1.211389358243129960e-01,-1.091812607111605632e-01,-3.722413222588184106e-02,-8.621623824898340160e+01,4.265336094260746336e+01,-3.063015414565793293e+01,0.000000000000000000e+00,0.000000000000000000e+00,0.000000000000000000e+00,0.000000000000000000e+00,8.276383666992187500e+02,8.276373291015625000e+02,8.276373291015625000e+02,8.276383666992187500e+02,-1.008991738645855546e+09
1.397000000000000020e+00,-8.609495661508172759e+01,4.276267166442633538e+01,-3.059292925570045085e+01,1.426980773544528347e-04,1.294611077113927422e-04,7.577316019080626575e-07,1.079799830913543701e-01,2.446372509002685547e+00,-2.591788291931152344e+00,-1.212816339016783429e-01,-1.093107218188704571e-01,-3.722488995748118173e-02,-8.621623824898340160e+01,4.265336094260746336e+01,-3.063015414565793293e+01,0.000000000000000000e+00,0.000000000000000000e+00,0.000000000000000000e+00,0.000000000000000000e+00,8.276383666992187500e+02,8.276372680664062500e+02,8.276372680664062500e+02,8.276383666992187500e+02,-1.009001915560818434e+09
1.397999999999999909e+00,-8.609481397014636173e+01,4.276280109860602607e+01,-3.059292871832560223e+01,1.426449353658654218e-04,1.294341796906905984e-04,5.373748486192653218e-07,1.079881489276885986e-01,2.446404457092285156e+00,-2.591816425323486328e+00,-1.214242788370336057e-01,-1.094401559985640343e-01,-3.722542733233033529e-02,-8.621623824898340160e+01,4.265336094260746336e+01,-3.063015414565793293e+01,0.000000000000000000e+00,0.000000000000000000e+00,0.000000000000000000e+00,0.000000000000000000e+00,8.276383666992187500e+02,8.276372680664062500e+02,8.276372680664062500e+02,8.276383666992187500e+02,-1.009012092462256312e+09
1.399000000000000021e+00,-8.609467136503863571e+01,4.276293051922622368e+01,-3.059292837798872000e+01,1.426051077260126476e-04,1.294206201976066950e-04,3.403368822318952880e-07,1.079967617988586426e-01,2.446439981460571289e+00,-2.591847181320190430e+00,-1.215668839447718308e-01,-1.095695766187623904e-01,-3.722576766921163738e-02,-8.621623824898340160e+01,4.265336094260746336e+01,-3.063015414565793293e+01,0.000000000000000000e+00,0.000000000000000000e+00,0.000000000000000000e+00,0.000000000000000000e+00,8.276384277343750000e+02,8.276372680664062500e+02,8.276372680664062500e+02,8.276384277343750000e+02,-1.009022269350187063e+09
1.399999999999999911e+00,-8.609452879978017847e+01,4.276305992631099429e+01,-3.059292821134422979e+01,1.425652584572389969e-04,1.294070847706052518e-04,1.666444902070907119e-07,1.080044507980346680e-01,2.446470499038696289e+00,-2.591873645782470703e+00,-1.217094492032207015e-01,-1.096989837035333565e-01,-3.722593431370372491e-02,-8.621623824898340160e+01,4.265336094260746336e+01,-3.063015414565793293e+01,0.000000000000000000e+00,0.000000000000000000e+00,0.000000000000000000e+00,0.000000000000000000e+00,8.276384277343750000e+02,8.276372070312500000e+02,8.276372070312500000e+02,8.276384277343750000e+02,-1.009032446224627137e+09
1.401000000000000023e+00,-8.609438623437952742e+01,4.276318933324133553e+01,-3.059292819176400613e+01,1.425654006510512772e-04,1.294069303412470617e-04,1.958022366466138919e-08,1.080133914947509766e-01,2.446506023406982422e+00,-2.591905832290649414e+00,-1.218520146038749030e-01,-1.098283906338738819e-01,-3.722595389392578669e-02,-8.621623824898340160e+01,4.265336094260746336e+01,-3.063015414565793293e+01,0.000000000000000000e+00,0.000000000000000000e+00,0.000000000000000000e+00,0.000000000000000000e+00,8.276384277343750000e+02,8.276372070312500000e+02,8.276372070312500000e+02,8.276384277343750000e+02,-1.009042623085585594e+09
1.401999999999999913e+00,-8.609424368219666235e+01,4.276331873336710032e+01,-3.059292829588277129e+01,1.425521828650744283e-04,1.294001257647892089e-04,-1.041187651651398482e-07,1.080211699008941650e-01,2.446537256240844727e+00,-2.591932773590087891e+00,-1.219945667867339267e-01,-1.099577907596386434e-01,-3.722584977516291138e-02,-8.621623824898340160e+01,4.265336094260746336e+01,-3.063015414565793293e+01,0.000000000000000000e+00,0.000000000000000000e+00,0.000000000000000000e+00,0.000000000000000000e+00,8.276384277343750000e+02,8.276372070312500000e+02,8.276372070312500000e+02,8.276384277343750000e+02,-1.009052799933071613e+09
1.403000000000000025e+00,-8.609410110324247967e+01,4.276344814673965544e+01,-3.059292849707973971e+01,1.425789541826816276e-04,1.294133725551205316e-04,-2.011969684190262342e-07,1.080294847488403320e-01,2.446570634841918945e+00,-2.591962814331054688e+00,-1.221371457409183431e-01,-1.100872041321903083e-01,-3.722564857819336132e-02,-8.621623824898340160e+01,4.265336094260746336e+01,-3.063015414565793293e+01,0.000000000000000000e+00,0.000000000000000000e+00,0.000000000000000000e+00,0.000000000000000000e+00,8.276384277343750000e+02,8.276372070312500000e+02,8.276372070312500000e+02,8.276384277343750000e+02,-1.009062976767087698e+09
1.403999999999999915e+00,-8.609395851087825235e+01,4.276357756004254185e+01,-3.059292876864755684e+01,1.425923642273119185e-04,1.294133028864052903e-04,-2.715678171227864368e-07,1.080381870269775391e-01,2.446605205535888672e+00,-2.591992139816284180e+00,-1.222797381051459326e-01,-1.102166174350766026e-01,-3.722537701037762631e-02,-8.621623824898340160e+01,4.265336094260746336e+01,-3.063015414565793293e+01,0.000000000000000000e+00,0.000000000000000000e+00,0.000000000000000000e+00,0.000000000000000000e+00,8.276384277343750000e+02,8.276372070312500000e+02,8.276372070312500000e+02,8.276384277343750000e+02,-1.009073153587636232e+09
1.405000000000000027e+00,-8.609381587846071682e+01,4.276370699999672098e+01,-3.059292908062491634e+01,1.426324175355375701e-04,1.294399541791335650e-04,-3.119773595017250045e-07,1.080463826656341553e-01,2.446638584136962891e+00,-2.592021942138671875e+00,-1.224223705226877568e-01,-1.103460573892546120e-01,-3.722506503301782621e-02,-8.621623824898340160e+01,4.265336094260746336e+01,-3.063015414565793293e+01,0.000000000000000000e+00,0.000000000000000000e+00,0.000000000000000000e+00,0.000000000000000000e+00,8.276384277343750000e+02,8.276372070312500000e+02,8.276372070312500000e+02,8.276384277343750000e+02,-1.009083330394714832e+09
1.405999999999999917e+00,-8.609367319267087737e+01,4.276383645329470795e+01,-3.059292940633020308e+01,1.426857898394473523e-04,1.294532979869700284e-04,-3.257052867411402985e-07,1.080546677112579346e-01,2.446671724319458008e+00,-2.592051744461059570e+00,-1.225650563125181974e-01,-1.104755106872446491e-01,-3.722473932773091854e-02,-8.621623824898340160e+01,4.265336094260746336e+01,-3.063015414565793293e+01,0.000000000000000000e+00,0.000000000000000000e+00,0.000000000000000000e+00,0.000000000000000000e+00,8.276384277343750000e+02,8.276372070312500000e+02,8.276372680664062500e+02,8.276384277343750000e+02,-1.009093507188316464e+09
1.407000000000000028e+00,-8.609353044019849222e+01,4.276396593330961338e+01,-3.059292971911033732e+01,1.427524723851547606e-04,1.294800149054253779e-04,-3.127801342373004445e-07,1.080630123615264893e-01,2.446704864501953125e+00,-2.592080831527709961e+00,-1.227078087849067661e-01,-1.106049907021472711e-01,-3.722442654759532121e-02,-8.621623824898340160e+01,4.265336094260746336e+01,-3.063015414565793293e+01,0.000000000000000000e+00,0.000000000000000000e+00,0.000000000000000000e+00,0.000000000000000000e+00,8.276384277343750000e+02,8.276372680664062500e+02,8.276372680664062500e+02,8.276384277343750000e+02,-1.009103683968431354e+09
1.407999999999999918e+00,-8.609338760773661647e+01,4.276409545341823559e+01,-3.059292998897731408e+01,1.428324618757415010e-04,1.295201086222164122e-04,-2.698669767653427698e-07,1.080713570117950439e-01,2.446738004684448242e+00,-2.592110157012939453e+00,-1.228506412467818415e-01,-1.107345108107726517e-01,-3.722415668061983957e-02,-8.621623824898340160e+01,4.265336094260746336e+01,-3.063015414565793293e+01,0.000000000000000000e+00,0.000000000000000000e+00,0.000000000000000000e+00,0.000000000000000000e+00,8.276383666992187500e+02,8.276372680664062500e+02,8.276372680664062500e+02,8.276383666992187500e+02,-1.009113860735046387e+09
1.409000000000000030e+00,-8.609324468196987823e+01,4.276422500031709717e+01,-3.059293018591463564e+01,1.429257667382444197e-04,1.295468988615766648e-04,-1.969373215615632944e-07,1.080793738365173340e-01,2.446770429611206055e+00,-2.592138528823852539e+00,-1.229935670135209602e-01,-1.108640577096332985e-01,-3.722395974329843066e-02,-8.621623824898340160e+01,4.265336094260746336e+01,-3.063015414565793293e+01,0.000000000000000000e+00,0.000000000000000000e+00,0.000000000000000000e+00,0.000000000000000000e+00,8.276383666992187500e+02,8.276373291015625000e+02,8.276373291015625000e+02,8.276383666992187500e+02,-1.009124037488143444e+09
1.409999999999999920e+00,-8.609310166292756605e+01,4.276435459404189743e+01,-3.059293028659880420e+01,1.430190423121757703e-04,1.295937248002587694e-04,-1.006841685580184276e-07,1.080880761146545410e-01,2.446804761886596680e+00,-2.592169523239135742e+00,-1.231365860558400749e-01,-1.109936514344345565e-01,-3.722385905912897058e-02,-8.621623824898340160e+01,4.265336094260746336e+01,-3.063015414565793293e+01,0.000000000000000000e+00,0.000000000000000000e+00,0.000000000000000000e+00,0.000000000000000000e+00,8.276383056640625000e+02,8.276373291015625000e+02,8.276373291015625000e+02,8.276383056640625000e+02,-1.009134214227704763e+09
1.411000000000000032e+00,-8.609295853729344117e+01,4.276448422795595405e+01,-3.059293026435561913e+01,1.431256341248854369e-04,1.296339140566260539e-04,2.224318507160205627e-08,1.080964505672454834e-01,2.446838378906250000e+00,-2.592198848724365234e+00,-1.232797116899551904e-01,-1.111232853484874217e-01,-3.722388130231273073e-02,-8.621623824898340160e+01,4.265336094260746336e+01,-3.063015414565793293e+01,0.000000000000000000e+00,0.000000000000000000e+00,0.000000000000000000e+00,0.000000000000000000e+00,8.276383056640625000e+02,8.276373901367187500e+02,8.276373901367187500e+02,8.276383056640625000e+02,-1.009144390953707933e+09
1.411999999999999922e+00,-8.609281529911446285e+01,4.276461390213411562e+01,-3.059293009475113578e+01,1.432381789783221393e-04,1.296741781615651234e-04,1.696044833465748525e-07,1.081047952175140381e-01,2.446871995925903320e+00,-2.592228174209594727e+00,-1.234229498689434490e-01,-1.112529595266501109e-01,-3.722405090679849204e-02,-8.621623824898340160e+01,4.265336094260746336e+01,-3.063015414565793293e+01,0.000000000000000000e+00,0.000000000000000000e+00,0.000000000000000000e+00,0.000000000000000000e+00,8.276382446289062500e+02,8.276373901367187500e+02,8.276373901367187500e+02,8.276382446289062500e+02,-1.009154567666128039e+09
1.413000000000000034e+00,-8.609267192037215466e+01,4.276474364320019106e+01,-3.059292974668110432e+01,1.433787423081867018e-04,1.297410660754394485e-04,3.480700314639761928e-07,1.081132292747497559e-01,2.446906089782714844e+00,-2.592258214950561523e+00,-1.235663286112478471e-01,-1.113827005927297414e-01,-3.722439897682792292e-02,-8.621623824898340160e+01,4.265336094260746336e+01,-3.063015414565793293e+01,0.000000000000000000e+00,0.000000000000000000e+00,0.000000000000000000e+00,0.000000000000000000e+00,8.276382446289062500e+02,8.276374511718750000e+02,8.276374511718750000e+02,8.276382446289062500e+02,-1.009164744364935756e+09
1.413999999999999924e+00,-8.609252840842924570e+01,4.276487343121155504e+01,-3.059292920568237761e+01,1.435119429089581899e-04,1.297880113639848787e-04,5.409987267057658755e-07,1.081211864948272705e-01,2.446937561035156250e+00,-2.592285871505737305e+00,-1.237098405541598722e-01,-1.115124886040936292e-01,-3.722493997555401113e-02,-8.621623824898340160e+01,4.265336094260746336e+01,-3.063015414565793293e+01,0.000000000000000000e+00,0.000000000000000000e+00,0.000000000000000000e+00,0.000000000000000000e+00,8.276381835937500000e+02,8.276374511718750000e+02,8.276374511718750000e+02,8.276381835937500000e+02,-1.009174921050100446e+09
1.415000000000000036e+00,-8.609238476331989887e+01,4.276500327954160952e+01,-3.059292844175447712e+01,1.436451093468349427e-04,1.298483300544717167e-04,7.639279004933996475e-07,1.081299781799316406e-01,2.446973323822021484e+00,-2.592317581176757812e+00,-1.238534856635059994e-01,-1.116423369341473654e-01,-3.722570390345423391e-02,-8.621623824898340160e+01,4.265336094260746336e+01,-3.063015414565793293e+01,0.000000000000000000e+00,0.000000000000000000e+00,0.000000000000000000e+00,0.000000000000000000e+00,8.276381225585937500e+02,8.276375122070312500e+02,8.276375122070312500e+02,8.276381225585937500e+02,-1.009185097721590877e+09
1.415999999999999925e+00,-8.609224095837736002e+01,4.276513318821433529e+01,-3.059292744158386768e+01,1.438049425388499003e-04,1.299086727257758866e-04,1.000170609444239744e-06,1.081380844116210938e-01,2.447005033493041992e+00,-2.592346191406250000e+00,-1.239972906060363422e-01,-1.117722456068717396e-01,-3.722670407406437898e-02,-8.621623824898340160e+01,4.265336094260746336e+01,-3.063015414565793293e+01,0.000000000000000000e+00,0.000000000000000000e+00,0.000000000000000000e+00,0.000000000000000000e+00,8.276380615234375000e+02,8.276375732421875000e+02,8.276375732421875000e+02,8.276380615234375000e+02,-1.009195274379370093e+09
1.417000000000000037e+00,-8.609209700696438006e+01,4.276526316391807825e+01,-3.059292618515517148e+01,1.439514129799590592e-04,1.299757037429571938e-04,1.256428696194689110e-06,1.081466078758239746e-01,2.447039127349853516e+00,-2.592375993728637695e+00,-1.241412420190191462e-01,-1.119022213106133368e-01,-3.722796050275997692e-02,-8.621623824898340160e+01,4.265336094260746336e+01,-3.063015414565793293e+01,0.000000000000000000e+00,0.000000000000000000e+00,0.000000000000000000e+00,0.000000000000000000e+00,8.276380615234375000e+02,8.276376342773437500e+02,8.276376342773437500e+02,8.276380615234375000e+02,-1.009205451023403287e+09
1.417999999999999927e+00,-8.609195290909707410e+01,4.276539319333529932e+01,-3.059292465244434212e+01,1.440978673059589710e-04,1.300294172210669785e-04,1.532710829366124017e-06,1.081550717353820801e-01,2.447073459625244141e+00,-2.592406272888183594e+00,-1.242853398863230235e-01,-1.120322507278335850e-01,-3.722949321358988428e-02,-8.621623824898340160e+01,4.265336094260746336e+01,-3.063015414565793293e+01,0.000000000000000000e+00,0.000000000000000000e+00,0.000000000000000000e+00,0.000000000000000000e+00,8.276380004882812500e+02,8.276376953125000000e+02,8.276376953125000000e+02,8.276380004882812500e+02,-1.009215627653652668e+09
1.419000000000000039e+00,-8.609180865144909944e+01,4.276552329648897910e+01,-3.059292283681672586e+01,1.442576479746549012e-04,1.301031536797836452e-04,1.815627616252868393e-06,1.081634461879730225e-01,2.447107076644897461e+00,-2.592434883117675781e+00,-1.244295975343036736e-01,-1.121623538815142429e-01,-3.723130884120866985e-02,-8.621623824898340160e+01,4.265336094260746336e+01,-3.063015414565793293e+01,0.000000000000000000e+00,0.000000000000000000e+00,0.000000000000000000e+00,0.000000000000000000e+00,8.276379394531250000e+02,8.276376953125000000e+02,8.276376953125000000e+02,8.276379394531250000e+02,-1.009225804270080090e+09
1.419999999999999929e+00,-8.609166422069104385e+01,4.276565345339234625e+01,-3.059292072158918430e+01,1.444307580555914683e-04,1.301569033671512443e-04,2.115227541565900538e-06,1.081718802452087402e-01,2.447140932083129883e+00,-2.592465162277221680e+00,-1.245740282923603337e-01,-1.122925107848831011e-01,-3.723342406874801530e-02,-8.621623824898340160e+01,4.265336094260746336e+01,-3.063015414565793293e+01,0.000000000000000000e+00,0.000000000000000000e+00,0.000000000000000000e+00,0.000000000000000000e+00,8.276378784179687500e+02,8.276377563476562500e+02,8.276377563476562500e+02,8.276378784179687500e+02,-1.009235980872642040e+09
1.421000000000000041e+00,-8.609151964351853792e+01,4.276578367738896702e+01,-3.059291829674568319e+01,1.445771725059330493e-04,1.302239966207707766e-04,2.424843501103168819e-06,1.081799566745758057e-01,2.447173118591308594e+00,-2.592494010925292969e+00,-1.247186054648619646e-01,-1.124227347815059258e-01,-3.723584891224927806e-02,-8.621623824898340160e+01,4.265336094260746336e+01,-3.063015414565793293e+01,0.000000000000000000e+00,0.000000000000000000e+00,0.000000000000000000e+00,0.000000000000000000e+00,8.276378173828125000e+02,8.276378173828125000e+02,8.276378173828125000e+02,8.276378173828125000e+02,-1.009246157461300015e+09
1.421999999999999931e+00,-8.609137491993919866e+01,4.276591396848730398e+01,-3.059291555561685527e+01,1.447235793392565029e-04,1.302910983369542919e-04,2.741128827921102129e-06,1.081886887550354004e-01,2.447208404541015625e+00,-2.592524766921997070e+00,-1.248633290442072857e-01,-1.125530258798391608e-01,-3.723859004107768489e-02,-8.621623824898340160e+01,4.265336094260746336e+01,-3.063015414565793293e+01,0.000000000000000000e+00,0.000000000000000000e+00,0.000000000000000000e+00,0.000000000000000000e+00,8.276377563476562500e+02,8.276378784179687500e+02,8.276378784179687500e+02,8.276377563476562500e+02,-1.009256334036015272e+09
1.423000000000000043e+00,-8.609123003661609630e+01,4.276604431335996281e+01,-3.059291249153190861e+01,1.448833231023627377e-04,1.303448726588385398e-04,3.064084946657885666e-06,1.081971526145935059e-01,2.447242021560668945e+00,-2.592555046081542969e+00,-1.250082123673118828e-01,-1.126833707525012745e-01,-3.724165412602483544e-02,-8.621623824898340160e+01,4.265336094260746336e+01,-3.063015414565793293e+01,0.000000000000000000e+00,0.000000000000000000e+00,0.000000000000000000e+00,0.000000000000000000e+00,8.276377563476562500e+02,8.276379394531250000e+02,8.276379394531250000e+02,8.276377563476562500e+02,-1.009266510596745491e+09
1.423999999999999932e+00,-8.609108499355133404e+01,4.276617472534477571e+01,-3.059290910784120143e+01,1.450430647622624747e-04,1.304119848128948433e-04,3.383690707181585822e-06,1.082054674625396729e-01,2.447275638580322266e+00,-2.592584133148193359e+00,-1.251532554320664015e-01,-1.128137827373155849e-01,-3.724503781673323133e-02,-8.621623824898340160e+01,4.265336094260746336e+01,-3.063015414565793293e+01,0.000000000000000000e+00,0.000000000000000000e+00,0.000000000000000000e+00,0.000000000000000000e+00,8.276376953125000000e+02,8.276380004882812500e+02,8.276380004882812500e+02,8.276376953125000000e+02,-1.009276687143449187e+09
1.425000000000000044e+00,-8.609093981742880430e+01,4.276630519110134543e+01,-3.059290539783454932e+01,1.451761225297332203e-04,1.304657565697198152e-04,3.710006652113406744e-06,1.082143187522888184e-01,2.447310924530029297e+00,-2.592615127563476562e+00,-1.252984315545911664e-01,-1.129442484938852215e-01,-3.724874782338256918e-02,-8.621623824898340160e+01,4.265336094260746336e+01,-3.063015414565793293e+01,0.000000000000000000e+00,0.000000000000000000e+00,0.000000000000000000e+00,0.000000000000000000e+00,8.276376342773437500e+02,8.276380615234375000e+02,8.276380615234375000e+02,8.276376342773437500e+02,-1.009286863676088214e+09
1.425999999999999934e+00,-8.609079449491036939e+01,4.276643572397185267e+01,-3.059290136487542000e+01,1.453225184349093979e-04,1.305328705072383855e-04,4.032959129318669511e-06,1.082226037979125977e-01,2.447343111038208008e+00,-2.592644691467285156e+00,-1.254437540730257705e-01,-1.130747813643913774e-01,-3.725278078251289399e-02,-8.621623824898340160e+01,4.265336094260746336e+01,-3.063015414565793293e+01,0.000000000000000000e+00,0.000000000000000000e+00,0.000000000000000000e+00,0.000000000000000000e+00,8.276375732421875000e+02,8.276380615234375000e+02,8.276380615234375000e+02,8.276375732421875000e+02,-1.009297040194623351e+09
1.427000000000000046e+00,-8.609064905266247081e+01,4.276656629726108605e+01,-3.059289701557910846e+01,1.454422478985861744e-04,1.305732892333821837e-04,4.349296311545458593e-06,1.082313358783721924e-01,2.447378873825073242e+00,-2.592675209045410156e+00,-1.255891963209297968e-01,-1.132053546536192917e-01,-3.725713007882392597e-02,-8.621623824898340160e+01,4.265336094260746336e+01,-3.063015414565793293e+01,0.000000000000000000e+00,0.000000000000000000e+00,0.000000000000000000e+00,0.000000000000000000e+00,8.276375122070312500e+02,8.276381225585937500e+02,8.276381225585937500e+02,8.276375122070312500e+02,-1.009307216699018359e+09
1.427999999999999936e+00,-8.609050347734032016e+01,4.276669692430385084e+01,-3.059289235997916023e+01,1.455753221506483897e-04,1.306270427647859833e-04,4.655599948222288731e-06,1.082397103309631348e-01,2.447412967681884766e+00,-2.592705249786376953e+00,-1.257347716430776419e-01,-1.133359816963866451e-01,-3.726178567877335562e-02,-8.621623824898340160e+01,4.265336094260746336e+01,-3.063015414565793293e+01,0.000000000000000000e+00,0.000000000000000000e+00,0.000000000000000000e+00,0.000000000000000000e+00,8.276375122070312500e+02,8.276381835937500000e+02,8.276381835937500000e+02,8.276375122070312500e+02,-1.009317393189236164e+09
1.429000000000000048e+00,-8.609035779562120183e+01,4.276682759175241699e+01,-3.059288739803517743e+01,1.456817191183290561e-04,1.306674485661574181e-04,4.961943982806360509e-06,1.082484424114227295e-01,2.447447061538696289e+00,-2.592735767364501953e+00,-1.258804533622044086e-01,-1.134666491449517756e-01,-3.726674762275683506e-02,-8.621623824898340160e+01,4.265336094260746336e+01,-3.063015414565793293e+01,0.000000000000000000e+00,0.000000000000000000e+00,0.000000000000000000e+00,0.000000000000000000e+00,8.276374511718750000e+02,8.276382446289062500e+02,8.276382446289062500e+02,8.276374511718750000e+02,-1.009327569665243149e+09
1.429999999999999938e+00,-8.609021200748729541e+01,4.276695831292250460e+01,-3.059288215310772685e+01,1.457881339064215354e-04,1.307211700876109717e-04,5.244927450576142292e-06,1.082565486431121826e-01,2.447479486465454102e+00,-2.592764377593994141e+00,-1.260262414961020039e-01,-1.135973703150429392e-01,-3.727199255020513524e-02,-8.621623824898340160e+01,4.265336094260746336e+01,-3.063015414565793293e+01,0.000000000000000000e+00,0.000000000000000000e+00,0.000000000000000000e+00,0.000000000000000000e+00,8.276373901367187500e+02,8.276382446289062500e+02,8.276382446289062500e+02,8.276373901367187500e+02,-1.009337746127008438e+09
1.431000000000000050e+00,-8.609006611292770117e+01,4.276708906113110231e+01,-3.059287662850308465e+01,1.458945595942395812e-04,1.307482085977085262e-04,5.524604642204167249e-06,1.082654595375061035e-01,2.447515487670898438e+00,-2.592795610427856445e+00,-1.261721360557016836e-01,-1.137281185236374281e-01,-3.727751715484783901e-02,-8.621623824898340160e+01,4.265336094260746336e+01,-3.063015414565793293e+01,0.000000000000000000e+00,0.000000000000000000e+00,0.000000000000000000e+00,0.000000000000000000e+00,8.276373901367187500e+02,8.276383056640625000e+02,8.276383056640625000e+02,8.276373901367187500e+02,-1.009347922574498892e+09
1.431999999999999940e+00,-8.608992015194523617e+01,4.276721984968070700e+01,-3.059287084754205210e+01,1.459609824649987786e-04,1.307885496046878870e-04,5.780961032542109024e-06,1.082743108272552490e-01,2.447551012039184570e+00,-2.592826843261718750e+00,-1.263180970381686530e-01,-1.138589070732404646e-01,-3.728329811588213666e-02,-8.621623824898340160e+01,4.265336094260746336e+01,-3.063015414565793293e+01,0.000000000000000000e+00,0.000000000000000000e+00,0.000000000000000000e+00,0.000000000000000000e+00,8.276373291015625000e+02,8.276383056640625000e+02,8.276383056640625000e+02,8.276373291015625000e+02,-1.009358099007691026e+09
1.433000000000000052e+00,-8.608977411118296175e+01,4.276735066522171280e+01,-3.059286482356378656e+01,1.460407622744241962e-04,1.308155410058020607e-04,6.023978265545792965e-06,1.082825660705566406e-01,2.447583436965942383e+00,-2.592855930328369141e+00,-1.264641378004435768e-01,-1.139897226142499442e-01,-3.728932209414730081e-02,-8.621623824898340160e+01,4.265336094260746336e+01,-3.063015414565793293e+01,0.000000000000000000e+00,0.000000000000000000e+00,0.000000000000000000e+00,0.000000000000000000e+00,8.276373291015625000e+02,8.276383666992187500e+02,8.276383666992187500e+02,8.276373291015625000e+02,-1.009368275426558614e+09
1.433999999999999941e+00,-8.608962801729897762e+01,4.276748150772056078e+01,-3.059285857988749768e+01,1.460938839841219306e-04,1.308424988479828244e-04,6.243676288875121827e-06,1.082912683486938477e-01,2.447618007659912109e+00,-2.592886924743652344e+00,-1.266102316844218145e-01,-1.141205651130969140e-01,-3.729556577043405957e-02,-8.621623824898340160e+01,4.265336094260746336e+01,-3.063015414565793293e+01,0.000000000000000000e+00,0.000000000000000000e+00,0.000000000000000000e+00,0.000000000000000000e+00,8.276372680664062500e+02,8.276383666992187500e+02,8.276383666992187500e+02,8.276372680664062500e+02,-1.009378451831081271e+09
1.435000000000000053e+00,-8.608948188361338794e+01,4.276761236381506137e+01,-3.059285213316071861e+01,1.461336855896888665e-04,1.308560945005865506e-04,6.446726779074651859e-06,1.083000600337982178e-01,2.447653532028198242e+00,-2.592916965484619141e+00,-1.267563653700115867e-01,-1.142514212076008867e-01,-3.730201249721580570e-02,-8.621623824898340160e+01,4.265336094260746336e+01,-3.063015414565793293e+01,0.000000000000000000e+00,0.000000000000000000e+00,0.000000000000000000e+00,0.000000000000000000e+00,8.276372680664062500e+02,8.276383666992187500e+02,8.276384277343750000e+02,8.276372680664062500e+02,-1.009388628221241236e+09
1.435999999999999943e+00,-8.608933571766311843e+01,4.276774322665750105e+01,-3.059284551563045795e+01,1.461659502695056290e-04,1.308628424396829359e-04,6.617530260655257734e-06,1.083084344863891602e-01,2.447687149047851562e+00,-2.592947721481323242e+00,-1.269025313202775951e-01,-1.143822840500375720e-01,-3.730863002747613483e-02,-8.621623824898340160e+01,4.265336094260746336e+01,-3.063015414565793293e+01,0.000000000000000000e+00,0.000000000000000000e+00,0.000000000000000000e+00,0.000000000000000000e+00,8.276372680664062500e+02,8.276384277343750000e+02,8.276384277343750000e+02,8.276372680664062500e+02,-1.009398804597023010e+09
1.437000000000000055e+00,-8.608918953098896054e+01,4.276787410984405824e+01,-3.059283873948331944e+01,1.461866741578887741e-04,1.308831865571846720e-04,6.776147138509713841e-06,1.083169281482696533e-01,2.447721481323242188e+00,-2.592978000640869141e+00,-1.270487179944367051e-01,-1.145131672365914538e-01,-3.731540617461494985e-02,-8.621623824898340160e+01,4.265336094260746336e+01,-3.063015414565793293e+01,0.000000000000000000e+00,0.000000000000000000e+00,0.000000000000000000e+00,0.000000000000000000e+00,8.276372070312500000e+02,8.276384277343750000e+02,8.276384277343750000e+02,8.276372070312500000e+02,-1.009408980958415151e+09
1.437999999999999945e+00,-8.608904333111030382e+01,4.276800497985409066e+01,-3.059283183693622377e+01,1.461998786567164643e-04,1.308700100324244886e-04,6.902547095677391553e-06,1.083257794380187988e-01,2.447756528854370117e+00,-2.593008995056152344e+00,-1.271949178730975294e-01,-1.146440372466277086e-01,-3.732230872170879538e-02,-8.621623824898340160e+01,4.265336094260746336e+01,-3.063015414565793293e+01,0.000000000000000000e+00,0.000000000000000000e+00,0.000000000000000000e+00,0.000000000000000000e+00,8.276372070312500000e+02,8.276384277343750000e+02,8.276384277343750000e+02,8.276372070312500000e+02,-1.009419157305406570e+09
1.439000000000000057e+00,-8.608889714468996601e+01,4.276813586333016559e+01,-3.059282483467253044e+01,1.461864203378127058e-04,1.308834760749277848e-04,7.002263693323129701e-06,1.083346903324127197e-01,2.447792530059814453e+00,-2.593040227890014648e+00,-1.273411042934285697e-01,-1.147749207227039547e-01,-3.732931098540162584e-02,-8.621623824898340160e+01,4.265336094260746336e+01,-3.063015414565793293e+01,0.000000000000000000e+00,0.000000000000000000e+00,0.000000000000000000e+00,0.000000000000000000e+00,8.276372070312500000e+02,8.276384277343750000e+02,8.276384277343750000e+02,8.276372070312500000e+02,-1.009429333637994766e+09
1.439999999999999947e+00,-8.608875098503226297e+01,4.276826672022165354e+01,-3.059281775597978381e+01,1.461596577030377375e-04,1.308568914879515432e-04,7.078692746631531918e-06,1.083428561687469482e-01,2.447824478149414062e+00,-2.593068838119506836e+00,-1.274872639511374361e-01,-1.149057776141874654e-01,-3.733638967814962434e-02,-8.621623824898340160e+01,4.265336094260746336e+01,-3.063015414565793293e+01,0.000000000000000000e+00,0.000000000000000000e+00,0.000000000000000000e+00,0.000000000000000000e+00,8.276372070312500000e+02,8.276384277343750000e+02,8.276384277343750000e+02,8.276372070312500000e+02,-1.009439509956177354e+09
1.441000000000000059e+00,-8.608860485211592106e+01,4.276839757717583979e+01,-3.059281063090298858e+01,1.461329163419122779e-04,1.308569541862425467e-04,7.125076795233553639e-06,1.083516478538513184e-01,2.447860002517700195e+00,-2.593100070953369141e+00,-1.276333968674839558e-01,-1.150366345683740271e-01,-3.734351475494558648e-02,-8.621623824898340160e+01,4.265336094260746336e+01,-3.063015414565793293e+01,0.000000000000000000e+00,0.000000000000000000e+00,0.000000000000000000e+00,0.000000000000000000e+00,8.276372070312500000e+02,8.276384277343750000e+02,8.276384277343750000e+02,8.276372070312500000e+02,-1.009449686259956360e+09
1.441999999999999948e+00,-8.608845878592644851e+01,4.276852840746960283e+01,-3.059280348605257416e+01,1.460661894725490129e-04,1.308302937630401175e-04,7.144850414420034213e-06,1.083602607250213623e-01,2.447894334793090820e+00,-2.593129634857177734e+00,-1.277794630569498158e-01,-1.151674648621400510e-01,-3.735065960535947915e-02,-8.621623824898340160e+01,4.265336094260746336e+01,-3.063015414565793293e+01,0.000000000000000000e+00,0.000000000000000000e+00,0.000000000000000000e+00,0.000000000000000000e+00,8.276372680664062500e+02,8.276384277343750000e+02,8.276384277343750000e+02,8.276372680664062500e+02,-1.009459862549339771e+09
1.443000000000000060e+00,-8.608831275975322228e+01,4.276865921107822288e+01,-3.059279635147055743e+01,1.460261732262324585e-04,1.308036086200559112e-04,7.134582016732338161e-06,1.083691120147705078e-01,2.447929620742797852e+00,-2.593161344528198242e+00,-1.279254892301768809e-01,-1.152982684707594685e-01,-3.735779418737553842e-02,-8.621623824898340160e+01,4.265336094260746336e+01,-3.063015414565793293e+01,0.000000000000000000e+00,0.000000000000000000e+00,0.000000000000000000e+00,0.000000000000000000e+00,8.276372680664062500e+02,8.276384277343750000e+02,8.276384277343750000e+02,8.276372680664062500e+02,-1.009470038824332952e+09
1.443999999999999950e+00,-8.608816682692700795e+01,4.276878998795063325e+01,-3.059278925711847918e+01,1.459328262143344546e-04,1.307768724103652858e-04,7.094352078240717674e-06,1.083773970603942871e-01,2.447962999343872070e+00,-2.593190431594848633e+00,-1.280714220563986816e-01,-1.154290453431708746e-01,-3.736488853945270361e-02,-8.621623824898340160e+01,4.265336094260746336e+01,-3.063015414565793293e+01,0.000000000000000000e+00,0.000000000000000000e+00,0.000000000000000000e+00,0.000000000000000000e+00,8.276372680664062500e+02,8.276383666992187500e+02,8.276383666992187500e+02,8.276372680664062500e+02,-1.009480215084952116e+09
1.445000000000000062e+00,-8.608802097407954079e+01,4.276892072472467987e+01,-3.059278222633985322e+01,1.458528474671538788e-04,1.307367740466247596e-04,7.030778625960465433e-06,1.083860993385314941e-01,2.447997570037841797e+00,-2.593221426010131836e+00,-1.282172749038543169e-01,-1.155597821172157647e-01,-3.737191931807941347e-02,-8.621623824898340160e+01,4.265336094260746336e+01,-3.063015414565793293e+01,0.000000000000000000e+00,0.000000000000000000e+00,0.000000000000000000e+00,0.000000000000000000e+00,8.276373291015625000e+02,8.276383666992187500e+02,8.276383666992187500e+02,8.276373291015625000e+02,-1.009490391331211686e+09
1.445999999999999952e+00,-8.608787521452489955e+01,4.276905143470232673e+01,-3.059277528915123057e+01,1.457595546412449039e-04,1.307099776468589880e-04,6.937188622657686210e-06,1.083950996398925781e-01,2.448033809661865234e+00,-2.593253135681152344e+00,-1.283630344584958949e-01,-1.156904920948622767e-01,-3.737885650670278587e-02,-8.621623824898340160e+01,4.265336094260746336e+01,-3.063015414565793293e+01,0.000000000000000000e+00,0.000000000000000000e+00,0.000000000000000000e+00,0.000000000000000000e+00,8.276373291015625000e+02,8.276383056640625000e+02,8.276383056640625000e+02,8.276373291015625000e+02,-1.009500567563131094e+09
1.447000000000000064e+00,-8.608772956156744272e+01,4.276918209116845304e+01,-3.059276847218927387e+01,1.456529574568321550e-04,1.306564661263109883e-04,6.816961956701561576e-06,1.084032058715820312e-01,2.448065996170043945e+00,-2.593281507492065430e+00,-1.285086874159599435e-01,-1.158211485609903502e-01,-3.738567346866078500e-02,-8.621623824898340160e+01,4.265336094260746336e+01,-3.063015414565793293e+01,0.000000000000000000e+00,0.000000000000000000e+00,0.000000000000000000e+00,0.000000000000000000e+00,8.276373901367187500e+02,8.276383056640625000e+02,8.276383056640625000e+02,8.276373901367187500e+02,-1.009510743780731797e+09
1.447999999999999954e+00,-8.608758402852338065e+01,4.276931269409200098e+01,-3.059276179878531821e+01,1.455330440620627996e-04,1.306029235479400086e-04,6.673403955659296116e-06,1.084122955799102783e-01,2.448102235794067383e+00,-2.593313455581665039e+00,-1.286542204600208406e-01,-1.159517514845359587e-01,-3.739234687261554224e-02,-8.621623824898340160e+01,4.265336094260746336e+01,-3.063015414565793293e+01,0.000000000000000000e+00,0.000000000000000000e+00,0.000000000000000000e+00,0.000000000000000000e+00,8.276373901367187500e+02,8.276382446289062500e+02,8.276382446289062500e+02,8.276373901367187500e+02,-1.009520919984038472e+09
1.449000000000000066e+00,-8.608743862870977637e+01,4.276944325677825276e+01,-3.059275529562068030e+01,1.453998136042855549e-04,1.305626862517783593e-04,6.503164637905456402e-06,1.084206402301788330e-01,2.448135852813720703e+00,-2.593343257904052734e+00,-1.287996202736272633e-01,-1.160823141707887501e-01,-3.739885003725128970e-02,-8.621623824898340160e+01,4.265336094260746336e+01,-3.063015414565793293e+01,0.000000000000000000e+00,0.000000000000000000e+00,0.000000000000000000e+00,0.000000000000000000e+00,8.276374511718750000e+02,8.276382446289062500e+02,8.276382446289062500e+02,8.276374511718750000e+02,-1.009531096173081160e+09
1.449999999999999956e+00,-8.608729334875779671e+01,4.276957376586440773e+01,-3.059274898603868209e+01,1.452799519796599270e-04,1.305090861549729198e-04,6.309581998209523590e-06,1.084293127059936523e-01,2.448170185089111328e+00,-2.593373060226440430e+00,-1.289449002255998455e-01,-1.162128232569453051e-01,-3.740515961924926330e-02,-8.621623824898340160e+01,4.265336094260746336e+01,-3.063015414565793293e+01,0.000000000000000000e+00,0.000000000000000000e+00,0.000000000000000000e+00,0.000000000000000000e+00,8.276374511718750000e+02,8.276381835937500000e+02,8.276381835937500000e+02,8.276374511718750000e+02,-1.009541272347887874e+09
1.451000000000000068e+00,-8.608714821531930284e+01,4.276970420797444206e+01,-3.059274289334202024e+01,1.451334384938718358e-04,1.304421100343233775e-04,6.092696661852414763e-06,1.084377467632293701e-01,2.448203802108764648e+00,-2.593403100967407227e+00,-1.290900336640920243e-01,-1.163432653669760064e-01,-3.741125231591446026e-02,-8.621623824898340160e+01,4.265336094260746336e+01,-3.063015414565793293e+01,0.000000000000000000e+00,0.000000000000000000e+00,0.000000000000000000e+00,0.000000000000000000e+00,8.276375122070312500e+02,8.276381225585937500e+02,8.276381225585937500e+02,8.276375122070312500e+02,-1.009551448508491516e+09
1.451999999999999957e+00,-8.608700322838092234e+01,4.276983459642890750e+01,-3.059273703422025292e+01,1.449869383804980316e-04,1.303884544654465572e-04,5.859121767315400575e-06,1.084463000297546387e-01,2.448237657546997070e+00,-2.593433141708374023e+00,-1.292350206024843462e-01,-1.164736538214453804e-01,-3.741711143768165770e-02,-8.621623824898340160e+01,4.265336094260746336e+01,-3.063015414565793293e+01,0.000000000000000000e+00,0.000000000000000000e+00,0.000000000000000000e+00,0.000000000000000000e+00,8.276375732421875000e+02,8.276380615234375000e+02,8.276381225585937500e+02,8.276375732421875000e+02,-1.009561624654927015e+09
1.453000000000000069e+00,-8.608685840125833977e+01,4.276996493119617071e+01,-3.059273143200451273e+01,1.448271225825692454e-04,1.303347672632071408e-04,5.602215740196925253e-06,1.084553003311157227e-01,2.448273420333862305e+00,-2.593465566635131836e+00,-1.293798477250667489e-01,-1.166039885887054095e-01,-3.742271365342161871e-02,-8.621623824898340160e+01,4.265336094260746336e+01,-3.063015414565793293e+01,0.000000000000000000e+00,0.000000000000000000e+00,0.000000000000000000e+00,0.000000000000000000e+00,8.276376342773437500e+02,8.276380615234375000e+02,8.276380615234375000e+02,8.276376342773437500e+02,-1.009571800787233114e+09
1.453999999999999959e+00,-8.608671372059592386e+01,4.277009519892805400e+01,-3.059272609669774567e+01,1.446806624159080457e-04,1.302677318832934361e-04,5.335306767051406496e-06,1.084632575511932373e-01,2.448306322097778320e+00,-2.593492984771728516e+00,-1.295245283874787157e-01,-1.167342563205925055e-01,-3.742804896018862848e-02,-8.621623824898340160e+01,4.265336094260746336e+01,-3.063015414565793293e+01,0.000000000000000000e+00,0.000000000000000000e+00,0.000000000000000000e+00,0.000000000000000000e+00,8.276376953125000000e+02,8.276380004882812500e+02,8.276380004882812500e+02,8.276376953125000000e+02,-1.009581976905445695e+09
1.455000000000000071e+00,-8.608656918636896194e+01,4.277022539959710912e+01,-3.059272105164459887e+01,1.445342269619231956e-04,1.302006690551138490e-04,5.045053146801592447e-06,1.084722876548767090e-01,2.448341846466064453e+00,-2.593524932861328125e+00,-1.296690626144358927e-01,-1.168644569896490903e-01,-3.743309401333276554e-02,-8.621623824898340160e+01,4.265336094260746336e+01,-3.063015414565793293e+01,0.000000000000000000e+00,0.000000000000000000e+00,0.000000000000000000e+00,0.000000000000000000e+00,8.276376953125000000e+02,8.276379394531250000e+02,8.276379394531250000e+02,8.276376953125000000e+02,-1.009592153009602070e+09
1.455999999999999961e+00,-8.608642482525017670e+01,4.277035553318591354e+01,-3.059271630348721516e+01,1.443611187852411604e-04,1.301335888044263811e-04,4.748157383716034019e-06,1.084803044795989990e-01,2.448373556137084961e+00,-2.593553066253662109e+00,-1.298134237332214946e-01,-1.169945905784501444e-01,-3.743784217071822323e-02,-8.621623824898340160e+01,4.265336094260746336e+01,-3.063015414565793293e+01,0.000000000000000000e+00,0.000000000000000000e+00,0.000000000000000000e+00,0.000000000000000000e+00,8.276377563476562500e+02,8.276378784179687500e+02,8.276378784179687500e+02,8.276377563476562500e+02,-1.009602329099744439e+09
1.457000000000000073e+00,-8.608628061055212299e+01,4.277048561303093521e+01,-3.059271186227229578e+01,1.442146980537017953e-04,1.300798450216689162e-04,4.441214919381764048e-06,1.084892451763153076e-01,2.448409557342529297e+00,-2.593585014343261719e+00,-1.299576384312800814e-01,-1.171246704234740615e-01,-3.744228338563621722e-02,-8.621623824898340160e+01,4.265336094260746336e+01,-3.063015414565793293e+01,0.000000000000000000e+00,0.000000000000000000e+00,0.000000000000000000e+00,0.000000000000000000e+00,8.276378173828125000e+02,8.276378173828125000e+02,8.276378173828125000e+02,8.276378173828125000e+02,-1.009612505175912499e+09
1.457999999999999963e+00,-8.608613655559514655e+01,4.277061561243481691e+01,-3.059270773796040999e+01,1.440549569764471016e-04,1.299994038816976172e-04,4.124311885789211374e-06,1.084972918033599854e-01,2.448441743850708008e+00,-2.593612670898437500e+00,-1.301016933882596094e-01,-1.172546698273557314e-01,-3.744640769752243664e-02,-8.621623824898340160e+01,4.265336094260746336e+01,-3.063015414565793293e+01,0.000000000000000000e+00,0.000000000000000000e+00,0.000000000000000000e+00,0.000000000000000000e+00,8.276378784179687500e+02,8.276377563476562500e+02,8.276377563476562500e+02,8.276378784179687500e+02,-1.009622681238146186e+09
1.459000000000000075e+00,-8.608599266814547946e+01,4.277074555107507337e+01,-3.059270393949128675e+01,1.438874496670905501e-04,1.299386402564550735e-04,3.798469123239556211e-06,1.085061430931091309e-01,2.448476791381835938e+00,-2.593644142150878906e+00,-1.302455808379282542e-01,-1.173846084676084534e-01,-3.745020616664582885e-02,-8.621623824898340160e+01,4.265336094260746336e+01,-3.063015414565793293e+01,0.000000000000000000e+00,0.000000000000000000e+00,0.000000000000000000e+00,0.000000000000000000e+00,8.276379394531250000e+02,8.276377563476562500e+02,8.276377563476562500e+02,8.276379394531250000e+02,-1.009632857286489129e+09
1.459999999999999964e+00,-8.608584891933928418e+01,4.277087544293537746e+01,-3.059270046239776519e+01,1.437488061952763019e-04,1.298918603040988273e-04,3.477093521553342725e-06,1.085141301155090332e-01,2.448508501052856445e+00,-2.593672275543212891e+00,-1.303893296441144267e-01,-1.175145003279115669e-01,-3.745368326016738220e-02,-8.621623824898340160e+01,4.265336094260746336e+01,-3.063015414565793293e+01,0.000000000000000000e+00,0.000000000000000000e+00,0.000000000000000000e+00,0.000000000000000000e+00,8.276380004882812500e+02,8.276376953125000000e+02,8.276376953125000000e+02,8.276380004882812500e+02,-1.009643033320981026e+09
1.461000000000000076e+00,-8.608570530358441886e+01,4.277100526768845157e+01,-3.059269731225263200e+01,1.436157548653227423e-04,1.298247530741036826e-04,3.150145133190562774e-06,1.085231900215148926e-01,2.448545217514038086e+00,-2.593703985214233398e+00,-1.305329453989767241e-01,-1.176443250809868640e-01,-3.745683340530090583e-02,-8.621623824898340160e+01,4.265336094260746336e+01,-3.063015414565793293e+01,0.000000000000000000e+00,0.000000000000000000e+00,0.000000000000000000e+00,0.000000000000000000e+00,8.276380615234375000e+02,8.276376342773437500e+02,8.276376342773437500e+02,8.276380615234375000e+02,-1.009653209341659069e+09
1.461999999999999966e+00,-8.608556184756460539e+01,4.277113503866452504e+01,-3.059269448904297661e+01,1.434560198134704478e-04,1.297709760734733209e-04,2.823209655389291584e-06,1.085313856601715088e-01,2.448577404022216797e+00,-2.593732833862304688e+00,-1.306764014187956902e-01,-1.177740960570645007e-01,-3.745965661495782167e-02,-8.621623824898340160e+01,4.265336094260746336e+01,-3.063015414565793293e+01,0.000000000000000000e+00,0.000000000000000000e+00,0.000000000000000000e+00,0.000000000000000000e+00,8.276380615234375000e+02,8.276375732421875000e+02,8.276375732421875000e+02,8.276380615234375000e+02,-1.009663385348566294e+09
1.463000000000000078e+00,-8.608541851126823019e+01,4.277126475588692500e+01,-3.059269198280404822e+01,1.433362963751960706e-04,1.297172223999609741e-04,2.506238928390303045e-06,1.085398197174072266e-01,2.448611259460449219e+00,-2.593762397766113281e+00,-1.308197377151700813e-01,-1.179038132794593685e-01,-3.746216285388563605e-02,-8.621623824898340160e+01,4.265336094260746336e+01,-3.063015414565793293e+01,0.000000000000000000e+00,0.000000000000000000e+00,0.000000000000000000e+00,0.000000000000000000e+00,8.276381225585937500e+02,8.276375122070312500e+02,8.276375122070312500e+02,8.276381225585937500e+02,-1.009673561341738105e+09
1.463999999999999968e+00,-8.608527530804222749e+01,4.277139443269409469e+01,-3.059268979020168544e+01,1.432032260026971926e-04,1.296768071696874358e-04,2.192602362782736236e-06,1.085481643676757812e-01,2.448644876480102539e+00,-2.593792200088500977e+00,-1.309629409411691703e-01,-1.180334900866337050e-01,-3.746435545624775959e-02,-8.621623824898340160e+01,4.265336094260746336e+01,-3.063015414565793293e+01,0.000000000000000000e+00,0.000000000000000000e+00,0.000000000000000000e+00,0.000000000000000000e+00,8.276381835937500000e+02,8.276375122070312500e+02,8.276375122070312500e+02,8.276381835937500000e+02,-1.009683737321213365e+09
1.465000000000000080e+00,-8.608513221120327330e+01,4.277152404242080763e+01,-3.059268790456217957e+01,1.430968389541931174e-04,1.296097267129425745e-04,1.885639505871949950e-06,1.085566580295562744e-01,2.448679447174072266e+00,-2.593821763992309570e+00,-1.311060377801301913e-01,-1.181630998133418042e-01,-3.746624109575285438e-02,-8.621623824898340160e+01,4.265336094260746336e+01,-3.063015414565793293e+01,0.000000000000000000e+00,0.000000000000000000e+00,0.000000000000000000e+00,0.000000000000000000e+00,8.276382446289062500e+02,8.276374511718750000e+02,8.276374511718750000e+02,8.276382446289062500e+02,-1.009693913287023306e+09
1.465999999999999970e+00,-8.608498922077701820e+01,4.277165362510184821e+01,-3.059268631259049442e+01,1.429904262550962812e-04,1.295826810405742435e-04,1.591971685144244475e-06,1.085650324821472168e-01,2.448712587356567383e+00,-2.593851804733276367e+00,-1.312490282063856761e-01,-1.182926824943863614e-01,-3.746783306743832476e-02,-8.621623824898340160e+01,4.265336094260746336e+01,-3.063015414565793293e+01,0.000000000000000000e+00,0.000000000000000000e+00,0.000000000000000000e+00,0.000000000000000000e+00,8.276382446289062500e+02,8.276373901367187500e+02,8.276373901367187500e+02,8.276382446289062500e+02,-1.009704089239202023e+09
1.467000000000000082e+00,-8.608484633676762598e+01,4.277178315407097386e+01,-3.059268500091537746e+01,1.428840093922190135e-04,1.295289691256584774e-04,1.311675116966171117e-06,1.085734963417053223e-01,2.448745727539062500e+00,-2.593881130218505859e+00,-1.313919122157791719e-01,-1.184222114635138379e-01,-3.746914474255474969e-02,-8.621623824898340160e+01,4.265336094260746336e+01,-3.063015414565793293e+01,0.000000000000000000e+00,0.000000000000000000e+00,0.000000000000000000e+00,0.000000000000000000e+00,8.276383056640625000e+02,8.276373901367187500e+02,8.276373901367187500e+02,8.276383056640625000e+02,-1.009714265177780628e+09
1.467999999999999972e+00,-8.608470353251604479e+01,4.277191265603165959e+01,-3.059268395625423764e+01,1.428042515811966950e-04,1.295019606857295003e-04,1.044661139815161732e-06,1.085813045501708984e-01,2.448778152465820312e+00,-2.593908786773681641e+00,-1.315347164673557889e-01,-1.185517134241947240e-01,-3.747018940369658407e-02,-8.621623824898340160e+01,4.265336094260746336e+01,-3.063015414565793293e+01,0.000000000000000000e+00,0.000000000000000000e+00,0.000000000000000000e+00,0.000000000000000000e+00,8.276383056640625000e+02,8.276373291015625000e+02,8.276373291015625000e+02,8.276383056640625000e+02,-1.009724441102786779e+09
1.469000000000000083e+00,-8.608456080804209876e+01,4.277204213100588959e+01,-3.059268315859635834e+01,1.427244739460320488e-04,1.294749742299927675e-04,7.976578793034150294e-07,1.085904240608215332e-01,2.448814153671264648e+00,-2.593941688537597656e+00,-1.316774409413034863e-01,-1.186811883984293658e-01,-3.747098706157301479e-02,-8.621623824898340160e+01,4.265336094260746336e+01,-3.063015414565793293e+01,0.000000000000000000e+00,0.000000000000000000e+00,0.000000000000000000e+00,0.000000000000000000e+00,8.276383666992187500e+02,8.276373291015625000e+02,8.276373291015625000e+02,8.276383666992187500e+02,-1.009734617014247298e+09
1.469999999999999973e+00,-8.608441813668515863e+01,4.277217157902453692e+01,-3.059268258795869144e+01,1.426713569401272252e-04,1.294480186473379035e-04,5.706376668968005106e-07,1.085982322692871094e-01,2.448845148086547852e+00,-2.593969106674194336e+00,-1.318201122982406159e-01,-1.188106364170753437e-01,-3.747155769924077895e-02,-8.621623824898340160e+01,4.265336094260746336e+01,-3.063015414565793293e+01,0.000000000000000000e+00,0.000000000000000000e+00,0.000000000000000000e+00,0.000000000000000000e+00,8.276383666992187500e+02,8.276372680664062500e+02,8.276372680664062500e+02,8.276383666992187500e+02,-1.009744792912182689e+09
1.471000000000000085e+00,-8.608427551846953918e+01,4.277230101345002566e+01,-3.059268222434596396e+01,1.426182156194499839e-04,1.294344254887391799e-04,3.636127274830869283e-07,1.086069047451019287e-01,2.448879241943359375e+00,-2.593999624252319336e+00,-1.319627305138599827e-01,-1.189400708425602388e-01,-3.747192131197030901e-02,-8.621623824898340160e+01,4.265336094260746336e+01,-3.063015414565793293e+01,0.000000000000000000e+00,0.000000000000000000e+00,0.000000000000000000e+00,0.000000000000000000e+00,8.276384277343750000e+02,8.276372680664062500e+02,8.276372680664062500e+02,8.276384277343750000e+02,-1.009754968796613932e+09
1.471999999999999975e+00,-8.608413292673049000e+01,4.277243042097317982e+01,-3.059268204775995059e+01,1.425917390491804326e-04,1.294075231541569337e-04,1.765860133673413657e-07,1.086148619651794434e-01,2.448912143707275391e+00,-2.594027757644653320e+00,-1.321053222529145477e-01,-1.190694783657180872e-01,-3.747209789798403023e-02,-8.621623824898340160e+01,4.265336094260746336e+01,-3.063015414565793293e+01,0.000000000000000000e+00,0.000000000000000000e+00,0.000000000000000000e+00,0.000000000000000000e+00,8.276384277343750000e+02,8.276372680664062500e+02,8.276372680664062500e+02,8.276384277343750000e+02,-1.009765144667554617e+09
1.473000000000000087e+00,-8.608399036150373718e+01,4.277255982830456560e+01,-3.059268203155077259e+01,1.425652267528221273e-04,1.294073313857779794e-04,1.620917799982635188e-08,1.086235046386718750e-01,2.448946237564086914e+00,-2.594058275222778320e+00,-1.322478874796669257e-01,-1.191988856971026300e-01,-3.747211410716152352e-02,-8.621623824898340160e+01,4.265336094260746336e+01,-3.063015414565793293e+01,0.000000000000000000e+00,0.000000000000000000e+00,0.000000000000000000e+00,0.000000000000000000e+00,8.276384277343750000e+02,8.276372070312500000e+02,8.276372070312500000e+02,8.276384277343750000e+02,-1.009775320525019288e+09
1.473999999999999977e+00,-8.608384780946846604e+01,4.277268922213471569e+01,-3.059268215237143096e+01,1.425520352711373562e-04,1.293938301500929811e-04,-1.208206583669380052e-07,1.086313724517822266e-01,2.448977470397949219e+00,-2.594085454940795898e+00,-1.323904395149352042e-01,-1.193282795272490732e-01,-3.747199328650252514e-02,-8.621623824898340160e+01,4.265336094260746336e+01,-3.063015414565793293e+01,0.000000000000000000e+00,0.000000000000000000e+00,0.000000000000000000e+00,0.000000000000000000e+00,8.276384277343750000e+02,8.276372070312500000e+02,8.276372070312500000e+02,8.276384277343750000e+02,-1.009785496369017601e+09
1.475000000000000089e+00,-8.608370524398360146e+01,4.277281862918704292e+01,-3.059268238026495368e+01,1.425654848645763195e-04,1.294070523272239370e-04,-2.278935227195688640e-07,1.086401045322418213e-01,2.449012994766235352e+00,-2.594116687774658203e+00,-1.325330049998004467e-01,-1.194576865795804188e-01,-3.747176539298005538e-02,-8.621623824898340160e+01,4.265336094260746336e+01,-3.063015414565793293e+01,0.000000000000000000e+00,0.000000000000000000e+00,0.000000000000000000e+00,0.000000000000000000e+00,8.276384277343750000e+02,8.276372070312500000e+02,8.276372070312500000e+02,8.276384277343750000e+02,-1.009795672199554801e+09
1.475999999999999979e+00,-8.608356266506964971e+01,4.277294804948433438e+01,-3.059268269522109307e+01,1.425789139517519288e-04,1.294202972914604288e-04,-3.149561393911426421e-07,1.086483895778656006e-01,2.449045896530151367e+00,-2.594145536422729492e+00,-1.326755839137528092e-01,-1.195871068768741413e-01,-3.747145043684034504e-02,-8.621623824898340160e+01,4.265336094260746336e+01,-3.063015414565793293e+01,0.000000000000000000e+00,0.000000000000000000e+00,0.000000000000000000e+00,0.000000000000000000e+00,8.276384277343750000e+02,8.276372070312500000e+02,8.276372070312500000e+02,8.276384277343750000e+02,-1.009805848016635299e+09
1.477000000000000091e+00,-8.608342004607629860e+01,4.277307746973346525e+01,-3.059268306390178793e+01,1.426189933511068375e-04,1.294202491308737990e-04,-3.686806948621779156e-07,1.086567342281341553e-01,2.449079513549804688e+00,-2.594175338745117188e+00,-1.328182029070973103e-01,-1.197165271260050151e-01,-3.747108175614336650e-02,-8.621623824898340160e+01,4.265336094260746336e+01,-3.063015414565793293e+01,0.000000000000000000e+00,0.000000000000000000e+00,0.000000000000000000e+00,0.000000000000000000e+00,8.276384277343750000e+02,8.276372070312500000e+02,8.276372070312500000e+02,8.276384277343750000e+02,-1.009816023820255399e+09
1.477999999999999980e+00,-8.608327738703989951e+01,4.277320691664565544e+01,-3.059268345965765334e+01,1.426590363990953847e-04,1.294469121901897779e-04,-3.957558654121839936e-07,1.086651384830474854e-01,2.449112892150878906e+00,-2.594204902648925781e+00,-1.329608619434981820e-01,-1.198459740381922767e-01,-3.747068600027991109e-02,-8.621623824898340160e+01,4.265336094260746336e+01,-3.063015414565793293e+01,0.000000000000000000e+00,0.000000000000000000e+00,0.000000000000000000e+00,0.000000000000000000e+00,8.276384277343750000e+02,8.276372070312500000e+02,8.276372070312500000e+02,8.276384277343750000e+02,-1.009826199610412240e+09
1.479000000000000092e+00,-8.608313466130775282e+01,4.277333639026056034e+01,-3.059268385583638405e+01,1.427257321466868234e-04,1.294736149048958396e-04,-3.961787307105169020e-07,1.086735129356384277e-01,2.449146270751953125e+00,-2.594234466552734375e+00,-1.331035876756507530e-01,-1.199754476530936753e-01,-3.747028982154790994e-02,-8.621623824898340160e+01,4.265336094260746336e+01,-3.063015414565793293e+01,0.000000000000000000e+00,0.000000000000000000e+00,0.000000000000000000e+00,0.000000000000000000e+00,8.276384277343750000e+02,8.276372680664062500e+02,8.276372680664062500e+02,8.276384277343750000e+02,-1.009836375387096882e+09
1.479999999999999982e+00,-8.608299186890697285e+01,4.277346587727286220e+01,-3.059268422240729990e+01,1.427924007799674655e-04,1.294870123018654340e-04,-3.665709158440222382e-07,1.086816191673278809e-01,2.449178934097290039e+00,-2.594263315200805664e+00,-1.332463800764262796e-01,-1.201049346653963318e-01,-3.746992325063455004e-02,-8.621623824898340160e+01,4.265336094260746336e+01,-3.063015414565793293e+01,0.000000000000000000e+00,0.000000000000000000e+00,0.000000000000000000e+00,0.000000000000000000e+00,8.276384277343750000e+02,8.276372680664062500e+02,8.276372680664062500e+02,8.276383666992187500e+02,-1.009846551150297046e+09
1.481000000000000094e+00,-8.608284900449478982e+01,4.277359541057874281e+01,-3.059268453165739743e+01,1.428644121830302538e-04,1.295333058806136250e-04,-3.092500975299117272e-07,1.086898446083068848e-01,2.449212551116943359e+00,-2.594293355941772461e+00,-1.333892444886177198e-01,-1.202344679712764736e-01,-3.746961400053561153e-02,-8.621623824898340160e+01,4.265336094260746336e+01,-3.063015414565793293e+01,0.000000000000000000e+00,0.000000000000000000e+00,0.000000000000000000e+00,0.000000000000000000e+00,8.276383666992187500e+02,8.276372680664062500e+02,8.276372680664062500e+02,8.276383666992187500e+02,-1.009856726900000930e+09
1.481999999999999984e+00,-8.608270603884611205e+01,4.277372497784583771e+01,-3.059268475907634155e+01,1.429656486777730606e-04,1.295672670948988525e-04,-2.274189441209273355e-07,1.086983084678649902e-01,2.449245452880859375e+00,-2.594321966171264648e+00,-1.335322101372854731e-01,-1.203640352383760076e-01,-3.746938658158963792e-02,-8.621623824898340160e+01,4.265336094260746336e+01,-3.063015414565793293e+01,0.000000000000000000e+00,0.000000000000000000e+00,0.000000000000000000e+00,0.000000000000000000e+00,8.276383666992187500e+02,8.276373291015625000e+02,8.276373291015625000e+02,8.276383666992187500e+02,-1.009866902636189222e+09
1.483000000000000096e+00,-8.608256296660478313e+01,4.277385458530175555e+01,-3.059268487358525945e+01,1.430722413289231554e-04,1.296074559178350682e-04,-1.145089179033220717e-07,1.087065935134887695e-01,2.449278593063354492e+00,-2.594350814819335938e+00,-1.336752823786249988e-01,-1.204936426942915945e-01,-3.746927207267397586e-02,-8.621623824898340160e+01,4.265336094260746336e+01,-3.063015414565793293e+01,0.000000000000000000e+00,0.000000000000000000e+00,0.000000000000000000e+00,0.000000000000000000e+00,8.276383056640625000e+02,8.276373291015625000e+02,8.276373291015625000e+02,8.276383056640625000e+02,-1.009877078358839989e+09
1.483999999999999986e+00,-8.608241978780002057e+01,4.277398424631440577e+01,-3.059268485185481978e+01,1.431788047625559557e-04,1.296610126502173443e-04,2.173043966990917397e-08,1.087149381637573242e-01,2.449312448501586914e+00,-2.594381809234619141e+00,-1.338184611833811433e-01,-1.206233037069456282e-01,-3.746929380311301433e-02,-8.621623824898340160e+01,4.265336094260746336e+01,-3.063015414565793293e+01,0.000000000000000000e+00,0.000000000000000000e+00,0.000000000000000000e+00,0.000000000000000000e+00,8.276383056640625000e+02,8.276373901367187500e+02,8.276373901367187500e+02,8.276383056640625000e+02,-1.009887254067931175e+09
1.485000000000000098e+00,-8.608227647577987796e+01,4.277411396092427509e+01,-3.059268466723323598e+01,1.433120201426163476e-04,1.297146098693247041e-04,1.846215837986164843e-07,1.087234020233154297e-01,2.449345827102661133e+00,-2.594410657882690430e+00,-1.339617732035165709e-01,-1.207530183168096932e-01,-3.746947842469831869e-02,-8.621623824898340160e+01,4.265336094260746336e+01,-3.063015414565793293e+01,0.000000000000000000e+00,0.000000000000000000e+00,0.000000000000000000e+00,0.000000000000000000e+00,8.276382446289062500e+02,8.276373901367187500e+02,8.276373901367187500e+02,8.276382446289062500e+02,-1.009897429763434768e+09
1.485999999999999988e+00,-8.608213303056521681e+01,4.277424371581906826e+01,-3.059268429636015441e+01,1.434452146611420176e-04,1.297548947931659313e-04,3.708730815787930624e-07,1.087317466735839844e-01,2.449379205703735352e+00,-2.594439744949340820e+00,-1.341052184181794338e-01,-1.208827732116037335e-01,-3.746984929777699008e-02,-8.621623824898340160e+01,4.265336094260746336e+01,-3.063015414565793293e+01,0.000000000000000000e+00,0.000000000000000000e+00,0.000000000000000000e+00,0.000000000000000000e+00,8.276381835937500000e+02,8.276374511718750000e+02,8.276374511718750000e+02,8.276381835937500000e+02,-1.009907605445319772e+09
1.487000000000000099e+00,-8.608198945218640574e+01,4.277437353770339712e+01,-3.059268371925707086e+01,1.435783788110711612e-04,1.298218843288623248e-04,5.771030835433066386e-07,1.087400317192077637e-01,2.449413061141967773e+00,-2.594470024108886719e+00,-1.342487967969943352e-01,-1.210125950959337338e-01,-3.747042640086147014e-02,-8.621623824898340160e+01,4.265336094260746336e+01,-3.063015414565793293e+01,0.000000000000000000e+00,0.000000000000000000e+00,0.000000000000000000e+00,0.000000000000000000e+00,8.276381835937500000e+02,8.276375122070312500e+02,8.276375122070312500e+02,8.276381835937500000e+02,-1.009917781113556504e+09
1.487999999999999989e+00,-8.608184572732854178e+01,4.277450342660981164e+01,-3.059268291259337857e+01,1.437248578639582774e-04,1.298889064145214434e-04,8.066636922876568860e-07,1.087479889392852783e-01,2.449445009231567383e+00,-2.594497203826904297e+00,-1.343925216548580714e-01,-1.211424840023480887e-01,-3.747123306455297370e-02,-8.621623824898340160e+01,4.265336094260746336e+01,-3.063015414565793293e+01,0.000000000000000000e+00,0.000000000000000000e+00,0.000000000000000000e+00,0.000000000000000000e+00,8.276381225585937500e+02,8.276375732421875000e+02,8.276375732421875000e+02,8.276381225585937500e+02,-1.009927956768111467e+09
1.489000000000000101e+00,-8.608170184266468539e+01,4.277463335588660698e+01,-3.059268185634230264e+01,1.438846638563973102e-04,1.299292767953375005e-04,1.056251075937097994e-06,1.087568402290344238e-01,2.449480056762695312e+00,-2.594529151916503906e+00,-1.345364063187147741e-01,-1.212724132791467013e-01,-3.747228931563168636e-02,-8.621623824898340160e+01,4.265336094260746336e+01,-3.063015414565793293e+01,0.000000000000000000e+00,0.000000000000000000e+00,0.000000000000000000e+00,0.000000000000000000e+00,8.276380615234375000e+02,8.276375732421875000e+02,8.276375732421875000e+02,8.276380615234375000e+02,-1.009938132408945560e+09
1.489999999999999991e+00,-8.608155781156300179e+01,4.277476336556672720e+01,-3.059268053719716463e+01,1.440311016835948976e-04,1.300096801202244023e-04,1.319145138012345342e-06,1.087648868560791016e-01,2.449512243270874023e+00,-2.594557762145996094e+00,-1.346804374203935395e-01,-1.214024229592603754e-01,-3.747360846076775581e-02,-8.621623824898340160e+01,4.265336094260746336e+01,-3.063015414565793293e+01,0.000000000000000000e+00,0.000000000000000000e+00,0.000000000000000000e+00,0.000000000000000000e+00,8.276380004882812500e+02,8.276376342773437500e+02,8.276376342773437500e+02,8.276380004882812500e+02,-1.009948308036024213e+09
1.491000000000000103e+00,-8.608141363403345281e+01,4.277489342899032465e+01,-3.059267893845212072e+01,1.441775295489833297e-04,1.300634235974484909e-04,1.598745043907001673e-06,1.087739169597625732e-01,2.449548721313476562e+00,-2.594588994979858398e+00,-1.348246149499516544e-01,-1.215324863828648461e-01,-3.747520720581355713e-02,-8.621623824898340160e+01,4.265336094260746336e+01,-3.063015414565793293e+01,0.000000000000000000e+00,0.000000000000000000e+00,0.000000000000000000e+00,0.000000000000000000e+00,8.276379394531250000e+02,8.276376953125000000e+02,8.276376953125000000e+02,8.276379394531250000e+02,-1.009958483649309993e+09
1.491999999999999993e+00,-8.608126929675870542e+01,4.277502355952274371e+01,-3.059267704346243022e+01,1.443372747473858908e-04,1.301305324190593637e-04,1.894989690498505297e-06,1.087819635868072510e-01,2.449580669403076172e+00,-2.594617843627929688e+00,-1.349689522246946272e-01,-1.216626169152784098e-01,-3.747710219550145355e-02,-8.621623824898340160e+01,4.265336094260746336e+01,-3.063015414565793293e+01,0.000000000000000000e+00,0.000000000000000000e+00,0.000000000000000000e+00,0.000000000000000000e+00,8.276379394531250000e+02,8.276377563476562500e+02,8.276377563476562500e+02,8.276379394531250000e+02,-1.009968659248762965e+09
1.493000000000000105e+00,-8.608112478640229881e+01,4.277515374383711588e+01,-3.059267484555723726e+01,1.445103564066130275e-04,1.301843143721725937e-04,2.197905192957705367e-06,1.087907850742340088e-01,2.449615955352783203e+00,-2.594647884368896484e+00,-1.351134625811075407e-01,-1.217928012296548568e-01,-3.747930010069516066e-02,-8.621623824898340160e+01,4.265336094260746336e+01,-3.063015414565793293e+01,0.000000000000000000e+00,0.000000000000000000e+00,0.000000000000000000e+00,0.000000000000000000e+00,8.276378784179687500e+02,8.276378173828125000e+02,8.276378173828125000e+02,8.276378784179687500e+02,-1.009978834834339380e+09
1.493999999999999995e+00,-8.608098014300529144e+01,4.277528400861374536e+01,-3.059267233472105474e+01,1.446433970073712771e-04,1.302647766294739995e-04,2.510836182523235038e-06,1.087988913059234619e-01,2.449648141860961914e+00,-2.594676733016967773e+00,-1.352581059781062522e-01,-1.219230660062799315e-01,-3.748181093687950188e-02,-8.621623824898340160e+01,4.265336094260746336e+01,-3.063015414565793293e+01,0.000000000000000000e+00,0.000000000000000000e+00,0.000000000000000000e+00,0.000000000000000000e+00,8.276378173828125000e+02,8.276378784179687500e+02,8.276378784179687500e+02,8.276378173828125000e+02,-1.009989010406004429e+09
1.495000000000000107e+00,-8.608083532654646319e+01,4.277541432719439030e+01,-3.059266950429563181e+01,1.448164588282452314e-04,1.303185806449391748e-04,2.830425422928328771e-06,1.088075339794158936e-01,2.449682950973510742e+00,-2.594707965850830078e+00,-1.354029224369410478e-01,-1.220533845869262723e-01,-3.748464136230282573e-02,-8.621623824898340160e+01,4.265336094260746336e+01,-3.063015414565793293e+01,0.000000000000000000e+00,0.000000000000000000e+00,0.000000000000000000e+00,0.000000000000000000e+00,8.276377563476562500e+02,8.276378784179687500e+02,8.276378784179687500e+02,8.276377563476562500e+02,-1.009999185963713169e+09
1.495999999999999996e+00,-8.608069036371171023e+01,4.277554471291175275e+01,-3.059266635426908465e+01,1.449628347529596795e-04,1.303857173624578536e-04,3.150026547160678092e-06,1.088156104087829590e-01,2.449715137481689453e+00,-2.594736576080322266e+00,-1.355478852716856253e-01,-1.221837703042879808e-01,-3.748779138884820311e-02,-8.621623824898340160e+01,4.265336094260746336e+01,-3.063015414565793293e+01,0.000000000000000000e+00,0.000000000000000000e+00,0.000000000000000000e+00,0.000000000000000000e+00,8.276376953125000000e+02,8.276379394531250000e+02,8.276379394531250000e+02,8.276376953125000000e+02,-1.010009361507426858e+09
1.497000000000000108e+00,-8.608054525450495476e+01,4.277567515243473650e+01,-3.059266287795626837e+01,1.451092067554782261e-04,1.304395229837496117e-04,3.476312816275139994e-06,1.088244915008544922e-01,2.449750661849975586e+00,-2.594768524169921875e+00,-1.356929944784486253e-01,-1.223142098272699402e-01,-3.749126770166407580e-02,-8.621623824898340160e+01,4.265336094260746336e+01,-3.063015414565793293e+01,0.000000000000000000e+00,0.000000000000000000e+00,0.000000000000000000e+00,0.000000000000000000e+00,8.276376342773437500e+02,8.276380004882812500e+02,8.276380004882812500e+02,8.276376342773437500e+02,-1.010019537037104845e+09
1.497999999999999998e+00,-8.608040001226397919e+01,4.277580564575625743e+01,-3.059265907867868961e+01,1.452422409755627086e-04,1.304933215209302944e-04,3.799277578764304053e-06,1.088329255580902100e-01,2.449784517288208008e+00,-2.594797372817993164e+00,-1.358382367194173046e-01,-1.224447031487937848e-01,-3.749506697924386012e-02,-8.621623824898340160e+01,4.265336094260746336e+01,-3.063015414565793293e+01,0.000000000000000000e+00,0.000000000000000000e+00,0.000000000000000000e+00,0.000000000000000000e+00,8.276375732421875000e+02,8.276380615234375000e+02,8.276380615234375000e+02,8.276375732421875000e+02,-1.010029712552709222e+09
1.499000000000000110e+00,-8.608025462364608416e+01,4.277593619287799243e+01,-3.059265495978631932e+01,1.453886178950369867e-04,1.305471217349918334e-04,4.118892370286175719e-06,1.088417768478393555e-01,2.449820280075073242e+00,-2.594828605651855469e+00,-1.359836253373205017e-01,-1.225752502705293456e-01,-3.749918587161236994e-02,-8.621623824898340160e+01,4.265336094260746336e+01,-3.063015414565793293e+01,0.000000000000000000e+00,0.000000000000000000e+00,0.000000000000000000e+00,0.000000000000000000e+00,8.276375732421875000e+02,8.276381225585937500e+02,8.276381225585937500e+02,8.276375732421875000e+02,-1.010039888054200053e+09
1.500000000000000000e+00,-8.608010911533361309e+01,4.277606680712867160e+01,-3.059265052460219536e+01,1.455083124710654374e-04,1.306142506791729829e-04,4.435184123963153979e-06,1.088498532772064209e-01,2.449852228164672852e+00,-2.594856739044189453e+00,-1.361291336497947591e-01,-1.227058645212114746e-01,-3.750362105573867844e-02,-8.621623824898340160e+01,4.265336094260746336e+01,-3.063015414565793293e+01,0.000000000000000000e+00,0.000000000000000000e+00,0.000000000000000000e+00,0.000000000000000000e+00,8.276375122070312500e+02,8.276381225585937500e+02,8.276381835937500000e+02,8.276375122070312500e+02,-1.010050063541542888e+09
1.500999999999999890e+00,-8.607996348730040381e+01,4.277619744847297767e+01,-3.059264578641964860e+01,1.456280332092774188e-04,1.306413443060705504e-04,4.738182546759617253e-06,1.088585257530212402e-01,2.449887514114379883e+00,-2.594888687133789062e+00,-1.362747616829996511e-01,-1.228365058655157410e-01,-3.750835923828540336e-02,-8.621623824898340160e+01,4.265336094260746336e+01,-3.063015414565793293e+01,0.000000000000000000e+00,0.000000000000000000e+00,0.000000000000000000e+00,0.000000000000000000e+00,8.276374511718750000e+02,8.276381835937500000e+02,8.276381835937500000e+02,8.276374511718750000e+02,-1.010060239014701247e+09
1.502000000000000002e+00,-8.607981773954540472e+01,4.277632814358062063e+01,-3.059264075527609350e+01,1.457477549990926491e-04,1.306951076429641034e-04,5.031143555100925369e-06,1.088671386241912842e-01,2.449921607971191406e+00,-2.594917535781860352e+00,-1.364205094380025740e-01,-1.229672009731548332e-01,-3.751339038183822833e-02,-8.621623824898340160e+01,4.265336094260746336e+01,-3.063015414565793293e+01,0.000000000000000000e+00,0.000000000000000000e+00,0.000000000000000000e+00,0.000000000000000000e+00,8.276374511718750000e+02,8.276382446289062500e+02,8.276382446289062500e+02,8.276374511718750000e+02,-1.010070414473641157e+09
1.502999999999999892e+00,-8.607967190688103187e+01,4.277645887176122841e+01,-3.059263544004275914e+01,1.458326643728469207e-04,1.307281806077753572e-04,5.315233334357571948e-06,1.088757216930389404e-01,2.449955463409423828e+00,-2.594948291778564453e+00,-1.365663421023720903e-01,-1.230979291537661335e-01,-3.751870561517259284e-02,-8.621623824898340160e+01,4.265336094260746336e+01,-3.063015414565793293e+01,0.000000000000000000e+00,0.000000000000000000e+00,0.000000000000000000e+00,0.000000000000000000e+00,8.276373901367187500e+02,8.276382446289062500e+02,8.276383056640625000e+02,8.276373901367187500e+02,-1.010080589918333530e+09
1.504000000000000004e+00,-8.607952598634737740e+01,4.277658964764498961e+01,-3.059262985956145542e+01,1.459205336544755482e-04,1.307758837612027492e-04,5.580481303724127429e-06,1.088840365409851074e-01,2.449989080429077148e+00,-2.594978094100952148e+00,-1.367122626360183224e-01,-1.232287050375293902e-01,-3.752428609647881497e-02,-8.621623824898340160e+01,4.265336094260746336e+01,-3.063015414565793293e+01,0.000000000000000000e+00,0.000000000000000000e+00,0.000000000000000000e+00,0.000000000000000000e+00,8.276373291015625000e+02,8.276383056640625000e+02,8.276383056640625000e+02,8.276373291015625000e+02,-1.010090765348751187e+09
1.504999999999999893e+00,-8.607937998606395524e+01,4.277672045055398797e+01,-3.059262402606655229e+01,1.460002834221540979e-04,1.308029089983619997e-04,5.833494903129121667e-06,1.088924705982208252e-01,2.450023412704467773e+00,-2.595007896423339844e+00,-1.368582629194412814e-01,-1.233595079465223260e-01,-3.753011959138137510e-02,-8.621623824898340160e+01,4.265336094260746336e+01,-3.063015414565793293e+01,0.000000000000000000e+00,0.000000000000000000e+00,0.000000000000000000e+00,0.000000000000000000e+00,8.276373291015625000e+02,8.276383666992187500e+02,8.276383666992187500e+02,8.276373291015625000e+02,-1.010100940764867306e+09
1.506000000000000005e+00,-8.607923391935032953e+01,4.277685128046087470e+01,-3.059261795955439567e+01,1.460667136257143284e-04,1.308299068867313508e-04,6.066512156621683971e-06,1.089016497135162354e-01,2.450059890747070312e+00,-2.595040321350097656e+00,-1.370043296330681337e-01,-1.234903378534098206e-01,-3.753618610353603308e-02,-8.621623824898340160e+01,4.265336094260746336e+01,-3.063015414565793293e+01,0.000000000000000000e+00,0.000000000000000000e+00,0.000000000000000000e+00,0.000000000000000000e+00,8.276372680664062500e+02,8.276383666992187500e+02,8.276383666992187500e+02,8.276372680664062500e+02,-1.010111116166658521e+09
1.506999999999999895e+00,-8.607908779951878842e+01,4.277698213733022925e+01,-3.059261168669138797e+01,1.461198315411138537e-04,1.308568693545453243e-04,6.272863007694695625e-06,1.089099347591400146e-01,2.450093030929565430e+00,-2.595069169998168945e+00,-1.371504494646094696e-01,-1.236211947227670582e-01,-3.754245896654453962e-02,-8.621623824898340160e+01,4.265336094260746336e+01,-3.063015414565793293e+01,0.000000000000000000e+00,0.000000000000000000e+00,0.000000000000000000e+00,0.000000000000000000e+00,8.276372680664062500e+02,8.276383666992187500e+02,8.276383666992187500e+02,8.276372680664062500e+02,-1.010121291554105520e+09
1.508000000000000007e+00,-8.607894163988726177e+01,4.277711299446202986e+01,-3.059260522077169497e+01,1.461596315266433521e-04,1.308571318006102047e-04,6.465919692999477775e-06,1.089188754558563232e-01,2.450128555297851562e+00,-2.595100402832031250e+00,-1.372966090961346142e-01,-1.237520518545668358e-01,-3.754892488623645663e-02,-8.621623824898340160e+01,4.265336094260746336e+01,-3.063015414565793293e+01,0.000000000000000000e+00,0.000000000000000000e+00,0.000000000000000000e+00,0.000000000000000000e+00,8.276372680664062500e+02,8.276384277343750000e+02,8.276384277343750000e+02,8.276372680664062500e+02,-1.010131466927189708e+09
1.508999999999999897e+00,-8.607879546710883290e+01,4.277724386515245669e+01,-3.059259859179812224e+01,1.461727784288768817e-04,1.308706904268319704e-04,6.628973572730956221e-06,1.089272797107696533e-01,2.450161933898925781e+00,-2.595130920410156250e+00,-1.374427818745737884e-01,-1.238829225449929600e-01,-3.755555385980948596e-02,-8.621623824898340160e+01,4.265336094260746336e+01,-3.063015414565793293e+01,0.000000000000000000e+00,0.000000000000000000e+00,0.000000000000000000e+00,0.000000000000000000e+00,8.276372680664062500e+02,8.276384277343750000e+02,8.276384277343750000e+02,8.276372680664062500e+02,-1.010141642285899997e+09
1.510000000000000009e+00,-8.607864926781850556e+01,4.277737474937848816e+01,-3.059259182313059711e+01,1.461992903273312550e-04,1.308842260314690975e-04,6.768667525136606855e-06,1.089357733726501465e-01,2.450196266174316406e+00,-2.595160484313964844e+00,-1.375889811648895178e-01,-1.240138067710257336e-01,-3.756232252733674587e-02,-8.621623824898340160e+01,4.265336094260746336e+01,-3.063015414565793293e+01,0.000000000000000000e+00,0.000000000000000000e+00,0.000000000000000000e+00,0.000000000000000000e+00,8.276372070312500000e+02,8.276384277343750000e+02,8.276384277343750000e+02,8.276372070312500000e+02,-1.010151817630224705e+09
1.510999999999999899e+00,-8.607850308200798395e+01,4.277750563375920478e+01,-3.059258493805529255e+01,1.461858105216151671e-04,1.308843807166226725e-04,6.885075304552401576e-06,1.089442968368530273e-01,2.450230836868286133e+00,-2.595190763473510742e+00,-1.377351669754135199e-01,-1.241446911517392615e-01,-3.756920760263866843e-02,-8.621623824898340160e+01,4.265336094260746336e+01,-3.063015414565793293e+01,0.000000000000000000e+00,0.000000000000000000e+00,0.000000000000000000e+00,0.000000000000000000e+00,8.276372070312500000e+02,8.276384277343750000e+02,8.276384277343750000e+02,8.276372070312500000e+02,-1.010161992960158944e+09
1.512000000000000011e+00,-8.607835689630051945e+01,4.277763650492308045e+01,-3.059257796658610928e+01,1.461857074644967724e-04,1.308711638756676621e-04,6.971469183270073700e-06,1.089529097080230713e-01,2.450264453887939453e+00,-2.595220565795898438e+00,-1.378813526828761571e-01,-1.242755623156175659e-01,-3.757617907182206340e-02,-8.621623824898340160e+01,4.265336094260746336e+01,-3.063015414565793293e+01,0.000000000000000000e+00,0.000000000000000000e+00,0.000000000000000000e+00,0.000000000000000000e+00,8.276372070312500000e+02,8.276384277343750000e+02,8.276384277343750000e+02,8.276372070312500000e+02,-1.010172168275696516e+09
1.512999999999999901e+00,-8.607821076402852611e+01,4.277776736282073955e+01,-3.059257093534554173e+01,1.461322719933377812e-04,1.308578976590979437e-04,7.031240567556551468e-06,1.089621186256408691e-01,2.450300931930541992e+00,-2.595253467559814453e+00,-1.380274849548804583e-01,-1.244064202132756647e-01,-3.758321031239104243e-02,-8.621623824898340160e+01,4.265336094260746336e+01,-3.063015414565793293e+01,0.000000000000000000e+00,0.000000000000000000e+00,0.000000000000000000e+00,0.000000000000000000e+00,8.276372070312500000e+02,8.276384277343750000e+02,8.276384277343750000e+02,8.276372070312500000e+02,-1.010182343576841831e+09
1.514000000000000012e+00,-8.607806465848265987e+01,4.277789820742900417e+01,-3.059256387104279540e+01,1.461055458662485762e-04,1.308446082646241848e-04,7.064302746329076399e-06,1.089701950550079346e-01,2.450333833694458008e+00,-2.595282077789306641e+00,-1.381735905007404341e-01,-1.245372648215400391e-01,-3.759027461513606699e-02,-8.621623824898340160e+01,4.265336094260746336e+01,-3.063015414565793293e+01,0.000000000000000000e+00,0.000000000000000000e+00,0.000000000000000000e+00,0.000000000000000000e+00,8.276372680664062500e+02,8.276384277343750000e+02,8.276384277343750000e+02,8.276372070312500000e+02,-1.010192518863596439e+09
1.514999999999999902e+00,-8.607791860631024861e+01,4.277802902536677010e+01,-3.059255680031308700e+01,1.460521724112595621e-04,1.308179377659257625e-04,7.070729708402723190e-06,1.089791655540466309e-01,2.450370311737060547e+00,-2.595313549041748047e+00,-1.383196426731558570e-01,-1.246680827593036611e-01,-3.759734534484555912e-02,-8.621623824898340160e+01,4.265336094260746336e+01,-3.063015414565793293e+01,0.000000000000000000e+00,0.000000000000000000e+00,0.000000000000000000e+00,0.000000000000000000e+00,8.276372680664062500e+02,8.276384277343750000e+02,8.276384277343750000e+02,8.276372680664062500e+02,-1.010202694135966897e+09
1.516000000000000014e+00,-8.607777263415550806e+01,4.277815981658494593e+01,-3.059254975647765562e+01,1.459721547405479214e-04,1.307912181758297265e-04,7.043835431375100598e-06,1.089876294136047363e-01,2.450403928756713867e+00,-2.595343112945556641e+00,-1.384656148278864962e-01,-1.247988739774806149e-01,-3.760438918027706606e-02,-8.621623824898340160e+01,4.265336094260746336e+01,-3.063015414565793293e+01,0.000000000000000000e+00,0.000000000000000000e+00,0.000000000000000000e+00,0.000000000000000000e+00,8.276372680664062500e+02,8.276383666992187500e+02,8.276383666992187500e+02,8.276372680664062500e+02,-1.010212869393966436e+09
1.516999999999999904e+00,-8.607762672865266040e+01,4.277829058105956506e+01,-3.059254276289606622e+01,1.459055028476541338e-04,1.307644746191272134e-04,6.993581589398445431e-06,1.089962422847747803e-01,2.450438022613525391e+00,-2.595373153686523438e+00,-1.386115203307363430e-01,-1.249296384521026426e-01,-3.761138276186594409e-02,-8.621623824898340160e+01,4.265336094260746336e+01,-3.063015414565793293e+01,0.000000000000000000e+00,0.000000000000000000e+00,0.000000000000000000e+00,0.000000000000000000e+00,8.276372680664062500e+02,8.276383666992187500e+02,8.276383666992187500e+02,8.276372680664062500e+02,-1.010223044637607455e+09
1.518000000000000016e+00,-8.607748092978523857e+01,4.277842130540065568e+01,-3.059253584952370630e+01,1.457988674218313463e-04,1.307243410906266945e-04,6.913372359917957510e-06,1.090048551559448242e-01,2.450472593307495117e+00,-2.595404148101806641e+00,-1.387573191981564258e-01,-1.250603627931922979e-01,-3.761829613422511959e-02,-8.621623824898340160e+01,4.265336094260746336e+01,-3.063015414565793293e+01,0.000000000000000000e+00,0.000000000000000000e+00,0.000000000000000000e+00,0.000000000000000000e+00,8.276373291015625000e+02,8.276383666992187500e+02,8.276383666992187500e+02,8.276373291015625000e+02,-1.010233219866909742e+09
1.518999999999999906e+00,-8.607733522418288885e+01,4.277855197624375450e+01,-3.059252903970387649e+01,1.457056023497216302e-04,1.306708430988123837e-04,6.809819829811658565e-06,1.090133488178253174e-01,2.450506448745727539e+00,-2.595433473587036133e+00,-1.389030248005150014e-01,-1.251910336362882514e-01,-3.762510595405647862e-02,-8.621623824898340160e+01,4.265336094260746336e+01,-3.063015414565793293e+01,0.000000000000000000e+00,0.000000000000000000e+00,0.000000000000000000e+00,0.000000000000000000e+00,8.276373291015625000e+02,8.276383056640625000e+02,8.276383056640625000e+02,8.276373291015625000e+02,-1.010243395081891298e+09
1.520000000000000018e+00,-8.607718963849795557e+01,4.277868262021961954e+01,-3.059252236678980452e+01,1.455856849332803904e-04,1.306439758650412841e-04,6.672914071970126315e-06,1.090224683284759521e-01,2.450542449951171875e+00,-2.595465898513793945e+00,-1.390486104854459781e-01,-1.253216776121542919e-01,-3.763177886812886508e-02,-8.621623824898340160e+01,4.265336094260746336e+01,-3.063015414565793293e+01,0.000000000000000000e+00,0.000000000000000000e+00,0.000000000000000000e+00,0.000000000000000000e+00,8.276373901367187500e+02,8.276383056640625000e+02,8.276383056640625000e+02,8.276373901367187500e+02,-1.010253570282578826e+09
1.520999999999999908e+00,-8.607704415935847919e+01,4.277881319729117138e+01,-3.059251584742229824e+01,1.454791394763788048e-04,1.305770715518406178e-04,6.519367506285789204e-06,1.090308725833892822e-01,2.450576305389404297e+00,-2.595495700836181641e+00,-1.391940896249208304e-01,-1.254522546837046892e-01,-3.763829823563571986e-02,-8.621623824898340160e+01,4.265336094260746336e+01,-3.063015414565793293e+01,0.000000000000000000e+00,0.000000000000000000e+00,0.000000000000000000e+00,0.000000000000000000e+00,8.276373901367187500e+02,8.276382446289062500e+02,8.276382446289062500e+02,8.276373901367187500e+02,-1.010263745468994498e+09
1.522000000000000020e+00,-8.607689882675684601e+01,4.277894373408448558e+01,-3.059250951493988424e+01,1.453326016331857318e-04,1.305367933142065340e-04,6.332482413995421666e-06,1.090394854545593262e-01,2.450610876083374023e+00,-2.595525741577148438e+00,-1.393394222265515181e-01,-1.255827914770236975e-01,-3.764463071804816097e-02,-8.621623824898340160e+01,4.265336094260746336e+01,-3.063015414565793293e+01,0.000000000000000000e+00,0.000000000000000000e+00,0.000000000000000000e+00,0.000000000000000000e+00,8.276374511718750000e+02,8.276381835937500000e+02,8.276381835937500000e+02,8.276374511718750000e+02,-1.010273920641171575e+09
1.522999999999999909e+00,-8.607675362733318991e+01,4.277907421724676595e+01,-3.059250338268055103e+01,1.451994236560949503e-04,1.304831622803703794e-04,6.132259333213596619e-06,1.090476810932159424e-01,2.450643301010131836e+00,-2.595555067062377930e+00,-1.394846216502058645e-01,-1.257132746393058997e-01,-3.765076297738098599e-02,-8.621623824898340160e+01,4.265336094260746336e+01,-3.063015414565793293e+01,0.000000000000000000e+00,0.000000000000000000e+00,0.000000000000000000e+00,0.000000000000000000e+00,8.276375122070312500e+02,8.276381835937500000e+02,8.276381835937500000e+02,8.276375122070312500e+02,-1.010284095799140692e+09
1.524000000000000021e+00,-8.607660856105320590e+01,4.277920463340448265e+01,-3.059249747730786240e+01,1.450662799840074513e-04,1.304161577166951247e-04,5.905372688630450284e-06,1.090565323829650879e-01,2.450678348541259766e+00,-2.595586061477661133e+00,-1.396296879301928973e-01,-1.258436907970209018e-01,-3.765666835006999114e-02,-8.621623824898340160e+01,4.265336094260746336e+01,-3.063015414565793293e+01,0.000000000000000000e+00,0.000000000000000000e+00,0.000000000000000000e+00,0.000000000000000000e+00,8.276375732421875000e+02,8.276381225585937500e+02,8.276381225585937500e+02,8.276375732421875000e+02,-1.010294270942932963e+09
1.524999999999999911e+00,-8.607646366290832418e+01,4.277933497501761906e+01,-3.059249182105614651e+01,1.448981448817221462e-04,1.303416131364087960e-04,5.656251715890903142e-06,1.090652048587799072e-01,2.450712203979492188e+00,-2.595616340637207031e+00,-1.397745860750796709e-01,-1.259740324101550901e-01,-3.766232460178479957e-02,-8.621623824898340160e+01,4.265336094260746336e+01,-3.063015414565793293e+01,0.000000000000000000e+00,0.000000000000000000e+00,0.000000000000000000e+00,0.000000000000000000e+00,8.276375732421875000e+02,8.276380615234375000e+02,8.276380615234375000e+02,8.276375732421875000e+02,-1.010304446072586417e+09
1.526000000000000023e+00,-8.607631890288902810e+01,4.277946528375375834e+01,-3.059248642613944469e+01,1.447600192960862842e-04,1.303087361392840648e-04,5.394916701817464855e-06,1.090734302997589111e-01,2.450746536254882812e+00,-2.595645666122436523e+00,-1.399193460943718714e-01,-1.261043411462935138e-01,-3.766771951848898320e-02,-8.621623824898340160e+01,4.265336094260746336e+01,-3.063015414565793293e+01,0.000000000000000000e+00,0.000000000000000000e+00,0.000000000000000000e+00,0.000000000000000000e+00,8.276376342773437500e+02,8.276380004882812500e+02,8.276380004882812500e+02,8.276376342773437500e+02,-1.010314621188138008e+09
1.526999999999999913e+00,-8.607617430263204028e+01,4.277959551207234057e+01,-3.059248130808742161e+01,1.446002569878146460e-04,1.302283185822261657e-04,5.118052023078689672e-06,1.090823709964752197e-01,2.450782299041748047e+00,-2.595676898956298828e+00,-1.400639463513597416e-01,-1.262345694648777938e-01,-3.767283757051082677e-02,-8.621623824898340160e+01,4.265336094260746336e+01,-3.063015414565793293e+01,0.000000000000000000e+00,0.000000000000000000e+00,0.000000000000000000e+00,0.000000000000000000e+00,8.276376953125000000e+02,8.276379394531250000e+02,8.276379394531250000e+02,8.276376953125000000e+02,-1.010324796289625406e+09
1.528000000000000025e+00,-8.607602984878641905e+01,4.277972568663674480e+01,-3.059247648362184790e+01,1.444538456212285382e-04,1.301745644042284766e-04,4.824465573705083443e-06,1.090904474258422852e-01,2.450814008712768555e+00,-2.595705747604370117e+00,-1.402084001969768623e-01,-1.263647440292847701e-01,-3.767766203608630821e-02,-8.621623824898340160e+01,4.265336094260746336e+01,-3.063015414565793293e+01,0.000000000000000000e+00,0.000000000000000000e+00,0.000000000000000000e+00,0.000000000000000000e+00,8.276377563476562500e+02,8.276379394531250000e+02,8.276379394531250000e+02,8.276377563476562500e+02,-1.010334971377087116e+09
1.528999999999999915e+00,-8.607588556802001278e+01,4.277985579408863970e+01,-3.059247195936637098e+01,1.442807664062684125e-04,1.301074518949008052e-04,4.524255476923144670e-06,1.090993583202362061e-01,2.450849771499633789e+00,-2.595737457275390625e+00,-1.403526809633862671e-01,-1.264948514811758962e-01,-3.768218629156360605e-02,-8.621623824898340160e+01,4.265336094260746336e+01,-3.063015414565793293e+01,0.000000000000000000e+00,0.000000000000000000e+00,0.000000000000000000e+00,0.000000000000000000e+00,8.276378173828125000e+02,8.276378784179687500e+02,8.276378784179687500e+02,8.276378173828125000e+02,-1.010345146450565815e+09
1.530000000000000027e+00,-8.607574143363282815e+01,4.277998583441522129e+01,-3.059246775202491264e+01,1.441343871846356706e-04,1.300403265815930354e-04,4.207341458339897144e-06,1.091078519821166992e-01,2.450884342193603516e+00,-2.595767259597778320e+00,-1.404968153505667394e-01,-1.266248918077544083e-01,-3.768639363302194595e-02,-8.621623824898340160e+01,4.265336094260746336e+01,-3.063015414565793293e+01,0.000000000000000000e+00,0.000000000000000000e+00,0.000000000000000000e+00,0.000000000000000000e+00,8.276378784179687500e+02,8.276378173828125000e+02,8.276378173828125000e+02,8.276378784179687500e+02,-1.010355321510100245e+09
1.530999999999999917e+00,-8.607559745896037384e+01,4.278011580760676935e+01,-3.059246386491703262e+01,1.439746724543056189e-04,1.299731915480606403e-04,3.887107880018447759e-06,1.091164052486419678e-01,2.450917243957519531e+00,-2.595796585083007812e+00,-1.406407900230210450e-01,-1.267548649993063548e-01,-3.769028074090079172e-02,-8.621623824898340160e+01,4.265336094260746336e+01,-3.063015414565793293e+01,0.000000000000000000e+00,0.000000000000000000e+00,0.000000000000000000e+00,0.000000000000000000e+00,8.276378784179687500e+02,8.276377563476562500e+02,8.276377563476562500e+02,8.276378784179687500e+02,-1.010365496555732012e+09
1.532000000000000028e+00,-8.607545363066562061e+01,4.278024572700670092e+01,-3.059246029807308176e+01,1.438282947532343314e-04,1.299193999315662040e-04,3.566843950864040380e-06,1.091244220733642578e-01,2.450949430465698242e+00,-2.595824956893920898e+00,-1.407846183177745014e-01,-1.268847843992397806e-01,-3.769384758485009451e-02,-8.621623824898340160e+01,4.265336094260746336e+01,-3.063015414565793293e+01,0.000000000000000000e+00,0.000000000000000000e+00,0.000000000000000000e+00,0.000000000000000000e+00,8.276379394531250000e+02,8.276376953125000000e+02,8.276376953125000000e+02,8.276379394531250000e+02,-1.010375671587501287e+09
1.532999999999999918e+00,-8.607530996207603380e+01,4.278037557926095502e+01,-3.059245705813130911e+01,1.436685895868095031e-04,1.298522542541036273e-04,3.239941772648080587e-06,1.091333031654357910e-01,2.450984954833984375e+00,-2.595856428146362305e+00,-1.409282869073746891e-01,-1.270146366534944671e-01,-3.769708752662250667e-02,-8.621623824898340160e+01,4.265336094260746336e+01,-3.063015414565793293e+01,0.000000000000000000e+00,0.000000000000000000e+00,0.000000000000000000e+00,0.000000000000000000e+00,8.276380004882812500e+02,8.276376342773437500e+02,8.276376342773437500e+02,8.276380004882812500e+02,-1.010385846605449915e+09
1.534000000000000030e+00,-8.607516642651427219e+01,4.278050537771733275e+01,-3.059245414513692651e+01,1.435355617616096424e-04,1.297984563777276890e-04,2.912994382597844378e-06,1.091416478157043457e-01,2.451017856597900391e+00,-2.595886230468750000e+00,-1.410718224691346334e-01,-1.271444351098666714e-01,-3.770000052100704047e-02,-8.621623824898340160e+01,4.265336094260746336e+01,-3.063015414565793293e+01,0.000000000000000000e+00,0.000000000000000000e+00,0.000000000000000000e+00,0.000000000000000000e+00,8.276380615234375000e+02,8.276375732421875000e+02,8.276376342773437500e+02,8.276380615234375000e+02,-1.010396021609616280e+09
1.534999999999999920e+00,-8.607502302398293637e+01,4.278063512237869048e+01,-3.059245155575422359e+01,1.434025313358233689e-04,1.297446613577335484e-04,2.589382702922193857e-06,1.091499924659729004e-01,2.451051950454711914e+00,-2.595915555953979492e+00,-1.412152250004631016e-01,-1.272741797712274581e-01,-3.770258990370973368e-02,-8.621623824898340160e+01,4.265336094260746336e+01,-3.063015414565793293e+01,0.000000000000000000e+00,0.000000000000000000e+00,0.000000000000000000e+00,0.000000000000000000e+00,8.276381225585937500e+02,8.276375732421875000e+02,8.276375732421875000e+02,8.276381225585937500e+02,-1.010406196600038528e+09
1.536000000000000032e+00,-8.607487975448835016e+01,4.278076481325204838e+01,-3.059244928331244040e+01,1.432694945862067470e-04,1.296908733579016371e-04,2.272441783190970455e-06,1.091586351394653320e-01,2.451085805892944336e+00,-2.595945596694946289e+00,-1.413584944950461997e-01,-1.274038706445822788e-01,-3.770486234549381283e-02,-8.621623824898340160e+01,4.265336094260746336e+01,-3.063015414565793293e+01,0.000000000000000000e+00,0.000000000000000000e+00,0.000000000000000000e+00,0.000000000000000000e+00,8.276381225585937500e+02,8.276375122070312500e+02,8.276375122070312500e+02,8.276381225585937500e+02,-1.010416371576754451e+09
1.536999999999999922e+00,-8.607473661804490916e+01,4.278089446368878157e+01,-3.059244731782221294e+01,1.431364434409942987e-04,1.296504367331863250e-04,1.965490227462396433e-06,1.091665625572204590e-01,2.451118230819702148e+00,-2.595973968505859375e+00,-1.415016309384939941e-01,-1.275335210813187958e-01,-3.770682783572146257e-02,-8.621623824898340160e+01,4.265336094260746336e+01,-3.063015414565793293e+01,0.000000000000000000e+00,0.000000000000000000e+00,0.000000000000000000e+00,0.000000000000000000e+00,8.276381835937500000e+02,8.276374511718750000e+02,8.276374511718750000e+02,8.276381835937500000e+02,-1.010426546539802313e+09
1.538000000000000034e+00,-8.607459357463012850e+01,4.278102406036486371e+01,-3.059244565597597898e+01,1.430434147806636247e-04,1.295966760821443131e-04,1.661846233957930963e-06,1.091753244400024414e-01,2.451152801513671875e+00,-2.596004486083984375e+00,-1.416446743532719377e-01,-1.276631177573999965e-01,-3.770848968195340128e-02,-8.621623824898340160e+01,4.265336094260746336e+01,-3.063015414565793293e+01,0.000000000000000000e+00,0.000000000000000000e+00,0.000000000000000000e+00,0.000000000000000000e+00,8.276382446289062500e+02,8.276374511718750000e+02,8.276374511718750000e+02,8.276382446289062500e+02,-1.010436721489212155e+09
1.538999999999999924e+00,-8.607445063760989967e+01,4.278115361663973459e+01,-3.059244427776450692e+01,1.429370202288282599e-04,1.295562748708789513e-04,1.378211472058410436e-06,1.091833710670471191e-01,2.451185941696166992e+00,-2.596033811569213867e+00,-1.417876113734999055e-01,-1.277926740322696264e-01,-3.770986789342677808e-02,-8.621623824898340160e+01,4.265336094260746336e+01,-3.063015414565793293e+01,0.000000000000000000e+00,0.000000000000000000e+00,0.000000000000000000e+00,0.000000000000000000e+00,8.276383056640625000e+02,8.276373901367187500e+02,8.276373901367187500e+02,8.276382446289062500e+02,-1.010446896425016403e+09
1.540000000000000036e+00,-8.607430779365043350e+01,4.278128313252499737e+01,-3.059244317653205414e+01,1.428439594661767842e-04,1.295158852627764645e-04,1.101232452782596738e-06,1.091922521591186523e-01,2.451220989227294922e+00,-2.596063852310180664e+00,-1.419304553329639729e-01,-1.279221899175344013e-01,-3.771096912587722921e-02,-8.621623824898340160e+01,4.265336094260746336e+01,-3.063015414565793293e+01,0.000000000000000000e+00,0.000000000000000000e+00,0.000000000000000000e+00,0.000000000000000000e+00,8.276383056640625000e+02,8.276373291015625000e+02,8.276373291015625000e+02,8.276383056640625000e+02,-1.010457071347244620e+09
1.540999999999999925e+00,-8.607416502944094816e+01,4.278141262139320844e+01,-3.059244232896418936e+01,1.427642094853354138e-04,1.294888682110695299e-04,8.475678647812401323e-07,1.092005074024200439e-01,2.451253890991210938e+00,-2.596093416213989258e+00,-1.420732195424581623e-01,-1.280516787857443328e-01,-3.771181669374317619e-02,-8.621623824898340160e+01,4.265336094260746336e+01,-3.063015414565793293e+01,0.000000000000000000e+00,0.000000000000000000e+00,0.000000000000000000e+00,0.000000000000000000e+00,8.276383666992187500e+02,8.276373291015625000e+02,8.276373291015625000e+02,8.276383666992187500e+02,-1.010467246255923629e+09
1.542000000000000037e+00,-8.607402233165088035e+01,4.278154206992415709e+01,-3.059244172171868570e+01,1.426977900678139122e-04,1.294485309486503866e-04,6.072455036587598443e-07,1.092086136341094971e-01,2.451286315917968750e+00,-2.596122026443481445e+00,-1.422159173325282522e-01,-1.281811273166919840e-01,-3.771242393924668923e-02,-8.621623824898340160e+01,4.265336094260746336e+01,-3.063015414565793293e+01,0.000000000000000000e+00,0.000000000000000000e+00,0.000000000000000000e+00,0.000000000000000000e+00,8.276383666992187500e+02,8.276372680664062500e+02,8.276372680664062500e+02,8.276383666992187500e+02,-1.010477421151076317e+09
1.542999999999999927e+00,-8.607387968697393887e+01,4.278167150483081826e+01,-3.059244133149781675e+01,1.426446769414724258e-04,1.294349066611744092e-04,3.902208689510189288e-07,1.092173159122467041e-01,2.451320886611938477e+00,-2.596152305603027344e+00,-1.423585620094569293e-01,-1.283105622233534082e-01,-3.771281416011496718e-02,-8.621623824898340160e+01,4.265336094260746336e+01,-3.063015414565793293e+01,0.000000000000000000e+00,0.000000000000000000e+00,0.000000000000000000e+00,0.000000000000000000e+00,8.276383666992187500e+02,8.276372680664062500e+02,8.276372680664062500e+02,8.276383666992187500e+02,-1.010487596032724023e+09
1.544000000000000039e+00,-8.607373708209156860e+01,4.278180092614168473e+01,-3.059244113830595779e+01,1.426048823702785739e-04,1.294213108664621359e-04,1.931918589548331511e-07,1.092250645160675049e-01,2.451351642608642578e+00,-2.596180438995361328e+00,-1.425011668918281516e-01,-1.284399835342186214e-01,-3.771300735197416487e-02,-8.621623824898340160e+01,4.265336094260746336e+01,-3.063015414565793293e+01,0.000000000000000000e+00,0.000000000000000000e+00,0.000000000000000000e+00,0.000000000000000000e+00,8.276384277343750000e+02,8.276372680664062500e+02,8.276372680664062500e+02,8.276384277343750000e+02,-1.010497770900884628e+09
1.544999999999999929e+00,-8.607359451703301545e+01,4.278193033388923538e+01,-3.059244111546246359e+01,1.425650585531457182e-04,1.294077475506583141e-04,2.284349420733633451e-08,1.092334985733032227e-01,2.451385259628295898e+00,-2.596209764480590820e+00,-1.426437319503859047e-01,-1.285693912817745255e-01,-3.771303019546786567e-02,-8.621623824898340160e+01,4.265336094260746336e+01,-3.063015414565793293e+01,0.000000000000000000e+00,0.000000000000000000e+00,0.000000000000000000e+00,0.000000000000000000e+00,8.276384277343750000e+02,8.276372070312500000e+02,8.276372070312500000e+02,8.276384277343750000e+02,-1.010507945755574226e+09
1.546000000000000041e+00,-8.607345196031317869e+01,4.278205973377882998e+01,-3.059244124861082881e+01,1.425567198367616584e-04,1.293998895945946970e-04,-1.331483652222686942e-07,1.092416644096374512e-01,2.451418399810791016e+00,-2.596238613128662109e+00,-1.427862886702217782e-01,-1.286987911713690091e-01,-3.771289704710387158e-02,-8.621623824898340160e+01,4.265336094260746336e+01,-3.063015414565793293e+01,0.000000000000000000e+00,0.000000000000000000e+00,0.000000000000000000e+00,0.000000000000000000e+00,8.276384277343750000e+02,8.276372070312500000e+02,8.276372070312500000e+02,8.276384277343750000e+02,-1.010518120596803188e+09
1.546999999999999931e+00,-8.607330940829506005e+01,4.278218914118005500e+01,-3.059244149653558154e+01,1.425520181186357149e-04,1.294074012250234773e-04,-2.479247527276129404e-07,1.092503070831298828e-01,2.451452970504760742e+00,-2.596268177032470703e+00,-1.429288406883372775e-01,-1.288281985725943379e-01,-3.771264912235092887e-02,-8.621623824898340160e+01,4.265336094260746336e+01,-3.063015414565793293e+01,0.000000000000000000e+00,0.000000000000000000e+00,0.000000000000000000e+00,0.000000000000000000e+00,8.276384277343750000e+02,8.276372070312500000e+02,8.276372070312500000e+02,8.276384277343750000e+02,-1.010528295424580097e+09
1.548000000000000043e+00,-8.607316682948096798e+01,4.278231854846598736e+01,-3.059244184486382778e+01,1.425788140920758451e-04,1.294072859323591729e-04,-3.483282462468650920e-07,1.092580854892730713e-01,2.451484203338623047e+00,-2.596296787261962891e+00,-1.430714195024399005e-01,-1.289576058585225060e-01,-3.771230079410543834e-02,-8.621623824898340160e+01,4.265336094260746336e+01,-3.063015414565793293e+01,0.000000000000000000e+00,0.000000000000000000e+00,0.000000000000000000e+00,0.000000000000000000e+00,8.276384277343750000e+02,8.276372070312500000e+02,8.276372070312500000e+02,8.276384277343750000e+02,-1.010538470238906622e+09
1.548999999999999932e+00,-8.607302423724459572e+01,4.278244795566936176e+01,-3.059244226356511831e+01,1.425922363722520458e-04,1.294072033743987049e-04,-4.187012905276787933e-07,1.092669367790222168e-01,2.451520442962646484e+00,-2.596328496932983398e+00,-1.432140117388035205e-01,-1.290870130618954059e-01,-3.771188209281548659e-02,-8.621623824898340160e+01,4.265336094260746336e+01,-3.063015414565793293e+01,0.000000000000000000e+00,0.000000000000000000e+00,0.000000000000000000e+00,0.000000000000000000e+00,8.276384277343750000e+02,8.276372070312500000e+02,8.276372070312500000e+02,8.276384277343750000e+02,-1.010548645039784670e+09
1.550000000000000044e+00,-8.607288160495146201e+01,4.278257738952092382e+01,-3.059244271935234494e+01,1.426322931337153932e-04,1.294338515620552243e-04,-4.557872266275353468e-07,1.092751622200012207e-01,2.451552391052246094e+00,-2.596357107162475586e+00,-1.433566440319463398e-01,-1.292164469134594873e-01,-3.771142630558752679e-02,-8.621623824898340160e+01,4.265336094260746336e+01,-3.063015414565793293e+01,0.000000000000000000e+00,0.000000000000000000e+00,0.000000000000000000e+00,0.000000000000000000e+00,8.276384277343750000e+02,8.276372070312500000e+02,8.276372070312500000e+02,8.276384277343750000e+02,-1.010558819827212095e+09
1.550999999999999934e+00,-8.607273890594343868e+01,4.278270685005442431e+01,-3.059244319224550779e+01,1.426990080233281333e-04,1.294605335004916924e-04,-4.728931628505961271e-07,1.092834472656250000e-01,2.451586008071899414e+00,-2.596385955810546875e+00,-1.434993430399579550e-01,-1.293459074469622827e-01,-3.771095341242650806e-02,-8.621623824898340160e+01,4.265336094260746336e+01,-3.063015414565793293e+01,0.000000000000000000e+00,0.000000000000000000e+00,0.000000000000000000e+00,0.000000000000000000e+00,8.276384277343750000e+02,8.276372070312500000e+02,8.276372680664062500e+02,8.276384277343750000e+02,-1.010568994601180792e+09
1.552000000000000046e+00,-8.607259615359843963e+01,4.278283633730721647e+01,-3.059244364887928214e+01,1.427523449990530935e-04,1.294872527921597793e-04,-4.566337743483472877e-07,1.092919409275054932e-01,2.451619863510131836e+00,-2.596415281295776367e+00,-1.436420953849634474e-01,-1.294753946997511951e-01,-3.771049677864982824e-02,-8.621623824898340160e+01,4.265336094260746336e+01,-3.063015414565793293e+01,0.000000000000000000e+00,0.000000000000000000e+00,0.000000000000000000e+00,0.000000000000000000e+00,8.276384277343750000e+02,8.276372680664062500e+02,8.276372680664062500e+02,8.276384277343750000e+02,-1.010579169361682773e+09
1.552999999999999936e+00,-8.607245332126611004e+01,4.278296585132165575e+01,-3.059244406260366134e+01,1.428323323295899172e-04,1.295140144392803450e-04,-4.137243792001754628e-07,1.093002855777740479e-01,2.451653242111206055e+00,-2.596445560455322266e+00,-1.437849277172861540e-01,-1.296049087141949441e-01,-3.771008305427305668e-02,-8.621623824898340160e+01,4.265336094260746336e+01,-3.063015414565793293e+01,0.000000000000000000e+00,0.000000000000000000e+00,0.000000000000000000e+00,0.000000000000000000e+00,8.276383666992187500e+02,8.276372680664062500e+02,8.276372680664062500e+02,8.276383666992187500e+02,-1.010589344108704329e+09
1.554000000000000048e+00,-8.607231040897680430e+01,4.278309539213144319e+01,-3.059244440673854726e+01,1.429122893057410693e-04,1.295408097874428677e-04,-3.441348859212212119e-07,1.093082726001739502e-01,2.451684713363647461e+00,-2.596473693847656250e+00,-1.439278400065909236e-01,-1.297344495239772522e-01,-3.770973891938675382e-02,-8.621623824898340160e+01,4.265336094260746336e+01,-3.063015414565793293e+01,0.000000000000000000e+00,0.000000000000000000e+00,0.000000000000000000e+00,0.000000000000000000e+00,8.276383666992187500e+02,8.276373291015625000e+02,8.276373291015625000e+02,8.276383666992187500e+02,-1.010599518842229605e+09
1.554999999999999938e+00,-8.607216739009288631e+01,4.278322498646384275e+01,-3.059244465133253144e+01,1.430188839179891147e-04,1.295943323995629726e-04,-2.445939841777544643e-07,1.093169748783111572e-01,2.451720476150512695e+00,-2.596504211425781250e+00,-1.440708588905173226e-01,-1.298640438563828936e-01,-3.770949432539995316e-02,-8.621623824898340160e+01,4.265336094260746336e+01,-3.063015414565793293e+01,0.000000000000000000e+00,0.000000000000000000e+00,0.000000000000000000e+00,0.000000000000000000e+00,8.276383056640625000e+02,8.276373291015625000e+02,8.276373291015625000e+02,8.276383056640625000e+02,-1.010609693562238812e+09
1.556000000000000050e+00,-8.607202425129653989e+01,4.278335462101281905e+01,-3.059244477303913001e+01,1.431387963464203494e-04,1.296345489762984471e-04,-1.217065985770204861e-07,1.093248128890991211e-01,2.451751947402954102e+00,-2.596532821655273438e+00,-1.442139976868637985e-01,-1.299936784053586369e-01,-3.770937261880220187e-02,-8.621623824898340160e+01,4.265336094260746336e+01,-3.063015414565793293e+01,0.000000000000000000e+00,0.000000000000000000e+00,0.000000000000000000e+00,0.000000000000000000e+00,8.276383056640625000e+02,8.276373901367187500e+02,8.276373901367187500e+02,8.276383056640625000e+02,-1.010619868268707275e+09
1.556999999999999940e+00,-8.607188100596306413e+01,4.278348430914827105e+01,-3.059244474518008161e+01,1.432453334757610719e-04,1.296881354519996421e-04,2.785904840152397810e-08,1.093338727951049805e-01,2.451787948608398438e+00,-2.596564054489135742e+00,-1.443572430203315660e-01,-1.301233665408085272e-01,-3.770940047785194260e-02,-8.621623824898340160e+01,4.265336094260746336e+01,-3.063015414565793293e+01,0.000000000000000000e+00,0.000000000000000000e+00,0.000000000000000000e+00,0.000000000000000000e+00,8.276382446289062500e+02,8.276373901367187500e+02,8.276373901367187500e+02,8.276382446289062500e+02,-1.010630042961612344e+09
1.558000000000000052e+00,-8.607173762744275791e+01,4.278361405091323633e+01,-3.059244454110579881e+01,1.433785203062143410e-04,1.297417649652743421e-04,2.040742828057773295e-07,1.093417406082153320e-01,2.451818704605102539e+00,-2.596591949462890625e+00,-1.445006215406441918e-01,-1.302531083057703321e-01,-3.770960455213488716e-02,-8.621623824898340160e+01,4.265336094260746336e+01,-3.063015414565793293e+01,0.000000000000000000e+00,0.000000000000000000e+00,0.000000000000000000e+00,0.000000000000000000e+00,8.276382446289062500e+02,8.276374511718750000e+02,8.276374511718750000e+02,8.276382446289062500e+02,-1.010640217640924811e+09
1.558999999999999941e+00,-8.607159411575462116e+01,4.278374383299340877e+01,-3.059244414078976249e+01,1.435116881367548558e-04,1.297820801724469675e-04,4.003160363197366678e-07,1.093503534793853760e-01,2.451853036880493164e+00,-2.596622467041015625e+00,-1.446441332287833059e-01,-1.303828903859489408e-01,-3.771000486817076280e-02,-8.621623824898340160e+01,4.265336094260746336e+01,-3.063015414565793293e+01,0.000000000000000000e+00,0.000000000000000000e+00,0.000000000000000000e+00,0.000000000000000000e+00,8.276381835937500000e+02,8.276374511718750000e+02,8.276374511718750000e+02,8.276381835937500000e+02,-1.010650392306613326e+09
1.560000000000000053e+00,-8.607145045759428115e+01,4.278387368210392339e+01,-3.059244352093604036e+01,1.436581603400099993e-04,1.298491105146126756e-04,6.198537221280275844e-07,1.093584299087524414e-01,2.451885938644409180e+00,-2.596651077270507812e+00,-1.447877913891152390e-01,-1.305127394964588627e-01,-3.771062472189405657e-02,-8.621623824898340160e+01,4.265336094260746336e+01,-3.063015414565793293e+01,0.000000000000000000e+00,0.000000000000000000e+00,0.000000000000000000e+00,0.000000000000000000e+00,8.276381225585937500e+02,8.276375122070312500e+02,8.276375122070312500e+02,8.276381225585937500e+02,-1.010660566958644986e+09
1.560999999999999943e+00,-8.607130666632177451e+01,4.278400359826228083e+01,-3.059244266485488239e+01,1.437912725066325947e-04,1.299161583574459655e-04,8.560811579627625179e-07,1.093669831752777100e-01,2.451921224594116211e+00,-2.596681594848632812e+00,-1.449315826616260905e-01,-1.306426556548206941e-01,-3.771148080305083278e-02,-8.621623824898340160e+01,4.265336094260746336e+01,-3.063015414565793293e+01,0.000000000000000000e+00,0.000000000000000000e+00,0.000000000000000000e+00,0.000000000000000000e+00,8.276380615234375000e+02,8.276375732421875000e+02,8.276375732421875000e+02,8.276380615234375000e+02,-1.010670741596988320e+09
1.562000000000000055e+00,-8.607116271527964102e+01,4.278413356816755453e+01,-3.059244154921515246e+01,1.439510421334944112e-04,1.299699052736968952e-04,1.115639729931672264e-06,1.093752384185791016e-01,2.451953649520874023e+00,-2.596710205078125000e+00,-1.450755337037609172e-01,-1.307726255600876464e-01,-3.771259644278183998e-02,-8.621623824898340160e+01,4.265336094260746336e+01,-3.063015414565793293e+01,0.000000000000000000e+00,0.000000000000000000e+00,0.000000000000000000e+00,0.000000000000000000e+00,8.276380615234375000e+02,8.276376342773437500e+02,8.276376342773437500e+02,8.276380615234375000e+02,-1.010680916221604586e+09
1.562999999999999945e+00,-8.607101860448452157e+01,4.278426360517362070e+01,-3.059244016402930555e+01,1.441107951194453562e-04,1.300370060661748539e-04,1.385185846913827845e-06,1.093839406967163086e-01,2.451987981796264648e+00,-2.596741199493408203e+00,-1.452196444988857194e-01,-1.309026625661592058e-01,-3.771398162862828196e-02,-8.621623824898340160e+01,4.265336094260746336e+01,-3.063015414565793293e+01,0.000000000000000000e+00,0.000000000000000000e+00,0.000000000000000000e+00,0.000000000000000000e+00,8.276380004882812500e+02,8.276376953125000000e+02,8.276376953125000000e+02,8.276380004882812500e+02,-1.010691090832455635e+09
1.564000000000000057e+00,-8.607087433395585663e+01,4.278439369596669195e+01,-3.059243848927087939e+01,1.442705286649470509e-04,1.300907930712469351e-04,1.674758426162270553e-06,1.093919575214385986e-01,2.452020645141601562e+00,-2.596769332885742188e+00,-1.453639150275488900e-01,-1.310327533592269555e-01,-3.771565638705243889e-02,-8.621623824898340160e+01,4.265336094260746336e+01,-3.063015414565793293e+01,0.000000000000000000e+00,0.000000000000000000e+00,0.000000000000000000e+00,0.000000000000000000e+00,8.276379394531250000e+02,8.276376953125000000e+02,8.276376953125000000e+02,8.276379394531250000e+02,-1.010701265429500937e+09
1.564999999999999947e+00,-8.607072991705068432e+01,4.278452385389638835e+01,-3.059243651493710914e+01,1.444169051723065422e-04,1.301579296963950583e-04,1.974333770249359077e-06,1.094007194042205811e-01,2.452055931091308594e+00,-2.596800565719604492e+00,-1.455083319327184765e-01,-1.311629112889233784e-01,-3.771763072082542217e-02,-8.621623824898340160e+01,4.265336094260746336e+01,-3.063015414565793293e+01,0.000000000000000000e+00,0.000000000000000000e+00,0.000000000000000000e+00,0.000000000000000000e+00,8.276378784179687500e+02,8.276377563476562500e+02,8.276377563476562500e+02,8.276378784179687500e+02,-1.010711440012702703e+09
1.566000000000000059e+00,-8.607058534043738973e+01,4.278465407897675021e+01,-3.059243423437389708e+01,1.445766132945891513e-04,1.302250803618676400e-04,2.280563212053721145e-06,1.094086468219757080e-01,2.452087163925170898e+00,-2.596828699111938477e+00,-1.456529085460107065e-01,-1.312931363692854958e-01,-3.771991128403683752e-02,-8.621623824898340160e+01,4.265336094260746336e+01,-3.063015414565793293e+01,0.000000000000000000e+00,0.000000000000000000e+00,0.000000000000000000e+00,0.000000000000000000e+00,8.276378173828125000e+02,8.276378173828125000e+02,8.276378173828125000e+02,8.276378173828125000e+02,-1.010721614582020640e+09
1.566999999999999948e+00,-8.607044061282509517e+01,4.278478436339533175e+01,-3.059243163650021202e+01,1.447276122945595489e-04,1.302844185815388300e-04,2.597873685061813376e-06,1.094174981117248535e-01,2.452122449874877930e+00,-2.596859455108642578e+00,-1.457976361583108171e-01,-1.314234207878679228e-01,-3.772250915771947766e-02,-8.621623824898340160e+01,4.265336094260746336e+01,-3.063015414565793293e+01,0.000000000000000000e+00,0.000000000000000000e+00,0.000000000000000000e+00,0.000000000000000000e+00,8.276377563476562500e+02,8.276378784179687500e+02,8.276378784179687500e+02,8.276377563476562500e+02,-1.010731789137414336e+09
1.568000000000000060e+00,-8.607029573017388202e+01,4.278491470946215003e+01,-3.059242871676795161e+01,1.448826512131518029e-04,1.303460668182765403e-04,2.919732260409091396e-06,1.094258129596710205e-01,2.452156066894531250e+00,-2.596888780593872070e+00,-1.459425188095191950e-01,-1.315537668546879480e-01,-3.772542888998164229e-02,-8.621623824898340160e+01,4.265336094260746336e+01,-3.063015414565793293e+01,0.000000000000000000e+00,0.000000000000000000e+00,0.000000000000000000e+00,0.000000000000000000e+00,8.276377563476562500e+02,8.276379394531250000e+02,8.276379394531250000e+02,8.276377563476562500e+02,-1.010741963678842902e+09
1.568999999999999950e+00,-8.607015068783690026e+01,4.278504512270449567e+01,-3.059242547413329660e+01,1.450423369817599450e-04,1.304132423456394463e-04,3.242634655009624112e-06,1.094342172145843506e-01,2.452189922332763672e+00,-2.596919059753417969e+00,-1.460875611465039525e-01,-1.316841800970320331e-01,-3.772867152463628415e-02,-8.621623824898340160e+01,4.265336094260746336e+01,-3.063015414565793293e+01,0.000000000000000000e+00,0.000000000000000000e+00,0.000000000000000000e+00,0.000000000000000000e+00,8.276376953125000000e+02,8.276380004882812500e+02,8.276380004882812500e+02,8.276376953125000000e+02,-1.010752138206264853e+09
1.570000000000000062e+00,-8.607000551249528542e+01,4.278517558977881663e+01,-3.059242190521429805e+01,1.451753416148449105e-04,1.304670743209612738e-04,3.568918998553272104e-06,1.094426512718200684e-01,2.452223539352416992e+00,-2.596948862075805664e+00,-1.462327364881223224e-01,-1.318146471713505519e-01,-3.773224044363479579e-02,-8.621623824898340160e+01,4.265336094260746336e+01,-3.063015414565793293e+01,0.000000000000000000e+00,0.000000000000000000e+00,0.000000000000000000e+00,0.000000000000000000e+00,8.276376342773437500e+02,8.276380615234375000e+02,8.276380615234375000e+02,8.276376342773437500e+02,-1.010762312719642043e+09
1.570999999999999952e+00,-8.606986019080652284e+01,4.278530612402248323e+01,-3.059241801671410599e+01,1.453216887625785603e-04,1.305342436666023787e-04,3.888500192061883354e-06,1.094516515731811523e-01,2.452259063720703125e+00,-2.596980094909667969e+00,-1.463780581768773514e-01,-1.319451814150190694e-01,-3.773612894382856464e-02,-8.621623824898340160e+01,4.265336094260746336e+01,-3.063015414565793293e+01,0.000000000000000000e+00,0.000000000000000000e+00,0.000000000000000000e+00,0.000000000000000000e+00,8.276375732421875000e+02,8.276380615234375000e+02,8.276380615234375000e+02,8.276375732421875000e+02,-1.010772487218935609e+09
1.572000000000000064e+00,-8.606971474943975409e+01,4.278543669874319022e+01,-3.059241381190369680e+01,1.454413667687504130e-04,1.305747207069885008e-04,4.204810409191850340e-06,1.094596087932586670e-01,2.452291488647460938e+00,-2.597008705139160156e+00,-1.465234995436470455e-01,-1.320757561357258913e-01,-3.774033375423514053e-02,-8.621623824898340160e+01,4.265336094260746336e+01,-3.063015414565793293e+01,0.000000000000000000e+00,0.000000000000000000e+00,0.000000000000000000e+00,0.000000000000000000e+00,8.276375122070312500e+02,8.276381225585937500e+02,8.276381225585937500e+02,8.276375122070312500e+02,-1.010782661704108953e+09
1.572999999999999954e+00,-8.606956917505625881e+01,4.278556732728252854e+01,-3.059240929415113897e+01,1.455743834952727411e-04,1.306285393383177507e-04,4.517752557831045124e-06,1.094684898853302002e-01,2.452326297760009766e+00,-2.597040176391601562e+00,-1.466690739271359345e-01,-1.322063846750652916e-01,-3.774485150679478956e-02,-8.621623824898340160e+01,4.265336094260746336e+01,-3.063015414565793293e+01,0.000000000000000000e+00,0.000000000000000000e+00,0.000000000000000000e+00,0.000000000000000000e+00,8.276375122070312500e+02,8.276381835937500000e+02,8.276381835937500000e+02,8.276375122070312500e+02,-1.010792836175124884e+09
1.574000000000000066e+00,-8.606942349431841421e+01,4.278569800961151515e+01,-3.059240448010156754e+01,1.456807378446001167e-04,1.306823289866088089e-04,4.814049571422174267e-06,1.094768941402435303e-01,2.452360630035400391e+00,-2.597069263458251953e+00,-1.468147546649820612e-01,-1.323370670040514008e-01,-3.774966555636546928e-02,-8.621623824898340160e+01,4.265336094260746336e+01,-3.063015414565793293e+01,0.000000000000000000e+00,0.000000000000000000e+00,0.000000000000000000e+00,0.000000000000000000e+00,8.276374511718750000e+02,8.276382446289062500e+02,8.276382446289062500e+02,8.276374511718750000e+02,-1.010803010631951571e+09
1.574999999999999956e+00,-8.606927769387442595e+01,4.278582871905097562e+01,-3.059239937307183510e+01,1.458004439882643055e-04,1.307094394604746412e-04,5.107029732442924796e-06,1.094854176044464111e-01,2.452394247055053711e+00,-2.597099781036376953e+00,-1.469605551089698814e-01,-1.324677764435127914e-01,-3.775477258609676728e-02,-8.621623824898340160e+01,4.265336094260746336e+01,-3.063015414565793293e+01,0.000000000000000000e+00,0.000000000000000000e+00,0.000000000000000000e+00,0.000000000000000000e+00,8.276373901367187500e+02,8.276382446289062500e+02,8.276382446289062500e+02,8.276373901367187500e+02,-1.010813185074552894e+09
1.576000000000000068e+00,-8.606913181373164434e+01,4.278595948224356249e+01,-3.059239399306072471e+01,1.458801427816069918e-04,1.307631925868690814e-04,5.380011110389659734e-06,1.094942390918731689e-01,2.452429771423339844e+00,-2.597131013870239258e+00,-1.471064352517566232e-01,-1.325985396361019364e-01,-3.776015259720644918e-02,-8.621623824898340160e+01,4.265336094260746336e+01,-3.063015414565793293e+01,0.000000000000000000e+00,0.000000000000000000e+00,0.000000000000000000e+00,0.000000000000000000e+00,8.276373901367187500e+02,8.276383056640625000e+02,8.276383056640625000e+02,8.276373901367187500e+02,-1.010823359502903104e+09
1.576999999999999957e+00,-8.606898585386301193e+01,4.278609027248845109e+01,-3.059238835670974765e+01,1.459598686324170558e-04,1.307902448886011371e-04,5.636350977056281408e-06,1.095026731491088867e-01,2.452463626861572266e+00,-2.597160577774047852e+00,-1.472523951203880133e-01,-1.327293298809860134e-01,-3.776578894818678062e-02,-8.621623824898340160e+01,4.265336094260746336e+01,-3.063015414565793293e+01,0.000000000000000000e+00,0.000000000000000000e+00,0.000000000000000000e+00,0.000000000000000000e+00,8.276373291015625000e+02,8.276383056640625000e+02,8.276383056640625000e+02,8.276373291015625000e+02,-1.010833533916975260e+09
1.578000000000000069e+00,-8.606883981425394836e+01,4.278622108976946237e+01,-3.059238247735949656e+01,1.460396090635640576e-04,1.308172810112750994e-04,5.879350251092319013e-06,1.095115542411804199e-01,2.452499866485595703e+00,-2.597191572189331055e+00,-1.473984347294492736e-01,-1.328601471619957064e-01,-3.777166829843484064e-02,-8.621623824898340160e+01,4.265336094260746336e+01,-3.063015414565793293e+01,0.000000000000000000e+00,0.000000000000000000e+00,0.000000000000000000e+00,0.000000000000000000e+00,8.276373291015625000e+02,8.276383666992187500e+02,8.276383666992187500e+02,8.276373291015625000e+02,-1.010843708316743016e+09
1.578999999999999959e+00,-8.606869372155829012e+01,4.278635192071270410e+01,-3.059237637497258788e+01,1.460926956582397906e-04,1.308309432417331664e-04,6.102386908679591215e-06,1.095196902751922607e-01,2.452531814575195312e+00,-2.597220897674560547e+00,-1.475445274251169503e-01,-1.329909781052397155e-01,-3.777777068534585864e-02,-8.621623824898340160e+01,4.265336094260746336e+01,-3.063015414565793293e+01,0.000000000000000000e+00,0.000000000000000000e+00,0.000000000000000000e+00,0.000000000000000000e+00,8.276372680664062500e+02,8.276383666992187500e+02,8.276383666992187500e+02,8.276372680664062500e+02,-1.010853882702184796e+09
1.580000000000000071e+00,-8.606854757575399617e+01,4.278648277862917837e+01,-3.059237007291182664e+01,1.461458042939511870e-04,1.308579164742695866e-04,6.302060761242955778e-06,1.095284223556518555e-01,2.452566146850585938e+00,-2.597251176834106445e+00,-1.476906732294011870e-01,-1.331218360217138463e-01,-3.778407274610660893e-02,-8.621623824898340160e+01,4.265336094260746336e+01,-3.063015414565793293e+01,0.000000000000000000e+00,0.000000000000000000e+00,0.000000000000000000e+00,0.000000000000000000e+00,8.276372680664062500e+02,8.276384277343750000e+02,8.276384277343750000e+02,8.276372680664062500e+02,-1.010864057073281884e+09
1.580999999999999961e+00,-8.606840141683112222e+01,4.278661365013604012e+01,-3.059236359445918652e+01,1.461589228739512691e-04,1.308715068617516408e-04,6.478452640124032769e-06,1.095370948314666748e-01,2.452601432800292969e+00,-2.597282171249389648e+00,-1.478368321522756101e-01,-1.332527075285801776e-01,-3.779055119874665664e-02,-8.621623824898340160e+01,4.265336094260746336e+01,-3.063015414565793293e+01,0.000000000000000000e+00,0.000000000000000000e+00,0.000000000000000000e+00,0.000000000000000000e+00,8.276372680664062500e+02,8.276384277343750000e+02,8.276384277343750000e+02,8.276372680664062500e+02,-1.010874231430022240e+09
1.582000000000000073e+00,-8.606825521808255530e+01,4.278674453521266230e+01,-3.059235696299121088e+01,1.461987485669169473e-04,1.308850766221780759e-04,6.631467975637406198e-06,1.095456480979919434e-01,2.452635526657104492e+00,-2.597312927246093750e+00,-1.479830309008469680e-01,-1.333835926052018839e-01,-3.779718266672246751e-02,-8.621623824898340160e+01,4.265336094260746336e+01,-3.063015414565793293e+01,0.000000000000000000e+00,0.000000000000000000e+00,0.000000000000000000e+00,0.000000000000000000e+00,8.276372070312500000e+02,8.276384277343750000e+02,8.276384277343750000e+02,8.276372070312500000e+02,-1.010884405772391081e+09
1.582999999999999963e+00,-8.606810903283448511e+01,4.278687542046722569e+01,-3.059235020510917025e+01,1.461852480701963941e-04,1.308852545633953923e-04,6.757882040631102427e-06,1.095545291900634766e-01,2.452671051025390625e+00,-2.597344160079956055e+00,-1.481292161489144721e-01,-1.335144778597622262e-01,-3.780394054876416027e-02,-8.621623824898340160e+01,4.265336094260746336e+01,-3.063015414565793293e+01,0.000000000000000000e+00,0.000000000000000000e+00,0.000000000000000000e+00,0.000000000000000000e+00,8.276372070312500000e+02,8.276384277343750000e+02,8.276384277343750000e+02,8.276372070312500000e+02,-1.010894580100382805e+09
1.584000000000000075e+00,-8.606796284771164096e+01,4.278700629252986687e+01,-3.059234334749178430e+01,1.461851228441446438e-04,1.308720626411741250e-04,6.857617385946923605e-06,1.095629930496215820e-01,2.452705144882202148e+00,-2.597373485565185547e+00,-1.482754012717670544e-01,-1.336453499224043162e-01,-3.781079816614951045e-02,-8.621623824898340160e+01,4.265336094260746336e+01,-3.063015414565793293e+01,0.000000000000000000e+00,0.000000000000000000e+00,0.000000000000000000e+00,0.000000000000000000e+00,8.276372070312500000e+02,8.276384277343750000e+02,8.276384277343750000e+02,8.276372070312500000e+02,-1.010904754413990617e+09
1.584999999999999964e+00,-8.606781668937198049e+01,4.278713716470210926e+01,-3.059233641347053378e+01,1.461583396604737572e-04,1.308721722423911160e-04,6.934021250515343127e-06,1.095719337463378906e-01,2.452740669250488281e+00,-2.597404956817626953e+00,-1.484215596114217273e-01,-1.337762220946485114e-01,-3.781773218739820086e-02,-8.621623824898340160e+01,4.265336094260746336e+01,-3.063015414565793293e+01,0.000000000000000000e+00,0.000000000000000000e+00,0.000000000000000000e+00,0.000000000000000000e+00,8.276372070312500000e+02,8.276384277343750000e+02,8.276384277343750000e+02,8.276372070312500000e+02,-1.010914928713214278e+09
1.586000000000000076e+00,-8.606767055777203268e+01,4.278726801026486015e+01,-3.059232943302628982e+01,1.461315999478074446e-04,1.308455627508919861e-04,6.980444243964711859e-06,1.095801591873168945e-01,2.452773332595825195e+00,-2.597433328628540039e+00,-1.485676912113654824e-01,-1.339070676573994867e-01,-3.782471263164144393e-02,-8.621623824898340160e+01,4.265336094260746336e+01,-3.063015414565793293e+01,0.000000000000000000e+00,0.000000000000000000e+00,0.000000000000000000e+00,0.000000000000000000e+00,8.276372070312500000e+02,8.276384277343750000e+02,8.276384277343750000e+02,8.276372070312500000e+02,-1.010925102998053432e+09
1.586999999999999966e+00,-8.606752450176867342e+01,4.278739883451991943e+01,-3.059232243841019994e+01,1.460560033592628315e-04,1.308242550592808584e-04,6.994616089883720633e-06,1.095888018608093262e-01,2.452807664871215820e+00,-2.597464561462402344e+00,-1.487137472147223860e-01,-1.340378919124542156e-01,-3.783170724773338850e-02,-8.621623824898340160e+01,4.265336094260746336e+01,-3.063015414565793293e+01,0.000000000000000000e+00,0.000000000000000000e+00,0.000000000000000000e+00,0.000000000000000000e+00,8.276372680664062500e+02,8.276384277343750000e+02,8.276384277343750000e+02,8.276372680664062500e+02,-1.010935277268518448e+09
1.588000000000000078e+00,-8.606737849026542619e+01,4.278752964006613269e+01,-3.059231544843548889e+01,1.460115032472231178e-04,1.308055462132529101e-04,6.989974711046897937e-06,1.095973253250122070e-01,2.452841758728027344e+00,-2.597494363784790039e+00,-1.488597587179808501e-01,-1.341686974586665249e-01,-3.783869722244326966e-02,-8.621623824898340160e+01,4.265336094260746336e+01,-3.063015414565793293e+01,0.000000000000000000e+00,0.000000000000000000e+00,0.000000000000000000e+00,0.000000000000000000e+00,8.276372680664062500e+02,8.276384277343750000e+02,8.276384277343750000e+02,8.276372680664062500e+02,-1.010945451524615884e+09
1.588999999999999968e+00,-8.606723254542137624e+01,4.278766041887708838e+01,-3.059230849870170488e+01,1.459448440499500066e-04,1.307788109556895506e-04,6.949733784011868920e-06,1.096061170101165771e-01,2.452877283096313477e+00,-2.597524881362915039e+00,-1.490057035620235282e-01,-1.342994762696226585e-01,-3.784564695622738562e-02,-8.621623824898340160e+01,4.265336094260746336e+01,-3.063015414565793293e+01,0.000000000000000000e+00,0.000000000000000000e+00,0.000000000000000000e+00,0.000000000000000000e+00,8.276372680664062500e+02,8.276383666992187500e+02,8.276383666992187500e+02,8.276372680664062500e+02,-1.010955625766357303e+09
1.590000000000000080e+00,-8.606708669388957844e+01,4.278779117091337270e+01,-3.059230161252263613e+01,1.458515317978026360e-04,1.307520362843206385e-04,6.886179068743558673e-06,1.096149682998657227e-01,2.452912569046020508e+00,-2.597555875778198242e+00,-1.491515550938217749e-01,-1.344302283059078951e-01,-3.785253313529838431e-02,-8.621623824898340160e+01,4.265336094260746336e+01,-3.063015414565793293e+01,0.000000000000000000e+00,0.000000000000000000e+00,0.000000000000000000e+00,0.000000000000000000e+00,8.276373291015625000e+02,8.276383666992187500e+02,8.276383666992187500e+02,8.276373291015625000e+02,-1.010965799993760467e+09
1.590999999999999970e+00,-8.606694093562197168e+01,4.278792186945080545e+01,-3.059229482321370597e+01,1.457582676067659122e-04,1.306985374327496174e-04,6.789308930166271239e-06,1.096234917640686035e-01,2.452946662902832031e+00,-2.597585916519165039e+00,-1.492973133614368397e-01,-1.345609268433413941e-01,-3.785932244422789833e-02,-8.621623824898340160e+01,4.265336094260746336e+01,-3.063015414565793293e+01,0.000000000000000000e+00,0.000000000000000000e+00,0.000000000000000000e+00,0.000000000000000000e+00,8.276373291015625000e+02,8.276383056640625000e+02,8.276383056640625000e+02,8.276373291015625000e+02,-1.010975974206842899e+09
1.592000000000000082e+00,-8.606679529727958311e+01,4.278805252779426382e+01,-3.059228815077077712e+01,1.456383423885654338e-04,1.306583434583785674e-04,6.672442928845612187e-06,1.096323430538177490e-01,2.452981710433959961e+00,-2.597617864608764648e+00,-1.494429517038240451e-01,-1.346915851868037139e-01,-3.786599488715686190e-02,-8.621623824898340160e+01,4.265336094260746336e+01,-3.063015414565793293e+01,0.000000000000000000e+00,0.000000000000000000e+00,0.000000000000000000e+00,0.000000000000000000e+00,8.276373901367187500e+02,8.276383056640625000e+02,8.276383056640625000e+02,8.276373901367187500e+02,-1.010986148405629158e+09
1.592999999999999972e+00,-8.606664976548643153e+01,4.278818314590852623e+01,-3.059228162522449779e+01,1.455317931515764940e-04,1.306181142624041058e-04,6.525546279334548672e-06,1.096405684947967529e-01,2.453014612197875977e+00,-2.597646474838256836e+00,-1.495884834969630484e-01,-1.348222033010630094e-01,-3.787252043343559277e-02,-8.621623824898340160e+01,4.265336094260746336e+01,-3.063015414565793293e+01,0.000000000000000000e+00,0.000000000000000000e+00,0.000000000000000000e+00,0.000000000000000000e+00,8.276373901367187500e+02,8.276382446289062500e+02,8.276382446289062500e+02,8.276373901367187500e+02,-1.010996322590142965e+09
1.594000000000000083e+00,-8.606650435355005868e+01,4.278831369708196064e+01,-3.059227526653416618e+01,1.454119363728523240e-04,1.305511734344122488e-04,6.358690331609295754e-06,1.096493601799011230e-01,2.453048944473266602e+00,-2.597677469253540039e+00,-1.497338954333396754e-01,-1.349527544744981988e-01,-3.787887912376774330e-02,-8.621623824898340160e+01,4.265336094260746336e+01,-3.063015414565793293e+01,0.000000000000000000e+00,0.000000000000000000e+00,0.000000000000000000e+00,0.000000000000000000e+00,8.276374511718750000e+02,8.276382446289062500e+02,8.276382446289062500e+02,8.276374511718750000e+02,-1.011006496760409594e+09
1.594999999999999973e+00,-8.606635908812374680e+01,4.278844420794624170e+01,-3.059226910471806349e+01,1.452654263118802191e-04,1.305108642810637321e-04,6.161816102689954278e-06,1.096578538417816162e-01,2.453083515167236328e+00,-2.597707509994506836e+00,-1.498791608596552194e-01,-1.350832653387782911e-01,-3.788504093986769933e-02,-8.621623824898340160e+01,4.265336094260746336e+01,-3.063015414565793293e+01,0.000000000000000000e+00,0.000000000000000000e+00,0.000000000000000000e+00,0.000000000000000000e+00,8.276374511718750000e+02,8.276381835937500000e+02,8.276381835937500000e+02,8.276374511718750000e+02,-1.011016670916463017e+09
1.596000000000000085e+00,-8.606621395583424317e+01,4.278857465179836339e+01,-3.059226315976673050e+01,1.451322895036355476e-04,1.304438521216866320e-04,5.944951332992332027e-06,1.096663475036621094e-01,2.453117370605468750e+00,-2.597737550735473633e+00,-1.500242931491610199e-01,-1.352137091908981181e-01,-3.789098589120168392e-02,-8.621623824898340160e+01,4.265336094260746336e+01,-3.063015414565793293e+01,0.000000000000000000e+00,0.000000000000000000e+00,0.000000000000000000e+00,0.000000000000000000e+00,8.276375122070312500e+02,8.276381225585937500e+02,8.276381225585937500e+02,8.276375122070312500e+02,-1.011026845058333635e+09
1.596999999999999975e+00,-8.606606897000573042e+01,4.278870504195140967e+01,-3.059225744835646310e+01,1.449858285127447743e-04,1.303901530462781011e-04,5.711410267394967377e-06,1.096749901771545410e-01,2.453152179718017578e+00,-2.597767829895019531e+00,-1.501692789776672143e-01,-1.353440993439488649e-01,-3.789669730146885684e-02,-8.621623824898340160e+01,4.265336094260746336e+01,-3.063015414565793293e+01,0.000000000000000000e+00,0.000000000000000000e+00,0.000000000000000000e+00,0.000000000000000000e+00,8.276375732421875000e+02,8.276380615234375000e+02,8.276381225585937500e+02,8.276375732421875000e+02,-1.011037019186056614e+09
1.598000000000000087e+00,-8.606592414395404944e+01,4.278883537837379691e+01,-3.059225199048114519e+01,1.448260516809796172e-04,1.303364223872449656e-04,5.457875317915750202e-06,1.096834540367126465e-01,2.453185558319091797e+00,-2.597797870635986328e+00,-1.503141050293481107e-01,-1.354744357663313636e-01,-3.790215517678606483e-02,-8.621623824898340160e+01,4.265336094260746336e+01,-3.063015414565793293e+01,0.000000000000000000e+00,0.000000000000000000e+00,0.000000000000000000e+00,0.000000000000000000e+00,8.276376342773437500e+02,8.276380615234375000e+02,8.276380615234375000e+02,8.276376342773437500e+02,-1.011047193299670219e+09
1.598999999999999977e+00,-8.606577946430567749e+01,4.278896563436222067e+01,-3.059224680613116476e+01,1.446796483719481330e-04,1.302559884237552978e-04,5.184349980424940441e-06,1.096922159194946289e-01,2.453220367431640625e+00,-2.597828388214111328e+00,-1.504587846777195037e-01,-1.356046917547538699e-01,-3.790733952676873797e-02,-8.621623824898340160e+01,4.265336094260746336e+01,-3.063015414565793293e+01,0.000000000000000000e+00,0.000000000000000000e+00,0.000000000000000000e+00,0.000000000000000000e+00,8.276376953125000000e+02,8.276380004882812500e+02,8.276380004882812500e+02,8.276376953125000000e+02,-1.011057367399209738e+09
1.600000000000000089e+00,-8.606563494439680539e+01,4.278909583657848970e+01,-3.059224190533013044e+01,1.445199088720983127e-04,1.302022162690263940e-04,4.900801034324331340e-06,1.097007989883422852e-01,2.453255891799926758e+00,-2.597858905792236328e+00,-1.506033045865892428e-01,-1.357348939710290303e-01,-3.791224032780352721e-02,-8.621623824898340160e+01,4.265336094260746336e+01,-3.063015414565793293e+01,0.000000000000000000e+00,0.000000000000000000e+00,0.000000000000000000e+00,0.000000000000000000e+00,8.276376953125000000e+02,8.276379394531250000e+02,8.276379394531250000e+02,8.276376953125000000e+02,-1.011067541484715343e+09
1.600999999999999979e+00,-8.606549057086643018e+01,4.278922598500401620e+01,-3.059223730476839975e+01,1.443735303752191612e-04,1.301484255264995227e-04,4.600561730683239148e-06,1.097091138362884521e-01,2.453288316726684570e+00,-2.597887992858886719e+00,-1.507476781169650171e-01,-1.358650423965534482e-01,-3.791684088953174020e-02,-8.621623824898340160e+01,4.265336094260746336e+01,-3.063015414565793293e+01,0.000000000000000000e+00,0.000000000000000000e+00,0.000000000000000000e+00,0.000000000000000000e+00,8.276377563476562500e+02,8.276378784179687500e+02,8.276378784179687500e+02,8.276377563476562500e+02,-1.011077715556226254e+09
1.602000000000000091e+00,-8.606534637037746904e+01,4.278935605293952449e+01,-3.059223301104864490e+01,1.442004889611325780e-04,1.300679355082934308e-04,4.293719754855374049e-06,1.097177267074584961e-01,2.453322172164916992e+00,-2.597918033599853516e+00,-1.508918786059380290e-01,-1.359951103320577170e-01,-3.792113460928681762e-02,-8.621623824898340160e+01,4.265336094260746336e+01,-3.063015414565793293e+01,0.000000000000000000e+00,0.000000000000000000e+00,0.000000000000000000e+00,0.000000000000000000e+00,8.276378173828125000e+02,8.276378173828125000e+02,8.276378173828125000e+02,8.276378173828125000e+02,-1.011087889613784194e+09
1.602999999999999980e+00,-8.606520231624512007e+01,4.278948606705996127e+01,-3.059222903424196716e+01,1.440541323489696879e-04,1.300141204367832870e-04,3.976806677741251406e-06,1.097260117530822754e-01,2.453355789184570312e+00,-2.597947835922241211e+00,-1.510359327382838901e-01,-1.361251244525011894e-01,-3.792511141596482949e-02,-8.621623824898340160e+01,4.265336094260746336e+01,-3.063015414565793293e+01,0.000000000000000000e+00,0.000000000000000000e+00,0.000000000000000000e+00,0.000000000000000000e+00,8.276378784179687500e+02,8.276377563476562500e+02,8.276377563476562500e+02,8.276378784179687500e+02,-1.011098063657429099e+09
1.604000000000000092e+00,-8.606505840845603927e+01,4.278961601401510251e+01,-3.059222538100020472e+01,1.439077890807993754e-04,1.299469551412357760e-04,3.653241762435754936e-06,1.097347140312194824e-01,2.453390598297119141e+00,-2.597977399826049805e+00,-1.511798405273634960e-01,-1.362550714076397607e-01,-3.792876465772867384e-02,-8.621623824898340160e+01,4.265336094260746336e+01,-3.063015414565793293e+01,0.000000000000000000e+00,0.000000000000000000e+00,0.000000000000000000e+00,0.000000000000000000e+00,8.276379394531250000e+02,8.276377563476562500e+02,8.276377563476562500e+02,8.276379394531250000e+02,-1.011108237687200308e+09
1.604999999999999982e+00,-8.606491466034940174e+01,4.278974589379926385e+01,-3.059222205130673800e+01,1.437481066375312366e-04,1.298797841613463788e-04,3.329693466724847895e-06,1.097431182861328125e-01,2.453423261642456055e+00,-2.598007440567016602e+00,-1.513235886340032754e-01,-1.363849511918016622e-01,-3.793209435119469786e-02,-8.621623824898340160e+01,4.265336094260746336e+01,-3.063015414565793293e+01,0.000000000000000000e+00,0.000000000000000000e+00,0.000000000000000000e+00,0.000000000000000000e+00,8.276380004882812500e+02,8.276376953125000000e+02,8.276376953125000000e+02,8.276380004882812500e+02,-1.011118411703139544e+09
1.606000000000000094e+00,-8.606477105858856191e+01,4.278987573309170500e+01,-3.059221904854695850e+01,1.436017608398287848e-04,1.298392924411473359e-04,3.002759779491270820e-06,1.097515821456909180e-01,2.453457117080688477e+00,-2.598037481307983398e+00,-1.514671903948454912e-01,-1.365147904842401172e-01,-3.793509711097309972e-02,-8.621623824898340160e+01,4.265336094260746336e+01,-3.063015414565793293e+01,0.000000000000000000e+00,0.000000000000000000e+00,0.000000000000000000e+00,0.000000000000000000e+00,8.276380615234375000e+02,8.276376342773437500e+02,8.276376342773437500e+02,8.276380615234375000e+02,-1.011128585705288410e+09
1.606999999999999984e+00,-8.606462761219871993e+01,4.279000548372881951e+01,-3.059221637493936896e+01,1.434463898419835459e-04,1.297506371145118464e-04,2.673607589542825735e-06,1.097599267959594727e-01,2.453491687774658203e+00,-2.598067045211791992e+00,-1.516106367846815350e-01,-1.366445411213527139e-01,-3.793777071856407890e-02,-8.621623824898340160e+01,4.265336094260746336e+01,-3.063015414565793293e+01,0.000000000000000000e+00,0.000000000000000000e+00,0.000000000000000000e+00,0.000000000000000000e+00,8.276380615234375000e+02,8.276375732421875000e+02,8.276375732421875000e+02,8.276380615234375000e+02,-1.011138759693686485e+09
1.608000000000000096e+00,-8.606448427645301535e+01,4.279013520202779830e+01,-3.059221401601885404e+01,1.433357457045758565e-04,1.297182989787870611e-04,2.358920514922147049e-06,1.097682416439056396e-01,2.453524589538574219e+00,-2.598096609115600586e+00,-1.517539725303899412e-01,-1.367742594203322781e-01,-3.794012963907984759e-02,-8.621623824898340160e+01,4.265336094260746336e+01,-3.063015414565793293e+01,0.000000000000000000e+00,0.000000000000000000e+00,0.000000000000000000e+00,0.000000000000000000e+00,8.276381225585937500e+02,8.276375122070312500e+02,8.276375122070312500e+02,8.276381225585937500e+02,-1.011148933668369293e+09
1.608999999999999986e+00,-8.606434107372108144e+01,4.279026486651326167e+01,-3.059221197068806930e+01,1.432027319339113092e-04,1.296644854633655086e-04,2.045330784739007868e-06,1.097768545150756836e-01,2.453558921813964844e+00,-2.598126173019409180e+00,-1.518971752623151095e-01,-1.369039239057957547e-01,-3.794217496986449639e-02,-8.621623824898340160e+01,4.265336094260746336e+01,-3.063015414565793293e+01,0.000000000000000000e+00,0.000000000000000000e+00,0.000000000000000000e+00,0.000000000000000000e+00,8.276381835937500000e+02,8.276375122070312500e+02,8.276375122070312500e+02,8.276381835937500000e+02,-1.011159107629374385e+09
1.610000000000000098e+00,-8.606419797733366295e+01,4.279039449054197775e+01,-3.059221023232582937e+01,1.430963874184953966e-04,1.296240287160799198e-04,1.738362239933621822e-06,1.097851991653442383e-01,2.453592300415039062e+00,-2.598156452178955078e+00,-1.520402716497455398e-01,-1.370335479345173857e-01,-3.794391333210357653e-02,-8.621623824898340160e+01,4.265336094260746336e+01,-3.063015414565793293e+01,0.000000000000000000e+00,0.000000000000000000e+00,0.000000000000000000e+00,0.000000000000000000e+00,8.276382446289062500e+02,8.276374511718750000e+02,8.276374511718750000e+02,8.276382446289062500e+02,-1.011169281576735377e+09
1.610999999999999988e+00,-8.606405500064155945e+01,4.279052406078585591e+01,-3.059220878755773398e+01,1.429766921035025007e-04,1.295702438781631827e-04,1.444768095382187312e-06,1.097932457923889160e-01,2.453624248504638672e+00,-2.598184823989868164e+00,-1.521832483418375515e-01,-1.371631181783955766e-01,-3.794535810019875749e-02,-8.621623824898340160e+01,4.265336094260746336e+01,-3.063015414565793293e+01,0.000000000000000000e+00,0.000000000000000000e+00,0.000000000000000000e+00,0.000000000000000000e+00,8.276382446289062500e+02,8.276373901367187500e+02,8.276373901367187500e+02,8.276382446289062500e+02,-1.011179455510486484e+09
1.612000000000000099e+00,-8.606391210364766664e+01,4.279065360395529893e+01,-3.059220762312631336e+01,1.428969938928048578e-04,1.295431694430249081e-04,1.164431420619393975e-06,1.098019778728485107e-01,2.453659057617187500e+00,-2.598215579986572266e+00,-1.523261453357302453e-01,-1.372926613478389901e-01,-3.794652253161826666e-02,-8.621623824898340160e+01,4.265336094260746336e+01,-3.063015414565793293e+01,0.000000000000000000e+00,0.000000000000000000e+00,0.000000000000000000e+00,0.000000000000000000e+00,8.276383056640625000e+02,8.276373901367187500e+02,8.276373901367187500e+02,8.276383056640625000e+02,-1.011189629430656075e+09
1.612999999999999989e+00,-8.606376929970694789e+01,4.279078310672678498e+01,-3.059220672232218874e+01,1.428039407187498000e-04,1.295027714860452761e-04,9.008041246261200286e-07,1.098100543022155762e-01,2.453691482543945312e+00,-2.598243713378906250e+00,-1.524689492764605969e-01,-1.374221641193218157e-01,-3.794742333574502996e-02,-8.621623824898340160e+01,4.265336094260746336e+01,-3.063015414565793293e+01,0.000000000000000000e+00,0.000000000000000000e+00,0.000000000000000000e+00,0.000000000000000000e+00,8.276383056640625000e+02,8.276373291015625000e+02,8.276373291015625000e+02,8.276383056640625000e+02,-1.011199803337273240e+09
1.614000000000000101e+00,-8.606362657549421158e+01,4.279091256912153085e+01,-3.059220607182066587e+01,1.427242127363115287e-04,1.294623947458717339e-04,6.505015228697175189e-07,1.098186075687408447e-01,2.453726768493652344e+00,-2.598274230957031250e+00,-1.526116734891906912e-01,-1.375516265140664385e-01,-3.794807383726584576e-02,-8.621623824898340160e+01,4.265336094260746336e+01,-3.063015414565793293e+01,0.000000000000000000e+00,0.000000000000000000e+00,0.000000000000000000e+00,0.000000000000000000e+00,8.276383666992187500e+02,8.276373291015625000e+02,8.276373291015625000e+02,8.276383666992187500e+02,-1.011209977230363369e+09
1.614999999999999991e+00,-8.606348390436883733e+01,4.279104201786351069e+01,-3.059220564500844830e+01,1.426711253742496410e-04,1.294487419798429073e-04,4.268122175687949493e-07,1.098269522190093994e-01,2.453759193420410156e+00,-2.598303318023681641e+00,-1.527543446145695760e-01,-1.376810752560497786e-01,-3.794850064948331742e-02,-8.621623824898340160e+01,4.265336094260746336e+01,-3.063015414565793293e+01,0.000000000000000000e+00,0.000000000000000000e+00,0.000000000000000000e+00,0.000000000000000000e+00,8.276383666992187500e+02,8.276372680664062500e+02,8.276372680664062500e+02,8.276383666992187500e+02,-1.011220151109948397e+09
1.616000000000000103e+00,-8.606334128634608760e+01,4.279117145296970648e+01,-3.059220542854507485e+01,1.426180227497297892e-04,1.294351061957854654e-04,2.164633734480503335e-07,1.098350584506988525e-01,2.453792333602905273e+00,-2.598331928253173828e+00,-1.528969626373178903e-01,-1.378105103622412342e-01,-3.794871711285684873e-02,-8.621623824898340160e+01,4.265336094260746336e+01,-3.063015414565793293e+01,0.000000000000000000e+00,0.000000000000000000e+00,0.000000000000000000e+00,0.000000000000000000e+00,8.276384277343750000e+02,8.276372680664062500e+02,8.276372680664062500e+02,8.276384277343750000e+02,-1.011230324976049066e+09
1.616999999999999993e+00,-8.606319869476843110e+01,4.279130086113915610e+01,-3.059220539909921754e+01,1.425915776565034321e-04,1.294081694496185264e-04,2.944585730801918544e-08,1.098438203334808350e-01,2.453826904296875000e+00,-2.598362207412719727e+00,-1.530395542149644572e-01,-1.379399185316921850e-01,-3.794874655871589841e-02,-8.621623824898340160e+01,4.265336094260746336e+01,-3.063015414565793293e+01,0.000000000000000000e+00,0.000000000000000000e+00,0.000000000000000000e+00,0.000000000000000000e+00,8.276384277343750000e+02,8.276372680664062500e+02,8.276372680664062500e+02,8.276384277343750000e+02,-1.011240498828679204e+09
1.618000000000000105e+00,-8.606305612968012042e+01,4.279143026909176228e+01,-3.059220552669079751e+01,1.425650883106754918e-04,1.294079526061864271e-04,-1.275915799681115459e-07,1.098518073558807373e-01,2.453858613967895508e+00,-2.598391056060791016e+00,-1.531821193032846251e-01,-1.380693264843004253e-01,-3.794861896713708216e-02,-8.621623824898340160e+01,4.265336094260746336e+01,-3.063015414565793293e+01,0.000000000000000000e+00,0.000000000000000000e+00,0.000000000000000000e+00,0.000000000000000000e+00,8.276384277343750000e+02,8.276372070312500000e+02,8.276372070312500000e+02,8.276384277343750000e+02,-1.011250672667852998e+09
1.618999999999999995e+00,-8.606291357776008510e+01,4.279155966351793694e+01,-3.059220579130762374e+01,1.425519200353164706e-04,1.293944261746560187e-04,-2.646168262288028927e-07,1.098604202270507812e-01,2.453892469406127930e+00,-2.598421335220336914e+00,-1.533246712233184150e-01,-1.381987209104727499e-01,-3.794835435030811249e-02,-8.621623824898340160e+01,4.265336094260746336e+01,-3.063015414565793293e+01,0.000000000000000000e+00,0.000000000000000000e+00,0.000000000000000000e+00,0.000000000000000000e+00,8.276384277343750000e+02,8.276372070312500000e+02,8.276372070312500000e+02,8.276384277343750000e+02,-1.011260846493580103e+09
1.620000000000000107e+00,-8.606277101236821636e+01,4.279168907114224396e+01,-3.059220616633703926e+01,1.425653918687430632e-04,1.294076243070207966e-04,-3.750294155224764836e-07,1.098685562610626221e-01,2.453925609588623047e+00,-2.598449707031250000e+00,-1.534672366151851874e-01,-1.383281285347800205e-01,-3.794797932089205572e-02,-8.621623824898340160e+01,4.265336094260746336e+01,-3.063015414565793293e+01,0.000000000000000000e+00,0.000000000000000000e+00,0.000000000000000000e+00,0.000000000000000000e+00,8.276384277343750000e+02,8.276372070312500000e+02,8.276372070312500000e+02,8.276384277343750000e+02,-1.011271020305866122e+09
1.620999999999999996e+00,-8.606262843353201220e+01,4.279181847865982036e+01,-3.059220662508080935e+01,1.425788362041657820e-04,1.294075175763964580e-04,-4.587437700820373720e-07,1.098768115043640137e-01,2.453959703445434570e+00,-2.598479986190795898e+00,-1.536098154513892977e-01,-1.384575360523581100e-01,-3.794752057712446475e-02,-8.621623824898340160e+01,4.265336094260746336e+01,-3.063015414565793293e+01,0.000000000000000000e+00,0.000000000000000000e+00,0.000000000000000000e+00,0.000000000000000000e+00,8.276384277343750000e+02,8.276372070312500000e+02,8.276372070312500000e+02,8.276384277343750000e+02,-1.011281194104713917e+09
1.622000000000000108e+00,-8.606248581461562708e+01,4.279194791279998356e+01,-3.059220713759147259e+01,1.426189163851177000e-04,1.294341401631982080e-04,-5.125106632419829111e-07,1.098850369453430176e-01,2.453992366790771484e+00,-2.598508596420288086e+00,-1.537524343677800776e-01,-1.385869701925199482e-01,-3.794700806646111868e-02,-8.621623824898340160e+01,4.265336094260746336e+01,-3.063015414565793293e+01,0.000000000000000000e+00,0.000000000000000000e+00,0.000000000000000000e+00,0.000000000000000000e+00,8.276384277343750000e+02,8.276372070312500000e+02,8.276372070312500000e+02,8.276384277343750000e+02,-1.011291367890122175e+09
1.622999999999999998e+00,-8.606234315564243786e+01,4.279207734691791387e+01,-3.059220767715300227e+01,1.426589731892136115e-04,1.294341179303160061e-04,-5.395615296777123149e-07,1.098938584327697754e-01,2.454026937484741211e+00,-2.598539829254150391e+00,-1.538950933409634347e-01,-1.387164043104493483e-01,-3.794646850493153811e-02,-8.621623824898340160e+01,4.265336094260746336e+01,-3.063015414565793293e+01,0.000000000000000000e+00,0.000000000000000000e+00,0.000000000000000000e+00,0.000000000000000000e+00,8.276384277343750000e+02,8.276372070312500000e+02,8.276372070312500000e+02,8.276384277343750000e+02,-1.011301541662085891e+09
1.624000000000000110e+00,-8.606220042997718167e+01,4.279220682107895612e+01,-3.059220821717113026e+01,1.427256652561936789e-04,1.294741610422533995e-04,-5.400181279924254341e-07,1.099016666412353516e-01,2.454058647155761719e+00,-2.598566770553588867e+00,-1.540378190062183517e-01,-1.388458784714914074e-01,-3.794592848680110320e-02,-8.621623824898340160e+01,4.265336094260746336e+01,-3.063015414565793293e+01,0.000000000000000000e+00,0.000000000000000000e+00,0.000000000000000000e+00,0.000000000000000000e+00,8.276384277343750000e+02,8.276372680664062500e+02,8.276372680664062500e+02,8.276384277343750000e+02,-1.011311715420596957e+09
1.625000000000000000e+00,-8.606205763765188976e+01,4.279233632198327797e+01,-3.059220872761278187e+01,1.427923252919072183e-04,1.295009043218442457e-04,-5.104416516132914694e-07,1.099100708961486816e-01,2.454091787338256836e+00,-2.598596572875976562e+00,-1.541806113315151161e-01,-1.389753793758142231e-01,-3.794541804515194627e-02,-8.621623824898340160e+01,4.265336094260746336e+01,-3.063015414565793293e+01,0.000000000000000000e+00,0.000000000000000000e+00,0.000000000000000000e+00,0.000000000000000000e+00,8.276384277343750000e+02,8.276372680664062500e+02,8.276372680664062500e+02,8.276383666992187500e+02,-1.011321889165644526e+09
1.625999999999999890e+00,-8.606191477456391681e+01,4.279246584138760312e+01,-3.059220918075180151e+01,1.428630879729553271e-04,1.295194043251512994e-04,-4.531390196405027382e-07,1.099184453487396240e-01,2.454125404357910156e+00,-2.598626852035522461e+00,-1.543234744194891261e-01,-1.391048987801379311e-01,-3.794496490613082085e-02,-8.621623824898340160e+01,4.265336094260746336e+01,-3.063015414565793293e+01,0.000000000000000000e+00,0.000000000000000000e+00,0.000000000000000000e+00,0.000000000000000000e+00,8.276383666992187500e+02,8.276372680664062500e+02,8.276372680664062500e+02,8.276383666992187500e+02,-1.011332062897214532e+09
1.627000000000000002e+00,-8.606177180900810697e+01,4.279259540923261795e+01,-3.059220955206665238e+01,1.429655558098374968e-04,1.295678450148329830e-04,-3.713148508666108683e-07,1.099267005920410156e-01,2.454158067703247070e+00,-2.598655223846435547e+00,-1.544664399752931905e-01,-1.392344666251527641e-01,-3.794459359127923953e-02,-8.621623824898340160e+01,4.265336094260746336e+01,-3.063015414565793293e+01,0.000000000000000000e+00,0.000000000000000000e+00,0.000000000000000000e+00,0.000000000000000000e+00,8.276383666992187500e+02,8.276373291015625000e+02,8.276373291015625000e+02,8.276383666992187500e+02,-1.011342236615288615e+09
1.627999999999999892e+00,-8.606162872354138926e+01,4.279272501729646194e+01,-3.059220980717746841e+01,1.430854667177072770e-04,1.296080638439889299e-04,-2.551108160275816772e-07,1.099347770214080811e-01,2.454190254211425781e+00,-2.598684310913085938e+00,-1.546095254420134235e-01,-1.393640746890007220e-01,-3.794433848046453034e-02,-8.621623824898340160e+01,4.265336094260746336e+01,-3.063015414565793293e+01,0.000000000000000000e+00,0.000000000000000000e+00,0.000000000000000000e+00,0.000000000000000000e+00,8.276383056640625000e+02,8.276373291015625000e+02,8.276373291015625000e+02,8.276383056640625000e+02,-1.011352410319842458e+09
1.629000000000000004e+00,-8.606148554486934188e+01,4.279285467893345896e+01,-3.059220992939504313e+01,1.431786720473837704e-04,1.296616369970138294e-04,-1.222175747273013258e-07,1.099438667297363281e-01,2.454227209091186523e+00,-2.598716020584106445e+00,-1.547527041140630277e-01,-1.394937363259983465e-01,-3.794421626288946303e-02,-8.621623824898340160e+01,4.265336094260746336e+01,-3.063015414565793293e+01,0.000000000000000000e+00,0.000000000000000000e+00,0.000000000000000000e+00,0.000000000000000000e+00,8.276383056640625000e+02,8.276373901367187500e+02,8.276373901367187500e+02,8.276383056640625000e+02,-1.011362584010856509e+09
1.629999999999999893e+00,-8.606134223301218356e+01,4.279298439420252009e+01,-3.059220988541805752e+01,1.433118571583236189e-04,1.297152690611369508e-04,4.397698560865137551e-08,1.099514365196228027e-01,2.454257488250732422e+00,-2.598743677139282227e+00,-1.548960159712123863e-01,-1.396234515950598998e-01,-3.794426023987623742e-02,-8.621623824898340160e+01,4.265336094260746336e+01,-3.063015414565793293e+01,0.000000000000000000e+00,0.000000000000000000e+00,0.000000000000000000e+00,0.000000000000000000e+00,8.276382446289062500e+02,8.276373901367187500e+02,8.276373901367187500e+02,8.276382446289062500e+02,-1.011372757688302517e+09
1.631000000000000005e+00,-8.606119878798646994e+01,4.279311414978661787e+01,-3.059220965855383412e+01,1.434450257136177243e-04,1.297555840977793196e-04,2.268642234071194252e-07,1.099605262279510498e-01,2.454293727874755859e+00,-2.598775148391723633e+00,-1.550394609969268367e-01,-1.397532071791522668e-01,-3.794448710409858289e-02,-8.621623824898340160e+01,4.265336094260746336e+01,-3.063015414565793293e+01,0.000000000000000000e+00,0.000000000000000000e+00,0.000000000000000000e+00,0.000000000000000000e+00,8.276381835937500000e+02,8.276374511718750000e+02,8.276374511718750000e+02,8.276381835937500000e+02,-1.011382931352149725e+09
1.631999999999999895e+00,-8.606105519649378266e+01,4.279324397240747402e+01,-3.059220922217488692e+01,1.435914926872783326e-04,1.298226208561459316e-04,4.363789471995005442e-07,1.099681258201599121e-01,2.454324245452880859e+00,-2.598802328109741211e+00,-1.551830524896118391e-01,-1.398830298000093841e-01,-3.794492348304446400e-02,-8.621623824898340160e+01,4.265336094260746336e+01,-3.063015414565793293e+01,0.000000000000000000e+00,0.000000000000000000e+00,0.000000000000000000e+00,0.000000000000000000e+00,8.276381835937500000e+02,8.276375122070312500e+02,8.276375122070312500e+02,8.276381835937500000e+02,-1.011393105002366066e+09
1.633000000000000007e+00,-8.606091147189520996e+01,4.279337384874835237e+01,-3.059220855623725654e+01,1.437245985727031439e-04,1.298763408783543127e-04,6.659376303730368818e-07,1.099768579006195068e-01,2.454359531402587891e+00,-2.598832845687866211e+00,-1.553267770881948118e-01,-1.400129061408883491e-01,-3.794558942067769586e-02,-8.621623824898340160e+01,4.265336094260746336e+01,-3.063015414565793293e+01,0.000000000000000000e+00,0.000000000000000000e+00,0.000000000000000000e+00,0.000000000000000000e+00,8.276381225585937500e+02,8.276375732421875000e+02,8.276375732421875000e+02,8.276381225585937500e+02,-1.011403278638919115e+09
1.633999999999999897e+00,-8.606076760087596256e+01,4.279350379217742528e+01,-3.059220764410068583e+01,1.438710192473990901e-04,1.299434290729095665e-04,9.121365707187578664e-07,1.099850237369537354e-01,2.454392194747924805e+00,-2.598861217498779297e+00,-1.554706481074443758e-01,-1.401428495699609256e-01,-3.794650155724754725e-02,-8.621623824898340160e+01,4.265336094260746336e+01,-3.063015414565793293e+01,0.000000000000000000e+00,0.000000000000000000e+00,0.000000000000000000e+00,0.000000000000000000e+00,8.276380615234375000e+02,8.276375732421875000e+02,8.276375732421875000e+02,8.276380615234375000e+02,-1.011413452261774540e+09
1.635000000000000009e+00,-8.606062357012108066e+01,4.279363380272724982e+01,-3.059220646577189839e+01,1.440307548818964278e-04,1.300105498245329727e-04,1.178328787432292302e-06,1.099937260150909424e-01,2.454427003860473633e+00,-2.598892688751220703e+00,-1.556146788623236632e-01,-1.402728601197854585e-01,-3.794767988603384851e-02,-8.621623824898340160e+01,4.265336094260746336e+01,-3.063015414565793293e+01,0.000000000000000000e+00,0.000000000000000000e+00,0.000000000000000000e+00,0.000000000000000000e+00,8.276380004882812500e+02,8.276376342773437500e+02,8.276376342773437500e+02,8.276380004882812500e+02,-1.011423625870894313e+09
1.635999999999999899e+00,-8.606047937964345351e+01,4.279376386707674840e+01,-3.059220500789333741e+01,1.441904776271485389e-04,1.300643494985820325e-04,1.457878560984227079e-06,1.100016832351684570e-01,2.454459428787231445e+00,-2.598920345306396484e+00,-1.557588693399459268e-01,-1.404029244692845402e-01,-3.794913776459481886e-02,-8.621623824898340160e+01,4.265336094260746336e+01,-3.063015414565793293e+01,0.000000000000000000e+00,0.000000000000000000e+00,0.000000000000000000e+00,0.000000000000000000e+00,8.276379394531250000e+02,8.276376953125000000e+02,8.276376953125000000e+02,8.276379394531250000e+02,-1.011433799466238499e+09
1.637000000000000011e+00,-8.606033504280475199e+01,4.279389398524524069e+01,-3.059220325377409821e+01,1.443368387015198095e-04,1.301181684922880777e-04,1.754119239194551483e-06,1.100105047225952148e-01,2.454493761062622070e+00,-2.598951101303100586e+00,-1.559032061786438383e-01,-1.405330426377785213e-01,-3.795089188383481138e-02,-8.621623824898340160e+01,4.265336094260746336e+01,-3.063015414565793293e+01,0.000000000000000000e+00,0.000000000000000000e+00,0.000000000000000000e+00,0.000000000000000000e+00,8.276379394531250000e+02,8.276377563476562500e+02,8.276377563476562500e+02,8.276379394531250000e+02,-1.011443973047768593e+09
1.637999999999999901e+00,-8.606019053294231469e+01,4.279402418393229368e+01,-3.059220119681379657e+01,1.445098624373031271e-04,1.301986870529958651e-04,2.056960301644039646e-06,1.100192070007324219e-01,2.454529047012329102e+00,-2.598982572555541992e+00,-1.560477160410865538e-01,-1.406632413248268820e-01,-3.795294884413541459e-02,-8.621623824898340160e+01,4.265336094260746336e+01,-3.063015414565793293e+01,0.000000000000000000e+00,0.000000000000000000e+00,0.000000000000000000e+00,0.000000000000000000e+00,8.276378784179687500e+02,8.276378173828125000e+02,8.276378173828125000e+02,8.276378784179687500e+02,-1.011454146615443110e+09
1.639000000000000012e+00,-8.606004587674564732e+01,4.279415444980358529e+01,-3.059219882695721182e+01,1.446561966673698407e-04,1.302658712916127115e-04,2.369856584749641115e-06,1.100272238254547119e-01,2.454560756683349609e+00,-2.599010229110717773e+00,-1.561923722377506762e-01,-1.407935071961202711e-01,-3.795531870071934544e-02,-8.621623824898340160e+01,4.265336094260746336e+01,-3.063015414565793293e+01,0.000000000000000000e+00,0.000000000000000000e+00,0.000000000000000000e+00,0.000000000000000000e+00,8.276378173828125000e+02,8.276378784179687500e+02,8.276378784179687500e+02,8.276378173828125000e+02,-1.011464320169223547e+09
1.639999999999999902e+00,-8.605990107421557411e+01,4.279428476952464422e+01,-3.059219614085185057e+01,1.448025300732069809e-04,1.303197210589246424e-04,2.686105361249246926e-06,1.100358963012695312e-01,2.454596281051635742e+00,-2.599041461944580078e+00,-1.563371747678257706e-01,-1.409238269171795011e-01,-3.795800480608146898e-02,-8.621623824898340160e+01,4.265336094260746336e+01,-3.063015414565793293e+01,0.000000000000000000e+00,0.000000000000000000e+00,0.000000000000000000e+00,0.000000000000000000e+00,8.276377563476562500e+02,8.276378784179687500e+02,8.276379394531250000e+02,8.276377563476562500e+02,-1.011474493709070086e+09
1.641000000000000014e+00,-8.605975611202519815e+01,4.279441514311479011e+01,-3.059219312850964911e+01,1.449621903759634733e-04,1.303735901458935587e-04,3.012342201458295676e-06,1.100440025329589844e-01,2.454628705978393555e+00,-2.599070787429809570e+00,-1.564821369582070354e-01,-1.410542005073277261e-01,-3.796101714828490487e-02,-8.621623824898340160e+01,4.265336094260746336e+01,-3.063015414565793293e+01,0.000000000000000000e+00,0.000000000000000000e+00,0.000000000000000000e+00,0.000000000000000000e+00,8.276376953125000000e+02,8.276379394531250000e+02,8.276379394531250000e+02,8.276376953125000000e+02,-1.011484667234939933e+09
1.641999999999999904e+00,-8.605961100351613879e+01,4.279454558390651187e+01,-3.059218979326819365e+01,1.451085090593551286e-04,1.304407917217531576e-04,3.335241455459936333e-06,1.100530028343200684e-01,2.454664468765258789e+00,-2.599102258682250977e+00,-1.566272454672604786e-01,-1.411846412990501454e-01,-3.796435238974089216e-02,-8.621623824898340160e+01,4.265336094260746336e+01,-3.063015414565793293e+01,0.000000000000000000e+00,0.000000000000000000e+00,0.000000000000000000e+00,0.000000000000000000e+00,8.276376342773437500e+02,8.276380004882812500e+02,8.276380004882812500e+02,8.276376342773437500e+02,-1.011494840746794105e+09
1.643000000000000016e+00,-8.605946574868951870e+01,4.279467609190105293e+01,-3.059218613512823381e+01,1.452548266200892613e-04,1.305079945410625442e-04,3.658139959838990762e-06,1.100609898567199707e-01,2.454696416854858398e+00,-2.599129676818847656e+00,-1.567725002938866741e-01,-1.413151492935920961e-01,-3.796801052970086299e-02,-8.621623824898340160e+01,4.265336094260746336e+01,-3.063015414565793293e+01,0.000000000000000000e+00,0.000000000000000000e+00,0.000000000000000000e+00,0.000000000000000000e+00,8.276375732421875000e+02,8.276380615234375000e+02,8.276380615234375000e+02,8.276375732421875000e+02,-1.011505014244593382e+09
1.643999999999999906e+00,-8.605932036087388326e+01,4.279480664041019367e+01,-3.059218215737261204e+01,1.453878156354448947e-04,1.305485091407376785e-04,3.977755621775713735e-06,1.100701689720153809e-01,2.454733371734619141e+00,-2.599162578582763672e+00,-1.569178881095248945e-01,-1.414456978027284206e-01,-3.797198828532042519e-02,-8.621623824898340160e+01,4.265336094260746336e+01,-3.063015414565793293e+01,0.000000000000000000e+00,0.000000000000000000e+00,0.000000000000000000e+00,0.000000000000000000e+00,8.276375732421875000e+02,8.276381225585937500e+02,8.276381225585937500e+02,8.276375732421875000e+02,-1.011515187728298903e+09
1.645000000000000018e+00,-8.605917485341082340e+01,4.279493724276637323e+01,-3.059217786333878664e+01,1.455074630598574004e-04,1.306023561795655041e-04,4.294033825402721050e-06,1.100782454013824463e-01,2.454765319824218750e+00,-2.599190473556518555e+00,-1.570633955725711794e-01,-1.415763001589094294e-01,-3.797628231914607078e-02,-8.621623824898340160e+01,4.265336094260746336e+01,-3.063015414565793293e+01,0.000000000000000000e+00,0.000000000000000000e+00,0.000000000000000000e+00,0.000000000000000000e+00,8.276375122070312500e+02,8.276381225585937500e+02,8.276381835937500000e+02,8.276375122070312500e+02,-1.011525361197875381e+09
1.645999999999999908e+00,-8.605902923565813012e+01,4.279506789050921611e+01,-3.059217326864302322e+01,1.456177526932833644e-04,1.306477428428820531e-04,4.594695763415757028e-06,1.100869178771972656e-01,2.454800367355346680e+00,-2.599221229553222656e+00,-1.572090133252667388e-01,-1.417069479017495637e-01,-3.798087701490895918e-02,-8.621623824898340160e+01,4.265336094260746336e+01,-3.063015414565793293e+01,0.000000000000000000e+00,0.000000000000000000e+00,0.000000000000000000e+00,0.000000000000000000e+00,8.276374511718750000e+02,8.276381835937500000e+02,8.276381835937500000e+02,8.276374511718750000e+02,-1.011535534653289437e+09
1.647000000000000020e+00,-8.605888348886243477e+01,4.279519858716472669e+01,-3.059216837872226336e+01,1.457467956953450994e-04,1.306966555105759653e-04,4.889920759865162836e-06,1.100950241088867188e-01,2.454833745956420898e+00,-2.599250078201293945e+00,-1.573547601209601965e-01,-1.418376445572665789e-01,-3.798576693566824841e-02,-8.621623824898340160e+01,4.265336094260746336e+01,-3.063015414565793293e+01,0.000000000000000000e+00,0.000000000000000000e+00,0.000000000000000000e+00,0.000000000000000000e+00,8.276374511718750000e+02,8.276382446289062500e+02,8.276382446289062500e+02,8.276374511718750000e+02,-1.011545708094505072e+09
1.647999999999999909e+00,-8.605873764906154122e+01,4.279532932428048042e+01,-3.059216320248927445e+01,1.458398008935546386e-04,1.307371157537318140e-04,5.176232988901574572e-06,1.101038157939910889e-01,2.454868316650390625e+00,-2.599281311035156250e+00,-1.575005999218636044e-01,-1.419683816730195614e-01,-3.799094316866013371e-02,-8.621623824898340160e+01,4.265336094260746336e+01,-3.063015414565793293e+01,0.000000000000000000e+00,0.000000000000000000e+00,0.000000000000000000e+00,0.000000000000000000e+00,8.276373901367187500e+02,8.276382446289062500e+02,8.276383056640625000e+02,8.276373901367187500e+02,-1.011555881521492124e+09
1.649000000000000021e+00,-8.605859172956775183e+01,4.279546010182100702e+01,-3.059215776327338787e+01,1.459194937893926181e-04,1.307775405265942936e-04,5.439215886582360326e-06,1.101124286651611328e-01,2.454901456832885742e+00,-2.599311590194702148e+00,-1.576465194156559391e-01,-1.420991592135463222e-01,-3.799638238454556421e-02,-8.621623824898340160e+01,4.265336094260746336e+01,-3.063015414565793293e+01,0.000000000000000000e+00,0.000000000000000000e+00,0.000000000000000000e+00,0.000000000000000000e+00,8.276373291015625000e+02,8.276383056640625000e+02,8.276383056640625000e+02,8.276373291015625000e+02,-1.011566054934224606e+09
1.649999999999999911e+00,-8.605844573036519307e+01,4.279559090643331842e+01,-3.059215207106185375e+01,1.459992025587553144e-04,1.308046123114081638e-04,5.692211534125135586e-06,1.101210415363311768e-01,2.454936265945434570e+00,-2.599341630935668945e+00,-1.577925186182066730e-01,-1.422299638258554544e-01,-3.800207459608044569e-02,-8.621623824898340160e+01,4.265336094260746336e+01,-3.063015414565793293e+01,0.000000000000000000e+00,0.000000000000000000e+00,0.000000000000000000e+00,0.000000000000000000e+00,8.276373291015625000e+02,8.276383666992187500e+02,8.276383666992187500e+02,8.276373291015625000e+02,-1.011576228332675457e+09
1.651000000000000023e+00,-8.605829966476603943e+01,4.279572173808175961e+01,-3.059214614918388264e+01,1.460655991536441434e-04,1.308316484411875535e-04,5.921877971104549943e-06,1.101294755935668945e-01,2.454970359802246094e+00,-2.599371433258056641e+00,-1.579385842173619270e-01,-1.423607954742963366e-01,-3.800799647405164738e-02,-8.621623824898340160e+01,4.265336094260746336e+01,-3.063015414565793293e+01,0.000000000000000000e+00,0.000000000000000000e+00,0.000000000000000000e+00,0.000000000000000000e+00,8.276372680664062500e+02,8.276383666992187500e+02,8.276383666992187500e+02,8.276372680664062500e+02,-1.011586401716821790e+09
1.651999999999999913e+00,-8.605815354608625967e+01,4.279585258339953668e+01,-3.059214001428012253e+01,1.461186797797608961e-04,1.308453177770729781e-04,6.134903760113274984e-06,1.101382374763488770e-01,2.455006361007690430e+00,-2.599403142929077148e+00,-1.580847028971391899e-01,-1.424916407920711614e-01,-3.801413137781007451e-02,-8.621623824898340160e+01,4.265336094260746336e+01,-3.063015414565793293e+01,0.000000000000000000e+00,0.000000000000000000e+00,0.000000000000000000e+00,0.000000000000000000e+00,8.276372680664062500e+02,8.276383666992187500e+02,8.276383666992187500e+02,8.276372680664062500e+02,-1.011596575086642504e+09
1.653000000000000025e+00,-8.605800738763802826e+01,4.279598345568639672e+01,-3.059213369303308028e+01,1.461584482314037814e-04,1.308722868600398215e-04,6.321247042251343373e-06,1.101470589637756348e-01,2.455040931701660156e+00,-2.599433183670043945e+00,-1.582308613453667911e-01,-1.426225130789362527e-01,-3.802045262485183319e-02,-8.621623824898340160e+01,4.265336094260746336e+01,-3.063015414565793293e+01,0.000000000000000000e+00,0.000000000000000000e+00,0.000000000000000000e+00,0.000000000000000000e+00,8.276372680664062500e+02,8.276384277343750000e+02,8.276384277343750000e+02,8.276372680664062500e+02,-1.011606748442121863e+09
1.653999999999999915e+00,-8.605786120272864537e+01,4.279611432823050166e+01,-3.059212720539988695e+01,1.461849093828959667e-04,1.308725441049318761e-04,6.487633193330566428e-06,1.101551651954650879e-01,2.455073356628417969e+00,-2.599462985992431641e+00,-1.583770462547593461e-01,-1.427533856230384923e-01,-3.802694025804521927e-02,-8.621623824898340160e+01,4.265336094260746336e+01,-3.063015414565793293e+01,0.000000000000000000e+00,0.000000000000000000e+00,0.000000000000000000e+00,0.000000000000000000e+00,8.276372680664062500e+02,8.276384277343750000e+02,8.276384277343750000e+02,8.276372680664062500e+02,-1.011616921783245206e+09
1.655000000000000027e+00,-8.605771501800616363e+01,4.279624521432227624e+01,-3.059212058138134083e+01,1.461847224817347524e-04,1.308860917745846564e-04,6.624018546119714301e-06,1.101641952991485596e-01,2.455109596252441406e+00,-2.599494218826293945e+00,-1.585232309772398873e-01,-1.428842717148160746e-01,-3.803356427659335126e-02,-8.621623824898340160e+01,4.265336094260746336e+01,-3.063015414565793293e+01,0.000000000000000000e+00,0.000000000000000000e+00,0.000000000000000000e+00,0.000000000000000000e+00,8.276372070312500000e+02,8.276384277343750000e+02,8.276384277343750000e+02,8.276372070312500000e+02,-1.011627095110005498e+09
1.655999999999999917e+00,-8.605756883344153607e+01,4.279637608725870024e+01,-3.059211383761586589e+01,1.461845646275605759e-04,1.308729364239979986e-04,6.743765474936935789e-06,1.101726889610290527e-01,2.455142736434936523e+00,-2.599523782730102539e+00,-1.586694155418638119e-01,-1.430151446512351876e-01,-3.804030804206535304e-02,-8.621623824898340160e+01,4.265336094260746336e+01,-3.063015414565793293e+01,0.000000000000000000e+00,0.000000000000000000e+00,0.000000000000000000e+00,0.000000000000000000e+00,8.276372070312500000e+02,8.276384277343750000e+02,8.276384277343750000e+02,8.276372070312500000e+02,-1.011637268422394276e+09
1.657000000000000028e+00,-8.605742264899372174e+01,4.279650696032959445e+01,-3.059210701080753481e+01,1.461844478143348169e-04,1.308730708942107412e-04,6.826808331084066594e-06,1.101812720298767090e-01,2.455176830291748047e+00,-2.599554300308227539e+00,-1.588155999896753157e-01,-1.431460177221279551e-01,-3.804713485039896981e-02,-8.621623824898340160e+01,4.265336094260746336e+01,-3.063015414565793293e+01,0.000000000000000000e+00,0.000000000000000000e+00,0.000000000000000000e+00,0.000000000000000000e+00,8.276372070312500000e+02,8.276384277343750000e+02,8.276384277343750000e+02,8.276372070312500000e+02,-1.011647441720406532e+09
1.657999999999999918e+00,-8.605727651799912792e+01,4.279663783348969730e+01,-3.059210012089999253e+01,1.461309945938182864e-04,1.308731601028512159e-04,6.889907542273476793e-06,1.101900339126586914e-01,2.455212831497192383e+00,-2.599585056304931641e+00,-1.589617309842723536e-01,-1.432768908822347198e-01,-3.805402475793871059e-02,-8.621623824898340160e+01,4.265336094260746336e+01,-3.063015414565793293e+01,0.000000000000000000e+00,0.000000000000000000e+00,0.000000000000000000e+00,0.000000000000000000e+00,8.276372070312500000e+02,8.276384277343750000e+02,8.276384277343750000e+02,8.276372070312500000e+02,-1.011657615004047990e+09
1.659000000000000030e+00,-8.605713041372258942e+01,4.279676866668114599e+01,-3.059209320122150899e+01,1.461042765384945596e-04,1.308331914486871028e-04,6.919678483541247260e-06,1.101987063884735107e-01,2.455246686935424805e+00,-2.599616050720214844e+00,-1.591078352608102098e-01,-1.434077240736827963e-01,-3.806094443642369513e-02,-8.621623824898340160e+01,4.265336094260746336e+01,-3.063015414565793293e+01,0.000000000000000000e+00,0.000000000000000000e+00,0.000000000000000000e+00,0.000000000000000000e+00,8.276372680664062500e+02,8.276384277343750000e+02,8.276384277343750000e+02,8.276372070312500000e+02,-1.011667788273317695e+09
1.659999999999999920e+00,-8.605698436282862929e+01,4.279689949988337361e+01,-3.059208627513940471e+01,1.460508939601368184e-04,1.308332022276204043e-04,6.926082104286024332e-06,1.102074682712554932e-01,2.455282211303710938e+00,-2.599645614624023438e+00,-1.592538861547744822e-01,-1.435385572759116934e-01,-3.806787051852791870e-02,-8.621623824898340160e+01,4.265336094260746336e+01,-3.063015414565793293e+01,0.000000000000000000e+00,0.000000000000000000e+00,0.000000000000000000e+00,0.000000000000000000e+00,8.276372680664062500e+02,8.276384277343750000e+02,8.276384277343750000e+02,8.276372680664062500e+02,-1.011677961528224826e+09
1.661000000000000032e+00,-8.605683839194712448e+01,4.279703029302503126e+01,-3.059207937257996690e+01,1.459708815048088582e-04,1.307931416576479933e-04,6.902559437804711706e-06,1.102156937122344971e-01,2.455314636230468750e+00,-2.599675416946411133e+00,-1.593998570362837874e-01,-1.436693504175670932e-01,-3.807477307796539034e-02,-8.621623824898340160e+01,4.265336094260746336e+01,-3.063015414565793293e+01,0.000000000000000000e+00,0.000000000000000000e+00,0.000000000000000000e+00,0.000000000000000000e+00,8.276372680664062500e+02,8.276383666992187500e+02,8.276383666992187500e+02,8.276372680664062500e+02,-1.011688134768781066e+09
1.661999999999999922e+00,-8.605669250104033097e+01,4.279716104606420402e+01,-3.059207252355829709e+01,1.458909067935110215e-04,1.307530391727595998e-04,6.849021669808053048e-06,1.102246344089508057e-01,2.455350875854492188e+00,-2.599707365036010742e+00,-1.595457479430764935e-01,-1.438001034567414071e-01,-3.808162209963519840e-02,-8.621623824898340160e+01,4.265336094260746336e+01,-3.063015414565793293e+01,0.000000000000000000e+00,0.000000000000000000e+00,0.000000000000000000e+00,0.000000000000000000e+00,8.276372680664062500e+02,8.276383666992187500e+02,8.276383666992187500e+02,8.276372680664062500e+02,-1.011698307995000124e+09
1.663000000000000034e+00,-8.605654669007893176e+01,4.279729177230371562e+01,-3.059206575477301371e+01,1.458109613992064624e-04,1.307262395116026710e-04,6.768785283384204376e-06,1.102330386638641357e-01,2.455384492874145508e+00,-2.599736928939819336e+00,-1.596915589044763661e-01,-1.439308296962547584e-01,-3.808839088492033814e-02,-8.621623824898340160e+01,4.265336094260746336e+01,-3.063015414565793293e+01,0.000000000000000000e+00,0.000000000000000000e+00,0.000000000000000000e+00,0.000000000000000000e+00,8.276373291015625000e+02,8.276383666992187500e+02,8.276383666992187500e+02,8.276373291015625000e+02,-1.011708481206898570e+09
1.663999999999999924e+00,-8.605640100857966956e+01,4.279742244977348520e+01,-3.059205909178288607e+01,1.456814992621957572e-04,1.306774697695800569e-04,6.662990127637158366e-06,1.102415919303894043e-01,2.455418109893798828e+00,-2.599766492843627930e+00,-1.598372404037352590e-01,-1.440615071660235058e-01,-3.809505387504788509e-02,-8.621623824898340160e+01,4.265336094260746336e+01,-3.063015414565793293e+01,0.000000000000000000e+00,0.000000000000000000e+00,0.000000000000000000e+00,0.000000000000000000e+00,8.276373291015625000e+02,8.276383056640625000e+02,8.276383056640625000e+02,8.276373291015625000e+02,-1.011718654404500961e+09
1.665000000000000036e+00,-8.605625541076423701e+01,4.279755308225458776e+01,-3.059205256338805867e+01,1.455978154325521245e-04,1.306324811025660892e-04,6.528394827398642519e-06,1.102504730224609375e-01,2.455453872680664062e+00,-2.599797487258911133e+00,-1.599828382191696430e-01,-1.441921396471275429e-01,-3.810158226987359759e-02,-8.621623824898340160e+01,4.265336094260746336e+01,-3.063015414565793293e+01,0.000000000000000000e+00,0.000000000000000000e+00,0.000000000000000000e+00,0.000000000000000000e+00,8.276373901367187500e+02,8.276383056640625000e+02,8.276383056640625000e+02,8.276373901367187500e+02,-1.011728827587826133e+09
1.665999999999999925e+00,-8.605610994615335585e+01,4.279768367446957456e+01,-3.059204619184880869e+01,1.454646108811630256e-04,1.305922149867910775e-04,6.371539249983015907e-06,1.102590560913085938e-01,2.455487728118896484e+00,-2.599828720092773438e+00,-1.601283028300401756e-01,-1.443227318621113642e-01,-3.810795380912475327e-02,-8.621623824898340160e+01,4.265336094260746336e+01,-3.063015414565793293e+01,0.000000000000000000e+00,0.000000000000000000e+00,0.000000000000000000e+00,0.000000000000000000e+00,8.276373901367187500e+02,8.276382446289062500e+02,8.276382446289062500e+02,8.276373901367187500e+02,-1.011739000756903291e+09
1.667000000000000037e+00,-8.605596461470835834e+01,4.279781419970469614e+01,-3.059204000047265382e+01,1.453314449975096068e-04,1.305252351215813178e-04,6.191376154873751148e-06,1.102679967880249023e-01,2.455523729324340820e+00,-2.599859714508056641e+00,-1.602736342750371301e-01,-1.444532570972303087e-01,-3.811414518528054990e-02,-8.621623824898340160e+01,4.265336094260746336e+01,-3.063015414565793293e+01,0.000000000000000000e+00,0.000000000000000000e+00,0.000000000000000000e+00,0.000000000000000000e+00,8.276374511718750000e+02,8.276381835937500000e+02,8.276381835937500000e+02,8.276374511718750000e+02,-1.011749173911760807e+09
1.667999999999999927e+00,-8.605581941640370758e+01,4.279794468460234214e+01,-3.059203401597667238e+01,1.451983046507621111e-04,1.304848976459993537e-04,5.984495981437021328e-06,1.102761328220367432e-01,2.455556392669677734e+00,-2.599888324737548828e+00,-1.604188325796994941e-01,-1.445837419948760860e-01,-3.812012968126215345e-02,-8.621623824898340160e+01,4.265336094260746336e+01,-3.063015414565793293e+01,0.000000000000000000e+00,0.000000000000000000e+00,0.000000000000000000e+00,0.000000000000000000e+00,8.276375122070312500e+02,8.276381835937500000e+02,8.276381835937500000e+02,8.276375122070312500e+02,-1.011759347052430630e+09
1.669000000000000039e+00,-8.605567435120887865e+01,4.279807510245787228e+01,-3.059202825499820122e+01,1.450651948289305437e-04,1.304178555301405140e-04,5.760978471158750835e-06,1.102850139141082764e-01,2.455592870712280273e+00,-2.599920034408569336e+00,-1.605638977745226237e-01,-1.447141598504057269e-01,-3.812589065973152891e-02,-8.621623824898340160e+01,4.265336094260746336e+01,-3.063015414565793293e+01,0.000000000000000000e+00,0.000000000000000000e+00,0.000000000000000000e+00,0.000000000000000000e+00,8.276375732421875000e+02,8.276381225585937500e+02,8.276381225585937500e+02,8.276375732421875000e+02,-1.011769520178943872e+09
1.669999999999999929e+00,-8.605552944577435426e+01,4.279820546656429059e+01,-3.059202274420198719e+01,1.449054345243894204e-04,1.303641064183125309e-04,5.510796214025504014e-06,1.102934181690216064e-01,2.455625772476196289e+00,-2.599949598312377930e+00,-1.607088032090513985e-01,-1.448445239568249832e-01,-3.813140145594449276e-02,-8.621623824898340160e+01,4.265336094260746336e+01,-3.063015414565793293e+01,0.000000000000000000e+00,0.000000000000000000e+00,0.000000000000000000e+00,0.000000000000000000e+00,8.276375732421875000e+02,8.276380615234375000e+02,8.276380615234375000e+02,8.276375732421875000e+02,-1.011779693291338801e+09
1.671000000000000041e+00,-8.605538468674195940e+01,4.279833576357080460e+01,-3.059201749359062461e+01,1.447590323948588775e-04,1.302970065140129918e-04,5.250611362583867958e-06,1.103019416332244873e-01,2.455659627914428711e+00,-2.599979639053344727e+00,-1.608535622414481170e-01,-1.449748209633432150e-01,-3.813665206730731949e-02,-8.621623824898340160e+01,4.265336094260746336e+01,-3.063015414565793293e+01,0.000000000000000000e+00,0.000000000000000000e+00,0.000000000000000000e+00,0.000000000000000000e+00,8.276376342773437500e+02,8.276380004882812500e+02,8.276380004882812500e+02,8.276376342773437500e+02,-1.011789866389650941e+09
1.671999999999999931e+00,-8.605524008742997921e+01,4.279846599344851654e+01,-3.059201251982177183e+01,1.445993119801869398e-04,1.302298777119403894e-04,4.973768852778448490e-06,1.103103160858154297e-01,2.455693006515502930e+00,-2.600009202957153320e+00,-1.609981615534282207e-01,-1.451050508410528517e-01,-3.814162583616174246e-02,-8.621623824898340160e+01,4.265336094260746336e+01,-3.063015414565793293e+01,0.000000000000000000e+00,0.000000000000000000e+00,0.000000000000000000e+00,0.000000000000000000e+00,8.276376953125000000e+02,8.276379394531250000e+02,8.276379394531250000e+02,8.276376953125000000e+02,-1.011800039473918796e+09
1.673000000000000043e+00,-8.605509564782070697e+01,4.279859616951311807e+01,-3.059200783958866765e+01,1.444396092722399771e-04,1.301760646015281964e-04,4.680233104181752424e-06,1.103191673755645752e-01,2.455728292465209961e+00,-2.600039958953857422e+00,-1.611426011626959365e-01,-1.452352269056576828e-01,-3.814630606926514705e-02,-8.621623824898340160e+01,4.265336094260746336e+01,-3.063015414565793293e+01,0.000000000000000000e+00,0.000000000000000000e+00,0.000000000000000000e+00,0.000000000000000000e+00,8.276377563476562500e+02,8.276379394531250000e+02,8.276379394531250000e+02,8.276377563476562500e+02,-1.011810212544183493e+09
1.673999999999999932e+00,-8.605495136788749733e+01,4.279872626506424638e+01,-3.059200346619329025e+01,1.442799332096456055e-04,1.300955511283063970e-04,4.373395377399447170e-06,1.103273332118988037e-01,2.455761432647705078e+00,-2.600068330764770508e+00,-1.612868810959092458e-01,-1.453653224567812430e-01,-3.815067946464368448e-02,-8.621623824898340160e+01,4.265336094260746336e+01,-3.063015414565793293e+01,0.000000000000000000e+00,0.000000000000000000e+00,0.000000000000000000e+00,0.000000000000000000e+00,8.276378173828125000e+02,8.276378784179687500e+02,8.276378784179687500e+02,8.276378173828125000e+02,-1.011820385600484371e+09
1.675000000000000044e+00,-8.605480723429350576e+01,4.279885630678093378e+01,-3.059199940302433518e+01,1.441335939915688868e-04,1.300417166874012764e-04,4.063168955070750599e-06,1.103357076644897461e-01,2.455794572830200195e+00,-2.600098371505737305e+00,-1.614310146898935983e-01,-1.454953641734728076e-01,-3.815474263359647927e-02,-8.621623824898340160e+01,4.265336094260746336e+01,-3.063015414565793293e+01,0.000000000000000000e+00,0.000000000000000000e+00,0.000000000000000000e+00,0.000000000000000000e+00,8.276378784179687500e+02,8.276378173828125000e+02,8.276378173828125000e+02,8.276378784179687500e+02,-1.011830558642861128e+09
1.675999999999999934e+00,-8.605466326036527391e+01,4.279898629464342719e+01,-3.059199566006934390e+01,1.439739282318441838e-04,1.299878624934081017e-04,3.742954991281521870e-06,1.103442907333374023e-01,2.455828428268432617e+00,-2.600127935409545898e+00,-1.615749886181313544e-01,-1.456253520359665488e-01,-3.815848558858949552e-02,-8.621623824898340160e+01,4.265336094260746336e+01,-3.063015414565793293e+01,0.000000000000000000e+00,0.000000000000000000e+00,0.000000000000000000e+00,0.000000000000000000e+00,8.276378784179687500e+02,8.276377563476562500e+02,8.276377563476562500e+02,8.276378784179687500e+02,-1.011840731671356320e+09
1.677000000000000046e+00,-8.605451943275279802e+01,4.279911621531002908e+01,-3.059199224066077960e+01,1.438276124758885999e-04,1.299206666018903888e-04,3.419408564298009878e-06,1.103527843952178955e-01,2.455862522125244141e+00,-2.600158929824829102e+00,-1.617188162306085197e-01,-1.457552727025645811e-01,-3.816190499715173268e-02,-8.621623824898340160e+01,4.265336094260746336e+01,-3.063015414565793293e+01,0.000000000000000000e+00,0.000000000000000000e+00,0.000000000000000000e+00,0.000000000000000000e+00,8.276379394531250000e+02,8.276376953125000000e+02,8.276376953125000000e+02,8.276379394531250000e+02,-1.011850904686009169e+09
1.677999999999999936e+00,-8.605437576479101836e+01,4.279924606877031579e+01,-3.059198914811598868e+01,1.436679617796698949e-04,1.298534602867107424e-04,3.092544790916917918e-06,1.103615164756774902e-01,2.455896854400634766e+00,-2.600189924240112305e+00,-1.618624841923855806e-01,-1.458851261628541784e-01,-3.816499754194572352e-02,-8.621623824898340160e+01,4.265336094260746336e+01,-3.063015414565793293e+01,0.000000000000000000e+00,0.000000000000000000e+00,0.000000000000000000e+00,0.000000000000000000e+00,8.276380004882812500e+02,8.276376342773437500e+02,8.276376342773437500e+02,8.276380004882812500e+02,-1.011861077686861634e+09
1.679000000000000048e+00,-8.605423222980687115e+01,4.279937586837693431e+01,-3.059198637915194041e+01,1.435349841472088883e-04,1.297996066185191921e-04,2.768964048271982392e-06,1.103695034980773926e-01,2.455929517745971680e+00,-2.600217819213867188e+00,-1.620060191765248514e-01,-1.460149257694736413e-01,-3.816776650599191384e-02,-8.621623824898340160e+01,4.265336094260746336e+01,-3.063015414565793293e+01,0.000000000000000000e+00,0.000000000000000000e+00,0.000000000000000000e+00,0.000000000000000000e+00,8.276380615234375000e+02,8.276375732421875000e+02,8.276376342773437500e+02,8.276380615234375000e+02,-1.011871250673951626e+09
1.679999999999999938e+00,-8.605408884113955992e+01,4.279950561412419319e+01,-3.059198393375098846e+01,1.433886673112283461e-04,1.297457472588803284e-04,2.445400951955889468e-06,1.103785932064056396e-01,2.455965518951416016e+00,-2.600249767303466797e+00,-1.621494078438400765e-01,-1.461446715167280530e-01,-3.817021190694534771e-02,-8.621623824898340160e+01,4.265336094260746336e+01,-3.063015414565793293e+01,0.000000000000000000e+00,0.000000000000000000e+00,0.000000000000000000e+00,0.000000000000000000e+00,8.276381225585937500e+02,8.276375732421875000e+02,8.276375732421875000e+02,8.276381225585937500e+02,-1.011881423647319674e+09
1.681000000000000050e+00,-8.605394557211165818e+01,4.279963530602451272e+01,-3.059198180861141836e+01,1.432690279017378998e-04,1.296919003195284859e-04,2.125139570097189790e-06,1.103864908218383789e-01,2.455997467041015625e+00,-2.600276947021484375e+00,-1.622926768717446455e-01,-1.462743634170522999e-01,-3.817233704651293996e-02,-8.621623824898340160e+01,4.265336094260746336e+01,-3.063015414565793293e+01,0.000000000000000000e+00,0.000000000000000000e+00,0.000000000000000000e+00,0.000000000000000000e+00,8.276381835937500000e+02,8.276375122070312500e+02,8.276375122070312500e+02,8.276381225585937500e+02,-1.011891596607001543e+09
1.681999999999999940e+00,-8.605380242273911051e+01,4.279976494409561383e+01,-3.059197999039240301e+01,1.431493725476684631e-04,1.296380711011124731e-04,1.818219015348176981e-06,1.103950738906860352e-01,2.456031084060668945e+00,-2.600307464599609375e+00,-1.624358262442877066e-01,-1.464040014881527185e-01,-3.817415526553169514e-02,-8.621623824898340160e+01,4.265336094260746336e+01,-3.063015414565793293e+01,0.000000000000000000e+00,0.000000000000000000e+00,0.000000000000000000e+00,0.000000000000000000e+00,8.276381835937500000e+02,8.276374511718750000e+02,8.276374511718750000e+02,8.276381835937500000e+02,-1.011901769553031921e+09
1.683000000000000052e+00,-8.605365940272713488e+01,4.279989453295516455e+01,-3.059197847472996301e+01,1.430200119756364074e-04,1.295888595507221908e-04,1.515662439999232447e-06,1.104031801223754883e-01,2.456064224243164062e+00,-2.600336790084838867e+00,-1.625788462562664238e-01,-1.465335903476989998e-01,-3.817567092796958494e-02,-8.621623824898340160e+01,4.265336094260746336e+01,-3.063015414565793293e+01,0.000000000000000000e+00,0.000000000000000000e+00,0.000000000000000000e+00,0.000000000000000000e+00,8.276382446289062500e+02,8.276374511718750000e+02,8.276374511718750000e+02,8.276382446289062500e+02,-1.011911942485447526e+09
1.683999999999999941e+00,-8.605351646603303095e+01,4.280002409008393727e+01,-3.059197724374186578e+01,1.429366941039234007e-04,1.295571287727170784e-04,1.230988097233876033e-06,1.104120016098022461e-01,2.456099033355712891e+00,-2.600367069244384766e+00,-1.627217829503709023e-01,-1.466631474764706899e-01,-3.817690191606675637e-02,-8.621623824898340160e+01,4.265336094260746336e+01,-3.063015414565793293e+01,0.000000000000000000e+00,0.000000000000000000e+00,0.000000000000000000e+00,0.000000000000000000e+00,8.276383056640625000e+02,8.276373901367187500e+02,8.276373901367187500e+02,8.276382446289062500e+02,-1.011922115404277563e+09
1.685000000000000053e+00,-8.605337362236200249e+01,4.280015360678141434e+01,-3.059197628304008632e+01,1.428436710284586297e-04,1.295166974770722845e-04,9.607017794621697249e-07,1.104196310043334961e-01,2.456129312515258789e+00,-2.600393533706665039e+00,-1.628646266214023586e-01,-1.467926641739475124e-01,-3.817786261784823776e-02,-8.621623824898340160e+01,4.265336094260746336e+01,-3.063015414565793293e+01,0.000000000000000000e+00,0.000000000000000000e+00,0.000000000000000000e+00,0.000000000000000000e+00,8.276383056640625000e+02,8.276373291015625000e+02,8.276373291015625000e+02,8.276383056640625000e+02,-1.011932288309551001e+09
1.685999999999999943e+00,-8.605323085838566044e+01,4.280028308306528828e+01,-3.059197558263607775e+01,1.427639763420529562e-04,1.294762838739416111e-04,7.004040085689666739e-07,1.104283332824707031e-01,2.456163883209228516e+00,-2.600424766540527344e+00,-1.630073905977382775e-01,-1.469221404578213985e-01,-3.817856302185363565e-02,-8.621623824898340160e+01,4.265336094260746336e+01,-3.063015414565793293e+01,0.000000000000000000e+00,0.000000000000000000e+00,0.000000000000000000e+00,0.000000000000000000e+00,8.276383666992187500e+02,8.276373291015625000e+02,8.276373291015625000e+02,8.276383666992187500e+02,-1.011942461201294184e+09
1.687000000000000055e+00,-8.605308816080155054e+01,4.280041254565276176e+01,-3.059197511923908763e+01,1.426975841098965248e-04,1.294625874734833815e-04,4.633969901135515101e-07,1.104366183280944824e-01,2.456198215484619141e+00,-2.600454330444335938e+00,-1.631500881818551407e-01,-1.470516030452979628e-01,-3.817902641884484555e-02,-8.621623824898340160e+01,4.265336094260746336e+01,-3.063015414565793293e+01,0.000000000000000000e+00,0.000000000000000000e+00,0.000000000000000000e+00,0.000000000000000000e+00,8.276383666992187500e+02,8.276372680664062500e+02,8.276372680664062500e+02,8.276383666992187500e+02,-1.011952634079532027e+09
1.687999999999999945e+00,-8.605294551628988131e+01,4.280054198123571751e+01,-3.059197487283662298e+01,1.426445116692320880e-04,1.294355829557503057e-04,2.464024646542384289e-07,1.104452311992645264e-01,2.456232070922851562e+00,-2.600484371185302734e+00,-1.632927326935213752e-01,-1.471810386282518812e-01,-3.817927282131058919e-02,-8.621623824898340160e+01,4.265336094260746336e+01,-3.063015414565793293e+01,0.000000000000000000e+00,0.000000000000000000e+00,0.000000000000000000e+00,0.000000000000000000e+00,8.276383666992187500e+02,8.276372680664062500e+02,8.276372680664062500e+02,8.276383666992187500e+02,-1.011962806944284558e+09
1.689000000000000057e+00,-8.605280291153972883e+01,4.280067140318658403e+01,-3.059197482345420482e+01,1.426047501524863037e-04,1.294219508665150897e-04,4.938241815466426488e-08,1.104533374309539795e-01,2.456264972686767578e+00,-2.600513219833374023e+00,-1.634353374436721684e-01,-1.473104605791218935e-01,-3.817932220372751567e-02,-8.621623824898340160e+01,4.265336094260746336e+01,-3.063015414565793293e+01,0.000000000000000000e+00,0.000000000000000000e+00,0.000000000000000000e+00,0.000000000000000000e+00,8.276384277343750000e+02,8.276372680664062500e+02,8.276372680664062500e+02,8.276384277343750000e+02,-1.011972979795569658e+09
1.689999999999999947e+00,-8.605266033324016917e+01,4.280080081154243743e+01,-3.059197494776340065e+01,1.425782995596591718e-04,1.294083558533998257e-04,-1.243091958258446539e-07,1.104616224765777588e-01,2.456297397613525391e+00,-2.600542783737182617e+00,-1.635779157432352693e-01,-1.474398689349775970e-01,-3.817919789453069063e-02,-8.621623824898340160e+01,4.265336094260746336e+01,-3.063015414565793293e+01,0.000000000000000000e+00,0.000000000000000000e+00,0.000000000000000000e+00,0.000000000000000000e+00,8.276384277343750000e+02,8.276372070312500000e+02,8.276372070312500000e+02,8.276384277343750000e+02,-1.011983152633401394e+09
1.691000000000000059e+00,-8.605251778142495311e+01,4.280093020634076595e+01,-3.059197521908360429e+01,1.425518152160520913e-04,1.293947983285193004e-04,-2.713202036375150783e-07,1.104700863361358643e-01,2.456331253051757812e+00,-2.600572586059570312e+00,-1.637204675584536806e-01,-1.475692637333023971e-01,-3.817892657432723352e-02,-8.621623824898340160e+01,4.265336094260746336e+01,-3.063015414565793293e+01,0.000000000000000000e+00,0.000000000000000000e+00,0.000000000000000000e+00,0.000000000000000000e+00,8.276384277343750000e+02,8.276372070312500000e+02,8.276372070312500000e+02,8.276384277343750000e+02,-1.011993325457792163e+09
1.691999999999999948e+00,-8.605237521611154250e+01,4.280105961430827932e+01,-3.059197561415894739e+01,1.425653134106141806e-04,1.294079675133730234e-04,-3.950753431070097577e-07,1.104782223701477051e-01,2.456363439559936523e+00,-2.600600481033325195e+00,-1.638630328718653495e-01,-1.476986717008139105e-01,-3.817853149898386284e-02,-8.621623824898340160e+01,4.265336094260746336e+01,-3.063015414565793293e+01,0.000000000000000000e+00,0.000000000000000000e+00,0.000000000000000000e+00,0.000000000000000000e+00,8.276384277343750000e+02,8.276372070312500000e+02,8.276372070312500000e+02,8.276384277343750000e+02,-1.012003498268748641e+09
1.693000000000000060e+00,-8.605223265067412797e+01,4.280118902214278620e+01,-3.059197610293772129e+01,1.425654374145324255e-04,1.294078345068783165e-04,-4.887787738994120446e-07,1.104865372180938721e-01,2.456397294998168945e+00,-2.600630283355712891e+00,-1.640055983092691683e-01,-1.478280795353227040e-01,-3.817804272021134426e-02,-8.621623824898340160e+01,4.265336094260746336e+01,-3.063015414565793293e+01,0.000000000000000000e+00,0.000000000000000000e+00,0.000000000000000000e+00,0.000000000000000000e+00,8.276384277343750000e+02,8.276372070312500000e+02,8.276372070312500000e+02,8.276384277343750000e+02,-1.012013671066276431e+09
1.693999999999999950e+00,-8.605209004511738158e+01,4.280131842988602386e+01,-3.059197666546122818e+01,1.426055567463890839e-04,1.294077432376639081e-04,-5.625235068862366461e-07,1.104950010776519775e-01,2.456430912017822266e+00,-2.600660324096679688e+00,-1.641482038660183884e-01,-1.479574872785608397e-01,-3.817748019670638010e-02,-8.621623824898340160e+01,4.265336094260746336e+01,-3.063015414565793293e+01,0.000000000000000000e+00,0.000000000000000000e+00,0.000000000000000000e+00,0.000000000000000000e+00,8.276384277343750000e+02,8.276372070312500000e+02,8.276372070312500000e+02,8.276384277343750000e+02,-1.012023843850373149e+09
1.695000000000000062e+00,-8.605194741283744975e+01,4.280144786426632919e+01,-3.059197726506493709e+01,1.426322799318313628e-04,1.294343803053266129e-04,-5.996037089062156156e-07,1.105033457279205322e-01,2.456464767456054688e+00,-2.600689649581909180e+00,-1.642908361459471112e-01,-1.480869216588627801e-01,-3.817688059299496894e-02,-8.621623824898340160e+01,4.265336094260746336e+01,-3.063015414565793293e+01,0.000000000000000000e+00,0.000000000000000000e+00,0.000000000000000000e+00,0.000000000000000000e+00,8.276384277343750000e+02,8.276372070312500000e+02,8.276372070312500000e+02,8.276384277343750000e+02,-1.012034016621038914e+09
1.695999999999999952e+00,-8.605180471384353780e+01,4.280157732533047010e+01,-3.059197787845537775e+01,1.426989939119494011e-04,1.294610641409121854e-04,-6.133904406624424155e-07,1.105116903781890869e-01,2.456499099731445312e+00,-2.600718736648559570e+00,-1.644335351398627243e-01,-1.482163827230091602e-01,-3.817626720255355710e-02,-8.621623824898340160e+01,4.265336094260746336e+01,-3.063015414565793293e+01,0.000000000000000000e+00,0.000000000000000000e+00,0.000000000000000000e+00,0.000000000000000000e+00,8.276384277343750000e+02,8.276372070312500000e+02,8.276372680664062500e+02,8.276384277343750000e+02,-1.012044189378265500e+09
1.697000000000000064e+00,-8.605166196150602786e+01,4.280170679977204173e+01,-3.059197847891600119e+01,1.427523375099326586e-04,1.294744415716309049e-04,-6.004606234455422964e-07,1.105200350284576416e-01,2.456532716751098633e+00,-2.600748062133789062e+00,-1.645762874773728790e-01,-1.483458571645794033e-01,-3.817566674193267201e-02,-8.621623824898340160e+01,4.265336094260746336e+01,-3.063015414565793293e+01,0.000000000000000000e+00,0.000000000000000000e+00,0.000000000000000000e+00,0.000000000000000000e+00,8.276384277343750000e+02,8.276372680664062500e+02,8.276372680664062500e+02,8.276384277343750000e+02,-1.012054362122044086e+09
1.697999999999999954e+00,-8.605151912919632196e+01,4.280183631432844749e+01,-3.059197903316931644e+01,1.428323097059092106e-04,1.295145564057520460e-04,-5.542533152436135424e-07,1.105284094810485840e-01,2.456564903259277344e+00,-2.600778102874755859e+00,-1.647191197870783719e-01,-1.484753717209811585e-01,-3.817511248861672757e-02,-8.621623824898340160e+01,4.265336094260746336e+01,-3.063015414565793293e+01,0.000000000000000000e+00,0.000000000000000000e+00,0.000000000000000000e+00,0.000000000000000000e+00,8.276383666992187500e+02,8.276372680664062500e+02,8.276372680664062500e+02,8.276383666992187500e+02,-1.012064534852361560e+09
1.699000000000000066e+00,-8.605137620360454775e+01,4.280196586903792166e+01,-3.059197951788762992e+01,1.429255917742011661e-04,1.295547094741777983e-04,-4.847183134870647336e-07,1.105361580848693848e-01,2.456596136093139648e+00,-2.600806236267089844e+00,-1.648620453788532947e-01,-1.486049264304560580e-01,-3.817462777030455889e-02,-8.621623824898340160e+01,4.265336094260746336e+01,-3.063015414565793293e+01,0.000000000000000000e+00,0.000000000000000000e+00,0.000000000000000000e+00,0.000000000000000000e+00,8.276383666992187500e+02,8.276373291015625000e+02,8.276373291015625000e+02,8.276383666992187500e+02,-1.012074707569201231e+09
1.699999999999999956e+00,-8.605123318476987038e+01,4.280209546394396369e+01,-3.059197990305587211e+01,1.430188346773775265e-04,1.295949060420298338e-04,-3.851682421895930020e-07,1.105450391769409180e-01,2.456631183624267578e+00,-2.600836992263793945e+00,-1.650050642135242884e-01,-1.487345213365008911e-01,-3.817424260206152276e-02,-8.621623824898340160e+01,4.265336094260746336e+01,-3.063015414565793293e+01,0.000000000000000000e+00,0.000000000000000000e+00,0.000000000000000000e+00,0.000000000000000000e+00,8.276383056640625000e+02,8.276373291015625000e+02,8.276373291015625000e+02,8.276383056640625000e+02,-1.012084880272544265e+09
1.701000000000000068e+00,-8.605109006922920400e+01,4.280222509021534449e+01,-3.059198016763455641e+01,1.431155406663719987e-04,1.296262713808005174e-04,-2.645786842947472906e-07,1.105530261993408203e-01,2.456663608551025391e+00,-2.600865125656127930e+00,-1.651481797541975438e-01,-1.488641476078825798e-01,-3.817397802337490348e-02,-8.621623824898340160e+01,4.265336094260746336e+01,-3.063015414565793293e+01,0.000000000000000000e+00,0.000000000000000000e+00,0.000000000000000000e+00,0.000000000000000000e+00,8.276383056640625000e+02,8.276373901367187500e+02,8.276373901367187500e+02,8.276383056640625000e+02,-1.012095052962369680e+09
1.701999999999999957e+00,-8.605094681065250484e+01,4.280235476563170494e+01,-3.059198028040214368e+01,1.432585766991678611e-04,1.296754163604418864e-04,-1.127675872680811153e-07,1.105614304542541504e-01,2.456697702407836914e+00,-2.600894689559936523e+00,-1.652914383308908275e-01,-1.489938230242404127e-01,-3.817386525578765621e-02,-8.621623824898340160e+01,4.265336094260746336e+01,-3.063015414565793293e+01,0.000000000000000000e+00,0.000000000000000000e+00,0.000000000000000000e+00,0.000000000000000000e+00,8.276382446289062500e+02,8.276373901367187500e+02,8.276373901367187500e+02,8.276382446289062500e+02,-1.012105225638647556e+09
1.703000000000000069e+00,-8.605080343225769468e+01,4.280248450804130300e+01,-3.059198022032308018e+01,1.433783948101563510e-04,1.297424095980659331e-04,6.007906350191660749e-08,1.105700433254241943e-01,2.456732273101806641e+00,-2.600925207138061523e+00,-1.654348167257082558e-01,-1.491235654338392280e-01,-3.817392533485104017e-02,-8.621623824898340160e+01,4.265336094260746336e+01,-3.063015414565793293e+01,0.000000000000000000e+00,0.000000000000000000e+00,0.000000000000000000e+00,0.000000000000000000e+00,8.276382446289062500e+02,8.276374511718750000e+02,8.276374511718750000e+02,8.276382446289062500e+02,-1.012115398301352859e+09
1.703999999999999959e+00,-8.605065992073541281e+01,4.280261430414759616e+01,-3.059197996071566195e+01,1.435115222818694747e-04,1.297961062931562992e-04,2.596074182292795740e-07,1.105777025222778320e-01,2.456763029098510742e+00,-2.600952386856079102e+00,-1.655783282479896257e-01,-1.492533615401337166e-01,-3.817418494227031722e-02,-8.621623824898340160e+01,4.265336094260746336e+01,-3.063015414565793293e+01,0.000000000000000000e+00,0.000000000000000000e+00,0.000000000000000000e+00,0.000000000000000000e+00,8.276381835937500000e+02,8.276374511718750000e+02,8.276374511718750000e+02,8.276381835937500000e+02,-1.012125570950454831e+09
1.705000000000000071e+00,-8.605051626276775778e+01,4.280274414064452770e+01,-3.059197948156829483e+01,1.436579676550309159e-04,1.298364969315457529e-04,4.791473671161838865e-07,1.105866730213165283e-01,2.456798553466796875e+00,-2.600983381271362305e+00,-1.657219862156456835e-01,-1.493831980370642909e-01,-3.817466408963973712e-02,-8.621623824898340160e+01,4.265336094260746336e+01,-3.063015414565793293e+01,0.000000000000000000e+00,0.000000000000000000e+00,0.000000000000000000e+00,0.000000000000000000e+00,8.276381225585937500e+02,8.276375122070312500e+02,8.276375122070312500e+02,8.276381225585937500e+02,-1.012135743585918427e+09
1.705999999999999961e+00,-8.605037247173495984e+01,4.280287405757812991e+01,-3.059197876291174367e+01,1.437910327979352587e-04,1.299169336022032439e-04,7.186565511574372067e-07,1.105947792530059814e-01,2.456830978393554688e+00,-2.601012945175170898e+00,-1.658657772484450343e-01,-1.495131149706642737e-01,-3.817538274619061006e-02,-8.621623824898340160e+01,4.265336094260746336e+01,-3.063015414565793293e+01,0.000000000000000000e+00,0.000000000000000000e+00,0.000000000000000000e+00,0.000000000000000000e+00,8.276380615234375000e+02,8.276375732421875000e+02,8.276375732421875000e+02,8.276380615234375000e+02,-1.012145916207713246e+09
1.707000000000000073e+00,-8.605022850762998132e+01,4.280300402830641815e+01,-3.059197778808509227e+01,1.439641049785223004e-04,1.299707282882422987e-04,9.748266514009173989e-07,1.106036007404327393e-01,2.456866264343261719e+00,-2.601043701171875000e+00,-1.660097413534155630e-01,-1.496430856989524050e-01,-3.817635757284135872e-02,-8.621623824898340160e+01,4.265336094260746336e+01,-3.063015414565793293e+01,0.000000000000000000e+00,0.000000000000000000e+00,0.000000000000000000e+00,0.000000000000000000e+00,8.276380615234375000e+02,8.276376342773437500e+02,8.276376342773437500e+02,8.276380615234375000e+02,-1.012156088815798283e+09
1.707999999999999963e+00,-8.605008439715608404e+01,4.280313406618100913e+01,-3.059197654373335951e+01,1.441104738972853738e-04,1.300378745909824829e-04,1.244351732765380802e-06,1.106117069721221924e-01,2.456898689270019531e+00,-2.601072072982788086e+00,-1.661538518273185105e-01,-1.497731235735463573e-01,-3.817760192457480412e-02,-8.621623824898340160e+01,4.265336094260746336e+01,-3.063015414565793293e+01,0.000000000000000000e+00,0.000000000000000000e+00,0.000000000000000000e+00,0.000000000000000000e+00,8.276380004882812500e+02,8.276376953125000000e+02,8.276376953125000000e+02,8.276380004882812500e+02,-1.012166261410137773e+09
1.709000000000000075e+00,-8.604994014034031125e+01,4.280326415789659222e+01,-3.059197500649253243e+01,1.442568157727919242e-04,1.300917155830916272e-04,1.537240827076402638e-06,1.106200814247131348e-01,2.456931829452514648e+00,-2.601101398468017578e+00,-1.662981086430841693e-01,-1.499032152891306979e-01,-3.817913916539957681e-02,-8.621623824898340160e+01,4.265336094260746336e+01,-3.063015414565793293e+01,0.000000000000000000e+00,0.000000000000000000e+00,0.000000000000000000e+00,0.000000000000000000e+00,8.276379394531250000e+02,8.276376953125000000e+02,8.276376953125000000e+02,8.276379394531250000e+02,-1.012176433990693212e+09
1.709999999999999964e+00,-8.604979571051183029e+01,4.280339431680830842e+01,-3.059197317308253261e+01,1.444298284809519828e-04,1.301589117161938702e-04,1.833409999818513825e-06,1.106288433074951172e-01,2.456966638565063477e+00,-2.601132154464721680e+00,-1.664425384715661760e-01,-1.500333742008419236e-01,-3.818097257540041534e-02,-8.621623824898340160e+01,4.265336094260746336e+01,-3.063015414565793293e+01,0.000000000000000000e+00,0.000000000000000000e+00,0.000000000000000000e+00,0.000000000000000000e+00,8.276378784179687500e+02,8.276377563476562500e+02,8.276377563476562500e+02,8.276378784179687500e+02,-1.012186606557422757e+09
1.711000000000000076e+00,-8.604965113436969659e+01,4.280352454292773956e+01,-3.059197103012900598e+01,1.445761421337010688e-04,1.302261194311427062e-04,2.142953526629298722e-06,1.106369793415069580e-01,2.456999778747558594e+00,-2.601161241531372070e+00,-1.665871146137090364e-01,-1.501636003202727054e-01,-3.818311552892559441e-02,-8.621623824898340160e+01,4.265336094260746336e+01,-3.063015414565793293e+01,0.000000000000000000e+00,0.000000000000000000e+00,0.000000000000000000e+00,0.000000000000000000e+00,8.276378173828125000e+02,8.276378173828125000e+02,8.276378173828125000e+02,8.276378173828125000e+02,-1.012196779110287905e+09
1.711999999999999966e+00,-8.604950639858338945e+01,4.280365483627025469e+01,-3.059196857098007527e+01,1.447357863071374595e-04,1.302933425151309166e-04,2.459148930711307912e-06,1.106455624103546143e-01,2.457034587860107422e+00,-2.601191759109497070e+00,-1.667318504000074308e-01,-1.502938936627878086e-01,-3.818557467785623633e-02,-8.621623824898340160e+01,4.265336094260746336e+01,-3.063015414565793293e+01,0.000000000000000000e+00,0.000000000000000000e+00,0.000000000000000000e+00,0.000000000000000000e+00,8.276377563476562500e+02,8.276378784179687500e+02,8.276378784179687500e+02,8.276377563476562500e+02,-1.012206951649247766e+09
1.713000000000000078e+00,-8.604936151649431508e+01,4.280378518349721872e+01,-3.059196579226455981e+01,1.448820890743718337e-04,1.303472269640337800e-04,2.778715515461271934e-06,1.106538772583007812e-01,2.457067489624023438e+00,-2.601221799850463867e+00,-1.668767324890916282e-01,-1.504242408897559502e-01,-3.818835339337352947e-02,-8.621623824898340160e+01,4.265336094260746336e+01,-3.063015414565793293e+01,0.000000000000000000e+00,0.000000000000000000e+00,0.000000000000000000e+00,0.000000000000000000e+00,8.276377563476562500e+02,8.276379394531250000e+02,8.276379394531250000e+02,8.276377563476562500e+02,-1.012217124174262166e+09
1.713999999999999968e+00,-8.604921647477635815e+01,4.280391559796429846e+01,-3.059196268734998014e+01,1.450417179569285508e-04,1.304144670797313665e-04,3.104914579665773999e-06,1.106624603271484375e-01,2.457102060317993164e+00,-2.601251602172851562e+00,-1.670217742070364275e-01,-1.505546553568352375e-01,-3.819145830795172419e-02,-8.621623824898340160e+01,4.265336094260746336e+01,-3.063015414565793293e+01,0.000000000000000000e+00,0.000000000000000000e+00,0.000000000000000000e+00,0.000000000000000000e+00,8.276376953125000000e+02,8.276380004882812500e+02,8.276380004882812500e+02,8.276376953125000000e+02,-1.012227296685289741e+09
1.715000000000000080e+00,-8.604907130010249716e+01,4.280404606631870479e+01,-3.059195925951767947e+01,1.451746738609926979e-04,1.304683544063323097e-04,3.427832300673117061e-06,1.106707751750946045e-01,2.457134723663330078e+00,-2.601280450820922852e+00,-1.671669488809063298e-01,-1.506851237112396824e-01,-3.819488614025284834e-02,-8.621623824898340160e+01,4.265336094260746336e+01,-3.063015414565793293e+01,0.000000000000000000e+00,0.000000000000000000e+00,0.000000000000000000e+00,0.000000000000000000e+00,8.276376342773437500e+02,8.276380615234375000e+02,8.276380615234375000e+02,8.276376342773437500e+02,-1.012237469182292342e+09
1.715999999999999970e+00,-8.604892597913787711e+01,4.280417660190638429e+01,-3.059195550880532011e+01,1.453209646200548377e-04,1.305355876795033510e-04,3.750712359362751158e-06,1.106796860694885254e-01,2.457170963287353516e+00,-2.601311683654785156e+00,-1.673122698455222490e-01,-1.508156592989198796e-01,-3.819863685261374459e-02,-8.621623824898340160e+01,4.265336094260746336e+01,-3.063015414565793293e+01,0.000000000000000000e+00,0.000000000000000000e+00,0.000000000000000000e+00,0.000000000000000000e+00,8.276375732421875000e+02,8.276380615234375000e+02,8.276380615234375000e+02,8.276375732421875000e+02,-1.012247641665230870e+09
1.717000000000000082e+00,-8.604878052520199105e+01,4.280430717802902052e+01,-3.059195144516230513e+01,1.454539358860529319e-04,1.305761226362278649e-04,4.063643014973195022e-06,1.106879115104675293e-01,2.457203865051269531e+00,-2.601341485977172852e+00,-1.674577237814085517e-01,-1.509462354215597435e-01,-3.820270049562855819e-02,-8.621623824898340160e+01,4.265336094260746336e+01,-3.063015414565793293e+01,0.000000000000000000e+00,0.000000000000000000e+00,0.000000000000000000e+00,0.000000000000000000e+00,8.276375122070312500e+02,8.276381225585937500e+02,8.276381225585937500e+02,8.276375122070312500e+02,-1.012257814134066939e+09
1.717999999999999972e+00,-8.604863495164056530e+01,4.280443780802359299e+01,-3.059194706859114987e+01,1.455735614257491761e-04,1.306299945724731515e-04,4.376571155262354296e-06,1.106964945793151855e-01,2.457238197326660156e+00,-2.601371765136718750e+00,-1.676032973428383255e-01,-1.510768654161301072e-01,-3.820707706678209969e-02,-8.621623824898340160e+01,4.265336094260746336e+01,-3.063015414565793293e+01,0.000000000000000000e+00,0.000000000000000000e+00,0.000000000000000000e+00,0.000000000000000000e+00,8.276375122070312500e+02,8.276381835937500000e+02,8.276381835937500000e+02,8.276375122070312500e+02,-1.012267986588765502e+09
1.719000000000000083e+00,-8.604848928177895573e+01,4.280456848285793825e+01,-3.059194239470589949e+01,1.456698616095764010e-04,1.306748343452568406e-04,4.673885250383591483e-06,1.107049882411956787e-01,2.457272052764892578e+00,-2.601401567459106445e+00,-1.677489672044467639e-01,-1.512075402504776400e-01,-3.821175095203208083e-02,-8.621623824898340160e+01,4.265336094260746336e+01,-3.063015414565793293e+01,0.000000000000000000e+00,0.000000000000000000e+00,0.000000000000000000e+00,0.000000000000000000e+00,8.276374511718750000e+02,8.276382446289062500e+02,8.276382446289062500e+02,8.276374511718750000e+02,-1.012278159029295683e+09
1.719999999999999973e+00,-8.604834349560172768e+01,4.280469919384901800e+01,-3.059193742889196699e+01,1.457861772280466539e-04,1.307109910797521479e-04,4.965813932500395822e-06,1.107135415077209473e-01,2.457305908203125000e+00,-2.601431846618652344e+00,-1.678947533816741444e-01,-1.513382512415578918e-01,-3.821671676596423428e-02,-8.621623824898340160e+01,4.265336094260746336e+01,-3.063015414565793293e+01,0.000000000000000000e+00,0.000000000000000000e+00,0.000000000000000000e+00,0.000000000000000000e+00,8.276373901367187500e+02,8.276382446289062500e+02,8.276382446289062500e+02,8.276373901367187500e+02,-1.012288331455622792e+09
1.721000000000000085e+00,-8.604819760309389665e+01,4.280482995865728668e+01,-3.059193218681963344e+01,1.458925078310358003e-04,1.307648082686796442e-04,5.242072333544456342e-06,1.107222139835357666e-01,2.457341194152832031e+00,-2.601463317871093750e+00,-1.680406458894992405e-01,-1.514690160498214921e-01,-3.822195883829868773e-02,-8.621623824898340160e+01,4.265336094260746336e+01,-3.063015414565793293e+01,0.000000000000000000e+00,0.000000000000000000e+00,0.000000000000000000e+00,0.000000000000000000e+00,8.276373901367187500e+02,8.276383056640625000e+02,8.276383056640625000e+02,8.276373901367187500e+02,-1.012298503867716193e+09
1.721999999999999975e+00,-8.604805164424209352e+01,4.280496075056053229e+01,-3.059192668840776363e+01,1.459588518031296189e-04,1.307919032456084096e-04,5.498411869808705887e-06,1.107304096221923828e-01,2.457373619079589844e+00,-2.601491689682006836e+00,-1.681866047413135556e-01,-1.515998079530710696e-01,-3.822745725016785112e-02,-8.621623824898340160e+01,4.265336094260746336e+01,-3.063015414565793293e+01,0.000000000000000000e+00,0.000000000000000000e+00,0.000000000000000000e+00,0.000000000000000000e+00,8.276373291015625000e+02,8.276383056640625000e+02,8.276383056640625000e+02,8.276373291015625000e+02,-1.012308676265551329e+09
1.723000000000000087e+00,-8.604790560568480373e+01,4.280509156953973360e+01,-3.059192095034963899e+01,1.460385572897848760e-04,1.308189792013081387e-04,5.738058124649114689e-06,1.107395887374877930e-01,2.457410812377929688e+00,-2.601524353027343750e+00,-1.683326432986030907e-01,-1.517306269322735712e-01,-3.823319530829413782e-02,-8.621623824898340160e+01,4.265336094260746336e+01,-3.063015414565793293e+01,0.000000000000000000e+00,0.000000000000000000e+00,0.000000000000000000e+00,0.000000000000000000e+00,8.276373291015625000e+02,8.276383666992187500e+02,8.276383666992187500e+02,8.276373291015625000e+02,-1.012318848649102211e+09
1.723999999999999977e+00,-8.604775951407697221e+01,4.280522240222211394e+01,-3.059191498926598030e+01,1.460916078315221966e-04,1.308326823803440675e-04,5.961083658689858567e-06,1.107477247714996338e-01,2.457442998886108398e+00,-2.601552248001098633e+00,-1.684787349064319206e-01,-1.518614596146486417e-01,-3.823915639195189786e-02,-8.621623824898340160e+01,4.265336094260746336e+01,-3.063015414565793293e+01,0.000000000000000000e+00,0.000000000000000000e+00,0.000000000000000000e+00,0.000000000000000000e+00,8.276372680664062500e+02,8.276383666992187500e+02,8.276383666992187500e+02,8.276372680664062500e+02,-1.012329021018347144e+09
1.725000000000000089e+00,-8.604761338273307558e+01,4.280535326190991441e+01,-3.059190882850435855e+01,1.461313438966271860e-04,1.308596878004664177e-04,6.160761621742949501e-06,1.107566356658935547e-01,2.457478284835815430e+00,-2.601584196090698242e+00,-1.686248662503268270e-01,-1.519923193024520225e-01,-3.824531715357330774e-02,-8.621623824898340160e+01,4.265336094260746336e+01,-3.063015414565793293e+01,0.000000000000000000e+00,0.000000000000000000e+00,0.000000000000000000e+00,0.000000000000000000e+00,8.276372680664062500e+02,8.276384277343750000e+02,8.276384277343750000e+02,8.276372680664062500e+02,-1.012339193373269677e+09
1.725999999999999979e+00,-8.604746721161843936e+01,4.280548413522929252e+01,-3.059190249139079398e+01,1.461711146362176805e-04,1.308733193781108639e-04,6.337113564569563096e-06,1.107650399208068848e-01,2.457511901855468750e+00,-2.601613521575927734e+00,-1.687710373649589091e-01,-1.521231926218307162e-01,-3.825165426713959815e-02,-8.621623824898340160e+01,4.265336094260746336e+01,-3.063015414565793293e+01,0.000000000000000000e+00,0.000000000000000000e+00,0.000000000000000000e+00,0.000000000000000000e+00,8.276372680664062500e+02,8.276384277343750000e+02,8.276384277343750000e+02,8.276372680664062500e+02,-1.012349365713853359e+09
1.727000000000000091e+00,-8.604732102738324784e+01,4.280561502213755176e+01,-3.059189600123544395e+01,1.461842351915265681e-04,1.308869082592423183e-04,6.490155350036275195e-06,1.107736825942993164e-01,2.457546710968017578e+00,-2.601643800735473633e+00,-1.689172216001499638e-01,-1.522540795300859895e-01,-3.825814442248888503e-02,-8.621623824898340160e+01,4.265336094260746336e+01,-3.063015414565793293e+01,0.000000000000000000e+00,0.000000000000000000e+00,0.000000000000000000e+00,0.000000000000000000e+00,8.276372070312500000e+02,8.276384277343750000e+02,8.276384277343750000e+02,8.276372070312500000e+02,-1.012359538040087700e+09
1.727999999999999980e+00,-8.604717482998817957e+01,4.280574590925566270e+01,-3.059188938469921482e+01,1.461973950682704526e-04,1.308871181109338977e-04,6.616536229131497748e-06,1.107825934886932373e-01,2.457582473754882812e+00,-2.601674795150756836e+00,-1.690634189952192057e-01,-1.523849666482000320e-01,-3.826476095871850225e-02,-8.621623824898340160e+01,4.265336094260746336e+01,-3.063015414565793293e+01,0.000000000000000000e+00,0.000000000000000000e+00,0.000000000000000000e+00,0.000000000000000000e+00,8.276372070312500000e+02,8.276384277343750000e+02,8.276384277343750000e+02,8.276372070312500000e+02,-1.012369710351962924e+09
1.729000000000000092e+00,-8.604702864607881452e+01,4.280587678320044631e+01,-3.059188266507238296e+01,1.461839093650496579e-04,1.308739447836160252e-04,6.719626831852565374e-06,1.107906103134155273e-01,2.457614898681640625e+00,-2.601703882217407227e+00,-1.692096029045898342e-01,-1.525158405929815664e-01,-3.827148058554950827e-02,-8.621623824898340160e+01,4.265336094260746336e+01,-3.063015414565793293e+01,0.000000000000000000e+00,0.000000000000000000e+00,0.000000000000000000e+00,0.000000000000000000e+00,8.276372070312500000e+02,8.276384277343750000e+02,8.276384277343750000e+02,8.276372070312500000e+02,-1.012379882649473906e+09
1.729999999999999982e+00,-8.604688248895574532e+01,4.280600765725873202e+01,-3.059187587570737676e+01,1.461571230692015888e-04,1.308740582857126356e-04,6.789365006198977426e-06,1.107999384403228760e-01,2.457651853561401367e+00,-2.601736545562744141e+00,-1.693557600276525965e-01,-1.526467146512714979e-01,-3.827826995055524928e-02,-8.621623824898340160e+01,4.265336094260746336e+01,-3.063015414565793293e+01,0.000000000000000000e+00,0.000000000000000000e+00,0.000000000000000000e+00,0.000000000000000000e+00,8.276372070312500000e+02,8.276384277343750000e+02,8.276384277343750000e+02,8.276372070312500000e+02,-1.012390054932621121e+09
1.731000000000000094e+00,-8.604673637192409785e+01,4.280613850471623749e+01,-3.059186903655725231e+01,1.461170316474635911e-04,1.308474575054674460e-04,6.839150124449133727e-06,1.108081340789794922e-01,2.457684040069580078e+00,-2.601765871047973633e+00,-1.695018770593025026e-01,-1.527775621087751334e-01,-3.828510910068233519e-02,-8.621623824898340160e+01,4.265336094260746336e+01,-3.063015414565793293e+01,0.000000000000000000e+00,0.000000000000000000e+00,0.000000000000000000e+00,0.000000000000000000e+00,8.276372070312500000e+02,8.276384277343750000e+02,8.276384277343750000e+02,8.276372070312500000e+02,-1.012400227201406121e+09
1.731999999999999984e+00,-8.604659029494392541e+01,4.280626933886398433e+01,-3.059186218099208432e+01,1.460769801724381978e-04,1.308341477468388803e-04,6.855565167995791853e-06,1.108169853687286377e-01,2.457719326019287109e+00,-2.601796388626098633e+00,-1.696479540394806029e-01,-1.529083962565211952e-01,-3.829196466584716685e-02,-8.621623824898340160e+01,4.265336094260746336e+01,-3.063015414565793293e+01,0.000000000000000000e+00,0.000000000000000000e+00,0.000000000000000000e+00,0.000000000000000000e+00,8.276372680664062500e+02,8.276384277343750000e+02,8.276384277343750000e+02,8.276372680664062500e+02,-1.012410399455833912e+09
1.733000000000000096e+00,-8.604644428465584838e+01,4.280640014631327972e+01,-3.059185533563680082e+01,1.460102880770364209e-04,1.308074492953892332e-04,6.845355283502385646e-06,1.108254194259643555e-01,2.457753896713256836e+00,-2.601826667785644531e+00,-1.697939643275469535e-01,-1.530392037058173615e-01,-3.829881002113243865e-02,-8.621623824898340160e+01,4.265336094260746336e+01,-3.063015414565793293e+01,0.000000000000000000e+00,0.000000000000000000e+00,0.000000000000000000e+00,0.000000000000000000e+00,8.276372680664062500e+02,8.276384277343750000e+02,8.276384277343750000e+02,8.276372680664062500e+02,-1.012420571695914388e+09
1.733999999999999986e+00,-8.604629835436450946e+01,4.280653092702001317e+01,-3.059184852715371505e+01,1.459302913389137757e-04,1.307807067334465501e-04,6.808483085762873088e-06,1.108338832855224609e-01,2.457787513732910156e+00,-2.601856946945190430e+00,-1.699398946188970805e-01,-1.531699844125478938e-01,-3.830561850421927012e-02,-8.621623824898340160e+01,4.265336094260746336e+01,-3.063015414565793293e+01,0.000000000000000000e+00,0.000000000000000000e+00,0.000000000000000000e+00,0.000000000000000000e+00,8.276372680664062500e+02,8.276383666992187500e+02,8.276383666992187500e+02,8.276372680664062500e+02,-1.012430743921661139e+09
1.735000000000000098e+00,-8.604615250402960669e+01,4.280666168093945601e+01,-3.059184178555798184e+01,1.458503349027751028e-04,1.307539194428386509e-04,6.741595733217309316e-06,1.108429133892059326e-01,2.457824230194091797e+00,-2.601888179779052734e+00,-1.700857449538002164e-01,-1.533007383319928418e-01,-3.831236009994967023e-02,-8.621623824898340160e+01,4.265336094260746336e+01,-3.063015414565793293e+01,0.000000000000000000e+00,0.000000000000000000e+00,0.000000000000000000e+00,0.000000000000000000e+00,8.276373291015625000e+02,8.276383666992187500e+02,8.276383666992187500e+02,8.276373291015625000e+02,-1.012440916133090019e+09
1.735999999999999988e+00,-8.604600675710082669e+01,4.280679237220984845e+01,-3.059183513643477426e+01,1.457469287799995072e-04,1.306912703924467678e-04,6.649123207580487360e-06,1.108510792255401611e-01,2.457855701446533203e+00,-2.601916074752807617e+00,-1.702314918825802992e-01,-1.534314296023834012e-01,-3.831900922315806257e-02,-8.621623824898340160e+01,4.265336094260746336e+01,-3.063015414565793293e+01,0.000000000000000000e+00,0.000000000000000000e+00,0.000000000000000000e+00,0.000000000000000000e+00,8.276373291015625000e+02,8.276383056640625000e+02,8.276383056640625000e+02,8.276373291015625000e+02,-1.012451088330219030e+09
1.737000000000000099e+00,-8.604586111992757935e+01,4.280692303238839713e+01,-3.059182860852348895e+01,1.456371732473371594e-04,1.306601785486805056e-04,6.527911285303389377e-06,1.108602881431579590e-01,2.457893133163452148e+00,-2.601948976516723633e+00,-1.703771290558247498e-01,-1.535620897809351626e-01,-3.832553713444428883e-02,-8.621623824898340160e+01,4.265336094260746336e+01,-3.063015414565793293e+01,0.000000000000000000e+00,0.000000000000000000e+00,0.000000000000000000e+00,0.000000000000000000e+00,8.276373901367187500e+02,8.276383056640625000e+02,8.276383056640625000e+02,8.276373901367187500e+02,-1.012461260513072014e+09
1.737999999999999989e+00,-8.604571558927439412e+01,4.280705363897006066e+01,-3.059182222746418844e+01,1.455306531852329499e-04,1.306065816635282317e-04,6.381059300508695742e-06,1.108684539794921875e-01,2.457925796508789062e+00,-2.601977825164794922e+00,-1.705226597090006568e-01,-1.536926963625950548e-01,-3.833191819374320852e-02,-8.621623824898340160e+01,4.265336094260746336e+01,-3.063015414565793293e+01,0.000000000000000000e+00,0.000000000000000000e+00,0.000000000000000000e+00,0.000000000000000000e+00,8.276373901367187500e+02,8.276382446289062500e+02,8.276382446289062500e+02,8.276373901367187500e+02,-1.012471432681671739e+09
1.739000000000000101e+00,-8.604557019179890176e+01,4.280718420525568746e+01,-3.059181601325071753e+01,1.453974754923592627e-04,1.305662856267986172e-04,6.214213470912000048e-06,1.108774244785308838e-01,2.457961320877075195e+00,-2.602009296417236328e+00,-1.706680571844982064e-01,-1.538232626482267940e-01,-3.833813240721636872e-02,-8.621623824898340160e+01,4.265336094260746336e+01,-3.063015414565793293e+01,0.000000000000000000e+00,0.000000000000000000e+00,0.000000000000000000e+00,0.000000000000000000e+00,8.276374511718750000e+02,8.276382446289062500e+02,8.276382446289062500e+02,8.276374511718750000e+02,-1.012481604836048007e+09
1.739999999999999991e+00,-8.604542491411552874e+01,4.280731471786413778e+01,-3.059180999589604610e+01,1.452776833730240469e-04,1.305126084503172024e-04,6.017354671428165602e-06,1.108855009078979492e-01,2.457993745803833008e+00,-2.602038145065307617e+00,-1.708133348678774199e-01,-1.539537752566738082e-01,-3.834414976188781771e-02,-8.621623824898340160e+01,4.265336094260746336e+01,-3.063015414565793293e+01,0.000000000000000000e+00,0.000000000000000000e+00,0.000000000000000000e+00,0.000000000000000000e+00,8.276374511718750000e+02,8.276381835937500000e+02,8.276381835937500000e+02,8.276374511718750000e+02,-1.012491776976228833e+09
1.741000000000000103e+00,-8.604527979621767031e+01,4.280744516341603401e+01,-3.059180419200118450e+01,1.451178978584266588e-04,1.304455518962299720e-04,5.803894861600156219e-06,1.108943819999694824e-01,2.458028554916381836e+00,-2.602069854736328125e+00,-1.709584527657344033e-01,-1.540842208085742016e-01,-3.834995365674861295e-02,-8.621623824898340160e+01,4.265336094260746336e+01,-3.063015414565793293e+01,0.000000000000000000e+00,0.000000000000000000e+00,0.000000000000000000e+00,0.000000000000000000e+00,8.276375122070312500e+02,8.276381225585937500e+02,8.276381225585937500e+02,8.276375122070312500e+02,-1.012501949102249146e+09
1.741999999999999993e+00,-8.604513481139699138e+01,4.280757555522490065e+01,-3.059179862496654678e+01,1.449848206789283722e-04,1.303918088666478070e-04,5.567034637721235413e-06,1.109028458595275879e-01,2.458062648773193359e+00,-2.602098703384399414e+00,-1.711034375864099732e-01,-1.542146126174389897e-01,-3.835552069138644521e-02,-8.621623824898340160e+01,4.265336094260746336e+01,-3.063015414565793293e+01,0.000000000000000000e+00,0.000000000000000000e+00,0.000000000000000000e+00,0.000000000000000000e+00,8.276375732421875000e+02,8.276380615234375000e+02,8.276381225585937500e+02,8.276375732421875000e+02,-1.012512121214141846e+09
1.743000000000000105e+00,-8.604498998630643314e+01,4.280770587991566600e+01,-3.059179331141093527e+01,1.448250905582426640e-04,1.303246907653488051e-04,5.313555611508036236e-06,1.109112799167633057e-01,2.458096504211425781e+00,-2.602129220962524414e+00,-1.712482626769661065e-01,-1.543449373082014242e-01,-3.836083424699938960e-02,-8.621623824898340160e+01,4.265336094260746336e+01,-3.063015414565793293e+01,0.000000000000000000e+00,0.000000000000000000e+00,0.000000000000000000e+00,0.000000000000000000e+00,8.276376342773437500e+02,8.276380615234375000e+02,8.276380615234375000e+02,8.276376342773437500e+02,-1.012522293311944366e+09
1.743999999999999995e+00,-8.604484530758226413e+01,4.280783615080212456e+01,-3.059178827138181944e+01,1.446787241690117298e-04,1.302708864585611082e-04,5.040029115832567186e-06,1.109199523925781250e-01,2.458130836486816406e+00,-2.602159500122070312e+00,-1.713929414011438612e-01,-1.544752081946645927e-01,-3.836587427611464624e-02,-8.621623824898340160e+01,4.265336094260746336e+01,-3.063015414565793293e+01,0.000000000000000000e+00,0.000000000000000000e+00,0.000000000000000000e+00,0.000000000000000000e+00,8.276376953125000000e+02,8.276380004882812500e+02,8.276380004882812500e+02,8.276376953125000000e+02,-1.012532465395693898e+09
1.745000000000000107e+00,-8.604470078854593851e+01,4.280796635452352206e+01,-3.059178351484573710e+01,1.445190363256187993e-04,1.302037213974926999e-04,4.756536082339835048e-06,1.109286546707153320e-01,2.458165884017944336e+00,-2.602189779281616211e+00,-1.715374604374641232e-01,-1.546054119160615303e-01,-3.837063081219496685e-02,-8.621623824898340160e+01,4.265336094260746336e+01,-3.063015414565793293e+01,0.000000000000000000e+00,0.000000000000000000e+00,0.000000000000000000e+00,0.000000000000000000e+00,8.276376953125000000e+02,8.276379394531250000e+02,8.276379394531250000e+02,8.276376953125000000e+02,-1.012542637465429783e+09
1.745999999999999996e+00,-8.604455641583369641e+01,4.280809649105826509e+01,-3.059177905849520229e+01,1.443727122421023523e-04,1.301365347430305519e-04,4.456350534809416786e-06,1.109369993209838867e-01,2.458200216293334961e+00,-2.602219820022583008e+00,-1.716818331496981764e-01,-1.547355484508010914e-01,-3.837508716272942932e-02,-8.621623824898340160e+01,4.265336094260746336e+01,-3.063015414565793293e+01,0.000000000000000000e+00,0.000000000000000000e+00,0.000000000000000000e+00,0.000000000000000000e+00,8.276377563476562500e+02,8.276378784179687500e+02,8.276378784179687500e+02,8.276377563476562500e+02,-1.012552809521189690e+09
1.747000000000000108e+00,-8.604441221611611468e+01,4.280822656038619556e+01,-3.059177490896354357e+01,1.441997175817277821e-04,1.300693279304709904e-04,4.149531658725891248e-06,1.109457314014434814e-01,2.458234071731567383e+00,-2.602249622344970703e+00,-1.718260328672937542e-01,-1.548656177787346155e-01,-3.837923669438968177e-02,-8.621623824898340160e+01,4.265336094260746336e+01,-3.063015414565793293e+01,0.000000000000000000e+00,0.000000000000000000e+00,0.000000000000000000e+00,0.000000000000000000e+00,8.276378173828125000e+02,8.276378173828125000e+02,8.276378173828125000e+02,8.276378173828125000e+02,-1.012562981563016653e+09
1.747999999999999998e+00,-8.604426816269786116e+01,4.280835657583534726e+01,-3.059177107964623588e+01,1.440534182535202490e-04,1.300154491516991584e-04,3.829317307690871530e-06,1.109539866447448730e-01,2.458267688751220703e+00,-2.602279663085937500e+00,-1.719700862855350620e-01,-1.549956332278813742e-01,-3.838306601169842736e-02,-8.621623824898340160e+01,4.265336094260746336e+01,-3.063015414565793293e+01,0.000000000000000000e+00,0.000000000000000000e+00,0.000000000000000000e+00,0.000000000000000000e+00,8.276378784179687500e+02,8.276377563476562500e+02,8.276377563476562500e+02,8.276378784179687500e+02,-1.012573153590950727e+09
1.749000000000000110e+00,-8.604412426891830989e+01,4.280848652406476162e+01,-3.059176756716945178e+01,1.438937795512629236e-04,1.299482294143672334e-04,3.512476784095497351e-06,1.109625995159149170e-01,2.458301305770874023e+00,-2.602309226989746094e+00,-1.721139800650920426e-01,-1.551255814572973790e-01,-3.838657848848033016e-02,-8.621623824898340160e+01,4.265336094260746336e+01,-3.063015414565793293e+01,0.000000000000000000e+00,0.000000000000000000e+00,0.000000000000000000e+00,0.000000000000000000e+00,8.276379394531250000e+02,8.276377563476562500e+02,8.276377563476562500e+02,8.276379394531250000e+02,-1.012583325605033398e+09
1.750000000000000000e+00,-8.604398052141799269e+01,4.280861640505766985e+01,-3.059176438489071259e+01,1.437475003172039578e-04,1.298809929082267445e-04,3.182278739188859618e-06,1.109709143638610840e-01,2.458334922790527344e+00,-2.602339029312133789e+00,-1.722577275654048889e-01,-1.552554624502086589e-01,-3.838976076722015740e-02,-8.621623824898340160e+01,4.265336094260746336e+01,-3.063015414565793293e+01,0.000000000000000000e+00,0.000000000000000000e+00,0.000000000000000000e+00,0.000000000000000000e+00,8.276380004882812500e+02,8.276376953125000000e+02,8.276376953125000000e+02,8.276380004882812500e+02,-1.012593497605304003e+09
1.750999999999999890e+00,-8.604383692020923036e+01,4.280874623216309516e+01,-3.059176152615920330e+01,1.436012087623339539e-04,1.298271054253063994e-04,2.858731509292056217e-06,1.109789609909057617e-01,2.458367109298706055e+00,-2.602367401123046875e+00,-1.724013287741673062e-01,-1.553852895556305513e-01,-3.839261949872806168e-02,-8.621623824898340160e+01,4.265336094260746336e+01,-3.063015414565793293e+01,0.000000000000000000e+00,0.000000000000000000e+00,0.000000000000000000e+00,0.000000000000000000e+00,8.276380615234375000e+02,8.276376342773437500e+02,8.276376342773437500e+02,8.276380615234375000e+02,-1.012603669591803193e+09
1.752000000000000002e+00,-8.604369345195063090e+01,4.280887600538429183e+01,-3.059175899099233220e+01,1.434682585994551118e-04,1.297732211966717841e-04,2.535166871098226693e-06,1.109880805015563965e-01,2.458403110504150391e+00,-2.602399110794067383e+00,-1.725447970327728398e-01,-1.555150627768306648e-01,-3.839515466559940277e-02,-8.621623824898340160e+01,4.265336094260746336e+01,-3.063015414565793293e+01,0.000000000000000000e+00,0.000000000000000000e+00,0.000000000000000000e+00,0.000000000000000000e+00,8.276380615234375000e+02,8.276375732421875000e+02,8.276375732421875000e+02,8.276380615234375000e+02,-1.012613841564569116e+09
1.752999999999999892e+00,-8.604355012998138363e+01,4.280900572471554710e+01,-3.059175677937133742e+01,1.433219692472675888e-04,1.297193312552735733e-04,2.211620994785334915e-06,1.109958887100219727e-01,2.458434581756591797e+00,-2.602426528930664062e+00,-1.726881190020244372e-01,-1.556447821080857163e-01,-3.839736628659424361e-02,-8.621623824898340160e+01,4.265336094260746336e+01,-3.063015414565793293e+01,0.000000000000000000e+00,0.000000000000000000e+00,0.000000000000000000e+00,0.000000000000000000e+00,8.276381225585937500e+02,8.276375122070312500e+02,8.276375122070312500e+02,8.276381225585937500e+02,-1.012624013523642063e+09
1.754000000000000004e+00,-8.604340692460226592e+01,4.280913538090780435e+01,-3.059175488031245393e+01,1.432053791177168023e-04,1.296561922572436742e-04,1.899058883481075100e-06,1.110048592090606689e-01,2.458470821380615234e+00,-2.602459430694580078e+00,-1.728313243811387678e-01,-1.557744383003416833e-01,-3.839926534547736386e-02,-8.621623824898340160e+01,4.265336094260746336e+01,-3.063015414565793293e+01,0.000000000000000000e+00,0.000000000000000000e+00,0.000000000000000000e+00,0.000000000000000000e+00,8.276381835937500000e+02,8.276375122070312500e+02,8.276375122070312500e+02,8.276381835937500000e+02,-1.012634185469055891e+09
1.754999999999999893e+00,-8.604326384190100896e+01,4.280926500585134420e+01,-3.059175328585845577e+01,1.430827012569579892e-04,1.296249435398522110e-04,1.594453998166045494e-06,1.110126972198486328e-01,2.458501100540161133e+00,-2.602486610412597656e+00,-1.729744070823989455e-01,-1.559040632438774276e-01,-3.840085979947669564e-02,-8.621623824898340160e+01,4.265336094260746336e+01,-3.063015414565793293e+01,0.000000000000000000e+00,0.000000000000000000e+00,0.000000000000000000e+00,0.000000000000000000e+00,8.276382446289062500e+02,8.276374511718750000e+02,8.276374511718750000e+02,8.276382446289062500e+02,-1.012644357400847912e+09
1.756000000000000005e+00,-8.604312086550584127e+01,4.280939457696020156e+01,-3.059175198498733295e+01,1.429763951676932265e-04,1.295711088573625602e-04,1.300871122822400139e-06,1.110214293003082275e-01,2.458536386489868164e+00,-2.602516889572143555e+00,-1.731173834775645015e-01,-1.560336343527349290e-01,-3.840216067060021193e-02,-8.621623824898340160e+01,4.265336094260746336e+01,-3.063015414565793293e+01,0.000000000000000000e+00,0.000000000000000000e+00,0.000000000000000000e+00,0.000000000000000000e+00,8.276382446289062500e+02,8.276373901367187500e+02,8.276373901367187500e+02,8.276382446289062500e+02,-1.012654529319049835e+09
1.756999999999999895e+00,-8.604297796876228688e+01,4.280952410760772153e+01,-3.059175096107972891e+01,1.428967435543881948e-04,1.295306475199708984e-04,1.023907604036367047e-06,1.110295951366424561e-01,2.458569288253784180e+00,-2.602545738220214844e+00,-1.732602802211154758e-01,-1.561631650002611171e-01,-3.840318457820234010e-02,-8.621623824898340160e+01,4.265336094260746336e+01,-3.063015414565793293e+01,0.000000000000000000e+00,0.000000000000000000e+00,0.000000000000000000e+00,0.000000000000000000e+00,8.276383056640625000e+02,8.276373901367187500e+02,8.276373901367187500e+02,8.276383056640625000e+02,-1.012664701223688722e+09
1.758000000000000007e+00,-8.604283516502319173e+01,4.280965361113871381e+01,-3.059175020746709706e+01,1.428037390951431007e-04,1.295035309922809574e-04,7.536126318541391811e-07,1.110381782054901123e-01,2.458604097366333008e+00,-2.602575778961181641e+00,-1.734030839602120899e-01,-1.562926685312495123e-01,-3.840393819083710164e-02,-8.621623824898340160e+01,4.265336094260746336e+01,-3.063015414565793293e+01,0.000000000000000000e+00,0.000000000000000000e+00,0.000000000000000000e+00,0.000000000000000000e+00,8.276383056640625000e+02,8.276373291015625000e+02,8.276373291015625000e+02,8.276383056640625000e+02,-1.012674873114794970e+09
1.758999999999999897e+00,-8.604269244098374259e+01,4.280978308759706863e+01,-3.059174969748674755e+01,1.427240394491491315e-04,1.294764583548158043e-04,5.099803495056676184e-07,1.110463142395019531e-01,2.458636522293090820e+00,-2.602604627609252930e+00,-1.735458079996581582e-01,-1.564221449896047167e-01,-3.840444817118712079e-02,-8.621623824898340160e+01,4.265336094260746336e+01,-3.063015414565793293e+01,0.000000000000000000e+00,0.000000000000000000e+00,0.000000000000000000e+00,0.000000000000000000e+00,8.276383666992187500e+02,8.276373291015625000e+02,8.276373291015625000e+02,8.276383666992187500e+02,-1.012685044992395043e+09
1.760000000000000009e+00,-8.604254976997636106e+01,4.280991252367086730e+01,-3.059174941781431301e+01,1.426710073815229407e-04,1.294360737986721688e-04,2.796724345444090432e-07,1.110549569129943848e-01,2.458670377731323242e+00,-2.602634906768798828e+00,-1.736884790070392648e-01,-1.565515810634038329e-01,-3.840472784362133213e-02,-8.621623824898340160e+01,4.265336094260746336e+01,-3.063015414565793293e+01,0.000000000000000000e+00,0.000000000000000000e+00,0.000000000000000000e+00,0.000000000000000000e+00,8.276383666992187500e+02,8.276372680664062500e+02,8.276372680664062500e+02,8.276383666992187500e+02,-1.012695216856508732e+09
1.760999999999999899e+00,-8.604240715204990408e+01,4.281004195942043822e+01,-3.059174934182964734e+01,1.426179264569782390e-04,1.294357495709164141e-04,7.598466567060313537e-08,1.110630929470062256e-01,2.458703279495239258e+00,-2.602663993835449219e+00,-1.738310969335045697e-01,-1.566810168129750547e-01,-3.840480382828564965e-02,-8.621623824898340160e+01,4.265336094260746336e+01,-3.063015414565793293e+01,0.000000000000000000e+00,0.000000000000000000e+00,0.000000000000000000e+00,0.000000000000000000e+00,8.276384277343750000e+02,8.276372680664062500e+02,8.276372680664062500e+02,8.276384277343750000e+02,-1.012705388707157612e+09
1.762000000000000011e+00,-8.604226456053710592e+01,4.281017136819887270e+01,-3.059174945285330693e+01,1.425915127981625119e-04,1.294087784344810643e-04,-1.110236595991409558e-07,1.110717654228210449e-01,2.458737611770629883e+00,-2.602694511413574219e+00,-1.739736884463013722e-01,-1.568104255914108680e-01,-3.840469280462704277e-02,-8.621623824898340160e+01,4.265336094260746336e+01,-3.063015414565793293e+01,0.000000000000000000e+00,0.000000000000000000e+00,0.000000000000000000e+00,0.000000000000000000e+00,8.276384277343750000e+02,8.276372680664062500e+02,8.276372680664062500e+02,8.276384277343750000e+02,-1.012715560544355392e+09
1.762999999999999901e+00,-8.604212199548264550e+01,4.281030077672649981e+01,-3.059174972424512973e+01,1.425650544604195602e-04,1.294085276271061957e-04,-2.713918227925660176e-07,1.110797822475433350e-01,2.458770751953125000e+00,-2.602722167968750000e+00,-1.741162535007613477e-01,-1.569398341190350876e-01,-3.840442141280431265e-02,-8.621623824898340160e+01,4.265336094260746336e+01,-3.063015414565793293e+01,0.000000000000000000e+00,0.000000000000000000e+00,0.000000000000000000e+00,0.000000000000000000e+00,8.276384277343750000e+02,8.276372070312500000e+02,8.276372070312500000e+02,8.276384277343750000e+02,-1.012725732368116736e+09
1.764000000000000012e+00,-8.604197944357328254e+01,4.281043017170249243e+01,-3.059175013265762288e+01,1.425519093629645795e-04,1.293949759926249499e-04,-4.084124931580390694e-07,1.110878586769104004e-01,2.458802461624145508e+00,-2.602750778198242188e+00,-1.742588054101252282e-01,-1.570692290950264913e-01,-3.840401300031045378e-02,-8.621623824898340160e+01,4.265336094260746336e+01,-3.063015414565793293e+01,0.000000000000000000e+00,0.000000000000000000e+00,0.000000000000000000e+00,0.000000000000000000e+00,8.276384277343750000e+02,8.276372070312500000e+02,8.276372070312500000e+02,8.276384277343750000e+02,-1.012735904178450942e+09
1.764999999999999902e+00,-8.604183687817788950e+01,4.281055957986150418e+01,-3.059175064815231693e+01,1.425653953930350326e-04,1.294081590117457381e-04,-5.154946940422178159e-07,1.110965013504028320e-01,2.458837270736694336e+00,-2.602781772613525391e+00,-1.744013708055165146e-01,-1.571986372540375432e-01,-3.840349750561659198e-02,-8.621623824898340160e+01,4.265336094260746336e+01,-3.063015414565793293e+01,0.000000000000000000e+00,0.000000000000000000e+00,0.000000000000000000e+00,0.000000000000000000e+00,8.276384277343750000e+02,8.276372070312500000e+02,8.276372070312500000e+02,8.276384277343750000e+02,-1.012746075975363612e+09
1.766000000000000014e+00,-8.604169428598345348e+01,4.281068898790297084e+01,-3.059175124738189666e+01,1.425921944360197813e-04,1.294080414666609613e-04,-5.992295797341284924e-07,1.111044883728027344e-01,2.458869218826293945e+00,-2.602809906005859375e+00,-1.745439629999446796e-01,-1.573280452955045094e-01,-3.840289827603476230e-02,-8.621623824898340160e+01,4.265336094260746336e+01,-3.063015414565793293e+01,0.000000000000000000e+00,0.000000000000000000e+00,0.000000000000000000e+00,0.000000000000000000e+00,8.276384277343750000e+02,8.276372070312500000e+02,8.276372070312500000e+02,8.276384277343750000e+02,-1.012756247758855224e+09
1.766999999999999904e+00,-8.604155166703532132e+01,4.281081840921258674e+01,-3.059175190035124103e+01,1.426189481321671337e-04,1.294213096159069210e-04,-6.529693443724227109e-07,1.111128926277160645e-01,2.458902359008789062e+00,-2.602839231491088867e+00,-1.746865819480814541e-01,-1.574574666051218319e-01,-3.840224530669073683e-02,-8.621623824898340160e+01,4.265336094260746336e+01,-3.063015414565793293e+01,0.000000000000000000e+00,0.000000000000000000e+00,0.000000000000000000e+00,0.000000000000000000e+00,8.276384277343750000e+02,8.276372070312500000e+02,8.276372070312500000e+02,8.276384277343750000e+02,-1.012766419528925657e+09
1.768000000000000016e+00,-8.604140900802947556e+01,4.281094785717051820e+01,-3.059175258375374540e+01,1.426590058457577470e-04,1.294479579314611328e-04,-6.834025043644942343e-07,1.111215353012084961e-01,2.458937168121337891e+00,-2.602870225906372070e+00,-1.748292409539302372e-01,-1.575869145630527657e-01,-3.840156190418687193e-02,-8.621623824898340160e+01,4.265336094260746336e+01,-3.063015414565793293e+01,0.000000000000000000e+00,0.000000000000000000e+00,0.000000000000000000e+00,0.000000000000000000e+00,8.276384277343750000e+02,8.276372070312500000e+02,8.276372070312500000e+02,8.276384277343750000e+02,-1.012776591285572290e+09
1.768999999999999906e+00,-8.604126628232670271e+01,4.281107731849635201e+01,-3.059175326425540575e+01,1.427257027728501271e-04,1.294613258338017658e-04,-6.805016603550484433e-07,1.111293733119964600e-01,2.458968162536621094e+00,-2.602897405624389648e+00,-1.749719666566955933e-01,-1.577163758888870115e-01,-3.840088140252627402e-02,-8.621623824898340160e+01,4.265336094260746336e+01,-3.063015414565793293e+01,0.000000000000000000e+00,0.000000000000000000e+00,0.000000000000000000e+00,0.000000000000000000e+00,8.276384277343750000e+02,8.276372680664062500e+02,8.276372680664062500e+02,8.276384277343750000e+02,-1.012786763028784752e+09
1.770000000000000018e+00,-8.604112348997712445e+01,4.281120681991645682e+01,-3.059175391188169968e+01,1.427923495782579266e-04,1.295014201048161340e-04,-6.476262939258958795e-07,1.111378669738769531e-01,2.459002733230590820e+00,-2.602927923202514648e+00,-1.751147590062705484e-01,-1.578458773089903566e-01,-3.840023377623404122e-02,-8.621623824898340160e+01,4.265336094260746336e+01,-3.063015414565793293e+01,0.000000000000000000e+00,0.000000000000000000e+00,0.000000000000000000e+00,0.000000000000000000e+00,8.276384277343750000e+02,8.276372680664062500e+02,8.276372680664062500e+02,8.276383666992187500e+02,-1.012796934758552909e+09
1.770999999999999908e+00,-8.604098062811304715e+01,4.281133633871323951e+01,-3.059175450892384163e+01,1.428618640773038351e-04,1.295187967826905151e-04,-5.970421419476679148e-07,1.111461818218231201e-01,2.459036350250244141e+00,-2.602957487106323242e+00,-1.752576208703576777e-01,-1.579753961057765721e-01,-3.839963673409186456e-02,-8.621623824898340160e+01,4.265336094260746336e+01,-3.063015414565793293e+01,0.000000000000000000e+00,0.000000000000000000e+00,0.000000000000000000e+00,0.000000000000000000e+00,8.276383666992187500e+02,8.276372680664062500e+02,8.276372680664062500e+02,8.276383666992187500e+02,-1.012807106474863410e+09
1.772000000000000020e+00,-8.604083766255462251e+01,4.281146590710016397e+01,-3.059175501746399917e+01,1.429655584246347644e-04,1.295683869244612652e-04,-5.085401575399828289e-07,1.111545860767364502e-01,2.459069252014160156e+00,-2.602986574172973633e+00,-1.754005864287748462e-01,-1.581049644927003950e-01,-3.839912819393490051e-02,-8.621623824898340160e+01,4.265336094260746336e+01,-3.063015414565793293e+01,0.000000000000000000e+00,0.000000000000000000e+00,0.000000000000000000e+00,0.000000000000000000e+00,8.276383666992187500e+02,8.276373291015625000e+02,8.276373291015625000e+02,8.276383666992187500e+02,-1.012817278177697301e+09
1.772999999999999909e+00,-8.604069457709456969e+01,4.281159551571744970e+01,-3.059175541649726071e+01,1.430854600528164156e-04,1.296086172857258134e-04,-3.990332615444458497e-07,1.111624538898468018e-01,2.459101438522338867e+00,-2.603014707565307617e+00,-1.755436718888250813e-01,-1.582345731099875918e-01,-3.839872916067314096e-02,-8.621623824898340160e+01,4.265336094260746336e+01,-3.063015414565793293e+01,0.000000000000000000e+00,0.000000000000000000e+00,0.000000000000000000e+00,0.000000000000000000e+00,8.276383056640625000e+02,8.276373291015625000e+02,8.276373291015625000e+02,8.276383056640625000e+02,-1.012827449867030621e+09
1.774000000000000021e+00,-8.604055138511940015e+01,4.281172517794728094e+01,-3.059175567601065282e+01,1.431919751695431842e-04,1.296622298312399835e-04,-2.595133921090564399e-07,1.111712455749511719e-01,2.459136009216308594e+00,-2.603045463562011719e+00,-1.756868638639963731e-01,-1.583642353398207747e-01,-3.839846964728170498e-02,-8.621623824898340160e+01,4.265336094260746336e+01,-3.063015414565793293e+01,0.000000000000000000e+00,0.000000000000000000e+00,0.000000000000000000e+00,0.000000000000000000e+00,8.276383056640625000e+02,8.276373901367187500e+02,8.276373901367187500e+02,8.276383056640625000e+02,-1.012837621542841315e+09
1.774999999999999911e+00,-8.604040807332155794e+01,4.281185489383052101e+01,-3.059175577267776092e+01,1.433117978422160377e-04,1.297158832400668871e-04,-9.666710809597134357e-08,1.111794412136077881e-01,2.459168910980224609e+00,-2.603075265884399414e+00,-1.758301756618433354e-01,-1.584939512230578718e-01,-3.839837298017317185e-02,-8.621623824898340160e+01,4.265336094260746336e+01,-3.063015414565793293e+01,0.000000000000000000e+00,0.000000000000000000e+00,0.000000000000000000e+00,0.000000000000000000e+00,8.276382446289062500e+02,8.276373901367187500e+02,8.276373901367187500e+02,8.276382446289062500e+02,-1.012847793205103517e+09
1.776000000000000023e+00,-8.604026462838919542e+01,4.281198465006790599e+01,-3.059175568315176363e+01,1.434449323625131001e-04,1.297562373849814321e-04,8.952599728218046948e-08,1.111878454685211182e-01,2.459203004837036133e+00,-2.603104114532470703e+00,-1.759736205942003251e-01,-1.586237074604399944e-01,-3.839846250616757439e-02,-8.621623824898340160e+01,4.265336094260746336e+01,-3.063015414565793293e+01,0.000000000000000000e+00,0.000000000000000000e+00,0.000000000000000000e+00,0.000000000000000000e+00,8.276381835937500000e+02,8.276374511718750000e+02,8.276374511718750000e+02,8.276381835937500000e+02,-1.012857964853786230e+09
1.776999999999999913e+00,-8.604012105036406410e+01,4.281211447337649645e+01,-3.059175538412882034e+01,1.435780251313190092e-04,1.298233085904598738e-04,2.990229432953128708e-07,1.111961305141448975e-01,2.459236383438110352e+00,-2.603133916854858398e+00,-1.761171986193426908e-01,-1.587535307690325082e-01,-3.839876152911338852e-02,-8.621623824898340160e+01,4.265336094260746336e+01,-3.063015414565793293e+01,0.000000000000000000e+00,0.000000000000000000e+00,0.000000000000000000e+00,0.000000000000000000e+00,8.276381835937500000e+02,8.276375122070312500e+02,8.276375122070312500e+02,8.276381835937500000e+02,-1.012868136488859773e+09
1.778000000000000025e+00,-8.603997731258496628e+01,4.281224435045151466e+01,-3.059175485895080371e+01,1.437377790978189296e-04,1.298770750182143274e-04,5.251780166304342856e-07,1.112045347690582275e-01,2.459270238876342773e+00,-2.603162765502929688e+00,-1.762609363984364574e-01,-1.588834078440492514e-01,-3.839928670713019937e-02,-8.621623824898340160e+01,4.265336094260746336e+01,-3.063015414565793293e+01,0.000000000000000000e+00,0.000000000000000000e+00,0.000000000000000000e+00,0.000000000000000000e+00,8.276381225585937500e+02,8.276375732421875000e+02,8.276375732421875000e+02,8.276381225585937500e+02,-1.012878308110287428e+09
1.778999999999999915e+00,-8.603983344177004255e+01,4.281237429466099798e+01,-3.059175408425654652e+01,1.438708149237299949e-04,1.299442094833125338e-04,7.746942571884574136e-07,1.112128496170043945e-01,2.459302425384521484e+00,-2.603192567825317383e+00,-1.764048072133566070e-01,-1.590133520535363110e-01,-3.840006140138627760e-02,-8.621623824898340160e+01,4.265336094260746336e+01,-3.063015414565793293e+01,0.000000000000000000e+00,0.000000000000000000e+00,0.000000000000000000e+00,0.000000000000000000e+00,8.276380615234375000e+02,8.276375732421875000e+02,8.276375732421875000e+02,8.276380615234375000e+02,-1.012888479718036771e+09
1.780000000000000027e+00,-8.603968941125830838e+01,4.281250429270036761e+01,-3.059175304338795698e+01,1.440305117341722507e-04,1.299980393696387182e-04,1.040868589541332767e-06,1.112211644649505615e-01,2.459335803985595703e+00,-2.603222131729125977e+00,-1.765488377250944152e-01,-1.591433500929039513e-01,-3.840110226997421605e-02,-8.621623824898340160e+01,4.265336094260746336e+01,-3.063015414565793293e+01,0.000000000000000000e+00,0.000000000000000000e+00,0.000000000000000000e+00,0.000000000000000000e+00,8.276380004882812500e+02,8.276376342773437500e+02,8.276376342773437500e+02,8.276380004882812500e+02,-1.012898651312068820e+09
1.780999999999999917e+00,-8.603954522107356695e+01,4.281263435793144367e+01,-3.059175172302609269e+01,1.441901847414328586e-04,1.300652310760597175e-04,1.320361864287633580e-06,1.112297475337982178e-01,2.459370851516723633e+00,-2.603252649307250977e+00,-1.766930279098326007e-01,-1.592734153239775963e-01,-3.840242263184066862e-02,-8.621623824898340160e+01,4.265336094260746336e+01,-3.063015414565793293e+01,0.000000000000000000e+00,0.000000000000000000e+00,0.000000000000000000e+00,0.000000000000000000e+00,8.276379394531250000e+02,8.276376953125000000e+02,8.276376953125000000e+02,8.276379394531250000e+02,-1.012908822892344832e+09
1.782000000000000028e+00,-8.603940087123532976e+01,4.281276449037588350e+01,-3.059175010983150145e+01,1.443498382371899424e-04,1.301324444398233027e-04,1.613194591243427567e-06,1.112379729747772217e-01,2.459403038024902344e+00,-2.603281736373901367e+00,-1.768373777480770903e-01,-1.594035477684171420e-01,-3.840403582643298758e-02,-8.621623824898340160e+01,4.265336094260746336e+01,-3.063015414565793293e+01,0.000000000000000000e+00,0.000000000000000000e+00,0.000000000000000000e+00,0.000000000000000000e+00,8.276379394531250000e+02,8.276377563476562500e+02,8.276377563476562500e+02,8.276379394531250000e+02,-1.012918994458825231e+09
1.782999999999999918e+00,-8.603925637510343449e+01,4.281289469005091775e+01,-3.059174819044616811e+01,1.444961318952664442e-04,1.301996750342482301e-04,1.919385333337686461e-06,1.112466752529144287e-01,2.459437608718872070e+00,-2.603312253952026367e+00,-1.769818738799733837e-01,-1.595337474434523062e-01,-3.840595521176363991e-02,-8.621623824898340160e+01,4.265336094260746336e+01,-3.063015414565793293e+01,0.000000000000000000e+00,0.000000000000000000e+00,0.000000000000000000e+00,0.000000000000000000e+00,8.276378784179687500e+02,8.276378173828125000e+02,8.276378173828125000e+02,8.276378784179687500e+02,-1.012929166011471868e+09
1.784000000000000030e+00,-8.603911171934352353e+01,4.281302494363229272e+01,-3.059174595819870746e+01,1.446557599109610237e-04,1.302535813749727822e-04,2.232247460653979942e-06,1.112549901008605957e-01,2.459471940994262695e+00,-2.603341579437255859e+00,-1.771265296398784050e-01,-1.596640010248327468e-01,-3.840818745922685434e-02,-8.621623824898340160e+01,4.265336094260746336e+01,-3.063015414565793293e+01,0.000000000000000000e+00,0.000000000000000000e+00,0.000000000000000000e+00,0.000000000000000000e+00,8.276378173828125000e+02,8.276378784179687500e+02,8.276378784179687500e+02,8.276378173828125000e+02,-1.012939337550242901e+09
1.784999999999999920e+00,-8.603896690396570079e+01,4.281315526446661579e+01,-3.059174340977541107e+01,1.448153778227379007e-04,1.303208343230721766e-04,2.548423296389046300e-06,1.112632751464843750e-01,2.459505558013916016e+00,-2.603371381759643555e+00,-1.772713450176979511e-01,-1.597943218591554027e-01,-3.841073588252234827e-02,-8.621623824898340160e+01,4.265336094260746336e+01,-3.063015414565793293e+01,0.000000000000000000e+00,0.000000000000000000e+00,0.000000000000000000e+00,0.000000000000000000e+00,8.276377563476562500e+02,8.276378784179687500e+02,8.276379394531250000e+02,8.276377563476562500e+02,-1.012949509075097442e+09
1.786000000000000032e+00,-8.603882194232529912e+01,4.281328565256609409e+01,-3.059174053515328495e+01,1.449616404016751403e-04,1.303880994782957714e-04,2.874622126114445564e-06,1.112722456455230713e-01,2.459540843963623047e+00,-2.603402614593505859e+00,-1.774163066581012915e-01,-1.599247099586305065e-01,-3.841361050464753291e-02,-8.621623824898340160e+01,4.265336094260746336e+01,-3.063015414565793293e+01,0.000000000000000000e+00,0.000000000000000000e+00,0.000000000000000000e+00,0.000000000000000000e+00,8.276376953125000000e+02,8.276379394531250000e+02,8.276379394531250000e+02,8.276376953125000000e+02,-1.012959680585995913e+09
1.786999999999999922e+00,-8.603867683441437464e+01,4.281341609458657160e+01,-3.059173733764748704e+01,1.451079109244801657e-04,1.304420204775169623e-04,3.197505797913891001e-06,1.112802326679229736e-01,2.459572315216064453e+00,-2.603430509567260742e+00,-1.775614145690220247e-01,-1.600551519791082455e-01,-3.841680801044755622e-02,-8.621623824898340160e+01,4.265336094260746336e+01,-3.063015414565793293e+01,0.000000000000000000e+00,0.000000000000000000e+00,0.000000000000000000e+00,0.000000000000000000e+00,8.276376342773437500e+02,8.276380004882812500e+02,8.276380004882812500e+02,8.276376342773437500e+02,-1.012969852082898378e+09
1.788000000000000034e+00,-8.603853159082936486e+01,4.281354658098501886e+01,-3.059173381956354731e+01,1.452435850097799630e-04,1.304863984472603988e-04,3.518083939724192533e-06,1.112890243530273438e-01,2.459607839584350586e+00,-2.603461742401123047e+00,-1.777066581540435175e-01,-1.601856383775544235e-01,-3.842032609438528895e-02,-8.621623824898340160e+01,4.265336094260746336e+01,-3.063015414565793293e+01,0.000000000000000000e+00,0.000000000000000000e+00,0.000000000000000000e+00,0.000000000000000000e+00,8.276375732421875000e+02,8.276380615234375000e+02,8.276380615234375000e+02,8.276375732421875000e+02,-1.012980023565765619e+09
1.788999999999999924e+00,-8.603838620372499690e+01,4.281367713083378135e+01,-3.059172997960914486e+01,1.453871043679555441e-04,1.305498487624845438e-04,3.839954402451439819e-06,1.112972199916839600e-01,2.459640979766845703e+00,-2.603490591049194336e+00,-1.778520452584003986e-01,-1.603161882263166582e-01,-3.842416604878663017e-02,-8.621623824898340160e+01,4.265336094260746336e+01,-3.063015414565793293e+01,0.000000000000000000e+00,0.000000000000000000e+00,0.000000000000000000e+00,0.000000000000000000e+00,8.276375732421875000e+02,8.276381225585937500e+02,8.276381225585937500e+02,8.276375732421875000e+02,-1.012990195034558773e+09
1.790000000000000036e+00,-8.603824069702001509e+01,4.281380773458272415e+01,-3.059172582674098706e+01,1.455067049818126179e-04,1.306037489428035769e-04,4.152868157802913629e-06,1.113059818744659424e-01,2.459675312042236328e+00,-2.603521585464477539e+00,-1.779975519633817671e-01,-1.604467919752596838e-01,-3.842831891694555024e-02,-8.621623824898340160e+01,4.265336094260746336e+01,-3.063015414565793293e+01,0.000000000000000000e+00,0.000000000000000000e+00,0.000000000000000000e+00,0.000000000000000000e+00,8.276375122070312500e+02,8.276381835937500000e+02,8.276381835937500000e+02,8.276375122070312500e+02,-1.013000366489242792e+09
1.790999999999999925e+00,-8.603809505736583674e+01,4.281393839222718611e+01,-3.059172136764848560e+01,1.456396541783533394e-04,1.306576444619622634e-04,4.459092501463146618e-06,1.113147139549255371e-01,2.459710597991943359e+00,-2.603552818298339844e+00,-1.781431916175637287e-01,-1.605774496197249213e-01,-3.843277800944876199e-02,-8.621623824898340160e+01,4.265336094260746336e+01,-3.063015414565793293e+01,0.000000000000000000e+00,0.000000000000000000e+00,0.000000000000000000e+00,0.000000000000000000e+00,8.276374511718750000e+02,8.276381835937500000e+02,8.276381835937500000e+02,8.276374511718750000e+02,-1.013010537929780841e+09
1.792000000000000037e+00,-8.603794932476598945e+01,4.281406909039904463e+01,-3.059171661226062611e+01,1.457325998472924766e-04,1.306981718585120689e-04,4.755387859489701441e-06,1.113229990005493164e-01,2.459743976593017578e+00,-2.603581428527832031e+00,-1.782889242174151290e-01,-1.607081477915829337e-01,-3.843753339730671126e-02,-8.621623824898340160e+01,4.265336094260746336e+01,-3.063015414565793293e+01,0.000000000000000000e+00,0.000000000000000000e+00,0.000000000000000000e+00,0.000000000000000000e+00,8.276374511718750000e+02,8.276382446289062500e+02,8.276382446289062500e+02,8.276374511718750000e+02,-1.013020709356142163e+09
1.792999999999999927e+00,-8.603780348585777915e+01,4.281419982907797817e+01,-3.059171157727189438e+01,1.458389082102939938e-04,1.307386789335396315e-04,5.034988731722478406e-06,1.113317012786865234e-01,2.459779262542724609e+00,-2.603612422943115234e+00,-1.784347631256209543e-01,-1.608388864705115606e-01,-3.844256838603785781e-02,-8.621623824898340160e+01,4.265336094260746336e+01,-3.063015414565793293e+01,0.000000000000000000e+00,0.000000000000000000e+00,0.000000000000000000e+00,0.000000000000000000e+00,8.276373901367187500e+02,8.276382446289062500e+02,8.276383056640625000e+02,8.276373901367187500e+02,-1.013030880768295050e+09
1.794000000000000039e+00,-8.603765756730403780e+01,4.281433060823525238e+01,-3.059170627598557601e+01,1.459185537413532074e-04,1.307791572742189601e-04,5.301286318371012385e-06,1.113399565219879150e-01,2.459810972213745117e+00,-2.603641033172607422e+00,-1.785806816793579777e-01,-1.609696656277912474e-01,-3.844786967235604147e-02,-8.621623824898340160e+01,4.265336094260746336e+01,-3.063015414565793293e+01,0.000000000000000000e+00,0.000000000000000000e+00,0.000000000000000000e+00,0.000000000000000000e+00,8.276373291015625000e+02,8.276383056640625000e+02,8.276383056640625000e+02,8.276373291015625000e+02,-1.013041052166213036e+09
1.794999999999999929e+00,-8.603751155574225606e+01,4.281446141451537812e+01,-3.059170072174029187e+01,1.460115617817336897e-04,1.308062801257392493e-04,5.554245284145054029e-06,1.113488674163818359e-01,2.459846496582031250e+00,-2.603672981262207031e+00,-1.787266932411525344e-01,-1.611004719079122405e-01,-3.845342391764117185e-02,-8.621623824898340160e+01,4.265336094260746336e+01,-3.063015414565793293e+01,0.000000000000000000e+00,0.000000000000000000e+00,0.000000000000000000e+00,0.000000000000000000e+00,8.276373291015625000e+02,8.276383666992187500e+02,8.276383666992187500e+02,8.276373291015625000e+02,-1.013051223549867034e+09
1.796000000000000041e+00,-8.603736549116132437e+01,4.281459224786934925e+01,-3.059169493782558646e+01,1.460645809316929444e-04,1.308333539711270532e-04,5.783914705403958578e-06,1.113568842411041260e-01,2.459878921508789062e+00,-2.603701829910278320e+00,-1.788727578220735137e-01,-1.612313052618876141e-01,-3.845920783234724888e-02,-8.621623824898340160e+01,4.265336094260746336e+01,-3.063015414565793293e+01,0.000000000000000000e+00,0.000000000000000000e+00,0.000000000000000000e+00,0.000000000000000000e+00,8.276372680664062500e+02,8.276383666992187500e+02,8.276383666992187500e+02,8.276372680664062500e+02,-1.013061394919236183e+09
1.796999999999999931e+00,-8.603721937353390103e+01,4.281472310826679717e+01,-3.059168894425209828e+01,1.461176274233366712e-04,1.308603974479183307e-04,5.993573488183301379e-06,1.113658845424652100e-01,2.459915399551391602e+00,-2.603732824325561523e+00,-1.790188754495024015e-01,-1.613621656593371145e-01,-3.846520140583579300e-02,-8.621623824898340160e+01,4.265336094260746336e+01,-3.063015414565793293e+01,0.000000000000000000e+00,0.000000000000000000e+00,0.000000000000000000e+00,0.000000000000000000e+00,8.276372680664062500e+02,8.276383666992187500e+02,8.276383666992187500e+02,8.276372680664062500e+02,-1.013071566274301052e+09
1.798000000000000043e+00,-8.603707322950431546e+01,4.281485396898775520e+01,-3.059168276095120120e+01,1.461440295855709337e-04,1.308607209580259223e-04,6.183300897077970149e-06,1.113746762275695801e-01,2.459950923919677734e+00,-2.603763818740844727e+00,-1.791650194790901929e-01,-1.614930263802909494e-01,-3.847138470673170524e-02,-8.621623824898340160e+01,4.265336094260746336e+01,-3.063015414565793293e+01,0.000000000000000000e+00,0.000000000000000000e+00,0.000000000000000000e+00,0.000000000000000000e+00,8.276372680664062500e+02,8.276384277343750000e+02,8.276384277343750000e+02,8.276372680664062500e+02,-1.013081737615045428e+09
1.798999999999999932e+00,-8.603692704569968441e+01,4.281498484333592813e+01,-3.059167641464312837e+01,1.461838046310504069e-04,1.308743481729379710e-04,6.346308072835427083e-06,1.113829016685485840e-01,2.459983587265014648e+00,-2.603793382644653320e+00,-1.793112032837175795e-01,-1.616239007284650531e-01,-3.847773101480497088e-02,-8.621623824898340160e+01,4.265336094260746336e+01,-3.063015414565793293e+01,0.000000000000000000e+00,0.000000000000000000e+00,0.000000000000000000e+00,0.000000000000000000e+00,8.276372680664062500e+02,8.276384277343750000e+02,8.276384277343750000e+02,8.276372680664062500e+02,-1.013091908941453934e+09
1.800000000000000044e+00,-8.603678086210854303e+01,4.281511573126185510e+01,-3.059166992861700862e+01,1.461835911413800204e-04,1.308879259269701834e-04,6.486026119745247343e-06,1.113917827606201172e-01,2.460018396377563477e+00,-2.603824138641357422e+00,-1.794573868748645662e-01,-1.617547886543926616e-01,-3.848421704092345325e-02,-8.621623824898340160e+01,4.265336094260746336e+01,-3.063015414565793293e+01,0.000000000000000000e+00,0.000000000000000000e+00,0.000000000000000000e+00,0.000000000000000000e+00,8.276372070312500000e+02,8.276384277343750000e+02,8.276384277343750000e+02,8.276372070312500000e+02,-1.013102080253519177e+09
1.800999999999999934e+00,-8.603663466535368798e+01,4.281524661939374710e+01,-3.059166332621626339e+01,1.461967548550546780e-04,1.308881318919929981e-04,6.602400745236991497e-06,1.114000678062438965e-01,2.460051536560058594e+00,-2.603853464126586914e+00,-1.796035836297150967e-01,-1.618856767862839607e-01,-3.849081944167088987e-02,-8.621623824898340160e+01,4.265336094260746336e+01,-3.063015414565793293e+01,0.000000000000000000e+00,0.000000000000000000e+00,0.000000000000000000e+00,0.000000000000000000e+00,8.276372070312500000e+02,8.276384277343750000e+02,8.276384277343750000e+02,8.276372070312500000e+02,-1.013112251551231861e+09
1.802000000000000046e+00,-8.603648849540961407e+01,4.281537749433118734e+01,-3.059165663737899976e+01,1.461699440739039346e-04,1.308749374402395915e-04,6.688837263624236584e-06,1.114091575145721436e-01,2.460088014602661133e+00,-2.603885173797607422e+00,-1.797497535737818952e-01,-1.620165517237217578e-01,-3.849750827893468758e-02,-8.621623824898340160e+01,4.265336094260746336e+01,-3.063015414565793293e+01,0.000000000000000000e+00,0.000000000000000000e+00,0.000000000000000000e+00,0.000000000000000000e+00,8.276372070312500000e+02,8.276384277343750000e+02,8.276384277343750000e+02,8.276372070312500000e+02,-1.013122422834590197e+09
1.802999999999999936e+00,-8.603634235223888993e+01,4.281550835603260197e+01,-3.059164988878555391e+01,1.461431707241445110e-04,1.308617014146307156e-04,6.748593445848882766e-06,1.114170849323272705e-01,2.460119485855102539e+00,-2.603913545608520508e+00,-1.798958967445106194e-01,-1.621474134251354171e-01,-3.850425687238004380e-02,-8.621623824898340160e+01,4.265336094260746336e+01,-3.063015414565793293e+01,0.000000000000000000e+00,0.000000000000000000e+00,0.000000000000000000e+00,0.000000000000000000e+00,8.276372070312500000e+02,8.276384277343750000e+02,8.276384277343750000e+02,8.276372070312500000e+02,-1.013132594103594303e+09
1.804000000000000048e+00,-8.603619626248453756e+01,4.281563920444725824e+01,-3.059164310707849310e+01,1.460897543523742570e-04,1.308484146562705064e-04,6.781707060810049370e-06,1.114262938499450684e-01,2.460156917572021484e+00,-2.603945255279541016e+00,-1.800419864988641039e-01,-1.622782618397920207e-01,-3.851103857944079834e-02,-8.621623824898340160e+01,4.265336094260746336e+01,-3.063015414565793293e+01,0.000000000000000000e+00,0.000000000000000000e+00,0.000000000000000000e+00,0.000000000000000000e+00,8.276372680664062500e+02,8.276384277343750000e+02,8.276384277343750000e+02,8.276372070312500000e+02,-1.013142765358250141e+09
1.804999999999999938e+00,-8.603605022350272691e+01,4.281577001651559300e+01,-3.059163632458212945e+01,1.460389818106477833e-04,1.308120683347624436e-04,6.782496363655354799e-06,1.114349961280822754e-01,2.460191965103149414e+00,-2.603977441787719727e+00,-1.801880254806814685e-01,-1.624090739081264501e-01,-3.851782107580351694e-02,-8.621623824898340160e+01,4.265336094260746336e+01,-3.063015414565793293e+01,0.000000000000000000e+00,0.000000000000000000e+00,0.000000000000000000e+00,0.000000000000000000e+00,8.276372680664062500e+02,8.276384277343750000e+02,8.276384277343750000e+02,8.276372680664062500e+02,-1.013152936598563313e+09
1.806000000000000050e+00,-8.603590425379395867e+01,4.281590081152251770e+01,-3.059162956663331556e+01,1.459697087682343408e-04,1.307950069246999192e-04,6.757948813884695483e-06,1.114432811737060547e-01,2.460224628448486328e+00,-2.604005813598632812e+00,-1.803339951894467053e-01,-1.625398689150545362e-01,-3.852457902461856043e-02,-8.621623824898340160e+01,4.265336094260746336e+01,-3.063015414565793293e+01,0.000000000000000000e+00,0.000000000000000000e+00,0.000000000000000000e+00,0.000000000000000000e+00,8.276372680664062500e+02,8.276383666992187500e+02,8.276383666992187500e+02,8.276372680664062500e+02,-1.013163107824545860e+09
1.806999999999999940e+00,-8.603575836405991595e+01,4.281603156642720620e+01,-3.059162285553167493e+01,1.458897340427256495e-04,1.307549046885014832e-04,6.711101640632932686e-06,1.114525496959686279e-01,2.460261821746826172e+00,-2.604038476943969727e+00,-1.804798849234830471e-01,-1.626706238197434262e-01,-3.853129012625694516e-02,-8.621623824898340160e+01,4.265336094260746336e+01,-3.063015414565793293e+01,0.000000000000000000e+00,0.000000000000000000e+00,0.000000000000000000e+00,0.000000000000000000e+00,8.276372680664062500e+02,8.276383666992187500e+02,8.276383666992187500e+02,8.276372680664062500e+02,-1.013173279036211252e+09
1.808000000000000052e+00,-8.603561256759304854e+01,4.281616229450733613e+01,-3.059161622796450786e+01,1.457964668674094355e-04,1.307280801299270934e-04,6.627567167072356824e-06,1.114603579044342041e-01,2.460292577743530273e+00,-2.604066848754882812e+00,-1.806256813903564240e-01,-1.628013518998759068e-01,-3.853791769342380935e-02,-8.621623824898340160e+01,4.265336094260746336e+01,-3.063015414565793293e+01,0.000000000000000000e+00,0.000000000000000000e+00,0.000000000000000000e+00,0.000000000000000000e+00,8.276373291015625000e+02,8.276383666992187500e+02,8.276383666992187500e+02,8.276373291015625000e+02,-1.013183450233578205e+09
1.808999999999999941e+00,-8.603546686435547031e+01,4.281629298238550518e+01,-3.059160970725578821e+01,1.457032375782318923e-04,1.306878781690556934e-04,6.520708719648382612e-06,1.114695966243743896e-01,2.460329294204711914e+00,-2.604097366333007812e+00,-1.807713846279336845e-01,-1.629320397780411878e-01,-3.854443840214566430e-02,-8.621623824898340160e+01,4.265336094260746336e+01,-3.063015414565793293e+01,0.000000000000000000e+00,0.000000000000000000e+00,0.000000000000000000e+00,0.000000000000000000e+00,8.276373291015625000e+02,8.276383056640625000e+02,8.276383056640625000e+02,8.276373291015625000e+02,-1.013193621416665912e+09
1.810000000000000053e+00,-8.603532128098507314e+01,4.281642361666987284e+01,-3.059160332002652538e+01,1.455833703971620707e-04,1.306342843676588927e-04,6.387229262827531784e-06,1.114774644374847412e-01,2.460360765457153320e+00,-2.604125976562500000e+00,-1.809169679983285428e-01,-1.630626740624070981e-01,-3.855082563140805468e-02,-8.621623824898340160e+01,4.265336094260746336e+01,-3.063015414565793293e+01,0.000000000000000000e+00,0.000000000000000000e+00,0.000000000000000000e+00,0.000000000000000000e+00,8.276373901367187500e+02,8.276383056640625000e+02,8.276383056640625000e+02,8.276373901367187500e+02,-1.013203792585498929e+09
1.810999999999999943e+00,-8.603517581745256848e+01,4.281655421066324152e+01,-3.059159708964259039e+01,1.454635325046638172e-04,1.305939933686772747e-04,6.230383934990868511e-06,1.114865243434906006e-01,2.460397958755493164e+00,-2.604158401489257812e+00,-1.810624315308380083e-01,-1.631932680557809934e-01,-3.855705601534378107e-02,-8.621623824898340160e+01,4.265336094260746336e+01,-3.063015414565793293e+01,0.000000000000000000e+00,0.000000000000000000e+00,0.000000000000000000e+00,0.000000000000000000e+00,8.276373901367187500e+02,8.276382446289062500e+02,8.276382446289062500e+02,8.276373901367187500e+02,-1.013213963740103841e+09
1.812000000000000055e+00,-8.603503047371533796e+01,4.281668473764760563e+01,-3.059159103940668700e+01,1.453437372305188546e-04,1.305269843641099214e-04,6.050235903387601866e-06,1.114951074123382568e-01,2.460432052612304688e+00,-2.604188680648803711e+00,-1.812077752680601728e-01,-1.633237950401437433e-01,-3.856310625124576008e-02,-8.621623824898340160e+01,4.265336094260746336e+01,-3.063015414565793293e+01,0.000000000000000000e+00,0.000000000000000000e+00,0.000000000000000000e+00,0.000000000000000000e+00,8.276374511718750000e+02,8.276381835937500000e+02,8.276381835937500000e+02,8.276374511718750000e+02,-1.013224134880506635e+09
1.812999999999999945e+00,-8.603488527641938788e+01,4.281681522424617015e+01,-3.059158519933784248e+01,1.451972959500835714e-04,1.304865985645164983e-04,5.840068844520374114e-06,1.115035712718963623e-01,2.460465431213378906e+00,-2.604218006134033203e+00,-1.813529725640086743e-01,-1.634542816387045128e-01,-3.856894632009195273e-02,-8.621623824898340160e+01,4.265336094260746336e+01,-3.063015414565793293e+01,0.000000000000000000e+00,0.000000000000000000e+00,0.000000000000000000e+00,0.000000000000000000e+00,8.276375122070312500e+02,8.276381835937500000e+02,8.276381835937500000e+02,8.276375122070312500e+02,-1.013234306006742120e+09
1.814000000000000057e+00,-8.603474022553616862e+01,4.281694564375649747e+01,-3.059157958273342004e+01,1.450508832192554109e-04,1.304195103273286804e-04,5.616604422442605937e-06,1.115124821662902832e-01,2.460501194000244141e+00,-2.604249238967895508e+00,-1.814980234472395315e-01,-1.635847011490313974e-01,-3.857456292451164059e-02,-8.621623824898340160e+01,4.265336094260746336e+01,-3.063015414565793293e+01,0.000000000000000000e+00,0.000000000000000000e+00,0.000000000000000000e+00,0.000000000000000000e+00,8.276375732421875000e+02,8.276381225585937500e+02,8.276381225585937500e+02,8.276375732421875000e+02,-1.013244477118843436e+09
1.814999999999999947e+00,-8.603459532104071172e+01,4.281707600948622172e+01,-3.059157420962416651e+01,1.449044954568989851e-04,1.303657297242466484e-04,5.373109253525854001e-06,1.115207970142364502e-01,2.460534811019897461e+00,-2.604278564453125000e+00,-1.816429279426967358e-01,-1.637150668787597241e-01,-3.857993603376792119e-02,-8.621623824898340160e+01,4.265336094260746336e+01,-3.063015414565793293e+01,0.000000000000000000e+00,0.000000000000000000e+00,0.000000000000000000e+00,0.000000000000000000e+00,8.276375732421875000e+02,8.276380615234375000e+02,8.276380615234375000e+02,8.276375732421875000e+02,-1.013254648216846108e+09
1.816000000000000059e+00,-8.603445057623032710e+01,4.281720629471236350e+01,-3.059156910329344115e+01,1.447448103846227241e-04,1.302852261417797308e-04,5.106330725368479762e-06,1.115298271179199219e-01,2.460570335388183594e+00,-2.604311227798461914e+00,-1.817876727530788883e-01,-1.638453521049009209e-01,-3.858504236449353253e-02,-8.621623824898340160e+01,4.265336094260746336e+01,-3.063015414565793293e+01,0.000000000000000000e+00,0.000000000000000000e+00,0.000000000000000000e+00,0.000000000000000000e+00,8.276376342773437500e+02,8.276380004882812500e+02,8.276380004882812500e+02,8.276376342773437500e+02,-1.013264819300787210e+09
1.816999999999999948e+00,-8.603430597776268485e+01,4.281733653944322526e+01,-3.059156427382814414e+01,1.445984676422540360e-04,1.302447308617615818e-04,4.829465297007118352e-06,1.115375757217407227e-01,2.460601091384887695e+00,-2.604337692260742188e+00,-1.819322712207109560e-01,-1.639755968357632376e-01,-3.858987182978853431e-02,-8.621623824898340160e+01,4.265336094260746336e+01,-3.063015414565793293e+01,0.000000000000000000e+00,0.000000000000000000e+00,0.000000000000000000e+00,0.000000000000000000e+00,8.276376953125000000e+02,8.276379394531250000e+02,8.276379394531250000e+02,8.276376953125000000e+02,-1.013274990370705247e+09
1.818000000000000060e+00,-8.603416153894009710e+01,4.281746670362600327e+01,-3.059155973782030458e+01,1.444388225877446530e-04,1.301641827780031235e-04,4.536007839561762012e-06,1.115464568138122559e-01,2.460635900497436523e+00,-2.604369163513183594e+00,-1.820767100433099139e-01,-1.641057610185403248e-01,-3.859440783762819321e-02,-8.621623824898340160e+01,4.265336094260746336e+01,-3.063015414565793293e+01,0.000000000000000000e+00,0.000000000000000000e+00,0.000000000000000000e+00,0.000000000000000000e+00,8.276377563476562500e+02,8.276379394531250000e+02,8.276379394531250000e+02,8.276377563476562500e+02,-1.013285161426639080e+09
1.818999999999999950e+00,-8.603401724641568649e+01,4.281759681392864536e+01,-3.059155550533575862e+01,1.442925244106163518e-04,1.301103026420946662e-04,4.232484545951820110e-06,1.115548312664031982e-01,2.460669755935668945e+00,-2.604398965835571289e+00,-1.822210025677127865e-01,-1.642358713211833909e-01,-3.859864032217379115e-02,-8.621623824898340160e+01,4.265336094260746336e+01,-3.063015414565793293e+01,0.000000000000000000e+00,0.000000000000000000e+00,0.000000000000000000e+00,0.000000000000000000e+00,8.276378173828125000e+02,8.276378784179687500e+02,8.276378784179687500e+02,8.276378173828125000e+02,-1.013295332468627810e+09
1.820000000000000062e+00,-8.603387312685508448e+01,4.281772685699008463e+01,-3.059155158298446509e+01,1.441195606020073683e-04,1.300430614392666939e-04,3.922351293539350081e-06,1.115633547306060791e-01,2.460703372955322266e+00,-2.604428768157958984e+00,-1.823651221283106860e-01,-1.643659143826232127e-01,-3.860256267346633130e-02,-8.621623824898340160e+01,4.265336094260746336e+01,-3.063015414565793293e+01,0.000000000000000000e+00,0.000000000000000000e+00,0.000000000000000000e+00,0.000000000000000000e+00,8.276378784179687500e+02,8.276378173828125000e+02,8.276378173828125000e+02,8.276378784179687500e+02,-1.013305503496714473e+09
1.820999999999999952e+00,-8.603372916443915130e+01,4.281785682299585005e+01,-3.059154798646084217e+01,1.439624159331742703e-04,1.299660057654250522e-04,3.596523622917402463e-06,1.115716695785522461e-01,2.460737466812133789e+00,-2.604458093643188477e+00,-1.825090845442460252e-01,-1.644958803883872778e-01,-3.860615919708960952e-02,-8.621623824898340160e+01,4.265336094260746336e+01,-3.063015414565793293e+01,0.000000000000000000e+00,0.000000000000000000e+00,0.000000000000000000e+00,0.000000000000000000e+00,8.276378784179687500e+02,8.276377563476562500e+02,8.276377563476562500e+02,8.276378784179687500e+02,-1.013315674510939598e+09
1.822000000000000064e+00,-8.603358533741642589e+01,4.281798674487935585e+01,-3.059154471115215657e+01,1.438270227254179190e-04,1.299218835058013610e-04,3.275308685601885372e-06,1.115801930427551270e-01,2.460771322250366211e+00,-2.604487419128417969e+00,-1.826529115669729975e-01,-1.646258022718920244e-01,-3.860943450577549590e-02,-8.621623824898340160e+01,4.265336094260746336e+01,-3.063015414565793293e+01,0.000000000000000000e+00,0.000000000000000000e+00,0.000000000000000000e+00,0.000000000000000000e+00,8.276379394531250000e+02,8.276376953125000000e+02,8.276376953125000000e+02,8.276379394531250000e+02,-1.013325845511342287e+09
1.822999999999999954e+00,-8.603344166999478659e+01,4.281811659950127336e+01,-3.059154175933376862e+01,1.436674216392930248e-04,1.298546219175022998e-04,2.951818387941784749e-06,1.115886867046356201e-01,2.460805416107177734e+00,-2.604517936706542969e+00,-1.827965789886083492e-01,-1.647556568938082222e-01,-3.861238632416438832e-02,-8.621623824898340160e+01,4.265336094260746336e+01,-3.063015414565793293e+01,0.000000000000000000e+00,0.000000000000000000e+00,0.000000000000000000e+00,0.000000000000000000e+00,8.276380004882812500e+02,8.276376342773437500e+02,8.276376342773437500e+02,8.276380004882812500e+02,-1.013336016497964144e+09
1.824000000000000066e+00,-8.603329813549214578e+01,4.281824640020433037e+01,-3.059153913439960348e+01,1.435345026408185731e-04,1.298007030570147435e-04,2.624934165140757614e-06,1.115972101688385010e-01,2.460839033126831055e+00,-2.604547977447509766e+00,-1.829401134912534144e-01,-1.648854575968667913e-01,-3.861501125833083359e-02,-8.621623824898340160e+01,4.265336094260746336e+01,-3.063015414565793293e+01,0.000000000000000000e+00,0.000000000000000000e+00,0.000000000000000000e+00,0.000000000000000000e+00,8.276380615234375000e+02,8.276375732421875000e+02,8.276376342773437500e+02,8.276380615234375000e+02,-1.013346187470843673e+09
1.824999999999999956e+00,-8.603315474725249601e+01,4.281837614698809347e+01,-3.059153683299474835e+01,1.433882396497665468e-04,1.297467837630961185e-04,2.301404855131750082e-06,1.116055548191070557e-01,2.460872650146484375e+00,-2.604577302932739258e+00,-1.830835017309119239e-01,-1.650152043806319690e-01,-3.861731266318502859e-02,-8.621623824898340160e+01,4.265336094260746336e+01,-3.063015414565793293e+01,0.000000000000000000e+00,0.000000000000000000e+00,0.000000000000000000e+00,0.000000000000000000e+00,8.276381225585937500e+02,8.276375732421875000e+02,8.276375732421875000e+02,8.276381225585937500e+02,-1.013356358430021048e+09
1.826000000000000068e+00,-8.603301147860372566e+01,4.281850583987106518e+01,-3.059153484848683036e+01,1.432686487703449529e-04,1.296928829717103326e-04,1.984507917995870230e-06,1.116141676902770996e-01,2.460907697677612305e+00,-2.604607343673706055e+00,-1.832267703796815750e-01,-1.651448972635998214e-01,-3.861929717110244853e-02,-8.621623824898340160e+01,4.265336094260746336e+01,-3.063015414565793293e+01,0.000000000000000000e+00,0.000000000000000000e+00,0.000000000000000000e+00,0.000000000000000000e+00,8.276381835937500000e+02,8.276375122070312500e+02,8.276375122070312500e+02,8.276381225585937500e+02,-1.013366529375531912e+09
1.826999999999999957e+00,-8.603286832955437546e+01,4.281863547886271704e+01,-3.059153317420512863e+01,1.431490493501996752e-04,1.296389916518592145e-04,1.674281701724567029e-06,1.116220355033874512e-01,2.460938692092895508e+00,-2.604635477066040039e+00,-1.833699194290199230e-01,-1.652745362552504316e-01,-3.862097145280432575e-02,-8.621623824898340160e+01,4.265336094260746336e+01,-3.063015414565793293e+01,0.000000000000000000e+00,0.000000000000000000e+00,0.000000000000000000e+00,0.000000000000000000e+00,8.276381835937500000e+02,8.276374511718750000e+02,8.276374511718750000e+02,8.276381835937500000e+02,-1.013376700307411075e+09
1.828000000000000069e+00,-8.603272530012267794e+01,4.281876506398324977e+01,-3.059153179680880186e+01,1.430294316975277980e-04,1.295851205327380740e-04,1.377396326773805413e-06,1.116310954093933105e-01,2.460973978042602539e+00,-2.604666948318481445e+00,-1.835129488607293857e-01,-1.654041213757845019e-01,-3.862234884913177263e-02,-8.621623824898340160e+01,4.265336094260746336e+01,-3.063015414565793293e+01,0.000000000000000000e+00,0.000000000000000000e+00,0.000000000000000000e+00,0.000000000000000000e+00,8.276382446289062500e+02,8.276374511718750000e+02,8.276374511718750000e+02,8.276382446289062500e+02,-1.013386871225692987e+09
1.828999999999999959e+00,-8.603258236365023492e+01,4.281889462193711893e+01,-3.059153070637331595e+01,1.429364724430115530e-04,1.295579538691526977e-04,1.090435485906482427e-06,1.116387844085693359e-01,2.461005449295043945e+00,-2.604694366455078125e+00,-1.836558853331709540e-01,-1.655336793296530162e-01,-3.862343928461702686e-02,-8.621623824898340160e+01,4.265336094260746336e+01,-3.063015414565793293e+01,0.000000000000000000e+00,0.000000000000000000e+00,0.000000000000000000e+00,0.000000000000000000e+00,8.276383056640625000e+02,8.276373901367187500e+02,8.276373901367187500e+02,8.276383056640625000e+02,-1.013397042130408764e+09
1.830000000000000071e+00,-8.603243952014614138e+01,4.281902413939905472e+01,-3.059152989287170499e+01,1.428435040935482903e-04,1.295174619357908341e-04,8.135016109633852466e-07,1.116475462913513184e-01,2.461040019989013672e+00,-2.604725360870361328e+00,-1.837987288372606720e-01,-1.656631967915943027e-01,-3.862425278622855229e-02,-8.621623824898340160e+01,4.265336094260746336e+01,-3.063015414565793293e+01,0.000000000000000000e+00,0.000000000000000000e+00,0.000000000000000000e+00,0.000000000000000000e+00,8.276383056640625000e+02,8.276373291015625000e+02,8.276373291015625000e+02,8.276383056640625000e+02,-1.013407213021587968e+09
1.830999999999999961e+00,-8.603229675630733198e+01,4.281915362975028216e+01,-3.059152933299877475e+01,1.427638388094010224e-04,1.294903512274458990e-04,5.598729302391802776e-07,1.116555929183959961e-01,2.461072683334350586e+00,-2.604753255844116211e+00,-1.839414926760741809e-01,-1.657926871428198057e-01,-3.862481265915976986e-02,-8.621623824898340160e+01,4.265336094260746336e+01,-3.063015414565793293e+01,0.000000000000000000e+00,0.000000000000000000e+00,0.000000000000000000e+00,0.000000000000000000e+00,8.276383666992187500e+02,8.276373291015625000e+02,8.276373291015625000e+02,8.276383666992187500e+02,-1.013417383899257660e+09
1.832000000000000073e+00,-8.603215405881235256e+01,4.281928307968092895e+01,-3.059152901007675496e+01,1.426974949794157510e-04,1.294499306467855604e-04,3.229220197908944101e-07,1.116642355918884277e-01,2.461107492446899414e+00,-2.604784011840820312e+00,-1.840841901710434381e-01,-1.659221370734662582e-01,-3.862513558117915136e-02,-8.621623824898340160e+01,4.265336094260746336e+01,-3.063015414565793293e+01,0.000000000000000000e+00,0.000000000000000000e+00,0.000000000000000000e+00,0.000000000000000000e+00,8.276383666992187500e+02,8.276372680664062500e+02,8.276372680664062500e+02,8.276383666992187500e+02,-1.013427554763440251e+09
1.832999999999999963e+00,-8.603201141435791044e+01,4.281941251590729536e+01,-3.059152890415709436e+01,1.426444544421201499e-04,1.294362263664083912e-04,1.059196605979195738e-07,1.116725206375122070e-01,2.461140394210815430e+00,-2.604813814163208008e+00,-1.842268346254840872e-01,-1.660515732998299188e-01,-3.862524150083970764e-02,-8.621623824898340160e+01,4.265336094260746336e+01,-3.063015414565793293e+01,0.000000000000000000e+00,0.000000000000000000e+00,0.000000000000000000e+00,0.000000000000000000e+00,8.276383666992187500e+02,8.276372680664062500e+02,8.276372680664062500e+02,8.276383666992187500e+02,-1.013437725614157200e+09
1.834000000000000075e+00,-8.603186880962714156e+01,4.281954193845992762e+01,-3.059152899858360186e+01,1.426047307688804722e-04,1.294225526322634323e-04,-9.442650750202119525e-08,1.116808950901031494e-01,2.461174011230468750e+00,-2.604843616485595703e+00,-1.843694393562638756e-01,-1.661809958524659847e-01,-3.862514707432963129e-02,-8.621623824898340160e+01,4.265336094260746336e+01,-3.063015414565793293e+01,0.000000000000000000e+00,0.000000000000000000e+00,0.000000000000000000e+00,0.000000000000000000e+00,8.276384277343750000e+02,8.276372680664062500e+02,8.276372680664062500e+02,8.276384277343750000e+02,-1.013447896451426387e+09
1.834999999999999964e+00,-8.603172623132257968e+01,4.281967134739096537e+01,-3.059152926335991651e+01,1.425783045618800315e-04,1.294089310377444235e-04,-2.647763146512716048e-07,1.116890311241149902e-01,2.461205959320068359e+00,-2.604871511459350586e+00,-1.845120176608222862e-01,-1.663104047834997046e-01,-3.862488229801795681e-02,-8.621623824898340160e+01,4.265336094260746336e+01,-3.063015414565793293e+01,0.000000000000000000e+00,0.000000000000000000e+00,0.000000000000000000e+00,0.000000000000000000e+00,8.276384277343750000e+02,8.276372070312500000e+02,8.276372070312500000e+02,8.276384277343750000e+02,-1.013458067275261641e+09
1.836000000000000076e+00,-8.603158367947756346e+01,4.281980074273739234e+01,-3.059152967514047106e+01,1.425518450162144291e-04,1.293953464269748110e-04,-4.117805545433839143e-07,1.116977035999298096e-01,2.461241245269775391e+00,-2.604902029037475586e+00,-1.846545695058412762e-01,-1.664398001299269569e-01,-3.862447051746280974e-02,-8.621623824898340160e+01,4.265336094260746336e+01,-3.063015414565793293e+01,0.000000000000000000e+00,0.000000000000000000e+00,0.000000000000000000e+00,0.000000000000000000e+00,8.276384277343750000e+02,8.276372070312500000e+02,8.276372070312500000e+02,8.276384277343750000e+02,-1.013468238085675597e+09
1.836999999999999966e+00,-8.603144112513147945e+01,4.281993014130576825e+01,-3.059153021299902875e+01,1.425543460840117405e-04,1.293985683759046879e-04,-5.378585576920613676e-07,1.117057800292968750e-01,2.461273431777954102e+00,-2.604930877685546875e+00,-1.847971238519277304e-01,-1.665691986983080797e-01,-3.862393265890293192e-02,-8.621623824898340160e+01,4.265336094260746336e+01,-3.063015414565793293e+01,0.000000000000000000e+00,0.000000000000000000e+00,0.000000000000000000e+00,0.000000000000000000e+00,8.276384277343750000e+02,8.276372070312500000e+02,8.276372070312500000e+02,8.276384277343750000e+02,-1.013478408882675648e+09
1.838000000000000078e+00,-8.603129855963138084e+01,4.282005953630061157e+01,-3.059153084222135632e+01,1.425655000986125742e-04,1.293949948433237296e-04,-6.292223275750075118e-07,1.117140352725982666e-01,2.461307048797607422e+00,-2.604960680007934570e+00,-1.849396893520252605e-01,-1.666985936931481282e-01,-3.862330343657659204e-02,-8.621623824898340160e+01,4.265336094260746336e+01,-3.063015414565793293e+01,0.000000000000000000e+00,0.000000000000000000e+00,0.000000000000000000e+00,0.000000000000000000e+00,8.276384277343750000e+02,8.276372070312500000e+02,8.276372070312500000e+02,8.276384277343750000e+02,-1.013488579666265488e+09
1.838999999999999968e+00,-8.603115595401278881e+01,4.282018895787667390e+01,-3.059153154190299162e+01,1.426056185920288044e-04,1.294215760623274036e-04,-6.996816352966561681e-07,1.117224693298339844e-01,2.461340188980102539e+00,-2.604990482330322266e+00,-1.850822949706059928e-01,-1.668280152692110663e-01,-3.862260375494148967e-02,-8.621623824898340160e+01,4.265336094260746336e+01,-3.063015414565793293e+01,0.000000000000000000e+00,0.000000000000000000e+00,0.000000000000000000e+00,0.000000000000000000e+00,8.276384277343750000e+02,8.276372070312500000e+02,8.276372070312500000e+02,8.276384277343750000e+02,-1.013498750436444759e+09
1.840000000000000080e+00,-8.603101332165510939e+01,4.282031839273746954e+01,-3.059153228198765717e+01,1.426323576794175096e-04,1.294348607956408159e-04,-7.400846655514214945e-07,1.117311120033264160e-01,2.461375236511230469e+00,-2.605020046234130859e+00,-1.852249273282928488e-01,-1.669574501300030156e-01,-3.862186367027452272e-02,-8.621623824898340160e+01,4.265336094260746336e+01,-3.063015414565793293e+01,0.000000000000000000e+00,0.000000000000000000e+00,0.000000000000000000e+00,0.000000000000000000e+00,8.276384277343750000e+02,8.276372070312500000e+02,8.276372070312500000e+02,8.276384277343750000e+02,-1.013508921193212509e+09
1.840999999999999970e+00,-8.603087062257614548e+01,4.282044784093959322e+01,-3.059153303585334882e+01,1.426990789639148716e-04,1.294482021236831315e-04,-7.538656916494801408e-07,1.117389202117919922e-01,2.461405515670776367e+00,-2.605047702789306641e+00,-1.853676264072595947e-01,-1.670868983321303902e-01,-3.862110980458283854e-02,-8.621623824898340160e+01,4.265336094260746336e+01,-3.063015414565793293e+01,0.000000000000000000e+00,0.000000000000000000e+00,0.000000000000000000e+00,0.000000000000000000e+00,8.276384277343750000e+02,8.276372680664062500e+02,8.276372680664062500e+02,8.276384277343750000e+02,-1.013519091936559439e+09
1.842000000000000082e+00,-8.603072787016873235e+01,4.282057732920755910e+01,-3.059153377350849468e+01,1.427524074131270027e-04,1.294882679658826419e-04,-7.376551458548874507e-07,1.117474734783172607e-01,2.461440086364746094e+00,-2.605078220367431641e+00,-1.855103788146645616e-01,-1.672163866000974941e-01,-3.862037214943758040e-02,-8.621623824898340160e+01,4.265336094260746336e+01,-3.063015414565793293e+01,0.000000000000000000e+00,0.000000000000000000e+00,0.000000000000000000e+00,0.000000000000000000e+00,8.276384277343750000e+02,8.276372680664062500e+02,8.276372680664062500e+02,8.276384277343750000e+02,-1.013529262666478634e+09
1.842999999999999972e+00,-8.603058503778687793e+01,4.282070684425348617e+01,-3.059153446829029832e+01,1.428323818544185997e-04,1.295150459270644205e-04,-6.947818036451280932e-07,1.117554605007171631e-01,2.461472272872924805e+00,-2.605106115341186523e+00,-1.856532111965265575e-01,-1.673459016460240867e-01,-3.861967736763445569e-02,-8.621623824898340160e+01,4.265336094260746336e+01,-3.063015414565793293e+01,0.000000000000000000e+00,0.000000000000000000e+00,0.000000000000000000e+00,0.000000000000000000e+00,8.276383666992187500e+02,8.276372680664062500e+02,8.276372680664062500e+02,8.276383666992187500e+02,-1.013539433382956386e+09
1.844000000000000083e+00,-8.603044211212936432e+01,4.282083638612533605e+01,-3.059153509353813760e+01,1.429256575136150786e-04,1.295418718498808630e-04,-6.252478392809734942e-07,1.117637753486633301e-01,2.461506366729736328e+00,-2.605135917663574219e+00,-1.857961368540357316e-01,-1.674754435178726908e-01,-3.861905211979525104e-02,-8.621623824898340160e+01,4.265336094260746336e+01,-3.063015414565793293e+01,0.000000000000000000e+00,0.000000000000000000e+00,0.000000000000000000e+00,0.000000000000000000e+00,8.276383666992187500e+02,8.276373291015625000e+02,8.276373291015625000e+02,8.276383666992187500e+02,-1.013549604085974574e+09
1.844999999999999973e+00,-8.603029909325400126e+01,4.282096598155797551e+01,-3.059153561594508020e+01,1.430188753630545762e-04,1.295954326394621603e-04,-5.224069425935340405e-07,1.117721199989318848e-01,2.461539268493652344e+00,-2.605164527893066406e+00,-1.859391557294003128e-01,-1.676050389505136240e-01,-3.861852971285392039e-02,-8.621623824898340160e+01,4.265336094260746336e+01,-3.063015414565793293e+01,0.000000000000000000e+00,0.000000000000000000e+00,0.000000000000000000e+00,0.000000000000000000e+00,8.276383056640625000e+02,8.276373291015625000e+02,8.276373291015625000e+02,8.276383056640625000e+02,-1.013559774775515556e+09
1.846000000000000085e+00,-8.603015595450050057e+01,4.282109561724769975e+01,-3.059153601885373064e+01,1.431387535006933831e-04,1.296356897242390005e-04,-4.029086504431234061e-07,1.117804646492004395e-01,2.461572647094726562e+00,-2.605194807052612305e+00,-1.860822944828970094e-01,-1.677346746402394451e-01,-3.861812680420113886e-02,-8.621623824898340160e+01,4.265336094260746336e+01,-3.063015414565793293e+01,0.000000000000000000e+00,0.000000000000000000e+00,0.000000000000000000e+00,0.000000000000000000e+00,8.276383056640625000e+02,8.276373901367187500e+02,8.276373901367187500e+02,8.276383056640625000e+02,-1.013569945451555014e+09
1.846999999999999975e+00,-8.603001269591810285e+01,4.282122529324917792e+01,-3.059153626891404798e+01,1.432585823977206019e-04,1.296760014781739301e-04,-2.500603173416493519e-07,1.117886304855346680e-01,2.461605072021484375e+00,-2.605222702026367188e+00,-1.862255530652920377e-01,-1.678643506417172027e-01,-3.861787674388449804e-02,-8.621623824898340160e+01,4.265336094260746336e+01,-3.063015414565793293e+01,0.000000000000000000e+00,0.000000000000000000e+00,0.000000000000000000e+00,0.000000000000000000e+00,8.276382446289062500e+02,8.276373901367187500e+02,8.276373901367187500e+02,8.276382446289062500e+02,-1.013580116114066362e+09
1.848000000000000087e+00,-8.602986931755033595e+01,4.282135503628144590e+01,-3.059153634282451506e+01,1.433783677668998280e-04,1.297430322679815617e-04,-7.391046707994064491e-08,1.117972731590270996e-01,2.461639642715454102e+00,-2.605253458023071289e+00,-1.863689314330621849e-01,-1.679940936739802437e-01,-3.861780283341845893e-02,-8.621623824898340160e+01,4.265336094260746336e+01,-3.063015414565793293e+01,0.000000000000000000e+00,0.000000000000000000e+00,0.000000000000000000e+00,0.000000000000000000e+00,8.276382446289062500e+02,8.276374511718750000e+02,8.276374511718750000e+02,8.276382446289062500e+02,-1.013590286763024092e+09
1.848999999999999977e+00,-8.602972580607801945e+01,4.282148481970178722e+01,-3.059153622055159971e+01,1.435114723165042960e-04,1.297834203413117393e-04,1.222729153482760012e-07,1.118056476116180420e-01,2.461673021316528320e+00,-2.605283975601196289e+00,-1.865124429053799104e-01,-1.681238770943262462e-01,-3.861792510633185738e-02,-8.621623824898340160e+01,4.265336094260746336e+01,-3.063015414565793293e+01,0.000000000000000000e+00,0.000000000000000000e+00,0.000000000000000000e+00,0.000000000000000000e+00,8.276381835937500000e+02,8.276374511718750000e+02,8.276375122070312500e+02,8.276381835937500000e+02,-1.013600457398396850e+09
1.850000000000000089e+00,-8.602958214820456817e+01,4.282161467023400547e+01,-3.059153587881348457e+01,1.436578734512750088e-04,1.298505322182563759e-04,3.417381151393783512e-07,1.118139028549194336e-01,2.461706638336181641e+00,-2.605313062667846680e+00,-1.866561007788311299e-01,-1.682537276265404502e-01,-3.861826684444760738e-02,-8.621623824898340160e+01,4.265336094260746336e+01,-3.063015414565793293e+01,0.000000000000000000e+00,0.000000000000000000e+00,0.000000000000000000e+00,0.000000000000000000e+00,8.276381225585937500e+02,8.276375122070312500e+02,8.276375122070312500e+02,8.276381225585937500e+02,-1.013610628020151854e+09
1.850999999999999979e+00,-8.602943834395522060e+01,4.282174458790611027e+01,-3.059153530093561102e+01,1.438042493475677475e-04,1.299176721047956562e-04,5.778778735532341670e-07,1.118224263191223145e-01,2.461740493774414062e+00,-2.605343341827392578e+00,-1.867999050281852758e-01,-1.683836452986472998e-01,-3.861884472232245125e-02,-8.621623824898340160e+01,4.265336094260746336e+01,-3.063015414565793293e+01,0.000000000000000000e+00,0.000000000000000000e+00,0.000000000000000000e+00,0.000000000000000000e+00,8.276380615234375000e+02,8.276375732421875000e+02,8.276375732421875000e+02,8.276380615234375000e+02,-1.013620798628255248e+09
1.852000000000000091e+00,-8.602929439336067219e+01,4.282187455941686949e+01,-3.059153446355155737e+01,1.439505945484143012e-04,1.299715107592191998e-04,8.373840536535226420e-07,1.118304431438446045e-01,2.461772441864013672e+00,-2.605370998382568359e+00,-1.869438556227302484e-01,-1.685136168094031051e-01,-3.861968210637712479e-02,-8.621623824898340160e+01,4.265336094260746336e+01,-3.063015414565793293e+01,0.000000000000000000e+00,0.000000000000000000e+00,0.000000000000000000e+00,0.000000000000000000e+00,8.276380615234375000e+02,8.276376342773437500e+02,8.276376342773437500e+02,8.276380615234375000e+02,-1.013630969222670674e+09
1.852999999999999980e+00,-8.602915028310113144e+01,4.282200458479357508e+01,-3.059153335334140067e+01,1.441102595407528497e-04,1.300253767055892240e-04,1.110210156696211925e-06,1.118392646312713623e-01,2.461808681488037109e+00,-2.605402469635009766e+00,-1.870879658822758584e-01,-1.686436421861098323e-01,-3.862079231653289119e-02,-8.621623824898340160e+01,4.265336094260746336e+01,-3.063015414565793293e+01,0.000000000000000000e+00,0.000000000000000000e+00,0.000000000000000000e+00,0.000000000000000000e+00,8.276380004882812500e+02,8.276376953125000000e+02,8.276376953125000000e+02,8.276380004882812500e+02,-1.013641139803358674e+09
1.854000000000000092e+00,-8.602900602437412658e+01,4.282213468068903950e+01,-3.059153195599263952e+01,1.442587270048534265e-04,1.300958954644215737e-04,1.397348761145167373e-06,1.118474602699279785e-01,2.461841106414794922e+00,-2.605431556701660156e+00,-1.872322246092794074e-01,-1.687737380815753918e-01,-3.862218966529507025e-02,-8.621623824898340160e+01,4.265336094260746336e+01,-3.063015414565793293e+01,0.000000000000000000e+00,0.000000000000000000e+00,0.000000000000000000e+00,0.000000000000000000e+00,8.276379394531250000e+02,8.276376953125000000e+02,8.276376953125000000e+02,8.276379394531250000e+02,-1.013651310370282292e+09
1.854999999999999982e+00,-8.602886160820403916e+01,4.282226484053444437e+01,-3.059153026013586896e+01,1.444161700874246890e-04,1.301598454048757958e-04,1.695856770567161220e-06,1.118558943271636963e-01,2.461875438690185547e+00,-2.605461597442626953e+00,-1.873766407793591160e-01,-1.689038979269824048e-01,-3.862388552206492964e-02,-8.621623824898340160e+01,4.265336094260746336e+01,-3.063015414565793293e+01,0.000000000000000000e+00,0.000000000000000000e+00,0.000000000000000000e+00,0.000000000000000000e+00,8.276378784179687500e+02,8.276377563476562500e+02,8.276377563476562500e+02,8.276378784179687500e+02,-1.013661480923401594e+09
1.856000000000000094e+00,-8.602871701909000990e+01,4.282239506765385073e+01,-3.059152825481109161e+01,1.445891140292587806e-04,1.302271194063564508e-04,2.005324777343275855e-06,1.118645966053009033e-01,2.461909532546997070e+00,-2.605491876602172852e+00,-1.875212298933906785e-01,-1.690341250463842648e-01,-3.862589084684204394e-02,-8.621623824898340160e+01,4.265336094260746336e+01,-3.063015414565793293e+01,0.000000000000000000e+00,0.000000000000000000e+00,0.000000000000000000e+00,0.000000000000000000e+00,8.276378173828125000e+02,8.276378173828125000e+02,8.276378173828125000e+02,8.276378173828125000e+02,-1.013671651462673903e+09
1.856999999999999984e+00,-8.602857228372846521e+01,4.282252536205576376e+01,-3.059152592997459053e+01,1.447353615446900221e-04,1.302944019130336528e-04,2.324836501088611840e-06,1.118727028369903564e-01,2.461942195892333984e+00,-2.605521440505981445e+00,-1.876659652549431123e-01,-1.691644194483005181e-01,-3.862821568334227212e-02,-8.621623824898340160e+01,4.265336094260746336e+01,-3.063015414565793293e+01,0.000000000000000000e+00,0.000000000000000000e+00,0.000000000000000000e+00,0.000000000000000000e+00,8.276377563476562500e+02,8.276378784179687500e+02,8.276378784179687500e+02,8.276377563476562500e+02,-1.013681821988060117e+09
1.858000000000000096e+00,-8.602842740211114858e+01,4.282265571039571483e+01,-3.059152328894032991e+01,1.448816173166278531e-04,1.303483399510696472e-04,2.641034260619790075e-06,1.118814349174499512e-01,2.461977005004882812e+00,-2.605551004409790039e+00,-1.878108468722583524e-01,-1.692947677882516155e-01,-3.863085671760319029e-02,-8.621623824898340160e+01,4.265336094260746336e+01,-3.063015414565793293e+01,0.000000000000000000e+00,0.000000000000000000e+00,0.000000000000000000e+00,0.000000000000000000e+00,8.276377563476562500e+02,8.276379394531250000e+02,8.276379394531250000e+02,8.276377563476562500e+02,-1.013691992499520659e+09
1.858999999999999986e+00,-8.602828236092294389e+01,4.282278612604157075e+01,-3.059152031841033903e+01,1.450411882046864775e-04,1.304156458559191378e-04,2.970529990875547810e-06,1.118895113468170166e-01,2.462008953094482422e+00,-2.605580091476440430e+00,-1.879558880604567106e-01,-1.694251834341089225e-01,-3.863382724759228948e-02,-8.621623824898340160e+01,4.265336094260746336e+01,-3.063015414565793293e+01,0.000000000000000000e+00,0.000000000000000000e+00,0.000000000000000000e+00,0.000000000000000000e+00,8.276376953125000000e+02,8.276380004882812500e+02,8.276380004882812500e+02,8.276376953125000000e+02,-1.013702162997013569e+09
1.860000000000000098e+00,-8.602813717348608691e+01,4.282291659563340858e+01,-3.059151702834898856e+01,1.451874368569860962e-04,1.304695918378229180e-04,3.290061350469386525e-06,1.118983328342437744e-01,2.462044000625610352e+00,-2.605611324310302734e+00,-1.881010754973080346e-01,-1.695556530259458849e-01,-3.863711730894545809e-02,-8.621623824898340160e+01,4.265336094260746336e+01,-3.063015414565793293e+01,0.000000000000000000e+00,0.000000000000000000e+00,0.000000000000000000e+00,0.000000000000000000e+00,8.276376342773437500e+02,8.276380615234375000e+02,8.276380615234375000e+02,8.276376342773437500e+02,-1.013712333480499029e+09
1.860999999999999988e+00,-8.602799185314692920e+01,4.282304711917340967e+01,-3.059151341540216151e+01,1.453203391577062575e-04,1.305235400010928970e-04,3.612946827047380793e-06,1.119064986705780029e-01,2.462077617645263672e+00,-2.605640411376953125e+00,-1.882463958364791745e-01,-1.696861765659453403e-01,-3.864073025577269282e-02,-8.621623824898340160e+01,4.265336094260746336e+01,-3.063015414565793293e+01,0.000000000000000000e+00,0.000000000000000000e+00,0.000000000000000000e+00,0.000000000000000000e+00,8.276375732421875000e+02,8.276380615234375000e+02,8.276380615234375000e+02,8.276375732421875000e+02,-1.013722503949938893e+09
1.862000000000000099e+00,-8.602784641324136317e+01,4.282317770998755435e+01,-3.059150948624278143e+01,1.454399055660360318e-04,1.305908141446820991e-04,3.929159380078317554e-06,1.119152009487152100e-01,2.462112188339233398e+00,-2.605670452117919922e+00,-1.883918357420402145e-01,-1.698167673800922428e-01,-3.864465941515158459e-02,-8.621623824898340160e+01,4.265336094260746336e+01,-3.063015414565793293e+01,0.000000000000000000e+00,0.000000000000000000e+00,0.000000000000000000e+00,0.000000000000000000e+00,8.276375122070312500e+02,8.276381225585937500e+02,8.276381225585937500e+02,8.276375122070312500e+02,-1.013732674405299187e+09
1.862999999999999989e+00,-8.602770084041148380e+01,4.282330834139015252e+01,-3.059150524751754929e+01,1.455728298793701470e-04,1.306314025981691884e-04,4.238725232141860033e-06,1.119239032268524170e-01,2.462146759033203125e+00,-2.605701923370361328e+00,-1.885374085719150328e-01,-1.699473987826863042e-01,-3.864889814038410809e-02,-8.621623824898340160e+01,4.265336094260746336e+01,-3.063015414565793293e+01,0.000000000000000000e+00,0.000000000000000000e+00,0.000000000000000000e+00,0.000000000000000000e+00,8.276375122070312500e+02,8.276381835937500000e+02,8.276381835937500000e+02,8.276375122070312500e+02,-1.013742844846541762e+09
1.864000000000000101e+00,-8.602755514798876391e+01,4.282343901336687253e+01,-3.059150070587739378e+01,1.456924227198896915e-04,1.306719767200092974e-04,4.541640155508730459e-06,1.119323372840881348e-01,2.462179660797119141e+00,-2.605730056762695312e+00,-1.886831009946348392e-01,-1.700780707594090890e-01,-3.865343978053974172e-02,-8.621623824898340160e+01,4.265336094260746336e+01,-3.063015414565793293e+01,0.000000000000000000e+00,0.000000000000000000e+00,0.000000000000000000e+00,0.000000000000000000e+00,8.276374511718750000e+02,8.276382446289062500e+02,8.276382446289062500e+02,8.276374511718750000e+02,-1.013753015273630857e+09
1.864999999999999991e+00,-8.602740936263450067e+01,4.282356973922258447e+01,-3.059149587798052039e+01,1.457853542632392418e-04,1.307258557119439502e-04,4.827896873393910937e-06,1.119411289691925049e-01,2.462215662002563477e+00,-2.605762004852294922e+00,-1.888288863489014369e-01,-1.702087966151216991e-01,-3.865826767741202541e-02,-8.621623824898340160e+01,4.265336094260746336e+01,-3.063015414565793293e+01,0.000000000000000000e+00,0.000000000000000000e+00,0.000000000000000000e+00,0.000000000000000000e+00,8.276373901367187500e+02,8.276382446289062500e+02,8.276382446289062500e+02,8.276373901367187500e+02,-1.013763185686537743e+09
1.866000000000000103e+00,-8.602726348432599934e+01,4.282370049226141617e+01,-3.059149077378867077e+01,1.458783085013237724e-04,1.307530388316990866e-04,5.104191849625294708e-06,1.119490861892700195e-01,2.462247371673583984e+00,-2.605790138244628906e+00,-1.889747646574091167e-01,-1.703395496539514276e-01,-3.866337186926171315e-02,-8.621623824898340160e+01,4.265336094260746336e+01,-3.063015414565793293e+01,0.000000000000000000e+00,0.000000000000000000e+00,0.000000000000000000e+00,0.000000000000000000e+00,8.276373901367187500e+02,8.276383056640625000e+02,8.276383056640625000e+02,8.276373901367187500e+02,-1.013773356085232019e+09
1.866999999999999993e+00,-8.602711751303883148e+01,4.282383128579164122e+01,-3.059148541333462035e+01,1.459712871678675583e-04,1.307935302250484710e-04,5.360454050418184124e-06,1.119581460952758789e-01,2.462284088134765625e+00,-2.605822324752807617e+00,-1.891207359445690184e-01,-1.704703431841745054e-01,-3.866873232331380361e-02,-8.621623824898340160e+01,4.265336094260746336e+01,-3.063015414565793293e+01,0.000000000000000000e+00,0.000000000000000000e+00,0.000000000000000000e+00,0.000000000000000000e+00,8.276373291015625000e+02,8.276383056640625000e+02,8.276383056640625000e+02,8.276373291015625000e+02,-1.013783526469685316e+09
1.868000000000000105e+00,-8.602697147543025835e+01,4.282396210644289880e+01,-3.059147980989735416e+01,1.460376085731240892e-04,1.308206512575793568e-04,5.603437266188393551e-06,1.119662821292877197e-01,2.462316989898681641e+00,-2.605851173400878906e+00,-1.892667735531388118e-01,-1.706011638354388016e-01,-3.867433576057914546e-02,-8.621623824898340160e+01,4.265336094260746336e+01,-3.063015414565793293e+01,0.000000000000000000e+00,0.000000000000000000e+00,0.000000000000000000e+00,0.000000000000000000e+00,8.276373291015625000e+02,8.276383666992187500e+02,8.276383666992187500e+02,8.276373291015625000e+02,-1.013793696839874029e+09
1.868999999999999995e+00,-8.602682539609995160e+01,4.282409294400037680e+01,-3.059147398912509885e+01,1.460793303067475790e-04,1.308375574780029638e-04,5.820772255304973442e-06,1.119750738143920898e-01,2.462350845336914062e+00,-2.605881690979003906e+00,-1.894128528834547187e-01,-1.707320013929145286e-01,-3.868015653283518596e-02,-8.621623824898340160e+01,4.265336094260746336e+01,-3.063015414565793293e+01,0.000000000000000000e+00,0.000000000000000000e+00,0.000000000000000000e+00,0.000000000000000000e+00,8.276372680664062500e+02,8.276383666992187500e+02,8.276383666992187500e+02,8.276372680664062500e+02,-1.013803867195779085e+09
1.870000000000000107e+00,-8.602667926577684909e+01,4.282422380542450924e+01,-3.059146796634226462e+01,1.461303231025112837e-04,1.308614241324335126e-04,6.022782834236295457e-06,1.119839549064636230e-01,2.462386608123779297e+00,-2.605913400650024414e+00,-1.895589832065530667e-01,-1.708628628170432984e-01,-3.868617931566901980e-02,-8.621623824898340160e+01,4.265336094260746336e+01,-3.063015414565793293e+01,0.000000000000000000e+00,0.000000000000000000e+00,0.000000000000000000e+00,0.000000000000000000e+00,8.276372680664062500e+02,8.276384277343750000e+02,8.276384277343750000e+02,8.276372680664062500e+02,-1.013814037537381411e+09
1.870999999999999996e+00,-8.602653309571140028e+01,4.282435468051256322e+01,-3.059146176721642618e+01,1.461700654488140572e-04,1.308750880539832906e-04,6.199125838435293190e-06,1.119921803474426270e-01,2.462419509887695312e+00,-2.605942010879516602e+00,-1.897051532719943590e-01,-1.709937379050978368e-01,-3.869237844150501954e-02,-8.621623824898340160e+01,4.265336094260746336e+01,-3.063015414565793293e+01,0.000000000000000000e+00,0.000000000000000000e+00,0.000000000000000000e+00,0.000000000000000000e+00,8.276372680664062500e+02,8.276384277343750000e+02,8.276384277343750000e+02,8.276372680664062500e+02,-1.013824207864664793e+09
1.872000000000000108e+00,-8.602638691254999515e+01,4.282448556921745819e+01,-3.059145541505336752e+01,1.461831614051334327e-04,1.308887048949713972e-04,6.352163058664928030e-06,1.120012104511260986e-01,2.462456464767456055e+00,-2.605974674224853516e+00,-1.898513364334025733e-01,-1.711246266099966384e-01,-3.869873060456427427e-02,-8.621623824898340160e+01,4.265336094260746336e+01,-3.063015414565793293e+01,0.000000000000000000e+00,0.000000000000000000e+00,0.000000000000000000e+00,0.000000000000000000e+00,8.276372070312500000e+02,8.276384277343750000e+02,8.276384277343750000e+02,8.276372070312500000e+02,-1.013834378177618742e+09
1.872999999999999998e+00,-8.602624071624447311e+01,4.282461644481506369e+01,-3.059144893648946706e+01,1.461963055220394381e-04,1.308755976054953862e-04,6.478563900458311764e-06,1.120091974735260010e-01,2.462487697601318359e+00,-2.606002092361450195e+00,-1.899975327389262780e-01,-1.712555022076023559e-01,-3.870520916846691833e-02,-8.621623824898340160e+01,4.265336094260746336e+01,-3.063015414565793293e+01,0.000000000000000000e+00,0.000000000000000000e+00,0.000000000000000000e+00,0.000000000000000000e+00,8.276372070312500000e+02,8.276384277343750000e+02,8.276384277343750000e+02,8.276372070312500000e+02,-1.013844548476232171e+09
1.874000000000000110e+00,-8.602609454678513146e+01,4.282474733392844257e+01,-3.059144235818959245e+01,1.461694593416495991e-04,1.308891133788847583e-04,6.578299874604454089e-06,1.120184361934661865e-01,2.462524890899658203e+00,-2.606034278869628906e+00,-1.901437021982746722e-01,-1.713863913209763001e-01,-3.871178746834011419e-02,-8.621623824898340160e+01,4.265336094260746336e+01,-3.063015414565793293e+01,0.000000000000000000e+00,0.000000000000000000e+00,0.000000000000000000e+00,0.000000000000000000e+00,8.276372070312500000e+02,8.276384277343750000e+02,8.276384277343750000e+02,8.276372070312500000e+02,-1.013854718760504842e+09
1.875000000000000000e+00,-8.602594839078382449e+01,4.282487819650300764e+01,-3.059143570345269225e+01,1.461560013069629349e-04,1.308625745650715544e-04,6.654736900202351535e-06,1.120268702507019043e-01,2.462558507919311523e+00,-2.606064558029174805e+00,-1.902898581995710880e-01,-1.715172538955425929e-01,-3.871844220524075370e-02,-8.621623824898340160e+01,4.265336094260746336e+01,-3.063015414565793293e+01,0.000000000000000000e+00,0.000000000000000000e+00,0.000000000000000000e+00,0.000000000000000000e+00,8.276372070312500000e+02,8.276384277343750000e+02,8.276384277343750000e+02,8.276372070312500000e+02,-1.013864889030432343e+09
1.875999999999999890e+00,-8.602580226154003640e+01,4.282500905915954803e+01,-3.059142900565354495e+01,1.461292437880956641e-04,1.308626565403869790e-04,6.697799147303840073e-06,1.120353341102600098e-01,2.462592124938964844e+00,-2.606094598770141602e+00,-1.904359874433666777e-01,-1.716481165520877261e-01,-3.872514000438929960e-02,-8.621623824898340160e+01,4.265336094260746336e+01,-3.063015414565793293e+01,0.000000000000000000e+00,0.000000000000000000e+00,0.000000000000000000e+00,0.000000000000000000e+00,8.276372070312500000e+02,8.276384277343750000e+02,8.276384277343750000e+02,8.276372070312500000e+02,-1.013875059286016583e+09
1.877000000000000002e+00,-8.602565619903101890e+01,4.282513989516529307e+01,-3.059142228803317565e+01,1.460625090174971774e-04,1.308360057450386194e-04,6.717620369300902894e-06,1.120441854000091553e-01,2.462627649307250977e+00,-2.606124877929687500e+00,-1.905820499523777634e-01,-1.717789525578299337e-01,-3.873185762475814253e-02,-8.621623824898340160e+01,4.265336094260746336e+01,-3.063015414565793293e+01,0.000000000000000000e+00,0.000000000000000000e+00,0.000000000000000000e+00,0.000000000000000000e+00,8.276372680664062500e+02,8.276384277343750000e+02,8.276384277343750000e+02,8.276372680664062500e+02,-1.013885229527265787e+09
1.877999999999999892e+00,-8.602551018987153952e+01,4.282527070447486750e+01,-3.059141558062680488e+01,1.460091594793766490e-04,1.308093095744311540e-04,6.707406370765056636e-06,1.120522022247314453e-01,2.462660312652587891e+00,-2.606154203414916992e+00,-1.907280591118648561e-01,-1.719097618674029215e-01,-3.873856503112772798e-02,-8.621623824898340160e+01,4.265336094260746336e+01,-3.063015414565793293e+01,0.000000000000000000e+00,0.000000000000000000e+00,0.000000000000000000e+00,0.000000000000000000e+00,8.276372680664062500e+02,8.276384277343750000e+02,8.276384277343750000e+02,8.276372680664062500e+02,-1.013895399754187346e+09
1.879000000000000004e+00,-8.602536424735680498e+01,4.282540148703366611e+01,-3.059140891342967450e+01,1.459425147345427831e-04,1.307825587986144455e-04,6.667197130383328840e-06,1.120615303516387939e-01,2.462696552276611328e+00,-2.606186151504516602e+00,-1.908740016265997874e-01,-1.720405444262027572e-01,-3.874523222825804886e-02,-8.621623824898340160e+01,4.265336094260746336e+01,-3.063015414565793293e+01,0.000000000000000000e+00,0.000000000000000000e+00,0.000000000000000000e+00,0.000000000000000000e+00,8.276372680664062500e+02,8.276383666992187500e+02,8.276383666992187500e+02,8.276372680664062500e+02,-1.013905569966793060e+09
1.879999999999999893e+00,-8.602521841146814552e+01,4.282553222944872573e+01,-3.059140230970455221e+01,1.458358886594623982e-04,1.307424150596148138e-04,6.603725122289461069e-06,1.120694577693939209e-01,2.462728261947631836e+00,-2.606214046478271484e+00,-1.910198375152569461e-01,-1.721712868412629549e-01,-3.875183595337945014e-02,-8.621623824898340160e+01,4.265336094260746336e+01,-3.063015414565793293e+01,0.000000000000000000e+00,0.000000000000000000e+00,0.000000000000000000e+00,0.000000000000000000e+00,8.276373291015625000e+02,8.276383666992187500e+02,8.276383666992187500e+02,8.276373291015625000e+02,-1.013915740165101767e+09
1.881000000000000005e+00,-8.602507265547458815e+01,4.282566293167322158e+01,-3.059139580284163173e+01,1.457559935573726762e-04,1.307022244958488955e-04,6.506862920474532075e-06,1.120787262916564941e-01,2.462765693664550781e+00,-2.606246471405029297e+00,-1.911655935088117098e-01,-1.723019890657591369e-01,-3.875834281630009814e-02,-8.621623824898340160e+01,4.265336094260746336e+01,-3.063015414565793293e+01,0.000000000000000000e+00,0.000000000000000000e+00,0.000000000000000000e+00,0.000000000000000000e+00,8.276373291015625000e+02,8.276383056640625000e+02,8.276383056640625000e+02,8.276373291015625000e+02,-1.013925910349129915e+09
1.881999999999999895e+00,-8.602492701936664332e+01,4.282579359365971072e+01,-3.059138941279065449e+01,1.456361079448242890e-04,1.306619864891445104e-04,6.390050977245209651e-06,1.120871305465698242e-01,2.462798833847045898e+00,-2.606276750564575195e+00,-1.913112296167575610e-01,-1.724326510522508071e-01,-3.876473286727951523e-02,-8.621623824898340160e+01,4.265336094260746336e+01,-3.063015414565793293e+01,0.000000000000000000e+00,0.000000000000000000e+00,0.000000000000000000e+00,0.000000000000000000e+00,8.276373901367187500e+02,8.276383056640625000e+02,8.276383056640625000e+02,8.276373901367187500e+02,-1.013936080518901706e+09
1.883000000000000007e+00,-8.602478148975339423e+01,4.282592421535654381e+01,-3.059138317292174136e+01,1.455296132490957461e-04,1.306216968330886630e-04,6.239868913127111227e-06,1.120957732200622559e-01,2.462832927703857422e+00,-2.606307744979858398e+00,-1.914567592300142895e-01,-1.725632727490797602e-01,-3.877097273619019291e-02,-8.621623824898340160e+01,4.265336094260746336e+01,-3.063015414565793293e+01,0.000000000000000000e+00,0.000000000000000000e+00,0.000000000000000000e+00,0.000000000000000000e+00,8.276373901367187500e+02,8.276382446289062500e+02,8.276382446289062500e+02,8.276373901367187500e+02,-1.013946250674441338e+09
1.883999999999999897e+00,-8.602463609328098926e+01,4.282605477004565131e+01,-3.059137709982492481e+01,1.453964724049683355e-04,1.305546891074982341e-04,6.073096816550105359e-06,1.121045649051666260e-01,2.462869167327880859e+00,-2.606338024139404297e+00,-1.916021557024173705e-01,-1.726938274381899230e-01,-3.877704583300636831e-02,-8.621623824898340160e+01,4.265336094260746336e+01,-3.063015414565793293e+01,0.000000000000000000e+00,0.000000000000000000e+00,0.000000000000000000e+00,0.000000000000000000e+00,8.276374511718750000e+02,8.276382446289062500e+02,8.276382446289062500e+02,8.276374511718750000e+02,-1.013956420815776348e+09
1.885000000000000009e+00,-8.602449084134995871e+01,4.282618527406491182e+01,-3.059137122255347307e+01,1.452519310305433464e-04,1.305040192605133598e-04,5.877271451737442476e-06,1.121126711368560791e-01,2.462901115417480469e+00,-2.606366634368896484e+00,-1.917474076334456934e-01,-1.728243314574509082e-01,-3.878292310446087438e-02,-8.621623824898340160e+01,4.265336094260746336e+01,-3.063015414565793293e+01,0.000000000000000000e+00,0.000000000000000000e+00,0.000000000000000000e+00,0.000000000000000000e+00,8.276374511718750000e+02,8.276381835937500000e+02,8.276381835937500000e+02,8.276374511718750000e+02,-1.013966590942939281e+09
1.885999999999999899e+00,-8.602434571105422378e+01,4.282631572127520769e+01,-3.059136556308521904e+01,1.451302957349298595e-04,1.304472102958698088e-04,5.659468254037847146e-06,1.121219694614410400e-01,2.462938308715820312e+00,-2.606399297714233398e+00,-1.918925379291747668e-01,-1.729547786677469168e-01,-3.878858257271301790e-02,-8.621623824898340160e+01,4.265336094260746336e+01,-3.063015414565793293e+01,0.000000000000000000e+00,0.000000000000000000e+00,0.000000000000000000e+00,0.000000000000000000e+00,8.276375122070312500e+02,8.276381225585937500e+02,8.276381225585937500e+02,8.276375122070312500e+02,-1.013976761055959582e+09
1.887000000000000011e+00,-8.602420074048177412e+01,4.282644611469493867e+01,-3.059136013707026791e+01,1.449705724496652692e-04,1.303934197309786214e-04,5.426014951126489905e-06,1.121297478675842285e-01,2.462968826293945312e+00,-2.606426477432250977e+00,-1.920375085016291228e-01,-1.730851720874782562e-01,-3.879400858766635790e-02,-8.621623824898340160e+01,4.265336094260746336e+01,-3.063015414565793293e+01,0.000000000000000000e+00,0.000000000000000000e+00,0.000000000000000000e+00,0.000000000000000000e+00,8.276375732421875000e+02,8.276380615234375000e+02,8.276381225585937500e+02,8.276375732421875000e+02,-1.013986931154874444e+09
1.887999999999999901e+00,-8.602405590291651549e+01,4.282657644095849037e+01,-3.059135496453619396e+01,1.448375652586264550e-04,1.303262635516944101e-04,5.172534073949464073e-06,1.121387481689453125e-01,2.463005304336547852e+00,-2.606458663940429688e+00,-1.921823460668868888e-01,-1.732154983510258983e-01,-3.879918112173889877e-02,-8.621623824898340160e+01,4.265336094260746336e+01,-3.063015414565793293e+01,0.000000000000000000e+00,0.000000000000000000e+00,0.000000000000000000e+00,0.000000000000000000e+00,8.276376342773437500e+02,8.276380615234375000e+02,8.276380615234375000e+02,8.276376342773437500e+02,-1.013997101239716649e+09
1.889000000000000012e+00,-8.602391123835268161e+01,4.282670671335786494e+01,-3.059135006545451674e+01,1.446645638338850404e-04,1.302723993745757980e-04,4.899081677223193765e-06,1.121467053890228271e-01,2.463037729263305664e+00,-2.606486320495605469e+00,-1.923270106307157223e-01,-1.733457707503985035e-01,-3.880408020341780118e-02,-8.621623824898340160e+01,4.265336094260746336e+01,-3.063015414565793293e+01,0.000000000000000000e+00,0.000000000000000000e+00,0.000000000000000000e+00,0.000000000000000000e+00,8.276376953125000000e+02,8.276380004882812500e+02,8.276380004882812500e+02,8.276376953125000000e+02,-1.014007271310528159e+09
1.889999999999999902e+00,-8.602376672008917069e+01,4.282683691854405339e+01,-3.059134544984761206e+01,1.445182635109176772e-04,1.302051861884478967e-04,4.615606904678770661e-06,1.121558547019958496e-01,2.463073968887329102e+00,-2.606518507003784180e+00,-1.924715288942342450e-01,-1.734759759365894494e-01,-3.880869581031939214e-02,-8.621623824898340160e+01,4.265336094260746336e+01,-3.063015414565793293e+01,0.000000000000000000e+00,0.000000000000000000e+00,0.000000000000000000e+00,0.000000000000000000e+00,8.276376953125000000e+02,8.276379394531250000e+02,8.276379394531250000e+02,8.276376953125000000e+02,-1.014017441367345810e+09
1.891000000000000014e+00,-8.602362234809973529e+01,4.282696705648793056e+01,-3.059134113439004565e+01,1.443719894353989730e-04,1.301379438771732566e-04,4.315457566406166734e-06,1.121640503406524658e-01,2.463106870651245117e+00,-2.606547355651855469e+00,-1.926159008836640651e-01,-1.736061138804678439e-01,-3.881301126788668648e-02,-8.621623824898340160e+01,4.265336094260746336e+01,-3.063015414565793293e+01,0.000000000000000000e+00,0.000000000000000000e+00,0.000000000000000000e+00,0.000000000000000000e+00,8.276377563476562500e+02,8.276378784179687500e+02,8.276378784179687500e+02,8.276377563476562500e+02,-1.014027611410207272e+09
1.891999999999999904e+00,-8.602347814904884160e+01,4.282709712716240347e+01,-3.059133712904581515e+01,1.441990508936896731e-04,1.300706744729041020e-04,4.005344230506580061e-06,1.121728718280792236e-01,2.463141679763793945e+00,-2.606578826904296875e+00,-1.927600999345620847e-01,-1.737361845549385275e-01,-3.881701661211908738e-02,-8.621623824898340160e+01,4.265336094260746336e+01,-3.063015414565793293e+01,0.000000000000000000e+00,0.000000000000000000e+00,0.000000000000000000e+00,0.000000000000000000e+00,8.276378173828125000e+02,8.276378173828125000e+02,8.276378173828125000e+02,8.276378173828125000e+02,-1.014037781439155817e+09
1.893000000000000016e+00,-8.602333409625414617e+01,4.282722714391000096e+01,-3.059133343721204312e+01,1.440527946954262006e-04,1.300167475974944864e-04,3.691833772023755955e-06,1.121812164783477783e-01,2.463175058364868164e+00,-2.606608152389526367e+00,-1.929041527292557345e-01,-1.738662013025399355e-01,-3.882070844588857844e-02,-8.621623824898340160e+01,4.265336094260746336e+01,-3.063015414565793293e+01,0.000000000000000000e+00,0.000000000000000000e+00,0.000000000000000000e+00,0.000000000000000000e+00,8.276378784179687500e+02,8.276377563476562500e+02,8.276377563476562500e+02,8.276378784179687500e+02,-1.014047951454231143e+09
1.893999999999999906e+00,-8.602319020303529840e+01,4.282735709336787977e+01,-3.059133006885052453e+01,1.438932188477792806e-04,1.299494578788085164e-04,3.368361518596429960e-06,1.121897399425506592e-01,2.463208913803100586e+00,-2.606637716293334961e+00,-1.930480459480992117e-01,-1.739961507604188273e-01,-3.882407680740835448e-02,-8.621623824898340160e+01,4.265336094260746336e+01,-3.063015414565793293e+01,0.000000000000000000e+00,0.000000000000000000e+00,0.000000000000000000e+00,0.000000000000000000e+00,8.276379394531250000e+02,8.276377563476562500e+02,8.276377563476562500e+02,8.276379394531250000e+02,-1.014058121455474854e+09
1.895000000000000018e+00,-8.602304645604583300e+01,4.282748697553373063e+01,-3.059132702731578846e+01,1.437469894653986557e-04,1.298821658508586552e-04,3.041534736070161671e-06,1.121981143951416016e-01,2.463242292404174805e+00,-2.606667280197143555e+00,-1.931917929375735477e-01,-1.741260329262694362e-01,-3.882711834214301605e-02,-8.621623824898340160e+01,4.265336094260746336e+01,-3.063015414565793293e+01,0.000000000000000000e+00,0.000000000000000000e+00,0.000000000000000000e+00,0.000000000000000000e+00,8.276380004882812500e+02,8.276376953125000000e+02,8.276376953125000000e+02,8.276380004882812500e+02,-1.014068291442926407e+09
1.895999999999999908e+00,-8.602290285529410596e+01,4.282761680375217850e+01,-3.059132430929452440e+01,1.436007517270354583e-04,1.298282184478694035e-04,2.718021264058734232e-06,1.122061014175415039e-01,2.463274955749511719e+00,-2.606696128845214844e+00,-1.933353936893016378e-01,-1.742558611447157790e-01,-3.882983636340945482e-02,-8.621623824898340160e+01,4.265336094260746336e+01,-3.063015414565793293e+01,0.000000000000000000e+00,0.000000000000000000e+00,0.000000000000000000e+00,0.000000000000000000e+00,8.276380615234375000e+02,8.276376342773437500e+02,8.276376342773437500e+02,8.276380615234375000e+02,-1.014078461416626096e+09
1.897000000000000020e+00,-8.602275940077394978e+01,4.282774657801635954e+01,-3.059132191812109269e+01,1.434545201561832073e-04,1.297742641810373243e-04,2.391173431703919050e-06,1.122149527072906494e-01,2.463310003280639648e+00,-2.606726884841918945e+00,-1.934788482094542683e-01,-1.743856354088959559e-01,-3.883222753683916728e-02,-8.621623824898340160e+01,4.265336094260746336e+01,-3.063015414565793293e+01,0.000000000000000000e+00,0.000000000000000000e+00,0.000000000000000000e+00,0.000000000000000000e+00,8.276380615234375000e+02,8.276375732421875000e+02,8.276375732421875000e+02,8.276380615234375000e+02,-1.014088631376614690e+09
1.897999999999999909e+00,-8.602261606581444653e+01,4.282787628501081656e+01,-3.059131984380772451e+01,1.433349595032495927e-04,1.297069944570239386e-04,2.074313368183311468e-06,1.122232973575592041e-01,2.463344097137451172e+00,-2.606756448745727539e+00,-1.936221831689584061e-01,-1.745153424033518419e-01,-3.883430185020901593e-02,-8.621623824898340160e+01,4.265336094260746336e+01,-3.063015414565793293e+01,0.000000000000000000e+00,0.000000000000000000e+00,0.000000000000000000e+00,0.000000000000000000e+00,8.276381225585937500e+02,8.276375122070312500e+02,8.276375122070312500e+02,8.276381225585937500e+02,-1.014098801322926402e+09
1.899000000000000021e+00,-8.602247286376366731e+01,4.282800595141027600e+01,-3.059131808637851080e+01,1.432020507792231001e-04,1.296663994594382530e-04,1.757429213711247940e-06,1.122317016124725342e-01,2.463377475738525391e+00,-2.606786727905273438e+00,-1.937653852197358806e-01,-1.746450088028103920e-01,-3.883605927942047897e-02,-8.621623824898340160e+01,4.265336094260746336e+01,-3.063015414565793293e+01,0.000000000000000000e+00,0.000000000000000000e+00,0.000000000000000000e+00,0.000000000000000000e+00,8.276381835937500000e+02,8.276375122070312500e+02,8.276375122070312500e+02,8.276381835937500000e+02,-1.014108971255599976e+09
1.899999999999999911e+00,-8.602232979286191039e+01,4.282813556682718570e+01,-3.059131663484548724e+01,1.430709017569142816e-04,1.296154169097007980e-04,1.451533023555384716e-06,1.122401058673858643e-01,2.463410377502441406e+00,-2.606816291809082031e+00,-1.939084561214935998e-01,-1.747746242197207867e-01,-3.883751081244580378e-02,-8.621623824898340160e+01,4.265336094260746336e+01,-3.063015414565793293e+01,0.000000000000000000e+00,0.000000000000000000e+00,0.000000000000000000e+00,0.000000000000000000e+00,8.276382446289062500e+02,8.276374511718750000e+02,8.276374511718750000e+02,8.276382446289062500e+02,-1.014119141174672604e+09
1.901000000000000023e+00,-8.602218680332418899e+01,4.282826513876548802e+01,-3.059131547455609024e+01,1.429895377214052132e-04,1.295719383023197224e-04,1.160289397006408763e-06,1.122483015060424805e-01,2.463443517684936523e+00,-2.606844186782836914e+00,-1.940514456592070391e-01,-1.749041961580219962e-01,-3.883867110184189425e-02,-8.621623824898340160e+01,4.265336094260746336e+01,-3.063015414565793293e+01,0.000000000000000000e+00,0.000000000000000000e+00,0.000000000000000000e+00,0.000000000000000000e+00,8.276382446289062500e+02,8.276373901367187500e+02,8.276373901367187500e+02,8.276382446289062500e+02,-1.014129311080172300e+09
1.901999999999999913e+00,-8.602204392007253375e+01,4.282839467018225577e+01,-3.059131459116914442e+01,1.428832516552347442e-04,1.295314167677474870e-04,8.833869458158005727e-07,1.122570037841796875e-01,2.463477611541748047e+00,-2.606874704360961914e+00,-1.941943289108618853e-01,-1.750337275747939070e-01,-3.883955448878922967e-02,-8.621623824898340160e+01,4.265336094260746336e+01,-3.063015414565793293e+01,0.000000000000000000e+00,0.000000000000000000e+00,0.000000000000000000e+00,0.000000000000000000e+00,8.276383056640625000e+02,8.276373901367187500e+02,8.276373901367187500e+02,8.276383056640625000e+02,-1.014139480972130895e+09
1.903000000000000025e+00,-8.602190111643997739e+01,4.282852417443712767e+01,-3.059131397807739106e+01,1.428036325563653008e-04,1.295042548719038678e-04,6.130917533653246210e-07,1.122649610042572021e-01,2.463510274887084961e+00,-2.606903553009033203e+00,-1.943371325434175012e-01,-1.751632318296644231e-01,-3.884016758054353868e-02,-8.621623824898340160e+01,4.265336094260746336e+01,-3.063015414565793293e+01,0.000000000000000000e+00,0.000000000000000000e+00,0.000000000000000000e+00,0.000000000000000000e+00,8.276383056640625000e+02,8.276373291015625000e+02,8.276373291015625000e+02,8.276383056640625000e+02,-1.014149650850576520e+09
1.903999999999999915e+00,-8.602175839246199018e+01,4.282865363823413674e+01,-3.059131360857735871e+01,1.427239779872024883e-04,1.294637970090661838e-04,3.695000323489239236e-07,1.122734248638153076e-01,2.463543653488159180e+00,-2.606932640075683594e+00,-1.944798565214080344e-01,-1.752926956266760983e-01,-3.884053708057587373e-02,-8.621623824898340160e+01,4.265336094260746336e+01,-3.063015414565793293e+01,0.000000000000000000e+00,0.000000000000000000e+00,0.000000000000000000e+00,0.000000000000000000e+00,8.276383666992187500e+02,8.276373291015625000e+02,8.276373291015625000e+02,8.276383666992187500e+02,-1.014159820715534210e+09
1.905000000000000027e+00,-8.602161572149145741e+01,4.282878308829030090e+01,-3.059131346607942703e+01,1.426709705327766642e-04,1.294500561641598324e-04,1.424979316766439297e-07,1.122816801071166992e-01,2.463576555252075195e+00,-2.606962442398071289e+00,-1.946225274919378134e-01,-1.754221456828398140e-01,-3.884067957850454583e-02,-8.621623824898340160e+01,4.265336094260746336e+01,-3.063015414565793293e+01,0.000000000000000000e+00,0.000000000000000000e+00,0.000000000000000000e+00,0.000000000000000000e+00,8.276383666992187500e+02,8.276372680664062500e+02,8.276372680664062500e+02,8.276383666992187500e+02,-1.014169990567025900e+09
1.905999999999999917e+00,-8.602147310354874321e+01,4.282891251129288435e+01,-3.059131353388541896e+01,1.426179427141960332e-04,1.294230025834508524e-04,-6.780599193234593258e-08,1.122901737689971924e-01,2.463610887527465820e+00,-2.606992006301879883e+00,-1.947651454346562838e-01,-1.755515686854185464e-01,-3.884061177251225960e-02,-8.621623824898340160e+01,4.265336094260746336e+01,-3.063015414565793293e+01,0.000000000000000000e+00,0.000000000000000000e+00,0.000000000000000000e+00,0.000000000000000000e+00,8.276384277343750000e+02,8.276372680664062500e+02,8.276372680664062500e+02,8.276384277343750000e+02,-1.014180160405071378e+09
1.907000000000000028e+00,-8.602133051200290481e+01,4.282904192064151516e+01,-3.059131378204306984e+01,1.425915458383997247e-04,1.294093486308156571e-04,-2.481576508728267072e-07,1.122982501983642578e-01,2.463642597198486328e+00,-2.607020854949951172e+00,-1.949077369804927962e-01,-1.756809780340488902e-01,-3.884036361486412070e-02,-8.621623824898340160e+01,4.265336094260746336e+01,-3.063015414565793293e+01,0.000000000000000000e+00,0.000000000000000000e+00,0.000000000000000000e+00,0.000000000000000000e+00,8.276384277343750000e+02,8.276372680664062500e+02,8.276372680664062500e+02,8.276384277343750000e+02,-1.014190330229685187e+09
1.907999999999999918e+00,-8.602118794688333026e+01,4.282917132970415253e+01,-3.059131419389961692e+01,1.425651195745558653e-04,1.294090626373645136e-04,-4.118565470889734570e-07,1.123068630695343018e-01,2.463677644729614258e+00,-2.607051610946655273e+00,-1.950503021000673243e-01,-1.758103870966911952e-01,-3.883995175831456148e-02,-8.621623824898340160e+01,4.265336094260746336e+01,-3.063015414565793293e+01,0.000000000000000000e+00,0.000000000000000000e+00,0.000000000000000000e+00,0.000000000000000000e+00,8.276384277343750000e+02,8.276372070312500000e+02,8.276372070312500000e+02,8.276384277343750000e+02,-1.014200500040881872e+09
1.909000000000000030e+00,-8.602104538155047919e+01,4.282930072520021270e+01,-3.059131473945767965e+01,1.425653328510634310e-04,1.293954960601695348e-04,-5.455580627256040316e-07,1.123149991035461426e-01,2.463710069656372070e+00,-2.607079505920410156e+00,-1.951928674329204139e-01,-1.759397825927518921e-01,-3.883940620025211343e-02,-8.621623824898340160e+01,4.265336094260746336e+01,-3.063015414565793293e+01,0.000000000000000000e+00,0.000000000000000000e+00,0.000000000000000000e+00,0.000000000000000000e+00,8.276384277343750000e+02,8.276372070312500000e+02,8.276372070312500000e+02,8.276384277343750000e+02,-1.014210669838668585e+09
1.909999999999999920e+00,-8.602090281604859001e+01,4.282943013384948472e+01,-3.059131539541722233e+01,1.425655018891802683e-04,1.294086492720225579e-04,-6.559595426836040133e-07,1.123236119747161865e-01,2.463743925094604492e+00,-2.607110261917114258e+00,-1.953354329348165330e-01,-1.760691912420216110e-01,-3.883875024071136578e-02,-8.621623824898340160e+01,4.265336094260746336e+01,-3.063015414565793293e+01,0.000000000000000000e+00,0.000000000000000000e+00,0.000000000000000000e+00,0.000000000000000000e+00,8.276384277343750000e+02,8.276372070312500000e+02,8.276372070312500000e+02,8.276384277343750000e+02,-1.014220839623053074e+09
1.911000000000000032e+00,-8.602076023707354580e+01,4.282955954236139462e+01,-3.059131613509557468e+01,1.425789750442163495e-04,1.294085119099008807e-04,-7.396783523461181176e-07,1.123315989971160889e-01,2.463776350021362305e+00,-2.607137680053710938e+00,-1.954780119098578073e-01,-1.761985997539334270e-01,-3.883801056235886007e-02,-8.621623824898340160e+01,4.265336094260746336e+01,-3.063015414565793293e+01,0.000000000000000000e+00,0.000000000000000000e+00,0.000000000000000000e+00,0.000000000000000000e+00,8.276384277343750000e+02,8.276372070312500000e+02,8.276372070312500000e+02,8.276384277343750000e+02,-1.014231009394038320e+09
1.911999999999999922e+00,-8.602061761800014494e+01,4.282968896414194404e+01,-3.059131692520596602e+01,1.426190734008514482e-04,1.294217805494213280e-04,-7.901103913354745600e-07,1.123398542404174805e-01,2.463809490203857422e+00,-2.607167959213256836e+00,-1.956206309832522749e-01,-1.763280215344805169e-01,-3.883722045196529027e-02,-8.621623824898340160e+01,4.265336094260746336e+01,-3.063015414565793293e+01,0.000000000000000000e+00,0.000000000000000000e+00,0.000000000000000000e+00,0.000000000000000000e+00,8.276384277343750000e+02,8.276372070312500000e+02,8.276372070312500000e+02,8.276384277343750000e+02,-1.014241179151621699e+09
1.913000000000000034e+00,-8.602047495885902606e+01,4.282981839922513245e+01,-3.059131774573822327e+01,1.426591411188837810e-04,1.294350831884116815e-04,-8.205322572507611767e-07,1.123481690883636475e-01,2.463842868804931641e+00,-2.607196807861328125e+00,-1.957632901243731571e-01,-1.764574566176718706e-01,-3.883639991971001709e-02,-8.621623824898340160e+01,4.265336094260746336e+01,-3.063015414565793293e+01,0.000000000000000000e+00,0.000000000000000000e+00,0.000000000000000000e+00,0.000000000000000000e+00,8.276384277343750000e+02,8.276372070312500000e+02,8.276372070312500000e+02,8.276384277343750000e+02,-1.014251348895799398e+09
1.913999999999999924e+00,-8.602033223302963449e+01,4.282994787435748663e+01,-3.059131856342858669e+01,1.427258293915656395e-04,1.294751323541731836e-04,-8.176903634193877224e-07,1.123568415641784668e-01,2.463877677917480469e+00,-2.607227563858032227e+00,-1.959060159537600598e-01,-1.765869317500236568e-01,-3.883558222934605647e-02,-8.621623824898340160e+01,4.265336094260746336e+01,-3.063015414565793293e+01,0.000000000000000000e+00,0.000000000000000000e+00,0.000000000000000000e+00,0.000000000000000000e+00,8.276384277343750000e+02,8.276372680664062500e+02,8.276372680664062500e+02,8.276384277343750000e+02,-1.014261518626563191e+09
1.915000000000000036e+00,-8.602018944054428573e+01,4.283007736290419132e+01,-3.059131935155134130e+01,1.427924853487638757e-04,1.294885467046924532e-04,-7.881227546135960438e-07,1.123646497726440430e-01,2.463908195495605469e+00,-2.607255220413208008e+00,-1.960488084391115160e-01,-1.767164202967276554e-01,-3.883479410659055470e-02,-8.621623824898340160e+01,4.265336094260746336e+01,-3.063015414565793293e+01,0.000000000000000000e+00,0.000000000000000000e+00,0.000000000000000000e+00,0.000000000000000000e+00,8.276384277343750000e+02,8.276372680664062500e+02,8.276372680664062500e+02,8.276383666992187500e+02,-1.014271688343901157e+09
1.915999999999999925e+00,-8.602004656646990099e+01,4.283020688106373797e+01,-3.059132008584581541e+01,1.428740743847356498e-04,1.295181595466488034e-04,-7.342944741139945108e-07,1.123734712600708008e-01,2.463943719863891602e+00,-2.607285976409912109e+00,-1.961916825135064102e-01,-1.768459384562776071e-01,-3.883405981211724561e-02,-8.621623824898340160e+01,4.265336094260746336e+01,-3.063015414565793293e+01,0.000000000000000000e+00,0.000000000000000000e+00,0.000000000000000000e+00,0.000000000000000000e+00,8.276383666992187500e+02,8.276372680664062500e+02,8.276372680664062500e+02,8.276383666992187500e+02,-1.014281858047798514e+09
1.917000000000000037e+00,-8.601990360080687026e+01,4.283033644994932843e+01,-3.059132073161083198e+01,1.429656630307363230e-04,1.295688855904586489e-04,-6.457650165714312607e-07,1.123811900615692139e-01,2.463975667953491211e+00,-2.607314109802246094e+00,-1.963346481765302354e-01,-1.769755073418661506e-01,-3.883341404710108358e-02,-8.621623824898340160e+01,4.265336094260746336e+01,-3.063015414565793293e+01,0.000000000000000000e+00,0.000000000000000000e+00,0.000000000000000000e+00,0.000000000000000000e+00,8.276383666992187500e+02,8.276373291015625000e+02,8.276373291015625000e+02,8.276383666992187500e+02,-1.014292027738238573e+09
1.917999999999999927e+00,-8.601976051526914091e+01,4.283046607243176140e+01,-3.059132126458376533e+01,1.430855377293482888e-04,1.296224824329783587e-04,-5.329729333425348159e-07,1.123898625373840332e-01,2.464010000228881836e+00,-2.607343673706054688e+00,-1.964777337142639690e-01,-1.771051298242989069e-01,-3.883288107416851126e-02,-8.621623824898340160e+01,4.265336094260746336e+01,-3.063015414565793293e+01,0.000000000000000000e+00,0.000000000000000000e+00,0.000000000000000000e+00,0.000000000000000000e+00,8.276383056640625000e+02,8.276373291015625000e+02,8.276373291015625000e+02,8.276383056640625000e+02,-1.014302197415198326e+09
1.919000000000000039e+00,-8.601961732322465082e+01,4.283059572186650144e+01,-3.059132166135342956e+01,1.431920444900924849e-04,1.296494347400312108e-04,-3.967696642348528258e-07,1.123979687690734863e-01,2.464041709899902344e+00,-2.607372999191284180e+00,-1.966209257587505366e-01,-1.772347792590345528e-01,-3.883248430450390171e-02,-8.621623824898340160e+01,4.265336094260746336e+01,-3.063015414565793293e+01,0.000000000000000000e+00,0.000000000000000000e+00,0.000000000000000000e+00,0.000000000000000000e+00,8.276383056640625000e+02,8.276373901367187500e+02,8.276373901367187500e+02,8.276383056640625000e+02,-1.014312367078653693e+09
1.919999999999999929e+00,-8.601947401138806981e+01,4.283072543832515322e+01,-3.059132189532909507e+01,1.433118365810059913e-04,1.297164586517851603e-04,-2.339756655089786364e-07,1.124065518379211426e-01,2.464076995849609375e+00,-2.607402801513671875e+00,-1.967642375953311817e-01,-1.773644957176919168e-01,-3.883225032883880906e-02,-8.621623824898340160e+01,4.265336094260746336e+01,-3.063015414565793293e+01,0.000000000000000000e+00,0.000000000000000000e+00,0.000000000000000000e+00,0.000000000000000000e+00,8.276382446289062500e+02,8.276373901367187500e+02,8.276373901367187500e+02,8.276382446289062500e+02,-1.014322536728579760e+09
1.921000000000000041e+00,-8.601933056644693920e+01,4.283085519517255335e+01,-3.059132194314083719e+01,1.434449411306104594e-04,1.297568474001309369e-04,-4.781174212098449061e-08,1.124150454998016357e-01,2.464110136032104492e+00,-2.607432842254638672e+00,-1.969076825364639294e-01,-1.774942525650896052e-01,-3.883220251709461335e-02,-8.621623824898340160e+01,4.265336094260746336e+01,-3.063015414565793293e+01,0.000000000000000000e+00,0.000000000000000000e+00,0.000000000000000000e+00,0.000000000000000000e+00,8.276381835937500000e+02,8.276374511718750000e+02,8.276374511718750000e+02,8.276381835937500000e+02,-1.014332706364945769e+09
1.921999999999999931e+00,-8.601918697510656386e+01,4.283098501913458733e+01,-3.059132178151034154e+01,1.435913403753374951e-04,1.298239620339813882e-04,1.616304956542080618e-07,1.124233007431030273e-01,2.464143753051757812e+00,-2.607462644577026367e+00,-1.970512738768438465e-01,-1.776240765271269173e-01,-3.883236414759070471e-02,-8.621623824898340160e+01,4.265336094260746336e+01,-3.063015414565793293e+01,0.000000000000000000e+00,0.000000000000000000e+00,0.000000000000000000e+00,0.000000000000000000e+00,8.276381835937500000e+02,8.276375122070312500e+02,8.276375122070312500e+02,8.276381835937500000e+02,-1.014342875987719655e+09
1.923000000000000043e+00,-8.601904325073456903e+01,4.283111489690170970e+01,-3.059132139038436193e+01,1.437243719948355647e-04,1.298777671223660946e-04,3.911259796041122172e-07,1.124314069747924805e-01,2.464175939559936523e+00,-2.607490777969360352e+00,-1.971949982488351016e-01,-1.777539542942465078e-01,-3.883275527356949697e-02,-8.621623824898340160e+01,4.265336094260746336e+01,-3.063015414565793293e+01,0.000000000000000000e+00,0.000000000000000000e+00,0.000000000000000000e+00,0.000000000000000000e+00,8.276381225585937500e+02,8.276375732421875000e+02,8.276375732421875000e+02,8.276381225585937500e+02,-1.014353045596869230e+09
1.923999999999999932e+00,-8.601889936668655423e+01,4.283124484185860581e+01,-3.059132074981753746e+01,1.438840480147973722e-04,1.299449568961108525e-04,6.405668244724438409e-07,1.124399602413177490e-01,2.464210510253906250e+00,-2.607521057128906250e+00,-1.973388822968417111e-01,-1.778838992511436734e-01,-3.883339584039426085e-02,-8.621623824898340160e+01,4.265336094260746336e+01,-3.063015414565793293e+01,0.000000000000000000e+00,0.000000000000000000e+00,0.000000000000000000e+00,0.000000000000000000e+00,8.276380615234375000e+02,8.276375732421875000e+02,8.276375732421875000e+02,8.276380615234375000e+02,-1.014363215192357421e+09
1.925000000000000044e+00,-8.601875533631999815e+01,4.283137484068443257e+01,-3.059131984642672819e+01,1.440303665560804802e-04,1.299988258267603669e-04,9.033908092703768489e-07,1.124483048915863037e-01,2.464243650436401367e+00,-2.607550144195556641e+00,-1.974829126634028154e-01,-1.780138980769670198e-01,-3.883429923120388511e-02,-8.621623824898340160e+01,4.265336094260746336e+01,-3.063015414565793293e+01,0.000000000000000000e+00,0.000000000000000000e+00,0.000000000000000000e+00,0.000000000000000000e+00,8.276380004882812500e+02,8.276376342773437500e+02,8.276376342773437500e+02,8.276380004882812500e+02,-1.014373384774147630e+09
1.925999999999999934e+00,-8.601861114633095440e+01,4.283150490675949840e+01,-3.059131866024597812e+01,1.441899890437525755e-04,1.300660750658266807e-04,1.186180750067933332e-06,1.124568283557891846e-01,2.464277267456054688e+00,-2.607580423355102539e+00,-1.976271026524432650e-01,-1.781439641520361772e-01,-3.883548541195331466e-02,-8.621623824898340160e+01,4.265336094260746336e+01,-3.063015414565793293e+01,0.000000000000000000e+00,0.000000000000000000e+00,0.000000000000000000e+00,0.000000000000000000e+00,8.276379394531250000e+02,8.276376953125000000e+02,8.276376953125000000e+02,8.276379394531250000e+02,-1.014383554342201114e+09
1.927000000000000046e+00,-8.601846679673595020e+01,4.283163504010216371e+01,-3.059131718127089883e+01,1.443495950042006370e-04,1.301333426653172864e-04,1.478975079294286843e-06,1.124651134014129639e-01,2.464310884475708008e+00,-2.607609510421752930e+00,-1.977714522474496861e-01,-1.782740974947034929e-01,-3.883696438703539144e-02,-8.621623824898340160e+01,4.265336094260746336e+01,-3.063015414565793293e+01,0.000000000000000000e+00,0.000000000000000000e+00,0.000000000000000000e+00,0.000000000000000000e+00,8.276379394531250000e+02,8.276377563476562500e+02,8.276377563476562500e+02,8.276379394531250000e+02,-1.014393723896478295e+09
1.927999999999999936e+00,-8.601832230088744780e+01,4.283176522738603609e+01,-3.059131539945331113e+01,1.444958485024017136e-04,1.301872838723738823e-04,1.781817587698242278e-06,1.124739646911621094e-01,2.464346885681152344e+00,-2.607640981674194336e+00,-1.979159480959551132e-01,-1.784042847785757280e-01,-3.883874620462336030e-02,-8.621623824898340160e+01,4.265336094260746336e+01,-3.063015414565793293e+01,0.000000000000000000e+00,0.000000000000000000e+00,0.000000000000000000e+00,0.000000000000000000e+00,8.276378784179687500e+02,8.276378173828125000e+02,8.276378173828125000e+02,8.276378784179687500e+02,-1.014403893436940193e+09
1.929000000000000048e+00,-8.601817763213543344e+01,4.283189549532493601e+01,-3.059131330154129103e+01,1.446687520143541406e-04,1.302679388999194998e-04,2.097912020104786279e-06,1.124816536903381348e-01,2.464377403259277344e+00,-2.607668399810791016e+00,-1.980606168479732976e-01,-1.785345527174740932e-01,-3.884084411664133485e-02,-8.621623824898340160e+01,4.265336094260746336e+01,-3.063015414565793293e+01,0.000000000000000000e+00,0.000000000000000000e+00,0.000000000000000000e+00,0.000000000000000000e+00,8.276378173828125000e+02,8.276378784179687500e+02,8.276378784179687500e+02,8.276378173828125000e+02,-1.014414062963544488e+09
1.929999999999999938e+00,-8.601803281715278615e+01,4.283202581723048041e+01,-3.059131088744804217e+01,1.448149826472899804e-04,1.303219055444060359e-04,2.414093248859217056e-06,1.124905645847320557e-01,2.464413642883300781e+00,-2.607699632644653320e+00,-1.982054318306193941e-01,-1.786648746230139750e-01,-3.884325820989135980e-02,-8.621623824898340160e+01,4.265336094260746336e+01,-3.063015414565793293e+01,0.000000000000000000e+00,0.000000000000000000e+00,0.000000000000000000e+00,0.000000000000000000e+00,8.276377563476562500e+02,8.276378784179687500e+02,8.276379394531250000e+02,8.276377563476562500e+02,-1.014424232476251721e+09
1.931000000000000050e+00,-8.601788786778236329e+01,4.283215618246814671e+01,-3.059130814950292532e+01,1.449493704228643765e-04,1.303652376662967072e-04,2.737945116848550242e-06,1.124989688396453857e-01,2.464446544647216797e+00,-2.607729434967041016e+00,-1.983503812010338208e-01,-1.787952398606832416e-01,-3.884599615500824304e-02,-8.621623824898340160e+01,4.265336094260746336e+01,-3.063015414565793293e+01,0.000000000000000000e+00,0.000000000000000000e+00,0.000000000000000000e+00,0.000000000000000000e+00,8.276376953125000000e+02,8.276379394531250000e+02,8.276379394531250000e+02,8.276376953125000000e+02,-1.014434401975022435e+09
1.931999999999999940e+00,-8.601774276037558309e+01,4.283228662566621381e+01,-3.059130508973234797e+01,1.451074067801982892e-04,1.304431980670983648e-04,3.059770577351628162e-06,1.125073134899139404e-01,2.464479923248291016e+00,-2.607758998870849609e+00,-1.984954886078198200e-01,-1.789256830587495350e-01,-3.884905592558340892e-02,-8.621623824898340160e+01,4.265336094260746336e+01,-3.063015414565793293e+01,0.000000000000000000e+00,0.000000000000000000e+00,0.000000000000000000e+00,0.000000000000000000e+00,8.276376342773437500e+02,8.276380004882812500e+02,8.276380004882812500e+02,8.276376342773437500e+02,-1.014444571459816694e+09
1.933000000000000052e+00,-8.601759750676146155e+01,4.283241713619219126e+01,-3.059130170380060321e+01,1.452536141215432508e-04,1.305105259774563820e-04,3.385931744759318462e-06,1.125158667564392090e-01,2.464513778686523438e+00,-2.607789039611816406e+00,-1.986407422219336194e-01,-1.790561935847286845e-01,-3.885244185732906336e-02,-8.621623824898340160e+01,4.265336094260746336e+01,-3.063015414565793293e+01,0.000000000000000000e+00,0.000000000000000000e+00,0.000000000000000000e+00,0.000000000000000000e+00,8.276375732421875000e+02,8.276380615234375000e+02,8.276380615234375000e+02,8.276375732421875000e+02,-1.014454740930595279e+09
1.933999999999999941e+00,-8.601745212026220599e+01,4.283254768735072560e+01,-3.059129799831146457e+01,1.453864992555509161e-04,1.305511585343310799e-04,3.705489138638995428e-06,1.125243008136749268e-01,2.464547634124755859e+00,-2.607818841934204102e+00,-1.987861287212001615e-01,-1.791867447432646254e-01,-3.885614734646914564e-02,-8.621623824898340160e+01,4.265336094260746336e+01,-3.063015414565793293e+01,0.000000000000000000e+00,0.000000000000000000e+00,0.000000000000000000e+00,0.000000000000000000e+00,8.276375732421875000e+02,8.276381225585937500e+02,8.276381225585937500e+02,8.276375732421875000e+02,-1.014464910387319088e+09
1.935000000000000053e+00,-8.601730661421316881e+01,4.283267829246715053e+01,-3.059129397993792310e+01,1.455060490371806736e-04,1.306051164249311114e-04,4.018373541470054988e-06,1.125327348709106445e-01,2.464581966400146484e+00,-2.607848644256591797e+00,-1.989316347702295151e-01,-1.793173498596905002e-01,-3.886016572001044916e-02,-8.621623824898340160e+01,4.265336094260746336e+01,-3.063015414565793293e+01,0.000000000000000000e+00,0.000000000000000000e+00,0.000000000000000000e+00,0.000000000000000000e+00,8.276375122070312500e+02,8.276381835937500000e+02,8.276381835937500000e+02,8.276375122070312500e+02,-1.014475079829953313e+09
1.935999999999999943e+00,-8.601716097526468729e+01,4.283280895153564671e+01,-3.059128965537159317e+01,1.456389484815190372e-04,1.306590684961861371e-04,4.324566329927392871e-06,1.125413775444030762e-01,2.464616537094116211e+00,-2.607879400253295898e+00,-1.990772737187186670e-01,-1.794480089281861590e-01,-3.886449028634151454e-02,-8.621623824898340160e+01,4.265336094260746336e+01,-3.063015414565793293e+01,0.000000000000000000e+00,0.000000000000000000e+00,0.000000000000000000e+00,0.000000000000000000e+00,8.276374511718750000e+02,8.276381835937500000e+02,8.276381835937500000e+02,8.276374511718750000e+02,-1.014485249258460999e+09
1.937000000000000055e+00,-8.601701524341342520e+01,4.283293965118027558e+01,-3.059128503786750386e+01,1.457318512620986439e-04,1.306996446288621883e-04,4.617504089310386917e-06,1.125502586364746094e-01,2.464651823043823242e+00,-2.607910871505737305e+00,-1.992230055699716340e-01,-1.795787085728153265e-01,-3.886910779043027675e-02,-8.621623824898340160e+01,4.265336094260746336e+01,-3.063015414565793293e+01,0.000000000000000000e+00,0.000000000000000000e+00,0.000000000000000000e+00,0.000000000000000000e+00,8.276374511718750000e+02,8.276382446289062500e+02,8.276382446289062500e+02,8.276374511718750000e+02,-1.014495418672811866e+09
1.937999999999999945e+00,-8.601686940530440495e+01,4.283307039138932737e+01,-3.059128013745221963e+01,1.458381090202465202e-04,1.307402090517939541e-04,4.900415284225800860e-06,1.125583350658416748e-01,2.464684009552001953e+00,-2.607938766479492188e+00,-1.993688436789958496e-01,-1.797094487818613751e-01,-3.887400820571468990e-02,-8.621623824898340160e+01,4.265336094260746336e+01,-3.063015414565793293e+01,0.000000000000000000e+00,0.000000000000000000e+00,0.000000000000000000e+00,0.000000000000000000e+00,8.276373901367187500e+02,8.276382446289062500e+02,8.276383056640625000e+02,8.276373901367187500e+02,-1.014505588072973728e+09
1.939000000000000057e+00,-8.601672347425274268e+01,4.283320117213028055e+01,-3.059127497078062774e+01,1.459310516622736031e-04,1.307807409531847043e-04,5.166671591894100857e-06,1.125671863555908203e-01,2.464719295501708984e+00,-2.607969760894775391e+00,-1.995147747306640074e-01,-1.798402295228188064e-01,-3.887917487730568195e-02,-8.621623824898340160e+01,4.265336094260746336e+01,-3.063015414565793293e+01,0.000000000000000000e+00,0.000000000000000000e+00,0.000000000000000000e+00,0.000000000000000000e+00,8.276373291015625000e+02,8.276383056640625000e+02,8.276383056640625000e+02,8.276373291015625000e+02,-1.014515757458917975e+09
1.939999999999999947e+00,-8.601657747690939004e+01,4.283333198002575415e+01,-3.059126955446339124e+01,1.459973433526329245e-04,1.308078954735947264e-04,5.416317236495160614e-06,1.125756502151489258e-01,2.464752912521362305e+00,-2.608000278472900391e+00,-1.996607720740178615e-01,-1.799710374182908745e-01,-3.888459119454024115e-02,-8.621623824898340160e+01,4.265336094260746336e+01,-3.063015414565793293e+01,0.000000000000000000e+00,0.000000000000000000e+00,0.000000000000000000e+00,0.000000000000000000e+00,8.276373291015625000e+02,8.276383666992187500e+02,8.276383666992187500e+02,8.276373291015625000e+02,-1.014525926830620289e+09
1.941000000000000059e+00,-8.601643141324899489e+01,4.283346281504762487e+01,-3.059126390517614524e+01,1.460636603951570578e-04,1.308350218707232671e-04,5.649287246001222229e-06,1.125841438770294189e-01,2.464787006378173828e+00,-2.608029842376708984e+00,-1.998068357344032209e-01,-1.801018724401608484e-01,-3.889024048178759546e-02,-8.621623824898340160e+01,4.265336094260746336e+01,-3.063015414565793293e+01,0.000000000000000000e+00,0.000000000000000000e+00,0.000000000000000000e+00,0.000000000000000000e+00,8.276372680664062500e+02,8.276383666992187500e+02,8.276383666992187500e+02,8.276372680664062500e+02,-1.014536096188057423e+09
1.941999999999999948e+00,-8.601628529657158140e+01,4.283359366381124289e+01,-3.059125804622041045e+01,1.461166774134881052e-04,1.308487636180188929e-04,5.858955734794335513e-06,1.125925779342651367e-01,2.464820861816406250e+00,-2.608060359954833984e+00,-1.999529524118237034e-01,-1.802327212037787008e-01,-3.889609943752423554e-02,-8.621623824898340160e+01,4.265336094260746336e+01,-3.063015414565793293e+01,0.000000000000000000e+00,0.000000000000000000e+00,0.000000000000000000e+00,0.000000000000000000e+00,8.276372680664062500e+02,8.276383666992187500e+02,8.276383666992187500e+02,8.276372680664062500e+02,-1.014546265531208634e+09
1.943000000000000060e+00,-8.601613914018584239e+01,4.283372453961231940e+01,-3.059125200094412378e+01,1.461563857390046905e-04,1.308758010765131985e-04,6.045276286670286936e-06,1.126011610031127930e-01,2.464855432510375977e+00,-2.608089923858642578e+00,-2.000991087975529104e-01,-1.803635970048565462e-01,-3.890214471380817884e-02,-8.621623824898340160e+01,4.265336094260746336e+01,-3.063015414565793293e+01,0.000000000000000000e+00,0.000000000000000000e+00,0.000000000000000000e+00,0.000000000000000000e+00,8.276372680664062500e+02,8.276384277343750000e+02,8.276384277343750000e+02,8.276372680664062500e+02,-1.014556434860058188e+09
1.943999999999999950e+00,-8.601599297073275352e+01,4.283385541572698685e+01,-3.059124578926930837e+01,1.461694530888735244e-04,1.308761146674441989e-04,6.211674815403966932e-06,1.126101613044738770e-01,2.464891195297241211e+00,-2.608121871948242188e+00,-2.002452782506513318e-01,-1.804944731195225194e-01,-3.890835638862631674e-02,-8.621623824898340160e+01,4.265336094260746336e+01,-3.063015414565793293e+01,0.000000000000000000e+00,0.000000000000000000e+00,0.000000000000000000e+00,0.000000000000000000e+00,8.276372680664062500e+02,8.276384277343750000e+02,8.276384277343750000e+02,8.276372680664062500e+02,-1.014566604174593568e+09
1.945000000000000062e+00,-8.601584677482965446e+01,4.283398630544818531e+01,-3.059123944125587613e+01,1.461959030990556130e-04,1.308897211984572095e-04,6.348013432244670184e-06,1.126185357570648193e-01,2.464924812316894531e+00,-2.608151912689208984e+00,-2.003914741537496103e-01,-1.806253628407215595e-01,-3.891470440205785364e-02,-8.621623824898340160e+01,4.265336094260746336e+01,-3.063015414565793293e+01,0.000000000000000000e+00,0.000000000000000000e+00,0.000000000000000000e+00,0.000000000000000000e+00,8.276372070312500000e+02,8.276384277343750000e+02,8.276384277343750000e+02,8.276372070312500000e+02,-1.014576773474803329e+09
1.945999999999999952e+00,-8.601570060441861187e+01,4.283411718461758966e+01,-3.059123297916665152e+01,1.461704110425898762e-04,1.308791694043520693e-04,6.462089224612554972e-06,1.126272976398468018e-01,2.464958906173706055e+00,-2.608182430267333984e+00,-2.005376445647836514e-01,-1.807562420101236911e-01,-3.892116649128297273e-02,-8.621623824898340160e+01,4.265336094260746336e+01,-3.063015414565793293e+01,0.000000000000000000e+00,0.000000000000000000e+00,0.000000000000000000e+00,0.000000000000000000e+00,8.276372070312500000e+02,8.276384277343750000e+02,8.276384277343750000e+02,8.276372070312500000e+02,-1.014586942760684013e+09
1.947000000000000064e+00,-8.601555443554903491e+01,4.283424806138062735e+01,-3.059122642498166655e+01,1.461688695769680635e-04,1.308767630376905799e-04,6.554184984963740135e-06,1.126357614994049072e-01,2.464993715286254883e+00,-2.608212232589721680e+00,-2.006838134343607305e-01,-1.808871187731628249e-01,-3.892772067626537602e-02,-8.621623824898340160e+01,4.265336094260746336e+01,-3.063015414565793293e+01,0.000000000000000000e+00,0.000000000000000000e+00,0.000000000000000000e+00,0.000000000000000000e+00,8.276372070312500000e+02,8.276384277343750000e+02,8.276384277343750000e+02,8.276372070312500000e+02,-1.014597112032230020e+09
1.947999999999999954e+00,-8.601540829345677253e+01,4.283437892491252086e+01,-3.059121981436870286e+01,1.461420922623801744e-04,1.308635318935102987e-04,6.610612963697803934e-06,1.126442849636077881e-01,2.465027570724487305e+00,-2.608242034912109375e+00,-2.008299555266333247e-01,-1.810179823050588055e-01,-3.893433128922844239e-02,-8.621623824898340160e+01,4.265336094260746336e+01,-3.063015414565793293e+01,0.000000000000000000e+00,0.000000000000000000e+00,0.000000000000000000e+00,0.000000000000000000e+00,8.276372070312500000e+02,8.276384277343750000e+02,8.276384277343750000e+02,8.276372070312500000e+02,-1.014607281289441466e+09
1.949000000000000066e+00,-8.601526220478574203e+01,4.283450977516339009e+01,-3.059121317063088341e+01,1.460886710304976077e-04,1.308502508692299671e-04,6.643737819445050263e-06,1.126528680324554443e-01,2.465062379837036133e+00,-2.608272075653076172e+00,-2.009760441976541356e-01,-1.811488325559265644e-01,-3.894097502704857439e-02,-8.621623824898340160e+01,4.265336094260746336e+01,-3.063015414565793293e+01,0.000000000000000000e+00,0.000000000000000000e+00,0.000000000000000000e+00,0.000000000000000000e+00,8.276372680664062500e+02,8.276384277343750000e+02,8.276384277343750000e+02,8.276372070312500000e+02,-1.014617450532324553e+09
1.949999999999999956e+00,-8.601511616948420169e+01,4.283464059874040686e+01,-3.059120652376013183e+01,1.460353015403370591e-04,1.308235770167698320e-04,6.646870751580991055e-06,1.126617193222045898e-01,2.465096712112426758e+00,-2.608303785324096680e+00,-2.011220794991998295e-01,-1.812796561329452494e-01,-3.894762189780136274e-02,-8.621623824898340160e+01,4.265336094260746336e+01,-3.063015414565793293e+01,0.000000000000000000e+00,0.000000000000000000e+00,0.000000000000000000e+00,0.000000000000000000e+00,8.276372680664062500e+02,8.276384277343750000e+02,8.276384277343750000e+02,8.276372680664062500e+02,-1.014627619760886073e+09
1.951000000000000068e+00,-8.601497018750464463e+01,4.283477139559084890e+01,-3.059119990377171305e+01,1.459819795570638234e-04,1.307968504420387035e-04,6.619988418776756589e-06,1.126705706119537354e-01,2.465132951736450195e+00,-2.608334779739379883e+00,-2.012680614787629996e-01,-1.814104529833823476e-01,-3.895424188622015338e-02,-8.621623824898340160e+01,4.265336094260746336e+01,-3.063015414565793293e+01,0.000000000000000000e+00,0.000000000000000000e+00,0.000000000000000000e+00,0.000000000000000000e+00,8.276372680664062500e+02,8.276383666992187500e+02,8.276383666992187500e+02,8.276372680664062500e+02,-1.014637788975134492e+09
1.951999999999999957e+00,-8.601482429882653946e+01,4.283490215231958587e+01,-3.059119333392396811e+01,1.458886781051660364e-04,1.307567287369693076e-04,6.569847744941625933e-06,1.126788258552551270e-01,2.465165615081787109e+00,-2.608363628387451172e+00,-2.014139501568605883e-01,-1.815412097121196222e-01,-3.896081173396493541e-02,-8.621623824898340160e+01,4.265336094260746336e+01,-3.063015414565793293e+01,0.000000000000000000e+00,0.000000000000000000e+00,0.000000000000000000e+00,0.000000000000000000e+00,8.276372680664062500e+02,8.276383666992187500e+02,8.276383666992187500e+02,8.276372680664062500e+02,-1.014647958175085664e+09
1.953000000000000069e+00,-8.601467850340658572e+01,4.283503288221384508e+01,-3.059118684425542156e+01,1.457954199537425666e-04,1.307298942592183266e-04,6.489668546549864914e-06,1.126876175403594971e-01,2.465201377868652344e+00,-2.608394384384155273e+00,-2.015597455768111945e-01,-1.816719396063788683e-01,-3.896730140251191549e-02,-8.621623824898340160e+01,4.265336094260746336e+01,-3.063015414565793293e+01,0.000000000000000000e+00,0.000000000000000000e+00,0.000000000000000000e+00,0.000000000000000000e+00,8.276373291015625000e+02,8.276383666992187500e+02,8.276383666992187500e+02,8.276373291015625000e+02,-1.014658127360758185e+09
1.953999999999999959e+00,-8.601453280119777389e+01,4.283516357188607770e+01,-3.059118046142268454e+01,1.457022088118264946e-04,1.306896722326200688e-04,6.382832737017452018e-06,1.126961112022399902e-01,2.465234756469726562e+00,-2.608424186706542969e+00,-2.017054477856294048e-01,-1.818026292786175391e-01,-3.897368423525001541e-02,-8.621623824898340160e+01,4.265336094260746336e+01,-3.063015414565793293e+01,0.000000000000000000e+00,0.000000000000000000e+00,0.000000000000000000e+00,0.000000000000000000e+00,8.276373291015625000e+02,8.276383056640625000e+02,8.276383056640625000e+02,8.276373291015625000e+02,-1.014668296532171488e+09
1.955000000000000071e+00,-8.601438721883360472e+01,4.283529420793946940e+01,-3.059117421203995590e+01,1.455823641691722514e-04,1.306360533916972599e-04,6.249382728640284768e-06,1.127045750617980957e-01,2.465268850326538086e+00,-2.608454704284667969e+00,-2.018510301498032955e-01,-1.819332653320072102e-01,-3.897993361797871814e-02,-8.621623824898340160e+01,4.265336094260746336e+01,-3.063015414565793293e+01,0.000000000000000000e+00,0.000000000000000000e+00,0.000000000000000000e+00,0.000000000000000000e+00,8.276373901367187500e+02,8.276383056640625000e+02,8.276383056640625000e+02,8.276373901367187500e+02,-1.014678465689349651e+09
1.955999999999999961e+00,-8.601424176961685930e+01,4.283542479032774253e+01,-3.059116811943086844e+01,1.454492167454191076e-04,1.305823882731260710e-04,6.092609087460232331e-06,1.127131879329681396e-01,2.465302944183349609e+00,-2.608484745025634766e+00,-2.019964793665448566e-01,-1.820638477202768390e-01,-3.898602622706612980e-02,-8.621623824898340160e+01,4.265336094260746336e+01,-3.063015414565793293e+01,0.000000000000000000e+00,0.000000000000000000e+00,0.000000000000000000e+00,0.000000000000000000e+00,8.276373901367187500e+02,8.276382446289062500e+02,8.276382446289062500e+02,8.276373901367187500e+02,-1.014688634832320809e+09
1.957000000000000073e+00,-8.601409642682837386e+01,4.283555533235258395e+01,-3.059116221034117089e+01,1.453427884854363583e-04,1.305420248414179696e-04,5.909089697553326914e-06,1.127215623855590820e-01,2.465336084365844727e+00,-2.608513832092285156e+00,-2.021418221550214112e-01,-1.821943897451224481e-01,-3.899193531676106717e-02,-8.621623824898340160e+01,4.265336094260746336e+01,-3.063015414565793293e+01,0.000000000000000000e+00,0.000000000000000000e+00,0.000000000000000000e+00,0.000000000000000000e+00,8.276374511718750000e+02,8.276381835937500000e+02,8.276381835937500000e+02,8.276374511718750000e+02,-1.014698803961110950e+09
1.957999999999999963e+00,-8.601395124378285573e+01,4.283568580727327202e+01,-3.059115650798386099e+01,1.451830455181379875e-04,1.304749206880728707e-04,5.702357309900207838e-06,1.127308309078216553e-01,2.465373039245605469e+00,-2.608547449111938477e+00,-2.022870052005445729e-01,-1.823248646658089389e-01,-3.899763767407146697e-02,-8.621623824898340160e+01,4.265336094260746336e+01,-3.063015414565793293e+01,0.000000000000000000e+00,0.000000000000000000e+00,0.000000000000000000e+00,0.000000000000000000e+00,8.276375122070312500e+02,8.276381835937500000e+02,8.276381835937500000e+02,8.276375122070312500e+02,-1.014708973075754523e+09
1.959000000000000075e+00,-8.601380618043648951e+01,4.283581622841349912e+01,-3.059115102912069162e+01,1.450633463662143186e-04,1.304211402270993858e-04,5.478863169372516495e-06,1.127387285232543945e-01,2.465405464172363281e+00,-2.608574867248535156e+00,-2.024320685469138403e-01,-1.824552858060336513e-01,-3.900311653724290728e-02,-8.621623824898340160e+01,4.265336094260746336e+01,-3.063015414565793293e+01,0.000000000000000000e+00,0.000000000000000000e+00,0.000000000000000000e+00,0.000000000000000000e+00,8.276375732421875000e+02,8.276381225585937500e+02,8.276381225585937500e+02,8.276375732421875000e+02,-1.014719142176281452e+09
1.959999999999999964e+00,-8.601366130218551120e+01,4.283594658482802231e+01,-3.059114580269087469e+01,1.448782509783086425e-04,1.303564145231916882e-04,5.226429816929112349e-06,1.127478480339050293e-01,2.465440750122070312e+00,-2.608606815338134766e+00,-2.025769467978898453e-01,-1.825856422205573149e-01,-3.900834296705980864e-02,-8.621623824898340160e+01,4.265336094260746336e+01,-3.063015414565793293e+01,0.000000000000000000e+00,0.000000000000000000e+00,0.000000000000000000e+00,0.000000000000000000e+00,8.276375732421875000e+02,8.276380615234375000e+02,8.276380615234375000e+02,8.276375732421875000e+02,-1.014729311262733340e+09
1.961000000000000076e+00,-8.601351654483995901e+01,4.283607688492164556e+01,-3.059114083405069806e+01,1.447573455521933283e-04,1.303000936232479035e-04,4.968640176628014160e-06,1.127555668354034424e-01,2.465471744537353516e+00,-2.608633756637573242e+00,-2.027217041434411782e-01,-1.827159423141820060e-01,-3.901331160723633951e-02,-8.621623824898340160e+01,4.265336094260746336e+01,-3.063015414565793293e+01,0.000000000000000000e+00,0.000000000000000000e+00,0.000000000000000000e+00,0.000000000000000000e+00,8.276376342773437500e+02,8.276380004882812500e+02,8.276380004882812500e+02,8.276376342773437500e+02,-1.014739480335142255e+09
1.961999999999999966e+00,-8.601337194711723555e+01,4.283620711777766132e+01,-3.059113614551125337e+01,1.445977227234607199e-04,1.302328560157661741e-04,4.688539444686057323e-06,1.127647161483764648e-01,2.465508460998535156e+00,-2.608666181564331055e+00,-2.028663018661665818e-01,-1.828461751701973836e-01,-3.901800014667933941e-02,-8.621623824898340160e+01,4.265336094260746336e+01,-3.063015414565793293e+01,0.000000000000000000e+00,0.000000000000000000e+00,0.000000000000000000e+00,0.000000000000000000e+00,8.276376953125000000e+02,8.276379394531250000e+02,8.276379394531250000e+02,8.276376953125000000e+02,-1.014749649393546820e+09
1.963000000000000078e+00,-8.601322750900483527e+01,4.283633729671749535e+01,-3.059113174710054750e+01,1.444381124002802608e-04,1.301789398340247317e-04,4.398410705874766791e-06,1.127729713916778564e-01,2.465541601181030273e+00,-2.608695507049560547e+00,-2.030107399785622546e-01,-1.829763541100318525e-01,-3.902239855738455498e-02,-8.621623824898340160e+01,4.265336094260746336e+01,-3.063015414565793293e+01,0.000000000000000000e+00,0.000000000000000000e+00,0.000000000000000000e+00,0.000000000000000000e+00,8.276377563476562500e+02,8.276379394531250000e+02,8.276379394531250000e+02,8.276377563476562500e+02,-1.014759818437987924e+09
1.963999999999999968e+00,-8.601308323046629312e+01,4.283646739502997036e+01,-3.059112765544589152e+01,1.442785385421530009e-04,1.300983124750132447e-04,4.091654655979937161e-06,1.127817034721374512e-01,2.465576887130737305e+00,-2.608725786209106445e+00,-2.031550185171114020e-01,-1.831064524225100576e-01,-3.902649021204297741e-02,-8.621623824898340160e+01,4.265336094260746336e+01,-3.063015414565793293e+01,0.000000000000000000e+00,0.000000000000000000e+00,0.000000000000000000e+00,0.000000000000000000e+00,8.276378173828125000e+02,8.276378784179687500e+02,8.276378784179687500e+02,8.276378173828125000e+02,-1.014769987468504786e+09
1.965000000000000080e+00,-8.601293911150406757e+01,4.283659743938848408e+01,-3.059112387392879029e+01,1.441189622255478753e-04,1.300443585137145419e-04,3.781517101231202105e-06,1.127901077270507812e-01,2.465610265731811523e+00,-2.608756065368652344e+00,-2.032991374793300110e-01,-1.832364967810188594e-01,-3.903027172914273063e-02,-8.621623824898340160e+01,4.265336094260746336e+01,-3.063015414565793293e+01,0.000000000000000000e+00,0.000000000000000000e+00,0.000000000000000000e+00,0.000000000000000000e+00,8.276378784179687500e+02,8.276378173828125000e+02,8.276378173828125000e+02,8.276378784179687500e+02,-1.014780156485139489e+09
1.965999999999999970e+00,-8.601279513875103078e+01,4.283672741643248116e+01,-3.059112041588643294e+01,1.439727530367918007e-04,1.299770439970870939e-04,3.458042357351587270e-06,1.127987205982208252e-01,2.465644121170043945e+00,-2.608786344528198242e+00,-2.034431102323680240e-01,-1.833664738250175008e-01,-3.903372977150072753e-02,-8.621623824898340160e+01,4.265336094260746336e+01,-3.063015414565793293e+01,0.000000000000000000e+00,0.000000000000000000e+00,0.000000000000000000e+00,0.000000000000000000e+00,8.276378784179687500e+02,8.276377563476562500e+02,8.276377563476562500e+02,8.276378784179687500e+02,-1.014790325487931132e+09
1.967000000000000082e+00,-8.601265131221585136e+01,4.283685733950690633e+01,-3.059111727800668845e+01,1.438265351794143498e-04,1.299230744251644865e-04,3.137879744485871925e-06,1.128070354461669922e-01,2.465677499771118164e+00,-2.608815431594848633e+00,-2.035869367675563202e-01,-1.834963968994401395e-01,-3.903686765124275704e-02,-8.621623824898340160e+01,4.265336094260746336e+01,-3.063015414565793293e+01,0.000000000000000000e+00,0.000000000000000000e+00,0.000000000000000000e+00,0.000000000000000000e+00,8.276379394531250000e+02,8.276376953125000000e+02,8.276376953125000000e+02,8.276379394531250000e+02,-1.014800494476919889e+09
1.967999999999999972e+00,-8.601250764521728343e+01,4.283698719524790732e+01,-3.059111447024899277e+01,1.436669985679372985e-04,1.298557410009948399e-04,2.807757695677537413e-06,1.128153800964355469e-01,2.465711116790771484e+00,-2.608845472335815430e+00,-2.037306037661120728e-01,-1.836262526404472406e-01,-3.903967540894155014e-02,-8.621623824898340160e+01,4.265336094260746336e+01,-3.063015414565793293e+01,0.000000000000000000e+00,0.000000000000000000e+00,0.000000000000000000e+00,0.000000000000000000e+00,8.276380004882812500e+02,8.276376342773437500e+02,8.276376342773437500e+02,8.276380004882812500e+02,-1.014810663452147841e+09
1.969000000000000083e+00,-8.601236411109405822e+01,4.283711699702146092e+01,-3.059111198267384424e+01,1.435341232252085319e-04,1.298017735535950123e-04,2.487575148535370317e-06,1.128237545490264893e-01,2.465744733810424805e+00,-2.608874320983886719e+00,-2.038741378893410838e-01,-1.837560544139974494e-01,-3.904216298408875324e-02,-8.621623824898340160e+01,4.265336094260746336e+01,-3.063015414565793293e+01,0.000000000000000000e+00,0.000000000000000000e+00,0.000000000000000000e+00,0.000000000000000000e+00,8.276380615234375000e+02,8.276375732421875000e+02,8.276376342773437500e+02,8.276380615234375000e+02,-1.014820832413652778e+09
1.969999999999999973e+00,-8.601222072317027312e+01,4.283724673146963369e+01,-3.059110982190559724e+01,1.433879237850987920e-04,1.297344481727691345e-04,2.160768246994848596e-06,1.128319799900054932e-01,2.465777873992919922e+00,-2.608903169631958008e+00,-2.040175258131318725e-01,-1.838857888621709402e-01,-3.904432375233584523e-02,-8.621623824898340160e+01,4.265336094260746336e+01,-3.063015414565793293e+01,0.000000000000000000e+00,0.000000000000000000e+00,0.000000000000000000e+00,0.000000000000000000e+00,8.276381225585937500e+02,8.276375732421875000e+02,8.276375732421875000e+02,8.276381225585937500e+02,-1.014831001361474156e+09
1.971000000000000085e+00,-8.601207745478907896e+01,4.283737642529867884e+01,-3.059110797802864212e+01,1.432683811941615204e-04,1.296938290451521425e-04,1.843876955121004357e-06,1.128407120704650879e-01,2.465812683105468750e+00,-2.608934640884399414e+00,-2.041607941943243687e-01,-1.840154826912142327e-01,-3.904616762928908580e-02,-8.621623824898340160e+01,4.265336094260746336e+01,-3.063015414565793293e+01,0.000000000000000000e+00,0.000000000000000000e+00,0.000000000000000000e+00,0.000000000000000000e+00,8.276381835937500000e+02,8.276375122070312500e+02,8.276375122070312500e+02,8.276381225585937500e+02,-1.014841170295648575e+09
1.971999999999999975e+00,-8.601193431930137479e+01,4.283750606518041337e+01,-3.059110644099205700e+01,1.431354877041712825e-04,1.296398817345334464e-04,1.537036585119722076e-06,1.128490567207336426e-01,2.465846061706542969e+00,-2.608963489532470703e+00,-2.043039296820228223e-01,-1.841451225729476560e-01,-3.904770466587528799e-02,-8.621623824898340160e+01,4.265336094260746336e+01,-3.063015414565793293e+01,0.000000000000000000e+00,0.000000000000000000e+00,0.000000000000000000e+00,0.000000000000000000e+00,8.276381835937500000e+02,8.276374511718750000e+02,8.276374511718750000e+02,8.276381835937500000e+02,-1.014851339216213107e+09
1.973000000000000087e+00,-8.601179127670030766e+01,4.283763566447957771e+01,-3.059110520421318213e+01,1.430426010671226322e-04,1.295992991643402092e-04,1.236778874869060019e-06,1.128574907779693604e-01,2.465879440307617188e+00,-2.608993530273437500e+00,-2.044469722830964120e-01,-1.842747218721134117e-01,-3.904894144475134360e-02,-8.621623824898340160e+01,4.265336094260746336e+01,-3.063015414565793293e+01,0.000000000000000000e+00,0.000000000000000000e+00,0.000000000000000000e+00,0.000000000000000000e+00,8.276382446289062500e+02,8.276374511718750000e+02,8.276374511718750000e+02,8.276382446289062500e+02,-1.014861508123198628e+09
1.973999999999999977e+00,-8.601164835368253136e+01,4.283776520986945968e+01,-3.059110425428459479e+01,1.429230177762974563e-04,1.295453898819687311e-04,9.499285873459939467e-07,1.128658354282379150e-01,2.465913295745849609e+00,-2.609022855758666992e+00,-2.045898953008764842e-01,-1.844042672619954915e-01,-3.904989137333803734e-02,-8.621623824898340160e+01,4.265336094260746336e+01,-3.063015414565793293e+01,0.000000000000000000e+00,0.000000000000000000e+00,0.000000000000000000e+00,0.000000000000000000e+00,8.276383056640625000e+02,8.276373901367187500e+02,8.276373901367187500e+02,8.276383056640625000e+02,-1.014871677016638875e+09
1.975000000000000089e+00,-8.601150552246315328e+01,4.283789471707211760e+01,-3.059110358032474863e+01,1.428312193780811867e-04,1.295072026579191515e-04,6.739598461535933893e-07,1.128740310668945312e-01,2.465945243835449219e+00,-2.609052181243896484e+00,-2.047327265202492641e-01,-1.845337744646513567e-01,-3.905056533318317091e-02,-8.621623824898340160e+01,4.265336094260746336e+01,-3.063015414565793293e+01,0.000000000000000000e+00,0.000000000000000000e+00,0.000000000000000000e+00,0.000000000000000000e+00,8.276383056640625000e+02,8.276373291015625000e+02,8.276373291015625000e+02,8.276383056640625000e+02,-1.014881845896563172e+09
1.975999999999999979e+00,-8.601136275866853964e+01,4.283802420810448552e+01,-3.059110315762846000e+01,1.427637946136428582e-04,1.294910323679232533e-04,4.226962886377805262e-07,1.128827035427093506e-01,2.465980052947998047e+00,-2.609081983566284180e+00,-2.048754903148591044e-01,-1.846632654970191134e-01,-3.905098802947158665e-02,-8.621623824898340160e+01,4.265336094260746336e+01,-3.063015414565793293e+01,0.000000000000000000e+00,0.000000000000000000e+00,0.000000000000000000e+00,0.000000000000000000e+00,8.276383666992187500e+02,8.276373291015625000e+02,8.276373291015625000e+02,8.276383666992187500e+02,-1.014892014762997150e+09
1.977000000000000091e+00,-8.601122006117279284e+01,4.283815365866659874e+01,-3.059110297519996280e+01,1.426974957468019056e-04,1.294505621132202577e-04,1.824284971974066139e-07,1.128908991813659668e-01,2.466012954711914062e+00,-2.609111309051513672e+00,-2.050181878106022149e-01,-1.847927160591369411e-01,-3.905117045797188574e-02,-8.621623824898340160e+01,4.265336094260746336e+01,-3.063015414565793293e+01,0.000000000000000000e+00,0.000000000000000000e+00,0.000000000000000000e+00,0.000000000000000000e+00,8.276383666992187500e+02,8.276372680664062500e+02,8.276372680664062500e+02,8.276383666992187500e+02,-1.014902183615963697e+09
1.977999999999999980e+00,-8.601107741668130302e+01,4.283828309548444935e+01,-3.059110300976269059e+01,1.426444914898183924e-04,1.294368178506033473e-04,-3.456272779089886171e-08,1.128990650177001953e-01,2.466045856475830078e+00,-2.609140634536743164e+00,-2.051608323020988334e-01,-1.849221528769864342e-01,-3.905113589524124990e-02,-8.621623824898340160e+01,4.265336094260746336e+01,-3.063015414565793293e+01,0.000000000000000000e+00,0.000000000000000000e+00,0.000000000000000000e+00,0.000000000000000000e+00,8.276383666992187500e+02,8.276372680664062500e+02,8.276372680664062500e+02,8.276383666992187500e+02,-1.014912352455484033e+09
1.979000000000000092e+00,-8.601093481188529211e+01,4.283841251859766430e+01,-3.059110324132759473e+01,1.426047960109144697e-04,1.294231132149548102e-04,-2.315649041406686592e-07,1.129077672958374023e-01,2.466080665588378906e+00,-2.609170436859130859e+00,-2.053034370981100531e-01,-1.850515759902041646e-01,-3.905090433033997499e-02,-8.621623824898340160e+01,4.265336094260746336e+01,-3.063015414565793293e+01,0.000000000000000000e+00,0.000000000000000000e+00,0.000000000000000000e+00,0.000000000000000000e+00,8.276384277343750000e+02,8.276372680664062500e+02,8.276372680664062500e+02,8.276384277343750000e+02,-1.014922521281575918e+09
1.979999999999999982e+00,-8.601079223348243374e+01,4.283854191471770889e+01,-3.059110364321164610e+01,1.425784028583620966e-04,1.293961200445892246e-04,-4.018840513708710205e-07,1.129157841205596924e-01,2.466112613677978516e+00,-2.609199047088623047e+00,-2.054460155009625866e-01,-1.851809721102460060e-01,-3.905050244628695266e-02,-8.621623824898340160e+01,4.265336094260746336e+01,-3.063015414565793293e+01,0.000000000000000000e+00,0.000000000000000000e+00,0.000000000000000000e+00,0.000000000000000000e+00,8.276384277343750000e+02,8.276372070312500000e+02,8.276372070312500000e+02,8.276384277343750000e+02,-1.014932690094251990e+09
1.981000000000000094e+00,-8.601064966818286450e+01,4.283867132391115007e+01,-3.059110419216253263e+01,1.425652995692416880e-04,1.294091934411767397e-04,-5.489508865252901160e-07,1.129241287708282471e-01,2.466145992279052734e+00,-2.609228134155273438e+00,-2.055885808005340487e-01,-1.853103813036882375e-01,-3.904995349539952532e-02,-8.621623824898340160e+01,4.265336094260746336e+01,-3.063015414565793293e+01,0.000000000000000000e+00,0.000000000000000000e+00,0.000000000000000000e+00,0.000000000000000000e+00,8.276384277343750000e+02,8.276372070312500000e+02,8.276372070312500000e+02,8.276384277343750000e+02,-1.014942858893524885e+09
1.981999999999999984e+00,-8.601050711601497767e+01,4.283880071953888802e+01,-3.059110486478697410e+01,1.425521678868335584e-04,1.293956277379493258e-04,-6.726244414778648206e-07,1.129324436187744141e-01,2.466178894042968750e+00,-2.609256982803344727e+00,-2.057311329684191337e-01,-1.854397769314233002e-01,-3.904928087095778377e-02,-8.621623824898340160e+01,4.265336094260746336e+01,-3.063015414565793293e+01,0.000000000000000000e+00,0.000000000000000000e+00,0.000000000000000000e+00,0.000000000000000000e+00,8.276384277343750000e+02,8.276372070312500000e+02,8.276372070312500000e+02,8.276384277343750000e+02,-1.014953027679403186e+09
1.983000000000000096e+00,-8.601036453700942275e+01,4.283893012834264624e+01,-3.059110563451706000e+01,1.425790055549214230e-04,1.294088037582241668e-04,-7.697300858922062616e-07,1.129408180713653564e-01,2.466212987899780273e+00,-2.609286785125732422e+00,-2.058737119739777466e-01,-1.855691857351803586e-01,-3.904851114087242586e-02,-8.621623824898340160e+01,4.265336094260746336e+01,-3.063015414565793293e+01,0.000000000000000000e+00,0.000000000000000000e+00,0.000000000000000000e+00,0.000000000000000000e+00,8.276384277343750000e+02,8.276372070312500000e+02,8.276372070312500000e+02,8.276384277343750000e+02,-1.014963196451889396e+09
1.983999999999999986e+00,-8.601022193121005444e+01,4.283905953703580138e+01,-3.059110647131341665e+01,1.426057993683116365e-04,1.294086931551419184e-04,-8.367963566513481055e-07,1.129487454891204834e-01,2.466244220733642578e+00,-2.609314918518066406e+00,-2.060163177733492779e-01,-1.856985944283350842e-01,-3.904767434451766883e-02,-8.621623824898340160e+01,4.265336094260746336e+01,-3.063015414565793293e+01,0.000000000000000000e+00,0.000000000000000000e+00,0.000000000000000000e+00,0.000000000000000000e+00,8.276384277343750000e+02,8.276372070312500000e+02,8.276372070312500000e+02,8.276384277343750000e+02,-1.014973365210983276e+09
1.985000000000000098e+00,-8.601007929866874235e+01,4.283918897234660506e+01,-3.059110734854359492e+01,1.426325413120821395e-04,1.294353108036716549e-04,-8.772301782755675958e-07,1.129572093486785889e-01,2.466278076171875000e+00,-2.609345197677612305e+00,-2.061589503146561975e-01,-1.858280297391410318e-01,-3.904679711433918510e-02,-8.621623824898340160e+01,4.265336094260746336e+01,-3.063015414565793293e+01,0.000000000000000000e+00,0.000000000000000000e+00,0.000000000000000000e+00,0.000000000000000000e+00,8.276384277343750000e+02,8.276372070312500000e+02,8.276372070312500000e+02,8.276384277343750000e+02,-1.014983533956684828e+09
1.985999999999999988e+00,-8.600993659940321834e+01,4.283931842099647014e+01,-3.059110823956821790e+01,1.426992655240155727e-04,1.294486498650826434e-04,-8.910246229731910717e-07,1.129658818244934082e-01,2.466312885284423828e+00,-2.609375953674316406e+00,-2.063016495801794914e-01,-1.859574783890078076e-01,-3.904590608971399146e-02,-8.621623824898340160e+01,4.265336094260746336e+01,-3.063015414565793293e+01,0.000000000000000000e+00,0.000000000000000000e+00,0.000000000000000000e+00,0.000000000000000000e+00,8.276384277343750000e+02,8.276372680664062500e+02,8.276372680664062500e+02,8.276384277343750000e+02,-1.014993702688984752e+09
1.987000000000000099e+00,-8.600979384681674844e+01,4.283944790972135763e+01,-3.059110911106331798e+01,1.427525864698964142e-04,1.294887248874942998e-04,-8.714951000854398444e-07,1.129739284515380859e-01,2.466345071792602539e+00,-2.609404325485229492e+00,-2.064444021666463069e-01,-1.860869671138908055e-01,-3.904503459461623055e-02,-8.621623824898340160e+01,4.265336094260746336e+01,-3.063015414565793293e+01,0.000000000000000000e+00,0.000000000000000000e+00,0.000000000000000000e+00,0.000000000000000000e+00,8.276384277343750000e+02,8.276372680664062500e+02,8.276372680664062500e+02,8.276384277343750000e+02,-1.015003871407876134e+09
1.987999999999999989e+00,-8.600965101425681780e+01,4.283957742522633794e+01,-3.059110994303815900e+01,1.428325599306390359e-04,1.295155049803042857e-04,-8.319748410201555089e-07,1.129825115203857422e-01,2.466379880905151367e+00,-2.609434843063354492e+00,-2.065872347265811926e-01,-1.862164826188768274e-01,-3.904420261977388507e-02,-8.621623824898340160e+01,4.265336094260746336e+01,-3.063015414565793293e+01,0.000000000000000000e+00,0.000000000000000000e+00,0.000000000000000000e+00,0.000000000000000000e+00,8.276383666992187500e+02,8.276372680664062500e+02,8.276372680664062500e+02,8.276383666992187500e+02,-1.015014040113345265e+09
1.989000000000000101e+00,-8.600950808843742834e+01,4.283970696757634755e+01,-3.059111070216418327e+01,1.429258193894611395e-04,1.295423500096148928e-04,-7.591260242634234601e-07,1.129901409149169922e-01,2.466409921646118164e+00,-2.609460830688476562e+00,-2.067301605459747615e-01,-1.863460249688855264e-01,-3.904344349374935796e-02,-8.621623824898340160e+01,4.265336094260746336e+01,-3.063015414565793293e+01,0.000000000000000000e+00,0.000000000000000000e+00,0.000000000000000000e+00,0.000000000000000000e+00,8.276383666992187500e+02,8.276373291015625000e+02,8.276373291015625000e+02,8.276383666992187500e+02,-1.015024208805373907e+09
1.989999999999999991e+00,-8.600936506840508855e+01,4.283983655239426014e+01,-3.059111136417833521e+01,1.430200323397912143e-04,1.295848179125869137e-04,-6.620141519420030818e-07,1.129992008209228516e-01,2.466446399688720703e+00,-2.609493255615234375e+00,-2.068731805783118050e-01,-1.864756097867992790e-01,-3.904278147959797801e-02,-8.621623824898340160e+01,4.265336094260746336e+01,-3.063015414565793293e+01,0.000000000000000000e+00,0.000000000000000000e+00,0.000000000000000000e+00,0.000000000000000000e+00,8.276383056640625000e+02,8.276373291015625000e+02,8.276373291015625000e+02,8.276383056640625000e+02,-1.015034377483943701e+09
1.991000000000000103e+00,-8.600922194286944489e+01,4.283996617525114203e+01,-3.059111190097146249e+01,1.431255356436622606e-04,1.296228568818946769e-04,-5.367931272814985277e-07,1.130068898200988770e-01,2.466477394104003906e+00,-2.609520435333251953e+00,-2.070163061139540517e-01,-1.866052326436794251e-01,-3.904224468647208429e-02,-8.621623824898340160e+01,4.265336094260746336e+01,-3.063015414565793293e+01,0.000000000000000000e+00,0.000000000000000000e+00,0.000000000000000000e+00,0.000000000000000000e+00,8.276383056640625000e+02,8.276373901367187500e+02,8.276373901367187500e+02,8.276383056640625000e+02,-1.015044546149032235e+09
1.991999999999999993e+00,-8.600907868419791669e+01,4.284009586513329282e+01,-3.059111228501310720e+01,1.432586715282013756e-04,1.296898821507852517e-04,-3.840416447076222539e-07,1.130155920982360840e-01,2.466511487960815430e+00,-2.609551191329956055e+00,-2.071595647854858890e-01,-1.867349225258273238e-01,-3.904186064482422641e-02,-8.621623824898340160e+01,4.265336094260746336e+01,-3.063015414565793293e+01,0.000000000000000000e+00,0.000000000000000000e+00,0.000000000000000000e+00,0.000000000000000000e+00,8.276382446289062500e+02,8.276373901367187500e+02,8.276373901367187500e+02,8.276382446289062500e+02,-1.015054714800612926e+09
1.993000000000000105e+00,-8.600893530575510226e+01,4.284022559539242536e+01,-3.059111249622364070e+01,1.433784428144235790e-04,1.297302591325433241e-04,-2.112105335072556045e-07,1.130237281322479248e-01,2.466544389724731445e+00,-2.609579563140869141e+00,-2.073029432283040596e-01,-1.868646527849603944e-01,-3.904164943429316859e-02,-8.621623824898340160e+01,4.265336094260746336e+01,-3.063015414565793293e+01,0.000000000000000000e+00,0.000000000000000000e+00,0.000000000000000000e+00,0.000000000000000000e+00,8.276382446289062500e+02,8.276374511718750000e+02,8.276374511718750000e+02,8.276382446289062500e+02,-1.015064883438658118e+09
1.993999999999999995e+00,-8.600879178091328470e+01,4.284035539276716520e+01,-3.059111250801489135e+01,1.435248418175660845e-04,1.297973747398373234e-04,-1.179125064254549216e-08,1.130322515964508057e-01,2.466578722000122070e+00,-2.609609603881835938e+00,-2.074464680701178232e-01,-1.869944501597034237e-01,-3.904163764304148521e-02,-8.621623824898340160e+01,4.265336094260746336e+01,-3.063015414565793293e+01,0.000000000000000000e+00,0.000000000000000000e+00,0.000000000000000000e+00,0.000000000000000000e+00,8.276381835937500000e+02,8.276374511718750000e+02,8.276375122070312500e+02,8.276381835937500000e+02,-1.015075052063136339e+09
1.995000000000000107e+00,-8.600864812303626650e+01,4.284048524394366808e+01,-3.059111230366637812e+01,1.436578770181995424e-04,1.298511765028820264e-04,2.043485132219302614e-07,1.130405664443969727e-01,2.466611623764038086e+00,-2.609639167785644531e+00,-2.075901259471357452e-01,-1.871243013362017815e-01,-3.904184199155395080e-02,-8.621623824898340160e+01,4.265336094260746336e+01,-3.063015414565793293e+01,0.000000000000000000e+00,0.000000000000000000e+00,0.000000000000000000e+00,0.000000000000000000e+00,8.276381225585937500e+02,8.276375122070312500e+02,8.276375122070312500e+02,8.276381225585937500e+02,-1.015085220674016237e+09
1.995999999999999996e+00,-8.600850431882801672e+01,4.284061514897570788e+01,-3.059111185652004750e+01,1.438042082497759111e-04,1.299050320398009717e-04,4.471463306288114836e-07,1.130490899085998535e-01,2.466646194458007812e+00,-2.609670162200927734e+00,-2.077339301553824125e-01,-1.872542063682416935e-01,-3.904228913788458655e-02,-8.621623824898340160e+01,4.265336094260746336e+01,-3.063015414565793293e+01,0.000000000000000000e+00,0.000000000000000000e+00,0.000000000000000000e+00,0.000000000000000000e+00,8.276380615234375000e+02,8.276375732421875000e+02,8.276375732421875000e+02,8.276380615234375000e+02,-1.015095389271262407e+09
1.997000000000000108e+00,-8.600836036831559284e+01,4.284074512122865741e+01,-3.059111115326052399e+01,1.439505124238849021e-04,1.299722529495284107e-04,7.032595235045846493e-07,1.130569875240325928e-01,2.466677904129028320e+00,-2.609698057174682617e+00,-2.078778806678092395e-01,-1.873841786211971339e-01,-3.904299239740843808e-02,-8.621623824898340160e+01,4.265336094260746336e+01,-3.063015414565793293e+01,0.000000000000000000e+00,0.000000000000000000e+00,0.000000000000000000e+00,0.000000000000000000e+00,8.276380615234375000e+02,8.276376342773437500e+02,8.276376342773437500e+02,8.276380615234375000e+02,-1.015105557854839802e+09
1.997999999999999998e+00,-8.600821625818679195e+01,4.284087516073837065e+01,-3.059111017723506265e+01,1.441101288008894699e-04,1.300395097132422961e-04,9.760254613411234459e-07,1.130658388137817383e-01,2.466712713241577148e+00,-2.609728336334228516e+00,-2.080219907966100734e-01,-1.875142181309083778e-01,-3.904396842286871755e-02,-8.621623824898340160e+01,4.265336094260746336e+01,-3.063015414565793293e+01,0.000000000000000000e+00,0.000000000000000000e+00,0.000000000000000000e+00,0.000000000000000000e+00,8.276380004882812500e+02,8.276376953125000000e+02,8.276376953125000000e+02,8.276380004882812500e+02,-1.015115726424710035e+09
1.999000000000000110e+00,-8.600807198846540302e+01,4.284100525419593453e+01,-3.059110891174493574e+01,1.442697213889232444e-04,1.300934575638734714e-04,1.265490126911572588e-06,1.130738854408264160e-01,2.466745138168334961e+00,-2.609757184982299805e+00,-2.081662605179971370e-01,-1.876443115884730839e-01,-3.904523391299605933e-02,-8.621623824898340160e+01,4.265336094260746336e+01,-3.063015414565793293e+01,0.000000000000000000e+00,0.000000000000000000e+00,0.000000000000000000e+00,0.000000000000000000e+00,8.276379394531250000e+02,8.276376953125000000e+02,8.276377563476562500e+02,8.276379394531250000e+02,-1.015125894980832934e+09
2.000000000000000000e+00,-8.600792755916775434e+01,4.284113541495483446e+01,-3.059110735014498772e+01,1.444292976486849511e-04,1.301607588999331711e-04,1.561599948018965733e-06,1.130825877189636230e-01,2.466780662536621094e+00,-2.609787702560424805e+00,-2.083106898156417419e-01,-1.877744723473700472e-01,-3.904679551294604201e-02,-8.621623824898340160e+01,4.265336094260746336e+01,-3.063015414565793293e+01,0.000000000000000000e+00,0.000000000000000000e+00,0.000000000000000000e+00,0.000000000000000000e+00,8.276378784179687500e+02,8.276377563476562500e+02,8.276377563476562500e+02,8.276378784179687500e+02,-1.015136063523168445e+09
2.000999999999999890e+00,-8.600778298366252272e+01,4.284126564304195739e+01,-3.059110547573882855e+01,1.445755052316144429e-04,1.302280871229299919e-04,1.874406159174668574e-06,1.130910515785217285e-01,2.466814279556274414e+00,-2.609817504882812500e+00,-2.084552653208777140e-01,-1.879047004344906180e-01,-3.904866991910432850e-02,-8.621623824898340160e+01,4.265336094260746336e+01,-3.063015414565793293e+01,0.000000000000000000e+00,0.000000000000000000e+00,0.000000000000000000e+00,0.000000000000000000e+00,8.276378173828125000e+02,8.276378173828125000e+02,8.276378173828125000e+02,8.276378173828125000e+02,-1.015146232051678419e+09
2.001999999999999780e+00,-8.600763823527009322e+01,4.284139593846767013e+01,-3.059110328857097016e+01,1.447483924295056568e-04,1.302954257127453275e-04,2.187167858380689722e-06,1.130995154380798340e-01,2.466847896575927734e+00,-2.609848022460937500e+00,-2.086000137133122434e-01,-1.880349958602048899e-01,-3.905085708696177244e-02,-8.621623824898340160e+01,4.265336094260746336e+01,-3.063015414565793293e+01,0.000000000000000000e+00,0.000000000000000000e+00,0.000000000000000000e+00,0.000000000000000000e+00,8.276377563476562500e+02,8.276378784179687500e+02,8.276378784179687500e+02,8.276377563476562500e+02,-1.015156400566319585e+09
2.003000000000000114e+00,-8.600749335402450413e+01,4.284152628789740902e+01,-3.059110077854709431e+01,1.448812455890902129e-04,1.303494297388851919e-04,2.510023875856859377e-06,1.131076812744140625e-01,2.466880798339843750e+00,-2.609876632690429688e+00,-2.087448949588914249e-01,-1.881653452899434420e-01,-3.905336711083756684e-02,-8.621623824898340160e+01,4.265336094260746336e+01,-3.063015414565793293e+01,0.000000000000000000e+00,0.000000000000000000e+00,0.000000000000000000e+00,0.000000000000000000e+00,8.276377563476562500e+02,8.276379394531250000e+02,8.276379394531250000e+02,8.276377563476562500e+02,-1.015166569067054152e+09
2.004000000000000004e+00,-8.600734832570523736e+01,4.284165669346273120e+01,-3.059109794808436789e+01,1.450283192667711774e-04,1.304055653221780631e-04,2.830462726421956177e-06,1.131165325641632080e-01,2.466916084289550781e+00,-2.609907865524291992e+00,-2.088899232781647186e-01,-1.882957508552697834e-01,-3.905619757356658395e-02,-8.621623824898340160e+01,4.265336094260746336e+01,-3.063015414565793293e+01,0.000000000000000000e+00,0.000000000000000000e+00,0.000000000000000000e+00,0.000000000000000000e+00,8.276376953125000000e+02,8.276380004882812500e+02,8.276380004882812500e+02,8.276376953125000000e+02,-1.015176737553842068e+09
2.004999999999999893e+00,-8.600720313875422107e+01,4.284178716425655864e+01,-3.059109478910569990e+01,1.451869510162850929e-04,1.304707938274418666e-04,3.158978667983092237e-06,1.131245195865631104e-01,2.466948270797729492e+00,-2.609935760498046875e+00,-2.090351102291824192e-01,-1.884262216490976971e-01,-3.905935655223203434e-02,-8.621623824898340160e+01,4.265336094260746336e+01,-3.063015414565793293e+01,0.000000000000000000e+00,0.000000000000000000e+00,0.000000000000000000e+00,0.000000000000000000e+00,8.276376342773437500e+02,8.276380615234375000e+02,8.276380615234375000e+02,8.276376342773437500e+02,-1.015186906026641607e+09
2.005999999999999783e+00,-8.600705781895230473e+01,4.284191770239230124e+01,-3.059109131063250331e+01,1.453198019163437493e-04,1.305381357425972055e-04,3.478473196594222827e-06,1.131333708763122559e-01,2.466984272003173828e+00,-2.609967947006225586e+00,-2.091804300311002063e-01,-1.885567597848384624e-01,-3.906283502542952368e-02,-8.621623824898340160e+01,4.265336094260746336e+01,-3.063015414565793293e+01,0.000000000000000000e+00,0.000000000000000000e+00,0.000000000000000000e+00,0.000000000000000000e+00,8.276375732421875000e+02,8.276380615234375000e+02,8.276380615234375000e+02,8.276375732421875000e+02,-1.015197074485416293e+09
2.007000000000000117e+00,-8.600691236629171499e+01,4.284204828119069930e+01,-3.059108751261678449e+01,1.454526605897399349e-04,1.305787983980621902e-04,3.798015718814440334e-06,1.131419539451599121e-01,2.467017889022827148e+00,-2.609997510910034180e+00,-2.093258826916859772e-01,-1.886873385832381622e-01,-3.906663304114987162e-02,-8.621623824898340160e+01,4.265336094260746336e+01,-3.063015414565793293e+01,0.000000000000000000e+00,0.000000000000000000e+00,0.000000000000000000e+00,0.000000000000000000e+00,8.276375122070312500e+02,8.276381225585937500e+02,8.276381225585937500e+02,8.276375122070312500e+02,-1.015207242930127144e+09
2.008000000000000007e+00,-8.600676679409633607e+01,4.284217891396426126e+01,-3.059108340840177931e+01,1.455721953789179679e-04,1.306327735619561281e-04,4.104215005185096743e-06,1.131502389907836914e-01,2.467051267623901367e+00,-2.610027074813842773e+00,-2.094714548870646453e-01,-1.888179713567952611e-01,-3.907073725615459875e-02,-8.621623824898340160e+01,4.265336094260746336e+01,-3.063015414565793293e+01,0.000000000000000000e+00,0.000000000000000000e+00,0.000000000000000000e+00,0.000000000000000000e+00,8.276375122070312500e+02,8.276381835937500000e+02,8.276381835937500000e+02,8.276375122070312500e+02,-1.015217411360739708e+09
2.008999999999999897e+00,-8.600662111569761237e+01,4.284230958736322492e+01,-3.059107900127678903e+01,1.456783987237031397e-04,1.306733989636654769e-04,4.407124990279953636e-06,1.131590306758880615e-01,2.467085838317871094e+00,-2.610058069229125977e+00,-2.096171332857844349e-01,-1.889486447557597038e-01,-3.907514438114375460e-02,-8.621623824898340160e+01,4.265336094260746336e+01,-3.063015414565793293e+01,0.000000000000000000e+00,0.000000000000000000e+00,0.000000000000000000e+00,0.000000000000000000e+00,8.276374511718750000e+02,8.276382446289062500e+02,8.276382446289062500e+02,8.276374511718750000e+02,-1.015227579777220726e+09
2.009999999999999787e+00,-8.600647533107351705e+01,4.284244031469847869e+01,-3.059107430794203353e+01,1.457846240953131201e-04,1.307273352537663413e-04,4.693334755501155087e-06,1.131673157215118408e-01,2.467119216918945312e+00,-2.610086917877197266e+00,-2.097629179098886021e-01,-1.890793720910150799e-01,-3.907983771590010924e-02,-8.621623824898340160e+01,4.265336094260746336e+01,-3.063015414565793293e+01,0.000000000000000000e+00,0.000000000000000000e+00,0.000000000000000000e+00,0.000000000000000000e+00,8.276373901367187500e+02,8.276382446289062500e+02,8.276382446289062500e+02,8.276373901367187500e+02,-1.015237748179539084e+09
2.011000000000000121e+00,-8.600632944020405546e+01,4.284257108261255809e+01,-3.059106933837884412e+01,1.458908694615956847e-04,1.307679140793993611e-04,4.969563189405334924e-06,1.131759881973266602e-01,2.467153549194335938e+00,-2.610117197036743164e+00,-2.099088087793429813e-01,-1.892101400050949789e-01,-3.908480727909004193e-02,-8.621623824898340160e+01,4.265336094260746336e+01,-3.063015414565793293e+01,0.000000000000000000e+00,0.000000000000000000e+00,0.000000000000000000e+00,0.000000000000000000e+00,8.276373901367187500e+02,8.276383056640625000e+02,8.276383056640625000e+02,8.276373901367187500e+02,-1.015247916567663074e+09
2.012000000000000011e+00,-8.600618348306929306e+01,4.284270186437558436e+01,-3.059106411248313862e+01,1.459571347623977999e-04,1.307817630262775310e-04,5.225895705507355160e-06,1.131845414638519287e-01,2.467188596725463867e+00,-2.610147714614868164e+00,-2.100547659141117351e-01,-1.893409217681194523e-01,-3.909003317479424477e-02,-8.621623824898340160e+01,4.265336094260746336e+01,-3.063015414565793293e+01,0.000000000000000000e+00,0.000000000000000000e+00,0.000000000000000000e+00,0.000000000000000000e+00,8.276373291015625000e+02,8.276383056640625000e+02,8.276383056640625000e+02,8.276373291015625000e+02,-1.015258084941566944e+09
2.012999999999999901e+00,-8.600603744631655445e+01,4.284283268664914601e+01,-3.059105864366638627e+01,1.460367527386097208e-04,1.308222735616482169e-04,5.468816752340899257e-06,1.131932437419891357e-01,2.467223167419433594e+00,-2.610178470611572266e+00,-2.102008026668450158e-01,-1.894717440416841814e-01,-3.909550199154612771e-02,-8.621623824898340160e+01,4.265336094260746336e+01,-3.063015414565793293e+01,0.000000000000000000e+00,0.000000000000000000e+00,0.000000000000000000e+00,0.000000000000000000e+00,8.276373291015625000e+02,8.276383666992187500e+02,8.276383666992187500e+02,8.276373291015625000e+02,-1.015268253301225781e+09
2.013999999999999790e+00,-8.600589135658431417e+01,4.284296353604189989e+01,-3.059105295520584988e+01,1.460897322402843201e-04,1.308493927538734170e-04,5.688460536390493871e-06,1.132018268108367920e-01,2.467257499694824219e+00,-2.610208511352539062e+00,-2.103468923990854944e-01,-1.896025934344378328e-01,-3.910119045208414190e-02,-8.621623824898340160e+01,4.265336094260746336e+01,-3.063015414565793293e+01,0.000000000000000000e+00,0.000000000000000000e+00,0.000000000000000000e+00,0.000000000000000000e+00,8.276372680664062500e+02,8.276383666992187500e+02,8.276383666992187500e+02,8.276372680664062500e+02,-1.015278421646619201e+09
2.015000000000000124e+00,-8.600574521383576609e+01,4.284309439917768003e+01,-3.059104706708769328e+01,1.461427485480726318e-04,1.308631357801459671e-04,5.888118156605059994e-06,1.132101714611053467e-01,2.467290401458740234e+00,-2.610238552093505859e+00,-2.104930351476326789e-01,-1.897334565702191445e-01,-3.910707857023860978e-02,-8.621623824898340160e+01,4.265336094260746336e+01,-3.063015414565793293e+01,0.000000000000000000e+00,0.000000000000000000e+00,0.000000000000000000e+00,0.000000000000000000e+00,8.276372680664062500e+02,8.276384277343750000e+02,8.276384277343750000e+02,8.276372680664062500e+02,-1.015288589977727413e+09
2.016000000000000014e+00,-8.600559905805393157e+01,4.284322527600055963e+01,-3.059104100259130377e+01,1.461557818345227133e-04,1.308768228795997857e-04,6.064496389512896712e-06,1.132189631462097168e-01,2.467326641082763672e+00,-2.610269069671630859e+00,-2.106391909294654807e-01,-1.898643333930956079e-01,-3.911314306663041945e-02,-8.621623824898340160e+01,4.265336094260746336e+01,-3.063015414565793293e+01,0.000000000000000000e+00,0.000000000000000000e+00,0.000000000000000000e+00,0.000000000000000000e+00,8.276372680664062500e+02,8.276384277343750000e+02,8.276384277343750000e+02,8.276372680664062500e+02,-1.015298758294538379e+09
2.016999999999999904e+00,-8.600545286252005894e+01,4.284335616647744160e+01,-3.059103478510641949e+01,1.461955338726284026e-04,1.308904768819729725e-04,6.217484884274426804e-06,1.132272183895111084e-01,2.467359304428100586e+00,-2.610298395156860352e+00,-2.107853864633442154e-01,-1.899952238699806617e-01,-3.911936055151227914e-02,-8.621623824898340160e+01,4.265336094260746336e+01,-3.063015414565793293e+01,0.000000000000000000e+00,0.000000000000000000e+00,0.000000000000000000e+00,0.000000000000000000e+00,8.276372070312500000e+02,8.276384277343750000e+02,8.276384277343750000e+02,8.276372070312500000e+02,-1.015308926597037315e+09
2.017999999999999794e+00,-8.600530669311920917e+01,4.284348703253279211e+01,-3.059102844352910111e+01,1.461694008497715913e-04,1.308660553505092139e-04,6.341577318380586803e-06,1.132360696792602539e-01,2.467394828796386719e+00,-2.610330104827880859e+00,-2.109315558641905730e-01,-1.901260899253271464e-01,-3.912570212883138138e-02,-8.621623824898340160e+01,4.265336094260746336e+01,-3.063015414565793293e+01,0.000000000000000000e+00,0.000000000000000000e+00,0.000000000000000000e+00,0.000000000000000000e+00,8.276372070312500000e+02,8.276384277343750000e+02,8.276384277343750000e+02,8.276372070312500000e+02,-1.015319094885218978e+09
2.019000000000000128e+00,-8.600516051133213580e+01,4.284361792345149667e+01,-3.059102199990551796e+01,1.461817870733739255e-04,1.308909187045514955e-04,6.443623583152202627e-06,1.132446527481079102e-01,2.467428207397460938e+00,-2.610359430313110352e+00,-2.110777376512667503e-01,-1.902569808440327248e-01,-3.913214575241396459e-02,-8.621623824898340160e+01,4.265336094260746336e+01,-3.063015414565793293e+01,0.000000000000000000e+00,0.000000000000000000e+00,0.000000000000000000e+00,0.000000000000000000e+00,8.276372070312500000e+02,8.276384277343750000e+02,8.276384277343750000e+02,8.276372070312500000e+02,-1.015329263159077406e+09
2.020000000000000018e+00,-8.600501435634984659e+01,4.284374878783447826e+01,-3.059101548315073771e+01,1.461549822892038719e-04,1.308643829815991921e-04,6.516754780250266776e-06,1.132534146308898926e-01,2.467463970184326172e+00,-2.610390186309814453e+00,-2.112238926335605338e-01,-1.903878452270123811e-01,-3.913866250719662265e-02,-8.621623824898340160e+01,4.265336094260746336e+01,-3.063015414565793293e+01,0.000000000000000000e+00,0.000000000000000000e+00,0.000000000000000000e+00,0.000000000000000000e+00,8.276372070312500000e+02,8.276384277343750000e+02,8.276384277343750000e+02,8.276372070312500000e+02,-1.015339431418610334e+09
2.020999999999999908e+00,-8.600486824147743903e+01,4.284387965230866513e+01,-3.059100891997205096e+01,1.461148724075655991e-04,1.308644741868647543e-04,6.563178686747050961e-06,1.132619380950927734e-01,2.467497348785400391e+00,-2.610420703887939453e+00,-2.113700075059633809e-01,-1.905187097012050468e-01,-3.914522568588128804e-02,-8.621623824898340160e+01,4.265336094260746336e+01,-3.063015414565793293e+01,0.000000000000000000e+00,0.000000000000000000e+00,0.000000000000000000e+00,0.000000000000000000e+00,8.276372070312500000e+02,8.276384277343750000e+02,8.276384277343750000e+02,8.276372070312500000e+02,-1.015349599663821936e+09
2.021999999999999797e+00,-8.600472217999663371e+01,4.284401049013373353e+01,-3.059100234031349785e+01,1.460614808053151137e-04,1.308378250683972510e-04,6.579658553107492480e-06,1.132704615592956543e-01,2.467531442642211914e+00,-2.610450506210327148e+00,-2.115160689867691679e-01,-1.906495475262733885e-01,-3.915180534443625515e-02,-8.621623824898340160e+01,4.265336094260746336e+01,-3.063015414565793293e+01,0.000000000000000000e+00,0.000000000000000000e+00,0.000000000000000000e+00,0.000000000000000000e+00,8.276372680664062500e+02,8.276384277343750000e+02,8.276384277343750000e+02,8.276372680664062500e+02,-1.015359767894718289e+09
2.023000000000000131e+00,-8.600457617186307857e+01,4.284414130126043574e+01,-3.059099577085528310e+01,1.460081335551421944e-04,1.308111267022127322e-04,6.569458214755741210e-06,1.132792532444000244e-01,2.467566728591918945e+00,-2.610481977462768555e+00,-2.116620771203275297e-01,-1.907803586529746576e-01,-3.915837480265019904e-02,-8.621623824898340160e+01,4.265336094260746336e+01,-3.063015414565793293e+01,0.000000000000000000e+00,0.000000000000000000e+00,0.000000000000000000e+00,0.000000000000000000e+00,8.276372680664062500e+02,8.276384277343750000e+02,8.276384277343750000e+02,8.276372680664062500e+02,-1.015369936111306787e+09
2.024000000000000021e+00,-8.600443023037263401e+01,4.284427208563479184e+01,-3.059098923825540695e+01,1.459414904445566208e-04,1.307843743560965777e-04,6.532599876152289653e-06,1.132877767086029053e-01,2.467601299285888672e+00,-2.610511541366577148e+00,-2.118080186107733354e-01,-1.909111430273294496e-01,-3.916490740252750319e-02,-8.621623824898340160e+01,4.265336094260746336e+01,-3.063015414565793293e+01,0.000000000000000000e+00,0.000000000000000000e+00,0.000000000000000000e+00,0.000000000000000000e+00,8.276372680664062500e+02,8.276383666992187500e+02,8.276383666992187500e+02,8.276372680664062500e+02,-1.015380104313599229e+09
2.024999999999999911e+00,-8.600428439549172310e+01,4.284440282984706272e+01,-3.059098277243774788e+01,1.458348809109111244e-04,1.307442122708835086e-04,6.465817659062622624e-06,1.132962703704833984e-01,2.467634916305541992e+00,-2.610541820526123047e+00,-2.119538534916839134e-01,-1.910418872396009993e-01,-3.917137322018606621e-02,-8.621623824898340160e+01,4.265336094260746336e+01,-3.063015414565793293e+01,0.000000000000000000e+00,0.000000000000000000e+00,0.000000000000000000e+00,0.000000000000000000e+00,8.276373291015625000e+02,8.276383666992187500e+02,8.276383666992187500e+02,8.276373291015625000e+02,-1.015390272501614451e+09
2.025999999999999801e+00,-8.600413864048938706e+01,4.284453353385060836e+01,-3.059097640346184477e+01,1.457550023360454361e-04,1.307040035456452642e-04,6.368975903114915127e-06,1.133049130439758301e-01,2.467668771743774414e+00,-2.610571861267089844e+00,-2.120996084940195703e-01,-1.911725912431455621e-01,-3.917774219608894520e-02,-8.621623824898340160e+01,4.265336094260746336e+01,-3.063015414565793293e+01,0.000000000000000000e+00,0.000000000000000000e+00,0.000000000000000000e+00,0.000000000000000000e+00,8.276373291015625000e+02,8.276383056640625000e+02,8.276383056640625000e+02,8.276373291015625000e+02,-1.015400440675368786e+09
2.027000000000000135e+00,-8.600399300535291047e+01,4.284466419759416311e+01,-3.059097015127085939e+01,1.456351364765851031e-04,1.306637435547486348e-04,6.252190985378547339e-06,1.133138239383697510e-01,2.467704534530639648e+00,-2.610603809356689453e+00,-2.122452436304974599e-01,-1.913032549866962306e-01,-3.918399438707413640e-02,-8.621623824898340160e+01,4.265336094260746336e+01,-3.063015414565793293e+01,0.000000000000000000e+00,0.000000000000000000e+00,0.000000000000000000e+00,0.000000000000000000e+00,8.276373901367187500e+02,8.276383056640625000e+02,8.276383056640625000e+02,8.276373901367187500e+02,-1.015410608834886670e+09
2.028000000000000025e+00,-8.600384749003175955e+01,4.284479482102160119e+01,-3.059096404587979023e+01,1.455153211509241373e-04,1.306234274380813076e-04,6.105391069155530204e-06,1.133221685886383057e-01,2.467738389968872070e+00,-2.610632896423339844e+00,-2.123907589516427219e-01,-1.914338784141365601e-01,-3.919009977814234130e-02,-8.621623824898340160e+01,4.265336094260746336e+01,-3.063015414565793293e+01,0.000000000000000000e+00,0.000000000000000000e+00,0.000000000000000000e+00,0.000000000000000000e+00,8.276373901367187500e+02,8.276382446289062500e+02,8.276382446289062500e+02,8.276373901367187500e+02,-1.015420776980194211e+09
2.028999999999999915e+00,-8.600370209447754632e+01,4.284492537740854345e+01,-3.059095811058407577e+01,1.453955542132234768e-04,1.305563869422599055e-04,5.935295714465382844e-06,1.133307814598083496e-01,2.467772483825683594e+00,-2.610662698745727539e+00,-2.125361545058487289e-01,-1.915644348010823173e-01,-3.919603507385683444e-02,-8.621623824898340160e+01,4.265336094260746336e+01,-3.063015414565793293e+01,0.000000000000000000e+00,0.000000000000000000e+00,0.000000000000000000e+00,0.000000000000000000e+00,8.276374511718750000e+02,8.276382446289062500e+02,8.276382446289062500e+02,8.276374511718750000e+02,-1.015430945111316919e+09
2.029999999999999805e+00,-8.600355683199430246e+01,4.284505589338068177e+01,-3.059095237209071882e+01,1.452624832438687008e-04,1.305159721383120086e-04,5.738493356943763501e-06,1.133395731449127197e-01,2.467807769775390625e+00,-2.610693693161010742e+00,-2.126814169891000916e-01,-1.916949507732169378e-01,-3.920177356721443740e-02,-8.621623824898340160e+01,4.265336094260746336e+01,-3.063015414565793293e+01,0.000000000000000000e+00,0.000000000000000000e+00,0.000000000000000000e+00,0.000000000000000000e+00,8.276374511718750000e+02,8.276381835937500000e+02,8.276381835937500000e+02,8.276374511718750000e+02,-1.015441113228286147e+09
2.031000000000000139e+00,-8.600341170254455392e+01,4.284518634222575884e+01,-3.059094684702492017e+01,1.451294497485378088e-04,1.304488450770691088e-04,5.525065798650530269e-06,1.133478879928588867e-01,2.467840909957885742e+00,-2.610723257064819336e+00,-2.128265464388531536e-01,-1.918253996182981702e-01,-3.920729863301391366e-02,-8.621623824898340160e+01,4.265336094260746336e+01,-3.063015414565793293e+01,0.000000000000000000e+00,0.000000000000000000e+00,0.000000000000000000e+00,0.000000000000000000e+00,8.276375122070312500e+02,8.276381225585937500e+02,8.276381225585937500e+02,8.276375122070312500e+02,-1.015451281331132412e+09
2.032000000000000028e+00,-8.600326674547154937e+01,4.284531672579343820e+01,-3.059094156107002505e+01,1.449570730045479650e-04,1.303835676793596576e-04,5.285954895128952558e-06,1.133567392826080322e-01,2.467876195907592773e+00,-2.610754966735839844e+00,-2.129715035118508182e-01,-1.919557831859731167e-01,-3.921258458790723850e-02,-8.621623824898340160e+01,4.265336094260746336e+01,-3.063015414565793293e+01,0.000000000000000000e+00,0.000000000000000000e+00,0.000000000000000000e+00,0.000000000000000000e+00,8.276375732421875000e+02,8.276380615234375000e+02,8.276381225585937500e+02,8.276375732421875000e+02,-1.015461449419894218e+09
2.032999999999999918e+00,-8.600312190866856099e+01,4.284544705358106143e+01,-3.059093652953887243e+01,1.448368029883795316e-04,1.303277876232300514e-04,5.031531152610568824e-06,1.133649647235870361e-01,2.467909812927246094e+00,-2.610784292221069336e+00,-2.131163403148408353e-01,-1.920861109735973460e-01,-3.921761611905893313e-02,-8.621623824898340160e+01,4.265336094260746336e+01,-3.063015414565793293e+01,0.000000000000000000e+00,0.000000000000000000e+00,0.000000000000000000e+00,0.000000000000000000e+00,8.276376342773437500e+02,8.276380615234375000e+02,8.276380615234375000e+02,8.276376342773437500e+02,-1.015471617494603157e+09
2.033999999999999808e+00,-8.600297724482265949e+01,4.284557731411960191e+01,-3.059093176806208447e+01,1.446638459015048284e-04,1.302605385404831395e-04,4.761476787962237722e-06,1.133735179901123047e-01,2.467943906784057617e+00,-2.610813856124877930e+00,-2.132610041607364837e-01,-1.922163715121362471e-01,-3.922237759585003869e-02,-8.621623824898340160e+01,4.265336094260746336e+01,-3.063015414565793293e+01,0.000000000000000000e+00,0.000000000000000000e+00,0.000000000000000000e+00,0.000000000000000000e+00,8.276376953125000000e+02,8.276380004882812500e+02,8.276380004882812500e+02,8.276376953125000000e+02,-1.015481785555299997e+09
2.035000000000000142e+00,-8.600283272722873562e+01,4.284570752072639976e+01,-3.059092729338371441e+01,1.445175939238652063e-04,1.302066067978557840e-04,4.474678370058882138e-06,1.133818924427032471e-01,2.467977762222290039e+00,-2.610843896865844727e+00,-2.134055217546724781e-01,-1.923465781189395152e-01,-3.922685227421899429e-02,-8.621623824898340160e+01,4.265336094260746336e+01,-3.063015414565793293e+01,0.000000000000000000e+00,0.000000000000000000e+00,0.000000000000000000e+00,0.000000000000000000e+00,8.276376953125000000e+02,8.276379394531250000e+02,8.276379394531250000e+02,8.276376953125000000e+02,-1.015491953602022767e+09
2.036000000000000032e+00,-8.600268836920487558e+01,4.284583766003685668e+01,-3.059092311546102394e+01,1.443580238600361554e-04,1.301393104569115167e-04,4.177922690473678813e-06,1.133905053138732910e-01,2.468011140823364258e+00,-2.610873699188232422e+00,-2.135498797785284897e-01,-1.924767174293963712e-01,-3.923103019691073778e-02,-8.621623824898340160e+01,4.265336094260746336e+01,-3.063015414565793293e+01,0.000000000000000000e+00,0.000000000000000000e+00,0.000000000000000000e+00,0.000000000000000000e+00,8.276377563476562500e+02,8.276378784179687500e+02,8.276378784179687500e+02,8.276377563476562500e+02,-1.015502121634811282e+09
2.036999999999999922e+00,-8.600254417072767410e+01,4.284596773202494546e+01,-3.059091924763346526e+01,1.441984772014848204e-04,1.300719880887868385e-04,3.867827558678982314e-06,1.133992373943328857e-01,2.468046426773071289e+00,-2.610904455184936523e+00,-2.136940782557289475e-01,-1.926067894174792183e-01,-3.923489802446659264e-02,-8.621623824898340160e+01,4.265336094260746336e+01,-3.063015414565793293e+01,0.000000000000000000e+00,0.000000000000000000e+00,0.000000000000000000e+00,0.000000000000000000e+00,8.276378173828125000e+02,8.276378173828125000e+02,8.276378173828125000e+02,8.276378173828125000e+02,-1.015512289653706431e+09
2.037999999999999812e+00,-8.600240011845457389e+01,4.284609775002809329e+01,-3.059091569328261784e+01,1.440522731002147339e-04,1.300180031478248566e-04,3.554350847423393134e-06,1.134074330329895020e-01,2.468079328536987305e+00,-2.610933303833007812e+00,-2.138381305288322709e-01,-1.927368074206278481e-01,-3.923845237531353725e-02,-8.621623824898340160e+01,4.265336094260746336e+01,-3.063015414565793293e+01,0.000000000000000000e+00,0.000000000000000000e+00,0.000000000000000000e+00,0.000000000000000000e+00,8.276378784179687500e+02,8.276377563476562500e+02,8.276377563476562500e+02,8.276378784179687500e+02,-1.015522457658747911e+09
2.039000000000000146e+00,-8.600225622569794837e+01,4.284622770067533537e+01,-3.059091246570070410e+01,1.438927566255188140e-04,1.299506472420830505e-04,3.227581913733956753e-06,1.134158670902252197e-01,2.468112707138061523e+00,-2.610963106155395508e+00,-2.139820232854513227e-01,-1.928667580678687377e-01,-3.924167995722763203e-02,-8.621623824898340160e+01,4.265336094260746336e+01,-3.063015414565793293e+01,0.000000000000000000e+00,0.000000000000000000e+00,0.000000000000000000e+00,0.000000000000000000e+00,8.276379394531250000e+02,8.276377563476562500e+02,8.276377563476562500e+02,8.276379394531250000e+02,-1.015532625649977565e+09
2.040000000000000036e+00,-8.600211247912197621e+01,4.284635758397626404e+01,-3.059090956157433183e+01,1.437465759721590075e-04,1.298833009286681772e-04,2.904126372271775836e-06,1.134243905544281006e-01,2.468146562576293945e+00,-2.610993385314941406e+00,-2.141257698614199845e-01,-1.929966413687983218e-01,-3.924458408359977890e-02,-8.621623824898340160e+01,4.265336094260746336e+01,-3.063015414565793293e+01,0.000000000000000000e+00,0.000000000000000000e+00,0.000000000000000000e+00,0.000000000000000000e+00,8.276380004882812500e+02,8.276376953125000000e+02,8.276376953125000000e+02,8.276380004882812500e+02,-1.015542793627434373e+09
2.040999999999999925e+00,-8.600196889206472406e+01,4.284648741325904808e+01,-3.059090698424027011e+01,1.435870572521480426e-04,1.298292827840441532e-04,2.577334061726332948e-06,1.134330034255981445e-01,2.468181133270263672e+00,-2.611022949218750000e+00,-2.142693569186722158e-01,-1.931264706515819773e-01,-3.924716141766296934e-02,-8.621623824898340160e+01,4.265336094260746336e+01,-3.063015414565793293e+01,0.000000000000000000e+00,0.000000000000000000e+00,0.000000000000000000e+00,0.000000000000000000e+00,8.276380615234375000e+02,8.276376342773437500e+02,8.276376342773437500e+02,8.276380615234375000e+02,-1.015552961591161489e+09
2.041999999999999815e+00,-8.600182542451531731e+01,4.284661718854875545e+01,-3.059090472709512198e+01,1.434675494067505497e-04,1.297752897073678469e-04,2.257145148121253442e-06,1.134412288665771484e-01,2.468213796615600586e+00,-2.611051797866821289e+00,-2.144128244680891249e-01,-1.932562459412955624e-01,-3.924941856281012609e-02,-8.621623824898340160e+01,4.265336094260746336e+01,-3.063015414565793293e+01,0.000000000000000000e+00,0.000000000000000000e+00,0.000000000000000000e+00,0.000000000000000000e+00,8.276380615234375000e+02,8.276375732421875000e+02,8.276375732421875000e+02,8.276380615234375000e+02,-1.015563129541194320e+09
2.043000000000000149e+00,-8.600168210314325279e+01,4.284674689648847590e+01,-3.059090279340339080e+01,1.433213720645198919e-04,1.297079397204470297e-04,1.933691731181852447e-06,1.134497225284576416e-01,2.468248128890991211e+00,-2.611081600189208984e+00,-2.145561458401456512e-01,-1.933859538810111522e-01,-3.925135225454329246e-02,-8.621623824898340160e+01,4.265336094260746336e+01,-3.063015414565793293e+01,0.000000000000000000e+00,0.000000000000000000e+00,0.000000000000000000e+00,0.000000000000000000e+00,8.276381225585937500e+02,8.276375122070312500e+02,8.276375122070312500e+02,8.276381225585937500e+02,-1.015573297477572322e+09
2.044000000000000039e+00,-8.600153890129256240e+01,4.284687656378543608e+01,-3.059090117325412450e+01,1.432018506903887101e-04,1.296672969601786463e-04,1.620149266301496027e-06,1.134582161903381348e-01,2.468281745910644531e+00,-2.611111879348754883e+00,-2.146993476908405918e-01,-1.935156211779724411e-01,-3.925297240380849761e-02,-8.621623824898340160e+01,4.265336094260746336e+01,-3.063015414565793293e+01,0.000000000000000000e+00,0.000000000000000000e+00,0.000000000000000000e+00,0.000000000000000000e+00,8.276381835937500000e+02,8.276375122070312500e+02,8.276375122070312500e+02,8.276381835937500000e+02,-1.015583465400331497e+09
2.044999999999999929e+00,-8.600139580563428865e+01,4.284700617712159243e+01,-3.059089985663913680e+01,1.430956582737508143e-04,1.296133361563533981e-04,1.316614987700859274e-06,1.134666502475738525e-01,2.468315839767456055e+00,-2.611141920089721680e+00,-2.148424433491173124e-01,-1.936452345141265186e-01,-3.925428901879619847e-02,-8.621623824898340160e+01,4.265336094260746336e+01,-3.063015414565793293e+01,0.000000000000000000e+00,0.000000000000000000e+00,0.000000000000000000e+00,0.000000000000000000e+00,8.276382446289062500e+02,8.276374511718750000e+02,8.276374511718750000e+02,8.276382446289062500e+02,-1.015593633309504390e+09
2.045999999999999819e+00,-8.600125284234714229e+01,4.284713573830467936e+01,-3.059089883591661163e+01,1.429632871463581978e-04,1.295611830869347614e-04,1.020722525169048822e-06,1.134746968746185303e-01,2.468347549438476562e+00,-2.611170530319213867e+00,-2.149854066362646143e-01,-1.937747956972133145e-01,-3.925530974132077078e-02,-8.621623824898340160e+01,4.265336094260746336e+01,-3.063015414565793293e+01,0.000000000000000000e+00,0.000000000000000000e+00,0.000000000000000000e+00,0.000000000000000000e+00,8.276382446289062500e+02,8.276373901367187500e+02,8.276373901367187500e+02,8.276382446289062500e+02,-1.015603801205127478e+09
2.047000000000000153e+00,-8.600110995913880174e+01,4.284726527044494304e+01,-3.059089809640306967e+01,1.428832083405495723e-04,1.295321402636773200e-04,7.395135419585585623e-07,1.134833097457885742e-01,2.468381643295288086e+00,-2.611201047897338867e+00,-2.151282898445974756e-01,-1.939043278374810719e-01,-3.925604925486288199e-02,-8.621623824898340160e+01,4.265336094260746336e+01,-3.063015414565793293e+01,0.000000000000000000e+00,0.000000000000000000e+00,0.000000000000000000e+00,0.000000000000000000e+00,8.276383056640625000e+02,8.276373901367187500e+02,8.276373901367187500e+02,8.276383056640625000e+02,-1.015613969087229133e+09
2.048000000000000043e+00,-8.600096715552146520e+01,4.284739477539225305e+01,-3.059089761716161604e+01,1.428036173365399009e-04,1.295049473100107207e-04,4.792414536325395602e-07,1.134914755821228027e-01,2.468414545059204102e+00,-2.611228942871093750e+00,-2.152710934619395111e-01,-1.940338327847866140e-01,-3.925652849631728475e-02,-8.621623824898340160e+01,4.265336094260746336e+01,-3.063015414565793293e+01,0.000000000000000000e+00,0.000000000000000000e+00,0.000000000000000000e+00,0.000000000000000000e+00,8.276383056640625000e+02,8.276373291015625000e+02,8.276373291015625000e+02,8.276383056640625000e+02,-1.015624136955836892e+09
2.048999999999999932e+00,-8.600082441817204426e+01,4.284752423983506731e+01,-3.059089738484917476e+01,1.427373494209405180e-04,1.294644428142532888e-04,2.323124412839661090e-07,1.134995222091674805e-01,2.468446731567382812e+00,-2.611257791519165039e+00,-2.154138308113588141e-01,-1.941632972276069458e-01,-3.925676080875747931e-02,-8.621623824898340160e+01,4.265336094260746336e+01,-3.063015414565793293e+01,0.000000000000000000e+00,0.000000000000000000e+00,0.000000000000000000e+00,0.000000000000000000e+00,8.276383666992187500e+02,8.276373291015625000e+02,8.276373291015625000e+02,8.276383666992187500e+02,-1.015634304810973763e+09
2.049999999999999822e+00,-8.600068174712686186e+01,4.284765369048434991e+01,-3.059089738284021109e+01,1.426710451823964831e-04,1.294506492826030808e-04,2.008963662092355662e-09,1.135083138942718506e-01,2.468482017517089844e+00,-2.611289501190185547e+00,-2.155565018565424595e-01,-1.942927478768877447e-01,-3.925676281772304960e-02,-8.621623824898340160e+01,4.265336094260746336e+01,-3.063015414565793293e+01,0.000000000000000000e+00,0.000000000000000000e+00,0.000000000000000000e+00,0.000000000000000000e+00,8.276383666992187500e+02,8.276372680664062500e+02,8.276372680664062500e+02,8.276383666992187500e+02,-1.015644472652664185e+09
2.051000000000000156e+00,-8.600053912908559539e+01,4.284778311405383278e+01,-3.059089758445148632e+01,1.426180412664734831e-04,1.294235694828671512e-04,-2.016112752301069122e-07,1.135163307189941406e-01,2.468514680862426758e+00,-2.611316919326782227e+00,-2.156991198978022717e-01,-1.944221714463722217e-01,-3.925656120644574476e-02,-8.621623824898340160e+01,4.265336094260746336e+01,-3.063015414565793293e+01,0.000000000000000000e+00,0.000000000000000000e+00,0.000000000000000000e+00,0.000000000000000000e+00,8.276384277343750000e+02,8.276372680664062500e+02,8.276372680664062500e+02,8.276384277343750000e+02,-1.015654640480927587e+09
2.052000000000000046e+00,-8.600039653739963796e+01,4.284791252392365379e+01,-3.059089797307780501e+01,1.425916859574272166e-04,1.294098698210177645e-04,-3.886263186814176152e-07,1.135245263576507568e-01,2.468547105789184570e+00,-2.611345529556274414e+00,-2.158417115837665268e-01,-1.945515813161908802e-01,-3.925617258012851357e-02,-8.621623824898340160e+01,4.265336094260746336e+01,-3.063015414565793293e+01,0.000000000000000000e+00,0.000000000000000000e+00,0.000000000000000000e+00,0.000000000000000000e+00,8.276384277343750000e+02,8.276372680664062500e+02,8.276372680664062500e+02,8.276384277343750000e+02,-1.015664808295778632e+09
2.052999999999999936e+00,-8.600025397212374401e+01,4.284804193348994517e+01,-3.059089851872858290e+01,1.425652758939577325e-04,1.294095662913719025e-04,-5.456507778944796883e-07,1.135332584381103516e-01,2.468581914901733398e+00,-2.611376047134399414e+00,-2.159842768596528240e-01,-1.946809908824845003e-01,-3.925562692934825987e-02,-8.621623824898340160e+01,4.265336094260746336e+01,-3.063015414565793293e+01,0.000000000000000000e+00,0.000000000000000000e+00,0.000000000000000000e+00,0.000000000000000000e+00,8.276384277343750000e+02,8.276372070312500000e+02,8.276372070312500000e+02,8.276384277343750000e+02,-1.015674976097231627e+09
2.053999999999999826e+00,-8.600011141994663433e+01,4.284817132945425300e+01,-3.059089920139090069e+01,1.425521771096782686e-04,1.293959643078324007e-04,-6.826623177857982228e-07,1.135412454605102539e-01,2.468613862991333008e+00,-2.611404657363891602e+00,-2.161268290367715228e-01,-1.948103868467871147e-01,-3.925494426703331208e-02,-8.621623824898340160e+01,4.265336094260746336e+01,-3.063015414565793293e+01,0.000000000000000000e+00,0.000000000000000000e+00,0.000000000000000000e+00,0.000000000000000000e+00,8.276384277343750000e+02,8.276372070312500000e+02,8.276372070312500000e+02,8.276384277343750000e+02,-1.015685143885295987e+09
2.055000000000000160e+00,-8.599996885423693982e+01,4.284830072521589273e+01,-3.059089999445468067e+01,1.425657096945087687e-04,1.293957616397278798e-04,-7.930637799802298105e-07,1.135495007038116455e-01,2.468647003173828125e+00,-2.611434221267700195e+00,-2.162693947464590094e-01,-1.949397826084305063e-01,-3.925415120325050772e-02,-8.621623824898340160e+01,4.265336094260746336e+01,-3.063015414565793293e+01,0.000000000000000000e+00,0.000000000000000000e+00,0.000000000000000000e+00,0.000000000000000000e+00,8.276384277343750000e+02,8.276372070312500000e+02,8.276372070312500000e+02,8.276384277343750000e+02,-1.015695311659976482e+09
2.056000000000000050e+00,-8.599982626170948663e+01,4.284843013417602720e+01,-3.059090086795228913e+01,1.425925274531891773e-04,1.294089601344694529e-04,-8.734976084667778196e-07,1.135579049587249756e-01,2.468680620193481445e+00,-2.611464023590087891e+00,-2.164119872739170003e-01,-1.950691915685672240e-01,-3.925327770564368546e-02,-8.621623824898340160e+01,4.265336094260746336e+01,-3.063015414565793293e+01,0.000000000000000000e+00,0.000000000000000000e+00,0.000000000000000000e+00,0.000000000000000000e+00,8.276384277343750000e+02,8.276372070312500000e+02,8.276372070312500000e+02,8.276384277343750000e+02,-1.015705479421274424e+09
2.056999999999999940e+00,-8.599968364240940844e+01,4.284855955638479941e+01,-3.059090179520336150e+01,1.426193000781950104e-04,1.294222087722118886e-04,-9.272510723690174927e-07,1.135663092136383057e-01,2.468713760375976562e+00,-2.611493110656738281e+00,-2.165546065739909487e-01,-1.951986137773353558e-01,-3.925235045457107358e-02,-8.621623824898340160e+01,4.265336094260746336e+01,-3.063015414565793293e+01,0.000000000000000000e+00,0.000000000000000000e+00,0.000000000000000000e+00,0.000000000000000000e+00,8.276384277343750000e+02,8.276372070312500000e+02,8.276372070312500000e+02,8.276384277343750000e+02,-1.015715647169189692e+09
2.057999999999999829e+00,-8.599954098304608863e+01,4.284868900523732549e+01,-3.059090274957547706e+01,1.426593633198081079e-04,1.294488525260817369e-04,-9.543721155580442428e-07,1.135741770267486572e-01,2.468745470046997070e+00,-2.611521244049072266e+00,-2.166972659373079813e-01,-1.953280626298652956e-01,-3.925139608245744455e-02,-8.621623824898340160e+01,4.265336094260746336e+01,-3.063015414565793293e+01,0.000000000000000000e+00,0.000000000000000000e+00,0.000000000000000000e+00,0.000000000000000000e+00,8.276384277343750000e+02,8.276372070312500000e+02,8.276372070312500000e+02,8.276384277343750000e+02,-1.015725814903719544e+09
2.059000000000000163e+00,-8.599939825698548646e+01,4.284881846745931711e+01,-3.059090370107357515e+01,1.427260606021718559e-04,1.294622219916163886e-04,-9.514980980895870744e-07,1.135829985141754150e-01,2.468780994415283203e+00,-2.611552476882934570e+00,-2.168399919979135115e-01,-1.954575248518514718e-01,-3.925044458435905659e-02,-8.621623824898340160e+01,4.265336094260746336e+01,-3.063015414565793293e+01,0.000000000000000000e+00,0.000000000000000000e+00,0.000000000000000000e+00,0.000000000000000000e+00,8.276384277343750000e+02,8.276372680664062500e+02,8.276372680664062500e+02,8.276384277343750000e+02,-1.015735982624853373e+09
2.060000000000000053e+00,-8.599925547720900454e+01,4.284894794478173452e+01,-3.059090462873926342e+01,1.427797764819160875e-04,1.294773224174150528e-04,-9.276656882661882264e-07,1.135913431644439697e-01,2.468814373016357422e+00,-2.611582040786743164e+00,-2.169827717744028939e-01,-1.955870021742677767e-01,-3.924951691866787606e-02,-8.621623824898340160e+01,4.265336094260746336e+01,-3.063015414565793293e+01,0.000000000000000000e+00,0.000000000000000000e+00,0.000000000000000000e+00,0.000000000000000000e+00,8.276383666992187500e+02,8.276372680664062500e+02,8.276372680664062500e+02,8.276383666992187500e+02,-1.015746150332581997e+09
2.060999999999999943e+00,-8.599911259123609852e+01,4.284907748725689913e+01,-3.059090549459521569e+01,1.428859729060150130e-04,1.295424751646123696e-04,-8.658559522700670641e-07,1.135996878147125244e-01,2.468847513198852539e+00,-2.611611366271972656e+00,-2.171256577473019700e-01,-1.957165446494368022e-01,-3.924865106271641091e-02,-8.621623824898340160e+01,4.265336094260746336e+01,-3.063015414565793293e+01,0.000000000000000000e+00,0.000000000000000000e+00,0.000000000000000000e+00,0.000000000000000000e+00,8.276383666992187500e+02,8.276372680664062500e+02,8.276372680664062500e+02,8.276383666992187500e+02,-1.015756318026888967e+09
2.061999999999999833e+00,-8.599896961202786372e+01,4.284920704326911789e+01,-3.059090627424719244e+01,1.429792082348058102e-04,1.295560122187566776e-04,-7.796519767566678638e-07,1.136078238487243652e-01,2.468880414962768555e+00,-2.611640214920043945e+00,-2.172686369555390795e-01,-1.958461006616572797e-01,-3.924787141074013302e-02,-8.621623824898340160e+01,4.265336094260746336e+01,-3.063015414565793293e+01,0.000000000000000000e+00,0.000000000000000000e+00,0.000000000000000000e+00,0.000000000000000000e+00,8.276383666992187500e+02,8.276373291015625000e+02,8.276373291015625000e+02,8.276383666992187500e+02,-1.015766485707754135e+09
2.063000000000000167e+00,-8.599882653964793633e+01,4.284933666623034298e+01,-3.059090694111620579e+01,1.430723799273891927e-04,1.296229612250954233e-04,-6.668690133437848999e-07,1.136159300804138184e-01,2.468912124633789062e+00,-2.611668825149536133e+00,-2.174117093354605845e-01,-1.959757236228769905e-01,-3.924720454172751088e-02,-8.621623824898340160e+01,4.265336094260746336e+01,-3.063015414565793293e+01,0.000000000000000000e+00,0.000000000000000000e+00,0.000000000000000000e+00,0.000000000000000000e+00,8.276383056640625000e+02,8.276373291015625000e+02,8.276373291015625000e+02,8.276383056640625000e+02,-1.015776653375160575e+09
2.064000000000000057e+00,-8.599868334744263620e+01,4.284946631617380319e+01,-3.059090747182711212e+01,1.431922053001244421e-04,1.296499434602083056e-04,-5.307109063323878217e-07,1.136245727539062500e-01,2.468947410583496094e+00,-2.611698865890502930e+00,-2.175549015407597375e-01,-1.961053735663422504e-01,-3.924667383082027644e-02,-8.621623824898340160e+01,4.265336094260746336e+01,-3.063015414565793293e+01,0.000000000000000000e+00,0.000000000000000000e+00,0.000000000000000000e+00,0.000000000000000000e+00,8.276383056640625000e+02,8.276373901367187500e+02,8.276373901367187500e+02,8.276383056640625000e+02,-1.015786821029081583e+09
2.064999999999999947e+00,-8.599854002213106696e+01,4.284959603317608412e+01,-3.059090783979871375e+01,1.433253115692423307e-04,1.297170022809268630e-04,-3.679716016335987661e-07,1.136324703693389893e-01,2.468979597091674805e+00,-2.611727237701416016e+00,-2.176982268523385000e-01,-1.962350905686226776e-01,-3.924630585921826814e-02,-8.621623824898340160e+01,4.265336094260746336e+01,-3.063015414565793293e+01,0.000000000000000000e+00,0.000000000000000000e+00,0.000000000000000000e+00,0.000000000000000000e+00,8.276382446289062500e+02,8.276373901367187500e+02,8.276373901367187500e+02,8.276382446289062500e+02,-1.015796988669490218e+09
2.065999999999999837e+00,-8.599839657709091512e+01,4.284972579060342923e+01,-3.059090801827768402e+01,1.434450401518461149e-04,1.297574273451118643e-04,-1.784789702696798486e-07,1.136412322521209717e-01,2.469013214111328125e+00,-2.611757755279541016e+00,-2.178416718924865714e-01,-1.963648479959639592e-01,-3.924612738024751274e-02,-8.621623824898340160e+01,4.265336094260746336e+01,-3.063015414565793293e+01,0.000000000000000000e+00,0.000000000000000000e+00,0.000000000000000000e+00,0.000000000000000000e+00,8.276381835937500000e+02,8.276374511718750000e+02,8.276374511718750000e+02,8.276381835937500000e+02,-1.015807156296357751e+09
2.067000000000000171e+00,-8.599825298567959919e+01,4.284985561517799368e+01,-3.059090799068570377e+01,1.435914113159242333e-04,1.298245745644521776e-04,2.759198025614750804e-08,1.136496663093566895e-01,2.469048261642456055e+00,-2.611787796020507812e+00,-2.179852633037976106e-01,-1.964946725705327968e-01,-3.924615497222792154e-02,-8.621623824898340160e+01,4.265336094260746336e+01,-3.063015414565793293e+01,0.000000000000000000e+00,0.000000000000000000e+00,0.000000000000000000e+00,0.000000000000000000e+00,8.276381835937500000e+02,8.276375122070312500e+02,8.276375122070312500e+02,8.276381835937500000e+02,-1.015817323909652352e+09
2.068000000000000060e+00,-8.599810926127376831e+01,4.284998549360016540e+01,-3.059090773362982674e+01,1.437244058308806416e-04,1.298784221717141918e-04,2.570558770287334482e-07,1.136577725410461426e-01,2.469079971313476562e+00,-2.611816644668579102e+00,-2.181289877096342644e-01,-1.966245509927038726e-01,-3.924641202810511681e-02,-8.621623824898340160e+01,4.265336094260746336e+01,-3.063015414565793293e+01,0.000000000000000000e+00,0.000000000000000000e+00,0.000000000000000000e+00,0.000000000000000000e+00,8.276381225585937500e+02,8.276375732421875000e+02,8.276375732421875000e+02,8.276381225585937500e+02,-1.015827491509341598e+09
2.068999999999999950e+00,-8.599796537722782830e+01,4.285011542591816180e+01,-3.059090722714611843e+01,1.438840459400125837e-04,1.299323179964062547e-04,5.064837083068596257e-07,1.136663258075714111e-01,2.469115734100341797e+00,-2.611846685409545898e+00,-2.182728717555699194e-01,-1.967544833107003899e-01,-3.924691851181304203e-02,-8.621623824898340160e+01,4.265336094260746336e+01,-3.063015414565793293e+01,0.000000000000000000e+00,0.000000000000000000e+00,0.000000000000000000e+00,0.000000000000000000e+00,8.276380615234375000e+02,8.276375732421875000e+02,8.276375732421875000e+02,8.276380615234375000e+02,-1.015837659095387578e+09
2.069999999999999840e+00,-8.599782133358014846e+01,4.285024543884522075e+01,-3.059090645461081337e+01,1.440436476798367949e-04,1.300129270589422958e-04,7.725353050602734584e-07,1.136745512485504150e-01,2.469148397445678711e+00,-2.611876010894775391e+00,-2.184169154032513382e-01,-1.968844962377596097e-01,-3.924769104711847700e-02,-8.621623824898340160e+01,4.265336094260746336e+01,-3.063015414565793293e+01,0.000000000000000000e+00,0.000000000000000000e+00,0.000000000000000000e+00,0.000000000000000000e+00,8.276380004882812500e+02,8.276376342773437500e+02,8.276376342773437500e+02,8.276380004882812500e+02,-1.015847826667753577e+09
2.071000000000000174e+00,-8.599767714368601901e+01,4.285037550572270248e+01,-3.059090540261073343e+01,1.441898941294539327e-04,1.300668774817381745e-04,1.052000079937442933e-06,1.136831641197204590e-01,2.469182014465332031e+00,-2.611906051635742188e+00,-2.185611052973883695e-01,-1.970145631152397103e-01,-3.924874304719986468e-02,-8.621623824898340160e+01,4.265336094260746336e+01,-3.063015414565793293e+01,0.000000000000000000e+00,0.000000000000000000e+00,0.000000000000000000e+00,0.000000000000000000e+00,8.276379394531250000e+02,8.276376953125000000e+02,8.276376953125000000e+02,8.276379394531250000e+02,-1.015857994226402044e+09
2.072000000000000064e+00,-8.599753280757504115e+01,4.285050562658350515e+01,-3.059090405447125605e+01,1.443361109778606988e-04,1.301208608026627189e-04,1.348139477386212093e-06,1.136914193630218506e-01,2.469214916229248047e+00,-2.611934900283813477e+00,-2.187054414083615117e-01,-1.971446839760420955e-01,-3.925009118667664026e-02,-8.621623824898340160e+01,4.265336094260746336e+01,-3.063015414565793293e+01,0.000000000000000000e+00,0.000000000000000000e+00,0.000000000000000000e+00,0.000000000000000000e+00,8.276379394531250000e+02,8.276377563476562500e+02,8.276377563476562500e+02,8.276379394531250000e+02,-1.015868161771294355e+09
2.072999999999999954e+00,-8.599738829858789302e+01,4.285063582813122451e+01,-3.059090240361977564e+01,1.445089871481286536e-04,1.302015477193663173e-04,1.650851480405890470e-06,1.136995851993560791e-01,2.469248056411743164e+00,-2.611964225769042969e+00,-2.188499503955069481e-01,-1.972748855237627941e-01,-3.925174203815782331e-02,-8.621623824898340160e+01,4.265336094260746336e+01,-3.063015414565793293e+01,0.000000000000000000e+00,0.000000000000000000e+00,0.000000000000000000e+00,0.000000000000000000e+00,8.276378784179687500e+02,8.276378173828125000e+02,8.276378173828125000e+02,8.276378784179687500e+02,-1.015878329302389264e+09
2.073999999999999844e+00,-8.599724364313138381e+01,4.285076607193921205e+01,-3.059090044234026706e+01,1.446554565092128541e-04,1.302438079875400945e-04,1.961279508577717934e-06,1.137083172798156738e-01,2.469282865524291992e+00,-2.611994743347167969e+00,-2.189946058520234051e-01,-1.974051293317466427e-01,-3.925370331766429854e-02,-8.621623824898340160e+01,4.265336094260746336e+01,-3.063015414565793293e+01,0.000000000000000000e+00,0.000000000000000000e+00,0.000000000000000000e+00,0.000000000000000000e+00,8.276378173828125000e+02,8.276378784179687500e+02,8.276378784179687500e+02,8.276378173828125000e+02,-1.015888496819646358e+09
2.075000000000000178e+00,-8.599709882845729680e+01,4.285089639487295443e+01,-3.059089815924162892e+01,1.448146740870015492e-04,1.303229337423772449e-04,2.283098638145020232e-06,1.137164235115051270e-01,2.469315290451049805e+00,-2.612024068832397461e+00,-2.191394205261027184e-01,-1.975354522654892420e-01,-3.925598641630576036e-02,-8.621623824898340160e+01,4.265336094260746336e+01,-3.063015414565793293e+01,0.000000000000000000e+00,0.000000000000000000e+00,0.000000000000000000e+00,0.000000000000000000e+00,8.276377563476562500e+02,8.276378784179687500e+02,8.276379394531250000e+02,8.276377563476562500e+02,-1.015898664323025227e+09
2.076000000000000068e+00,-8.599695386762094529e+01,4.285102678518599362e+01,-3.059089555335158295e+01,1.449608363515153542e-04,1.303903130391859122e-04,2.605890045970227220e-06,1.137252151966094971e-01,2.469349622726440430e+00,-2.612054347991943359e+00,-2.192843813624569538e-01,-1.976658425785290385e-01,-3.925859230635093955e-02,-8.621623824898340160e+01,4.265336094260746336e+01,-3.063015414565793293e+01,0.000000000000000000e+00,0.000000000000000000e+00,0.000000000000000000e+00,0.000000000000000000e+00,8.276376953125000000e+02,8.276379394531250000e+02,8.276379394531250000e+02,8.276376953125000000e+02,-1.015908831812487125e+09
2.076999999999999957e+00,-8.599680876061897550e+01,4.285115722953932504e+01,-3.059089262464535608e+01,1.451070019697908720e-04,1.304443533314270098e-04,2.928706226867916484e-06,1.137334704399108887e-01,2.469383955001831055e+00,-2.612084150314331055e+00,-2.194294883644295480e-01,-1.977962869318610484e-01,-3.926152101257530946e-02,-8.621623824898340160e+01,4.265336094260746336e+01,-3.063015414565793293e+01,0.000000000000000000e+00,0.000000000000000000e+00,0.000000000000000000e+00,0.000000000000000000e+00,8.276376342773437500e+02,8.276380004882812500e+02,8.276380004882812500e+02,8.276376342773437500e+02,-1.015918999287991524e+09
2.077999999999999847e+00,-8.599666350745823706e+01,4.285128772794058705e+01,-3.059088936978858797e+01,1.452531607384344170e-04,1.304984012620025169e-04,3.254856768108993492e-06,1.137422025203704834e-01,2.469418525695800781e+00,-2.612114429473876953e+00,-2.195747415251669554e-01,-1.979267853331221350e-01,-3.926477586934584707e-02,-8.621623824898340160e+01,4.265336094260746336e+01,-3.063015414565793293e+01,0.000000000000000000e+00,0.000000000000000000e+00,0.000000000000000000e+00,0.000000000000000000e+00,8.276375732421875000e+02,8.276380615234375000e+02,8.276380615234375000e+02,8.276375732421875000e+02,-1.015929166749498367e+09
2.079000000000000181e+00,-8.599651812146733221e+01,4.285141829370747502e+01,-3.059088579878966030e+01,1.453859909048560439e-04,1.305657668879689481e-04,3.570998927671098500e-06,1.137503683567047119e-01,2.469450712203979492e+00,-2.612143993377685547e+00,-2.197201275160630685e-01,-1.980573511000138232e-01,-3.926834686827141568e-02,-8.621623824898340160e+01,4.265336094260746336e+01,-3.063015414565793293e+01,0.000000000000000000e+00,0.000000000000000000e+00,0.000000000000000000e+00,0.000000000000000000e+00,8.276375732421875000e+02,8.276381225585937500e+02,8.276381225585937500e+02,8.276375732421875000e+02,-1.015939334196971178e+09
2.080000000000000071e+00,-8.599637260263848759e+01,4.285154890016072926e+01,-3.059088191159813874e+01,1.455188288446152001e-04,1.306064532542450252e-04,3.887191521556587759e-06,1.137590408325195312e-01,2.469485521316528320e+00,-2.612173795700073242e+00,-2.198656463449202292e-01,-1.981879575532635163e-01,-3.927223405979444332e-02,-8.621623824898340160e+01,4.265336094260746336e+01,-3.063015414565793293e+01,0.000000000000000000e+00,0.000000000000000000e+00,0.000000000000000000e+00,0.000000000000000000e+00,8.276375122070312500e+02,8.276381835937500000e+02,8.276381835937500000e+02,8.276375122070312500e+02,-1.015949501630371213e+09
2.080999999999999961e+00,-8.599622697763479096e+01,4.285167956060695360e+01,-3.059087772153430151e+01,1.456250036966366679e-04,1.306604462243399212e-04,4.190063837228308330e-06,1.137677729129791260e-01,2.469520807266235352e+00,-2.612205028533935547e+00,-2.200112713486099270e-01,-1.983186179994892995e-01,-3.927642412363145652e-02,-8.621623824898340160e+01,4.265336094260746336e+01,-3.063015414565793293e+01,0.000000000000000000e+00,0.000000000000000000e+00,0.000000000000000000e+00,0.000000000000000000e+00,8.276374511718750000e+02,8.276381835937500000e+02,8.276381835937500000e+02,8.276374511718750000e+02,-1.015959669049666524e+09
2.081999999999999851e+00,-8.599608123310096630e+01,4.285181026169887986e+01,-3.059087323526632574e+01,1.457445338246543542e-04,1.307010919262552306e-04,4.486267975778446271e-06,1.137762069702148438e-01,2.469554901123046875e+00,-2.612234592437744141e+00,-2.201570158824327217e-01,-1.984493190914142779e-01,-3.928091039160823417e-02,-8.621623824898340160e+01,4.265336094260746336e+01,-3.063015414565793293e+01,0.000000000000000000e+00,0.000000000000000000e+00,0.000000000000000000e+00,0.000000000000000000e+00,8.276374511718750000e+02,8.276382446289062500e+02,8.276382446289062500e+02,8.276374511718750000e+02,-1.015969836454821944e+09
2.083000000000000185e+00,-8.599593539569561074e+01,4.285194100340276435e+01,-3.059086846608879640e+01,1.458374053555644423e-04,1.307417038844960189e-04,4.769177529340140609e-06,1.137850284576416016e-01,2.469588994979858398e+00,-2.612265586853027344e+00,-2.203028532877953638e-01,-1.985800607952981911e-01,-3.928567956913563142e-02,-8.621623824898340160e+01,4.265336094260746336e+01,-3.063015414565793293e+01,0.000000000000000000e+00,0.000000000000000000e+00,0.000000000000000000e+00,0.000000000000000000e+00,8.276373901367187500e+02,8.276383056640625000e+02,8.276383056640625000e+02,8.276373901367187500e+02,-1.015980003845807791e+09
2.084000000000000075e+00,-8.599578947872089429e+01,4.285207177233633047e+01,-3.059086343396379704e+01,1.459169747164423825e-04,1.307689335661166297e-04,5.032124999360121365e-06,1.137931644916534424e-01,2.469622373580932617e+00,-2.612295389175415039e+00,-2.204487702625126389e-01,-1.987108297288641412e-01,-3.929071169413556053e-02,-8.621623824898340160e+01,4.265336094260746336e+01,-3.063015414565793293e+01,0.000000000000000000e+00,0.000000000000000000e+00,0.000000000000000000e+00,0.000000000000000000e+00,8.276373291015625000e+02,8.276383056640625000e+02,8.276383056640625000e+02,8.276373291015625000e+02,-1.015990171222596765e+09
2.084999999999999964e+00,-8.599564348216479459e+01,4.285220258182157949e+01,-3.059085814892253907e+01,1.459965560997034117e-04,1.308094852490171434e-04,5.285041257963030148e-06,1.138019263744354248e-01,2.469657421112060547e+00,-2.612325668334960938e+00,-2.205947668186014343e-01,-1.988416392141137135e-01,-3.929599673539321131e-02,-8.621623824898340160e+01,4.265336094260746336e+01,-3.063015414565793293e+01,0.000000000000000000e+00,0.000000000000000000e+00,0.000000000000000000e+00,0.000000000000000000e+00,8.276373291015625000e+02,8.276383666992187500e+02,8.276383666992187500e+02,8.276373291015625000e+02,-1.016000338585162997e+09
2.085999999999999854e+00,-8.599549740598324377e+01,4.285233341847425947e+01,-3.059085263428521273e+01,1.460761815508249128e-04,1.308366526799886742e-04,5.514637326342608503e-06,1.138104796409606934e-01,2.469691276550292969e+00,-2.612354993820190430e+00,-2.207408430001596145e-01,-1.989724758667964777e-01,-3.930151137272167028e-02,-8.621623824898340160e+01,4.265336094260746336e+01,-3.063015414565793293e+01,0.000000000000000000e+00,0.000000000000000000e+00,0.000000000000000000e+00,0.000000000000000000e+00,8.276372680664062500e+02,8.276383666992187500e+02,8.276383666992187500e+02,8.276372680664062500e+02,-1.016010505933481455e+09
2.087000000000000188e+00,-8.599535130350363943e+01,4.285246428223820203e+01,-3.059084690996987987e+01,1.461024796043375318e-04,1.308637639425569432e-04,5.724315332855667293e-06,1.138189136981964111e-01,2.469725131988525391e+00,-2.612385511398315430e+00,-2.208869454797681708e-01,-1.991033396307402004e-01,-3.930723568805283979e-02,-8.621623824898340160e+01,4.265336094260746336e+01,-3.063015414565793293e+01,0.000000000000000000e+00,0.000000000000000000e+00,0.000000000000000000e+00,0.000000000000000000e+00,8.276372680664062500e+02,8.276383666992187500e+02,8.276383666992187500e+02,8.276372680664062500e+02,-1.016020673267536998e+09
2.088000000000000078e+00,-8.599520516118096225e+01,4.285259513453354430e+01,-3.059084099834822368e+01,1.461423226771785266e-04,1.308522953422652790e-04,5.911621656196075492e-06,1.138277351856231689e-01,2.469761371612548828e+00,-2.612416744232177734e+00,-2.210330878024417134e-01,-1.992341919260838534e-01,-3.931314730970835586e-02,-8.621623824898340160e+01,4.265336094260746336e+01,-3.063015414565793293e+01,0.000000000000000000e+00,0.000000000000000000e+00,0.000000000000000000e+00,0.000000000000000000e+00,8.276372680664062500e+02,8.276384277343750000e+02,8.276384277343750000e+02,8.276372680664062500e+02,-1.016030840587310433e+09
2.088999999999999968e+00,-8.599505897931051379e+01,4.285272602571458123e+01,-3.059083492137405358e+01,1.461818704484585396e-04,1.308911810369295381e-04,6.076974170099447292e-06,1.138363480567932129e-01,2.469794273376464844e+00,-2.612446546554565430e+00,-2.211792696728889229e-01,-1.993650831071196727e-01,-3.931922428388099494e-02,-8.621623824898340160e+01,4.265336094260746336e+01,-3.063015414565793293e+01,0.000000000000000000e+00,0.000000000000000000e+00,0.000000000000000000e+00,0.000000000000000000e+00,8.276372680664062500e+02,8.276384277343750000e+02,8.276384277343750000e+02,8.276372680664062500e+02,-1.016041007892788291e+09
2.089999999999999858e+00,-8.599491279768949425e+01,4.285285690384383628e+01,-3.059082870463510773e+01,1.461816210195365784e-04,1.308781292550520448e-04,6.216738945852284814e-06,1.138449311256408691e-01,2.469829082489013672e+00,-2.612476825714111328e+00,-2.213254512939030749e-01,-1.994959612363751411e-01,-3.932544102282342635e-02,-8.621623824898340160e+01,4.265336094260746336e+01,-3.063015414565793293e+01,0.000000000000000000e+00,0.000000000000000000e+00,0.000000000000000000e+00,0.000000000000000000e+00,8.276372070312500000e+02,8.276384277343750000e+02,8.276384277343750000e+02,8.276372070312500000e+02,-1.016051175183961034e+09
2.091000000000000192e+00,-8.599476661628081331e+01,4.285298779555076720e+01,-3.059082237486336453e+01,1.461814086809454238e-04,1.308917069309245562e-04,6.329771743196488387e-06,1.138533949851989746e-01,2.469862699508666992e+00,-2.612507581710815430e+00,-2.214716327025824383e-01,-1.996268529433014860e-01,-3.933177079456980085e-02,-8.621623824898340160e+01,4.265336094260746336e+01,-3.063015414565793293e+01,0.000000000000000000e+00,0.000000000000000000e+00,0.000000000000000000e+00,0.000000000000000000e+00,8.276372070312500000e+02,8.276384277343750000e+02,8.276384277343750000e+02,8.276372070312500000e+02,-1.016061342460823059e+09
2.092000000000000082e+00,-8.599462044836982955e+01,4.285311867409905773e+01,-3.059081595866456738e+01,1.461679109837632495e-04,1.308785482905250319e-04,6.416198797154493150e-06,1.138620078563690186e-01,2.469897031784057617e+00,-2.612537145614624023e+00,-2.216178006135734180e-01,-1.997577314915973401e-01,-3.933818699336700392e-02,-8.621623824898340160e+01,4.265336094260746336e+01,-3.063015414565793293e+01,0.000000000000000000e+00,0.000000000000000000e+00,0.000000000000000000e+00,0.000000000000000000e+00,8.276372070312500000e+02,8.276384277343750000e+02,8.276384277343750000e+02,8.276372070312500000e+02,-1.016071509723370194e+09
2.092999999999999972e+00,-8.599447430725064123e+01,4.285324953943278103e+01,-3.059080948269586031e+01,1.461411191883144056e-04,1.308653337233067759e-04,6.475968707064794216e-06,1.138706207275390625e-01,2.469931840896606445e+00,-2.612568140029907227e+00,-2.217639417327572637e-01,-1.998885968253175938e-01,-3.934466296207222297e-02,-8.621623824898340160e+01,4.265336094260746336e+01,-3.063015414565793293e+01,0.000000000000000000e+00,0.000000000000000000e+00,0.000000000000000000e+00,0.000000000000000000e+00,8.276372070312500000e+02,8.276384277343750000e+02,8.276384277343750000e+02,8.276372070312500000e+02,-1.016081676971602440e+09
2.093999999999999861e+00,-8.599432821955761597e+01,4.285338039149121414e+01,-3.059080297359105316e+01,1.460876930252652528e-04,1.308520584331063219e-04,6.509104807150833949e-06,1.138790547847747803e-01,2.469965219497680664e+00,-2.612597703933715820e+00,-2.219100294257876915e-01,-2.000194488837514772e-01,-3.935117206687920727e-02,-8.621623824898340160e+01,4.265336094260746336e+01,-3.063015414565793293e+01,0.000000000000000000e+00,0.000000000000000000e+00,0.000000000000000000e+00,0.000000000000000000e+00,8.276372680664062500e+02,8.276384277343750000e+02,8.276384277343750000e+02,8.276372070312500000e+02,-1.016091844205525994e+09
2.095000000000000195e+00,-8.599418217189364100e+01,4.285351121688067622e+01,-3.059079646136294173e+01,1.460476639749686001e-04,1.308253894620747815e-04,6.512228111432705191e-06,1.138879358768463135e-01,2.470000743865966797e+00,-2.612628698348999023e+00,-2.220560770897538894e-01,-2.001502742732133022e-01,-3.935768429499123672e-02,-8.621623824898340160e+01,4.265336094260746336e+01,-3.063015414565793293e+01,0.000000000000000000e+00,0.000000000000000000e+00,0.000000000000000000e+00,0.000000000000000000e+00,8.276372680664062500e+02,8.276384277343750000e+02,8.276384277343750000e+02,8.276372680664062500e+02,-1.016102011425145149e+09
2.096000000000000085e+00,-8.599403620422735628e+01,4.285364201552906849e+01,-3.059078997595693039e+01,1.459676662847186890e-04,1.307986483922718435e-04,6.485406011336181109e-06,1.138963401317596436e-01,2.470033884048461914e+00,-2.612658262252807617e+00,-2.222020447560423273e-01,-2.002810729216044083e-01,-3.936416970100176105e-02,-8.621623824898340160e+01,4.265336094260746336e+01,-3.063015414565793293e+01,0.000000000000000000e+00,0.000000000000000000e+00,0.000000000000000000e+00,0.000000000000000000e+00,8.276372680664062500e+02,8.276383666992187500e+02,8.276383666992187500e+02,8.276372680664062500e+02,-1.016112178630473137e+09
2.096999999999999975e+00,-8.599389031651340076e+01,4.285377277405071084e+01,-3.059078354069222527e+01,1.458877139555170288e-04,1.307585216423490238e-04,6.435264705118015627e-06,1.139053404331207275e-01,2.470070838928222656e+00,-2.612690448760986328e+00,-2.223479324700078918e-01,-2.004118314432470072e-01,-3.937060496570590068e-02,-8.621623824898340160e+01,4.265336094260746336e+01,-3.063015414565793293e+01,0.000000000000000000e+00,0.000000000000000000e+00,0.000000000000000000e+00,0.000000000000000000e+00,8.276372680664062500e+02,8.276383666992187500e+02,8.276383666992187500e+02,8.276372680664062500e+02,-1.016122345821523547e+09
2.097999999999999865e+00,-8.599374452204386898e+01,4.285390350572271956e+01,-3.059077718558651071e+01,1.457944695317792139e-04,1.307316720087214890e-04,6.355105714561659624e-06,1.139136552810668945e-01,2.470103263854980469e+00,-2.612718582153320312e+00,-2.224937269395369510e-01,-2.005425631152575328e-01,-3.937696007142171828e-02,-8.621623824898340160e+01,4.265336094260746336e+01,-3.063015414565793293e+01,0.000000000000000000e+00,0.000000000000000000e+00,0.000000000000000000e+00,0.000000000000000000e+00,8.276373291015625000e+02,8.276383666992187500e+02,8.276383666992187500e+02,8.276373291015625000e+02,-1.016132512998314977e+09
2.099000000000000199e+00,-8.599359883410186001e+01,4.285403419714156570e+01,-3.059077094060568314e+01,1.456879420089762789e-04,1.306914188461405502e-04,6.244980827574408977e-06,1.139223873615264893e-01,2.470138788223266602e+00,-2.612750053405761719e+00,-2.226394148815469543e-01,-2.006732545340992324e-01,-3.938320505224847390e-02,-8.621623824898340160e+01,4.265336094260746336e+01,-3.063015414565793293e+01,0.000000000000000000e+00,0.000000000000000000e+00,0.000000000000000000e+00,0.000000000000000000e+00,8.276373291015625000e+02,8.276383056640625000e+02,8.276383056640625000e+02,8.276373291015625000e+02,-1.016142680160869122e+09
2.100000000000000089e+00,-8.599345325264748396e+01,4.285416483492763007e+01,-3.059076482573370015e+01,1.455814543760425295e-04,1.306377860643692657e-04,6.114871982987324373e-06,1.139308214187622070e-01,2.470172405242919922e+00,-2.612779855728149414e+00,-2.227849963359173624e-01,-2.008038923201683479e-01,-3.938931992423427841e-02,-8.621623824898340160e+01,4.265336094260746336e+01,-3.063015414565793293e+01,0.000000000000000000e+00,0.000000000000000000e+00,0.000000000000000000e+00,0.000000000000000000e+00,8.276373901367187500e+02,8.276383056640625000e+02,8.276383056640625000e+02,8.276373901367187500e+02,-1.016152847309207678e+09
2.100999999999999979e+00,-8.599330780426424781e+01,4.285429542038551176e+01,-3.059075887335954747e+01,1.454483832361574969e-04,1.305854578816934009e-04,5.952374152684569708e-06,1.139391660690307617e-01,2.470206260681152344e+00,-2.612809658050537109e+00,-2.229304447191489125e-01,-2.009344777780513736e-01,-3.939527229838380579e-02,-8.621623824898340160e+01,4.265336094260746336e+01,-3.063015414565793293e+01,0.000000000000000000e+00,0.000000000000000000e+00,0.000000000000000000e+00,0.000000000000000000e+00,8.276373901367187500e+02,8.276382446289062500e+02,8.276382446289062500e+02,8.276373901367187500e+02,-1.016163014443359256e+09
2.101999999999999869e+00,-8.599316247566726190e+01,4.285442595072041883e+01,-3.059075310201031073e+01,1.453285969859052784e-04,1.305303349070641161e-04,5.771349236738387845e-06,1.139481663703918457e-01,2.470241069793701172e+00,-2.612840890884399414e+00,-2.230757733161398138e-01,-2.010650081129584377e-01,-3.940104364762252176e-02,-8.621623824898340160e+01,4.265336094260746336e+01,-3.063015414565793293e+01,0.000000000000000000e+00,0.000000000000000000e+00,0.000000000000000000e+00,0.000000000000000000e+00,8.276374511718750000e+02,8.276381835937500000e+02,8.276381835937500000e+02,8.276374511718750000e+02,-1.016173181563350797e+09
2.103000000000000203e+00,-8.599301728010830459e+01,4.285455642726856240e+01,-3.059074753409267799e+01,1.451955589573117322e-04,1.304765481435765651e-04,5.567917632731678168e-06,1.139566302299499512e-01,2.470275640487670898e+00,-2.612870454788208008e+00,-2.232209688751031484e-01,-2.011954846611013759e-01,-3.940661156525361586e-02,-8.621623824898340160e+01,4.265336094260746336e+01,-3.063015414565793293e+01,0.000000000000000000e+00,0.000000000000000000e+00,0.000000000000000000e+00,0.000000000000000000e+00,8.276375122070312500e+02,8.276381835937500000e+02,8.276381835937500000e+02,8.276375122070312500e+02,-1.016183348669212937e+09
2.104000000000000092e+00,-8.599287223088602161e+01,4.285468684997899658e+01,-3.059074219292801544e+01,1.450492222829780076e-04,1.304227104341748600e-04,5.341164662553410380e-06,1.139651536941528320e-01,2.470309972763061523e+00,-2.612900257110595703e+00,-2.233660180973849052e-01,-2.013259073715310543e-01,-3.941195272991807746e-02,-8.621623824898340160e+01,4.265336094260746336e+01,-3.063015414565793293e+01,0.000000000000000000e+00,0.000000000000000000e+00,0.000000000000000000e+00,0.000000000000000000e+00,8.276375732421875000e+02,8.276381225585937500e+02,8.276381225585937500e+02,8.276375732421875000e+02,-1.016193515760980368e+09
2.104999999999999982e+00,-8.599272734130482831e+01,4.285481721880714900e+01,-3.059073709850255440e+01,1.448895811932970901e-04,1.303688281524273407e-04,5.094425461038554204e-06,1.139736473560333252e-01,2.470343351364135742e+00,-2.612930774688720703e+00,-2.235109076785746218e-01,-2.014562761996859797e-01,-3.941704715537945602e-02,-8.621623824898340160e+01,4.265336094260746336e+01,-3.063015414565793293e+01,0.000000000000000000e+00,0.000000000000000000e+00,0.000000000000000000e+00,0.000000000000000000e+00,8.276375732421875000e+02,8.276380615234375000e+02,8.276380615234375000e+02,8.276375732421875000e+02,-1.016203682838691115e+09
2.105999999999999872e+00,-8.599258258464941207e+01,4.285494752038853505e+01,-3.059073226751177188e+01,1.447566554162449393e-04,1.303015813860497474e-04,4.830990782522803784e-06,1.139821112155914307e-01,2.470376968383789062e+00,-2.612959861755371094e+00,-2.236556643339902839e-01,-2.015865777810705028e-01,-3.942187814616009145e-02,-8.621623824898340160e+01,4.265336094260746336e+01,-3.063015414565793293e+01,0.000000000000000000e+00,0.000000000000000000e+00,0.000000000000000000e+00,0.000000000000000000e+00,8.276376342773437500e+02,8.276380004882812500e+02,8.276380004882812500e+02,8.276376342773437500e+02,-1.016213849902378321e+09
2.107000000000000206e+00,-8.599243798757022716e+01,4.285507775468028058e+01,-3.059072771658333778e+01,1.445970791849049419e-04,1.302342917455234783e-04,4.550928434099432707e-06,1.139906644821166992e-01,2.470411539077758789e+00,-2.612990140914916992e+00,-2.238002614131727741e-01,-2.017168120728173031e-01,-3.942642907459387863e-02,-8.621623824898340160e+01,4.265336094260746336e+01,-3.063015414565793293e+01,0.000000000000000000e+00,0.000000000000000000e+00,0.000000000000000000e+00,0.000000000000000000e+00,8.276376953125000000e+02,8.276379394531250000e+02,8.276379394531250000e+02,8.276376953125000000e+02,-1.016224016952080965e+09
2.108000000000000096e+00,-8.599229356338905461e+01,4.285520792165711157e+01,-3.059072345569816065e+01,1.444241811725532898e-04,1.301669768309920983e-04,4.260885177131967794e-06,1.139990687370300293e-01,2.470444202423095703e+00,-2.613020181655883789e+00,-2.239446855943423298e-01,-2.018469790496480176e-01,-3.943068995977184327e-02,-8.621623824898340160e+01,4.265336094260746336e+01,-3.063015414565793293e+01,0.000000000000000000e+00,0.000000000000000000e+00,0.000000000000000000e+00,0.000000000000000000e+00,8.276377563476562500e+02,8.276379394531250000e+02,8.276379394531250000e+02,8.276377563476562500e+02,-1.016234183987840772e+09
2.108999999999999986e+00,-8.599214927205893844e+01,4.285533803463944480e+01,-3.059071950162729436e+01,1.442913301161752315e-04,1.301129823332303204e-04,3.954070866285519514e-06,1.140081286430358887e-01,2.470480918884277344e+00,-2.613052368164062500e+00,-2.240889769244671093e-01,-2.019770920319827190e-01,-3.943464403063794144e-02,-8.621623824898340160e+01,4.265336094260746336e+01,-3.063015414565793293e+01,0.000000000000000000e+00,0.000000000000000000e+00,0.000000000000000000e+00,0.000000000000000000e+00,8.276378173828125000e+02,8.276378784179687500e+02,8.276378784179687500e+02,8.276378173828125000e+02,-1.016244351009694934e+09
2.109999999999999876e+00,-8.599200516692988572e+01,4.285546808026078480e+01,-3.059071585758499623e+01,1.441051290527184392e-04,1.300456213400025263e-04,3.644042298134309021e-06,1.140159368515014648e-01,2.470512390136718750e+00,-2.613079309463500977e+00,-2.242330820535179958e-01,-2.021071376533192521e-01,-3.943828807293510430e-02,-8.621623824898340160e+01,4.265336094260746336e+01,-3.063015414565793293e+01,0.000000000000000000e+00,0.000000000000000000e+00,0.000000000000000000e+00,0.000000000000000000e+00,8.276378784179687500e+02,8.276378173828125000e+02,8.276378173828125000e+02,8.276378784179687500e+02,-1.016254518017688632e+09
2.111000000000000210e+00,-8.599186119461590749e+01,4.285559805851234927e+01,-3.059071253700478010e+01,1.439723139782245198e-04,1.299782515644665182e-04,3.320580216126245432e-06,1.140251159667968750e-01,2.470548391342163086e+00,-2.613111495971679688e+00,-2.243770543674888096e-01,-2.022371159048875766e-01,-3.944160865315182729e-02,-8.621623824898340160e+01,4.265336094260746336e+01,-3.063015414565793293e+01,0.000000000000000000e+00,0.000000000000000000e+00,0.000000000000000000e+00,0.000000000000000000e+00,8.276378784179687500e+02,8.276377563476562500e+02,8.276377563476562500e+02,8.276378784179687500e+02,-1.016264685011858821e+09
2.112000000000000099e+00,-8.599171738180251623e+01,4.285572796939018048e+01,-3.059070953650378399e+01,1.438128133912641715e-04,1.299108778312074719e-04,3.000500996108712570e-06,1.140329539775848389e-01,2.470579624176025391e+00,-2.613139629364013672e+00,-2.245208671808876233e-01,-2.023670267827137881e-01,-3.944460915414783192e-02,-8.621623824898340160e+01,4.265336094260746336e+01,-3.063015414565793293e+01,0.000000000000000000e+00,0.000000000000000000e+00,0.000000000000000000e+00,0.000000000000000000e+00,8.276379394531250000e+02,8.276376953125000000e+02,8.276376953125000000e+02,8.276379394531250000e+02,-1.016274851992246747e+09
2.112999999999999989e+00,-8.599157370180056148e+01,4.285585782622948159e+01,-3.059070686282460727e+01,1.436800019547490592e-04,1.298568393011123590e-04,2.673679176723453566e-06,1.140419542789459229e-01,2.470615863800048828e+00,-2.613171100616455078e+00,-2.246645471828331297e-01,-2.024968836220217561e-01,-3.944728283332431945e-02,-8.621623824898340160e+01,4.265336094260746336e+01,-3.063015414565793293e+01,0.000000000000000000e+00,0.000000000000000000e+00,0.000000000000000000e+00,0.000000000000000000e+00,8.276380004882812500e+02,8.276376342773437500e+02,8.276376342773437500e+02,8.276380004882812500e+02,-1.016285018958890915e+09
2.113999999999999879e+00,-8.599143019469337901e+01,4.285598761694683390e+01,-3.059070451829452608e+01,1.435071071824722821e-04,1.297907173523071833e-04,2.344530081188622717e-06,1.140497028827667236e-01,2.470646858215332031e+00,-2.613198280334472656e+00,-2.248080542900158241e-01,-2.026266743393687064e-01,-3.944962736340613257e-02,-8.621623824898340160e+01,4.265336094260746336e+01,-3.063015414565793293e+01,0.000000000000000000e+00,0.000000000000000000e+00,0.000000000000000000e+00,0.000000000000000000e+00,8.276380615234375000e+02,8.276375732421875000e+02,8.276376342773437500e+02,8.276380615234375000e+02,-1.016295185911835313e+09
2.115000000000000213e+00,-8.599128680700172822e+01,4.285611735235467279e+01,-3.059070249484875603e+01,1.433876916507870192e-04,1.297354078388934795e-04,2.023445770049647763e-06,1.140585839748382568e-01,2.470682859420776367e+00,-2.613229513168334961e+00,-2.249514419816783239e-01,-2.027564097472084326e-01,-3.945165080917729244e-02,-8.621623824898340160e+01,4.265336094260746336e+01,-3.063015414565793293e+01,0.000000000000000000e+00,0.000000000000000000e+00,0.000000000000000000e+00,0.000000000000000000e+00,8.276381225585937500e+02,8.276375732421875000e+02,8.276375732421875000e+02,8.276381225585937500e+02,-1.016305352851115704e+09
2.116000000000000103e+00,-8.599114352546554585e+01,4.285624704709602639e+01,-3.059070078495590295e+01,1.432815361823713829e-04,1.296947413536031490e-04,1.709892853085648312e-06,1.140665411949157715e-01,2.470714092254638672e+00,-2.613257408142089844e+00,-2.250947235178493711e-01,-2.028861044885630904e-01,-3.945336070203093320e-02,-8.621623824898340160e+01,4.265336094260746336e+01,-3.063015414565793293e+01,0.000000000000000000e+00,0.000000000000000000e+00,0.000000000000000000e+00,0.000000000000000000e+00,8.276381835937500000e+02,8.276375122070312500e+02,8.276375122070312500e+02,8.276381225585937500e+02,-1.016315519776766062e+09
2.116999999999999993e+00,-8.599100040344667661e+01,4.285637668781746612e+01,-3.059069938515970222e+01,1.431220188692350348e-04,1.296407214397277130e-04,1.399796200729497286e-06,1.140753626823425293e-01,2.470749855041503906e+00,-2.613288164138793945e+00,-2.252378455367286259e-01,-2.030157452099994320e-01,-3.945476049823247455e-02,-8.621623824898340160e+01,4.265336094260746336e+01,-3.063015414565793293e+01,0.000000000000000000e+00,0.000000000000000000e+00,0.000000000000000000e+00,0.000000000000000000e+00,8.276381835937500000e+02,8.276374511718750000e+02,8.276374511718750000e+02,8.276381835937500000e+02,-1.016325686688828111e+09
2.117999999999999883e+00,-8.599085736092411025e+01,4.285650628790558159e+01,-3.059069828562228111e+01,1.430425225663611855e-04,1.296000881154668605e-04,1.099537421112017910e-06,1.140835881233215332e-01,2.470782756805419922e+00,-2.613317489624023438e+00,-2.253808880592946262e-01,-2.031453452981190344e-01,-3.945586003565158817e-02,-8.621623824898340160e+01,4.265336094260746336e+01,-3.063015414565793293e+01,0.000000000000000000e+00,0.000000000000000000e+00,0.000000000000000000e+00,0.000000000000000000e+00,8.276382446289062500e+02,8.276374511718750000e+02,8.276374511718750000e+02,8.276382446289062500e+02,-1.016335853587330580e+09
2.119000000000000217e+00,-8.599071442459674586e+01,4.285663583403599119e+01,-3.059069747292943831e+01,1.429363273643957655e-04,1.295461304096079402e-04,8.126928427998336701e-07,1.140921413898468018e-01,2.470817089080810547e+00,-2.613348245620727539e+00,-2.255238243866564407e-01,-2.032748914285270880e-01,-3.945667272849575496e-02,-8.621623824898340160e+01,4.265336094260746336e+01,-3.063015414565793293e+01,0.000000000000000000e+00,0.000000000000000000e+00,0.000000000000000000e+00,0.000000000000000000e+00,8.276383056640625000e+02,8.276373901367187500e+02,8.276373901367187500e+02,8.276383056640625000e+02,-1.016346020472304702e+09
2.120000000000000107e+00,-8.599057159449620258e+01,4.285676535291438682e+01,-3.059069693379285582e+01,1.428301005432786042e-04,1.295188783956291445e-04,5.391365824891636294e-07,1.141000986099243164e-01,2.470849037170410156e+00,-2.613376140594482422e+00,-2.256666544872052982e-01,-2.034044103069241327e-01,-3.945721186507875067e-02,-8.621623824898340160e+01,4.265336094260746336e+01,-3.063015414565793293e+01,0.000000000000000000e+00,0.000000000000000000e+00,0.000000000000000000e+00,0.000000000000000000e+00,8.276383056640625000e+02,8.276373291015625000e+02,8.276373291015625000e+02,8.276383056640625000e+02,-1.016356187343783259e+09
2.120999999999999996e+00,-8.599042881729120325e+01,4.285689483125750598e+01,-3.059069664827017831e+01,1.427772049993336623e-04,1.294783431191603995e-04,2.855226775011487916e-07,1.141088306903839111e-01,2.470883846282958984e+00,-2.613406181335449219e+00,-2.258094316922037992e-01,-2.035338886500392130e-01,-3.945749738775607834e-02,-8.621623824898340160e+01,4.265336094260746336e+01,-3.063015414565793293e+01,0.000000000000000000e+00,0.000000000000000000e+00,0.000000000000000000e+00,0.000000000000000000e+00,8.276383666992187500e+02,8.276373291015625000e+02,8.276373291015625000e+02,8.276383666992187500e+02,-1.016366354201787472e+09
2.121999999999999886e+00,-8.599028611970013003e+01,4.285702429576849681e+01,-3.059069659969092214e+01,1.426975910732153352e-04,1.294645109908287850e-04,4.857925617329783563e-08,1.141169667243957520e-01,2.470916032791137695e+00,-2.613435506820678711e+00,-2.259521292832704364e-01,-2.036633531610330117e-01,-3.945754596700945527e-02,-8.621623824898340160e+01,4.265336094260746336e+01,-3.063015414565793293e+01,0.000000000000000000e+00,0.000000000000000000e+00,0.000000000000000000e+00,0.000000000000000000e+00,8.276383666992187500e+02,8.276372680664062500e+02,8.276372680664062500e+02,8.276383666992187500e+02,-1.016376521046344399e+09
2.123000000000000220e+00,-8.599014347506222578e+01,4.285715371980817423e+01,-3.059069677137430077e+01,1.426446379042545232e-04,1.294240396774171131e-04,-1.716833786247207172e-07,1.141251921653747559e-01,2.470949411392211914e+00,-2.613464832305908203e+00,-2.260947739211752183e-01,-2.037927772007120386e-01,-3.945737428363231547e-02,-8.621623824898340160e+01,4.265336094260746336e+01,-3.063015414565793293e+01,0.000000000000000000e+00,0.000000000000000000e+00,0.000000000000000000e+00,0.000000000000000000e+00,8.276383666992187500e+02,8.276372680664062500e+02,8.276372680664062500e+02,8.276383666992187500e+02,-1.016386687877473116e+09
2.124000000000000110e+00,-8.599000088343755976e+01,4.285728314344915901e+01,-3.059069713671841484e+01,1.425916246660108300e-04,1.294236409847826508e-04,-3.653441140727409220e-07,1.141336262226104736e-01,2.470982789993286133e+00,-2.613493204116821289e+00,-2.262373655458425337e-01,-2.039222008416947951e-01,-3.945700893951659821e-02,-8.621623824898340160e+01,4.265336094260746336e+01,-3.063015414565793293e+01,0.000000000000000000e+00,0.000000000000000000e+00,0.000000000000000000e+00,0.000000000000000000e+00,8.276384277343750000e+02,8.276372680664062500e+02,8.276372680664062500e+02,8.276384277343750000e+02,-1.016396854695194840e+09
2.125000000000000000e+00,-8.598985829149077631e+01,4.285741254006832435e+01,-3.059069767575503818e+01,1.425919467834546595e-04,1.293966191653339592e-04,-5.390366233370968985e-07,1.141422390937805176e-01,2.471017837524414062e+00,-2.613524198532104492e+00,-2.263799574926319280e-01,-2.040515974608639038e-01,-3.945646990289473216e-02,-8.621623824898340160e+01,4.265336094260746336e+01,-3.063015414565793293e+01,0.000000000000000000e+00,0.000000000000000000e+00,0.000000000000000000e+00,0.000000000000000000e+00,8.276384277343750000e+02,8.276372070312500000e+02,8.276372070312500000e+02,8.276384277343750000e+02,-1.016407021499517679e+09
2.125999999999999890e+00,-8.598971572596285284e+01,4.285754194972926001e+01,-3.059069836183508073e+01,1.425655279234661066e-04,1.294096609356643057e-04,-6.860800425556590199e-07,1.141498684883117676e-01,2.471047878265380859e+00,-2.613551855087280273e+00,-2.265225230205447637e-01,-2.041810071217998734e-01,-3.945578382285176017e-02,-8.621623824898340160e+01,4.265336094260746336e+01,-3.063015414565793293e+01,0.000000000000000000e+00,0.000000000000000000e+00,0.000000000000000000e+00,0.000000000000000000e+00,8.276384277343750000e+02,8.276372070312500000e+02,8.276372070312500000e+02,8.276384277343750000e+02,-1.016417188290456653e+09
2.126999999999999780e+00,-8.598957320040639729e+01,4.285767133363046355e+01,-3.059069917060107002e+01,1.425255564555527599e-04,1.293839012035391534e-04,-8.087659892908050097e-07,1.141586601734161377e-01,2.471082925796508789e+00,-2.613582134246826172e+00,-2.266650485770012047e-01,-2.043103910230031628e-01,-3.945497505686345469e-02,-8.621623824898340160e+01,4.265336094260746336e+01,-3.063015414565793293e+01,0.000000000000000000e+00,0.000000000000000000e+00,0.000000000000000000e+00,0.000000000000000000e+00,8.276384277343750000e+02,8.276372070312500000e+02,8.276372070312500000e+02,8.276384277343750000e+02,-1.016427355068023682e+09
2.128000000000000114e+00,-8.598943060780904091e+01,4.285780074286483199e+01,-3.059070007415131442e+01,1.425925973563835214e-04,1.294092343684383195e-04,-9.035502444021403790e-07,1.141666471958160400e-01,2.471115350723266602e+00,-2.613610982894897461e+00,-2.268076411743639720e-01,-2.044398002573654116e-01,-3.945407150661812273e-02,-8.621623824898340160e+01,4.265336094260746336e+01,-3.063015414565793293e+01,0.000000000000000000e+00,0.000000000000000000e+00,0.000000000000000000e+00,0.000000000000000000e+00,8.276384277343750000e+02,8.276372070312500000e+02,8.276372070312500000e+02,8.276384277343750000e+02,-1.016437521832215428e+09
2.129000000000000004e+00,-8.598928801508689901e+01,4.285793015196711053e+01,-3.059070104472467122e+01,1.425927221418987756e-04,1.294091022785437417e-04,-9.705733567955121543e-07,1.141749024391174316e-01,2.471147775650024414e+00,-2.613639831542968750e+00,-2.269502338965043442e-01,-2.045692093596469252e-01,-3.945310093326032802e-02,-8.621623824898340160e+01,4.265336094260746336e+01,-3.063015414565793293e+01,0.000000000000000000e+00,0.000000000000000000e+00,0.000000000000000000e+00,0.000000000000000000e+00,8.276384277343750000e+02,8.276372070312500000e+02,8.276372070312500000e+02,8.276384277343750000e+02,-1.016447688583036184e+09
2.129999999999999893e+00,-8.598914536893487082e+01,4.285805958768901291e+01,-3.059070205578874635e+01,1.426461520281918638e-04,1.294357219023822836e-04,-1.011064075129297635e-06,1.141832768917083740e-01,2.471181392669677734e+00,-2.613669157028198242e+00,-2.270928800485257915e-01,-2.046986450815500569e-01,-3.945208986918526117e-02,-8.621623824898340160e+01,4.265336094260746336e+01,-3.063015414565793293e+01,0.000000000000000000e+00,0.000000000000000000e+00,0.000000000000000000e+00,0.000000000000000000e+00,8.276384277343750000e+02,8.276372070312500000e+02,8.276372070312500000e+02,8.276384277343750000e+02,-1.016457855320481300e+09
2.130999999999999783e+00,-8.598900266940201220e+01,4.285818903674967828e+01,-3.059070307730182137e+01,1.426995328586144751e-04,1.294490606653653231e-04,-1.021513075016855510e-06,1.141915619373321533e-01,2.471214294433593750e+00,-2.613697767257690430e+00,-2.272355795813918999e-01,-2.048280941422155610e-01,-3.945106835611047330e-02,-8.621623824898340160e+01,4.265336094260746336e+01,-3.063015414565793293e+01,0.000000000000000000e+00,0.000000000000000000e+00,0.000000000000000000e+00,0.000000000000000000e+00,8.276384277343750000e+02,8.276372680664062500e+02,8.276372680664062500e+02,8.276384277343750000e+02,-1.016468022044543624e+09
2.132000000000000117e+00,-8.598885991653445160e+01,4.285831851253566072e+01,-3.059070408594513069e+01,1.427528675606026809e-04,1.294757859824358093e-04,-1.008643309319268155e-06,1.141999363899230957e-01,2.471247911453247070e+00,-2.613728046417236328e+00,-2.273783324489533908e-01,-2.049575699281939445e-01,-3.945005971280264589e-02,-8.621623824898340160e+01,4.265336094260746336e+01,-3.063015414565793293e+01,0.000000000000000000e+00,0.000000000000000000e+00,0.000000000000000000e+00,0.000000000000000000e+00,8.276384277343750000e+02,8.276372680664062500e+02,8.276372680664062500e+02,8.276384277343750000e+02,-1.016478188755215645e+09
2.133000000000000007e+00,-8.598871708370967326e+01,4.285844802845614510e+01,-3.059070505177757582e+01,1.428328247783383631e-04,1.295159204843798761e-04,-9.658324451322641835e-07,1.142081320285797119e-01,2.471281290054321289e+00,-2.613757133483886719e+00,-2.275211652737347823e-01,-2.050870858486801007e-01,-3.944909388035688913e-02,-8.621623824898340160e+01,4.265336094260746336e+01,-3.063015414565793293e+01,0.000000000000000000e+00,0.000000000000000000e+00,0.000000000000000000e+00,0.000000000000000000e+00,8.276383666992187500e+02,8.276372680664062500e+02,8.276372680664062500e+02,8.276383666992187500e+02,-1.016488355452484250e+09
2.133999999999999897e+00,-8.598857414430234769e+01,4.285857757124660594e+01,-3.059070594147022959e+01,1.429394073255707553e-04,1.295427904608459357e-04,-8.896926537715899030e-07,1.142165660858154297e-01,2.471315145492553711e+00,-2.613786458969116211e+00,-2.276641046810575497e-01,-2.052166286391459704e-01,-3.944820418770360326e-02,-8.621623824898340160e+01,4.265336094260746336e+01,-3.063015414565793293e+01,0.000000000000000000e+00,0.000000000000000000e+00,0.000000000000000000e+00,0.000000000000000000e+00,8.276383666992187500e+02,8.276373291015625000e+02,8.276373291015625000e+02,8.276383666992187500e+02,-1.016498522136329055e+09
2.134999999999999787e+00,-8.598843112503818986e+01,4.285870716761835553e+01,-3.059070673501836879e+01,1.430192641578287294e-04,1.295963717495851597e-04,-7.935481391996290768e-07,1.142248809337615967e-01,2.471348285675048828e+00,-2.613816499710083008e+00,-2.278071239452167107e-01,-2.053462250108931131e-01,-3.944741063956496568e-02,-8.621623824898340160e+01,4.265336094260746336e+01,-3.063015414565793293e+01,0.000000000000000000e+00,0.000000000000000000e+00,0.000000000000000000e+00,0.000000000000000000e+00,8.276383056640625000e+02,8.276373291015625000e+02,8.276373291015625000e+02,8.276383056640625000e+02,-1.016508688806735039e+09
2.136000000000000121e+00,-8.598828799928017474e+01,4.285883680429386544e+01,-3.059070740576326486e+01,1.431257580151168440e-04,1.296366755099143120e-04,-6.707448960696638096e-07,1.142334043979644775e-01,2.471382379531860352e+00,-2.613846302032470703e+00,-2.279502497032339092e-01,-2.054758616864046650e-01,-3.944673989466901398e-02,-8.621623824898340160e+01,4.265336094260746336e+01,-3.063015414565793293e+01,0.000000000000000000e+00,0.000000000000000000e+00,0.000000000000000000e+00,0.000000000000000000e+00,8.276383056640625000e+02,8.276373901367187500e+02,8.276373901367187500e+02,8.276383056640625000e+02,-1.016518855463679910e+09
2.137000000000000011e+00,-8.598814474040780453e+01,4.285896648134929166e+01,-3.059070792040264308e+01,1.432588723702110656e-04,1.296770554262138830e-04,-5.146393782240465953e-07,1.142412424087524414e-01,2.471413850784301758e+00,-2.613873958587646484e+00,-2.280935085755986524e-01,-2.056055387418287694e-01,-3.944622525528827112e-02,-8.621623824898340160e+01,4.265336094260746336e+01,-3.063015414565793293e+01,0.000000000000000000e+00,0.000000000000000000e+00,0.000000000000000000e+00,0.000000000000000000e+00,8.276382446289062500e+02,8.276373901367187500e+02,8.276373901367187500e+02,8.276382446289062500e+02,-1.016529022107134700e+09
2.137999999999999901e+00,-8.598800134844999832e+01,4.285909621215204623e+01,-3.059070826562340173e+01,1.433919578062159417e-04,1.297308027545795994e-04,-3.452207586462918698e-07,1.142499744892120361e-01,2.471449136734008789e+00,-2.613905429840087891e+00,-2.282369005334008161e-01,-2.057352695445844593e-01,-3.944588003453216446e-02,-8.621623824898340160e+01,4.265336094260746336e+01,-3.063015414565793293e+01,0.000000000000000000e+00,0.000000000000000000e+00,0.000000000000000000e+00,0.000000000000000000e+00,8.276382446289062500e+02,8.276374511718750000e+02,8.276374511718750000e+02,8.276382446289062500e+02,-1.016539188737070918e+09
2.138999999999999790e+00,-8.598785782347167128e+01,4.285922601010951638e+01,-3.059070840810210967e+01,1.435249783270364787e-04,1.297979574701457750e-04,-1.424787079429279402e-07,1.142579913139343262e-01,2.471480131149291992e+00,-2.613933086395263672e+00,-2.283804255117356519e-01,-2.058650675020521903e-01,-3.944573755582457542e-02,-8.621623824898340160e+01,4.265336094260746336e+01,-3.063015414565793293e+01,0.000000000000000000e+00,0.000000000000000000e+00,0.000000000000000000e+00,0.000000000000000000e+00,8.276381835937500000e+02,8.276374511718750000e+02,8.276375122070312500e+02,8.276381835937500000e+02,-1.016549355353459120e+09
2.140000000000000124e+00,-8.598771416549300284e+01,4.285935586190882418e+01,-3.059070833447263382e+01,1.436579786684433202e-04,1.298517993078007748e-04,7.362947584965695569e-08,1.142663657665252686e-01,2.471513986587524414e+00,-2.613963127136230469e+00,-2.285240834904025131e-01,-2.059949193013613511e-01,-3.944581118530012670e-02,-8.621623824898340160e+01,4.265336094260746336e+01,-3.063015414565793293e+01,0.000000000000000000e+00,0.000000000000000000e+00,0.000000000000000000e+00,0.000000000000000000e+00,8.276381225585937500e+02,8.276375122070312500e+02,8.276375122070312500e+02,8.276381225585937500e+02,-1.016559521956267834e+09
2.141000000000000014e+00,-8.598757038819654497e+01,4.285948575532270155e+01,-3.059070802043081017e+01,1.437772964578698520e-04,1.298934138773688574e-04,3.140418236569075816e-07,1.142750382423400879e-01,2.471549272537231445e+00,-2.613993406295776367e+00,-2.286678607868593560e-01,-2.061248127152366938e-01,-3.944612522712349911e-02,-8.621623824898340160e+01,4.265336094260746336e+01,-3.063015414565793293e+01,0.000000000000000000e+00,0.000000000000000000e+00,0.000000000000000000e+00,0.000000000000000000e+00,8.276380615234375000e+02,8.276375732421875000e+02,8.276375732421875000e+02,8.276380615234375000e+02,-1.016569688545465469e+09
2.141999999999999904e+00,-8.598742641098502304e+01,4.285961572828581723e+01,-3.059070745134339120e+01,1.439772115219284387e-04,1.299729631156765208e-04,5.690874189667738392e-07,1.142831146717071533e-01,2.471581459045410156e+00,-2.614021778106689453e+00,-2.288118379983751227e-01,-2.062547856783567557e-01,-3.944669431454203568e-02,-8.621623824898340160e+01,4.265336094260746336e+01,-3.063015414565793293e+01,0.000000000000000000e+00,0.000000000000000000e+00,0.000000000000000000e+00,0.000000000000000000e+00,8.276380615234375000e+02,8.276376342773437500e+02,8.276376342773437500e+02,8.276380615234375000e+02,-1.016579855121008992e+09
2.142999999999999794e+00,-8.598728230088357805e+01,4.285974575521338181e+01,-3.059070660611876136e+01,1.441101014449941431e-04,1.300269275645860034e-04,8.452246298418231163e-07,1.142919659614562988e-01,2.471616506576538086e+00,-2.614053487777709961e+00,-2.289559480998218932e-01,-2.063848126059198429e-01,-3.944753953917223832e-02,-8.621623824898340160e+01,4.265336094260746336e+01,-3.063015414565793293e+01,0.000000000000000000e+00,0.000000000000000000e+00,0.000000000000000000e+00,0.000000000000000000e+00,8.276380004882812500e+02,8.276376953125000000e+02,8.276376953125000000e+02,8.276380004882812500e+02,-1.016590021682863355e+09
2.144000000000000128e+00,-8.598713803124535104e+01,4.285987586282290351e+01,-3.059070547151867103e+01,1.442696382270014510e-04,1.301076095217013062e-04,1.134600090324511257e-06,1.142998337745666504e-01,2.471647977828979492e+00,-2.614081621170043945e+00,-2.291002177380551952e-01,-2.065149202154387131e-01,-3.944867413926269467e-02,-8.621623824898340160e+01,4.265336094260746336e+01,-3.063015414565793293e+01,0.000000000000000000e+00,0.000000000000000000e+00,0.000000000000000000e+00,0.000000000000000000e+00,8.276379394531250000e+02,8.276376953125000000e+02,8.276377563476562500e+02,8.276379394531250000e+02,-1.016600188230990410e+09
2.145000000000000018e+00,-8.598699360207443476e+01,4.286000602444833163e+01,-3.059070404082050842e+01,1.444291709162826010e-04,1.301616254281157126e-04,1.430698162607768609e-06,1.143087446689605713e-01,2.471683263778686523e+00,-2.614112138748168945e+00,-2.292446469089727268e-01,-2.066450818408658019e-01,-3.945010483742618368e-02,-8.621623824898340160e+01,4.265336094260746336e+01,-3.063015414565793293e+01,0.000000000000000000e+00,0.000000000000000000e+00,0.000000000000000000e+00,0.000000000000000000e+00,8.276378784179687500e+02,8.276377563476562500e+02,8.276377563476562500e+02,8.276378784179687500e+02,-1.016610354765349269e+09
2.145999999999999908e+00,-8.598684901340635633e+01,4.286013625346443945e+01,-3.059070229737637092e+01,1.445886680784269629e-04,1.302290161078190067e-04,1.743444137503047386e-06,1.143165230751037598e-01,2.471714496612548828e+00,-2.614140272140502930e+00,-2.293892355770491276e-01,-2.067753108569757858e-01,-3.945184828156101525e-02,-8.621623824898340160e+01,4.265336094260746336e+01,-3.063015414565793293e+01,0.000000000000000000e+00,0.000000000000000000e+00,0.000000000000000000e+00,0.000000000000000000e+00,8.276378173828125000e+02,8.276378173828125000e+02,8.276378173828125000e+02,8.276378173828125000e+02,-1.016620521285899162e+09
2.146999999999999797e+00,-8.598670429192289077e+01,4.286026654986314810e+01,-3.059070024113890085e+01,1.447214834655596860e-04,1.302963987086513953e-04,2.056237470071664575e-06,1.143255531787872314e-01,2.471750974655151367e+00,-2.614171981811523438e+00,-2.295339570605116064e-01,-2.069056072556849646e-01,-3.945390451903290491e-02,-8.621623824898340160e+01,4.265336094260746336e+01,-3.063015414565793293e+01,0.000000000000000000e+00,0.000000000000000000e+00,0.000000000000000000e+00,0.000000000000000000e+00,8.276377563476562500e+02,8.276378784179687500e+02,8.276378784179687500e+02,8.276377563476562500e+02,-1.016630687792604208e+09
2.148000000000000131e+00,-8.598655938427728529e+01,4.286039690034402838e+01,-3.059069786217325770e+01,1.449076456054854134e-04,1.303504808802813386e-04,2.378965643146102593e-06,1.143337190151214600e-01,2.471783638000488281e+00,-2.614200830459594727e+00,-2.296788647061128175e-01,-2.070359577365682435e-01,-3.945628348467417057e-02,-8.621623824898340160e+01,4.265336094260746336e+01,-3.063015414565793293e+01,0.000000000000000000e+00,0.000000000000000000e+00,0.000000000000000000e+00,0.000000000000000000e+00,8.276377563476562500e+02,8.276379394531250000e+02,8.276379394531250000e+02,8.276376953125000000e+02,-1.016640854285417080e+09
2.149000000000000021e+00,-8.598641434384255433e+01,4.286052731823670570e+01,-3.059069515707551190e+01,1.450404347309586228e-04,1.304178926773147396e-04,2.705097745803186626e-06,1.143425107002258301e-01,2.471818923950195312e+00,-2.614232063293457031e+00,-2.298239051408519362e-01,-2.071663756292434488e-01,-3.945898858241975171e-02,-8.621623824898340160e+01,4.265336094260746336e+01,-3.063015414565793293e+01,0.000000000000000000e+00,0.000000000000000000e+00,0.000000000000000000e+00,0.000000000000000000e+00,8.276376953125000000e+02,8.276380004882812500e+02,8.276380004882812500e+02,8.276376953125000000e+02,-1.016651020764300942e+09
2.149999999999999911e+00,-8.598626917060326491e+01,4.286065779018878885e+01,-3.059069213248974251e+01,1.451732392894200530e-04,1.304719520831554291e-04,3.024585769395571333e-06,1.143506169319152832e-01,2.471850872039794922e+00,-2.614260673522949219e+00,-2.299690783801325022e-01,-2.072968475813241895e-01,-3.946201316818939014e-02,-8.621623824898340160e+01,4.265336094260746336e+01,-3.063015414565793293e+01,0.000000000000000000e+00,0.000000000000000000e+00,0.000000000000000000e+00,0.000000000000000000e+00,8.276376342773437500e+02,8.276380615234375000e+02,8.276380615234375000e+02,8.276376342773437500e+02,-1.016661187229218125e+09
2.150999999999999801e+00,-8.598612386457260470e+01,4.286078831621490082e+01,-3.059068878174647210e+01,1.453060306602083074e-04,1.305260261119656207e-04,3.350743270402745111e-06,1.143594384193420410e-01,2.471886873245239258e+00,-2.614291191101074219e+00,-2.301143844108007319e-01,-2.074273736074408181e-01,-3.946536391146027167e-02,-8.621623824898340160e+01,4.265336094260746336e+01,-3.063015414565793293e+01,0.000000000000000000e+00,0.000000000000000000e+00,0.000000000000000000e+00,0.000000000000000000e+00,8.276375732421875000e+02,8.276380615234375000e+02,8.276380615234375000e+02,8.276375732421875000e+02,-1.016671353680130720e+09
2.152000000000000135e+00,-8.598597839905123408e+01,4.286091890963903950e+01,-3.059068511826169257e+01,1.454655213706246286e-04,1.305934241386808026e-04,3.663484779536929636e-06,1.143674850463867188e-01,2.471918821334838867e+00,-2.614320039749145508e+00,-2.302598499321711623e-01,-2.075579670315765568e-01,-3.946902739623896900e-02,-8.621623824898340160e+01,4.265336094260746336e+01,-3.063015414565793293e+01,0.000000000000000000e+00,0.000000000000000000e+00,0.000000000000000000e+00,0.000000000000000000e+00,8.276375122070312500e+02,8.276381225585937500e+02,8.276381225585937500e+02,8.276375122070312500e+02,-1.016681520116997719e+09
2.153000000000000025e+00,-8.598583282739275546e+01,4.286104954376332898e+01,-3.059068114188592702e+01,1.455716584786159729e-04,1.306341242894859533e-04,3.976375765546436014e-06,1.143762469291687012e-01,2.471954107284545898e+00,-2.614350080490112305e+00,-2.304054215906419512e-01,-2.076886011558669587e-01,-3.947300377200416849e-02,-8.621623824898340160e+01,4.265336094260746336e+01,-3.063015414565793293e+01,0.000000000000000000e+00,0.000000000000000000e+00,0.000000000000000000e+00,0.000000000000000000e+00,8.276375122070312500e+02,8.276381835937500000e+02,8.276381835937500000e+02,8.276375122070312500e+02,-1.016691686539785385e+09
2.153999999999999915e+00,-8.598568716331415374e+01,4.286118020617311686e+01,-3.059067687167296157e+01,1.456640786017260325e-04,1.306624097878739121e-04,4.270212965451491982e-06,1.143846809864044189e-01,2.471987962722778320e+00,-2.614380836486816406e+00,-2.305510856692483124e-01,-2.078192635656528064e-01,-3.947727398497075102e-02,-8.621623824898340160e+01,4.265336094260746336e+01,-3.063015414565793293e+01,0.000000000000000000e+00,0.000000000000000000e+00,0.000000000000000000e+00,0.000000000000000000e+00,8.276374511718750000e+02,8.276382446289062500e+02,8.276382446289062500e+02,8.276374511718750000e+02,-1.016701852948462486e+09
2.154999999999999805e+00,-8.598554137933125219e+01,4.286131093495990996e+01,-3.059067230622958888e+01,1.457839829015483701e-04,1.307287867930995162e-04,4.565443372683830603e-06,1.143934428691864014e-01,2.472023010253906250e+00,-2.614411592483520508e+00,-2.306968696521483064e-01,-2.079499923524454619e-01,-3.948183942834408017e-02,-8.621623824898340160e+01,4.265336094260746336e+01,-3.063015414565793293e+01,0.000000000000000000e+00,0.000000000000000000e+00,0.000000000000000000e+00,0.000000000000000000e+00,8.276373901367187500e+02,8.276382446289062500e+02,8.276382446289062500e+02,8.276373901367187500e+02,-1.016712019342996001e+09
2.156000000000000139e+00,-8.598539548913122132e+01,4.286144169102277601e+01,-3.059066747122578889e+01,1.458902000308626157e-04,1.307560628660553448e-04,4.835003799996684393e-06,1.144016981124877930e-01,2.472056150436401367e+00,-2.614440441131591797e+00,-2.308427598521755886e-01,-2.080807484153127940e-01,-3.948667443214426420e-02,-8.621623824898340160e+01,4.265336094260746336e+01,-3.063015414565793293e+01,0.000000000000000000e+00,0.000000000000000000e+00,0.000000000000000000e+00,0.000000000000000000e+00,8.276373901367187500e+02,8.276383056640625000e+02,8.276383056640625000e+02,8.276373901367187500e+02,-1.016722185723353624e+09
2.157000000000000028e+00,-8.598524951938804861e+01,4.286157248768027728e+01,-3.059066237331055405e+01,1.459697431727136063e-04,1.307966575012642352e-04,5.097915234841821075e-06,1.144104003906250000e-01,2.472090721130371094e+00,-2.614471435546875000e+00,-2.309887295953572672e-01,-2.082115450728122263e-01,-3.949177234737794029e-02,-8.621623824898340160e+01,4.265336094260746336e+01,-3.063015414565793293e+01,0.000000000000000000e+00,0.000000000000000000e+00,0.000000000000000000e+00,0.000000000000000000e+00,8.276373291015625000e+02,8.276383056640625000e+02,8.276383056640625000e+02,8.276373291015625000e+02,-1.016732352089509010e+09
2.157999999999999918e+00,-8.598510349673038888e+01,4.286170331153005009e+01,-3.059065703908944300e+01,1.460226576597278836e-04,1.308238497728098082e-04,5.334221111041870245e-06,1.144188642501831055e-01,2.472124814987182617e+00,-2.614501953125000000e+00,-2.311347522530167731e-01,-2.083423689225870623e-01,-3.949710656848873930e-02,-8.621623824898340160e+01,4.265336094260746336e+01,-3.063015414565793293e+01,0.000000000000000000e+00,0.000000000000000000e+00,0.000000000000000000e+00,0.000000000000000000e+00,8.276373291015625000e+02,8.276383666992187500e+02,8.276383666992187500e+02,8.276373291015625000e+02,-1.016742518441441298e+09
2.158999999999999808e+00,-8.598495739445407082e+01,4.286183416255537537e+01,-3.059065148195151096e+01,1.461022763180608308e-04,1.308510253252848088e-04,5.557137932044042827e-06,1.144274175167083740e-01,2.472158193588256836e+00,-2.614531040191650391e+00,-2.312808545293275897e-01,-2.084732199479145398e-01,-3.950266370642287889e-02,-8.621623824898340160e+01,4.265336094260746336e+01,-3.063015414565793293e+01,0.000000000000000000e+00,0.000000000000000000e+00,0.000000000000000000e+00,0.000000000000000000e+00,8.276372680664062500e+02,8.276383666992187500e+02,8.276383666992187500e+02,8.276372680664062500e+02,-1.016752684779125214e+09
2.160000000000000142e+00,-8.598481126587438439e+01,4.286196502735111835e+01,-3.059064572511854863e+01,1.461285796864331132e-04,1.308647957429798225e-04,5.756832962333646719e-06,1.144362986087799072e-01,2.472193956375122070e+00,-2.614562988281250000e+00,-2.314269831090219054e-01,-2.086040847436557988e-01,-3.950842053938288106e-02,-8.621623824898340160e+01,4.265336094260746336e+01,-3.063015414565793293e+01,0.000000000000000000e+00,0.000000000000000000e+00,0.000000000000000000e+00,0.000000000000000000e+00,8.276372680664062500e+02,8.276384277343750000e+02,8.276384277343750000e+02,8.276372680664062500e+02,-1.016762851102545619e+09
2.161000000000000032e+00,-8.598466511094947862e+01,4.286209590587085216e+01,-3.059063979193614813e+01,1.461549249057725319e-04,1.308785197338124817e-04,5.933182400497116760e-06,1.144446134567260742e-01,2.472226858139038086e+00,-2.614592075347900391e+00,-2.315731380339263179e-01,-2.087349632633895280e-01,-3.951435372178546679e-02,-8.621623824898340160e+01,4.265336094260746336e+01,-3.063015414565793293e+01,0.000000000000000000e+00,0.000000000000000000e+00,0.000000000000000000e+00,0.000000000000000000e+00,8.276372680664062500e+02,8.276384277343750000e+02,8.276384277343750000e+02,8.276372680664062500e+02,-1.016773017411688089e+09
2.161999999999999922e+00,-8.598451890294617783e+01,4.286222678473033909e+01,-3.059063370910661206e+01,1.462080033007850943e-04,1.308788594869270128e-04,6.082829536069311871e-06,1.144534945487976074e-01,2.472263336181640625e+00,-2.614623785018920898e+00,-2.317193460372254377e-01,-2.088658421228776485e-01,-3.952043655132148753e-02,-8.621623824898340160e+01,4.265336094260746336e+01,-3.063015414565793293e+01,0.000000000000000000e+00,0.000000000000000000e+00,0.000000000000000000e+00,0.000000000000000000e+00,8.276372070312500000e+02,8.276384277343750000e+02,8.276384277343750000e+02,8.276372070312500000e+02,-1.016783183706534743e+09
2.162999999999999812e+00,-8.598437272187513258e+01,4.286235767720201295e+01,-3.059062749652154523e+01,1.461810710452482454e-04,1.308924716738602001e-04,6.212585066833753444e-06,1.144621074199676514e-01,2.472297430038452148e+00,-2.614653348922729492e+00,-2.318655271082720182e-01,-2.089967345945503152e-01,-3.952664913638894578e-02,-8.621623824898340160e+01,4.265336094260746336e+01,-3.063015414565793293e+01,0.000000000000000000e+00,0.000000000000000000e+00,0.000000000000000000e+00,0.000000000000000000e+00,8.276372070312500000e+02,8.276384277343750000e+02,8.276384277343750000e+02,8.276372070312500000e+02,-1.016793349987083435e+09
2.164000000000000146e+00,-8.598422654098631313e+01,4.286248855654761769e+01,-3.059062118752624215e+01,1.461808888194582323e-04,1.308793456047396830e-04,6.308995303072606475e-06,1.144706606864929199e-01,2.472331047058105469e+00,-2.614684104919433594e+00,-2.320117079970930862e-01,-2.091276139401553602e-01,-3.953295813168992978e-02,-8.621623824898340160e+01,4.265336094260746336e+01,-3.063015414565793293e+01,0.000000000000000000e+00,0.000000000000000000e+00,0.000000000000000000e+00,0.000000000000000000e+00,8.276372070312500000e+02,8.276384277343750000e+02,8.276384277343750000e+02,8.276372070312500000e+02,-1.016803516253327131e+09
2.165000000000000036e+00,-8.598408041360941922e+01,4.286261943604861813e+01,-3.059061480206063166e+01,1.461273768939008733e-04,1.308795010004359938e-04,6.385465610492246924e-06,1.144791245460510254e-01,2.472365379333496094e+00,-2.614713907241821289e+00,-2.321578353739876810e-01,-2.092584934411531317e-01,-3.953934359729995712e-02,-8.621623824898340160e+01,4.265336094260746336e+01,-3.063015414565793293e+01,0.000000000000000000e+00,0.000000000000000000e+00,0.000000000000000000e+00,0.000000000000000000e+00,8.276372070312500000e+02,8.276384277343750000e+02,8.276384277343750000e+02,8.276372070312500000e+02,-1.016813682505270600e+09
2.165999999999999925e+00,-8.598393430016407990e+01,4.286275027649992353e+01,-3.059060837590101656e+01,1.461134453393242438e-04,1.308404513054028939e-04,6.426159615102733369e-06,1.144879758358001709e-01,2.472400903701782227e+00,-2.614744663238525391e+00,-2.323039488193219537e-01,-2.093893338924571190e-01,-3.954576975691567048e-02,-8.621623824898340160e+01,4.265336094260746336e+01,-3.063015414565793293e+01,0.000000000000000000e+00,0.000000000000000000e+00,0.000000000000000000e+00,0.000000000000000000e+00,8.276372070312500000e+02,8.276384277343750000e+02,8.276384277343750000e+02,8.276372070312500000e+02,-1.016823848742910504e+09
2.166999999999999815e+00,-8.598378822628110640e+01,4.286288111611986551e+01,-3.059060192755782381e+01,1.460738829734964384e-04,1.308396199419803452e-04,6.448343192744232510e-06,1.144963502883911133e-01,2.472434759140014648e+00,-2.614774227142333984e+00,-2.324500227023016952e-01,-2.095201735124010145e-01,-3.955221810010806083e-02,-8.621623824898340160e+01,4.265336094260746336e+01,-3.063015414565793293e+01,0.000000000000000000e+00,0.000000000000000000e+00,0.000000000000000000e+00,0.000000000000000000e+00,8.276372680664062500e+02,8.276384277343750000e+02,8.276384277343750000e+02,8.276372680664062500e+02,-1.016834014966252089e+09
2.168000000000000149e+00,-8.598364223242219850e+01,4.286301194236343548e+01,-3.059059549271466949e+01,1.459938589079001758e-04,1.308262435699703019e-04,6.434843154323743875e-06,1.145049929618835449e-01,2.472468614578247070e+00,-2.614804983139038086e+00,-2.325960165611960784e-01,-2.096509997559736771e-01,-3.955865294326453563e-02,-8.621623824898340160e+01,4.265336094260746336e+01,-3.063015414565793293e+01,0.000000000000000000e+00,0.000000000000000000e+00,0.000000000000000000e+00,0.000000000000000000e+00,8.276372680664062500e+02,8.276384277343750000e+02,8.276384277343750000e+02,8.276372680664062500e+02,-1.016844181175308943e+09
2.169000000000000039e+00,-8.598349629185052834e+01,4.286314271517169772e+01,-3.059058909468428666e+01,1.459405716701667188e-04,1.307728082622361399e-04,6.398030382825936613e-06,1.145137846469879150e-01,2.472503662109375000e+00,-2.614835262298583984e+00,-2.327419571328681602e-01,-2.097817725642350251e-01,-3.956505097364709789e-02,-8.621623824898340160e+01,4.265336094260746336e+01,-3.063015414565793293e+01,0.000000000000000000e+00,0.000000000000000000e+00,0.000000000000000000e+00,0.000000000000000000e+00,8.276372680664062500e+02,8.276383666992187500e+02,8.276383666992187500e+02,8.276372680664062500e+02,-1.016854347370088100e+09
2.169999999999999929e+00,-8.598335045788580544e+01,4.286327347448560943e+01,-3.059058276346541305e+01,1.458339647228967806e-04,1.307593139117102510e-04,6.331218873611987874e-06,1.145222187042236328e-01,2.472537517547607422e+00,-2.614866018295288086e+00,-2.328877910975906407e-01,-2.099125318781438487e-01,-3.957138219251864208e-02,-8.621623824898340160e+01,4.265336094260746336e+01,-3.063015414565793293e+01,0.000000000000000000e+00,0.000000000000000000e+00,0.000000000000000000e+00,0.000000000000000000e+00,8.276373291015625000e+02,8.276383666992187500e+02,8.276383666992187500e+02,8.276373291015625000e+02,-1.016864513550610900e+09
2.170999999999999819e+00,-8.598320470378482128e+01,4.286340418023917209e+01,-3.059057652570572472e+01,1.457541009841634150e-04,1.307057535626654499e-04,6.237759688332289443e-06,1.145308017730712891e-01,2.472571611404418945e+00,-2.614895582199096680e+00,-2.330335451985758310e-01,-2.100432376317105665e-01,-3.957761995220758500e-02,-8.621623824898340160e+01,4.265336094260746336e+01,-3.063015414565793293e+01,0.000000000000000000e+00,0.000000000000000000e+00,0.000000000000000000e+00,0.000000000000000000e+00,8.276373291015625000e+02,8.276383056640625000e+02,8.276383056640625000e+02,8.276373291015625000e+02,-1.016874679716892123e+09
2.172000000000000153e+00,-8.598305908285813359e+01,4.286353484569254846e+01,-3.059057041134960642e+01,1.456209266876840047e-04,1.306654533763662585e-04,6.114356118303021503e-06,1.145392954349517822e-01,2.472605943679809570e+00,-2.614925384521484375e+00,-2.331791661252695103e-01,-2.101739030850872381e-01,-3.958373430832658885e-02,-8.621623824898340160e+01,4.265336094260746336e+01,-3.063015414565793293e+01,0.000000000000000000e+00,0.000000000000000000e+00,0.000000000000000000e+00,0.000000000000000000e+00,8.276373901367187500e+02,8.276383056640625000e+02,8.276383056640625000e+02,8.276373901367187500e+02,-1.016884845868958831e+09
2.173000000000000043e+00,-8.598291356838340960e+01,4.286366545747355161e+01,-3.059056444042864342e+01,1.455144747239955905e-04,1.306117810031537374e-04,5.970920962994341608e-06,1.145478487014770508e-01,2.472640037536621094e+00,-2.614955425262451172e+00,-2.333246805999888429e-01,-2.103045148660881158e-01,-3.958970522928851460e-02,-8.621623824898340160e+01,4.265336094260746336e+01,-3.063015414565793293e+01,0.000000000000000000e+00,0.000000000000000000e+00,0.000000000000000000e+00,0.000000000000000000e+00,8.276373901367187500e+02,8.276382446289062500e+02,8.276382446289062500e+02,8.276373901367187500e+02,-1.016895012006833792e+09
2.173999999999999932e+00,-8.598276816031119552e+01,4.286379601552723528e+01,-3.059055863962278465e+01,1.454080722140815851e-04,1.305580536836714600e-04,5.800805858768853795e-06,1.145566105842590332e-01,2.472675085067749023e+00,-2.614986658096313477e+00,-2.334700886722040625e-01,-2.104350729197717595e-01,-3.959550603514650630e-02,-8.621623824898340160e+01,4.265336094260746336e+01,-3.063015414565793293e+01,0.000000000000000000e+00,0.000000000000000000e+00,0.000000000000000000e+00,0.000000000000000000e+00,8.276374511718750000e+02,8.276382446289062500e+02,8.276382446289062500e+02,8.276374511718750000e+02,-1.016905178130541086e+09
2.174999999999999822e+00,-8.598262291195780449e+01,4.286392653312013579e+01,-3.059055303554113792e+01,1.452483533910253755e-04,1.305175929005031321e-04,5.604081646737313349e-06,1.145650446414947510e-01,2.472707748413085938e+00,-2.615015983581542969e+00,-2.336153370255925621e-01,-2.105655905126737615e-01,-3.960111011679637305e-02,-8.621623824898340160e+01,4.265336094260746336e+01,-3.063015414565793293e+01,0.000000000000000000e+00,0.000000000000000000e+00,0.000000000000000000e+00,0.000000000000000000e+00,8.276374511718750000e+02,8.276381835937500000e+02,8.276381835937500000e+02,8.276374511718750000e+02,-1.016915344240116715e+09
2.176000000000000156e+00,-8.598247779659614309e+01,4.286405698353947002e+01,-3.059054764818804628e+01,1.451153616613964914e-04,1.304504193342381768e-04,5.387353091634849989e-06,1.145738363265991211e-01,2.472743988037109375e+00,-2.615047216415405273e+00,-2.337604523872516549e-01,-2.106960409320034477e-01,-3.960649746988637726e-02,-8.621623824898340160e+01,4.265336094260746336e+01,-3.063015414565793293e+01,0.000000000000000000e+00,0.000000000000000000e+00,0.000000000000000000e+00,0.000000000000000000e+00,8.276375122070312500e+02,8.276381225585937500e+02,8.276381225585937500e+02,8.276375122070312500e+02,-1.016925510335591316e+09
2.177000000000000046e+00,-8.598233281419926755e+01,4.286418738009058416e+01,-3.059054249426533900e+01,1.449823968755481474e-04,1.303965511141313982e-04,5.153922707279434690e-06,1.145821809768676758e-01,2.472777128219604492e+00,-2.615077018737792969e+00,-2.339054347841298953e-01,-2.108264374831194388e-01,-3.961165139259487794e-02,-8.621623824898340160e+01,4.265336094260746336e+01,-3.063015414565793293e+01,0.000000000000000000e+00,0.000000000000000000e+00,0.000000000000000000e+00,0.000000000000000000e+00,8.276375732421875000e+02,8.276380615234375000e+02,8.276381225585937500e+02,8.276375732421875000e+02,-1.016935676416997313e+09
2.177999999999999936e+00,-8.598218799139968382e+01,4.286431770937530672e+01,-3.059053759704148590e+01,1.448227995837214621e-04,1.303292847225634432e-04,4.897223853106424940e-06,1.145910024642944336e-01,2.472811222076416016e+00,-2.615107536315917969e+00,-2.340502575837186405e-01,-2.109567667678402814e-01,-3.961654861644575004e-02,-8.621623824898340160e+01,4.265336094260746336e+01,-3.063015414565793293e+01,0.000000000000000000e+00,0.000000000000000000e+00,0.000000000000000000e+00,0.000000000000000000e+00,8.276376342773437500e+02,8.276380615234375000e+02,8.276380615234375000e+02,8.276376342773437500e+02,-1.016945842484372258e+09
2.178999999999999826e+00,-8.598204334212920230e+01,4.286444795878154679e+01,-3.059053297557834838e+01,1.446492704815227626e-04,1.302494062400683106e-04,4.621463137510772867e-06,1.145993173122406006e-01,2.472844839096069336e+00,-2.615136623382568359e+00,-2.341949068542001078e-01,-2.110870161740859008e-01,-3.962117007958471798e-02,-8.621623824898340160e+01,4.265336094260746336e+01,-3.063015414565793293e+01,0.000000000000000000e+00,0.000000000000000000e+00,0.000000000000000000e+00,0.000000000000000000e+00,8.276376953125000000e+02,8.276380004882812500e+02,8.276380004882812500e+02,8.276376953125000000e+02,-1.016956008537756085e+09
2.180000000000000160e+00,-8.598189881177401617e+01,4.286457816678360189e+01,-3.059052863518237331e+01,1.445303551861343294e-04,1.302080020550988593e-04,4.340395975077626645e-06,1.146079599857330322e-01,2.472879409790039062e+00,-2.615167617797851562e+00,-2.343394372093875189e-01,-2.112172241761360869e-01,-3.962551047555834538e-02,-8.621623824898340160e+01,4.265336094260746336e+01,-3.063015414565793293e+01,0.000000000000000000e+00,0.000000000000000000e+00,0.000000000000000000e+00,0.000000000000000000e+00,8.276376953125000000e+02,8.276379394531250000e+02,8.276379394531250000e+02,8.276376953125000000e+02,-1.016966174577183008e+09
2.181000000000000050e+00,-8.598175446762033403e+01,4.286470830742491955e+01,-3.059052459145453895e+01,1.443441536821410409e-04,1.301406413176664500e-04,4.043727834357468964e-06,1.146163046360015869e-01,2.472912788391113281e+00,-2.615196704864501953e+00,-2.344837813630736845e-01,-2.113473648174552522e-01,-3.962955420339227958e-02,-8.621623824898340160e+01,4.265336094260746336e+01,-3.063015414565793293e+01,0.000000000000000000e+00,0.000000000000000000e+00,0.000000000000000000e+00,0.000000000000000000e+00,8.276377563476562500e+02,8.276378784179687500e+02,8.276378784179687500e+02,8.276377563476562500e+02,-1.016976340602697372e+09
2.181999999999999940e+00,-8.598161025627491938e+01,4.286483838068886598e+01,-3.059052086116772529e+01,1.442113454146465301e-04,1.300732639464285967e-04,3.730286813663497014e-06,1.146244704723358154e-01,2.472945690155029297e+00,-2.615225553512573242e+00,-2.346279927084857775e-01,-2.114774380814017640e-01,-3.963328449020786515e-02,-8.621623824898340160e+01,4.265336094260746336e+01,-3.063015414565793293e+01,0.000000000000000000e+00,0.000000000000000000e+00,0.000000000000000000e+00,0.000000000000000000e+00,8.276378173828125000e+02,8.276378173828125000e+02,8.276378173828125000e+02,8.276378173828125000e+02,-1.016986506614335537e+09
2.182999999999999829e+00,-8.598146623110262965e+01,4.286496839989582952e+01,-3.059051744425003605e+01,1.440251722897301079e-04,1.300192069635386360e-04,3.416917689236242950e-06,1.146334409713745117e-01,2.472981929779052734e+00,-2.615257024765014648e+00,-2.347720178807690683e-01,-2.116074572883689386e-01,-3.963670140789718466e-02,-8.621623824898340160e+01,4.265336094260746336e+01,-3.063015414565793293e+01,0.000000000000000000e+00,0.000000000000000000e+00,0.000000000000000000e+00,0.000000000000000000e+00,8.276378784179687500e+02,8.276377563476562500e+02,8.276377563476562500e+02,8.276378784179687500e+02,-1.016996672612144232e+09
2.184000000000000163e+00,-8.598132233871355368e+01,4.286509833836225880e+01,-3.059051435074975345e+01,1.438923890759724600e-04,1.299384664292801972e-04,3.093500282602690277e-06,1.146413385868072510e-01,2.473013401031494141e+00,-2.615285396575927734e+00,-2.349159102698507862e-01,-2.117373957547926677e-01,-3.963979490818111961e-02,-8.621623824898340160e+01,4.265336094260746336e+01,-3.063015414565793293e+01,0.000000000000000000e+00,0.000000000000000000e+00,0.000000000000000000e+00,0.000000000000000000e+00,8.276379394531250000e+02,8.276377563476562500e+02,8.276377563476562500e+02,8.276379394531250000e+02,-1.017006838596159220e+09
2.185000000000000053e+00,-8.598117857911380213e+01,4.286522823610081900e+01,-3.059051158408320603e+01,1.437595997515472845e-04,1.298977385602029244e-04,2.766666547415752575e-06,1.146503686904907227e-01,2.473049163818359375e+00,-2.615316390991210938e+00,-2.350596698696037490e-01,-2.118672934933547580e-01,-3.964256157472514225e-02,-8.621623824898340160e+01,4.265336094260746336e+01,-3.063015414565793293e+01,0.000000000000000000e+00,0.000000000000000000e+00,0.000000000000000000e+00,0.000000000000000000e+00,8.276380004882812500e+02,8.276376953125000000e+02,8.276376953125000000e+02,8.276380004882812500e+02,-1.017017004566419721e+09
2.185999999999999943e+00,-8.598103497897577085e+01,4.286535805308703573e+01,-3.059050914078333605e+01,1.436001380312745823e-04,1.298169862167242172e-04,2.443299869980819494e-06,1.146582067012786865e-01,2.473080158233642578e+00,-2.615344285964965820e+00,-2.352032700076276406e-01,-2.119971104795698447e-01,-3.964500487459698269e-02,-8.621623824898340160e+01,4.265336094260746336e+01,-3.063015414565793293e+01,0.000000000000000000e+00,0.000000000000000000e+00,0.000000000000000000e+00,0.000000000000000000e+00,8.276380615234375000e+02,8.276376342773437500e+02,8.276376342773437500e+02,8.276380615234375000e+02,-1.017027170522966266e+09
2.186999999999999833e+00,-8.598089153831178066e+01,4.286548782934043089e+01,-3.059050702093141894e+01,1.434406639901908420e-04,1.297762533951640762e-04,2.119851917115056494e-06,1.146671772003173828e-01,2.473117113113403320e+00,-2.615375518798828125e+00,-2.353467106716271295e-01,-2.121268867329663965e-01,-3.964712472651558267e-02,-8.621623824898340160e+01,4.265336094260746336e+01,-3.063015414565793293e+01,0.000000000000000000e+00,0.000000000000000000e+00,0.000000000000000000e+00,0.000000000000000000e+00,8.276380615234375000e+02,8.276375732421875000e+02,8.276375732421875000e+02,8.276380615234375000e+02,-1.017037336465842724e+09
2.188000000000000167e+00,-8.598074820375030924e+01,4.286561753819793807e+01,-3.059050522457079069e+01,1.433345614714198746e-04,1.297088575071825289e-04,1.796360628247839486e-06,1.146750152111053467e-01,2.473147392272949219e+00,-2.615404129028320312e+00,-2.354900452330856431e-01,-2.122565955904776869e-01,-3.964892108714269253e-02,-8.621623824898340160e+01,4.265336094260746336e+01,-3.063015414565793293e+01,0.000000000000000000e+00,0.000000000000000000e+00,0.000000000000000000e+00,0.000000000000000000e+00,8.276381225585937500e+02,8.276375122070312500e+02,8.276375122070312500e+02,8.276381225585937500e+02,-1.017047502395081162e+09
2.189000000000000057e+00,-8.598060500200467970e+01,4.286574720635695712e+01,-3.059050373836597458e+01,1.432017456295398006e-04,1.296681590190473798e-04,1.486204816103509074e-06,1.146837472915649414e-01,2.473182916641235352e+00,-2.615434885025024414e+00,-2.356332469787242867e-01,-2.123862637494947636e-01,-3.965040729195860175e-02,-8.621623824898340160e+01,4.265336094260746336e+01,-3.063015414565793293e+01,0.000000000000000000e+00,0.000000000000000000e+00,0.000000000000000000e+00,0.000000000000000000e+00,8.276381835937500000e+02,8.276375122070312500e+02,8.276375122070312500e+02,8.276381835937500000e+02,-1.017057668310720205e+09
2.189999999999999947e+00,-8.598046190639479391e+01,4.286587682049225378e+01,-3.059050255900335102e+01,1.430956098857905090e-04,1.296141352966628801e-04,1.179362623560109569e-06,1.146921217441558838e-01,2.473215341567993164e+00,-2.615464210510253906e+00,-2.357763425886045816e-01,-2.125158778847917318e-01,-3.965158665458324433e-02,-8.621623824898340160e+01,4.265336094260746336e+01,-3.063015414565793293e+01,0.000000000000000000e+00,0.000000000000000000e+00,0.000000000000000000e+00,0.000000000000000000e+00,8.276382446289062500e+02,8.276374511718750000e+02,8.276374511718750000e+02,8.276382446289062500e+02,-1.017067834212792277e+09
2.190999999999999837e+00,-8.598031894363576555e+01,4.286600639396793611e+01,-3.059050166978498808e+01,1.429627590283644167e-04,1.295734756823208045e-04,8.892183629427563574e-07,1.147005856037139893e-01,2.473249673843383789e+00,-2.615494489669799805e+00,-2.359193053476351942e-01,-2.126454513604741914e-01,-3.965247587294391807e-02,-8.621623824898340160e+01,4.265336094260746336e+01,-3.063015414565793293e+01,0.000000000000000000e+00,0.000000000000000000e+00,0.000000000000000000e+00,0.000000000000000000e+00,8.276382446289062500e+02,8.276373901367187500e+02,8.276373901367187500e+02,8.276382446289062500e+02,-1.017078000101334453e+09
2.192000000000000171e+00,-8.598017607445844135e+01,4.286613591414464253e+01,-3.059050106319378770e+01,1.428691773242007912e-04,1.295201767064213527e-04,6.065912003805351560e-07,1.147088110446929932e-01,2.473283052444458008e+00,-2.615522384643554688e+00,-2.360621745249580627e-01,-2.127749715371764772e-01,-3.965308246414371574e-02,-8.621623824898340160e+01,4.265336094260746336e+01,-3.063015414565793293e+01,0.000000000000000000e+00,0.000000000000000000e+00,0.000000000000000000e+00,0.000000000000000000e+00,8.276383056640625000e+02,8.276373901367187500e+02,8.276373901367187500e+02,8.276383056640625000e+02,-1.017088165976375818e+09
2.193000000000000060e+00,-8.598003327075016955e+01,4.286626541973647875e+01,-3.059050072113732099e+01,1.428037082717992234e-04,1.295055918362209013e-04,3.420564667067083064e-07,1.147172749042510986e-01,2.473316669464111328e+00,-2.615553379058837891e+00,-2.362049782332344972e-01,-2.129044771290126425e-01,-3.965342452061054734e-02,-8.621623824898340160e+01,4.265336094260746336e+01,-3.063015414565793293e+01,0.000000000000000000e+00,0.000000000000000000e+00,0.000000000000000000e+00,0.000000000000000000e+00,8.276383056640625000e+02,8.276373291015625000e+02,8.276373291015625000e+02,8.276383056640625000e+02,-1.017098331837942481e+09
2.193999999999999950e+00,-8.597989051992823306e+01,4.286639488478297011e+01,-3.059050062601650666e+01,1.427508219364881370e-04,1.294650464913615906e-04,9.512081433626917715e-08,1.147252321243286133e-01,2.473348855972290039e+00,-2.615580797195434570e+00,-2.363477290551617149e-01,-2.130339421755070850e-01,-3.965351964142705549e-02,-8.621623824898340160e+01,4.265336094260746336e+01,-3.063015414565793293e+01,0.000000000000000000e+00,0.000000000000000000e+00,0.000000000000000000e+00,0.000000000000000000e+00,8.276383666992187500e+02,8.276373291015625000e+02,8.276373291015625000e+02,8.276383666992187500e+02,-1.017108497686055183e+09
2.194999999999999840e+00,-8.597974787540117347e+01,4.286652432265297819e+01,-3.059050075441384919e+01,1.426445270595877446e-04,1.294378700080756062e-04,-1.283973425358908571e-07,1.147339940071105957e-01,2.473384141921997070e+00,-2.615611791610717773e+00,-2.364903735822342645e-01,-2.131633800455137173e-01,-3.965339124408454735e-02,-8.621623824898340160e+01,4.265336094260746336e+01,-3.063015414565793293e+01,0.000000000000000000e+00,0.000000000000000000e+00,0.000000000000000000e+00,0.000000000000000000e+00,8.276383666992187500e+02,8.276372680664062500e+02,8.276372680664062500e+02,8.276383666992187500e+02,-1.017118663520743847e+09
2.196000000000000174e+00,-8.597960523047454728e+01,4.286665374675080642e+01,-3.059050109321472988e+01,1.426449266261897719e-04,1.294240978282346077e-04,-3.388008806837206066e-07,1.147419810295104980e-01,2.473416328430175781e+00,-2.615639686584472656e+00,-2.366330185088577898e-01,-2.132928041433463651e-01,-3.965305244320391220e-02,-8.621623824898340160e+01,4.265336094260746336e+01,-3.063015414565793293e+01,0.000000000000000000e+00,0.000000000000000000e+00,0.000000000000000000e+00,0.000000000000000000e+00,8.276384277343750000e+02,8.276372680664062500e+02,8.276372680664062500e+02,8.276384277343750000e+02,-1.017128829342020035e+09
2.197000000000000064e+00,-8.597946266523952374e+01,4.286678315710282305e+01,-3.059050161558957370e+01,1.425652350235395716e-04,1.294103520166345334e-04,-5.223748438254460780e-07,1.147506833076477051e-01,2.473449945449829102e+00,-2.615670442581176758e+00,-2.367755837438707822e-01,-2.134222144953614730e-01,-3.965253006835976063e-02,-8.621623824898340160e+01,4.265336094260746336e+01,-3.063015414565793293e+01,0.000000000000000000e+00,0.000000000000000000e+00,0.000000000000000000e+00,0.000000000000000000e+00,8.276384277343750000e+02,8.276372680664062500e+02,8.276372680664062500e+02,8.276384277343750000e+02,-1.017138995149907589e+09
2.197999999999999954e+00,-8.597932007302672730e+01,4.286691256714111375e+01,-3.059050229508391539e+01,1.425922127964440733e-04,1.294100382907004132e-04,-6.794943416821297433e-07,1.147587001323699951e-01,2.473481893539428711e+00,-2.615698814392089844e+00,-2.369181759566684198e-01,-2.135516245336470942e-01,-3.965185057401652419e-02,-8.621623824898340160e+01,4.265336094260746336e+01,-3.063015414565793293e+01,0.000000000000000000e+00,0.000000000000000000e+00,0.000000000000000000e+00,0.000000000000000000e+00,8.276384277343750000e+02,8.276372070312500000e+02,8.276372070312500000e+02,8.276384277343750000e+02,-1.017149160944411516e+09
2.198999999999999844e+00,-8.597917753391065787e+01,4.286704196353823448e+01,-3.059050311151069934e+01,1.425391160694289283e-04,1.293963971207290342e-04,-8.164267839561034634e-07,1.147672832012176514e-01,2.473516225814819336e+00,-2.615729331970214844e+00,-2.370607150727420120e-01,-2.136810209307695718e-01,-3.965103414723460812e-02,-8.621623824898340160e+01,4.265336094260746336e+01,-3.063015414565793293e+01,0.000000000000000000e+00,0.000000000000000000e+00,0.000000000000000000e+00,0.000000000000000000e+00,8.276384277343750000e+02,8.276372070312500000e+02,8.276372070312500000e+02,8.276384277343750000e+02,-1.017159326725548148e+09
2.200000000000000178e+00,-8.597903496790286226e+01,4.286717135971718307e+01,-3.059050403836605625e+01,1.425660077956081295e-04,1.293961789485820191e-04,-9.268553569086179778e-07,1.147749722003936768e-01,2.473547220230102539e+00,-2.615755558013916016e+00,-2.372032810805382863e-01,-2.138104171097229278e-01,-3.965010729187828931e-02,-8.621623824898340160e+01,4.265336094260746336e+01,-3.063015414565793293e+01,0.000000000000000000e+00,0.000000000000000000e+00,0.000000000000000000e+00,0.000000000000000000e+00,8.276384277343750000e+02,8.276372070312500000e+02,8.276372070312500000e+02,8.276384277343750000e+02,-1.017169492493319869e+09
2.201000000000000068e+00,-8.597889237506966253e+01,4.286730076908690990e+01,-3.059050504232704171e+01,1.425928331997283749e-04,1.294093697268294818e-04,-1.003960985457297284e-06,1.147839725017547607e-01,2.473582983016967773e+00,-2.615788459777832031e+00,-2.373458739137329909e-01,-2.139398264794490634e-01,-3.964910333089194383e-02,-8.621623824898340160e+01,4.265336094260746336e+01,-3.063015414565793293e+01,0.000000000000000000e+00,0.000000000000000000e+00,0.000000000000000000e+00,0.000000000000000000e+00,8.276384277343750000e+02,8.276372070312500000e+02,8.276372070312500000e+02,8.276384277343750000e+02,-1.017179658247727871e+09
2.201999999999999957e+00,-8.597874975544817744e+01,4.286743019168861224e+01,-3.059050610338341514e+01,1.426196214850961042e-04,1.294226017023447639e-04,-1.061056373430346866e-06,1.147915422916412354e-01,2.473613977432250977e+00,-2.615815162658691406e+00,-2.374884935352243598e-01,-2.140692490811462179e-01,-3.964804227451917962e-02,-8.621623824898340160e+01,4.265336094260746336e+01,-3.063015414565793293e+01,0.000000000000000000e+00,0.000000000000000000e+00,0.000000000000000000e+00,0.000000000000000000e+00,8.276384277343750000e+02,8.276372070312500000e+02,8.276372070312500000e+02,8.276384277343750000e+02,-1.017189823988772392e+09
2.202999999999999847e+00,-8.597860708241353223e+01,4.286755962759366412e+01,-3.059050719156958920e+01,1.426730346452131926e-04,1.294359050518778531e-04,-1.088186174058591860e-06,1.148004829883575439e-01,2.473649978637695312e+00,-2.615846395492553711e+00,-2.376311665698632725e-01,-2.141986849862011766e-01,-3.964695408834411489e-02,-8.621623824898340160e+01,4.265336094260746336e+01,-3.063015414565793293e+01,0.000000000000000000e+00,0.000000000000000000e+00,0.000000000000000000e+00,0.000000000000000000e+00,8.276384277343750000e+02,8.276372070312500000e+02,8.276372070312500000e+02,8.276384277343750000e+02,-1.017199989716446877e+09
2.204000000000000181e+00,-8.597846435603069892e+01,4.286768910354478379e+01,-3.059050827692552943e+01,1.427263828333025231e-04,1.294759511196730273e-04,-1.085355940233512229e-06,1.148084104061126709e-01,2.473680973052978516e+00,-2.615874767303466797e+00,-2.377738929527087874e-01,-2.143281609373235974e-01,-3.964586873240500547e-02,-8.621623824898340160e+01,4.265336094260746336e+01,-3.063015414565793293e+01,0.000000000000000000e+00,0.000000000000000000e+00,0.000000000000000000e+00,0.000000000000000000e+00,8.276384277343750000e+02,8.276372680664062500e+02,8.276372680664062500e+02,8.276384277343750000e+02,-1.017210155430745602e+09
2.205000000000000071e+00,-8.597832156384519919e+01,4.286781858014840907e+01,-3.059050933515517912e+01,1.427921854997293849e-04,1.294766036252781305e-04,-1.058229649686381890e-06,1.148168444633483887e-01,2.473715066909790039e+00,-2.615903615951538086e+00,-2.379166851382003012e-01,-2.144576375409452673e-01,-3.964481050275467378e-02,-8.621623824898340160e+01,4.265336094260746336e+01,-3.063015414565793293e+01,0.000000000000000000e+00,0.000000000000000000e+00,0.000000000000000000e+00,0.000000000000000000e+00,8.276383666992187500e+02,8.276372680664062500e+02,8.276372680664062500e+02,8.276383666992187500e+02,-1.017220321131655693e+09
2.205999999999999961e+00,-8.597817870424091780e+01,4.286794810968611102e+01,-3.059051033146956300e+01,1.428596042813978784e-04,1.295295377019556327e-04,-9.963143838831456378e-07,1.148250102996826172e-01,2.473747730255126953e+00,-2.615932941436767578e+00,-2.380595447424900257e-01,-2.145871670786492214e-01,-3.964381418836990245e-02,-8.621623824898340160e+01,4.265336094260746336e+01,-3.063015414565793293e+01,0.000000000000000000e+00,0.000000000000000000e+00,0.000000000000000000e+00,0.000000000000000000e+00,8.276383666992187500e+02,8.276372680664062500e+02,8.276372680664062500e+02,8.276383666992187500e+02,-1.017230486819166541e+09
2.206999999999999851e+00,-8.597803571140256906e+01,4.286807767947150438e+01,-3.059051124172800940e+01,1.429928383487322208e-04,1.295697853933575061e-04,-9.102584463960283756e-07,1.148333847522735596e-01,2.473781108856201172e+00,-2.615962266921997070e+00,-2.382025375808346779e-01,-2.147167368640376939e-01,-3.964290392992227130e-02,-8.621623824898340160e+01,4.265336094260746336e+01,-3.063015414565793293e+01,0.000000000000000000e+00,0.000000000000000000e+00,0.000000000000000000e+00,0.000000000000000000e+00,8.276383666992187500e+02,8.276373291015625000e+02,8.276373291015625000e+02,8.276383666992187500e+02,-1.017240652493253231e+09
2.208000000000000185e+00,-8.597789263873568189e+01,4.286820728953480142e+01,-3.059051204248566336e+01,1.430726668871784568e-04,1.296100632970365041e-04,-8.007576539625915757e-07,1.148418486118316650e-01,2.473814249038696289e+00,-2.615992069244384766e+00,-2.383456102477237437e-01,-2.148463469273406978e-01,-3.964210317226930097e-02,-8.621623824898340160e+01,4.265336094260746336e+01,-3.063015414565793293e+01,0.000000000000000000e+00,0.000000000000000000e+00,0.000000000000000000e+00,0.000000000000000000e+00,8.276383056640625000e+02,8.276373291015625000e+02,8.276373291015625000e+02,8.276383056640625000e+02,-1.017250818153899074e+09
2.209000000000000075e+00,-8.597774943293541128e+01,4.286833693995759376e+01,-3.059051270382742871e+01,1.432058002706071420e-04,1.296504227923378494e-04,-6.613417653511532990e-07,1.148502230644226074e-01,2.473848104476928711e+00,-2.616021871566772461e+00,-2.384888160479841923e-01,-2.149759973501277066e-01,-3.964144183050304082e-02,-8.621623824898340160e+01,4.265336094260746336e+01,-3.063015414565793293e+01,0.000000000000000000e+00,0.000000000000000000e+00,0.000000000000000000e+00,0.000000000000000000e+00,8.276383056640625000e+02,8.276373901367187500e+02,8.276373901367187500e+02,8.276383056640625000e+02,-1.017260983801076174e+09
2.209999999999999964e+00,-8.597760612073571451e+01,4.286846665746019625e+01,-3.059051320241390215e+01,1.433121996967656742e-04,1.297175026024888211e-04,-4.985864734408096410e-07,1.148584485054016113e-01,2.473881721496582031e+00,-2.616051197052001953e+00,-2.386321282476916994e-01,-2.151057148527304175e-01,-3.964094324402964858e-02,-8.621623824898340160e+01,4.265336094260746336e+01,-3.063015414565793293e+01,0.000000000000000000e+00,0.000000000000000000e+00,0.000000000000000000e+00,0.000000000000000000e+00,8.276382446289062500e+02,8.276373901367187500e+02,8.276374511718750000e+02,8.276382446289062500e+02,-1.017271149434761882e+09
2.210999999999999854e+00,-8.597746267549753441e+01,4.286859641542766752e+01,-3.059051351155972753e+01,1.434452381801065712e-04,1.297579674712778797e-04,-3.091458253834389325e-07,1.148664653301239014e-01,2.473913908004760742e+00,-2.616079092025756836e+00,-2.387755734858668100e-01,-2.152354728202023615e-01,-3.964063409820377942e-02,-8.621623824898340160e+01,4.265336094260746336e+01,-3.063015414565793293e+01,0.000000000000000000e+00,0.000000000000000000e+00,0.000000000000000000e+00,0.000000000000000000e+00,8.276381835937500000e+02,8.276374511718750000e+02,8.276374511718750000e+02,8.276381835937500000e+02,-1.017281315054925561e+09
2.212000000000000188e+00,-8.597731907058103218e+01,4.286872624058534598e+01,-3.059051361469588315e+01,1.436049165022268426e-04,1.298251576784537065e-04,-1.031361556158572057e-07,1.148750185966491699e-01,2.473948240280151367e+00,-2.616109132766723633e+00,-2.389191784023735610e-01,-2.153652979778809262e-01,-3.964053096204841337e-02,-8.621623824898340160e+01,4.265336094260746336e+01,-3.063015414565793293e+01,0.000000000000000000e+00,0.000000000000000000e+00,0.000000000000000000e+00,0.000000000000000000e+00,8.276381835937500000e+02,8.276375122070312500e+02,8.276375122070312500e+02,8.276381835937500000e+02,-1.017291480661532879e+09
2.213000000000000078e+00,-8.597717533270704848e+01,4.286885611963314346e+01,-3.059051348839974693e+01,1.437378739836958630e-04,1.298790477974876012e-04,1.262961362158421252e-07,1.148835122585296631e-01,2.473981618881225586e+00,-2.616139650344848633e+00,-2.390629162763564797e-01,-2.154951770256783028e-01,-3.964065725818465696e-02,-8.621623824898340160e+01,4.265336094260746336e+01,-3.063015414565793293e+01,0.000000000000000000e+00,0.000000000000000000e+00,0.000000000000000000e+00,0.000000000000000000e+00,8.276381225585937500e+02,8.276375732421875000e+02,8.276375732421875000e+02,8.276381225585937500e+02,-1.017301646254551530e+09
2.213999999999999968e+00,-8.597703146192026225e+01,4.286898605262067719e+01,-3.059051310932651901e+01,1.438707867862376588e-04,1.299329875337207341e-04,3.790732279185249354e-07,1.148917973041534424e-01,2.474015235900878906e+00,-2.616168498992919922e+00,-2.392067870631345849e-01,-2.156251100132133280e-01,-3.964103633141530941e-02,-8.621623824898340160e+01,4.265336094260746336e+01,-3.063015414565793293e+01,0.000000000000000000e+00,0.000000000000000000e+00,0.000000000000000000e+00,0.000000000000000000e+00,8.276380615234375000e+02,8.276375732421875000e+02,8.276375732421875000e+02,8.276380615234375000e+02,-1.017311811833948016e+09
2.214999999999999858e+00,-8.597688743156854230e+01,4.286911606625965732e+01,-3.059051246757753972e+01,1.440303517199481576e-04,1.300136389801309633e-04,6.417489792909236712e-07,1.149002611637115479e-01,2.474048614501953125e+00,-2.616198301315307617e+00,-2.393508174148548939e-01,-2.157551236521947635e-01,-3.964167808039413543e-02,-8.621623824898340160e+01,4.265336094260746336e+01,-3.063015414565793293e+01,0.000000000000000000e+00,0.000000000000000000e+00,0.000000000000000000e+00,0.000000000000000000e+00,8.276380004882812500e+02,8.276376342773437500e+02,8.276376342773437500e+02,8.276380004882812500e+02,-1.017321977399685740e+09
2.216000000000000192e+00,-8.597674324167525128e+01,4.286924613390544181e+01,-3.059051154642261849e+01,1.441898932910135045e-04,1.300676457844929246e-04,9.211549212295722100e-07,1.149081885814666748e-01,2.474080562591552734e+00,-2.616226196289062500e+00,-2.394950073081471009e-01,-2.158851912979768972e-01,-3.964259923531399110e-02,-8.621623824898340160e+01,4.265336094260746336e+01,-3.063015414565793293e+01,0.000000000000000000e+00,0.000000000000000000e+00,0.000000000000000000e+00,0.000000000000000000e+00,8.276379394531250000e+02,8.276376953125000000e+02,8.276376953125000000e+02,8.276379394531250000e+02,-1.017332142951724887e+09
2.217000000000000082e+00,-8.597659890656076698e+01,4.286937624272334091e+01,-3.059051033157706456e+01,1.443351144843063594e-04,1.301088178990994493e-04,1.214845553931809263e-06,1.149174273014068604e-01,2.474117517471313477e+00,-2.616258859634399414e+00,-2.396393424226361257e-01,-2.160153001158799657e-01,-3.964381408087007397e-02,-8.621623824898340160e+01,4.265336094260746336e+01,-3.063015414565793293e+01,0.000000000000000000e+00,0.000000000000000000e+00,0.000000000000000000e+00,0.000000000000000000e+00,8.276379394531250000e+02,8.276377563476562500e+02,8.276377563476562500e+02,8.276379394531250000e+02,-1.017342308490026236e+09
2.217999999999999972e+00,-8.597645439768645304e+01,4.286950644514945452e+01,-3.059050880831253849e+01,1.445088743139422149e-04,1.302024261136125460e-04,1.523264526070988722e-06,1.149250268936157227e-01,2.474147796630859375e+00,-2.616285562515258789e+00,-2.397838512969537594e-01,-2.161455025419881104e-01,-3.964533734539352205e-02,-8.621623824898340160e+01,4.265336094260746336e+01,-3.063015414565793293e+01,0.000000000000000000e+00,0.000000000000000000e+00,0.000000000000000000e+00,0.000000000000000000e+00,8.276378784179687500e+02,8.276378173828125000e+02,8.276378173828125000e+02,8.276378784179687500e+02,-1.017352474014549017e+09
2.218999999999999861e+00,-8.597630972933011151e+01,4.286963670164853824e+01,-3.059050697562879861e+01,1.446683563415263052e-04,1.302564990837140613e-04,1.832683739877438711e-06,1.149340569972991943e-01,2.474184036254882812e+00,-2.616317510604858398e+00,-2.399285196532839615e-01,-2.162757590410744057e-01,-3.964717002913597382e-02,-8.621623824898340160e+01,4.265336094260746336e+01,-3.063015414565793293e+01,0.000000000000000000e+00,0.000000000000000000e+00,0.000000000000000000e+00,0.000000000000000000e+00,8.276378173828125000e+02,8.276378784179687500e+02,8.276378784179687500e+02,8.276378173828125000e+02,-1.017362639525251746e+09
2.220000000000000195e+00,-8.597616490151617086e+01,4.286976702558300900e+01,-3.059050482354930267e+01,1.448278139406511400e-04,1.303239344707662895e-04,2.152079495942871290e-06,1.149416565895080566e-01,2.474215269088745117e+00,-2.616345167160034180e+00,-2.400733474672368528e-01,-2.164060829755480309e-01,-3.964932210862884276e-02,-8.621623824898340160e+01,4.265336094260746336e+01,-3.063015414565793293e+01,0.000000000000000000e+00,0.000000000000000000e+00,0.000000000000000000e+00,0.000000000000000000e+00,8.276377563476562500e+02,8.276378784179687500e+02,8.276379394531250000e+02,8.276377563476562500e+02,-1.017372805022093058e+09
2.221000000000000085e+00,-8.597601994093901112e+01,4.286989741695875011e+01,-3.059050234535432367e+01,1.449605771597362036e-04,1.303913757411123697e-04,2.478194979005365894e-06,1.149509847164154053e-01,2.474251747131347656e+00,-2.616377830505371094e+00,-2.402183080443892338e-01,-2.165364743512861734e-01,-3.965180030360788976e-02,-8.621623824898340160e+01,4.265336094260746336e+01,-3.063015414565793293e+01,0.000000000000000000e+00,0.000000000000000000e+00,0.000000000000000000e+00,0.000000000000000000e+00,8.276376953125000000e+02,8.276379394531250000e+02,8.276379394531250000e+02,8.276376953125000000e+02,-1.017382970505036235e+09
2.221999999999999975e+00,-8.597587482090825972e+01,4.287002786243909469e+01,-3.059049954440209618e+01,1.451200307514000087e-04,1.304454803445764810e-04,2.800952227488551216e-06,1.149588823318481445e-01,2.474283456802368164e+00,-2.616405487060546875e+00,-2.403634280751404395e-01,-2.166669198316290013e-01,-3.965460125583745304e-02,-8.621623824898340160e+01,4.265336094260746336e+01,-3.063015414565793293e+01,0.000000000000000000e+00,0.000000000000000000e+00,0.000000000000000000e+00,0.000000000000000000e+00,8.276376342773437500e+02,8.276380004882812500e+02,8.276380004882812500e+02,8.276376342773437500e+02,-1.017393135974038720e+09
2.222999999999999865e+00,-8.597572956810574851e+01,4.287015836201594254e+01,-3.059049642064289642e+01,1.452528025112087562e-04,1.304995768478534046e-04,3.123759199752385030e-06,1.149676740169525146e-01,2.474318981170654297e+00,-2.616436719894409180e+00,-2.405086808776525364e-01,-2.167974194084824890e-01,-3.965772501503490866e-02,-8.621623824898340160e+01,4.265336094260746336e+01,-3.063015414565793293e+01,0.000000000000000000e+00,0.000000000000000000e+00,0.000000000000000000e+00,0.000000000000000000e+00,8.276375732421875000e+02,8.276380615234375000e+02,8.276380615234375000e+02,8.276375732421875000e+02,-1.017403301429062724e+09
2.224000000000000199e+00,-8.597558418252626211e+01,4.287028891568355249e+01,-3.059049297741244544e+01,1.453855794864011841e-04,1.305536676099450233e-04,3.443230450983492119e-06,1.149761378765106201e-01,2.474352598190307617e+00,-2.616467237472534180e+00,-2.406540664571406307e-01,-2.169279730760860780e-01,-3.966116824548591990e-02,-8.621623824898340160e+01,4.265336094260746336e+01,-3.063015414565793293e+01,0.000000000000000000e+00,0.000000000000000000e+00,0.000000000000000000e+00,0.000000000000000000e+00,8.276375732421875000e+02,8.276381225585937500e+02,8.276381225585937500e+02,8.276375732421875000e+02,-1.017413466870070577e+09
2.225000000000000089e+00,-8.597543869084346113e+01,4.287041953676003203e+01,-3.059048922135901094e+01,1.454916828009800156e-04,1.306210764795423529e-04,3.756053434500472576e-06,1.149845421314239502e-01,2.474386930465698242e+00,-2.616496562957763672e+00,-2.407995581399449414e-01,-2.170585941525673968e-01,-3.966492429892316818e-02,-8.621623824898340160e+01,4.265336094260746336e+01,-3.063015414565793293e+01,0.000000000000000000e+00,0.000000000000000000e+00,0.000000000000000000e+00,0.000000000000000000e+00,8.276375122070312500e+02,8.276381835937500000e+02,8.276381835937500000e+02,8.276375122070312500e+02,-1.017423632297030687e+09
2.225999999999999979e+00,-8.597529303967090186e+01,4.287055018523049199e+01,-3.059048515917035260e+01,1.456511725592690709e-04,1.306484704599597535e-04,4.062188658338072855e-06,1.149931848049163818e-01,2.474420309066772461e+00,-2.616525411605834961e+00,-2.409452093125049044e-01,-2.171892426230261630e-01,-3.966898648757973683e-02,-8.621623824898340160e+01,4.265336094260746336e+01,-3.063015414565793293e+01,0.000000000000000000e+00,0.000000000000000000e+00,0.000000000000000000e+00,0.000000000000000000e+00,8.276374511718750000e+02,8.276381835937500000e+02,8.276381835937500000e+02,8.276374511718750000e+02,-1.017433797709899426e+09
2.226999999999999869e+00,-8.597514730903549207e+01,4.287068088772051766e+01,-3.059048080409171888e+01,1.457306354097909207e-04,1.307024900256692490e-04,4.355078633722087034e-06,1.150013804435729980e-01,2.474453449249267578e+00,-2.616556167602539062e+00,-2.410909399479142790e-01,-2.173199451130571336e-01,-3.967334156621381974e-02,-8.621623824898340160e+01,4.265336094260746336e+01,-3.063015414565793293e+01,0.000000000000000000e+00,0.000000000000000000e+00,0.000000000000000000e+00,0.000000000000000000e+00,8.276374511718750000e+02,8.276382446289062500e+02,8.276382446289062500e+02,8.276374511718750000e+02,-1.017443963108649850e+09
2.228000000000000203e+00,-8.597500147223850320e+01,4.287081164421952906e+01,-3.059047616617938203e+01,1.458367969888740845e-04,1.307564990113974090e-04,4.637912336846738981e-06,1.150102317333221436e-01,2.474488973617553711e+00,-2.616585969924926758e+00,-2.412367767448990175e-01,-2.174507016120682534e-01,-3.967797947855219998e-02,-8.621623824898340160e+01,4.265336094260746336e+01,-3.063015414565793293e+01,0.000000000000000000e+00,0.000000000000000000e+00,0.000000000000000000e+00,0.000000000000000000e+00,8.276373901367187500e+02,8.276383056640625000e+02,8.276383056640625000e+02,8.276373901367187500e+02,-1.017454128493251085e+09
2.229000000000000092e+00,-8.597485555591661921e+01,4.287094241466337508e+01,-3.059047126197435773e+01,1.459163218839876208e-04,1.307704438460177698e-04,4.904205024303109894e-06,1.150186657905578613e-01,2.474522590637207031e+00,-2.616616487503051758e+00,-2.413826930667758719e-01,-2.175814720559097470e-01,-3.968288368357419243e-02,-8.621623824898340160e+01,4.265336094260746336e+01,-3.063015414565793293e+01,0.000000000000000000e+00,0.000000000000000000e+00,0.000000000000000000e+00,0.000000000000000000e+00,8.276373291015625000e+02,8.276383056640625000e+02,8.276383056640625000e+02,8.276373291015625000e+02,-1.017464293863674521e+09
2.229999999999999982e+00,-8.597470957444868134e+01,4.287107321272669935e+01,-3.059046611060142595e+01,1.459814679378723667e-04,1.307980633242777913e-04,5.151372931777586928e-06,1.150276362895965576e-01,2.474557876586914062e+00,-2.616648197174072266e+00,-2.415286745347234032e-01,-2.177122701192332754e-01,-3.968803505650602553e-02,-8.621623824898340160e+01,4.265336094260746336e+01,-3.063015414565793293e+01,0.000000000000000000e+00,0.000000000000000000e+00,0.000000000000000000e+00,0.000000000000000000e+00,8.276373291015625000e+02,8.276383666992187500e+02,8.276383666992187500e+02,8.276373291015625000e+02,-1.017474459219896197e+09
2.230999999999999872e+00,-8.597456349900041062e+01,4.287120405096366937e+01,-3.059046072725773868e+01,1.460754482707216084e-04,1.308382369700211711e-04,5.383343687270780720e-06,1.150361299514770508e-01,2.474592208862304688e+00,-2.616677999496459961e+00,-2.416747499829939583e-01,-2.178431083562092918e-01,-3.969341840019332407e-02,-8.621623824898340160e+01,4.265336094260746336e+01,-3.063015414565793293e+01,0.000000000000000000e+00,0.000000000000000000e+00,0.000000000000000000e+00,0.000000000000000000e+00,8.276372680664062500e+02,8.276383666992187500e+02,8.276383666992187500e+02,8.276372680664062500e+02,-1.017484624561889410e+09
2.232000000000000206e+00,-8.597441739728800769e+01,4.287133491635031390e+01,-3.059045513424520024e+01,1.461017124029240222e-04,1.308653866445297353e-04,5.593012538440689241e-06,1.150445640087127686e-01,2.474626064300537109e+00,-2.616708040237426758e+00,-2.418208516953993803e-01,-2.179739737428507962e-01,-3.969901141273284029e-02,-8.621623824898340160e+01,4.265336094260746336e+01,-3.063015414565793293e+01,0.000000000000000000e+00,0.000000000000000000e+00,0.000000000000000000e+00,0.000000000000000000e+00,8.276372680664062500e+02,8.276383666992187500e+02,8.276383666992187500e+02,8.276372680664062500e+02,-1.017494789889639020e+09
2.233000000000000096e+00,-8.597427124258443598e+01,4.287146578217400616e+01,-3.059044935156886069e+01,1.461547035717103427e-04,1.308658236922610740e-04,5.782676339549652766e-06,1.150530576705932617e-01,2.474660158157348633e+00,-2.616738319396972656e+00,-2.419670063989646236e-01,-2.181048395665427797e-01,-3.970479408907207769e-02,-8.621623824898340160e+01,4.265336094260746336e+01,-3.063015414565793293e+01,0.000000000000000000e+00,0.000000000000000000e+00,0.000000000000000000e+00,0.000000000000000000e+00,8.276372680664062500e+02,8.276384277343750000e+02,8.276384277343750000e+02,8.276372680664062500e+02,-1.017504955203124523e+09
2.233999999999999986e+00,-8.597412506152923584e+01,4.287159667505025595e+01,-3.059044340591494304e+01,1.461810552001452379e-04,1.308928762497885145e-04,5.945653917649451614e-06,1.150614321231842041e-01,2.474694013595581055e+00,-2.616767406463623047e+00,-2.421131874541646856e-01,-2.182357324427901257e-01,-3.971073974299039328e-02,-8.621623824898340160e+01,4.265336094260746336e+01,-3.063015414565793293e+01,0.000000000000000000e+00,0.000000000000000000e+00,0.000000000000000000e+00,0.000000000000000000e+00,8.276372680664062500e+02,8.276384277343750000e+02,8.276384277343750000e+02,8.276372680664062500e+02,-1.017515120502333879e+09
2.234999999999999876e+00,-8.597397888074584671e+01,4.287172755490019682e+01,-3.059043732049373432e+01,1.461807833891271002e-04,1.308798499408680982e-04,6.085421208723573727e-06,1.150701045989990234e-01,2.474729061126708984e+00,-2.616798639297485352e+00,-2.422593682375498714e-01,-2.183666122927335473e-01,-3.971682516419871439e-02,-8.621623824898340160e+01,4.265336094260746336e+01,-3.063015414565793293e+01,0.000000000000000000e+00,0.000000000000000000e+00,0.000000000000000000e+00,0.000000000000000000e+00,8.276372070312500000e+02,8.276384277343750000e+02,8.276384277343750000e+02,8.276372070312500000e+02,-1.017525285787257433e+09
2.236000000000000210e+00,-8.597383270019282975e+01,4.287185844834842641e+01,-3.059043112204208370e+01,1.461805530169613121e-04,1.308934482295853741e-04,6.198451650618608255e-06,1.150788366794586182e-01,2.474763631820678711e+00,-2.616828680038452148e+00,-2.424055487905722728e-01,-2.184975057409629939e-01,-3.972302361584771624e-02,-8.621623824898340160e+01,4.265336094260746336e+01,-3.063015414565793293e+01,0.000000000000000000e+00,0.000000000000000000e+00,0.000000000000000000e+00,0.000000000000000000e+00,8.276372070312500000e+02,8.276384277343750000e+02,8.276384277343750000e+02,8.276372070312500000e+02,-1.017535451057889700e+09
2.237000000000000099e+00,-8.597368651981710741e+01,4.287198932866543544e+01,-3.059042483384907385e+01,1.461803757223378852e-04,1.308803170090300227e-04,6.288193009851283932e-06,1.150875091552734375e-01,2.474798202514648438e+00,-2.616859912872314453e+00,-2.425517291662953878e-01,-2.186283860579727178e-01,-3.972931180885747038e-02,-8.621623824898340160e+01,4.265336094260746336e+01,-3.063015414565793293e+01,0.000000000000000000e+00,0.000000000000000000e+00,0.000000000000000000e+00,0.000000000000000000e+00,8.276372070312500000e+02,8.276384277343750000e+02,8.276384277343750000e+02,8.276372070312500000e+02,-1.017545616314224005e+09
2.237999999999999989e+00,-8.597354039291684558e+01,4.287212019576219291e+01,-3.059041848916346851e+01,1.461269002618337254e-04,1.308670967574698807e-04,6.344685605341737755e-06,1.150962412357330322e-01,2.474833250045776367e+00,-2.616889715194702148e+00,-2.426978560665569440e-01,-2.187592531547318253e-01,-3.973565649446319376e-02,-8.621623824898340160e+01,4.265336094260746336e+01,-3.063015414565793293e+01,0.000000000000000000e+00,0.000000000000000000e+00,0.000000000000000000e+00,0.000000000000000000e+00,8.276372070312500000e+02,8.276384277343750000e+02,8.276384277343750000e+02,8.276372070312500000e+02,-1.017555781556265116e+09
2.238999999999999879e+00,-8.597339429276054545e+01,4.287225104959171063e+01,-3.059041211471649646e+01,1.461001563001218528e-04,1.308538295177186228e-04,6.374446972046143856e-06,1.151046454906463623e-01,2.474866390228271484e+00,-2.616919755935668945e+00,-2.428439562228600912e-01,-2.188901069842497382e-01,-3.974203094143726606e-02,-8.621623824898340160e+01,4.265336094260746336e+01,-3.063015414565793293e+01,0.000000000000000000e+00,0.000000000000000000e+00,0.000000000000000000e+00,0.000000000000000000e+00,8.276372680664062500e+02,8.276384277343750000e+02,8.276384277343750000e+02,8.276372070312500000e+02,-1.017565946784014702e+09
2.240000000000000213e+00,-8.597324827266072589e+01,4.287238187674559953e+01,-3.059040573372325156e+01,1.460200998195659849e-04,1.308271538889016483e-04,6.380993244903265804e-06,1.151131987571716309e-01,2.474900960922241211e+00,-2.616950273513793945e+00,-2.429899763226702203e-01,-2.190209341381361419e-01,-3.974841193468155176e-02,-8.621623824898340160e+01,4.265336094260746336e+01,-3.063015414565793293e+01,0.000000000000000000e+00,0.000000000000000000e+00,0.000000000000000000e+00,0.000000000000000000e+00,8.276372680664062500e+02,8.276384277343750000e+02,8.276384277343750000e+02,8.276372680664062500e+02,-1.017576111997483969e+09
2.241000000000000103e+00,-8.597310230587292779e+01,4.287251267716244740e+01,-3.059039937958501554e+01,1.459667877981019046e-04,1.308004168478760221e-04,6.354138236019934993e-06,1.151217520236968994e-01,2.474934339523315430e+00,-2.616979837417602539e+00,-2.431359431104753444e-01,-2.191517345549819640e-01,-3.975476607291833497e-02,-8.621623824898340160e+01,4.265336094260746336e+01,-3.063015414565793293e+01,0.000000000000000000e+00,0.000000000000000000e+00,0.000000000000000000e+00,0.000000000000000000e+00,8.276372680664062500e+02,8.276383666992187500e+02,8.276383666992187500e+02,8.276372680664062500e+02,-1.017586277196681619e+09
2.241999999999999993e+00,-8.597295643352748584e+01,4.287264342437057252e+01,-3.059039308130038748e+01,1.458723454419441623e-04,1.307472081251148666e-04,6.298284628059036550e-06,1.151308417320251465e-01,2.474971294403076172e+00,-2.617012262344360352e+00,-2.432818154559204249e-01,-2.192824817631112699e-01,-3.976106435754431234e-02,-8.621623824898340160e+01,4.265336094260746336e+01,-3.063015414565793293e+01,0.000000000000000000e+00,0.000000000000000000e+00,0.000000000000000000e+00,0.000000000000000000e+00,8.276372680664062500e+02,8.276383666992187500e+02,8.276383666992187500e+02,8.276372680664062500e+02,-1.017596442381622553e+09
2.242999999999999883e+00,-8.597281062657590667e+01,4.287277415777609946e+01,-3.059038686078278246e+01,1.458069515791748927e-04,1.307334055269393502e-04,6.220517605015629670e-06,1.151388287544250488e-01,2.475003004074096680e+00,-2.617040157318115234e+00,-2.434276224074947148e-01,-2.194132151686392640e-01,-3.976728487514958471e-02,-8.621623824898340160e+01,4.265336094260746336e+01,-3.063015414565793293e+01,0.000000000000000000e+00,0.000000000000000000e+00,0.000000000000000000e+00,0.000000000000000000e+00,8.276373291015625000e+02,8.276383666992187500e+02,8.276383666992187500e+02,8.276373291015625000e+02,-1.017606607552321911e+09
2.244000000000000217e+00,-8.597266495281590437e+01,4.287290483756523685e+01,-3.059038074695078180e+01,1.456737600022961487e-04,1.306797891373889797e-04,6.113832000664842781e-06,1.151479184627532959e-01,2.475039243698120117e+00,-2.617072343826293945e+00,-2.435732961675003694e-01,-2.195438949577767640e-01,-3.977339870715135284e-02,-8.621623824898340160e+01,4.265336094260746336e+01,-3.063015414565793293e+01,0.000000000000000000e+00,0.000000000000000000e+00,0.000000000000000000e+00,0.000000000000000000e+00,8.276373291015625000e+02,8.276383056640625000e+02,8.276383056640625000e+02,8.276373291015625000e+02,-1.017616772708804369e+09
2.245000000000000107e+00,-8.597251935884339957e+01,4.287303549038004746e+01,-3.059037476664319044e+01,1.455939725047983302e-04,1.306528148106167464e-04,5.980307591357814090e-06,1.151563525199890137e-01,2.475072860717773438e+00,-2.617102384567260742e+00,-2.437188901400007268e-01,-2.196745477725819129e-01,-3.977937901474132981e-02,-8.621623824898340160e+01,4.265336094260746336e+01,-3.063015414565793293e+01,0.000000000000000000e+00,0.000000000000000000e+00,0.000000000000000000e+00,0.000000000000000000e+00,8.276373901367187500e+02,8.276383056640625000e+02,8.276383056640625000e+02,8.276373901367187500e+02,-1.017626937851089835e+09
2.245999999999999996e+00,-8.597237389795489548e+01,4.287316607612368813e+01,-3.059036894635275416e+01,1.454608885040897803e-04,1.305857436406654415e-04,5.820290436275854518e-06,1.151648163795471191e-01,2.475106477737426758e+00,-2.617131471633911133e+00,-2.438643510285093130e-01,-2.198051335162236886e-01,-3.978519930517811221e-02,-8.621623824898340160e+01,4.265336094260746336e+01,-3.063015414565793293e+01,0.000000000000000000e+00,0.000000000000000000e+00,0.000000000000000000e+00,0.000000000000000000e+00,8.276373901367187500e+02,8.276382446289062500e+02,8.276382446289062500e+02,8.276373901367187500e+02,-1.017637102979205132e+09
2.246999999999999886e+00,-8.597222859679665419e+01,4.287329660808379117e+01,-3.059036330606634735e+01,1.453011582412955249e-04,1.305319601030419108e-04,5.640286406816130693e-06,1.151733398437500000e-01,2.475140810012817383e+00,-2.617161750793457031e+00,-2.440096521867440305e-01,-2.199356654763278962e-01,-3.979083959158672551e-02,-8.621623824898340160e+01,4.265336094260746336e+01,-3.063015414565793293e+01,0.000000000000000000e+00,0.000000000000000000e+00,0.000000000000000000e+00,0.000000000000000000e+00,8.276374511718750000e+02,8.276381835937500000e+02,8.276381835937500000e+02,8.276374511718750000e+02,-1.017647268093184233e+09
2.248000000000000220e+00,-8.597208340195982146e+01,4.287342709956178766e+01,-3.059035787259457351e+01,1.451948368327293792e-04,1.304914779964860827e-04,5.433471773841347385e-06,1.151819527149200439e-01,2.475175380706787109e+00,-2.617192268371582031e+00,-2.441548470235767876e-01,-2.200661569543236329e-01,-3.979627306335946357e-02,-8.621623824898340160e+01,4.265336094260746336e+01,-3.063015414565793293e+01,0.000000000000000000e+00,0.000000000000000000e+00,0.000000000000000000e+00,0.000000000000000000e+00,8.276375122070312500e+02,8.276381835937500000e+02,8.276381835937500000e+02,8.276375122070312500e+02,-1.017657433193054795e+09
2.249000000000000110e+00,-8.597193834007705959e+01,4.287355752382431007e+01,-3.059035266583923729e+01,1.450618827618654905e-04,1.304242625224105723e-04,5.206755336217838703e-06,1.151906549930572510e-01,2.475209712982177734e+00,-2.617222785949707031e+00,-2.442999089063355167e-01,-2.201965812168450998e-01,-3.980147981869457813e-02,-8.621623824898340160e+01,4.265336094260746336e+01,-3.063015414565793293e+01,0.000000000000000000e+00,0.000000000000000000e+00,0.000000000000000000e+00,0.000000000000000000e+00,8.276375732421875000e+02,8.276381225585937500e+02,8.276381225585937500e+02,8.276375732421875000e+02,-1.017667598278847694e+09
2.250000000000000000e+00,-8.597179346447066450e+01,4.287368788080901538e+01,-3.059034770570746886e+01,1.448756063950895623e-04,1.303569847053154263e-04,4.960131768427800125e-06,1.151992380619049072e-01,2.475244760513305664e+00,-2.617253541946411133e+00,-2.444447845127439567e-01,-2.203269382015550226e-01,-3.980643995046384553e-02,-8.621623824898340160e+01,4.265336094260746336e+01,-3.063015414565793293e+01,0.000000000000000000e+00,0.000000000000000000e+00,0.000000000000000000e+00,0.000000000000000000e+00,8.276375732421875000e+02,8.276380615234375000e+02,8.276380615234375000e+02,8.276375732421875000e+02,-1.017677763350604415e+09
2.250999999999999890e+00,-8.597164869506988794e+01,4.287381818384773879e+01,-3.059034300905608461e+01,1.447694007765676361e-04,1.303030387234116461e-04,4.696651384250571937e-06,1.152076423168182373e-01,2.475277423858642578e+00,-2.617282867431640625e+00,-2.445895539135074792e-01,-2.204572412402780179e-01,-3.981113660184981695e-02,-8.621623824898340160e+01,4.265336094260746336e+01,-3.063015414565793293e+01,0.000000000000000000e+00,0.000000000000000000e+00,0.000000000000000000e+00,0.000000000000000000e+00,8.276376342773437500e+02,8.276380004882812500e+02,8.276380004882812500e+02,8.276376342773437500e+02,-1.017687928408354878e+09
2.251999999999999780e+00,-8.597150411187958241e+01,4.287394841953544500e+01,-3.059033859237736053e+01,1.445831903055250223e-04,1.302356877062038620e-04,4.416678724084022178e-06,1.152161061763763428e-01,2.475312471389770508e+00,-2.617311954498291016e+00,-2.447341371038143087e-01,-2.205874769279784209e-01,-3.981555328057085480e-02,-8.621623824898340160e+01,4.265336094260746336e+01,-3.063015414565793293e+01,0.000000000000000000e+00,0.000000000000000000e+00,0.000000000000000000e+00,0.000000000000000000e+00,8.276376953125000000e+02,8.276379394531250000e+02,8.276379394531250000e+02,8.276376953125000000e+02,-1.017698093452142477e+09
2.253000000000000114e+00,-8.597135968819875984e+01,4.287407858785902448e+01,-3.059033446572698978e+01,1.444236808225696223e-04,1.301683235794826032e-04,4.126650370750439834e-06,1.152246296405792236e-01,2.475345849990844727e+00,-2.617342710494995117e+00,-2.448785607846366286e-01,-2.207176452515636766e-01,-3.981967993094317343e-02,-8.621623824898340160e+01,4.265336094260746336e+01,-3.063015414565793293e+01,0.000000000000000000e+00,0.000000000000000000e+00,0.000000000000000000e+00,0.000000000000000000e+00,8.276377563476562500e+02,8.276379394531250000e+02,8.276379394531250000e+02,8.276377563476562500e+02,-1.017708258482006550e+09
2.254000000000000004e+00,-8.597121541192703376e+01,4.287420868897281423e+01,-3.059033064826121873e+01,1.442762717260848149e-04,1.301011137897489789e-04,3.817465771049910472e-06,1.152330636978149414e-01,2.475379228591918945e+00,-2.617371797561645508e+00,-2.450228370563621860e-01,-2.208477463653524264e-01,-3.982349739671368211e-02,-8.621623824898340160e+01,4.265336094260746336e+01,-3.063015414565793293e+01,0.000000000000000000e+00,0.000000000000000000e+00,0.000000000000000000e+00,0.000000000000000000e+00,8.276378173828125000e+02,8.276378784179687500e+02,8.276378784179687500e+02,8.276378173828125000e+02,-1.017718423497985840e+09
2.254999999999999893e+00,-8.597107130719813028e+01,4.287433873581165500e+01,-3.059032714171475931e+01,1.441047289034713685e-04,1.300468388407693965e-04,3.506546459419723760e-06,1.152414083480834961e-01,2.475413084030151367e+00,-2.617402076721191406e+00,-2.451669417852748445e-01,-2.209777932041933624e-01,-3.982700394317274795e-02,-8.621623824898340160e+01,4.265336094260746336e+01,-3.063015414565793293e+01,0.000000000000000000e+00,0.000000000000000000e+00,0.000000000000000000e+00,0.000000000000000000e+00,8.276378784179687500e+02,8.276378173828125000e+02,8.276378173828125000e+02,8.276378784179687500e+02,-1.017728588500124216e+09
2.255999999999999783e+00,-8.597092733524343089e+01,4.287446871523518865e+01,-3.059032395192627973e+01,1.439719546993956101e-04,1.299794235336548809e-04,3.189788479573962832e-06,1.152500808238983154e-01,2.475447177886962891e+00,-2.617431402206420898e+00,-2.453109137399764883e-01,-2.211077726277253519e-01,-3.983019373165352928e-02,-8.621623824898340160e+01,4.265336094260746336e+01,-3.063015414565793293e+01,0.000000000000000000e+00,0.000000000000000000e+00,0.000000000000000000e+00,0.000000000000000000e+00,8.276378784179687500e+02,8.276377563476562500e+02,8.276377563476562500e+02,8.276378784179687500e+02,-1.017738753488458157e+09
2.257000000000000117e+00,-8.597078352272330903e+01,4.287459862721138393e+01,-3.059032108884878198e+01,1.438125201218554139e-04,1.299119761952738372e-04,2.863077497750055045e-06,1.152585744857788086e-01,2.475481271743774414e+00,-2.617460966110229492e+00,-2.454547262600944024e-01,-2.212376846039170453e-01,-3.983305680914922542e-02,-8.621623824898340160e+01,4.265336094260746336e+01,-3.063015414565793293e+01,0.000000000000000000e+00,0.000000000000000000e+00,0.000000000000000000e+00,0.000000000000000000e+00,8.276379394531250000e+02,8.276376953125000000e+02,8.276376953125000000e+02,8.276379394531250000e+02,-1.017748918463029504e+09
2.258000000000000007e+00,-8.597063984296681838e+01,4.287472848509577972e+01,-3.059031854922650950e+01,1.436797564906555635e-04,1.298578843957898243e-04,2.539622272479391540e-06,1.152668297290802002e-01,2.475514173507690430e+00,-2.617490530014038086e+00,-2.455984060165815053e-01,-2.213675424883140286e-01,-3.983559643142506324e-02,-8.621623824898340160e+01,4.265336094260746336e+01,-3.063015414565793293e+01,0.000000000000000000e+00,0.000000000000000000e+00,0.000000000000000000e+00,0.000000000000000000e+00,8.276380004882812500e+02,8.276376342773437500e+02,8.276376342773437500e+02,8.276380004882812500e+02,-1.017759083423876047e+09
2.258999999999999897e+00,-8.597049632264271679e+01,4.287485827553035733e+01,-3.059031633631373737e+01,1.435203241015869935e-04,1.297904345776146329e-04,2.212912772137087813e-06,1.152753531932830811e-01,2.475548982620239258e+00,-2.617520809173583984e+00,-2.457419263406910026e-01,-2.214973329228905607e-01,-3.983780934419452885e-02,-8.621623824898340160e+01,4.265336094260746336e+01,-3.063015414565793293e+01,0.000000000000000000e+00,0.000000000000000000e+00,0.000000000000000000e+00,0.000000000000000000e+00,8.276380615234375000e+02,8.276375732421875000e+02,8.276376342773437500e+02,8.276380615234375000e+02,-1.017769248371039748e+09
2.259999999999999787e+00,-8.597035293509095766e+01,4.287498802521808727e+01,-3.059031444354833695e+01,1.433875517591332027e-04,1.297496877299408879e-04,1.892765400413054522e-06,1.152836680412292480e-01,2.475581884384155273e+00,-2.617550373077392578e+00,-2.458853138924474435e-01,-2.216270826106222502e-01,-3.983970210959504599e-02,-8.621623824898340160e+01,4.265336094260746336e+01,-3.063015414565793293e+01,0.000000000000000000e+00,0.000000000000000000e+00,0.000000000000000000e+00,0.000000000000000000e+00,8.276381225585937500e+02,8.276375732421875000e+02,8.276375732421875000e+02,8.276381225585937500e+02,-1.017779413304559469e+09
2.261000000000000121e+00,-8.597020968030152233e+01,4.287511770747725137e+01,-3.059031287087248074e+01,1.432547894353319862e-04,1.296822591640989231e-04,1.572675856209571066e-06,1.152921915054321289e-01,2.475615739822387695e+00,-2.617580652236938477e+00,-2.460285686818771689e-01,-2.217567648697845173e-01,-3.984127478545067963e-02,-8.621623824898340160e+01,4.265336094260746336e+01,-3.063015414565793293e+01,0.000000000000000000e+00,0.000000000000000000e+00,0.000000000000000000e+00,0.000000000000000000e+00,8.276381835937500000e+02,8.276375122070312500e+02,8.276375122070312500e+02,8.276381225585937500e+02,-1.017789578224471927e+09
2.262000000000000011e+00,-8.597006653162733869e+01,4.287524734902520152e+01,-3.059031160505412217e+01,1.431486741836351939e-04,1.296415479501433765e-04,1.265818358575643288e-06,1.153005659580230713e-01,2.475648880004882812e+00,-2.617609739303588867e+00,-2.461717173560572236e-01,-2.218864064177361872e-01,-3.984254060381076795e-02,-8.621623824898340160e+01,4.265336094260746336e+01,-3.063015414565793293e+01,0.000000000000000000e+00,0.000000000000000000e+00,0.000000000000000000e+00,0.000000000000000000e+00,8.276381835937500000e+02,8.276374511718750000e+02,8.276374511718750000e+02,8.276381835937500000e+02,-1.017799743130810618e+09
2.262999999999999901e+00,-8.596992348908030124e+01,4.287537694987512538e+01,-3.059031063942262207e+01,1.430425470374530050e-04,1.296008499238610057e-04,9.656315000938775484e-07,1.153087615966796875e-01,2.475682020187377930e+00,-2.617638826370239258e+00,-2.463147599031071111e-01,-2.220160072676634344e-01,-3.984350623530925894e-02,-8.621623824898340160e+01,4.265336094260746336e+01,-3.063015414565793293e+01,0.000000000000000000e+00,0.000000000000000000e+00,0.000000000000000000e+00,0.000000000000000000e+00,8.276382446289062500e+02,8.276374511718750000e+02,8.276374511718750000e+02,8.276382446289062500e+02,-1.017809908023609042e+09
2.263999999999999790e+00,-8.596978055268074570e+01,4.287550649671434400e+01,-3.059030996060855756e+01,1.429363995555377187e-04,1.295468392186194251e-04,6.788140645141993446e-07,1.153175532817840576e-01,2.475717067718505859e+00,-2.617670297622680664e+00,-2.464576963026613721e-01,-2.221455541068807493e-01,-3.984418504937489031e-02,-8.621623824898340160e+01,4.265336094260746336e+01,-3.063015414565793293e+01,0.000000000000000000e+00,0.000000000000000000e+00,0.000000000000000000e+00,0.000000000000000000e+00,8.276383056640625000e+02,8.276373901367187500e+02,8.276373901367187500e+02,8.276383056640625000e+02,-1.017820072902898073e+09
2.265000000000000124e+00,-8.596963772246252233e+01,4.287563601625100773e+01,-3.059030955532847429e+01,1.428302182233665008e-04,1.295195366637358347e-04,4.052800832710090617e-07,1.153254806995391846e-01,2.475748062133789062e+00,-2.617697477340698242e+00,-2.466005265208787711e-01,-2.222750736435418761e-01,-3.984459032945940338e-02,-8.621623824898340160e+01,4.265336094260746336e+01,-3.063015414565793293e+01,0.000000000000000000e+00,0.000000000000000000e+00,0.000000000000000000e+00,0.000000000000000000e+00,8.276383056640625000e+02,8.276373291015625000e+02,8.276373291015625000e+02,8.276383056640625000e+02,-1.017830237768710732e+09
2.266000000000000014e+00,-8.596949498648989163e+01,4.287576548194502379e+01,-3.059030940599807380e+01,1.427359726307031451e-04,1.294656940160621161e-04,1.493304004895890102e-07,1.153342127799987793e-01,2.475783586502075195e+00,-2.617728471755981445e+00,-2.467432624935050611e-01,-2.224045393375631285e-01,-3.984473965985966398e-02,-8.621623824898340160e+01,4.265336094260746336e+01,-3.063015414565793293e+01,0.000000000000000000e+00,0.000000000000000000e+00,0.000000000000000000e+00,0.000000000000000000e+00,8.276383666992187500e+02,8.276373291015625000e+02,8.276373291015625000e+02,8.276383666992187500e+02,-1.017840402621074200e+09
2.266999999999999904e+00,-8.596935226202265312e+01,4.287589493368529503e+01,-3.059030949126697863e+01,1.427244672385086233e-04,1.294517402712358489e-04,-8.526890482585258724e-08,1.153422594070434570e-01,2.475816011428833008e+00,-2.617757558822631836e+00,-2.468859869607476221e-01,-2.225339910778351693e-01,-3.984465439095345035e-02,-8.621623824898340160e+01,4.265336094260746336e+01,-3.063015414565793293e+01,0.000000000000000000e+00,0.000000000000000000e+00,0.000000000000000000e+00,0.000000000000000000e+00,8.276383666992187500e+02,8.276372680664062500e+02,8.276372680664062500e+02,8.276383666992187500e+02,-1.017850567460003614e+09
2.267999999999999794e+00,-8.596920964384869990e+01,4.287602437158260216e+01,-3.059030979340132106e+01,1.426181739532239590e-04,1.294378973071275141e-04,-3.021343424336464523e-07,1.153505146503448486e-01,2.475849390029907227e+00,-2.617786169052124023e+00,-2.470286051347086731e-01,-2.226634289751380225e-01,-3.984435225661174529e-02,-8.621623824898340160e+01,4.265336094260746336e+01,-3.063015414565793293e+01,0.000000000000000000e+00,0.000000000000000000e+00,0.000000000000000000e+00,0.000000000000000000e+00,8.276383666992187500e+02,8.276372680664062500e+02,8.276372680664062500e+02,8.276383666992187500e+02,-1.017860732285529613e+09
2.269000000000000128e+00,-8.596906702527864752e+01,4.287615378237659769e+01,-3.059031029256896872e+01,1.426185700523774358e-04,1.294107939955324582e-04,-4.991676476606698998e-07,1.153590977191925049e-01,2.475882768630981445e+00,-2.617816448211669922e+00,-2.471712237047481442e-01,-2.227928397691355811e-01,-3.984385308896502831e-02,-8.621623824898340160e+01,4.265336094260746336e+01,-3.063015414565793293e+01,0.000000000000000000e+00,0.000000000000000000e+00,0.000000000000000000e+00,0.000000000000000000e+00,8.276384277343750000e+02,8.276372680664062500e+02,8.276372680664062500e+02,8.276384277343750000e+02,-1.017870897097661734e+09
2.270000000000000018e+00,-8.596892445972773089e+01,4.287628319277869338e+01,-3.059031096537812999e+01,1.425655509166290358e-04,1.294104020956865497e-04,-6.728091612728803739e-07,1.153670847415924072e-01,2.475914955139160156e+00,-2.617844581604003906e+00,-2.473137892556704354e-01,-2.229222501712296300e-01,-3.984318027980135457e-02,-8.621623824898340160e+01,4.265336094260746336e+01,-3.063015414565793293e+01,0.000000000000000000e+00,0.000000000000000000e+00,0.000000000000000000e+00,0.000000000000000000e+00,8.276384277343750000e+02,8.276372070312500000e+02,8.276372070312500000e+02,8.276384277343750000e+02,-1.017881061896419883e+09
2.270999999999999908e+00,-8.596878189388775127e+01,4.287641258953159706e+01,-3.059031178188809719e+01,1.425658399796247977e-04,1.293967529036876840e-04,-8.165099671941788984e-07,1.153755784034729004e-01,2.475949048995971680e+00,-2.617874383926391602e+00,-2.474563550956569991e-01,-2.230516469241318467e-01,-3.984236376983652655e-02,-8.621623824898340160e+01,4.265336094260746336e+01,-3.063015414565793293e+01,0.000000000000000000e+00,0.000000000000000000e+00,0.000000000000000000e+00,0.000000000000000000e+00,8.276384277343750000e+02,8.276372070312500000e+02,8.276372070312500000e+02,8.276384277343750000e+02,-1.017891226681811690e+09
2.271999999999999797e+00,-8.596863932780163964e+01,4.287654198601827460e+01,-3.059031272211722197e+01,1.425660861116284650e-04,1.293964866775354494e-04,-9.402291247795346862e-07,1.153836846351623535e-01,2.475981950759887695e+00,-2.617903232574462891e+00,-2.475989211817686275e-01,-2.231810434108145724e-01,-3.984142354070984576e-02,-8.621623824898340160e+01,4.265336094260746336e+01,-3.063015414565793293e+01,0.000000000000000000e+00,0.000000000000000000e+00,0.000000000000000000e+00,0.000000000000000000e+00,8.276384277343750000e+02,8.276372070312500000e+02,8.276372070312500000e+02,8.276384277343750000e+02,-1.017901391453844666e+09
2.273000000000000131e+00,-8.596849676153190956e+01,4.287667139564344865e+01,-3.059031375607874281e+01,1.425662697300822401e-04,1.294096251740484149e-04,-1.033961520846560234e-06,1.153921484947204590e-01,2.476015567779541016e+00,-2.617933034896850586e+00,-2.477414874514868581e-01,-2.233104530359877049e-01,-3.984038957919046331e-02,-8.621623824898340160e+01,4.265336094260746336e+01,-3.063015414565793293e+01,0.000000000000000000e+00,0.000000000000000000e+00,0.000000000000000000e+00,0.000000000000000000e+00,8.276384277343750000e+02,8.276372070312500000e+02,8.276372070312500000e+02,8.276384277343750000e+02,-1.017911556212525845e+09
2.274000000000000021e+00,-8.596835414176428003e+01,4.287680080514302006e+01,-3.059031485716736398e+01,1.426197676295259953e-04,1.294094995714090146e-04,-1.101088621169310500e-06,1.153999567031860352e-01,2.476046085357666016e+00,-2.617960453033447266e+00,-2.478841072191270700e-01,-2.234398625355563384e-01,-3.983928849057046667e-02,-8.621623824898340160e+01,4.265336094260746336e+01,-3.063015414565793293e+01,0.000000000000000000e+00,0.000000000000000000e+00,0.000000000000000000e+00,0.000000000000000000e+00,8.276384277343750000e+02,8.276372070312500000e+02,8.276372070312500000e+02,8.276384277343750000e+02,-1.017921720957849979e+09
2.274999999999999911e+00,-8.596821149523371730e+01,4.287693024123840502e+01,-3.059031600204346901e+01,1.426465305627289126e-04,1.294360953849604812e-04,-1.144876105030334656e-06,1.154088675975799561e-01,2.476082324981689453e+00,-2.617991685867309570e+00,-2.480267537496893548e-01,-2.235692986309438801e-01,-3.983814361446352120e-02,-8.621623824898340160e+01,4.265336094260746336e+01,-3.063015414565793293e+01,0.000000000000000000e+00,0.000000000000000000e+00,0.000000000000000000e+00,0.000000000000000000e+00,8.276384277343750000e+02,8.276372070312500000e+02,8.276372070312500000e+02,8.276384277343750000e+02,-1.017931885689817667e+09
2.275999999999999801e+00,-8.596806882200068856e+01,4.287705969066144718e+01,-3.059031715732773904e+01,1.426732330287450168e-04,1.294494230421605607e-04,-1.155284270026868398e-06,1.154167056083679199e-01,2.476113080978393555e+00,-2.618018865585327148e+00,-2.481694269827160737e-01,-2.236987480539814332e-01,-3.983698833019459762e-02,-8.621623824898340160e+01,4.265336094260746336e+01,-3.063015414565793293e+01,0.000000000000000000e+00,0.000000000000000000e+00,0.000000000000000000e+00,0.000000000000000000e+00,8.276384277343750000e+02,8.276372680664062500e+02,8.276372680664062500e+02,8.276384277343750000e+02,-1.017942050408426166e+09
2.277000000000000135e+00,-8.596792604208593502e+01,4.287718916684558224e+01,-3.059031829318988471e+01,1.427799147535324664e-04,1.294761841350577924e-04,-1.135862145673627310e-06,1.154254376888275146e-01,2.476148843765258789e+00,-2.618050336837768555e+00,-2.483122068974719654e-01,-2.238282242381160470e-01,-3.983585246804775132e-02,-8.621623824898340160e+01,4.265336094260746336e+01,-3.063015414565793293e+01,0.000000000000000000e+00,0.000000000000000000e+00,0.000000000000000000e+00,0.000000000000000000e+00,8.276384277343750000e+02,8.276372680664062500e+02,8.276372680664062500e+02,8.276384277343750000e+02,-1.017952215113658309e+09
2.278000000000000025e+00,-8.596778322370823844e+01,4.287731866981193463e+01,-3.059031939194791505e+01,1.428183776965852303e-04,1.295029663523905583e-04,-1.098758030337876335e-06,1.154332756996154785e-01,2.476180315017700195e+00,-2.618077754974365234e+00,-2.484550252751587529e-01,-2.239577272044699363e-01,-3.983475371001891224e-02,-8.621623824898340160e+01,4.265336094260746336e+01,-3.063015414565793293e+01,0.000000000000000000e+00,0.000000000000000000e+00,0.000000000000000000e+00,0.000000000000000000e+00,8.276383666992187500e+02,8.276372680664062500e+02,8.276372680664062500e+02,8.276383666992187500e+02,-1.017962379805507541e+09
2.278999999999999915e+00,-8.596764028395021739e+01,4.287744819965848109e+01,-3.059032041215631637e+01,1.429397580210434171e-04,1.295298465464611581e-04,-1.020208401314448565e-06,1.154420673847198486e-01,2.476214885711669922e+00,-2.618109226226806641e+00,-2.485979650331805180e-01,-2.240872570510162864e-01,-3.983373350161652227e-02,-8.621623824898340160e+01,4.265336094260746336e+01,-3.063015414565793293e+01,0.000000000000000000e+00,0.000000000000000000e+00,0.000000000000000000e+00,0.000000000000000000e+00,8.276383666992187500e+02,8.276373291015625000e+02,8.276373291015625000e+02,8.276383666992187500e+02,-1.017972544483950496e+09
2.279999999999999805e+00,-8.596749726435947991e+01,4.287757780978473932e+01,-3.059032133630089589e+01,1.430195907374809394e-04,1.296101262582283198e-04,-9.241445795282743347e-07,1.154500544071197510e-01,2.476246833801269531e+00,-2.618136882781982422e+00,-2.487409846239154454e-01,-2.242168671772730992e-01,-3.983280935703675113e-02,-8.621623824898340160e+01,4.265336094260746336e+01,-3.063015414565793293e+01,0.000000000000000000e+00,0.000000000000000000e+00,0.000000000000000000e+00,0.000000000000000000e+00,8.276383056640625000e+02,8.276373291015625000e+02,8.276373291015625000e+02,8.276383056640625000e+02,-1.017982709148974776e+09
2.281000000000000139e+00,-8.596735413828751859e+01,4.287770742022412662e+01,-3.059032213424517010e+01,1.431260719613192123e-04,1.296104393873065419e-04,-7.979442742112041742e-07,1.154586076736450195e-01,2.476281404495239258e+00,-2.618167400360107422e+00,-2.488841106958760985e-01,-2.243464776166597952e-01,-3.983201141276407342e-02,-8.621623824898340160e+01,4.265336094260746336e+01,-3.063015414565793293e+01,0.000000000000000000e+00,0.000000000000000000e+00,0.000000000000000000e+00,0.000000000000000000e+00,8.276383056640625000e+02,8.276373901367187500e+02,8.276373901367187500e+02,8.276383056640625000e+02,-1.017992873800554156e+09
2.282000000000000028e+00,-8.596721087912651171e+01,4.287783711107879725e+01,-3.059032278287006079e+01,1.432591610068811860e-04,1.296908546706276866e-04,-6.486248906867331243e-07,1.154666841030120850e-01,2.476314067840576172e+00,-2.618196010589599609e+00,-2.490273698568952199e-01,-2.244761684713339756e-01,-3.983136278787037521e-02,-8.621623824898340160e+01,4.265336094260746336e+01,-3.063015414565793293e+01,0.000000000000000000e+00,0.000000000000000000e+00,0.000000000000000000e+00,0.000000000000000000e+00,8.276382446289062500e+02,8.276373901367187500e+02,8.276373901367187500e+02,8.276382446289062500e+02,-1.018003038438663721e+09
2.282999999999999918e+00,-8.596706748692679412e+01,4.287796685573409405e+01,-3.059032325210277747e+01,1.433921997175957586e-04,1.297446552968040123e-04,-4.692327166821996798e-07,1.154754757881164551e-01,2.476348876953125000e+00,-2.618227005004882812e+00,-2.491707620566032677e-01,-2.246059131266330000e-01,-3.983089355515448404e-02,-8.621623824898340160e+01,4.265336094260746336e+01,-3.063015414565793293e+01,0.000000000000000000e+00,0.000000000000000000e+00,0.000000000000000000e+00,0.000000000000000000e+00,8.276382446289062500e+02,8.276374511718750000e+02,8.276374511718750000e+02,8.276382446289062500e+02,-1.018013203063274384e+09
2.283999999999999808e+00,-8.596692396171515327e+01,4.287809665421973193e+01,-3.059032352860370452e+01,1.435252116408491929e-04,1.297984856378775476e-04,-2.765009270433438360e-07,1.154833734035491943e-01,2.476380825042724609e+00,-2.618255138397216797e+00,-2.493142872682501954e-01,-2.247357116122688236e-01,-3.983061705422918930e-02,-8.621623824898340160e+01,4.265336094260746336e+01,-3.063015414565793293e+01,0.000000000000000000e+00,0.000000000000000000e+00,0.000000000000000000e+00,0.000000000000000000e+00,8.276381835937500000e+02,8.276374511718750000e+02,8.276375122070312500e+02,8.276381835937500000e+02,-1.018023367674356103e+09
2.285000000000000142e+00,-8.596678030354215139e+01,4.287822647992128111e+01,-3.059032358229987025e+01,1.436581730018815506e-04,1.298257015491799393e-04,-5.369616573602797871e-08,1.154918074607849121e-01,2.476414203643798828e+00,-2.618284463882446289e+00,-2.494579454412477193e-01,-2.248655373138180869e-01,-3.983056335806109405e-02,-8.621623824898340160e+01,4.265336094260746336e+01,-3.063015414565793293e+01,0.000000000000000000e+00,0.000000000000000000e+00,0.000000000000000000e+00,0.000000000000000000e+00,8.276381225585937500e+02,8.276375122070312500e+02,8.276375122070312500e+02,8.276381225585937500e+02,-1.018033532271874785e+09
2.286000000000000032e+00,-8.596663648578730488e+01,4.287835641292685551e+01,-3.059032339674305234e+01,1.438177548465091604e-04,1.299330055744007950e-04,1.855568179109923221e-07,1.154999732971191406e-01,2.476446866989135742e+00,-2.618314266204833984e+00,-2.496017631960951166e-01,-2.249954703193943195e-01,-3.983074891488162794e-02,-8.621623824898340160e+01,4.265336094260746336e+01,-3.063015414565793293e+01,0.000000000000000000e+00,0.000000000000000000e+00,0.000000000000000000e+00,0.000000000000000000e+00,8.276380615234375000e+02,8.276375732421875000e+02,8.276375732421875000e+02,8.276380615234375000e+02,-1.018043696855797648e+09
2.286999999999999922e+00,-8.596649253514468114e+01,4.287848637323006074e+01,-3.059032295169711091e+01,1.439506426237358028e-04,1.299603032052232265e-04,4.450459414329088759e-07,1.155088245868682861e-01,2.476482391357421875e+00,-2.618345022201538086e+00,-2.497457138387201847e-01,-2.251254306225966006e-01,-3.983119396082203389e-02,-8.621623824898340160e+01,4.265336094260746336e+01,-3.063015414565793293e+01,0.000000000000000000e+00,0.000000000000000000e+00,0.000000000000000000e+00,0.000000000000000000e+00,8.276380615234375000e+02,8.276376342773437500e+02,8.276376342773437500e+02,8.276380615234375000e+02,-1.018053861426088452e+09
2.287999999999999812e+00,-8.596634842497189766e+01,4.287861641422411907e+01,-3.059032223732608458e+01,1.441101727834848134e-04,1.300409940583335811e-04,7.143710263335378841e-07,1.155169904232025146e-01,2.476515531539916992e+00,-2.618373632431030273e+00,-2.498898240114985625e-01,-2.252554716166572102e-01,-3.983190833184969970e-02,-8.621623824898340160e+01,4.265336094260746336e+01,-3.063015414565793293e+01,0.000000000000000000e+00,0.000000000000000000e+00,0.000000000000000000e+00,0.000000000000000000e+00,8.276380004882812500e+02,8.276376953125000000e+02,8.276376953125000000e+02,8.276380004882812500e+02,-1.018064025982710123e+09
2.289000000000000146e+00,-8.596620415530684056e+01,4.287874650928050357e+01,-3.059032123022718963e+01,1.442696650570951533e-04,1.300950563845049146e-04,1.007098894945102074e-06,1.155254840850830078e-01,2.476549148559570312e+00,-2.618403673171997070e+00,-2.500340936765576005e-01,-2.253855666730421037e-01,-3.983291543074454766e-02,-8.621623824898340160e+01,4.265336094260746336e+01,-3.063015414565793293e+01,0.000000000000000000e+00,0.000000000000000000e+00,0.000000000000000000e+00,0.000000000000000000e+00,8.276379394531250000e+02,8.276376953125000000e+02,8.276377563476562500e+02,8.276379394531250000e+02,-1.018074190525622249e+09
2.290000000000000036e+00,-8.596605974108238968e+01,4.287887667165146865e+01,-3.059031992952795420e+01,1.444142244508839212e-04,1.301623709650812089e-04,1.300699235429192413e-06,1.155335903167724609e-01,2.476581573486328125e+00,-2.618432760238647461e+00,-2.501785079010143131e-01,-2.255157290440049089e-01,-3.983421612998035155e-02,-8.621623824898340160e+01,4.265336094260746336e+01,-3.063015414565793293e+01,0.000000000000000000e+00,0.000000000000000000e+00,0.000000000000000000e+00,0.000000000000000000e+00,8.276378784179687500e+02,8.276377563476562500e+02,8.276377563476562500e+02,8.276378784179687500e+02,-1.018084355054787636e+09
2.290999999999999925e+00,-8.596591515248373128e+01,4.287900687487182694e+01,-3.059031831696530901e+01,1.445885986584016791e-04,1.302032203582825787e-04,1.612562645192383570e-06,1.155422329902648926e-01,2.476615905761718750e+00,-2.618463039398193359e+00,-2.503230964996652763e-01,-2.256459322643662724e-01,-3.983582869262299736e-02,-8.621623824898340160e+01,4.265336094260746336e+01,-3.063015414565793293e+01,0.000000000000000000e+00,0.000000000000000000e+00,0.000000000000000000e+00,0.000000000000000000e+00,8.276378173828125000e+02,8.276378173828125000e+02,8.276378173828125000e+02,8.276378173828125000e+02,-1.018094519570160985e+09
2.291999999999999815e+00,-8.596577040445966134e+01,4.287913718556999498e+01,-3.059031638844810175e+01,1.447480240699405840e-04,1.303106981680457466e-04,1.928517207261393196e-06,1.155504584312438965e-01,2.476649045944213867e+00,-2.618491888046264648e+00,-2.504678445237425999e-01,-2.257762429625342904e-01,-3.983775720983202123e-02,-8.621623824898340160e+01,4.265336094260746336e+01,-3.063015414565793293e+01,0.000000000000000000e+00,0.000000000000000000e+00,0.000000000000000000e+00,0.000000000000000000e+00,8.276377563476562500e+02,8.276378784179687500e+02,8.276378784179687500e+02,8.276377563476562500e+02,-1.018104684071704626e+09
2.293000000000000149e+00,-8.596562552367834087e+01,4.287926752371083694e+01,-3.059031413707966962e+01,1.448807813204666672e-04,1.303381408419568288e-04,2.251368432126810148e-06,1.155591607093811035e-01,2.476683855056762695e+00,-2.618522405624389648e+00,-2.506127253050551840e-01,-2.259065811033768023e-01,-3.984000857826202474e-02,-8.621623824898340160e+01,4.265336094260746336e+01,-3.063015414565793293e+01,0.000000000000000000e+00,0.000000000000000000e+00,0.000000000000000000e+00,0.000000000000000000e+00,8.276377563476562500e+02,8.276379394531250000e+02,8.276379394531250000e+02,8.276376953125000000e+02,-1.018114848559378743e+09
2.294000000000000039e+00,-8.596548048348455495e+01,4.287939794267332161e+01,-3.059031155969476856e+01,1.450401937859169266e-04,1.304189624846685547e-04,2.577384901059076583e-06,1.155677437782287598e-01,2.476718664169311523e+00,-2.618552684783935547e+00,-2.507577654988440430e-01,-2.260370000658573630e-01,-3.984258596316377077e-02,-8.621623824898340160e+01,4.265336094260746336e+01,-3.063015414565793293e+01,0.000000000000000000e+00,0.000000000000000000e+00,0.000000000000000000e+00,0.000000000000000000e+00,8.276376953125000000e+02,8.276380004882812500e+02,8.276380004882812500e+02,8.276376953125000000e+02,-1.018125013033142686e+09
2.294999999999999929e+00,-8.596533528385729994e+01,4.287952841576357343e+01,-3.059030866290600414e+01,1.451996272550104550e-04,1.304730902518258517e-04,2.896788764417124185e-06,1.155759692192077637e-01,2.476751565933227539e+00,-2.618581533432006836e+00,-2.509029651260958893e-01,-2.261674731561078011e-01,-3.984548275192863198e-02,-8.621623824898340160e+01,4.265336094260746336e+01,-3.063015414565793293e+01,0.000000000000000000e+00,0.000000000000000000e+00,0.000000000000000000e+00,0.000000000000000000e+00,8.276376342773437500e+02,8.276380615234375000e+02,8.276380615234375000e+02,8.276376342773437500e+02,-1.018135177492954493e+09
2.295999999999999819e+00,-8.596518997817473462e+01,4.287965896965186374e+01,-3.059030544333210955e+01,1.453056825653220585e-04,1.305538882903078957e-04,3.219573894597260733e-06,1.155845820903778076e-01,2.476786375045776367e+00,-2.618612289428710938e+00,-2.510482708086670400e-01,-2.262980270444009678e-01,-3.984870232582250760e-02,-8.621623824898340160e+01,4.265336094260746336e+01,-3.063015414565793293e+01,0.000000000000000000e+00,0.000000000000000000e+00,0.000000000000000000e+00,0.000000000000000000e+00,8.276375732421875000e+02,8.276380615234375000e+02,8.276380615234375000e+02,8.276375732421875000e+02,-1.018145341938782930e+09
2.297000000000000153e+00,-8.596504451305195005e+01,4.287978955098988365e+01,-3.059030190429734830e+01,1.454651227845715766e-04,1.305813380199083440e-04,3.539034761246284688e-06,1.155927479267120361e-01,2.476818799972534180e+00,-2.618641853332519531e+00,-2.511937359314581064e-01,-2.264286083824229023e-01,-3.985224136058294897e-02,-8.621623824898340160e+01,4.265336094260746336e+01,-3.063015414565793293e+01,0.000000000000000000e+00,0.000000000000000000e+00,0.000000000000000000e+00,0.000000000000000000e+00,8.276375122070312500e+02,8.276381225585937500e+02,8.276381225585937500e+02,8.276375122070312500e+02,-1.018155506370583534e+09
2.298000000000000043e+00,-8.596489894183413583e+01,4.287992018641133285e+01,-3.059029805909563038e+01,1.455712178142221092e-04,1.306354214491989296e-04,3.845201717922464013e-06,1.156019270420074463e-01,2.476854801177978516e+00,-2.618674278259277344e+00,-2.513393071492701636e-01,-2.265592438038694367e-01,-3.985608656230306412e-02,-8.621623824898340160e+01,4.265336094260746336e+01,-3.063015414565793293e+01,0.000000000000000000e+00,0.000000000000000000e+00,0.000000000000000000e+00,0.000000000000000000e+00,8.276375122070312500e+02,8.276381835937500000e+02,8.276381835937500000e+02,8.276375122070312500e+02,-1.018165670788324237e+09
2.298999999999999932e+00,-8.596475326450681109e+01,4.288005084922954779e+01,-3.059029391100407480e+01,1.456773273247335965e-04,1.306628182149438544e-04,4.148091555578048428e-06,1.156094968318939209e-01,2.476885318756103516e+00,-2.618700742721557617e+00,-2.514849844765892906e-01,-2.266899066220856018e-01,-3.986023465385638009e-02,-8.621623824898340160e+01,4.265336094260746336e+01,-3.063015414565793293e+01,0.000000000000000000e+00,0.000000000000000000e+00,0.000000000000000000e+00,0.000000000000000000e+00,8.276374511718750000e+02,8.276382446289062500e+02,8.276382446289062500e+02,8.276374511718750000e+02,-1.018175835191970468e+09
2.299999999999999822e+00,-8.596460748105589289e+01,4.288018159277011421e+01,-3.059028947681554200e+01,1.457834509182021065e-04,1.307435405664136852e-04,4.434188532798089000e-06,1.156187355518341064e-01,2.476923227310180664e+00,-2.618733167648315430e+00,-2.516307679275117670e-01,-2.268206501626508220e-01,-3.986466884239181496e-02,-8.621623824898340160e+01,4.265336094260746336e+01,-3.063015414565793293e+01,0.000000000000000000e+00,0.000000000000000000e+00,0.000000000000000000e+00,0.000000000000000000e+00,8.276373901367187500e+02,8.276382446289062500e+02,8.276382446289062500e+02,8.276373901367187500e+02,-1.018185999581493497e+09
2.301000000000000156e+00,-8.596446159143806653e+01,4.288031236364378174e+01,-3.059028476975381494e+01,1.458896178263557886e-04,1.307708736675294858e-04,4.707061727060590783e-06,1.156268119812011719e-01,2.476954698562622070e+00,-2.618761062622070312e+00,-2.517766575453399547e-01,-2.269514210363209605e-01,-3.986937590411757798e-02,-8.621623824898340160e+01,4.265336094260746336e+01,-3.063015414565793293e+01,0.000000000000000000e+00,0.000000000000000000e+00,0.000000000000000000e+00,0.000000000000000000e+00,8.276373901367187500e+02,8.276383056640625000e+02,8.276383056640625000e+02,8.276373901367187500e+02,-1.018196163956860900e+09
2.302000000000000046e+00,-8.596431563732006964e+01,4.288044312160237581e+01,-3.059027980545462810e+01,1.459541179968937286e-04,1.307579585940743527e-04,4.964299186838161404e-06,1.156358122825622559e-01,2.476990699768066406e+00,-2.618792295455932617e+00,-2.519226116633318524e-01,-2.270821789949095115e-01,-3.987434020330370837e-02,-8.621623824898340160e+01,4.265336094260746336e+01,-3.063015414565793293e+01,0.000000000000000000e+00,0.000000000000000000e+00,0.000000000000000000e+00,0.000000000000000000e+00,8.276373291015625000e+02,8.276383056640625000e+02,8.276383056640625000e+02,8.276373291015625000e+02,-1.018206328318044782e+09
2.302999999999999936e+00,-8.596416961532969481e+01,4.288057394700668112e+01,-3.059027459918045366e+01,1.460219903748338766e-04,1.308254043053125315e-04,5.206274174440750357e-06,1.156441867351531982e-01,2.477024316787719727e+00,-2.618822574615478516e+00,-2.520686336537071859e-01,-2.272130043992174331e-01,-3.987954647747803116e-02,-8.621623824898340160e+01,4.265336094260746336e+01,-3.063015414565793293e+01,0.000000000000000000e+00,0.000000000000000000e+00,0.000000000000000000e+00,0.000000000000000000e+00,8.276373291015625000e+02,8.276383666992187500e+02,8.276383666992187500e+02,8.276373291015625000e+02,-1.018216492665024519e+09
2.303999999999999826e+00,-8.596402351375667195e+01,4.288070479962760828e+01,-3.059026917000737456e+01,1.461015730228609755e-04,1.308526209271576590e-04,5.429173079107840749e-06,1.156526207923889160e-01,2.477057695388793945e+00,-2.618851900100708008e+00,-2.522147352267335441e-01,-2.273438570201443687e-01,-3.988497565055972721e-02,-8.621623824898340160e+01,4.265336094260746336e+01,-3.063015414565793293e+01,0.000000000000000000e+00,0.000000000000000000e+00,0.000000000000000000e+00,0.000000000000000000e+00,8.276372680664062500e+02,8.276383666992187500e+02,8.276383666992187500e+02,8.276372680664062500e+02,-1.018226656997775197e+09
2.305000000000000160e+00,-8.596387738591036509e+01,4.288083567938843998e+01,-3.059026354451039253e+01,1.461278463068538258e-04,1.308797608317036065e-04,5.625496982020194991e-06,1.156614720821380615e-01,2.477093696594238281e+00,-2.618884086608886719e+00,-2.523608630730410085e-01,-2.274747367809743237e-01,-3.989060114754066494e-02,-8.621623824898340160e+01,4.265336094260746336e+01,-3.063015414565793293e+01,0.000000000000000000e+00,0.000000000000000000e+00,0.000000000000000000e+00,0.000000000000000000e+00,8.276372680664062500e+02,8.276384277343750000e+02,8.276384277343750000e+02,8.276372680664062500e+02,-1.018236821316282630e+09
2.306000000000000050e+00,-8.596373123174276998e+01,4.288096655956530157e+01,-3.059025774264135578e+01,1.461541675951139041e-04,1.308801768615808214e-04,5.801869036758944276e-06,1.156695783138275146e-01,2.477125644683837891e+00,-2.618912220001220703e+00,-2.525070172406262969e-01,-2.276056169578409283e-01,-3.989640301657607080e-02,-8.621623824898340160e+01,4.265336094260746336e+01,-3.063015414565793293e+01,0.000000000000000000e+00,0.000000000000000000e+00,0.000000000000000000e+00,0.000000000000000000e+00,8.276372680664062500e+02,8.276384277343750000e+02,8.276384277343750000e+02,8.276372680664062500e+02,-1.018246985620531797e+09
2.306999999999999940e+00,-8.596358505120812765e+01,4.288109744010740343e+01,-3.059025178774581377e+01,1.461805346423261653e-04,1.308805421018632842e-04,5.954895542004123854e-06,1.156788170337677002e-01,2.477162837982177734e+00,-2.618944883346557617e+00,-2.526531977752668467e-01,-2.277364974999371572e-01,-3.990235791212053823e-02,-8.621623824898340160e+01,4.265336094260746336e+01,-3.063015414565793293e+01,0.000000000000000000e+00,0.000000000000000000e+00,0.000000000000000000e+00,0.000000000000000000e+00,8.276372070312500000e+02,8.276384277343750000e+02,8.276384277343750000e+02,8.276372070312500000e+02,-1.018257149910508752e+09
2.307999999999999829e+00,-8.596343884425392901e+01,4.288122832095643844e+01,-3.059024570650436914e+01,1.462069541986465993e-04,1.308808490350088505e-04,6.081241444633178617e-06,1.156868636608123779e-01,2.477195501327514648e+00,-2.618973493576049805e+00,-2.527994047294759294e-01,-2.278673783489773841e-01,-3.990843915356215299e-02,-8.621623824898340160e+01,4.265336094260746336e+01,-3.063015414565793293e+01,0.000000000000000000e+00,0.000000000000000000e+00,0.000000000000000000e+00,0.000000000000000000e+00,8.276372070312500000e+02,8.276384277343750000e+02,8.276384277343750000e+02,8.276372070312500000e+02,-1.018267314186201453e+09
2.309000000000000163e+00,-8.596329269087878799e+01,4.288135922870628747e+01,-3.059023952549728875e+01,1.461533751410115656e-04,1.309077498490296421e-04,6.181007080385825248e-06,1.156957745552062988e-01,2.477230310440063477e+00,-2.619004487991333008e+00,-2.529455581046108903e-01,-2.279982860988268023e-01,-3.991462016064387802e-02,-8.621623824898340160e+01,4.265336094260746336e+01,-3.063015414565793293e+01,0.000000000000000000e+00,0.000000000000000000e+00,0.000000000000000000e+00,0.000000000000000000e+00,8.276372070312500000e+02,8.276384277343750000e+02,8.276384277343750000e+02,8.276372070312500000e+02,-1.018277478447615147e+09
2.310000000000000053e+00,-8.596314653764159175e+01,4.288149008327564360e+01,-3.059023327133458281e+01,1.461532371962448451e-04,1.308545693561313783e-04,6.254162705943144829e-06,1.157043278217315674e-01,2.477264165878295898e+00,-2.619034528732299805e+00,-2.530917113418078013e-01,-2.281291406681822398e-01,-3.992087432335061220e-02,-8.621623824898340160e+01,4.265336094260746336e+01,-3.063015414565793293e+01,0.000000000000000000e+00,0.000000000000000000e+00,0.000000000000000000e+00,0.000000000000000000e+00,8.276372070312500000e+02,8.276384277343750000e+02,8.276384277343750000e+02,8.276372070312500000e+02,-1.018287642694741249e+09
2.310999999999999943e+00,-8.596300041119705782e+01,4.288162096463795336e+01,-3.059022697082016506e+01,1.461264445339338636e-04,1.308813623097648815e-04,6.300514417745262108e-06,1.157128512859344482e-01,2.477298259735107422e+00,-2.619063615798950195e+00,-2.532378377863382934e-01,-2.282600220304864813e-01,-3.992717483776959952e-02,-8.621623824898340160e+01,4.265336094260746336e+01,-3.063015414565793293e+01,0.000000000000000000e+00,0.000000000000000000e+00,0.000000000000000000e+00,0.000000000000000000e+00,8.276372070312500000e+02,8.276384277343750000e+02,8.276384277343750000e+02,8.276372070312500000e+02,-1.018297806927583575e+09
2.311999999999999833e+00,-8.596285433813285692e+01,4.288175179266863779e+01,-3.059022065707472038e+01,1.460730642008911673e-04,1.308280306844267216e-04,6.313745444685991970e-06,1.157218515872955322e-01,2.477334260940551758e+00,-2.619096040725708008e+00,-2.533839108505404059e-01,-2.283908500611740167e-01,-3.993348858321127404e-02,-8.621623824898340160e+01,4.265336094260746336e+01,-3.063015414565793293e+01,0.000000000000000000e+00,0.000000000000000000e+00,0.000000000000000000e+00,0.000000000000000000e+00,8.276372680664062500e+02,8.276384277343750000e+02,8.276384277343750000e+02,8.276372680664062500e+02,-1.018307971146146178e+09
2.313000000000000167e+00,-8.596270834510781356e+01,4.288188262067508560e+01,-3.059021435017302792e+01,1.459930250433671972e-04,1.308280064478140048e-04,6.306901692454403019e-06,1.157297790050506592e-01,2.477365970611572266e+00,-2.619124412536621094e+00,-2.535299038755912671e-01,-2.285216780676210258e-01,-3.993979548490612930e-02,-8.621623824898340160e+01,4.265336094260746336e+01,-3.063015414565793293e+01,0.000000000000000000e+00,0.000000000000000000e+00,0.000000000000000000e+00,0.000000000000000000e+00,8.276372680664062500e+02,8.276384277343750000e+02,8.276384277343750000e+02,8.276372680664062500e+02,-1.018318135350443244e+09
2.314000000000000057e+00,-8.596256244716241213e+01,4.288201338159881715e+01,-3.059020808575859718e+01,1.458979454014297517e-04,1.307609237315432438e-04,6.264414430745546269e-06,1.157389581203460693e-01,2.477402925491333008e+00,-2.619156360626220703e+00,-2.536758018209908649e-01,-2.286524389913538458e-01,-3.994605989933731893e-02,-8.621623824898340160e+01,4.265336094260746336e+01,-3.063015414565793293e+01,0.000000000000000000e+00,0.000000000000000000e+00,0.000000000000000000e+00,0.000000000000000000e+00,8.276372680664062500e+02,8.276383666992187500e+02,8.276383666992187500e+02,8.276372680664062500e+02,-1.018328299540488124e+09
2.314999999999999947e+00,-8.596241658733026725e+01,4.288214412930978625e+01,-3.059020188580187494e+01,1.458598321448789648e-04,1.307477109691035366e-04,6.199956722241495299e-06,1.157475113868713379e-01,2.477436780929565430e+00,-2.619186878204345703e+00,-2.538216616531364656e-01,-2.287831867023231158e-01,-3.995225985605963676e-02,-8.621623824898340160e+01,4.265336094260746336e+01,-3.063015414565793293e+01,0.000000000000000000e+00,0.000000000000000000e+00,0.000000000000000000e+00,0.000000000000000000e+00,8.276373291015625000e+02,8.276383666992187500e+02,8.276383666992187500e+02,8.276373291015625000e+02,-1.018338463716290236e+09
2.315999999999999837e+00,-8.596227086070977919e+01,4.288227485009716844e+01,-3.059019578256907579e+01,1.457266204880625082e-04,1.307207873821880639e-04,6.103232799148372578e-06,1.157559156417846680e-01,2.477471113204956055e+00,-2.619217157363891602e+00,-2.539673882736180333e-01,-2.289139074897040549e-01,-3.995836308885712673e-02,-8.621623824898340160e+01,4.265336094260746336e+01,-3.063015414565793293e+01,0.000000000000000000e+00,0.000000000000000000e+00,0.000000000000000000e+00,0.000000000000000000e+00,8.276373291015625000e+02,8.276383056640625000e+02,8.276383056640625000e+02,8.276373291015625000e+02,-1.018348627877876163e+09
2.317000000000000171e+00,-8.596212521388348193e+01,4.288240551724710770e+01,-3.059018979945261307e+01,1.456468262972521188e-04,1.306671499392564328e-04,5.983116462715543094e-06,1.157644391059875488e-01,2.477504730224609375e+00,-2.619246721267700195e+00,-2.541130350999217802e-01,-2.290445746396457816e-01,-3.996434620531885001e-02,-8.621623824898340160e+01,4.265336094260746336e+01,-3.063015414565793293e+01,0.000000000000000000e+00,0.000000000000000000e+00,0.000000000000000000e+00,0.000000000000000000e+00,8.276373901367187500e+02,8.276383056640625000e+02,8.276383056640625000e+02,8.276373901367187500e+02,-1.018358792025262356e+09
2.318000000000000060e+00,-8.596197970016582701e+01,4.288253613068847159e+01,-3.059018395969079762e+01,1.455137176549214928e-04,1.306134413638915248e-04,5.839761815451538496e-06,1.157729625701904297e-01,2.477538585662841797e+00,-2.619276046752929688e+00,-2.542585488175693742e-01,-2.291751880810103115e-01,-3.997018596713572403e-02,-8.621623824898340160e+01,4.265336094260746336e+01,-3.063015414565793293e+01,0.000000000000000000e+00,0.000000000000000000e+00,0.000000000000000000e+00,0.000000000000000000e+00,8.276373901367187500e+02,8.276382446289062500e+02,8.276382446289062500e+02,8.276373901367187500e+02,-1.018368956158475995e+09
2.318999999999999950e+00,-8.596183431949630460e+01,4.288266669035403567e+01,-3.059017829329856042e+01,1.453806695224102441e-04,1.305596655640783865e-04,5.666392237202444448e-06,1.157818436622619629e-01,2.477574586868286133e+00,-2.619308471679687500e+00,-2.544039294870912848e-01,-2.293057477465696159e-01,-3.997585235937120562e-02,-8.621623824898340160e+01,4.265336094260746336e+01,-3.063015414565793293e+01,0.000000000000000000e+00,0.000000000000000000e+00,0.000000000000000000e+00,0.000000000000000000e+00,8.276374511718750000e+02,8.276382446289062500e+02,8.276382446289062500e+02,8.276374511718750000e+02,-1.018379120277546048e+09
2.319999999999999840e+00,-8.596168904515349141e+01,4.288279719620806674e+01,-3.059017282033904905e+01,1.452743428131952896e-04,1.305058540310710669e-04,5.472959511365615981e-06,1.157899200916290283e-01,2.477606534957885742e+00,-2.619336605072021484e+00,-2.545492038299126403e-01,-2.294362536006039344e-01,-3.998132531888522884e-02,-8.621623824898340160e+01,4.265336094260746336e+01,-3.063015414565793293e+01,0.000000000000000000e+00,0.000000000000000000e+00,0.000000000000000000e+00,0.000000000000000000e+00,8.276374511718750000e+02,8.276381835937500000e+02,8.276381835937500000e+02,8.276374511718750000e+02,-1.018389284382498026e+09
2.321000000000000174e+00,-8.596154393045152631e+01,4.288292764817906288e+01,-3.059016756405029369e+01,1.451147019650989023e-04,1.304519709961482477e-04,5.256288755361993026e-06,1.157988011837005615e-01,2.477642059326171875e+00,-2.619367361068725586e+00,-2.546943185318793490e-01,-2.295667055715970850e-01,-3.998658160763850916e-02,-8.621623824898340160e+01,4.265336094260746336e+01,-3.063015414565793293e+01,0.000000000000000000e+00,0.000000000000000000e+00,0.000000000000000000e+00,0.000000000000000000e+00,8.276375122070312500e+02,8.276381225585937500e+02,8.276381225585937500e+02,8.276375122070312500e+02,-1.018399448473368287e+09
2.322000000000000064e+00,-8.596139897534958152e+01,4.288305804622164885e+01,-3.059016254444195226e+01,1.449551019447881117e-04,1.303980425859663228e-04,5.019608341427783671e-06,1.158072352409362793e-01,2.477675199508666992e+00,-2.619397163391113281e+00,-2.548392736338244147e-01,-2.296971036141849942e-01,-3.999160121597911816e-02,-8.621623824898340160e+01,4.265336094260746336e+01,-3.063015414565793293e+01,0.000000000000000000e+00,0.000000000000000000e+00,0.000000000000000000e+00,0.000000000000000000e+00,8.276375732421875000e+02,8.276380615234375000e+02,8.276381225585937500e+02,8.276375732421875000e+02,-1.018409612550193906e+09
2.322999999999999954e+00,-8.596125415312594953e+01,4.288318839029980012e+01,-3.059015778157716881e+01,1.448222236319907097e-04,1.303440781512676949e-04,4.762864783458553575e-06,1.158159971237182617e-01,2.477710485458374023e+00,-2.619428396224975586e+00,-2.549840958574557948e-01,-2.298274476923354848e-01,-3.999636408076352734e-02,-8.621623824898340160e+01,4.265336094260746336e+01,-3.063015414565793293e+01,0.000000000000000000e+00,0.000000000000000000e+00,0.000000000000000000e+00,0.000000000000000000e+00,8.276376342773437500e+02,8.276380615234375000e+02,8.276380615234375000e+02,8.276376342773437500e+02,-1.018419776613009095e+09
2.323999999999999844e+00,-8.596110949042481764e+01,4.288331865369285367e+01,-3.059015328868268924e+01,1.446627011318923905e-04,1.302633930535535001e-04,4.492894479568576571e-06,1.158245503902435303e-01,2.477744817733764648e+00,-2.619458436965942383e+00,-2.551287585585793050e-01,-2.299577110853917028e-01,-4.000085697524501105e-02,-8.621623824898340160e+01,4.265336094260746336e+01,-3.063015414565793293e+01,0.000000000000000000e+00,0.000000000000000000e+00,0.000000000000000000e+00,0.000000000000000000e+00,8.276376953125000000e+02,8.276380004882812500e+02,8.276380004882812500e+02,8.276376953125000000e+02,-1.018429940661850929e+09
2.325000000000000178e+00,-8.596096496054667568e+01,4.288344886305999637e+01,-3.059014907921086390e+01,1.445298781419523948e-04,1.302093671426973742e-04,4.209471825333821471e-06,1.158327460289001465e-01,2.477777004241943359e+00,-2.619487285614013672e+00,-2.552732884367195920e-01,-2.300879204525345112e-01,-4.000506644707029630e-02,-8.621623824898340160e+01,4.265336094260746336e+01,-3.063015414565793293e+01,0.000000000000000000e+00,0.000000000000000000e+00,0.000000000000000000e+00,0.000000000000000000e+00,8.276376953125000000e+02,8.276379394531250000e+02,8.276379394531250000e+02,8.276376953125000000e+02,-1.018440104696754932e+09
2.326000000000000068e+00,-8.596082063203178336e+01,4.288357897793931528e+01,-3.059014517542017941e+01,1.443285148923223460e-04,1.301148793189099706e-04,3.903790684489649720e-06,1.158414185047149658e-01,2.477812051773071289e+00,-2.619517803192138672e+00,-2.554176169516159112e-01,-2.302180353318510897e-01,-4.000897023775371736e-02,-8.621623824898340160e+01,4.265336094260746336e+01,-3.063015414565793293e+01,0.000000000000000000e+00,0.000000000000000000e+00,0.000000000000000000e+00,0.000000000000000000e+00,8.276377563476562500e+02,8.276378784179687500e+02,8.276378784179687500e+02,8.276377563476562500e+02,-1.018450268717766523e+09
2.326999999999999957e+00,-8.596067642107080076e+01,4.288370905244747178e+01,-3.059014157598106465e+01,1.442109609826047745e-04,1.300745081564969041e-04,3.599439114765345948e-06,1.158497333526611328e-01,2.477845430374145508e+00,-2.619547128677368164e+00,-2.555618279126069536e-01,-2.303481098400051441e-01,-4.001256967686860760e-02,-8.621623824898340160e+01,4.265336094260746336e+01,-3.063015414565793293e+01,0.000000000000000000e+00,0.000000000000000000e+00,0.000000000000000000e+00,0.000000000000000000e+00,8.276378173828125000e+02,8.276378173828125000e+02,8.276378173828125000e+02,8.276378173828125000e+02,-1.018460432724920988e+09
2.327999999999999847e+00,-8.596053239622430908e+01,4.288383907283301966e+01,-3.059013829320583255e+01,1.440248464916749072e-04,1.300203855478798687e-04,3.282775232094081730e-06,1.158584058284759521e-01,2.477879762649536133e+00,-2.619577169418334961e+00,-2.557058527590902464e-01,-2.304781302255528297e-01,-4.001585245210122210e-02,-8.621623824898340160e+01,4.265336094260746336e+01,-3.063015414565793293e+01,0.000000000000000000e+00,0.000000000000000000e+00,0.000000000000000000e+00,0.000000000000000000e+00,8.276378784179687500e+02,8.276377563476562500e+02,8.276377563476562500e+02,8.276378784179687500e+02,-1.018470596718265295e+09
2.329000000000000181e+00,-8.596038850410731413e+01,4.288396901241819847e+01,-3.059013533381161665e+01,1.438921169949480827e-04,1.299395851788176515e-04,2.959394215906741010e-06,1.158669292926788330e-01,2.477914094924926758e+00,-2.619606971740722656e+00,-2.558497448760861936e-01,-2.306080698107371985e-01,-4.001881184631719823e-02,-8.621623824898340160e+01,4.265336094260746336e+01,-3.063015414565793293e+01,0.000000000000000000e+00,0.000000000000000000e+00,0.000000000000000000e+00,0.000000000000000000e+00,8.276379394531250000e+02,8.276377563476562500e+02,8.276377563476562500e+02,8.276379394531250000e+02,-1.018480760697835088e+09
2.330000000000000071e+00,-8.596024477140845477e+01,4.288409889787286744e+01,-3.059013269780351507e+01,1.437326988593667920e-04,1.298854546689653944e-04,2.636008101575271212e-06,1.158751249313354492e-01,2.477946519851684570e+00,-2.619636297225952148e+00,-2.559934775749471147e-01,-2.307379552654074684e-01,-4.002144785441763553e-02,-8.621623824898340160e+01,4.265336094260746336e+01,-3.063015414565793293e+01,0.000000000000000000e+00,0.000000000000000000e+00,0.000000000000000000e+00,0.000000000000000000e+00,8.276380004882812500e+02,8.276376953125000000e+02,8.276376953125000000e+02,8.276380004882812500e+02,-1.018490924663672924e+09
2.330999999999999961e+00,-8.596010117143913476e+01,4.288422872919777973e+01,-3.059013038856959454e+01,1.435999693200074034e-04,1.298313249122884372e-04,2.309233920527731243e-06,1.158837080001831055e-01,2.477980852127075195e+00,-2.619666814804077148e+00,-2.561370775442710634e-01,-2.308677865903134008e-01,-4.002375708833992574e-02,-8.621623824898340160e+01,4.265336094260746336e+01,-3.063015414565793293e+01,0.000000000000000000e+00,0.000000000000000000e+00,0.000000000000000000e+00,0.000000000000000000e+00,8.276380615234375000e+02,8.276376342773437500e+02,8.276376342773437500e+02,8.276380615234375000e+02,-1.018501088615817308e+09
2.331999999999999851e+00,-8.595995770420495319e+01,4.288435850639913838e+01,-3.059012840277413758e+01,1.434672341815712571e-04,1.297772013586495632e-04,1.985795456960204319e-06,1.158919334411621094e-01,2.478013992309570312e+00,-2.619695663452148438e+00,-2.562805447784438639e-01,-2.309975637916762137e-01,-4.002574288379470019e-02,-8.621623824898340160e+01,4.265336094260746336e+01,-3.063015414565793293e+01,0.000000000000000000e+00,0.000000000000000000e+00,0.000000000000000000e+00,0.000000000000000000e+00,8.276380615234375000e+02,8.276375732421875000e+02,8.276375732421875000e+02,8.276380615234375000e+02,-1.018511252554306030e+09
2.333000000000000185e+00,-8.595981439638339339e+01,4.288448820279323570e+01,-3.059012673696799922e+01,1.433078215598015959e-04,1.296963940973228091e-04,1.665806138362313504e-06,1.159005761146545410e-01,2.478048086166381836e+00,-2.619725704193115234e+00,-2.564238526000056084e-01,-2.311272601857748688e-01,-4.002740868993248657e-02,-8.621623824898340160e+01,4.265336094260746336e+01,-3.063015414565793293e+01,0.000000000000000000e+00,0.000000000000000000e+00,0.000000000000000000e+00,0.000000000000000000e+00,8.276381225585937500e+02,8.276375122070312500e+02,8.276375122070312500e+02,8.276381225585937500e+02,-1.018521416479179263e+09
2.334000000000000075e+00,-8.595967119464316397e+01,4.288461787177372031e+01,-3.059012538470722120e+01,1.432017402294150088e-04,1.296689804846096195e-04,1.352260778020308862e-06,1.159085631370544434e-01,2.478080511093139648e+00,-2.619753599166870117e+00,-2.565670543402415182e-01,-2.312569291662593673e-01,-4.002876095071256080e-02,-8.621623824898340160e+01,4.265336094260746336e+01,-3.063015414565793293e+01,0.000000000000000000e+00,0.000000000000000000e+00,0.000000000000000000e+00,0.000000000000000000e+00,8.276381835937500000e+02,8.276375122070312500e+02,8.276375122070312500e+02,8.276381835937500000e+02,-1.018531580390472174e+09
2.334999999999999964e+00,-8.595952809899442570e+01,4.288474748668131298e+01,-3.059012433592643276e+01,1.430956487382673004e-04,1.296149075926678051e-04,1.048780788437397860e-06,1.159173250198364258e-01,2.478115320205688477e+00,-2.619785308837890625e+00,-2.567101499889751781e-01,-2.313865440738478996e-01,-4.002980973150032512e-02,-8.621623824898340160e+01,4.265336094260746336e+01,-3.063015414565793293e+01,0.000000000000000000e+00,0.000000000000000000e+00,0.000000000000000000e+00,0.000000000000000000e+00,8.276382446289062500e+02,8.276374511718750000e+02,8.276374511718750000e+02,8.276382446289062500e+02,-1.018541744288217068e+09
2.335999999999999854e+00,-8.595938510946533029e+01,4.288487707421781892e+01,-3.059012358067963433e+01,1.429895290954164011e-04,1.295875365059373507e-04,7.552467984339727991e-07,1.159256994724273682e-01,2.478148221969604492e+00,-2.619814634323120117e+00,-2.568531395180675414e-01,-2.315161316103530598e-01,-4.003056497830023708e-02,-8.621623824898340160e+01,4.265336094260746336e+01,-3.063015414565793293e+01,0.000000000000000000e+00,0.000000000000000000e+00,0.000000000000000000e+00,0.000000000000000000e+00,8.276382446289062500e+02,8.276373901367187500e+02,8.276373901367187500e+02,8.276382446289062500e+02,-1.018551908172447801e+09
2.337000000000000188e+00,-8.595924224139579906e+01,4.288500659392966696e+01,-3.059012310798333090e+01,1.428680695312323223e-04,1.295197118480473364e-04,4.726963034329401125e-07,1.159337759017944336e-01,2.478180885314941406e+00,-2.619842529296875000e+00,-2.569960075876053796e-01,-2.316456513222039937e-01,-4.003103767460111651e-02,-8.621623824898340160e+01,4.265336094260746336e+01,-3.063015414565793293e+01,0.000000000000000000e+00,0.000000000000000000e+00,0.000000000000000000e+00,0.000000000000000000e+00,8.276383056640625000e+02,8.276373901367187500e+02,8.276373901367187500e+02,8.276383056640625000e+02,-1.018562072043196917e+09
2.338000000000000078e+00,-8.595909943749374804e+01,4.288513607345122836e+01,-3.059012289971668253e+01,1.428039020510141199e-04,1.294795215613930850e-04,2.082666483715911454e-07,1.159424185752868652e-01,2.478215217590332031e+00,-2.619873285293579102e+00,-2.571388114896495103e-01,-2.317751308437677737e-01,-4.003124594124938401e-02,-8.621623824898340160e+01,4.265336094260746336e+01,-3.063015414565793293e+01,0.000000000000000000e+00,0.000000000000000000e+00,0.000000000000000000e+00,0.000000000000000000e+00,8.276383056640625000e+02,8.276373291015625000e+02,8.276373291015625000e+02,8.276383056640625000e+02,-1.018572235900488019e+09
2.338999999999999968e+00,-8.595895671313782316e+01,4.288526555240082416e+01,-3.059012293507040425e+01,1.427243559248836391e-04,1.294789495958070802e-04,-3.535372172791539924e-08,1.159504055976867676e-01,2.478247642517089844e+00,-2.619901657104492188e+00,-2.572815358455730617e-01,-2.319046097933619988e-01,-4.003121058752968225e-02,-8.621623824898340160e+01,4.265336094260746336e+01,-3.063015414565793293e+01,0.000000000000000000e+00,0.000000000000000000e+00,0.000000000000000000e+00,0.000000000000000000e+00,8.276383666992187500e+02,8.276373291015625000e+02,8.276373291015625000e+02,8.276383666992187500e+02,-1.018582399744349957e+09
2.339999999999999858e+00,-8.595881404167120365e+01,4.288539500414393046e+01,-3.059012319736302032e+01,1.426714666195039172e-04,1.294517431063013646e-04,-2.622926160711358534e-07,1.159591376781463623e-01,2.478282451629638672e+00,-2.619932174682617188e+00,-2.574242073121940644e-01,-2.320340615364689663e-01,-4.003094829491243151e-02,-8.621623824898340160e+01,4.265336094260746336e+01,-3.063015414565793293e+01,0.000000000000000000e+00,0.000000000000000000e+00,0.000000000000000000e+00,0.000000000000000000e+00,8.276383666992187500e+02,8.276372680664062500e+02,8.276372680664062500e+02,8.276383666992187500e+02,-1.018592563574803233e+09
2.341000000000000192e+00,-8.595867142313365150e+01,4.288552442872469328e+01,-3.059012366658386384e+01,1.426185375521527021e-04,1.294245807628158218e-04,-4.692208435130851285e-07,1.159670948982238770e-01,2.478314399719238281e+00,-2.619960546493530273e+00,-2.575668258497540442e-01,-2.321634861172322539e-01,-4.003047907406784289e-02,-8.621623824898340160e+01,4.265336094260746336e+01,-3.063015414565793293e+01,0.000000000000000000e+00,0.000000000000000000e+00,0.000000000000000000e+00,0.000000000000000000e+00,8.276384277343750000e+02,8.276372680664062500e+02,8.276372680664062500e+02,8.276384277343750000e+02,-1.018602727391867518e+09
2.342000000000000082e+00,-8.595852883089096963e+01,4.288565382620430455e+01,-3.059012431944126575e+01,1.425922426818715394e-04,1.293974796112706827e-04,-6.528574019171173859e-07,1.159753203392028809e-01,2.478347539901733398e+00,-2.619988441467285156e+00,-2.577094180924378031e-01,-2.322928835968403882e-01,-4.002982621666858337e-02,-8.621623824898340160e+01,4.265336094260746336e+01,-3.063015414565793293e+01,0.000000000000000000e+00,0.000000000000000000e+00,0.000000000000000000e+00,0.000000000000000000e+00,8.276384277343750000e+02,8.276372680664062500e+02,8.276372680664062500e+02,8.276384277343750000e+02,-1.018612891195556283e+09
2.342999999999999972e+00,-8.595838626499882196e+01,4.288578322331514414e+01,-3.059012513264955047e+01,1.425658921476724572e-04,1.293971108395908232e-04,-8.132082847112087620e-07,1.159837245941162109e-01,2.478381156921386719e+00,-2.620018959045410156e+00,-2.578519839845790917e-01,-2.324222807076785358e-01,-4.002901300838253990e-02,-8.621623824898340160e+01,4.265336094260746336e+01,-3.063015414565793293e+01,0.000000000000000000e+00,0.000000000000000000e+00,0.000000000000000000e+00,0.000000000000000000e+00,8.276384277343750000e+02,8.276372070312500000e+02,8.276372070312500000e+02,8.276384277343750000e+02,-1.018623054985883951e+09
2.343999999999999861e+00,-8.595824369883001737e+01,4.288591262012614180e+01,-3.059012607958223384e+01,1.425661688045920528e-04,1.293968109976617598e-04,-9.469326833766444906e-07,1.159920096397399902e-01,2.478413820266723633e+00,-2.620048522949218750e+00,-2.579945501533906227e-01,-2.325516775186796670e-01,-4.002806607570004449e-02,-8.621623824898340160e+01,4.265336094260746336e+01,-3.063015414565793293e+01,0.000000000000000000e+00,0.000000000000000000e+00,0.000000000000000000e+00,0.000000000000000000e+00,8.276384277343750000e+02,8.276372070312500000e+02,8.276372070312500000e+02,8.276384277343750000e+02,-1.018633218762858510e+09
2.345000000000000195e+00,-8.595810113243823025e+01,4.288604201669693339e+01,-3.059012713355878788e+01,1.425663917871133890e-04,1.293965707915845087e-04,-1.053976554032942659e-06,1.160002350807189941e-01,2.478447198867797852e+00,-2.620078086853027344e+00,-2.581371165451730176e-01,-2.326810740894679486e-01,-4.002701209914652503e-02,-8.621623824898340160e+01,4.265336094260746336e+01,-3.063015414565793293e+01,0.000000000000000000e+00,0.000000000000000000e+00,0.000000000000000000e+00,0.000000000000000000e+00,8.276384277343750000e+02,8.276372070312500000e+02,8.276372070312500000e+02,8.276384277343750000e+02,-1.018643382526486754e+09
2.346000000000000085e+00,-8.595795853919868534e+01,4.288617143976971136e+01,-3.059012827134801427e+01,1.425932395449081014e-04,1.294230727779677181e-04,-1.137789226390850672e-06,1.160087883472442627e-01,2.478481292724609375e+00,-2.620107650756835938e+00,-2.582797097847208123e-01,-2.328104971622450281e-01,-4.002587430991855211e-02,-8.621623824898340160e+01,4.265336094260746336e+01,-3.063015414565793293e+01,0.000000000000000000e+00,0.000000000000000000e+00,0.000000000000000000e+00,0.000000000000000000e+00,8.276384277343750000e+02,8.276372070312500000e+02,8.276372070312500000e+02,8.276384277343750000e+02,-1.018653546276771307e+09
2.346999999999999975e+00,-8.595781591916312436e+01,4.288630086273135333e+01,-3.059012946287440116e+01,1.426200355609807957e-04,1.294229616419784179e-04,-1.191526386890018330e-06,1.160171031951904297e-01,2.478514432907104492e+00,-2.620136737823486328e+00,-2.584223298202841246e-01,-2.329399201238890604e-01,-4.002468278353184944e-02,-8.621623824898340160e+01,4.265336094260746336e+01,-3.063015414565793293e+01,0.000000000000000000e+00,0.000000000000000000e+00,0.000000000000000000e+00,0.000000000000000000e+00,8.276384277343750000e+02,8.276372070312500000e+02,8.276372070312500000e+02,8.276384277343750000e+02,-1.018663710013711214e+09
2.347999999999999865e+00,-8.595767327239238398e+01,4.288643028564941062e+01,-3.059013067812244202e+01,1.426467707403844543e-04,1.294229180572870064e-04,-1.215248040864480572e-06,1.160248517990112305e-01,2.478544950485229492e+00,-2.620163917541503906e+00,-2.585649765910235098e-01,-2.330693430419496781e-01,-4.002346753549062414e-02,-8.621623824898340160e+01,4.265336094260746336e+01,-3.063015414565793293e+01,0.000000000000000000e+00,0.000000000000000000e+00,0.000000000000000000e+00,0.000000000000000000e+00,8.276384277343750000e+02,8.276372070312500000e+02,8.276372070312500000e+02,8.276384277343750000e+02,-1.018673873737303138e+09
2.349000000000000199e+00,-8.595753053433433877e+01,4.288655974807147686e+01,-3.059013189644684871e+01,1.427380580452108916e-04,1.294624220662399239e-04,-1.218324406693227502e-06,1.160337328910827637e-01,2.478580474853515625e+00,-2.620196104049682617e+00,-2.587077146490566193e-01,-2.331988054640164454e-01,-4.002224921108440969e-02,-8.621623824898340160e+01,4.265336094260746336e+01,-3.063015414565793293e+01,0.000000000000000000e+00,0.000000000000000000e+00,0.000000000000000000e+00,0.000000000000000000e+00,8.276384277343750000e+02,8.276372680664062500e+02,8.276372680664062500e+02,8.276384277343750000e+02,-1.018684037447535157e+09
2.350000000000000089e+00,-8.595738775423996003e+01,4.288668922446466070e+01,-3.059013307938034032e+01,1.427800943787360666e-04,1.294763931838360804e-04,-1.182933491605808740e-06,1.160414814949035645e-01,2.478611707687377930e+00,-2.620222806930541992e+00,-2.588504947434376313e-01,-2.333282818571965622e-01,-4.002106627759215857e-02,-8.621623824898340160e+01,4.265336094260746336e+01,-3.063015414565793293e+01,0.000000000000000000e+00,0.000000000000000000e+00,0.000000000000000000e+00,0.000000000000000000e+00,8.276383666992187500e+02,8.276372680664062500e+02,8.276372680664062500e+02,8.276383666992187500e+02,-1.018694201144399166e+09
2.350999999999999979e+00,-8.595724486754885163e+01,4.288681875438452806e+01,-3.059013420627798041e+01,1.428866911084014646e-04,1.295299198673660612e-04,-1.126897640091328867e-06,1.160500347614288330e-01,2.478645801544189453e+00,-2.620252609252929688e+00,-2.589933814345516949e-01,-2.334578117770612637e-01,-4.001993937995250439e-02,-8.621623824898340160e+01,4.265336094260746336e+01,-3.063015414565793293e+01,0.000000000000000000e+00,0.000000000000000000e+00,0.000000000000000000e+00,0.000000000000000000e+00,8.276383666992187500e+02,8.276372680664062500e+02,8.276372680664062500e+02,8.276383666992187500e+02,-1.018704364827877998e+09
2.351999999999999869e+00,-8.595710187432234761e+01,4.288694833789918448e+01,-3.059013524712473142e+01,1.429932265040179118e-04,1.295835146564172646e-04,-1.040846751010349180e-06,1.160585284233093262e-01,2.478679895401000977e+00,-2.620283126831054688e+00,-2.591363746610596541e-01,-2.335873952917218721e-01,-4.001889853320112628e-02,-8.621623824898340160e+01,4.265336094260746336e+01,-3.063015414565793293e+01,0.000000000000000000e+00,0.000000000000000000e+00,0.000000000000000000e+00,0.000000000000000000e+00,8.276383666992187500e+02,8.276373291015625000e+02,8.276373291015625000e+02,8.276383666992187500e+02,-1.018714528497952819e+09
2.353000000000000203e+00,-8.595695880128695876e+01,4.288707794837939247e+01,-3.059013617512591665e+01,1.430730353888520767e-04,1.296104802079867113e-04,-9.280011852297320729e-07,1.160667538642883301e-01,2.478713274002075195e+00,-2.620312452316284180e+00,-2.592794476964380146e-01,-2.337170057719279992e-01,-4.001797053201556348e-02,-8.621623824898340160e+01,4.265336094260746336e+01,-3.063015414565793293e+01,0.000000000000000000e+00,0.000000000000000000e+00,0.000000000000000000e+00,0.000000000000000000e+00,8.276383056640625000e+02,8.276373291015625000e+02,8.276373291015625000e+02,8.276383056640625000e+02,-1.018724692154605389e+09
2.354000000000000092e+00,-8.595681559513592163e+01,4.288720758590486781e+01,-3.059013696371022561e+01,1.432061510371340773e-04,1.296375254753456829e-04,-7.885843089638910897e-07,1.160748302936553955e-01,2.478744745254516602e+00,-2.620341062545776367e+00,-2.594226538474800892e-01,-2.338466432974072862e-01,-4.001718194770564896e-02,-8.621623824898340160e+01,4.265336094260746336e+01,-3.063015414565793293e+01,0.000000000000000000e+00,0.000000000000000000e+00,0.000000000000000000e+00,0.000000000000000000e+00,8.276383056640625000e+02,8.276373901367187500e+02,8.276373901367187500e+02,8.276383056640625000e+02,-1.018734855797806621e+09
2.354999999999999982e+00,-8.595667228261601167e+01,4.288733730388064913e+01,-3.059013758959904550e+01,1.433125199099549718e-04,1.297179757813182732e-04,-6.258888198829026805e-07,1.160833835601806641e-01,2.478779315948486328e+00,-2.620371580123901367e+00,-2.595659663673839934e-01,-2.339763612731891040e-01,-4.001655605888606443e-02,-8.621623824898340160e+01,4.265336094260746336e+01,-3.063015414565793293e+01,0.000000000000000000e+00,0.000000000000000000e+00,0.000000000000000000e+00,0.000000000000000000e+00,8.276382446289062500e+02,8.276373901367187500e+02,8.276374511718750000e+02,8.276382446289062500e+02,-1.018745019427535295e+09
2.355999999999999872e+00,-8.595652883708572745e+01,4.288746707568919447e+01,-3.059013802944164340e+01,1.434455302842252422e-04,1.297718085453425374e-04,-4.398425978990871954e-07,1.160915493965148926e-01,2.478811979293823242e+00,-2.620400428771972656e+00,-2.597094118976789878e-01,-2.341061330817332808e-01,-4.001611621628824861e-02,-8.621623824898340160e+01,4.265336094260746336e+01,-3.063015414565793293e+01,0.000000000000000000e+00,0.000000000000000000e+00,0.000000000000000000e+00,0.000000000000000000e+00,8.276381835937500000e+02,8.276374511718750000e+02,8.276374511718750000e+02,8.276381835937500000e+02,-1.018755183043761849e+09
2.357000000000000206e+00,-8.595638523191256297e+01,4.288759690139360714e+01,-3.059013825994772162e+01,1.436051731644738538e-04,1.298257044126671644e-04,-2.305060782248347095e-07,1.161001920700073242e-01,2.478847026824951172e+00,-2.620429992675781250e+00,-2.598530170708421849e-01,-2.342359587861408132e-01,-4.001588571021180707e-02,-8.621623824898340160e+01,4.265336094260746336e+01,-3.063015414565793293e+01,0.000000000000000000e+00,0.000000000000000000e+00,0.000000000000000000e+00,0.000000000000000000e+00,8.276381835937500000e+02,8.276375122070312500e+02,8.276375122070312500e+02,8.276381835937500000e+02,-1.018765346646450639e+09
2.358000000000000096e+00,-8.595624149382575752e+01,4.288772678103821079e+01,-3.059013825771800299e+01,1.437380868054560779e-04,1.298796446036476482e-04,2.229718631951982388e-09,1.161082088947296143e-01,2.478878974914550781e+00,-2.620458126068115234e+00,-2.599967551576487512e-01,-2.343658384307499010e-01,-4.001588793992928716e-02,-8.621623824898340160e+01,4.265336094260746336e+01,-3.063015414565793293e+01,0.000000000000000000e+00,0.000000000000000000e+00,0.000000000000000000e+00,0.000000000000000000e+00,8.276381225585937500e+02,8.276375732421875000e+02,8.276375732421875000e+02,8.276381225585937500e+02,-1.018775510235569477e+09
2.358999999999999986e+00,-8.595609762285337752e+01,4.288785671465419824e+01,-3.059013800941287542e+01,1.438709723800002394e-04,1.299336159874542318e-04,2.483051275703473948e-07,1.161171793937683105e-01,2.478915691375732422e+00,-2.620491027832031250e+00,-2.601406261300309164e-01,-2.344957720467375495e-01,-4.001613624505862693e-02,-8.621623824898340160e+01,4.265336094260746336e+01,-3.063015414565793293e+01,0.000000000000000000e+00,0.000000000000000000e+00,0.000000000000000000e+00,0.000000000000000000e+00,8.276380615234375000e+02,8.276375732421875000e+02,8.276375732421875000e+02,8.276380615234375000e+02,-1.018785673811084986e+09
2.359999999999999876e+00,-8.595595356567559975e+01,4.288798670230685417e+01,-3.059013749513179548e+01,1.440571777777677198e-04,1.299876526559273771e-04,5.142810799441122072e-07,1.161249279975891113e-01,2.478946208953857422e+00,-2.620517253875732422e+00,-2.602846833078081290e-01,-2.346257596993875094e-01,-4.001665052613633672e-02,-8.621623824898340160e+01,4.265336094260746336e+01,-3.063015414565793293e+01,0.000000000000000000e+00,0.000000000000000000e+00,0.000000000000000000e+00,0.000000000000000000e+00,8.276380004882812500e+02,8.276376342773437500e+02,8.276376342773437500e+02,8.276380004882812500e+02,-1.018795837372953773e+09
2.361000000000000210e+00,-8.595580939122558561e+01,4.288811675670954315e+01,-3.059013670056860690e+01,1.441744500141339813e-04,1.300544026889838278e-04,7.945631885775128467e-07,1.161334514617919922e-01,2.478980779647827148e+00,-2.620548248291015625e+00,-2.604288577578159347e-01,-2.347558141020779088e-01,-4.001744508932710692e-02,-8.621623824898340160e+01,4.265336094260746336e+01,-3.063015414565793293e+01,0.000000000000000000e+00,0.000000000000000000e+00,0.000000000000000000e+00,0.000000000000000000e+00,8.276379394531250000e+02,8.276376953125000000e+02,8.276376953125000000e+02,8.276379394531250000e+02,-1.018806000921144128e+09
2.362000000000000099e+00,-8.595566504179744527e+01,4.288824690586216803e+01,-3.059013561093954792e+01,1.443494281403445711e-04,1.301491526248810260e-04,1.089629058981245180e-06,1.161415874958038330e-01,2.479013204574584961e+00,-2.620576381683349609e+00,-2.605732071859561683e-01,-2.348859632547070087e-01,-4.001853471838339588e-02,-8.621623824898340160e+01,4.265336094260746336e+01,-3.063015414565793293e+01,0.000000000000000000e+00,0.000000000000000000e+00,0.000000000000000000e+00,0.000000000000000000e+00,8.276379394531250000e+02,8.276377563476562500e+02,8.276377563476562500e+02,8.276379394531250000e+02,-1.018816164455616355e+09
2.362999999999999989e+00,-8.595552053291376637e+01,4.288837708244814451e+01,-3.059013421853592618e+01,1.445088836788954723e-04,1.301765859764714151e-04,1.392403621736093555e-06,1.161501705646514893e-01,2.479047775268554688e+00,-2.620607376098632812e+00,-2.607177160696388940e-01,-2.350161398406803992e-01,-4.001992712200527769e-02,-8.621623824898340160e+01,4.265336094260746336e+01,-3.063015414565793293e+01,0.000000000000000000e+00,0.000000000000000000e+00,0.000000000000000000e+00,0.000000000000000000e+00,8.276378784179687500e+02,8.276378173828125000e+02,8.276378173828125000e+02,8.276378784179687500e+02,-1.018826327976326704e+09
2.363999999999999879e+00,-8.595537589131055256e+01,4.288850736653112961e+01,-3.059013251014542334e+01,1.446416032138131413e-04,1.302840829850993032e-04,1.708390502841439229e-06,1.161587238311767578e-01,2.479081153869628906e+00,-2.620637178421020508e+00,-2.608623576728455462e-01,-2.351464239236632781e-01,-4.002163551250954160e-02,-8.621623824898340160e+01,4.265336094260746336e+01,-3.063015414565793293e+01,0.000000000000000000e+00,0.000000000000000000e+00,0.000000000000000000e+00,0.000000000000000000e+00,8.276378173828125000e+02,8.276378784179687500e+02,8.276378784179687500e+02,8.276378173828125000e+02,-1.018836491483242393e+09
2.365000000000000213e+00,-8.595523106360730026e+01,4.288863767809724692e+01,-3.059013048236119658e+01,1.448277032523037633e-04,1.303115661173137596e-04,2.027784226754647534e-06,1.161670684814453125e-01,2.479115009307861328e+00,-2.620666503906250000e+00,-2.610071853760991267e-01,-2.352767354897808416e-01,-4.002366329673574807e-02,-8.621623824898340160e+01,4.265336094260746336e+01,-3.063015414565793293e+01,0.000000000000000000e+00,0.000000000000000000e+00,0.000000000000000000e+00,0.000000000000000000e+00,8.276377563476562500e+02,8.276379394531250000e+02,8.276379394531250000e+02,8.276377563476562500e+02,-1.018846654976314425e+09
2.366000000000000103e+00,-8.595508610318456988e+01,4.288876807048988837e+01,-3.059012813519589358e+01,1.449604227303780135e-04,1.303923926414540801e-04,2.347165303007159309e-06,1.161758899688720703e-01,2.479150056838989258e+00,-2.620697259902954102e+00,-2.611521457988295047e-01,-2.354071278824220181e-01,-4.002601046203874829e-02,-8.621623824898340160e+01,4.265336094260746336e+01,-3.063015414565793293e+01,0.000000000000000000e+00,0.000000000000000000e+00,0.000000000000000000e+00,0.000000000000000000e+00,8.276376953125000000e+02,8.276379394531250000e+02,8.276379394531250000e+02,8.276376953125000000e+02,-1.018856818455507398e+09
2.366999999999999993e+00,-8.595494098337425726e+01,4.288889851706201739e+01,-3.059012545863910404e+01,1.451198103126216665e-04,1.304465721290171132e-04,2.676556789538153680e-06,1.161839365959167480e-01,2.479182004928588867e+00,-2.620726346969604492e+00,-2.612972656091448465e-01,-2.355375744545574190e-01,-4.002868701882968810e-02,-8.621623824898340160e+01,4.265336094260746336e+01,-3.063015414565793293e+01,0.000000000000000000e+00,0.000000000000000000e+00,0.000000000000000000e+00,0.000000000000000000e+00,8.276376342773437500e+02,8.276380004882812500e+02,8.276380004882812500e+02,8.276376342773437500e+02,-1.018866981920778394e+09
2.367999999999999883e+00,-8.595479573083770219e+01,4.288902901778264010e+01,-3.059012246264191504e+01,1.452525365550627612e-04,1.305007206227060124e-04,2.995997189003674066e-06,1.161926388740539551e-01,2.479216814041137695e+00,-2.620757102966308594e+00,-2.614425181456956349e-01,-2.356680751751776826e-01,-4.003168301601933016e-02,-8.621623824898340160e+01,4.265336094260746336e+01,-3.063015414565793293e+01,0.000000000000000000e+00,0.000000000000000000e+00,0.000000000000000000e+00,0.000000000000000000e+00,8.276375732421875000e+02,8.276380615234375000e+02,8.276380615234375000e+02,8.276375732421875000e+02,-1.018877145372089863e+09
2.369000000000000217e+00,-8.595465034557599893e+01,4.288915957265297862e+01,-3.059011914720497316e+01,1.453852617032680428e-04,1.305548703385284171e-04,3.315436941875304910e-06,1.162008941173553467e-01,2.479250192642211914e+00,-2.620785951614379883e+00,-2.615879034073985143e-01,-2.357986300455154338e-01,-4.003499845295848542e-02,-8.621623824898340160e+01,4.265336094260746336e+01,-3.063015414565793293e+01,0.000000000000000000e+00,0.000000000000000000e+00,0.000000000000000000e+00,0.000000000000000000e+00,8.276375732421875000e+02,8.276381225585937500e+02,8.276381225585937500e+02,8.276375732421875000e+02,-1.018887308809404254e+09
2.370000000000000107e+00,-8.595450482758336364e+01,4.288929018166665230e+01,-3.059011551566400300e+01,1.455179926352911934e-04,1.306090136736770546e-04,3.631540970161495352e-06,1.162098944187164307e-01,2.479285955429077148e+00,-2.620817422866821289e+00,-2.617334214000327508e-01,-2.359292390591857524e-01,-4.003862999393109634e-02,-8.621623824898340160e+01,4.265336094260746336e+01,-3.063015414565793293e+01,0.000000000000000000e+00,0.000000000000000000e+00,0.000000000000000000e+00,0.000000000000000000e+00,8.276375122070312500e+02,8.276381835937500000e+02,8.276381835937500000e+02,8.276375122070312500e+02,-1.018897472232683897e+09
2.370999999999999996e+00,-8.595435920351421544e+01,4.288942084478492944e+01,-3.059011158130497066e+01,1.456240691481980321e-04,1.306631182771411659e-04,3.934359032342626961e-06,1.162176728248596191e-01,2.479316949844360352e+00,-2.620845079421997070e+00,-2.618790454691903857e-01,-2.360599021774676953e-01,-4.004256435296191241e-02,-8.621623824898340160e+01,4.265336094260746336e+01,-3.063015414565793293e+01,0.000000000000000000e+00,0.000000000000000000e+00,0.000000000000000000e+00,0.000000000000000000e+00,8.276374511718750000e+02,8.276381835937500000e+02,8.276381835937500000e+02,8.276374511718750000e+02,-1.018907635641896963e+09
2.371999999999999886e+00,-8.595421346229088044e+01,4.288955154792289193e+01,-3.059010735660778835e+01,1.457412233349941744e-04,1.307031379624845613e-04,4.224697182309000709e-06,1.162268221378326416e-01,2.479353666305541992e+00,-2.620877265930175781e+00,-2.620247866925233815e-01,-2.361906053154270158e-01,-4.004678905014629614e-02,-8.621623824898340160e+01,4.265336094260746336e+01,-3.063015414565793293e+01,0.000000000000000000e+00,0.000000000000000000e+00,0.000000000000000000e+00,0.000000000000000000e+00,8.276374511718750000e+02,8.276382446289062500e+02,8.276382446289062500e+02,8.276373901367187500e+02,-1.018917799037009001e+09
2.373000000000000220e+00,-8.595406762600963191e+01,4.288968229249689301e+01,-3.059010284656926970e+01,1.458362812485347604e-04,1.307445740010848567e-04,4.510038518645842487e-06,1.162352561950683594e-01,2.479387044906616211e+00,-2.620907068252563477e+00,-2.621706229737750804e-01,-2.363213498894302378e-01,-4.005129908866433830e-02,-8.621623824898340160e+01,4.265336094260746336e+01,-3.063015414565793293e+01,0.000000000000000000e+00,0.000000000000000000e+00,0.000000000000000000e+00,0.000000000000000000e+00,8.276373901367187500e+02,8.276383056640625000e+02,8.276383056640625000e+02,8.276373901367187500e+02,-1.018927962417989731e+09
2.374000000000000110e+00,-8.595392171025106620e+01,4.288981306440496866e+01,-3.059009807028400374e+01,1.459157585657067102e-04,1.307719080756442054e-04,4.776285265961632831e-06,1.162436008453369141e-01,2.479420661926269531e+00,-2.620935916900634766e+00,-2.623165387323312392e-01,-2.364521217975044665e-01,-4.005607537392991829e-02,-8.621623824898340160e+01,4.265336094260746336e+01,-3.063015414565793293e+01,0.000000000000000000e+00,0.000000000000000000e+00,0.000000000000000000e+00,0.000000000000000000e+00,8.276373291015625000e+02,8.276383056640625000e+02,8.276383056640625000e+02,8.276373291015625000e+02,-1.018938125784811735e+09
2.375000000000000000e+00,-8.595377571499065539e+01,4.288994389029046772e+01,-3.059009304448874289e+01,1.459952604108138985e-04,1.308258854990640430e-04,5.025795260849008628e-06,1.162523627281188965e-01,2.479456663131713867e+00,-2.620967864990234375e+00,-2.624625339927498802e-01,-2.365829476830013656e-01,-4.006110116919072567e-02,-8.621623824898340160e+01,4.265336094260746336e+01,-3.063015414565793293e+01,0.000000000000000000e+00,0.000000000000000000e+00,0.000000000000000000e+00,0.000000000000000000e+00,8.276373291015625000e+02,8.276383666992187500e+02,8.276383666992187500e+02,8.276373291015625000e+02,-1.018948289137450814e+09
2.375999999999999890e+00,-8.595362964017000706e+01,4.289007471674743499e+01,-3.059008778907218229e+01,1.460748206483231115e-04,1.308264569672701327e-04,5.255416560601133824e-06,1.162606179714202881e-01,2.479489088058471680e+00,-2.620996236801147461e+00,-2.626086088133976482e-01,-2.367137741399685247e-01,-4.006635658574893288e-02,-8.621623824898340160e+01,4.265336094260746336e+01,-3.063015414565793293e+01,0.000000000000000000e+00,0.000000000000000000e+00,0.000000000000000000e+00,0.000000000000000000e+00,8.276372680664062500e+02,8.276383666992187500e+02,8.276383666992187500e+02,8.276372680664062500e+02,-1.018958452475879312e+09
2.376999999999999780e+00,-8.595348353912601169e+01,4.289020557040012704e+01,-3.059008232066080168e+01,1.461010439953724926e-04,1.308536526920534016e-04,5.468411380604720762e-06,1.162696480751037598e-01,2.479525327682495117e+00,-2.621028423309326172e+00,-2.627547098573835838e-01,-2.368446277926639087e-01,-4.007182499713175111e-02,-8.621623824898340160e+01,4.265336094260746336e+01,-3.063015414565793293e+01,0.000000000000000000e+00,0.000000000000000000e+00,0.000000000000000000e+00,0.000000000000000000e+00,8.276372680664062500e+02,8.276383666992187500e+02,8.276383666992187500e+02,8.276372680664062500e+02,-1.018968615800081968e+09
2.378000000000000114e+00,-8.595333738512346144e+01,4.289033645119759797e+01,-3.059007666599046615e+01,1.461540025502472417e-04,1.308807974709225164e-04,5.654670335530909142e-06,1.162776052951812744e-01,2.479557275772094727e+00,-2.621056318283081055e+00,-2.629008638599396042e-01,-2.369755085901367464e-01,-4.007747966746549179e-02,-8.621623824898340160e+01,4.265336094260746336e+01,-3.063015414565793293e+01,0.000000000000000000e+00,0.000000000000000000e+00,0.000000000000000000e+00,0.000000000000000000e+00,8.276372680664062500e+02,8.276384277343750000e+02,8.276384277343750000e+02,8.276372680664062500e+02,-1.018978779110041022e+09
2.379000000000000004e+00,-8.595319120478653474e+01,4.289046733239698028e+01,-3.059007084829055501e+01,1.461803369267045127e-04,1.308811993823155717e-04,5.817699911148110914e-06,1.162866950035095215e-01,2.479594230651855469e+00,-2.621088743209838867e+00,-2.630470441968611461e-01,-2.371063897895197559e-01,-4.008329736737697990e-02,-8.621623824898340160e+01,4.265336094260746336e+01,-3.063015414565793293e+01,0.000000000000000000e+00,0.000000000000000000e+00,0.000000000000000000e+00,0.000000000000000000e+00,8.276372680664062500e+02,8.276384277343750000e+02,8.276384277343750000e+02,8.276372680664062500e+02,-1.018988942405741811e+09
2.379999999999999893e+00,-8.595304502475035235e+01,4.289059824060867498e+01,-3.059006489424769271e+01,1.461800361823861749e-04,1.309082116947024588e-04,5.954042862299502303e-06,1.162952184677124023e-01,2.479627609252929688e+00,-2.621118545532226562e+00,-2.631932242330463634e-01,-2.372372980012100174e-01,-4.008925141023964717e-02,-8.621623824898340160e+01,4.265336094260746336e+01,-3.063015414565793293e+01,0.000000000000000000e+00,0.000000000000000000e+00,0.000000000000000000e+00,0.000000000000000000e+00,8.276372070312500000e+02,8.276384277343750000e+02,8.276384277343750000e+02,8.276372070312500000e+02,-1.018999105687178493e+09
2.380999999999999783e+00,-8.595289884495603872e+01,4.289072912242614422e+01,-3.059005882374986740e+01,1.461797943136389222e-04,1.308818174692305547e-04,6.070497825305665174e-06,1.163036823272705078e-01,2.479661464691162109e+00,-2.621148586273193359e+00,-2.633394040273696057e-01,-2.373681798186794700e-01,-4.009532190806716634e-02,-8.621623824898340160e+01,4.265336094260746336e+01,-3.063015414565793293e+01,0.000000000000000000e+00,0.000000000000000000e+00,0.000000000000000000e+00,0.000000000000000000e+00,8.276372070312500000e+02,8.276384277343750000e+02,8.276384277343750000e+02,8.276372070312500000e+02,-1.019009268954341769e+09
2.382000000000000117e+00,-8.595275269203153812e+01,4.289086000445186642e+01,-3.059005266681858259e+01,1.461529245005976918e-04,1.308820257222009786e-04,6.156931284806432814e-06,1.163124442100524902e-01,2.479696035385131836e+00,-2.621180057525634766e+00,-2.634855569518577134e-01,-2.374990618443996726e-01,-4.010147883935075153e-02,-8.621623824898340160e+01,4.265336094260746336e+01,-3.063015414565793293e+01,0.000000000000000000e+00,0.000000000000000000e+00,0.000000000000000000e+00,0.000000000000000000e+00,8.276372070312500000e+02,8.276384277343750000e+02,8.276384277343750000e+02,8.276372070312500000e+02,-1.019019432207231283e+09
2.383000000000000007e+00,-8.595260658163147127e+01,4.289099084578581511e+01,-3.059004645249615706e+01,1.461104000668456138e-04,1.308413339486946825e-04,6.214322425535101502e-06,1.163208782672882080e-01,2.479730129241943359e+00,-2.621208190917968750e+00,-2.636316673519275011e-01,-2.376299031783502824e-01,-4.010769316177514171e-02,-8.621623824898340160e+01,4.265336094260746336e+01,-3.063015414565793293e+01,0.000000000000000000e+00,0.000000000000000000e+00,0.000000000000000000e+00,0.000000000000000000e+00,8.276372070312500000e+02,8.276384277343750000e+02,8.276384277343750000e+02,8.276372070312500000e+02,-1.019029595445847154e+09
2.383999999999999897e+00,-8.595246048227433278e+01,4.289112170134867341e+01,-3.059004020601336649e+01,1.460993571384960887e-04,1.308555628583008001e-04,6.246482790572827071e-06,1.163299977779388428e-01,2.479766368865966797e+00,-2.621241331100463867e+00,-2.637777667090619449e-01,-2.377607587412127466e-01,-4.011393964456687333e-02,-8.621623824898340160e+01,4.265336094260746336e+01,-3.063015414565793293e+01,0.000000000000000000e+00,0.000000000000000000e+00,0.000000000000000000e+00,0.000000000000000000e+00,8.276372680664062500e+02,8.276384277343750000e+02,8.276384277343750000e+02,8.276372070312500000e+02,-1.019039758670190692e+09
2.384999999999999787e+00,-8.595231443628655654e+01,4.289125253023847506e+01,-3.059003395635668099e+01,1.460459877762332326e-04,1.308288898016485291e-04,6.249656685497484432e-06,1.163375973701477051e-01,2.479796648025512695e+00,-2.621268272399902344e+00,-2.639238126968390663e-01,-2.378915876310097322e-01,-4.012018930125182264e-02,-8.621623824898340160e+01,4.265336094260746336e+01,-3.063015414565793293e+01,0.000000000000000000e+00,0.000000000000000000e+00,0.000000000000000000e+00,0.000000000000000000e+00,8.276372680664062500e+02,8.276384277343750000e+02,8.276384277343750000e+02,8.276372680664062500e+02,-1.019049921880268693e+09
2.386000000000000121e+00,-8.595216847029355733e+01,4.289138333238423684e+01,-3.059002773015095400e+01,1.459659929992085381e-04,1.308021457617769556e-04,6.226205726989064715e-06,1.163469552993774414e-01,2.479833841323852539e+00,-2.621300935745239258e+00,-2.640697786898376642e-01,-2.380223897767706209e-01,-4.012641550697941539e-02,-8.621623824898340160e+01,4.265336094260746336e+01,-3.063015414565793293e+01,0.000000000000000000e+00,0.000000000000000000e+00,0.000000000000000000e+00,0.000000000000000000e+00,8.276372680664062500e+02,8.276383666992187500e+02,8.276383666992187500e+02,8.276372680664062500e+02,-1.019060085076094151e+09
2.387000000000000011e+00,-8.595202261090679485e+01,4.289151410769946438e+01,-3.059002156069104572e+01,1.458593867624813356e-04,1.307753152275381581e-04,6.169459908278440707e-06,1.163553893566131592e-01,2.479867458343505859e+00,-2.621330499649047852e+00,-2.642156380766128576e-01,-2.381531650919980758e-01,-4.013258496688638238e-02,-8.621623824898340160e+01,4.265336094260746336e+01,-3.063015414565793293e+01,0.000000000000000000e+00,0.000000000000000000e+00,0.000000000000000000e+00,0.000000000000000000e+00,8.276372680664062500e+02,8.276383666992187500e+02,8.276383666992187500e+02,8.276372680664062500e+02,-1.019070248257686615e+09
2.387999999999999901e+00,-8.595187680471386216e+01,4.289164482947616364e+01,-3.059001546803632010e+01,1.458061929326959216e-04,1.307217766992607721e-04,6.092654725620150202e-06,1.163639426231384277e-01,2.479901552200317383e+00,-2.621361255645751953e+00,-2.643614442695350619e-01,-2.382838868686985578e-01,-4.013867762161449360e-02,-8.621623824898340160e+01,4.265336094260746336e+01,-3.063015414565793293e+01,0.000000000000000000e+00,0.000000000000000000e+00,0.000000000000000000e+00,0.000000000000000000e+00,8.276373291015625000e+02,8.276383666992187500e+02,8.276383666992187500e+02,8.276373291015625000e+02,-1.019080411425055385e+09
2.388999999999999790e+00,-8.595173110501575309e+01,4.289177552429860185e+01,-3.059000948548760235e+01,1.456996981090696863e-04,1.306948224382153967e-04,5.982548717753388701e-06,1.163727343082427979e-01,2.479936838150024414e+00,-2.621391296386718750e+00,-2.645071439676472957e-01,-2.384145816911393267e-01,-4.014466017033084533e-02,-8.621623824898340160e+01,4.265336094260746336e+01,-3.063015414565793293e+01,0.000000000000000000e+00,0.000000000000000000e+00,0.000000000000000000e+00,0.000000000000000000e+00,8.276373291015625000e+02,8.276383056640625000e+02,8.276383056640625000e+02,8.276373291015625000e+02,-1.019090574578223228e+09
2.390000000000000124e+00,-8.595158553843535287e+01,4.289190616542240519e+01,-3.059000363627282226e+01,1.455665804002137520e-04,1.306411238033433619e-04,5.849214780084821541e-06,1.163809895515441895e-01,2.479969978332519531e+00,-2.621421813964843750e+00,-2.646527105480556141e-01,-2.385452228149439469e-01,-4.015050938511229711e-02,-8.621623824898340160e+01,4.265336094260746336e+01,-3.063015414565793293e+01,0.000000000000000000e+00,0.000000000000000000e+00,0.000000000000000000e+00,0.000000000000000000e+00,8.276373901367187500e+02,8.276383056640625000e+02,8.276383056640625000e+02,8.276373901367187500e+02,-1.019100737717216730e+09
2.391000000000000014e+00,-8.595144007823581944e+01,4.289203675279485140e+01,-3.058999794712740439e+01,1.454601995334314779e-04,1.305873724462003338e-04,5.689145417875351995e-06,1.163900196552276611e-01,2.480006217956542969e+00,-2.621453285217285156e+00,-2.647981707475781654e-01,-2.386758101873854288e-01,-4.015619853053028349e-02,-8.621623824898340160e+01,4.265336094260746336e+01,-3.063015414565793293e+01,0.000000000000000000e+00,0.000000000000000000e+00,0.000000000000000000e+00,0.000000000000000000e+00,8.276373901367187500e+02,8.276382446289062500e+02,8.276382446289062500e+02,8.276373901367187500e+02,-1.019110900842059493e+09
2.391999999999999904e+00,-8.595129477774554516e+01,4.289216731303059049e+01,-3.058999243801165591e+01,1.453004902742804916e-04,1.305602357390966972e-04,5.509115748481008268e-06,1.163980662822723389e-01,2.480038404464721680e+00,-2.621480464935302734e+00,-2.649434712378567203e-01,-2.388063704231243034e-01,-4.016170764627835510e-02,-8.621623824898340160e+01,4.265336094260746336e+01,-3.063015414565793293e+01,0.000000000000000000e+00,0.000000000000000000e+00,0.000000000000000000e+00,0.000000000000000000e+00,8.276374511718750000e+02,8.276381835937500000e+02,8.276381835937500000e+02,8.276374511718750000e+02,-1.019121063952787638e+09
2.392999999999999794e+00,-8.595114958352178292e+01,4.289229779271735765e+01,-3.058998713892843213e+01,1.451942237622461107e-04,1.304796867671598193e-04,5.299083223775369333e-06,1.164070963859558105e-01,2.480074167251586914e+00,-2.621512651443481445e+00,-2.650886654616229077e-01,-2.389368501098969311e-01,-4.016700672950236639e-02,-8.621623824898340160e+01,4.265336094260746336e+01,-3.063015414565793293e+01,0.000000000000000000e+00,0.000000000000000000e+00,0.000000000000000000e+00,0.000000000000000000e+00,8.276375122070312500e+02,8.276381835937500000e+02,8.276381835937500000e+02,8.276375122070312500e+02,-1.019131227049425483e+09
2.394000000000000128e+00,-8.595100453803983953e+01,4.289242820425045721e+01,-3.058998206565082612e+01,1.450454819433844023e-04,1.304115330995614386e-04,5.073277606015835772e-06,1.164156496524810791e-01,2.480108976364135742e+00,-2.621542453765869141e+00,-2.652337109435611850e-01,-2.390672616429931341e-01,-4.017208000710819488e-02,-8.621623824898340160e+01,4.265336094260746336e+01,-3.063015414565793293e+01,0.000000000000000000e+00,0.000000000000000000e+00,0.000000000000000000e+00,0.000000000000000000e+00,8.276375732421875000e+02,8.276381225585937500e+02,8.276381225585937500e+02,8.276375732421875000e+02,-1.019141390132006645e+09
2.395000000000000018e+00,-8.595085966298340452e+01,4.289255854935576906e+01,-3.058997723649603984e+01,1.448750564350120840e-04,1.303451053118465097e-04,4.829154786278877509e-06,1.164240241050720215e-01,2.480142116546630859e+00,-2.621572494506835938e+00,-2.653785859999958641e-01,-2.391976067483043422e-01,-4.017690916189409905e-02,-8.621623824898340160e+01,4.265336094260746336e+01,-3.063015414565793293e+01,0.000000000000000000e+00,0.000000000000000000e+00,0.000000000000000000e+00,0.000000000000000000e+00,8.276375732421875000e+02,8.276380615234375000e+02,8.276380615234375000e+02,8.276375732421875000e+02,-1.019151553200569630e+09
2.395999999999999908e+00,-8.595071492077855169e+01,4.289268886713742290e+01,-3.058997267080049909e+01,1.447422048528324012e-04,1.303177816538436673e-04,4.565695540748038184e-06,1.164327263832092285e-01,2.480176448822021484e+00,-2.621602535247802734e+00,-2.655233282048444776e-01,-2.393279245299568814e-01,-4.018147485743442382e-02,-8.621623824898340160e+01,4.265336094260746336e+01,-3.063015414565793293e+01,0.000000000000000000e+00,0.000000000000000000e+00,0.000000000000000000e+00,0.000000000000000000e+00,8.276376342773437500e+02,8.276380004882812500e+02,8.276380004882812500e+02,8.276376342773437500e+02,-1.019161716255151272e+09
2.396999999999999797e+00,-8.595057031137163506e+01,4.289281910419467181e+01,-3.058996838511539451e+01,1.446094069166292684e-04,1.302370572489053302e-04,4.285685104576941740e-06,1.164409220218658447e-01,2.480209589004516602e+00,-2.621631622314453125e+00,-2.656679376117715430e-01,-2.394581615872064528e-01,-4.018576054253837626e-02,-8.621623824898340160e+01,4.265336094260746336e+01,-3.063015414565793293e+01,0.000000000000000000e+00,0.000000000000000000e+00,0.000000000000000000e+00,0.000000000000000000e+00,8.276376953125000000e+02,8.276379394531250000e+02,8.276379394531250000e+02,8.276376953125000000e+02,-1.019171879295784712e+09
2.398000000000000131e+00,-8.595042588809542394e+01,4.289294926047650591e+01,-3.058996439266871903e+01,1.444232762111141710e-04,1.301562818341039929e-04,3.992446675482597129e-06,1.164494752883911133e-01,2.480243682861328125e+00,-2.621661186218261719e+00,-2.658123608879825461e-01,-2.395883178690452753e-01,-4.018975298921223516e-02,-8.621623824898340160e+01,4.265336094260746336e+01,-3.063015414565793293e+01,0.000000000000000000e+00,0.000000000000000000e+00,0.000000000000000000e+00,0.000000000000000000e+00,8.276377563476562500e+02,8.276379394531250000e+02,8.276379394531250000e+02,8.276377563476562500e+02,-1.019182042322512865e+09
2.399000000000000021e+00,-8.595028162425616358e+01,4.289307936264859222e+01,-3.058996070358240260e+01,1.442638392603612374e-04,1.301021720863104747e-04,3.689086316427392376e-06,1.164579391479492188e-01,2.480276823043823242e+00,-2.621691703796386719e+00,-2.659566247272404649e-01,-2.397184200411264232e-01,-4.019344207552866949e-02,-8.621623824898340160e+01,4.265336094260746336e+01,-3.063015414565793293e+01,0.000000000000000000e+00,0.000000000000000000e+00,0.000000000000000000e+00,0.000000000000000000e+00,8.276378173828125000e+02,8.276378784179687500e+02,8.276378784179687500e+02,8.276378173828125000e+02,-1.019192205335377097e+09
2.399999999999999911e+00,-8.595013749315107532e+01,4.289320941069599513e+01,-3.058995732791673205e+01,1.441311050882632117e-04,1.300480474029086508e-04,3.375665670546368347e-06,1.164664030075073242e-01,2.480310916900634766e+00,-2.621721506118774414e+00,-2.661007558323236211e-01,-2.398484680885319964e-01,-4.019681774120214407e-02,-8.621623824898340160e+01,4.265336094260746336e+01,-3.063015414565793293e+01,0.000000000000000000e+00,0.000000000000000000e+00,0.000000000000000000e+00,0.000000000000000000e+00,8.276378784179687500e+02,8.276378173828125000e+02,8.276378173828125000e+02,8.276378784179687500e+02,-1.019202368334415078e+09
2.400999999999999801e+00,-8.594999352145293869e+01,4.289333940460028316e+01,-3.058995426895026881e+01,1.439716981366245818e-04,1.299939042880282614e-04,3.058966463242995815e-06,1.164746284484863281e-01,2.480344057083129883e+00,-2.621749877929687500e+00,-2.662447275304604122e-01,-2.399784619928231055e-01,-4.019987670766478338e-02,-8.621623824898340160e+01,4.265336094260746336e+01,-3.063015414565793293e+01,0.000000000000000000e+00,0.000000000000000000e+00,0.000000000000000000e+00,0.000000000000000000e+00,8.276378784179687500e+02,8.276377563476562500e+02,8.276377563476562500e+02,8.276378784179687500e+02,-1.019212531319668889e+09
2.402000000000000135e+00,-8.594984970913074562e+01,4.289346931765646076e+01,-3.058995153662551658e+01,1.438123221930709406e-04,1.299130561775996284e-04,2.732324752230397280e-06,1.164836585521697998e-01,2.480379581451416016e+00,-2.621781587600708008e+00,-2.663885398526500414e-01,-2.401083750489938773e-01,-4.020260903241716643e-02,-8.621623824898340160e+01,4.265336094260746336e+01,-3.063015414565793293e+01,0.000000000000000000e+00,0.000000000000000000e+00,0.000000000000000000e+00,0.000000000000000000e+00,8.276379394531250000e+02,8.276376953125000000e+02,8.276376953125000000e+02,8.276379394531250000e+02,-1.019222694291179061e+09
2.403000000000000025e+00,-8.594970605619236892e+01,4.289359917654378762e+01,-3.058994913100363533e+01,1.436529383767037871e-04,1.298588873268613497e-04,2.405621881251818195e-06,1.164916753768920898e-01,2.480411767959594727e+00,-2.621810674667358398e+00,-2.665321927910275224e-01,-2.402382339363266783e-01,-4.020501465429688476e-02,-8.621623824898340160e+01,4.265336094260746336e+01,-3.063015414565793293e+01,0.000000000000000000e+00,0.000000000000000000e+00,0.000000000000000000e+00,0.000000000000000000e+00,8.276380004882812500e+02,8.276376342773437500e+02,8.276376342773437500e+02,8.276380004882812500e+02,-1.019232857248988390e+09
2.403999999999999915e+00,-8.594956253596288320e+01,4.289372898127830069e+01,-3.058994704880477045e+01,1.435202294857162997e-04,1.298047345130726171e-04,2.082198864883366696e-06,1.165003478527069092e-01,2.480446815490722656e+00,-2.621841192245483398e+00,-2.666757130205229531e-01,-2.403680386708340888e-01,-4.020709685316253140e-02,-8.621623824898340160e+01,4.265336094260746336e+01,-3.063015414565793293e+01,0.000000000000000000e+00,0.000000000000000000e+00,0.000000000000000000e+00,0.000000000000000000e+00,8.276380615234375000e+02,8.276375732421875000e+02,8.276376342773437500e+02,8.276380615234375000e+02,-1.019243020193134785e+09
2.404999999999999805e+00,-8.594941914843219877e+01,4.289385870517822497e+01,-3.058994528996620943e+01,1.433875306844356601e-04,1.297238999242722457e-04,1.758838561016773383e-06,1.165084540843963623e-01,2.480478763580322266e+00,-2.621869802474975586e+00,-2.668191005512008940e-01,-2.404977625707602207e-01,-4.020885569172340246e-02,-8.621623824898340160e+01,4.265336094260746336e+01,-3.063015414565793293e+01,0.000000000000000000e+00,0.000000000000000000e+00,0.000000000000000000e+00,0.000000000000000000e+00,8.276381225585937500e+02,8.276375732421875000e+02,8.276375732421875000e+02,8.276381225585937500e+02,-1.019253183123654246e+09
2.406000000000000139e+00,-8.594927588286751075e+01,4.289398838729143648e+01,-3.058994385042742081e+01,1.432655646880220957e-04,1.296821132115155706e-04,1.439538788616800957e-06,1.165171563625335693e-01,2.480513572692871094e+00,-2.621900320053100586e+00,-2.669623661158839756e-01,-2.406274446839708758e-01,-4.021029523051377480e-02,-8.621623824898340160e+01,4.265336094260746336e+01,-3.063015414565793293e+01,0.000000000000000000e+00,0.000000000000000000e+00,0.000000000000000000e+00,0.000000000000000000e+00,8.276381835937500000e+02,8.276375122070312500e+02,8.276375122070312500e+02,8.276381225585937500e+02,-1.019263346040583611e+09
2.407000000000000028e+00,-8.594913276080868059e+01,4.289411802959905629e+01,-3.058994271848342805e+01,1.431220588301584939e-04,1.296423076198038871e-04,1.131943992760398032e-06,1.165252327919006348e-01,2.480546236038208008e+00,-2.621929168701171875e+00,-2.671054881747270127e-01,-2.407570869915958700e-01,-4.021142717450332943e-02,-8.621623824898340160e+01,4.265336094260746336e+01,-3.063015414565793293e+01,0.000000000000000000e+00,0.000000000000000000e+00,0.000000000000000000e+00,0.000000000000000000e+00,8.276381835937500000e+02,8.276374511718750000e+02,8.276374511718750000e+02,8.276381835937500000e+02,-1.019273508943962932e+09
2.407999999999999918e+00,-8.594898971814880895e+01,4.289424761783025275e+01,-3.058994188339145381e+01,1.430426598716394437e-04,1.295882311964646760e-04,8.350919742383666744e-07,1.165336370468139648e-01,2.480579376220703125e+00,-2.621958732604980469e+00,-2.672485308345950994e-01,-2.408866752227878660e-01,-4.021226226647996865e-02,-8.621623824898340160e+01,4.265336094260746336e+01,-3.063015414565793293e+01,0.000000000000000000e+00,0.000000000000000000e+00,0.000000000000000000e+00,0.000000000000000000e+00,8.276382446289062500e+02,8.276374511718750000e+02,8.276374511718750000e+02,8.276382446289062500e+02,-1.019283671833819628e+09
2.408999999999999808e+00,-8.594884678159773728e+01,4.289437717867828326e+01,-3.058994133515193070e+01,1.429365510716706922e-04,1.295608480305077137e-04,5.482395231126702129e-07,1.165420711040496826e-01,2.480613470077514648e+00,-2.621988058090209961e+00,-2.673914673856664925e-01,-2.410162360708202611e-01,-4.021281050600335194e-02,-8.621623824898340160e+01,4.265336094260746336e+01,-3.063015414565793293e+01,0.000000000000000000e+00,0.000000000000000000e+00,0.000000000000000000e+00,0.000000000000000000e+00,8.276383056640625000e+02,8.276373901367187500e+02,8.276373901367187500e+02,8.276383056640625000e+02,-1.019293834710187197e+09
2.410000000000000142e+00,-8.594870395117358441e+01,4.289450668549270773e+01,-3.058994106036190530e+01,1.428304241528621787e-04,1.295068144244737596e-04,2.747900254007618059e-07,1.165506541728973389e-01,2.480648040771484375e+00,-2.622018098831176758e+00,-2.675342978098169122e-01,-2.411457428852419316e-01,-4.021308529602627552e-02,-8.621623824898340160e+01,4.265336094260746336e+01,-3.063015414565793293e+01,0.000000000000000000e+00,0.000000000000000000e+00,0.000000000000000000e+00,0.000000000000000000e+00,8.276383056640625000e+02,8.276373291015625000e+02,8.276373291015625000e+02,8.276383056640625000e+02,-1.019303997573095918e+09
2.411000000000000032e+00,-8.594856117356488312e+01,4.289463616501876686e+01,-3.058994103918500329e+01,1.427776087012944117e-04,1.294795260591286024e-04,2.117690200975630432e-08,1.165583133697509766e-01,2.480678558349609375e+00,-2.622045278549194336e+00,-2.676770754185239243e-01,-2.412752224113019206e-01,-4.021310647293008939e-02,-8.621623824898340160e+01,4.265336094260746336e+01,-3.063015414565793293e+01,0.000000000000000000e+00,0.000000000000000000e+00,0.000000000000000000e+00,0.000000000000000000e+00,8.276383666992187500e+02,8.276373291015625000e+02,8.276373291015625000e+02,8.276383666992187500e+02,-1.019314160422568321e+09
2.411999999999999922e+00,-8.594841847548669023e+01,4.289476561728500315e+01,-3.058994125488942473e+01,1.426980781928932629e-04,1.294522662362851406e-04,-2.157044214357028977e-07,1.165673136711120605e-01,2.480714321136474609e+00,-2.622077226638793945e+00,-2.678197734967084909e-01,-2.414046746775428409e-01,-4.021289076850808469e-02,-8.621623824898340160e+01,4.265336094260746336e+01,-3.063015414565793293e+01,0.000000000000000000e+00,0.000000000000000000e+00,0.000000000000000000e+00,0.000000000000000000e+00,8.276383666992187500e+02,8.276372680664062500e+02,8.276372680664062500e+02,8.276383666992187500e+02,-1.019324323258630037e+09
2.412999999999999812e+00,-8.594827583029956486e+01,4.289489504234684603e+01,-3.058994168752062137e+01,1.426451871253675563e-04,1.294250618428804955e-04,-4.326311966451612534e-07,1.165751516819000244e-01,2.480745553970336914e+00,-2.622105121612548828e+00,-2.679624186838303057e-01,-2.415340997393804756e-01,-4.021245813731179342e-02,-8.621623824898340160e+01,4.265336094260746336e+01,-3.063015414565793293e+01,0.000000000000000000e+00,0.000000000000000000e+00,0.000000000000000000e+00,0.000000000000000000e+00,8.276383666992187500e+02,8.276372680664062500e+02,8.276372680664062500e+02,8.276383666992187500e+02,-1.019334486081301451e+09
2.414000000000000146e+00,-8.594813323805392713e+01,4.289502446693082760e+01,-3.058994231713028000e+01,1.425922456377293202e-04,1.294245839815744148e-04,-6.296096586311250576e-07,1.165837943553924561e-01,2.480780124664306641e+00,-2.622135877609252930e+00,-2.681050109294706996e-01,-2.416635243233672958e-01,-4.021182852765381455e-02,-8.621623824898340160e+01,4.265336094260746336e+01,-3.063015414565793293e+01,0.000000000000000000e+00,0.000000000000000000e+00,0.000000000000000000e+00,0.000000000000000000e+00,8.276384277343750000e+02,8.276372680664062500e+02,8.276372680664062500e+02,8.276384277343750000e+02,-1.019344648890603542e+09
2.415000000000000036e+00,-8.594799067211559418e+01,4.289515386442766953e+01,-3.058994311703156299e+01,1.425659383329502816e-04,1.293974968419320248e-04,-7.999012829884577513e-07,1.165917217731475830e-01,2.480812311172485352e+00,-2.622163057327270508e+00,-2.682475768678114769e-01,-2.417929218202093111e-01,-4.021102862636860564e-02,-8.621623824898340160e+01,4.265336094260746336e+01,-3.063015414565793293e+01,0.000000000000000000e+00,0.000000000000000000e+00,0.000000000000000000e+00,0.000000000000000000e+00,8.276384277343750000e+02,8.276372070312500000e+02,8.276372070312500000e+02,8.276384277343750000e+02,-1.019354811686549067e+09
2.415999999999999925e+00,-8.594784810586138235e+01,4.289528326158145433e+01,-3.058994406399755661e+01,1.425662542118288911e-04,1.293971537847937725e-04,-9.469659936200969241e-07,1.166000664234161377e-01,2.480845928192138672e+00,-2.622192382812500000e+00,-2.683901431220184763e-01,-2.419223189739921620e-01,-4.021008166037559617e-02,-8.621623824898340160e+01,4.265336094260746336e+01,-3.063015414565793293e+01,0.000000000000000000e+00,0.000000000000000000e+00,0.000000000000000000e+00,0.000000000000000000e+00,8.276384277343750000e+02,8.276372070312500000e+02,8.276372070312500000e+02,8.276384277343750000e+02,-1.019364974469146967e+09
2.416999999999999815e+00,-8.594770555535087908e+01,4.289541264402448917e+01,-3.058994513711325425e+01,1.425505105032698339e-04,1.293824430348422538e-04,-1.073115697636239929e-06,1.166086792945861816e-01,2.480879068374633789e+00,-2.622222423553466797e+00,-2.685326936325246328e-01,-2.420517014170263936e-01,-4.020900854467922975e-02,-8.621623824898340160e+01,4.265336094260746336e+01,-3.063015414565793293e+01,0.000000000000000000e+00,0.000000000000000000e+00,0.000000000000000000e+00,0.000000000000000000e+00,8.276384277343750000e+02,8.276372070312500000e+02,8.276372070312500000e+02,8.276384277343750000e+02,-1.019375137238406539e+09
2.418000000000000149e+00,-8.594756296195319578e+01,4.289554204067223253e+01,-3.058994630155845940e+01,1.425933976832993721e-04,1.293966477433627915e-04,-1.164445205148467721e-06,1.166166663169860840e-01,2.480911731719970703e+00,-2.622251033782958984e+00,-2.686752870302118734e-01,-2.421810980647683686e-01,-4.020784409947265881e-02,-8.621623824898340160e+01,4.265336094260746336e+01,-3.063015414565793293e+01,0.000000000000000000e+00,0.000000000000000000e+00,0.000000000000000000e+00,0.000000000000000000e+00,8.276384277343750000e+02,8.276372070312500000e+02,8.276372070312500000e+02,8.276384277343750000e+02,-1.019385299994327426e+09
2.419000000000000039e+00,-8.594742036841645927e+01,4.289567146384381857e+01,-3.058994753308935799e+01,1.425935367365127604e-04,1.294231715860405529e-04,-1.231530898593291568e-06,1.166251599788665771e-01,2.480945587158203125e+00,-2.622280836105346680e+00,-2.688178805669438898e-01,-2.423105212363576288e-01,-4.020661256857542554e-02,-8.621623824898340160e+01,4.265336094260746336e+01,-3.063015414565793293e+01,0.000000000000000000e+00,0.000000000000000000e+00,0.000000000000000000e+00,0.000000000000000000e+00,8.276384277343750000e+02,8.276372070312500000e+02,8.276372070312500000e+02,8.276384277343750000e+02,-1.019395462736915827e+09
2.419999999999999929e+00,-8.594727772142626065e+01,4.289580088694010840e+01,-3.058994880507579950e+01,1.426469901986138211e-04,1.294230962898268444e-04,-1.271986441508943244e-06,1.166333556175231934e-01,2.480978488922119141e+00,-2.622309446334838867e+00,-2.689605275571387843e-01,-2.424399443326459014e-01,-4.020534058213463824e-02,-8.621623824898340160e+01,4.265336094260746336e+01,-3.063015414565793293e+01,0.000000000000000000e+00,0.000000000000000000e+00,0.000000000000000000e+00,0.000000000000000000e+00,8.276384277343750000e+02,8.276372070312500000e+02,8.276372070312500000e+02,8.276384277343750000e+02,-1.019405625466165185e+09
2.420999999999999819e+00,-8.594713502105493319e+01,4.289593033671198441e+01,-3.058995008756495793e+01,1.427003713274643815e-04,1.294497718760112548e-04,-1.282489158427324583e-06,1.166417002677917480e-01,2.481011867523193359e+00,-2.622339248657226562e+00,-2.691032279284633622e-01,-2.425693941045239665e-01,-4.020405809297625255e-02,-8.621623824898340160e+01,4.265336094260746336e+01,-3.063015414565793293e+01,0.000000000000000000e+00,0.000000000000000000e+00,0.000000000000000000e+00,0.000000000000000000e+00,8.276384277343750000e+02,8.276372680664062500e+02,8.276372680664062500e+02,8.276384277343750000e+02,-1.019415788182069302e+09
2.422000000000000153e+00,-8.594699226735892239e+01,4.289605981322212358e+01,-3.058995135387657527e+01,1.427536960108000130e-04,1.294765101391703865e-04,-1.266311617342807949e-06,1.166497468948364258e-01,2.481043338775634766e+00,-2.622367858886718750e+00,-2.692459816244747728e-01,-2.426988706146637753e-01,-4.020279178135695991e-02,-8.621623824898340160e+01,4.265336094260746336e+01,-3.063015414565793293e+01,0.000000000000000000e+00,0.000000000000000000e+00,0.000000000000000000e+00,0.000000000000000000e+00,8.276384277343750000e+02,8.276372680664062500e+02,8.276372680664062500e+02,8.276384277343750000e+02,-1.019425950884620428e+09
2.423000000000000043e+00,-8.594684943372999442e+01,4.289618934323119959e+01,-3.058995257411450908e+01,1.428336289279741322e-04,1.295300090760065359e-04,-1.220237933807766240e-06,1.166584789752960205e-01,2.481079578399658203e+00,-2.622398853302001953e+00,-2.693888152534096303e-01,-2.428284006237371451e-01,-4.020157154342261785e-02,-8.621623824898340160e+01,4.265336094260746336e+01,-3.063015414565793293e+01,0.000000000000000000e+00,0.000000000000000000e+00,0.000000000000000000e+00,0.000000000000000000e+00,8.276383666992187500e+02,8.276372680664062500e+02,8.276372680664062500e+02,8.276383666992187500e+02,-1.019436113573806643e+09
2.423999999999999932e+00,-8.594670649351900238e+01,4.289631887344274475e+01,-3.058995372486491249e+01,1.429402109920374642e-04,1.295302115451590907e-04,-1.150750403411393563e-06,1.166666746139526367e-01,2.481112003326416016e+00,-2.622427463531494141e+00,-2.695317554643927305e-01,-2.429579308352787514e-01,-4.020042079302035831e-02,-8.621623824898340160e+01,4.265336094260746336e+01,-3.063015414565793293e+01,0.000000000000000000e+00,0.000000000000000000e+00,0.000000000000000000e+00,0.000000000000000000e+00,8.276383666992187500e+02,8.276373291015625000e+02,8.276373291015625000e+02,8.276383666992187500e+02,-1.019446276249605536e+09
2.424999999999999822e+00,-8.594656347348859526e+01,4.289644845727924150e+01,-3.058995477618141834e+01,1.430200304071149731e-04,1.295838364967494272e-04,-1.051316505851218608e-06,1.166747212409973145e-01,2.481144189834594727e+00,-2.622456550598144531e+00,-2.696747754948013442e-01,-2.430875146717797752e-01,-4.019936947651357034e-02,-8.621623824898340160e+01,4.265336094260746336e+01,-3.063015414565793293e+01,0.000000000000000000e+00,0.000000000000000000e+00,0.000000000000000000e+00,0.000000000000000000e+00,8.276383056640625000e+02,8.276373291015625000e+02,8.276373291015625000e+02,8.276383056640625000e+02,-1.019456438912001848e+09
2.426000000000000156e+00,-8.594642032033404178e+01,4.289657809482290673e+01,-3.058995570149717480e+01,1.431531545534880934e-04,1.296375436652397184e-04,-9.253157564614866715e-07,1.166833937168121338e-01,2.481178998947143555e+00,-2.622486591339111328e+00,-2.698179286493577189e-01,-2.432171522154439325e-01,-4.019844416075913501e-02,-8.621623824898340160e+01,4.265336094260746336e+01,-3.063015414565793293e+01,0.000000000000000000e+00,0.000000000000000000e+00,0.000000000000000000e+00,0.000000000000000000e+00,8.276383056640625000e+02,8.276373901367187500e+02,8.276373901367187500e+02,8.276383056640625000e+02,-1.019466601560969830e+09
2.427000000000000046e+00,-8.594627706079322138e+01,4.289670778612759250e+01,-3.058995647407564888e+01,1.432595408203951592e-04,1.296913046857639529e-04,-7.725784740841845633e-07,1.166913211345672607e-01,2.481210708618164062e+00,-2.622515201568603516e+00,-2.699611881901827770e-01,-2.433468435201300017e-01,-4.019767158228378795e-02,-8.621623824898340160e+01,4.265336094260746336e+01,-3.063015414565793293e+01,0.000000000000000000e+00,0.000000000000000000e+00,0.000000000000000000e+00,0.000000000000000000e+00,8.276382446289062500e+02,8.276373901367187500e+02,8.276373901367187500e+02,8.276382446289062500e+02,-1.019476764196486354e+09
2.427999999999999936e+00,-8.594613368433279277e+01,4.289683751674378698e+01,-3.058995707639381578e+01,1.433764604286125177e-04,1.297306161944788983e-04,-6.023181668979304959e-07,1.167000234127044678e-01,2.481245279312133789e+00,-2.622545480728149414e+00,-2.701045646506066156e-01,-2.434765741363233982e-01,-4.019706926411852760e-02,-8.621623824898340160e+01,4.265336094260746336e+01,-3.063015414565793293e+01,0.000000000000000000e+00,0.000000000000000000e+00,0.000000000000000000e+00,0.000000000000000000e+00,8.276382446289062500e+02,8.276374511718750000e+02,8.276374511718750000e+02,8.276382446289062500e+02,-1.019486926818524599e+09
2.428999999999999826e+00,-8.594599015880065451e+01,4.289696728906034906e+01,-3.058995747684863176e+01,1.435255321382555849e-04,1.297723165620823238e-04,-4.004548159741716518e-07,1.167080700397491455e-01,2.481276988983154297e+00,-2.622574090957641602e+00,-2.702480901827434279e-01,-2.436063464528883116e-01,-4.019666880930140157e-02,-8.621623824898340160e+01,4.265336094260746336e+01,-3.063015414565793293e+01,0.000000000000000000e+00,0.000000000000000000e+00,0.000000000000000000e+00,0.000000000000000000e+00,8.276381835937500000e+02,8.276374511718750000e+02,8.276375122070312500e+02,8.276381835937500000e+02,-1.019497089427049994e+09
2.430000000000000160e+00,-8.594584650035388051e+01,4.289709714198730239e+01,-3.058995765798618294e+01,1.436584467739976390e-04,1.298529269533332808e-04,-1.811375511806545546e-07,1.167165338993072510e-01,2.481311082839965820e+00,-2.622603654861450195e+00,-2.703917486295241424e-01,-2.437361993798369264e-01,-4.019648767174827109e-02,-8.621623824898340160e+01,4.265336094260746336e+01,-3.063015414565793293e+01,0.000000000000000000e+00,0.000000000000000000e+00,0.000000000000000000e+00,0.000000000000000000e+00,8.276381225585937500e+02,8.276375122070312500e+02,8.276375122070312500e+02,8.276381225585937500e+02,-1.019507252022033334e+09
2.431000000000000050e+00,-8.594570268235305832e+01,4.289722704890956351e+01,-3.058995759645558010e+01,1.438180008221934258e-04,1.299069222611137775e-04,6.153060283509148576e-08,1.167246699333190918e-01,2.481343984603881836e+00,-2.622633218765258789e+00,-2.705355666303402851e-01,-2.438661063020968467e-01,-4.019654920235413847e-02,-8.621623824898340160e+01,4.265336094260746336e+01,-3.063015414565793293e+01,0.000000000000000000e+00,0.000000000000000000e+00,0.000000000000000000e+00,0.000000000000000000e+00,8.276380615234375000e+02,8.276375732421875000e+02,8.276375732421875000e+02,8.276380615234375000e+02,-1.019517414603437185e+09
2.431999999999999940e+00,-8.594555873151010417e+01,4.289735703652273457e+01,-3.058995728225852417e+01,1.439508429541547230e-04,1.299876131710675509e-04,3.141970559283890907e-07,1.167330145835876465e-01,2.481377840042114258e+00,-2.622661590576171875e+00,-2.706795174732988252e-01,-2.439960939152692743e-01,-4.019686339940786723e-02,-8.621623824898340160e+01,4.265336094260746336e+01,-3.063015414565793293e+01,0.000000000000000000e+00,0.000000000000000000e+00,0.000000000000000000e+00,0.000000000000000000e+00,8.276380615234375000e+02,8.276376342773437500e+02,8.276376342773437500e+02,8.276380615234375000e+02,-1.019527577171230078e+09
2.432999999999999829e+00,-8.594541462118392872e+01,4.289748705153928654e+01,-3.058995668864605832e+01,1.441103261754506093e-04,1.300150165519653456e-04,5.936124658489916328e-07,1.167418360710144043e-01,2.481412410736083984e+00,-2.622692584991455078e+00,-2.708236277994775509e-01,-2.441261089318222943e-01,-4.019745701187522890e-02,-8.621623824898340160e+01,4.265336094260746336e+01,-3.063015414565793293e+01,0.000000000000000000e+00,0.000000000000000000e+00,0.000000000000000000e+00,0.000000000000000000e+00,8.276380004882812500e+02,8.276376953125000000e+02,8.276376953125000000e+02,8.276380004882812500e+02,-1.019537739725370049e+09
2.434000000000000163e+00,-8.594527035140943383e+01,4.289761717400976693e+01,-3.058995581247283724e+01,1.442697744948873151e-04,1.301224704803871646e-04,8.761732210871286952e-07,1.167497336864471436e-01,2.481444835662841797e+00,-2.622720956802368164e+00,-2.709678975739634454e-01,-2.442562314023045966e-01,-4.019833318509601766e-02,-8.621623824898340160e+01,4.265336094260746336e+01,-3.063015414565793293e+01,0.000000000000000000e+00,0.000000000000000000e+00,0.000000000000000000e+00,0.000000000000000000e+00,8.276379394531250000e+02,8.276376953125000000e+02,8.276377563476562500e+02,8.276379394531250000e+02,-1.019547902265821695e+09
2.435000000000000053e+00,-8.594512592220338831e+01,4.289774732394101875e+01,-3.058995463354020572e+01,1.444292060455154569e-04,1.301499312518217266e-04,1.178932631518136986e-06,1.167584955692291260e-01,2.481479883193969727e+00,-2.622751951217651367e+00,-2.711123267800165659e-01,-2.443863813335579727e-01,-4.019951211772628680e-02,-8.621623824898340160e+01,4.265336094260746336e+01,-3.063015414565793293e+01,0.000000000000000000e+00,0.000000000000000000e+00,0.000000000000000000e+00,0.000000000000000000e+00,8.276378784179687500e+02,8.276377563476562500e+02,8.276377563476562500e+02,8.276378784179687500e+02,-1.019558064792541385e+09
2.435999999999999943e+00,-8.594498133359891767e+01,4.289787755471106578e+01,-3.058995314530486453e+01,1.445886044706412576e-04,1.302307700470350937e-04,1.488235341184918070e-06,1.167664825916290283e-01,2.481511116027832031e+00,-2.622779846191406250e+00,-2.712569153844786030e-01,-2.445166121035989015e-01,-4.020100035306894276e-02,-8.621623824898340160e+01,4.265336094260746336e+01,-3.063015414565793293e+01,0.000000000000000000e+00,0.000000000000000000e+00,0.000000000000000000e+00,0.000000000000000000e+00,8.276378173828125000e+02,8.276378173828125000e+02,8.276378173828125000e+02,8.276378173828125000e+02,-1.019568227305489898e+09
2.436999999999999833e+00,-8.594483658560237416e+01,4.289800783965634423e+01,-3.058995134103438218e+01,1.447479965435150007e-04,1.302849452784471396e-04,1.804270482352876570e-06,1.167750358581542969e-01,2.481545448303222656e+00,-2.622810363769531250e+00,-2.714016633810278356e-01,-2.446468970488833994e-01,-4.020280462355078910e-02,-8.621623824898340160e+01,4.265336094260746336e+01,-3.063015414565793293e+01,0.000000000000000000e+00,0.000000000000000000e+00,0.000000000000000000e+00,0.000000000000000000e+00,8.276377563476562500e+02,8.276378784179687500e+02,8.276378784179687500e+02,8.276377563476562500e+02,-1.019578389804625273e+09
2.438000000000000167e+00,-8.594469170491171894e+01,4.289813820545703038e+01,-3.058994921740062622e+01,1.448806906552135843e-04,1.303658006861496688e-04,2.123633755957143876e-06,1.167832911014556885e-01,2.481579303741455078e+00,-2.622839689254760742e+00,-2.715465440716878232e-01,-2.447772628495677727e-01,-4.020492825730577480e-02,-8.621623824898340160e+01,4.265336094260746336e+01,-3.063015414565793293e+01,0.000000000000000000e+00,0.000000000000000000e+00,0.000000000000000000e+00,0.000000000000000000e+00,8.276376953125000000e+02,8.276379394531250000e+02,8.276379394531250000e+02,8.276376953125000000e+02,-1.019588552289912224e+09
2.439000000000000057e+00,-8.594454665437076812e+01,4.289826861087659182e+01,-3.058994677021618003e+01,1.450505409508195953e-04,1.304054195614412492e-04,2.447184446197070429e-06,1.167916953563690186e-01,2.481612682342529297e+00,-2.622869491577148438e+00,-2.716915946126348125e-01,-2.449076682691258555e-01,-4.020737544175217310e-02,-8.621623824898340160e+01,4.265336094260746336e+01,-3.063015414565793293e+01,0.000000000000000000e+00,0.000000000000000000e+00,0.000000000000000000e+00,0.000000000000000000e+00,8.276376953125000000e+02,8.276380004882812500e+02,8.276380004882812500e+02,8.276376953125000000e+02,-1.019598714761305094e+09
2.439999999999999947e+00,-8.594440148163356241e+01,4.289839908506407795e+01,-3.058994399444865309e+01,1.451727372057121102e-04,1.304741874861292672e-04,2.775767526941308461e-06,1.168007254600524902e-01,2.481649160385131836e+00,-2.622901439666748047e+00,-2.718367673498418569e-01,-2.450381424566167865e-01,-4.021015120928086994e-02,-8.621623824898340160e+01,4.265336094260746336e+01,-3.063015414565793293e+01,0.000000000000000000e+00,0.000000000000000000e+00,0.000000000000000000e+00,0.000000000000000000e+00,8.276376342773437500e+02,8.276380615234375000e+02,8.276380615234375000e+02,8.276376342773437500e+02,-1.019608877218768716e+09
2.440999999999999837e+00,-8.594425614950860393e+01,4.289852961343174087e+01,-3.058994090264890531e+01,1.453321249584860198e-04,1.305283676629187539e-04,3.091799747778622987e-06,1.168086528778076172e-01,2.481679916381835938e+00,-2.622928380966186523e+00,-2.719820994747992327e-01,-2.451686708242741264e-01,-4.021324300902750365e-02,-8.621623824898340160e+01,4.265336094260746336e+01,-3.063015414565793293e+01,0.000000000000000000e+00,0.000000000000000000e+00,0.000000000000000000e+00,0.000000000000000000e+00,8.276375732421875000e+02,8.276380615234375000e+02,8.276380615234375000e+02,8.276375732421875000e+02,-1.019619039662261248e+09
2.442000000000000171e+00,-8.594411071136576652e+01,4.289866019596971114e+01,-3.058993749136843121e+01,1.454381428374063034e-04,1.305825379702696409e-04,3.411280474097111437e-06,1.168176531791687012e-01,2.481716394424438477e+00,-2.622961282730102539e+00,-2.721275376176328087e-01,-2.452992533622453397e-01,-4.021665428950171178e-02,-8.621623824898340160e+01,4.265336094260746336e+01,-3.063015414565793293e+01,0.000000000000000000e+00,0.000000000000000000e+00,0.000000000000000000e+00,0.000000000000000000e+00,8.276375122070312500e+02,8.276381225585937500e+02,8.276381225585937500e+02,8.276375122070312500e+02,-1.019629202091749549e+09
2.443000000000000060e+00,-8.594396514050389158e+01,4.289879083266495030e+01,-3.058993377067011110e+01,1.455708618749440575e-04,1.306366952391613268e-04,3.720698320108795087e-06,1.168257892131805420e-01,2.481749296188354492e+00,-2.622989177703857422e+00,-2.722731084795114165e-01,-2.454298900574836406e-01,-4.022037498782133486e-02,-8.621623824898340160e+01,4.265336094260746336e+01,-3.063015414565793293e+01,0.000000000000000000e+00,0.000000000000000000e+00,0.000000000000000000e+00,0.000000000000000000e+00,8.276375122070312500e+02,8.276381835937500000e+02,8.276381835937500000e+02,8.276375122070312500e+02,-1.019639364507196546e+09
2.443999999999999950e+00,-8.594381943690973458e+01,4.289892152350279275e+01,-3.058992974722472979e+01,1.457035941569984061e-04,1.306908378424509465e-04,4.023445381307055868e-06,1.168344914913177490e-01,2.481783390045166016e+00,-2.623020410537719727e+00,-2.724188120736719121e-01,-2.455605808953268410e-01,-4.022439843320139291e-02,-8.621623824898340160e+01,4.265336094260746336e+01,-3.063015414565793293e+01,0.000000000000000000e+00,0.000000000000000000e+00,0.000000000000000000e+00,0.000000000000000000e+00,8.276374511718750000e+02,8.276382446289062500e+02,8.276382446289062500e+02,8.276374511718750000e+02,-1.019649526908565879e+09
2.444999999999999840e+00,-8.594367365389413749e+01,4.289905224173726594e+01,-3.058992544086558141e+01,1.457830155970896158e-04,1.307182344731927515e-04,4.306359148387173263e-06,1.168430149555206299e-01,2.481818914413452148e+00,-2.623050689697265625e+00,-2.725645950892593428e-01,-2.456912991298016713e-01,-4.022870479235274993e-02,-8.621623824898340160e+01,4.265336094260746336e+01,-3.063015414565793293e+01,0.000000000000000000e+00,0.000000000000000000e+00,0.000000000000000000e+00,0.000000000000000000e+00,8.276373901367187500e+02,8.276382446289062500e+02,8.276382446289062500e+02,8.276373901367187500e+02,-1.019659689295828700e+09
2.446000000000000174e+00,-8.594352779145275179e+01,4.289918301403412215e+01,-3.058992085832659669e+01,1.458624413857023683e-04,1.307722968562075039e-04,4.582538984720940789e-06,1.168514192104339600e-01,2.481851577758789062e+00,-2.623079538345336914e+00,-2.727104575306548151e-01,-2.458220714266569629e-01,-4.023328733133776230e-02,-8.621623824898340160e+01,4.265336094260746336e+01,-3.063015414565793293e+01,0.000000000000000000e+00,0.000000000000000000e+00,0.000000000000000000e+00,0.000000000000000000e+00,8.276373901367187500e+02,8.276383056640625000e+02,8.276383056640625000e+02,8.276373901367187500e+02,-1.019669851668959260e+09
2.447000000000000064e+00,-8.594338182286091410e+01,4.289931381368367624e+01,-3.058991601627735690e+01,1.459685918376862901e-04,1.307996495540919568e-04,4.842049239783818848e-06,1.168603003025054932e-01,2.481887340545654297e+00,-2.623111963272094727e+00,-2.728564261224889487e-01,-2.459528710762157455e-01,-4.023812938057536037e-02,-8.621623824898340160e+01,4.265336094260746336e+01,-3.063015414565793293e+01,0.000000000000000000e+00,0.000000000000000000e+00,0.000000000000000000e+00,0.000000000000000000e+00,8.276373291015625000e+02,8.276383056640625000e+02,8.276383056640625000e+02,8.276373291015625000e+02,-1.019680014027925968e+09
2.447999999999999954e+00,-8.594323577475739739e+01,4.289944464062975982e+01,-3.058991093467145816e+01,1.460481035167049413e-04,1.308269460835731479e-04,5.081605898737961979e-06,1.168685853481292725e-01,2.481920242309570312e+00,-2.623140096664428711e+00,-2.730024742259971604e-01,-2.460836980222950721e-01,-4.024321098647427875e-02,-8.621623824898340160e+01,4.265336094260746336e+01,-3.063015414565793293e+01,0.000000000000000000e+00,0.000000000000000000e+00,0.000000000000000000e+00,0.000000000000000000e+00,8.276373291015625000e+02,8.276383666992187500e+02,8.276383666992187500e+02,8.276373291015625000e+02,-1.019690176372702956e+09
2.448999999999999844e+00,-8.594308970045457841e+01,4.289957549479861143e+01,-3.058990563674013075e+01,1.460743028189881443e-04,1.308541688516129398e-04,5.297931327419291847e-06,1.168774664402008057e-01,2.481955289840698242e+00,-2.623171806335449219e+00,-2.731485485288288051e-01,-2.462145521911456303e-01,-4.024850891780074741e-02,-8.621623824898340160e+01,4.265336094260746336e+01,-3.063015414565793293e+01,0.000000000000000000e+00,0.000000000000000000e+00,0.000000000000000000e+00,0.000000000000000000e+00,8.276372680664062500e+02,8.276383666992187500e+02,8.276383666992187500e+02,8.276372680664062500e+02,-1.019700338703274727e+09
2.450000000000000178e+00,-8.594294358952939206e+01,4.289970633481052431e+01,-3.058990013825195220e+01,1.461109251863490499e-04,1.308400119128805272e-04,5.498488178545812843e-06,1.168854236602783203e-01,2.481987714767456055e+00,-2.623200416564941406e+00,-2.732946594540111018e-01,-2.463453922030615084e-01,-4.025400740597961241e-02,-8.621623824898340160e+01,4.265336094260746336e+01,-3.063015414565793293e+01,0.000000000000000000e+00,0.000000000000000000e+00,0.000000000000000000e+00,0.000000000000000000e+00,8.276372680664062500e+02,8.276384277343750000e+02,8.276384277343750000e+02,8.276372680664062500e+02,-1.019710501019621611e+09
2.451000000000000068e+00,-8.594279740935346013e+01,4.289983721663072203e+01,-3.058989446108291332e+01,1.461801759319314442e-04,1.308818201977146600e-04,5.677169038875717888e-06,1.168945729732513428e-01,2.482024192810058594e+00,-2.623232603073120117e+00,-2.734408396299409238e-01,-2.464762740232609717e-01,-4.025968457501998693e-02,-8.621623824898340160e+01,4.265336094260746336e+01,-3.063015414565793293e+01,0.000000000000000000e+00,0.000000000000000000e+00,0.000000000000000000e+00,0.000000000000000000e+00,8.276372680664062500e+02,8.276384277343750000e+02,8.276384277343750000e+02,8.276372680664062500e+02,-1.019720663321724534e+09
2.451999999999999957e+00,-8.594265122951765079e+01,4.289996812550725735e+01,-3.058988863423302718e+01,1.461798358093346906e-04,1.309088765353294548e-04,5.826849886148011137e-06,1.169028580188751221e-01,2.482057809829711914e+00,-2.623261690139770508e+00,-2.735870194657483712e-01,-2.466071828997931092e-01,-4.026551142490426838e-02,-8.621623824898340160e+01,4.265336094260746336e+01,-3.063015414565793293e+01,0.000000000000000000e+00,0.000000000000000000e+00,0.000000000000000000e+00,0.000000000000000000e+00,8.276372070312500000e+02,8.276384277343750000e+02,8.276384277343750000e+02,8.276372070312500000e+02,-1.019730825609576702e+09
2.452999999999999847e+00,-8.594250504995430617e+01,4.290009900802384379e+01,-3.058988268092052465e+01,1.461795633446172360e-04,1.308825165864391238e-04,5.953312502526841854e-06,1.169115006923675537e-01,2.482091426849365234e+00,-2.623291969299316406e+00,-2.737331990290968742e-01,-2.467380654163813247e-01,-4.027146473740852994e-02,-8.621623824898340160e+01,4.265336094260746336e+01,-3.063015414565793293e+01,0.000000000000000000e+00,0.000000000000000000e+00,0.000000000000000000e+00,0.000000000000000000e+00,8.276372070312500000e+02,8.276384277343750000e+02,8.276384277343750000e+02,8.276372070312500000e+02,-1.019740987883168221e+09
2.454000000000000181e+00,-8.594235887061535095e+01,4.290022989079771776e+01,-3.058987662788954154e+01,1.461793389552212830e-04,1.308827738739637425e-04,6.053030983110829766e-06,1.169205904006958008e-01,2.482127904891967773e+00,-2.623324394226074219e+00,-2.738793783680485983e-01,-2.468689481902568428e-01,-4.027751776839036402e-02,-8.621623824898340160e+01,4.265336094260746336e+01,-3.063015414565793293e+01,0.000000000000000000e+00,0.000000000000000000e+00,0.000000000000000000e+00,0.000000000000000000e+00,8.276372070312500000e+02,8.276384277343750000e+02,8.276384277343750000e+02,8.276372070312500000e+02,-1.019751150142493248e+09
2.455000000000000071e+00,-8.594221271812449459e+01,4.290036077375592782e+01,-3.058987050176313360e+01,1.461524908563660574e-04,1.308829582100656808e-04,6.126126407934862073e-06,1.169285476207733154e-01,2.482159376144409180e+00,-2.623351573944091797e+00,-2.740255308589107375e-01,-2.469998311484643272e-01,-4.028364389479863195e-02,-8.621623824898340160e+01,4.265336094260746336e+01,-3.063015414565793293e+01,0.000000000000000000e+00,0.000000000000000000e+00,0.000000000000000000e+00,0.000000000000000000e+00,8.276372070312500000e+02,8.276384277343750000e+02,8.276384277343750000e+02,8.276372070312500000e+02,-1.019761312387552023e+09
2.455999999999999961e+00,-8.594206661908913247e+01,4.290049163013685529e+01,-3.058986433243552128e+01,1.460990353621127724e-04,1.308563809274687628e-04,6.169327612326469534e-06,1.169376671314239502e-01,2.482196331024169922e+00,-2.623383998870849609e+00,-2.741716298942673546e-01,-2.471306875293893812e-01,-4.028981322241054902e-02,-8.621623824898340160e+01,4.265336094260746336e+01,-3.063015414565793293e+01,0.000000000000000000e+00,0.000000000000000000e+00,0.000000000000000000e+00,0.000000000000000000e+00,8.276372070312500000e+02,8.276384277343750000e+02,8.276384277343750000e+02,8.276372070312500000e+02,-1.019771474618348718e+09
2.456999999999999851e+00,-8.594192054678720183e+01,4.290062248657480382e+01,-3.058985814337325237e+01,1.460723019306442438e-04,1.308564379485233076e-04,6.189062268902034702e-06,1.169454753398895264e-01,2.482227325439453125e+00,-2.623411178588867188e+00,-2.743177021961988316e-01,-2.472615439673393478e-01,-4.029600228468098455e-02,-8.621623824898340160e+01,4.265336094260746336e+01,-3.063015414565793293e+01,0.000000000000000000e+00,0.000000000000000000e+00,0.000000000000000000e+00,0.000000000000000000e+00,8.276372680664062500e+02,8.276384277343750000e+02,8.276384277343750000e+02,8.276372680664062500e+02,-1.019781636834887028e+09
2.458000000000000185e+00,-8.594177455449053582e+01,4.290075328960983114e+01,-3.058985196768406567e+01,1.459922966660087695e-04,1.308030350273270415e-04,6.175689186704858002e-06,1.169547438621520996e-01,2.482264280319213867e+00,-2.623443603515625000e+00,-2.744636944928666167e-01,-2.473923470023677573e-01,-4.030217797386755063e-02,-8.621623824898340160e+01,4.265336094260746336e+01,-3.063015414565793293e+01,0.000000000000000000e+00,0.000000000000000000e+00,0.000000000000000000e+00,0.000000000000000000e+00,8.276372680664062500e+02,8.276384277343750000e+02,8.276384277343750000e+02,8.276372680664062500e+02,-1.019791799037176847e+09
2.459000000000000075e+00,-8.594162864215763875e+01,4.290088406586644254e+01,-3.058984582877683778e+01,1.459123328970690636e-04,1.307762566113979119e-04,6.138907227892786977e-06,1.169632673263549805e-01,2.482298374176025391e+00,-2.623474359512329102e+00,-2.746096068257569134e-01,-2.475231232589806263e-01,-4.030831688109600547e-02,-8.621623824898340160e+01,4.265336094260746336e+01,-3.063015414565793293e+01,0.000000000000000000e+00,0.000000000000000000e+00,0.000000000000000000e+00,0.000000000000000000e+00,8.276372680664062500e+02,8.276383666992187500e+02,8.276383666992187500e+02,8.276372680664062500e+02,-1.019801961225231886e+09
2.459999999999999964e+00,-8.594148278305169697e+01,4.290101484196255655e+01,-3.058983975678835421e+01,1.458591059417813085e-04,1.307760961140047584e-04,6.071988483569157324e-06,1.169716715812683105e-01,2.482332468032836914e+00,-2.623503684997558594e+00,-2.747554659317100745e-01,-2.476538993550927159e-01,-4.031438886958043505e-02,-8.621623824898340160e+01,4.265336094260746336e+01,-3.063015414565793293e+01,0.000000000000000000e+00,0.000000000000000000e+00,0.000000000000000000e+00,0.000000000000000000e+00,8.276373291015625000e+02,8.276383666992187500e+02,8.276383666992187500e+02,8.276373291015625000e+02,-1.019812123399065733e+09
2.460999999999999854e+00,-8.594133707351367946e+01,4.290114552299225892e+01,-3.058983378380791862e+01,1.457095380175132959e-04,1.306810297023730527e-04,5.972980435586805470e-06,1.169807910919189453e-01,2.482368707656860352e+00,-2.623535871505737305e+00,-2.749011754697268661e-01,-2.477845803847942563e-01,-4.032036185001355855e-02,-8.621623824898340160e+01,4.265336094260746336e+01,-3.063015414565793293e+01,0.000000000000000000e+00,0.000000000000000000e+00,0.000000000000000000e+00,0.000000000000000000e+00,8.276373291015625000e+02,8.276383056640625000e+02,8.276383056640625000e+02,8.276373291015625000e+02,-1.019822285558701754e+09
2.462000000000000188e+00,-8.594119142737673656e+01,4.290127619179830276e+01,-3.058982792854655486e+01,1.456461369429007391e-04,1.306688060438432331e-04,5.855261363763020199e-06,1.169887781143188477e-01,2.482400417327880859e+00,-2.623564243316650391e+00,-2.750468216066707106e-01,-2.479152491908424294e-01,-4.032621711137660686e-02,-8.621623824898340160e+01,4.265336094260746336e+01,-3.063015414565793293e+01,0.000000000000000000e+00,0.000000000000000000e+00,0.000000000000000000e+00,0.000000000000000000e+00,8.276373901367187500e+02,8.276383056640625000e+02,8.276383056640625000e+02,8.276373901367187500e+02,-1.019832447704157352e+09
2.463000000000000078e+00,-8.594104591431722895e+01,4.290140680686089780e+01,-3.058982221994328654e+01,1.455130595076070676e-04,1.306150625950408539e-04,5.708603268317347101e-06,1.169980168342590332e-01,2.482437849044799805e+00,-2.623596906661987305e+00,-2.751923346661673264e-01,-2.480458642534344449e-01,-4.033192571464572218e-02,-8.621623824898340160e+01,4.265336094260746336e+01,-3.063015414565793293e+01,0.000000000000000000e+00,0.000000000000000000e+00,0.000000000000000000e+00,0.000000000000000000e+00,8.276373901367187500e+02,8.276382446289062500e+02,8.276382446289062500e+02,8.276373901367187500e+02,-1.019842609835459590e+09
2.463999999999999968e+00,-8.594090053427692055e+01,4.290153736811532070e+01,-3.058981668467799864e+01,1.453800403083960191e-04,1.305612544229006744e-04,5.535265287903712306e-06,1.170057654380798340e-01,2.482468366622924805e+00,-2.623623371124267578e+00,-2.753377147064779429e-01,-2.481764255078601489e-01,-4.033746097993357038e-02,-8.621623824898340160e+01,4.265336094260746336e+01,-3.063015414565793293e+01,0.000000000000000000e+00,0.000000000000000000e+00,0.000000000000000000e+00,0.000000000000000000e+00,8.276374511718750000e+02,8.276382446289062500e+02,8.276382446289062500e+02,8.276374511718750000e+02,-1.019852771952637672e+09
2.464999999999999858e+00,-8.594075528722083845e+01,4.290166790219331716e+01,-3.058981134282452530e+01,1.452470560820984247e-04,1.305340779964581088e-04,5.341853473339597258e-06,1.170148551464080811e-01,2.482504606246948242e+00,-2.623655557632446289e+00,-2.754829617625612626e-01,-2.483069595858510836e-01,-4.034280283340675038e-02,-8.621623824898340160e+01,4.265336094260746336e+01,-3.063015414565793293e+01,0.000000000000000000e+00,0.000000000000000000e+00,0.000000000000000000e+00,0.000000000000000000e+00,8.276374511718750000e+02,8.276381835937500000e+02,8.276381835937500000e+02,8.276374511718750000e+02,-1.019862934055723786e+09
2.466000000000000192e+00,-8.594061017308700912e+01,4.290179835568489608e+01,-3.058980621426449531e+01,1.451141338293382432e-04,1.304534915789190563e-04,5.128560029987738744e-06,1.170231103897094727e-01,2.482536792755126953e+00,-2.623684883117675781e+00,-2.756280758963943756e-01,-2.484374130774324174e-01,-4.034793139343758467e-02,-8.621623824898340160e+01,4.265336094260746336e+01,-3.063015414565793293e+01,0.000000000000000000e+00,0.000000000000000000e+00,0.000000000000000000e+00,0.000000000000000000e+00,8.276375122070312500e+02,8.276381225585937500e+02,8.276381225585937500e+02,8.276375122070312500e+02,-1.019873096144747019e+09
2.467000000000000082e+00,-8.594046519181684118e+01,4.290192872852500727e+01,-3.058980132567769772e+01,1.449812701679320526e-04,1.303728401111925450e-04,4.888586797591187860e-06,1.170319914817810059e-01,2.482572078704833984e+00,-2.623715877532958984e+00,-2.757730571665583108e-01,-2.485677859175419446e-01,-4.035281998023609179e-02,-8.621623824898340160e+01,4.265336094260746336e+01,-3.063015414565793293e+01,0.000000000000000000e+00,0.000000000000000000e+00,0.000000000000000000e+00,0.000000000000000000e+00,8.276375732421875000e+02,8.276380615234375000e+02,8.276381225585937500e+02,8.276375732421875000e+02,-1.019883258219738245e+09
2.467999999999999972e+00,-8.594032037007939095e+01,4.290205907403211683e+01,-3.058979669047413097e+01,1.448217374502291932e-04,1.303455071095527273e-04,4.635203566749623860e-06,1.170401871204376221e-01,2.482604980468750000e+00,-2.623744964599609375e+00,-2.759178789040110935e-01,-2.486981314246520802e-01,-4.035745518380169650e-02,-8.621623824898340160e+01,4.265336094260746336e+01,-3.063015414565793293e+01,0.000000000000000000e+00,0.000000000000000000e+00,0.000000000000000000e+00,0.000000000000000000e+00,8.276376342773437500e+02,8.276380615234375000e+02,8.276380615234375000e+02,8.276376342773437500e+02,-1.019893420280737877e+09
2.468999999999999861e+00,-8.594017570781240067e+01,4.290218933879594942e+01,-3.058979232853513608e+01,1.446622669902808411e-04,1.302647638325993285e-04,4.361938994890124377e-06,1.170489192008972168e-01,2.482640266418457031e+00,-2.623776197433471680e+00,-2.760625411710035393e-01,-2.488283961884837914e-01,-4.036181712279647560e-02,-8.621623824898340160e+01,4.265336094260746336e+01,-3.063015414565793293e+01,0.000000000000000000e+00,0.000000000000000000e+00,0.000000000000000000e+00,0.000000000000000000e+00,8.276376953125000000e+02,8.276380004882812500e+02,8.276380004882812500e+02,8.276376953125000000e+02,-1.019903582327783346e+09
2.470000000000000195e+00,-8.594003120499493775e+01,4.290231954946381165e+01,-3.058978825326439122e+01,1.445028174629214845e-04,1.302106678622294567e-04,4.075270744863246364e-06,1.170575916767120361e-01,2.482674598693847656e+00,-2.623805761337280273e+00,-2.762070439884572459e-01,-2.489586068563499621e-01,-4.036589239354039516e-02,-8.621623824898340160e+01,4.265336094260746336e+01,-3.063015414565793293e+01,0.000000000000000000e+00,0.000000000000000000e+00,0.000000000000000000e+00,0.000000000000000000e+00,8.276376953125000000e+02,8.276379394531250000e+02,8.276379394531250000e+02,8.276376953125000000e+02,-1.019913744360914946e+09
2.471000000000000085e+00,-8.593988686159534041e+01,4.290244967932993347e+01,-3.058978447460208372e+01,1.443433995973464334e-04,1.301298661218197594e-04,3.778662307496460926e-06,1.170657575130462646e-01,2.482707738876342773e+00,-2.623834848403930664e+00,-2.763513873880647509e-01,-2.490887367224710325e-01,-4.036967105585029247e-02,-8.621623824898340160e+01,4.265336094260746336e+01,-3.063015414565793293e+01,0.000000000000000000e+00,0.000000000000000000e+00,0.000000000000000000e+00,0.000000000000000000e+00,8.276377563476562500e+02,8.276378784179687500e+02,8.276378784179687500e+02,8.276377563476562500e+02,-1.019923906380171418e+09
2.471999999999999975e+00,-8.593974266739726886e+01,4.290257974020217091e+01,-3.058978100845223835e+01,1.441941980715455429e-04,1.300608722374363424e-04,3.466149845365862348e-06,1.170744001865386963e-01,2.482742786407470703e+00,-2.623865842819213867e+00,-2.764955815861395161e-01,-2.492187975947070255e-01,-4.037313720569483955e-02,-8.621623824898340160e+01,4.265336094260746336e+01,-3.063015414565793293e+01,0.000000000000000000e+00,0.000000000000000000e+00,0.000000000000000000e+00,0.000000000000000000e+00,8.276378173828125000e+02,8.276378173828125000e+02,8.276378173828125000e+02,8.276378173828125000e+02,-1.019934068385591626e+09
2.472999999999999865e+00,-8.593959864278431837e+01,4.290270976173415107e+01,-3.058977785648394843e+01,1.440246129504885175e-04,1.300215319801623082e-04,3.151968289927253863e-06,1.170826554298400879e-01,2.482774972915649414e+00,-2.623894453048706055e+00,-2.766396061990830657e-01,-2.493488191266879372e-01,-4.037628917398337208e-02,-8.621623824898340160e+01,4.265336094260746336e+01,-3.063015414565793293e+01,0.000000000000000000e+00,0.000000000000000000e+00,0.000000000000000000e+00,0.000000000000000000e+00,8.276378784179687500e+02,8.276377563476562500e+02,8.276377563476562500e+02,8.276378784179687500e+02,-1.019944230377220750e+09
2.474000000000000199e+00,-8.593945475084720442e+01,4.290283970240597000e+01,-3.058977502786030556e+01,1.438919371139490977e-04,1.299406718189288767e-04,2.828623642869843025e-06,1.170913279056549072e-01,2.482810020446777344e+00,-2.623925209045410156e+00,-2.767834981361935731e-01,-2.494787597985037575e-01,-4.037911779762752562e-02,-8.621623824898340160e+01,4.265336094260746336e+01,-3.063015414565793293e+01,0.000000000000000000e+00,0.000000000000000000e+00,0.000000000000000000e+00,0.000000000000000000e+00,8.276379394531250000e+02,8.276377563476562500e+02,8.276377563476562500e+02,8.276379394531250000e+02,-1.019954392355094433e+09
2.475000000000000089e+00,-8.593931101827466534e+01,4.290296958888738033e+01,-3.058977252258688395e+01,1.437325725390792286e-04,1.298864814103239951e-04,2.505273421604670148e-06,1.170997619628906250e-01,2.482843160629272461e+00,-2.623955011367797852e+00,-2.769272307087380369e-01,-2.496086462799155525e-01,-4.038162307105055276e-02,-8.621623824898340160e+01,4.265336094260746336e+01,-3.063015414565793293e+01,0.000000000000000000e+00,0.000000000000000000e+00,0.000000000000000000e+00,0.000000000000000000e+00,8.276380004882812500e+02,8.276376953125000000e+02,8.276376953125000000e+02,8.276380004882812500e+02,-1.019964554319255233e+09
2.475999999999999979e+00,-8.593916741837747963e+01,4.290309942117863073e+01,-3.058977034405613793e+01,1.435998971857088691e-04,1.298322912504090709e-04,2.178530746022033782e-06,1.171080768108367920e-01,2.482877016067504883e+00,-2.623984575271606445e+00,-2.770708306059240233e-01,-2.497384785711684041e-01,-4.038380160179526335e-02,-8.621623824898340160e+01,4.265336094260746336e+01,-3.063015414565793293e+01,0.000000000000000000e+00,0.000000000000000000e+00,0.000000000000000000e+00,0.000000000000000000e+00,8.276380615234375000e+02,8.276376342773437500e+02,8.276376342773437500e+02,8.276380615234375000e+02,-1.019974716269741416e+09
2.476999999999999869e+00,-8.593902395116181481e+01,4.290322919928655665e+01,-3.058976848893236067e+01,1.434672156648275632e-04,1.297781079259152648e-04,1.855123777261269424e-06,1.171161830425262451e-01,2.482909440994262695e+00,-2.624012470245361328e+00,-2.772142978215871856e-01,-2.498682566790929593e-01,-4.038565672557356545e-02,-8.621623824898340160e+01,4.265336094260746336e+01,-3.063015414565793293e+01,0.000000000000000000e+00,0.000000000000000000e+00,0.000000000000000000e+00,0.000000000000000000e+00,8.276380615234375000e+02,8.276375732421875000e+02,8.276375732421875000e+02,8.276380615234375000e+02,-1.019984878206591010e+09
2.478000000000000203e+00,-8.593888064330572263e+01,4.290335889652791934e+01,-3.058976695375713462e+01,1.433078560921785538e-04,1.296972413626917842e-04,1.535175226052842845e-06,1.171248555183410645e-01,2.482944011688232422e+00,-2.624043464660644531e+00,-2.773576056776783094e-01,-2.499979539204574275e-01,-4.038719190079814031e-02,-8.621623824898340160e+01,4.265336094260746336e+01,-3.063015414565793293e+01,0.000000000000000000e+00,0.000000000000000000e+00,0.000000000000000000e+00,0.000000000000000000e+00,8.276381225585937500e+02,8.276375122070312500e+02,8.276375122070312500e+02,8.276381225585937500e+02,-1.019995040129844189e+09
2.479000000000000092e+00,-8.593873744147893490e+01,4.290348856629783825e+01,-3.058976573210502181e+01,1.432018267877310791e-04,1.296697699189053310e-04,1.221652112803894852e-06,1.171329617500305176e-01,2.482976436614990234e+00,-2.624071836471557617e+00,-2.775008075044621547e-01,-2.501276236903718364e-01,-4.038841355291001439e-02,-8.621623824898340160e+01,4.265336094260746336e+01,-3.063015414565793293e+01,0.000000000000000000e+00,0.000000000000000000e+00,0.000000000000000000e+00,0.000000000000000000e+00,8.276381835937500000e+02,8.276375122070312500e+02,8.276375122070312500e+02,8.276381835937500000e+02,-1.020005202039535880e+09
2.479999999999999982e+00,-8.593859434569326083e+01,4.290361818193883181e+01,-3.058976481390578428e+01,1.430957856740633360e-04,1.296156409935633746e-04,9.181992375317804544e-07,1.171417534351348877e-01,2.483011007308959961e+00,-2.624103307723999023e+00,-2.776439032901369397e-01,-2.502572393313666765e-01,-4.038933175214902416e-02,-8.621623824898340160e+01,4.265336094260746336e+01,-3.063015414565793293e+01,0.000000000000000000e+00,0.000000000000000000e+00,0.000000000000000000e+00,0.000000000000000000e+00,8.276382446289062500e+02,8.276374511718750000e+02,8.276374511718750000e+02,8.276382446289062500e+02,-1.020015363935698509e+09
2.480999999999999872e+00,-8.593845138265038486e+01,4.290374774346447850e+01,-3.058976418909538708e+01,1.429630428759764982e-04,1.295615256466930987e-04,6.248103971984164673e-07,1.171498894691467285e-01,2.483043670654296875e+00,-2.624130964279174805e+00,-2.777868663330219645e-01,-2.503868008570159787e-01,-4.038995656254745770e-02,-8.621623824898340160e+01,4.265336094260746336e+01,-3.063015414565793293e+01,0.000000000000000000e+00,0.000000000000000000e+00,0.000000000000000000e+00,0.000000000000000000e+00,8.276382446289062500e+02,8.276373901367187500e+02,8.276373901367187500e+02,8.276382446289062500e+02,-1.020025525818368077e+09
2.482000000000000206e+00,-8.593830848891595053e+01,4.290387726268903634e+01,-3.058976384701615103e+01,1.428937344343239602e-04,1.295192245578391521e-04,3.420792360486757389e-07,1.171584427356719971e-01,2.483077764511108398e+00,-2.624161243438720703e+00,-2.779297600674551783e-01,-2.505163200815728741e-01,-4.039029864178044632e-02,-8.621623824898340160e+01,4.265336094260746336e+01,-3.063015414565793293e+01,0.000000000000000000e+00,0.000000000000000000e+00,0.000000000000000000e+00,0.000000000000000000e+00,8.276383056640625000e+02,8.276373901367187500e+02,8.276373901367187500e+02,8.276383056640625000e+02,-1.020035687687570453e+09
2.483000000000000096e+00,-8.593816571143439376e+01,4.290400676946794079e+01,-3.058976376593015800e+01,1.427774815567772748e-04,1.295067789044423989e-04,8.108599303113805945e-08,1.171665191650390625e-01,2.483110666275024414e+00,-2.624190092086791992e+00,-2.780725375490031848e-01,-2.506458268604790374e-01,-4.039037972777583668e-02,-8.621623824898340160e+01,4.265336094260746336e+01,-3.063015414565793293e+01,0.000000000000000000e+00,0.000000000000000000e+00,0.000000000000000000e+00,0.000000000000000000e+00,8.276383056640625000e+02,8.276373291015625000e+02,8.276373291015625000e+02,8.276383056640625000e+02,-1.020045849543340445e+09
2.483999999999999986e+00,-8.593802296007879704e+01,4.290413622228798829e+01,-3.058976392843880987e+01,1.427513555967152570e-04,1.294528200475042468e-04,-1.625086518686202908e-07,1.171751618385314941e-01,2.483145236968994141e+00,-2.624220848083496094e+00,-2.782152889046110023e-01,-2.507752796805257089e-01,-4.039021721912146312e-02,-8.621623824898340160e+01,4.265336094260746336e+01,-3.063015414565793293e+01,0.000000000000000000e+00,0.000000000000000000e+00,0.000000000000000000e+00,0.000000000000000000e+00,8.276383666992187500e+02,8.276373291015625000e+02,8.276373291015625000e+02,8.276383666992187500e+02,-1.020056011385692835e+09
2.484999999999999876e+00,-8.593788028825716196e+01,4.290426567452266227e+01,-3.058976432121426825e+01,1.426718216350764123e-04,1.294522346739768182e-04,-3.927754583799014654e-07,1.171827912330627441e-01,2.483175516128540039e+00,-2.624247312545776367e+00,-2.783579607262423039e-01,-2.509047319152004074e-01,-4.038982444366562979e-02,-8.621623824898340160e+01,4.265336094260746336e+01,-3.063015414565793293e+01,0.000000000000000000e+00,0.000000000000000000e+00,0.000000000000000000e+00,0.000000000000000000e+00,8.276383666992187500e+02,8.276372680664062500e+02,8.276372680664062500e+02,8.276383666992187500e+02,-1.020066173214655638e+09
2.486000000000000210e+00,-8.593773766933001923e+01,4.290439509955687214e+01,-3.058976492090442889e+01,1.426189271427347194e-04,1.294250342098735018e-04,-5.996901606408755470e-07,1.171918809413909912e-01,2.483211994171142578e+00,-2.624279737472534180e+00,-2.785005796533834288e-01,-2.510341569494078939e-01,-4.038922475350539831e-02,-8.621623824898340160e+01,4.265336094260746336e+01,-3.063015414565793293e+01,0.000000000000000000e+00,0.000000000000000000e+00,0.000000000000000000e+00,0.000000000000000000e+00,8.276384277343750000e+02,8.276372680664062500e+02,8.276372680664062500e+02,8.276384277343750000e+02,-1.020076335030248165e+09
2.487000000000000099e+00,-8.593759507667427044e+01,4.290452449746427988e+01,-3.058976570088692881e+01,1.425926557487855462e-04,1.293979074077356017e-04,-7.799824999210613896e-07,1.171994805335998535e-01,2.483242034912109375e+00,-2.624306440353393555e+00,-2.786431723091308266e-01,-2.511635548568195153e-01,-4.038844477100372865e-02,-8.621623824898340160e+01,4.265336094260746336e+01,-3.063015414565793293e+01,0.000000000000000000e+00,0.000000000000000000e+00,0.000000000000000000e+00,0.000000000000000000e+00,8.276384277343750000e+02,8.276372680664062500e+02,8.276372680664062500e+02,8.276384277343750000e+02,-1.020086496832483649e+09
2.487999999999999989e+00,-8.593745251034215471e+01,4.290465389497346393e+01,-3.058976664121602695e+01,1.425663321157344399e-04,1.293975091840593450e-04,-9.403290981424561323e-07,1.172084808349609375e-01,2.483278036117553711e+00,-2.624337911605834961e+00,-2.787857386412532779e-01,-2.512929523659989672e-01,-4.038750444190558619e-02,-8.621623824898340160e+01,4.265336094260746336e+01,-3.063015414565793293e+01,0.000000000000000000e+00,0.000000000000000000e+00,0.000000000000000000e+00,0.000000000000000000e+00,8.276384277343750000e+02,8.276372070312500000e+02,8.276372070312500000e+02,8.276384277343750000e+02,-1.020096658621376634e+09
2.488999999999999879e+00,-8.593730997038430530e+01,4.290478329214065667e+01,-3.058976771854615961e+01,1.425399578494079833e-04,1.293971671927351963e-04,-1.077330132659426454e-06,1.172161400318145752e-01,2.483308792114257812e+00,-2.624365091323852539e+00,-2.789282785990929714e-01,-2.514223495331932567e-01,-4.038642711177381495e-02,-8.621623824898340160e+01,4.265336094260746336e+01,-3.063015414565793293e+01,0.000000000000000000e+00,0.000000000000000000e+00,0.000000000000000000e+00,0.000000000000000000e+00,8.276384277343750000e+02,8.276372070312500000e+02,8.276372070312500000e+02,8.276384277343750000e+02,-1.020106820396939993e+09
2.490000000000000213e+00,-8.593716737682358087e+01,4.290491268906711753e+01,-3.058976890303726393e+01,1.425935607244355197e-04,1.293969264608563208e-04,-1.184491104311291565e-06,1.172249019145965576e-01,2.483344078063964844e+00,-2.624396324157714844e+00,-2.790708721598170183e-01,-2.515517464596515040e-01,-4.038524262066944120e-02,-8.621623824898340160e+01,4.265336094260746336e+01,-3.063015414565793293e+01,0.000000000000000000e+00,0.000000000000000000e+00,0.000000000000000000e+00,0.000000000000000000e+00,8.276384277343750000e+02,8.276372070312500000e+02,8.276372070312500000e+02,8.276384277343750000e+02,-1.020116982159171224e+09
2.491000000000000103e+00,-8.593702480976972424e+01,4.290504211246937416e+01,-3.058977016789819814e+01,1.425670538566237155e-04,1.294234022566342901e-04,-1.264860934213629662e-06,1.172332167625427246e-01,2.483376741409301758e+00,-2.624425649642944336e+00,-2.792134392136746412e-01,-2.516811698619085269e-01,-4.038397775973610188e-02,-8.621623824898340160e+01,4.265336094260746336e+01,-3.063015414565793293e+01,0.000000000000000000e+00,0.000000000000000000e+00,0.000000000000000000e+00,0.000000000000000000e+00,8.276384277343750000e+02,8.276372070312500000e+02,8.276372070312500000e+02,8.276384277343750000e+02,-1.020127143908081889e+09
2.491999999999999993e+00,-8.593688218923685440e+01,4.290517153576842446e+01,-3.058977148322419382e+01,1.426205328698415542e-04,1.294232990503019209e-04,-1.315325995676630555e-06,1.172412633895874023e-01,2.483409881591796875e+00,-2.624454259872436523e+00,-2.793560597465526985e-01,-2.518105931609603276e-01,-4.038266243373798275e-02,-8.621623824898340160e+01,4.265336094260746336e+01,-3.063015414565793293e+01,0.000000000000000000e+00,0.000000000000000000e+00,0.000000000000000000e+00,0.000000000000000000e+00,8.276384277343750000e+02,8.276372070312500000e+02,8.276372070312500000e+02,8.276384277343750000e+02,-1.020137305643666267e+09
2.492999999999999883e+00,-8.593673953193336956e+01,4.290530094400189398e+01,-3.058977283144858106e+01,1.426573034848388488e-04,1.294082334695190184e-04,-1.348224387243135425e-06,1.172495484352111816e-01,2.483442068099975586e+00,-2.624483108520507812e+00,-2.794987170500311535e-01,-2.519400013944311789e-01,-4.038131420935153759e-02,-8.621623824898340160e+01,4.265336094260746336e+01,-3.063015414565793293e+01,0.000000000000000000e+00,0.000000000000000000e+00,0.000000000000000000e+00,0.000000000000000000e+00,8.276384277343750000e+02,8.276372070312500000e+02,8.276372070312500000e+02,8.276384277343750000e+02,-1.020147467365918636e+09
2.494000000000000217e+00,-8.593659680463706252e+01,4.290543042063461598e+01,-3.058977417112873809e+01,1.427272963070436163e-04,1.294766327220031599e-04,-1.339680157030898044e-06,1.172577738761901855e-01,2.483475923538208008e+00,-2.624512672424316406e+00,-2.796414443463363653e-01,-2.520694780271506286e-01,-4.037997452919655367e-02,-8.621623824898340160e+01,4.265336094260746336e+01,-3.063015414565793293e+01,0.000000000000000000e+00,0.000000000000000000e+00,0.000000000000000000e+00,0.000000000000000000e+00,8.276384277343750000e+02,8.276372680664062500e+02,8.276372680664062500e+02,8.276384277343750000e+02,-1.020157629074832320e+09
2.495000000000000107e+00,-8.593645399734927537e+01,4.290555989736064646e+01,-3.058977548462675955e+01,1.428072877871500168e-04,1.294767260304752199e-04,-1.313498021460191012e-06,1.172660589218139648e-01,2.483508348464965820e+00,-2.624541521072387695e+00,-2.797842516341216834e-01,-2.521989547531850451e-01,-4.037866103117276895e-02,-8.621623824898340160e+01,4.265336094260746336e+01,-3.063015414565793293e+01,0.000000000000000000e+00,0.000000000000000000e+00,0.000000000000000000e+00,0.000000000000000000e+00,8.276383666992187500e+02,8.276372680664062500e+02,8.276372680664062500e+02,8.276383666992187500e+02,-1.020167790770392299e+09
2.495999999999999996e+00,-8.593631111016878776e+01,4.290568942763081850e+01,-3.058977673538739950e+01,1.428871804876052920e-04,1.295302701720402183e-04,-1.250760639948111930e-06,1.172741949558258057e-01,2.483541011810302734e+00,-2.624569654464721680e+00,-2.799271388146148953e-01,-2.523284850233567522e-01,-4.037741027053218246e-02,-8.621623824898340160e+01,4.265336094260746336e+01,-3.063015414565793293e+01,0.000000000000000000e+00,0.000000000000000000e+00,0.000000000000000000e+00,0.000000000000000000e+00,8.276383666992187500e+02,8.276372680664062500e+02,8.276372680664062500e+02,8.276383666992187500e+02,-1.020177952452585578e+09
2.496999999999999886e+00,-8.593616811645900100e+01,4.290581901150383715e+01,-3.058977790345947412e+01,1.429937097867650664e-04,1.295838730186460452e-04,-1.168072074619885825e-06,1.172828376293182373e-01,2.483575820922851562e+00,-2.624600410461425781e+00,-2.800701325244045470e-01,-2.524580688963707908e-01,-4.037624219845805523e-02,-8.621623824898340160e+01,4.265336094260746336e+01,-3.063015414565793293e+01,0.000000000000000000e+00,0.000000000000000000e+00,0.000000000000000000e+00,0.000000000000000000e+00,8.276383666992187500e+02,8.276373291015625000e+02,8.276373291015625000e+02,8.276383666992187500e+02,-1.020188114121393323e+09
2.498000000000000220e+00,-8.593602504296555367e+01,4.290594862237149698e+01,-3.058977895536889235e+01,1.430734934473321118e-04,1.296108676598350939e-04,-1.051909418237073623e-06,1.172911524772644043e-01,2.483608722686767578e+00,-2.624630212783813477e+00,-2.802132060178494366e-01,-2.525876797640355109e-01,-4.037519028904209412e-02,-8.621623824898340160e+01,4.265336094260746336e+01,-3.063015414565793293e+01,0.000000000000000000e+00,0.000000000000000000e+00,0.000000000000000000e+00,0.000000000000000000e+00,8.276383056640625000e+02,8.276373291015625000e+02,8.276373291015625000e+02,8.276383056640625000e+02,-1.020198275776797175e+09
2.499000000000000110e+00,-8.593588183637123734e+01,4.290607826030231564e+01,-3.058977987122324294e+01,1.432065943163252086e-04,1.296379308186601520e-04,-9.158543505805027962e-07,1.172991394996643066e-01,2.483640909194946289e+00,-2.624657392501831055e+00,-2.803564126121699807e-01,-2.527173176948501188e-01,-4.037427443469097238e-02,-8.621623824898340160e+01,4.265336094260746336e+01,-3.063015414565793293e+01,0.000000000000000000e+00,0.000000000000000000e+00,0.000000000000000000e+00,0.000000000000000000e+00,8.276383056640625000e+02,8.276373901367187500e+02,8.276373901367187500e+02,8.276383056640625000e+02,-1.020208437418768406e+09
2.500000000000000000e+00,-8.593573852343412511e+01,4.290620797871365966e+01,-3.058978062441417478e+01,1.433129371122277007e-04,1.297184113440152942e-04,-7.531909318458929192e-07,1.173077821731567383e-01,2.483675956726074219e+00,-2.624688863754272461e+00,-2.804997255492730490e-01,-2.528470361061935234e-01,-4.037352124375658685e-02,-8.621623824898340160e+01,4.265336094260746336e+01,-3.063015414565793293e+01,0.000000000000000000e+00,0.000000000000000000e+00,0.000000000000000000e+00,0.000000000000000000e+00,8.276382446289062500e+02,8.276373901367187500e+02,8.276374511718750000e+02,8.276382446289062500e+02,-1.020218599047285795e+09
2.500999999999999890e+00,-8.593559507751486137e+01,4.290633772431997528e+01,-3.058978118819011982e+01,1.434459192637405067e-04,1.297456063156232631e-04,-5.637759450394241867e-07,1.173157393932342529e-01,2.483707427978515625e+00,-2.624716758728027344e+00,-2.806431714685377887e-01,-2.529767817125091467e-01,-4.037295746781142253e-02,-8.621623824898340160e+01,4.265336094260746336e+01,-3.063015414565793293e+01,0.000000000000000000e+00,0.000000000000000000e+00,0.000000000000000000e+00,0.000000000000000000e+00,8.276381835937500000e+02,8.276374511718750000e+02,8.276374511718750000e+02,8.276381835937500000e+02,-1.020228760662317157e+09
2.501999999999999780e+00,-8.593545147199532153e+01,4.290646755054164885e+01,-3.058978154273075134e+01,1.436055195398466822e-04,1.298262216735679431e-04,-3.545406315197396907e-07,1.173245310783386230e-01,2.483742475509643555e+00,-2.624748229980468750e+00,-2.807867769880790232e-01,-2.531066079341859898e-01,-4.037260292718251181e-02,-8.621623824898340160e+01,4.265336094260746336e+01,-3.063015414565793293e+01,0.000000000000000000e+00,0.000000000000000000e+00,0.000000000000000000e+00,0.000000000000000000e+00,8.276381835937500000e+02,8.276375122070312500e+02,8.276375122070312500e+02,8.276381835937500000e+02,-1.020238922263829350e+09
2.503000000000000114e+00,-8.593530773359229613e+01,4.290659743073847210e+01,-3.058978166790220499e+01,1.437384030253952005e-04,1.298801968232510262e-04,-1.251714536465442507e-07,1.173326075077056885e-01,2.483774185180664062e+00,-2.624775886535644531e+00,-2.809305153911028641e-01,-2.532364881310059102e-01,-4.037247775572814362e-02,-8.621623824898340160e+01,4.265336094260746336e+01,-3.063015414565793293e+01,0.000000000000000000e+00,0.000000000000000000e+00,0.000000000000000000e+00,0.000000000000000000e+00,8.276381225585937500e+02,8.276375732421875000e+02,8.276375732421875000e+02,8.276381225585937500e+02,-1.020249083851790190e+09
2.504000000000000004e+00,-8.593516385242848798e+01,4.290672734987394676e+01,-3.058978154619713763e+01,1.438811638081460842e-04,1.299191354746653815e-04,1.217050673574249231e-07,1.173408031463623047e-01,2.483808040618896484e+00,-2.624804735183715820e+00,-2.810743965549142853e-01,-2.533664072664802980e-01,-4.037259946079646555e-02,-8.621623824898340160e+01,4.265336094260746336e+01,-3.063015414565793293e+01,0.000000000000000000e+00,0.000000000000000000e+00,0.000000000000000000e+00,0.000000000000000000e+00,8.276380615234375000e+02,8.276375732421875000e+02,8.276375732421875000e+02,8.276380615234375000e+02,-1.020259245426163435e+09
2.504999999999999893e+00,-8.593501982172288933e+01,4.290685736484520874e+01,-3.058978115606052484e+01,1.440307055986522755e-04,1.300149712619713682e-04,3.901366127934124961e-07,1.173496842384338379e-01,2.483843803405761719e+00,-2.624836206436157227e+00,-2.812184272605172120e-01,-2.534964222377461551e-01,-4.037298959740951571e-02,-8.621623824898340160e+01,4.265336094260746336e+01,-3.063015414565793293e+01,0.000000000000000000e+00,0.000000000000000000e+00,0.000000000000000000e+00,0.000000000000000000e+00,8.276380004882812500e+02,8.276376342773437500e+02,8.276376342773437500e+02,8.276380004882812500e+02,-1.020269406986915350e+09
2.505999999999999783e+00,-8.593487563156605802e+01,4.290698743392679404e+01,-3.058978048658982374e+01,1.441901568313141979e-04,1.300690815853045024e-04,6.694707010979072948e-07,1.173575520515441895e-01,2.483875989913940430e+00,-2.624864339828491211e+00,-2.813626174173476935e-01,-2.536264913193275738e-01,-4.037365906811039157e-02,-8.621623824898340160e+01,4.265336094260746336e+01,-3.063015414565793293e+01,0.000000000000000000e+00,0.000000000000000000e+00,0.000000000000000000e+00,0.000000000000000000e+00,8.276379394531250000e+02,8.276376953125000000e+02,8.276376953125000000e+02,8.276379394531250000e+02,-1.020279568534006000e+09
2.507000000000000117e+00,-8.593473128199585176e+01,4.290711755716073128e+01,-3.058977952111042953e+01,1.443495702062591590e-04,1.301232339372404567e-04,9.654793942104333837e-07,1.173661947250366211e-01,2.483910560607910156e+00,-2.624895572662353516e+00,-2.815069669875560621e-01,-2.537566145532679229e-01,-4.037462454750331137e-02,-8.621623824898340160e+01,4.265336094260746336e+01,-3.063015414565793293e+01,0.000000000000000000e+00,0.000000000000000000e+00,0.000000000000000000e+00,0.000000000000000000e+00,8.276379394531250000e+02,8.276377563476562500e+02,8.276377563476562500e+02,8.276378784179687500e+02,-1.020289730067394733e+09
2.508000000000000007e+00,-8.593458677304437288e+01,4.290724776125330209e+01,-3.058977824968339121e+01,1.445089514788833185e-04,1.302040925708070063e-04,1.271427038318506675e-06,1.173743903636932373e-01,2.483942031860351562e+00,-2.624923706054687500e+00,-2.816514759390232880e-01,-2.538868186458383414e-01,-4.037589597454087353e-02,-8.621623824898340160e+01,4.265336094260746336e+01,-3.063015414565793293e+01,0.000000000000000000e+00,0.000000000000000000e+00,0.000000000000000000e+00,0.000000000000000000e+00,8.276378784179687500e+02,8.276378173828125000e+02,8.276378173828125000e+02,8.276378784179687500e+02,-1.020299891587042332e+09
2.508999999999999897e+00,-8.593444210471849942e+01,4.290737801954153952e+01,-3.058977666557386144e+01,1.446683258734537958e-04,1.302582882374281326e-04,1.584109529773058966e-06,1.173829734325408936e-01,2.483976602554321289e+00,-2.624954223632812500e+00,-2.817961442649045134e-01,-2.540170769340782120e-01,-4.037748008407002209e-02,-8.621623824898340160e+01,4.265336094260746336e+01,-3.063015414565793293e+01,0.000000000000000000e+00,0.000000000000000000e+00,0.000000000000000000e+00,0.000000000000000000e+00,8.276378173828125000e+02,8.276378784179687500e+02,8.276378784179687500e+02,8.276378173828125000e+02,-1.020310053092907190e+09
2.509999999999999787e+00,-8.593429727703561127e+01,4.290750835871539692e+01,-3.058977476551309493e+01,1.448276828881489564e-04,1.303391738574077863e-04,1.900060766502065235e-06,1.173913180828094482e-01,2.484009981155395508e+00,-2.624984264373779297e+00,-2.819409719477866672e-01,-2.541474161079362304e-01,-4.037938014483878624e-02,-8.621623824898340160e+01,4.265336094260746336e+01,-3.063015414565793293e+01,0.000000000000000000e+00,0.000000000000000000e+00,0.000000000000000000e+00,0.000000000000000000e+00,8.276377563476562500e+02,8.276379394531250000e+02,8.276379394531250000e+02,8.276377563476562500e+02,-1.020320214584949493e+09
2.511000000000000121e+00,-8.593415231668193144e+01,4.290763872543009683e+01,-3.058977253930630624e+01,1.449603536798349523e-04,1.303667146999032411e-04,2.226206788691342808e-06,1.173997223377227783e-01,2.484043836593627930e+00,-2.625013589859008789e+00,-2.820859323014759390e-01,-2.542777828226347459e-01,-4.038160635162622164e-02,-8.621623824898340160e+01,4.265336094260746336e+01,-3.063015414565793293e+01,0.000000000000000000e+00,0.000000000000000000e+00,0.000000000000000000e+00,0.000000000000000000e+00,8.276376953125000000e+02,8.276379394531250000e+02,8.276379394531250000e+02,8.276376953125000000e+02,-1.020330376063128829e+09
2.512000000000000011e+00,-8.593400719698819046e+01,4.290776917304930294e+01,-3.058976999047962764e+01,1.451196937409804377e-04,1.304476192061088113e-04,2.548826678605564666e-06,1.174085140228271484e-01,2.484079122543334961e+00,-2.625044822692871094e+00,-2.822310519952059282e-01,-2.544082304418410767e-01,-4.038415517830658968e-02,-8.621623824898340160e+01,4.265336094260746336e+01,-3.063015414565793293e+01,0.000000000000000000e+00,0.000000000000000000e+00,0.000000000000000000e+00,0.000000000000000000e+00,8.276376342773437500e+02,8.276380004882812500e+02,8.276380004882812500e+02,8.276376342773437500e+02,-1.020340537527405262e+09
2.512999999999999901e+00,-8.593386194463637651e+01,4.290789970156471611e+01,-3.058976711897465250e+01,1.452523518139514636e-04,1.305285154131752279e-04,2.871504975132666004e-06,1.174167394638061523e-01,2.484112024307250977e+00,-2.625073909759521484e+00,-2.823763043470188805e-01,-2.545387589572518650e-01,-4.038702668328112561e-02,-8.621623824898340160e+01,4.265336094260746336e+01,-3.063015414565793293e+01,0.000000000000000000e+00,0.000000000000000000e+00,0.000000000000000000e+00,0.000000000000000000e+00,8.276375732421875000e+02,8.276380615234375000e+02,8.276380615234375000e+02,8.276375732421875000e+02,-1.020350698977743149e+09
2.513999999999999790e+00,-8.593371655960964972e+01,4.290803025761649536e+01,-3.058976392466069782e+01,1.453850267267853269e-04,1.305560517792514474e-04,3.194313954679728340e-06,1.174254119396209717e-01,2.484146356582641602e+00,-2.625103712081909180e+00,-2.825216893737514390e-01,-2.546693150090287849e-01,-4.039022099723489634e-02,-8.621623824898340160e+01,4.265336094260746336e+01,-3.063015414565793293e+01,0.000000000000000000e+00,0.000000000000000000e+00,0.000000000000000000e+00,0.000000000000000000e+00,8.276375732421875000e+02,8.276381225585937500e+02,8.276381225585937500e+02,8.276375732421875000e+02,-1.020360860414102435e+09
2.515000000000000124e+00,-8.593357105874194701e+01,4.290816085267209701e+01,-3.058976042338946399e+01,1.455008677027080921e-04,1.305950556016455266e-04,3.501271233830038909e-06,1.174337863922119141e-01,2.484179973602294922e+00,-2.625134229660034180e+00,-2.826671902414615856e-01,-2.547999100646335946e-01,-4.039372226846805330e-02,-8.621623824898340160e+01,4.265336094260746336e+01,-3.063015414565793293e+01,0.000000000000000000e+00,0.000000000000000000e+00,0.000000000000000000e+00,0.000000000000000000e+00,8.276375122070312500e+02,8.276381835937500000e+02,8.276381835937500000e+02,8.276375122070312500e+02,-1.020371021836447835e+09
2.516000000000000014e+00,-8.593342543500936870e+01,4.290829151706997635e+01,-3.058975661354735109e+01,1.456237325783149572e-04,1.306643978793431415e-04,3.809842112900696520e-06,1.174421608448028564e-01,2.484213590621948242e+00,-2.625163555145263672e+00,-2.828128139740314628e-01,-2.549305744625143255e-01,-4.039753211058293159e-02,-8.621623824898340160e+01,4.265336094260746336e+01,-3.063015414565793293e+01,0.000000000000000000e+00,0.000000000000000000e+00,0.000000000000000000e+00,0.000000000000000000e+00,8.276374511718750000e+02,8.276381835937500000e+02,8.276381835937500000e+02,8.276374511718750000e+02,-1.020381183244745493e+09
2.516999999999999904e+00,-8.593327967854574467e+01,4.290842220894199244e+01,-3.058975250757854170e+01,1.457564636240249456e-04,1.306918720160865632e-04,4.105968809398063968e-06,1.174506843090057373e-01,2.484247207641601562e+00,-2.625193357467651367e+00,-2.829585704376578192e-01,-2.550612663345260822e-01,-4.040163807939180923e-02,-8.621623824898340160e+01,4.265336094260746336e+01,-3.063015414565793293e+01,0.000000000000000000e+00,0.000000000000000000e+00,0.000000000000000000e+00,0.000000000000000000e+00,8.276374511718750000e+02,8.276382446289062500e+02,8.276382446289062500e+02,8.276373901367187500e+02,-1.020391344638956666e+09
2.517999999999999794e+00,-8.593313384268564903e+01,4.290855295490950283e+01,-3.058974812210599481e+01,1.458358600956444207e-04,1.307459675103928021e-04,4.385472546886148848e-06,1.174591183662414551e-01,2.484280586242675781e+00,-2.625222444534301758e+00,-2.831044062977545184e-01,-2.551920123020420261e-01,-4.040602355193738393e-02,-8.621623824898340160e+01,4.265336094260746336e+01,-3.063015414565793293e+01,0.000000000000000000e+00,0.000000000000000000e+00,0.000000000000000000e+00,0.000000000000000000e+00,8.276373901367187500e+02,8.276383056640625000e+02,8.276383056640625000e+02,8.276373901367187500e+02,-1.020401506019055605e+09
2.519000000000000128e+00,-8.593298792740031899e+01,4.290868375494062548e+01,-3.058974347047045583e+01,1.459152853300338393e-04,1.308000311226464873e-04,4.651635538976961470e-06,1.174680888652801514e-01,2.484317064285278320e+00,-2.625254631042480469e+00,-2.832503215830801668e-01,-2.553228123331594546e-01,-4.041067518747661069e-02,-8.621623824898340160e+01,4.265336094260746336e+01,-3.063015414565793293e+01,0.000000000000000000e+00,0.000000000000000000e+00,0.000000000000000000e+00,0.000000000000000000e+00,8.276373291015625000e+02,8.276383056640625000e+02,8.276383056640625000e+02,8.276373291015625000e+02,-1.020411667385016918e+09
2.520000000000000018e+00,-8.593284193263558279e+01,4.290881455563403790e+01,-3.058973856921589274e+01,1.459947647362014322e-04,1.308006934124250620e-04,4.901254563094425976e-06,1.174760758876800537e-01,2.484349012374877930e+00,-2.625283241271972656e+00,-2.833963163478227520e-01,-2.554536130265742666e-01,-4.041557644203876837e-02,-8.621623824898340160e+01,4.265336094260746336e+01,-3.063015414565793293e+01,0.000000000000000000e+00,0.000000000000000000e+00,0.000000000000000000e+00,0.000000000000000000e+00,8.276373291015625000e+02,8.276383666992187500e+02,8.276383666992187500e+02,8.276373291015625000e+02,-1.020421828736811876e+09
2.520999999999999908e+00,-8.593269585836559088e+01,4.290894541030227316e+01,-3.058973343848489534e+01,1.460742699919137522e-04,1.308546682352584867e-04,5.130730997393584403e-06,1.174851953983306885e-01,2.484385490417480469e+00,-2.625314474105834961e+00,-2.835423906178088926e-01,-2.555844676948109684e-01,-4.042070717303607175e-02,-8.621623824898340160e+01,4.265336094260746336e+01,-3.063015414565793293e+01,0.000000000000000000e+00,0.000000000000000000e+00,0.000000000000000000e+00,0.000000000000000000e+00,8.276372680664062500e+02,8.276383666992187500e+02,8.276383666992187500e+02,8.276372680664062500e+02,-1.020431990074417353e+09
2.521999999999999797e+00,-8.593254975789031391e+01,4.290907626551646814e+01,-3.058972809803733739e+01,1.461004752769667903e-04,1.308552141949803627e-04,5.340447557955485536e-06,1.174935996532440186e-01,2.484419822692871094e+00,-2.625344514846801758e+00,-2.836884910930919101e-01,-2.557153229090046165e-01,-4.042604762059404805e-02,-8.621623824898340160e+01,4.265336094260746336e+01,-3.063015414565793293e+01,0.000000000000000000e+00,0.000000000000000000e+00,0.000000000000000000e+00,0.000000000000000000e+00,8.276372680664062500e+02,8.276383666992187500e+02,8.276383666992187500e+02,8.276372680664062500e+02,-1.020442151397816300e+09
2.523000000000000131e+00,-8.593240360448643855e+01,4.290920714790969015e+01,-3.058972257134435324e+01,1.461534038753597997e-04,1.308823932220093411e-04,5.526692984147985044e-06,1.175021529197692871e-01,2.484453916549682617e+00,-2.625374794006347656e+00,-2.838346444969587212e-01,-2.558462053022247940e-01,-4.043157431357815440e-02,-8.621623824898340160e+01,4.265336094260746336e+01,-3.063015414565793293e+01,0.000000000000000000e+00,0.000000000000000000e+00,0.000000000000000000e+00,0.000000000000000000e+00,8.276372680664062500e+02,8.276384277343750000e+02,8.276384277343750000e+02,8.276372680664062500e+02,-1.020452312706990600e+09
2.524000000000000021e+00,-8.593225742478183804e+01,4.290933803074295128e+01,-3.058971687829100361e+01,1.461797046005131051e-04,1.308828332611255973e-04,5.693053349631327364e-06,1.175107657909393311e-01,2.484487771987915039e+00,-2.625404834747314453e+00,-2.839808242015567918e-01,-2.559770881354849204e-01,-4.043726736693006862e-02,-8.621623824898340160e+01,4.265336094260746336e+01,-3.063015414565793293e+01,0.000000000000000000e+00,0.000000000000000000e+00,0.000000000000000000e+00,0.000000000000000000e+00,8.276372680664062500e+02,8.276384277343750000e+02,8.276384277343750000e+02,8.276372680664062500e+02,-1.020462474001925707e+09
2.524999999999999911e+00,-8.593211126233147468e+01,4.290946889867354486e+01,-3.058971105128183865e+01,1.461624503633629502e-04,1.308679305935811499e-04,5.827009164960372800e-06,1.175191700458526611e-01,2.484521150588989258e+00,-2.625435352325439453e+00,-2.841269866519287590e-01,-2.561079560660782795e-01,-4.044309437609486940e-02,-8.621623824898340160e+01,4.265336094260746336e+01,-3.063015414565793293e+01,0.000000000000000000e+00,0.000000000000000000e+00,0.000000000000000000e+00,0.000000000000000000e+00,8.276372070312500000e+02,8.276384277343750000e+02,8.276384277343750000e+02,8.276372070312500000e+02,-1.020472635282615066e+09
2.525999999999999801e+00,-8.593196508321862837e+01,4.290959978216321957e+01,-3.058970510543074894e+01,1.461791128463119094e-04,1.308834896747157472e-04,5.945851089705911363e-06,1.175283491611480713e-01,2.484557628631591797e+00,-2.625467300415039062e+00,-2.842731657647734611e-01,-2.562388395557531617e-01,-4.044904022718343733e-02,-8.621623824898340160e+01,4.265336094260746336e+01,-3.063015414565793293e+01,0.000000000000000000e+00,0.000000000000000000e+00,0.000000000000000000e+00,0.000000000000000000e+00,8.276372070312500000e+02,8.276384277343750000e+02,8.276384277343750000e+02,8.276372070312500000e+02,-1.020482796549049973e+09
2.527000000000000135e+00,-8.593181893098184787e+01,4.290973066586850848e+01,-3.058969907647682263e+01,1.461522367804946043e-04,1.308837052889089136e-04,6.028953926318081358e-06,1.175361275672912598e-01,2.484589815139770508e+00,-2.625494480133056641e+00,-2.844193180015466282e-01,-2.563697232610441801e-01,-4.045506918111039379e-02,-8.621623824898340160e+01,4.265336094260746336e+01,-3.063015414565793293e+01,0.000000000000000000e+00,0.000000000000000000e+00,0.000000000000000000e+00,0.000000000000000000e+00,8.276372070312500000e+02,8.276384277343750000e+02,8.276384277343750000e+02,8.276372070312500000e+02,-1.020492957801230192e+09
2.528000000000000025e+00,-8.593167280556920673e+01,4.290986154973173683e+01,-3.058969298776544576e+01,1.461254126411404286e-04,1.308838632283482184e-04,6.088711376861510871e-06,1.175451874732971191e-01,2.484625577926635742e+00,-2.625526189804077148e+00,-2.845654434141994260e-01,-2.565006071242741381e-01,-4.046115789248887901e-02,-8.621623824898340160e+01,4.265336094260746336e+01,-3.063015414565793293e+01,0.000000000000000000e+00,0.000000000000000000e+00,0.000000000000000000e+00,0.000000000000000000e+00,8.276372070312500000e+02,8.276384277343750000e+02,8.276384277343750000e+02,8.276372070312500000e+02,-1.020503119039156675e+09
2.528999999999999915e+00,-8.593152670691216599e+01,4.290999240700627837e+01,-3.058968686591084563e+01,1.460986570407385443e-04,1.308572745415403915e-04,6.121854600138476599e-06,1.175539195537567139e-01,2.484660625457763672e+00,-2.625557184219360352e+00,-2.847115420712323375e-01,-2.566314643988146238e-01,-4.046727974708905218e-02,-8.621623824898340160e+01,4.265336094260746336e+01,-3.063015414565793293e+01,0.000000000000000000e+00,0.000000000000000000e+00,0.000000000000000000e+00,0.000000000000000000e+00,8.276372680664062500e+02,8.276384277343750000e+02,8.276384277343750000e+02,8.276372070312500000e+02,-1.020513280262829781e+09
2.529999999999999805e+00,-8.593138068829792076e+01,4.291012323759017733e+01,-3.058968074414399752e+01,1.460186142452357672e-04,1.308305838989554104e-04,6.121766848110610226e-06,1.175623536109924316e-01,2.484693288803100586e+00,-2.625586986541748047e+00,-2.848575606854868436e-01,-2.567622949827128576e-01,-4.047340151393576113e-02,-8.621623824898340160e+01,4.265336094260746336e+01,-3.063015414565793293e+01,0.000000000000000000e+00,0.000000000000000000e+00,0.000000000000000000e+00,0.000000000000000000e+00,8.276372680664062500e+02,8.276384277343750000e+02,8.276384277343750000e+02,8.276372680664062500e+02,-1.020523441472261071e+09
2.531000000000000139e+00,-8.593123472299325272e+01,4.291025404143491073e+01,-3.058967464586979901e+01,1.459653046680386979e-04,1.308038447334070042e-04,6.098274198507169785e-06,1.175707280635833740e-01,2.484727621078491211e+00,-2.625616312026977539e+00,-2.850035259901527174e-01,-2.568930988274463756e-01,-4.047949978813383809e-02,-8.621623824898340160e+01,4.265336094260746336e+01,-3.063015414565793293e+01,0.000000000000000000e+00,0.000000000000000000e+00,0.000000000000000000e+00,0.000000000000000000e+00,8.276372680664062500e+02,8.276383666992187500e+02,8.276383666992187500e+02,8.276372680664062500e+02,-1.020533602667458892e+09
2.532000000000000028e+00,-8.593108883759521177e+01,4.291038479176724252e+01,-3.058966860431250723e+01,1.458853980409458018e-04,1.307503323317860122e-04,6.041557291780463856e-06,1.175792515277862549e-01,2.484761714935302734e+00,-2.625645875930786133e+00,-2.851494113881914982e-01,-2.570238491597809927e-01,-4.048554134542722838e-02,-8.621623824898340160e+01,4.265336094260746336e+01,-3.063015414565793293e+01,0.000000000000000000e+00,0.000000000000000000e+00,0.000000000000000000e+00,0.000000000000000000e+00,8.276372680664062500e+02,8.276383666992187500e+02,8.276383666992187500e+02,8.276372680664062500e+02,-1.020543763848435998e+09
2.532999999999999918e+00,-8.593094305875754912e+01,4.291051554188862127e+01,-3.058966263955493048e+01,1.457788376626467652e-04,1.307501213787531924e-04,5.964757576748525025e-06,1.175883412361145020e-01,2.484797477722167969e+00,-2.625678777694702148e+00,-2.852951902258514805e-01,-2.571545992811611892e-01,-4.049150610300388670e-02,-8.621623824898340160e+01,4.265336094260746336e+01,-3.063015414565793293e+01,0.000000000000000000e+00,0.000000000000000000e+00,0.000000000000000000e+00,0.000000000000000000e+00,8.276373291015625000e+02,8.276383666992187500e+02,8.276383666992187500e+02,8.276373291015625000e+02,-1.020553925015215516e+09
2.533999999999999808e+00,-8.593079735969733690e+01,4.291064621168358428e+01,-3.058965678480808847e+01,1.456990602122232303e-04,1.306697949630120092e-04,5.854746842004487917e-06,1.175963878631591797e-01,2.484829664230346680e+00,-2.625706195831298828e+00,-2.854408892860613722e-01,-2.572852690761202044e-01,-4.049736084984579404e-02,-8.621623824898340160e+01,4.265336094260746336e+01,-3.063015414565793293e+01,0.000000000000000000e+00,0.000000000000000000e+00,0.000000000000000000e+00,0.000000000000000000e+00,8.276373291015625000e+02,8.276383056640625000e+02,8.276383056640625000e+02,8.276373291015625000e+02,-1.020564086167810917e+09
2.535000000000000142e+00,-8.593065181076909198e+01,4.291077683909815477e+01,-3.058965106588234661e+01,1.455489282449207167e-04,1.306274145704833245e-04,5.718925741859948175e-06,1.176054179668426514e-01,2.484866857528686523e+00,-2.625738382339477539e+00,-2.855864382143069036e-01,-2.574158964906917979e-01,-4.050307977558695316e-02,-8.621623824898340160e+01,4.265336094260746336e+01,-3.063015414565793293e+01,0.000000000000000000e+00,0.000000000000000000e+00,0.000000000000000000e+00,0.000000000000000000e+00,8.276373901367187500e+02,8.276383056640625000e+02,8.276383056640625000e+02,8.276373901367187500e+02,-1.020574247306252718e+09
2.536000000000000032e+00,-8.593050635118501646e+01,4.291090745474158297e+01,-3.058964550461317344e+01,1.454595840755246172e-04,1.306156434282002010e-04,5.561269173171012881e-06,1.176139712333679199e-01,2.484899997711181641e+00,-2.625768899917602539e+00,-2.857318977983864805e-01,-2.575465121341162233e-01,-4.050864104475849353e-02,-8.621623824898340160e+01,4.265336094260746336e+01,-3.063015414565793293e+01,0.000000000000000000e+00,0.000000000000000000e+00,0.000000000000000000e+00,0.000000000000000000e+00,8.276373901367187500e+02,8.276382446289062500e+02,8.276382446289062500e+02,8.276373901367187500e+02,-1.020584408430565238e+09
2.536999999999999922e+00,-8.593036102457391223e+01,4.291103798985482598e+01,-3.058964012660466736e+01,1.453266111042239572e-04,1.305351132430132566e-04,5.378008506085052431e-06,1.176224350929260254e-01,2.484934329986572266e+00,-2.625798940658569336e+00,-2.858772244094914261e-01,-2.576770472473594031e-01,-4.051401905326687536e-02,-8.621623824898340160e+01,4.265336094260746336e+01,-3.063015414565793293e+01,0.000000000000000000e+00,0.000000000000000000e+00,0.000000000000000000e+00,0.000000000000000000e+00,8.276374511718750000e+02,8.276381835937500000e+02,8.276381835937500000e+02,8.276374511718750000e+02,-1.020594569540775537e+09
2.537999999999999812e+00,-8.593021585758000924e+01,4.291116847105816134e+01,-3.058963495187300907e+01,1.451669939029898160e-04,1.304812033353641709e-04,5.174731658286191305e-06,1.176309883594512939e-01,2.484968185424804688e+00,-2.625828266143798828e+00,-2.860223914033895309e-01,-2.578075284506979314e-01,-4.051919378492402357e-02,-8.621623824898340160e+01,4.265336094260746336e+01,-3.063015414565793293e+01,0.000000000000000000e+00,0.000000000000000000e+00,0.000000000000000000e+00,0.000000000000000000e+00,8.276375122070312500e+02,8.276381835937500000e+02,8.276381835937500000e+02,8.276375122070312500e+02,-1.020604730636918902e+09
2.539000000000000146e+00,-8.593007079678083926e+01,4.291129889830331479e+01,-3.058963000721807646e+01,1.450607991699826016e-04,1.304272451534416177e-04,4.944654932614866993e-06,1.176393926143646240e-01,2.485001802444458008e+00,-2.625858068466186523e+00,-2.861674522025580703e-01,-2.579379556958532604e-01,-4.052413843985649966e-02,-8.621623824898340160e+01,4.265336094260746336e+01,-3.063015414565793293e+01,0.000000000000000000e+00,0.000000000000000000e+00,0.000000000000000000e+00,0.000000000000000000e+00,8.276375732421875000e+02,8.276381225585937500e+02,8.276381225585937500e+02,8.276375732421875000e+02,-1.020614891719023108e+09
2.540000000000000036e+00,-8.592992592217923686e+01,4.291142924484675092e+01,-3.058962530573279537e+01,1.448746016023960692e-04,1.303465434361328334e-04,4.701485281088935153e-06,1.176484823226928711e-01,2.485037565231323242e+00,-2.625890493392944336e+00,-2.863123268041666281e-01,-2.580683022392884496e-01,-4.052883992513619388e-02,-8.621623824898340160e+01,4.265336094260746336e+01,-3.063015414565793293e+01,0.000000000000000000e+00,0.000000000000000000e+00,0.000000000000000000e+00,0.000000000000000000e+00,8.276375732421875000e+02,8.276380615234375000e+02,8.276380615234375000e+02,8.276375732421875000e+02,-1.020625052787128329e+09
2.540999999999999925e+00,-8.592978118037800073e+01,4.291155956400940141e+01,-3.058962087101517113e+01,1.447418012361367801e-04,1.303191626504940359e-04,4.434717624235418043e-06,1.176563501358032227e-01,2.485069751739501953e+00,-2.625918388366699219e+00,-2.864570686054059290e-01,-2.581986214019387771e-01,-4.053327464276136605e-02,-8.621623824898340160e+01,4.265336094260746336e+01,-3.063015414565793293e+01,0.000000000000000000e+00,0.000000000000000000e+00,0.000000000000000000e+00,0.000000000000000000e+00,8.276376342773437500e+02,8.276380004882812500e+02,8.276380004882812500e+02,8.276376342773437500e+02,-1.020635213841271281e+09
2.541999999999999815e+00,-8.592963659801657172e+01,4.291168980239452679e+01,-3.058961671287640272e+01,1.445823614290020487e-04,1.302383851253807734e-04,4.158138768417529718e-06,1.176653802394866943e-01,2.485105752944946289e+00,-2.625949621200561523e+00,-2.866016509668229961e-01,-2.583288597870643244e-01,-4.053743278152895091e-02,-8.621623824898340160e+01,4.265336094260746336e+01,-3.063015414565793293e+01,0.000000000000000000e+00,0.000000000000000000e+00,0.000000000000000000e+00,0.000000000000000000e+00,8.276376953125000000e+02,8.276379394531250000e+02,8.276379394531250000e+02,8.276376953125000000e+02,-1.020645374881489396e+09
2.543000000000000149e+00,-8.592949214837557292e+01,4.291181995996890919e+01,-3.058961284805115355e+01,1.444496409988005325e-04,1.301575743823946141e-04,3.864825249166869980e-06,1.176732778549194336e-01,2.485136985778808594e+00,-2.625977993011474609e+00,-2.867461006078333430e-01,-2.584590173614442210e-01,-4.054129760677965127e-02,-8.621623824898340160e+01,4.265336094260746336e+01,-3.063015414565793293e+01,0.000000000000000000e+00,0.000000000000000000e+00,0.000000000000000000e+00,0.000000000000000000e+00,8.276377563476562500e+02,8.276379394531250000e+02,8.276379394531250000e+02,8.276377563476562500e+02,-1.020655535907816768e+09
2.544000000000000039e+00,-8.592934788480361874e+01,4.291195009003991601e+01,-3.058960928989204575e+01,1.442635719541840444e-04,1.301300710068176159e-04,3.558159107797109755e-06,1.176822185516357422e-01,2.485172748565673828e+00,-2.626008987426757812e+00,-2.868903641797897475e-01,-2.585891474324505945e-01,-4.054485576588648388e-02,-8.621623824898340160e+01,4.265336094260746336e+01,-3.063015414565793293e+01,0.000000000000000000e+00,0.000000000000000000e+00,0.000000000000000000e+00,0.000000000000000000e+00,8.276378173828125000e+02,8.276378784179687500e+02,8.276378784179687500e+02,8.276378173828125000e+02,-1.020665696920301795e+09
2.544999999999999929e+00,-8.592920378058430231e+01,4.291208011256596677e+01,-3.058960604159333840e+01,1.441042193164321361e-04,1.300225260507659186e-04,3.248298707347885284e-06,1.176902949810028076e-01,2.485204696655273438e+00,-2.626037836074829102e+00,-2.870344683991010726e-01,-2.587191699585013605e-01,-4.054810406459387340e-02,-8.621623824898340160e+01,4.265336094260746336e+01,-3.063015414565793293e+01,0.000000000000000000e+00,0.000000000000000000e+00,0.000000000000000000e+00,0.000000000000000000e+00,8.276378784179687500e+02,8.276378173828125000e+02,8.276378173828125000e+02,8.276378784179687500e+02,-1.020675857918981433e+09
2.545999999999999819e+00,-8.592905982615506844e+01,4.291221009214100945e+01,-3.058960311921072162e+01,1.439544292338723608e-04,1.299795750426824270e-04,2.922382616787899678e-06,1.176989972591400146e-01,2.485239267349243164e+00,-2.626068115234375000e+00,-2.871784228283309481e-01,-2.588491495335454307e-01,-4.055102644721086946e-02,-8.621623824898340160e+01,4.265336094260746336e+01,-3.063015414565793293e+01,0.000000000000000000e+00,0.000000000000000000e+00,0.000000000000000000e+00,0.000000000000000000e+00,8.276378784179687500e+02,8.276377563476562500e+02,8.276377563476562500e+02,8.276378784179687500e+02,-1.020686018903898001e+09
2.547000000000000153e+00,-8.592891601394879331e+01,4.291234000623904876e+01,-3.058960051430342020e+01,1.438122062751290287e-04,1.299140980393076461e-04,2.604907301417824783e-06,1.177071928977966309e-01,2.485272407531738281e+00,-2.626096487045288086e+00,-2.873222350346109621e-01,-2.589790636315880690e-01,-4.055363135451128115e-02,-8.621623824898340160e+01,4.265336094260746336e+01,-3.063015414565793293e+01,0.000000000000000000e+00,0.000000000000000000e+00,0.000000000000000000e+00,0.000000000000000000e+00,8.276379394531250000e+02,8.276376953125000000e+02,8.276376953125000000e+02,8.276379394531250000e+02,-1.020696179875089884e+09
2.548000000000000043e+00,-8.592877233439135409e+01,4.291246986611736958e+01,-3.058959823612340401e+01,1.436795574392135677e-04,1.298598783208149143e-04,2.278180016190844981e-06,1.177157759666442871e-01,2.485306978225708008e+00,-2.626127004623413086e+00,-2.874659145920507308e-01,-2.591089235099044430e-01,-4.055590953452737485e-02,-8.621623824898340160e+01,4.265336094260746336e+01,-3.063015414565793293e+01,0.000000000000000000e+00,0.000000000000000000e+00,0.000000000000000000e+00,0.000000000000000000e+00,8.276380004882812500e+02,8.276376342773437500e+02,8.276376342773437500e+02,8.276380004882812500e+02,-1.020706340832594991e+09
2.548999999999999932e+00,-8.592862881415354082e+01,4.291259964508457614e+01,-3.058959628454279311e+01,1.435202378132771628e-04,1.297789672065619015e-04,1.951580610892733603e-06,1.177244484424591064e-01,2.485340833663940430e+00,-2.626157522201538086e+00,-2.876094348298623982e-01,-2.592387024771134474e-01,-4.055786111513895453e-02,-8.621623824898340160e+01,4.265336094260746336e+01,-3.063015414565793293e+01,0.000000000000000000e+00,0.000000000000000000e+00,0.000000000000000000e+00,0.000000000000000000e+00,8.276380615234375000e+02,8.276375732421875000e+02,8.276376342773437500e+02,8.276380615234375000e+02,-1.020716501776453972e+09
2.549999999999999822e+00,-8.592848542657888800e+01,4.291272939651850038e+01,-3.058959465641991571e+01,1.433875746528201489e-04,1.297514339242411552e-04,1.628122877406212865e-06,1.177326142787933350e-01,2.485373735427856445e+00,-2.626186370849609375e+00,-2.877528224045071692e-01,-2.593684539110376330e-01,-4.055948923801556277e-02,-8.621623824898340160e+01,4.265336094260746336e+01,-3.063015414565793293e+01,0.000000000000000000e+00,0.000000000000000000e+00,0.000000000000000000e+00,0.000000000000000000e+00,8.276381225585937500e+02,8.276375732421875000e+02,8.276375732421875000e+02,8.276381225585937500e+02,-1.020726662706707239e+09
2.551000000000000156e+00,-8.592834217167998645e+01,4.291285909376251340e+01,-3.058959334168205757e+01,1.432548989015458574e-04,1.296972440130161885e-04,1.314737858137959847e-06,1.177413165569305420e-01,2.485408544540405273e+00,-2.626217603683471680e+00,-2.878960773034177634e-01,-2.594981511550530917e-01,-4.056080397587483871e-02,-8.621623824898340160e+01,4.265336094260746336e+01,-3.063015414565793293e+01,0.000000000000000000e+00,0.000000000000000000e+00,0.000000000000000000e+00,0.000000000000000000e+00,8.276381835937500000e+02,8.276375122070312500e+02,8.276375122070312500e+02,8.276381835937500000e+02,-1.020736823623391986e+09
2.552000000000000046e+00,-8.592819902277342692e+01,4.291298871015287375e+01,-3.058959233698692870e+01,1.431489065595314969e-04,1.296163903603542167e-04,1.004695128870025655e-06,1.177492141723632812e-01,2.485440492630004883e+00,-2.626245737075805664e+00,-2.880392262099699674e-01,-2.596277675454115030e-01,-4.056180867100366016e-02,-8.621623824898340160e+01,4.265336094260746336e+01,-3.063015414565793293e+01,0.000000000000000000e+00,0.000000000000000000e+00,0.000000000000000000e+00,0.000000000000000000e+00,8.276381835937500000e+02,8.276374511718750000e+02,8.276374511718750000e+02,8.276381835937500000e+02,-1.020746984526538730e+09
2.552999999999999936e+00,-8.592805600658870446e+01,4.291311832574562146e+01,-3.058959163246931823e+01,1.430161847224553640e-04,1.296155927477116165e-04,7.045176104725214827e-07,1.177577078342437744e-01,2.485474348068237305e+00,-2.626275062561035156e+00,-2.881822423946904244e-01,-2.597573831381563836e-01,-4.056251318861603394e-02,-8.621623824898340160e+01,4.265336094260746336e+01,-3.063015414565793293e+01,0.000000000000000000e+00,0.000000000000000000e+00,0.000000000000000000e+00,0.000000000000000000e+00,8.276382446289062500e+02,8.276374511718750000e+02,8.276374511718750000e+02,8.276382446289062500e+02,-1.020757145416188478e+09
2.553999999999999826e+00,-8.592791306977387933e+01,4.291324786055914586e+01,-3.058959121137320381e+01,1.429368148251342063e-04,1.295348135244012155e-04,4.210961144224256714e-07,1.177660524845123291e-01,2.485507726669311523e+00,-2.626304626464843750e+00,-2.883251792095203325e-01,-2.598869179516831163e-01,-4.056293428473006779e-02,-8.621623824898340160e+01,4.265336094260746336e+01,-3.063015414565793293e+01,0.000000000000000000e+00,0.000000000000000000e+00,0.000000000000000000e+00,0.000000000000000000e+00,8.276383056640625000e+02,8.276373901367187500e+02,8.276373901367187500e+02,8.276383056640625000e+02,-1.020767306292365432e+09
2.555000000000000160e+00,-8.592777023904953637e+01,4.291337736796908331e+01,-3.058959106376650183e+01,1.428307243429571827e-04,1.295074099374460275e-04,1.476067019723359408e-07,1.177740991115570068e-01,2.485539674758911133e+00,-2.626332759857177734e+00,-2.884680099338617909e-01,-2.600164253616182863e-01,-4.056308189143092297e-02,-8.621623824898340160e+01,4.265336094260746336e+01,-3.063015414565793293e+01,0.000000000000000000e+00,0.000000000000000000e+00,0.000000000000000000e+00,0.000000000000000000e+00,8.276383056640625000e+02,8.276373291015625000e+02,8.276373291015625000e+02,8.276383056640625000e+02,-1.020777467155102253e+09
2.556000000000000050e+00,-8.592762747829875991e+01,4.291350683253569542e+01,-3.058959117555131257e+01,1.427607507764605543e-04,1.294645666121141403e-04,-1.117848107412555692e-07,1.177825927734375000e-01,2.485574722290039062e+00,-2.626362800598144531e+00,-2.886107706846396947e-01,-2.601458899282317327e-01,-4.056297010661942537e-02,-8.621623824898340160e+01,4.265336094260746336e+01,-3.063015414565793293e+01,0.000000000000000000e+00,0.000000000000000000e+00,0.000000000000000000e+00,0.000000000000000000e+00,8.276383666992187500e+02,8.276373291015625000e+02,8.276373291015625000e+02,8.276383666992187500e+02,-1.020787628004423261e+09
2.556999999999999940e+00,-8.592748477983964506e+01,4.291363628529097696e+01,-3.058959152174277918e+01,1.426984591148539039e-04,1.294527552815338822e-04,-3.461914666047505307e-07,1.177906990051269531e-01,2.485605955123901367e+00,-2.626391410827636719e+00,-2.887534691437501078e-01,-2.602753426835132666e-01,-4.056262391515322308e-02,-8.621623824898340160e+01,4.265336094260746336e+01,-3.063015414565793293e+01,0.000000000000000000e+00,0.000000000000000000e+00,0.000000000000000000e+00,0.000000000000000000e+00,8.276383666992187500e+02,8.276372680664062500e+02,8.276372680664062500e+02,8.276383666992187500e+02,-1.020797788840352535e+09
2.557999999999999829e+00,-8.592734213425195833e+01,4.291376573749086276e+01,-3.058959208157963161e+01,1.426455876867294137e-04,1.294521998858044753e-04,-5.598368524317720585e-07,1.177994310855865479e-01,2.485641717910766602e+00,-2.626421928405761719e+00,-2.888961147314462186e-01,-2.604047948833991821e-01,-4.056206407829979904e-02,-8.621623824898340160e+01,4.265336094260746336e+01,-3.063015414565793293e+01,0.000000000000000000e+00,0.000000000000000000e+00,0.000000000000000000e+00,0.000000000000000000e+00,8.276383666992187500e+02,8.276372680664062500e+02,8.276372680664062500e+02,8.276383666992187500e+02,-1.020807949662912250e+09
2.559000000000000163e+00,-8.592719954155488438e+01,4.291389513581553672e+01,-3.058959283825188891e+01,1.425926970739510580e-04,1.293983246739571769e-04,-7.566722572960316029e-07,1.178071796894073486e-01,2.485671758651733398e+00,-2.626449108123779297e+00,-2.890387074285231672e-01,-2.605341932080741940e-01,-4.056130740604540347e-02,-8.621623824898340160e+01,4.265336094260746336e+01,-3.063015414565793293e+01,0.000000000000000000e+00,0.000000000000000000e+00,0.000000000000000000e+00,0.000000000000000000e+00,8.276384277343750000e+02,8.276372680664062500e+02,8.276372680664062500e+02,8.276384277343750000e+02,-1.020818110472119093e+09
2.560000000000000053e+00,-8.592705694846462450e+01,4.291402453371190262e+01,-3.058959376533448093e+01,1.425930902598793182e-04,1.293978963659014880e-04,-9.270825920282277366e-07,1.178161203861236572e-01,2.485707998275756836e+00,-2.626480340957641602e+00,-2.891813005187813812e-01,-2.606635911044422604e-01,-4.056038032345071070e-02,-8.621623824898340160e+01,4.265336094260746336e+01,-3.063015414565793293e+01,0.000000000000000000e+00,0.000000000000000000e+00,0.000000000000000000e+00,0.000000000000000000e+00,8.276384277343750000e+02,8.276372070312500000e+02,8.276372070312500000e+02,8.276384277343750000e+02,-1.020828271267983317e+09
2.560999999999999943e+00,-8.592691438171459595e+01,4.291415393122869659e+01,-3.058959483942124180e+01,1.425667500285499045e-04,1.293975167939720450e-04,-1.074086760866066470e-06,1.178239285945892334e-01,2.485739231109619141e+00,-2.626508235931396484e+00,-2.893238672688030477e-01,-2.607929886212341231e-01,-4.055930623669224550e-02,0.000000000000000000e+00,0.000000000000000000e+00,0.000000000000000000e+00,0.000000000000000000e+00,0.000000000000000000e+00,0.000000000000000000e+00,0.000000000000000000e+00,8.276384277343750000e+02,8.276372070312500000e+02,8.276372070312500000e+02,8.276384277343750000e+02,-1.020838432050518513e+09
2.561999999999999833e+00,2.894664076259508279e-01,2.609223858168941979e-01,4.055810849134068585e-02,8.621638078934054761e+01,-4.265323154541179917e+01,3.063015294791258114e+01,1.178325116634368896e-01,2.485773086547851562e+00,-2.626538753509521484e+00,-2.894664076259508279e-01,-2.609223858168941979e-01,-4.055810849134068585e-02,0.000000000000000000e+00,0.000000000000000000e+00,0.000000000000000000e+00,0.000000000000000000e+00,0.000000000000000000e+00,0.000000000000000000e+00,0.000000000000000000e+00,8.276384277343750000e+02,8.276372070312500000e+02,8.276372070312500000e+02,8.276384277343750000e+02,-2.083754220403475314e+07
2.563000000000000167e+00,2.896090015573636878e-01,2.610517828040673227e-01,4.055682025590352097e-02,1.425939314128599200e-04,1.293969871731248666e-04,-1.288235437164886310e-06,-1.091709852218627930e+00,-2.476290464401245117e+00,1.861183047294616699e+00,-2.896090015573636878e-01,-2.610517828040673227e-01,-4.055682025590352097e-02,0.000000000000000000e+00,0.000000000000000000e+00,0.000000000000000000e+00,4.711736924946308136e-03,1.688260817900300026e-03,5.499604158103466034e-03,1.058320049196481705e-02,8.276384277343750000e+02,8.276372070312500000e+02,8.276372070312500000e+02,8.276384277343750000e+02,-2.083754235770101473e+07
2.564000000000000057e+00,2.897568678711423540e-01,2.611752134319930696e-01,3.937775362327296941e-02,1.478663137786662141e-04,1.234306279257468830e-04,-1.179066632630551559e-03,9.105819463729858398e-01,5.199027538299560547e+00,-4.905611038208007812e+00,-2.897568678711423540e-01,-2.611752134319930696e-01,-3.937775362327296941e-02,0.000000000000000000e+00,0.000000000000000000e+00,0.000000000000000000e+00,0.000000000000000000e+00,0.000000000000000000e+00,0.000000000000000000e+00,0.000000000000000000e+00,8.692593383789062500e+02,8.422999877929687500e+02,8.757782592773437500e+02,9.206802368164062500e+02,-2.083754251142315567e+07
2.564999999999999947e+00,2.898984295087837504e-01,2.613000968597171125e-01,3.822656189212456784e-02,1.415616376413963984e-04,1.248834277240429280e-04,-1.151191731148401565e-03,9.105577468872070312e-01,5.198851585388183594e+00,-4.905424118041992188e+00,-2.898984295087837504e-01,-2.613000968597171125e-01,-3.822656189212456784e-02,0.000000000000000000e+00,0.000000000000000000e+00,0.000000000000000000e+00,0.000000000000000000e+00,0.000000000000000000e+00,0.000000000000000000e+00,0.000000000000000000e+00,8.682736206054687500e+02,8.419590454101562500e+02,8.746481323242187500e+02,9.184824218750000000e+02,-2.083754266520326585e+07
2.565999999999999837e+00,2.900338746918782462e-01,2.614263784222274900e-01,3.710259111254814168e-02,1.354451830944958246e-04,1.262815625103774764e-04,-1.123970779576426160e-03,9.105389118194580078e-01,5.198788642883300781e+00,-4.905370712280273438e+00,-2.900338746918782462e-01,-2.614263784222274900e-01,-3.710259111254814168e-02,0.000000000000000000e+00,0.000000000000000000e+00,0.000000000000000000e+00,0.000000000000000000e+00,0.000000000000000000e+00,0.000000000000000000e+00,0.000000000000000000e+00,8.673112182617187500e+02,8.416260375976562500e+02,8.735445556640625000e+02,9.163365478515625000e+02,-2.083754281904326752e+07
2.567000000000000171e+00,2.901633916022745563e-01,2.615540568218042705e-01,3.600519720481317604e-02,1.295169103963100810e-04,1.276783995767805102e-04,-1.097393907734965646e-03,9.105212688446044922e-01,5.198729991912841797e+00,-4.905319690704345703e+00,-2.901633916022745563e-01,-2.615540568218042705e-01,-3.600519720481317604e-02,0.000000000000000000e+00,0.000000000000000000e+00,0.000000000000000000e+00,0.000000000000000000e+00,0.000000000000000000e+00,0.000000000000000000e+00,0.000000000000000000e+00,8.663715820312500000e+02,8.413007202148437500e+02,8.724669189453125000e+02,9.142413940429687500e+02,-2.083754297294496000e+07
2.568000000000000060e+00,2.902871150002703793e-01,2.616831041213363851e-01,3.493376629383273396e-02,1.237233979958229924e-04,1.290472995321145788e-04,-1.071430910980442075e-03,9.105039834976196289e-01,5.198673248291015625e+00,-4.905272006988525391e+00,-2.902871150002703793e-01,-2.616831041213363851e-01,-3.493376629383273396e-02,0.000000000000000000e+00,0.000000000000000000e+00,0.000000000000000000e+00,0.000000000000000000e+00,0.000000000000000000e+00,0.000000000000000000e+00,0.000000000000000000e+00,8.654542846679687500e+02,8.409829711914062500e+02,8.714145507812500000e+02,9.121956787109375000e+02,-2.083754312690998241e+07
2.568999999999999950e+00,2.904052063345173851e-01,2.618134656957036843e-01,3.388768451114972102e-02,1.180913342470057970e-04,1.303615743672992267e-04,-1.046081782683012940e-03,9.104869365692138672e-01,5.198618412017822266e+00,-4.905224800109863281e+00,-2.904052063345173851e-01,-2.618134656957036843e-01,-3.388768451114972102e-02,0.000000000000000000e+00,0.000000000000000000e+00,0.000000000000000000e+00,0.000000000000000000e+00,0.000000000000000000e+00,0.000000000000000000e+00,0.000000000000000000e+00,8.645586547851562500e+02,8.406726684570312500e+02,8.703869018554687500e+02,9.101983032226562500e+02,-2.083754328093983233e+07
2.569999999999999840e+00,2.905178269699133509e-01,2.619451403411477974e-01,3.286636786870787696e-02,1.126206353959657847e-04,1.316746454441131142e-04,-1.021316642441844058e-03,9.104707241058349609e-01,5.198565483093261719e+00,-4.905179023742675781e+00,-2.905178269699133509e-01,-2.619451403411477974e-01,-3.286636786870787696e-02,0.000000000000000000e+00,0.000000000000000000e+00,0.000000000000000000e+00,0.000000000000000000e+00,0.000000000000000000e+00,0.000000000000000000e+00,0.000000000000000000e+00,8.636842651367187500e+02,8.403695068359375000e+02,8.693833618164062500e+02,9.082481079101562500e+02,-2.083754343503589556e+07
2.571000000000000174e+00,2.906251209519112311e-01,2.620780578698228003e-01,3.186923390926411914e-02,1.072939819978802056e-04,1.329175286750028384e-04,-9.971339594437578224e-04,9.104548692703247070e-01,5.198513984680175781e+00,-4.905135631561279297e+00,-2.906251209519112311e-01,-2.620780578698228003e-01,-3.186923390926411914e-02,0.000000000000000000e+00,0.000000000000000000e+00,0.000000000000000000e+00,0.000000000000000000e+00,0.000000000000000000e+00,0.000000000000000000e+00,0.000000000000000000e+00,8.628305053710937500e+02,8.400734252929687500e+02,8.684033813476562500e+02,9.063439941406250000e+02,-2.083754358919941261e+07
2.572000000000000064e+00,2.907272575445050689e-01,2.622122483417764771e-01,3.089573265728592921e-02,1.021365925938377828e-04,1.341904719536768376e-04,-9.735012519781899298e-04,9.104396104812622070e-01,5.198464870452880859e+00,-4.905093669891357422e+00,-2.907272575445050689e-01,-2.622122483417764771e-01,-3.089573265728592921e-02,0.000000000000000000e+00,0.000000000000000000e+00,0.000000000000000000e+00,0.000000000000000000e+00,0.000000000000000000e+00,0.000000000000000000e+00,0.000000000000000000e+00,8.619970703125000000e+02,8.397842407226562500e+02,8.674464111328125000e+02,9.044848022460937500e+02,-2.083754374343156070e+07
2.572999999999999954e+00,2.908243540575363162e-01,2.623476416102185071e-01,2.994530833742994891e-02,9.709651303124733346e-05,1.353932684420300347e-04,-9.504243198559803041e-04,9.104248285293579102e-01,5.198416709899902344e+00,-4.905051231384277344e+00,-2.908243540575363162e-01,-2.623476416102185071e-01,-2.994530833742994891e-02,0.000000000000000000e+00,0.000000000000000000e+00,0.000000000000000000e+00,0.000000000000000000e+00,0.000000000000000000e+00,0.000000000000000000e+00,0.000000000000000000e+00,8.611832885742187500e+02,8.395017700195312500e+02,8.665119018554687500e+02,9.026695556640625000e+02,-2.083754389773337170e+07
2.573999999999999844e+00,2.909165450382519835e-01,2.624842098894843989e-01,2.901744045585829754e-02,9.219098071566733665e-05,1.365682792658917677e-04,-9.278678815716513706e-04,9.104107618331909180e-01,5.198369979858398438e+00,-4.905012130737304688e+00,-2.909165450382519835e-01,-2.624842098894843989e-01,-2.901744045585829754e-02,0.000000000000000000e+00,0.000000000000000000e+00,0.000000000000000000e+00,0.000000000000000000e+00,0.000000000000000000e+00,0.000000000000000000e+00,0.000000000000000000e+00,8.603887939453125000e+02,8.392258911132812500e+02,8.655993652343750000e+02,9.008972167968750000e+02,-2.083754405210578069e+07
2.575000000000000178e+00,2.910039917243223417e-01,2.626219520524307738e-01,2.811160171954824386e-02,8.744668607035821495e-05,1.377421629463748687e-04,-9.058387363100536827e-04,9.103965759277343750e-01,5.198326110839843750e+00,-4.904973983764648438e+00,-2.910039917243223417e-01,-2.626219520524307738e-01,-2.811160171954824386e-02,0.000000000000000000e+00,0.000000000000000000e+00,0.000000000000000000e+00,0.000000000000000000e+00,0.000000000000000000e+00,0.000000000000000000e+00,0.000000000000000000e+00,8.596131591796875000e+02,8.389564208984375000e+02,8.647082519531250000e+02,8.991666870117187500e+02,-2.083754420654965565e+07
2.576000000000000068e+00,2.910867752490897686e-01,2.627608403359931177e-01,2.722729510186876895e-02,8.278352476742689703e-05,1.388882835623439505e-04,-8.843066176794749100e-04,9.103832244873046875e-01,5.198282241821289062e+00,-4.904936790466308594e+00,-2.910867752490897686e-01,-2.627608403359931177e-01,-2.722729510186876895e-02,0.000000000000000000e+00,0.000000000000000000e+00,0.000000000000000000e+00,0.000000000000000000e+00,0.000000000000000000e+00,0.000000000000000000e+00,0.000000000000000000e+00,8.588558349609375000e+02,8.386932373046875000e+02,8.638380126953125000e+02,8.974770507812500000e+02,-2.083754436106575280e+07
2.576999999999999957e+00,2.911650567946310053e-01,2.629008203062943583e-01,2.636402346035641303e-02,7.828154554123667452e-05,1.399799703012405416e-04,-8.632716415123559139e-04,9.103702306747436523e-01,5.198241710662841797e+00,-4.904902935028076172e+00,-2.911650567946310053e-01,-2.629008203062943583e-01,-2.636402346035641303e-02,0.000000000000000000e+00,0.000000000000000000e+00,0.000000000000000000e+00,0.000000000000000000e+00,0.000000000000000000e+00,0.000000000000000000e+00,0.000000000000000000e+00,8.581165161132812500e+02,8.384360961914062500e+02,8.629882202148437500e+02,8.958273315429687500e+02,-2.083754451565474644e+07
2.577999999999999847e+00,2.912389441295308856e-01,2.630418642375280669e-01,2.552130971730919365e-02,7.388733489988030811e-05,1.410439312337086193e-04,-8.427137430472193824e-04,9.103579521179199219e-01,5.198200225830078125e+00,-4.904868125915527344e+00,-2.912389441295308856e-01,-2.630418642375280669e-01,-2.552130971730919365e-02,0.000000000000000000e+00,0.000000000000000000e+00,0.000000000000000000e+00,0.000000000000000000e+00,0.000000000000000000e+00,0.000000000000000000e+00,0.000000000000000000e+00,8.573946533203125000e+02,8.381849975585937500e+02,8.621583862304687500e+02,8.942165527343750000e+02,-2.083754467031722888e+07
2.579000000000000181e+00,2.913085450022736556e-01,2.631839710923062903e-01,2.469868339719291650e-02,6.960087274276993696e-05,1.421068547782233793e-04,-8.226263201162771488e-04,9.103457927703857422e-01,5.198163032531738281e+00,-4.904834270477294922e+00,-2.913085450022736556e-01,-2.631839710923062903e-01,-2.469868339719291650e-02,0.000000000000000000e+00,0.000000000000000000e+00,0.000000000000000000e+00,0.000000000000000000e+00,0.000000000000000000e+00,0.000000000000000000e+00,0.000000000000000000e+00,8.566898803710937500e+02,8.379397583007812500e+02,8.613480834960937500e+02,8.926438598632812500e+02,-2.083754482505372539e+07
2.580000000000000071e+00,2.913739671332631342e-01,2.633271131821507405e-01,2.389568909981400896e-02,6.542213098947868843e-05,1.431420898444502043e-04,-8.029942973789075400e-04,9.103341102600097656e-01,5.198126316070556641e+00,-4.904802799224853516e+00,-2.913739671332631342e-01,-2.633271131821507405e-01,-2.389568909981400896e-02,0.000000000000000000e+00,0.000000000000000000e+00,0.000000000000000000e+00,0.000000000000000000e+00,0.000000000000000000e+00,0.000000000000000000e+00,0.000000000000000000e+00,8.560018310546875000e+02,8.377001953125000000e+02,8.605567626953125000e+02,8.911082763671875000e+02,-2.083754497986468673e+07
2.580999999999999961e+00,2.914352915433770508e-01,2.634712628259334166e-01,2.311187982375863953e-02,6.132441011391653873e-05,1.441496437826761401e-04,-7.838092760553694305e-04,9.103231430053710938e-01,5.198091030120849609e+00,-4.904773235321044922e+00,-2.914352915433770508e-01,-2.634712628259334166e-01,-2.311187982375863953e-02,0.000000000000000000e+00,0.000000000000000000e+00,0.000000000000000000e+00,0.000000000000000000e+00,0.000000000000000000e+00,0.000000000000000000e+00,0.000000000000000000e+00,8.553300170898437500e+02,8.374661865234375000e+02,8.597839965820312500e+02,8.896090087890625000e+02,-2.083754513475048169e+07
2.581999999999999851e+00,2.914926792746462825e-01,2.636163657005005101e-01,2.234682012398358716e-02,5.738773126923168988e-05,1.451028745670934761e-04,-7.650596997750523653e-04,9.103118181228637695e-01,5.198054790496826172e+00,-4.904744148254394531e+00,-2.914926792746462825e-01,-2.636163657005005101e-01,-2.234682012398358716e-02,0.000000000000000000e+00,0.000000000000000000e+00,0.000000000000000000e+00,0.000000000000000000e+00,0.000000000000000000e+00,0.000000000000000000e+00,0.000000000000000000e+00,8.546741333007812500e+02,8.372376708984375000e+02,8.590293579101562500e+02,8.881451416015625000e+02,-2.083754528971143067e+07
2.583000000000000185e+00,2.915461846125481093e-01,2.637624475158020232e-01,2.160008293468987373e-02,5.350533790182687710e-05,1.460818153015130960e-04,-7.467371892937134381e-04,9.103015661239624023e-01,5.198022365570068359e+00,-4.904716491699218750e+00,-2.915461846125481093e-01,-2.637624475158020232e-01,-2.160008293468987373e-02,0.000000000000000000e+00,0.000000000000000000e+00,0.000000000000000000e+00,0.000000000000000000e+00,0.000000000000000000e+00,0.000000000000000000e+00,0.000000000000000000e+00,8.540338134765625000e+02,8.370144042968750000e+02,8.582924804687500000e+02,8.867158203125000000e+02,-2.083754544474780187e+07
2.584000000000000075e+00,2.915958885199955164e-01,2.639094272841683297e-01,2.087125140517008537e-02,4.970390744740704747e-05,1.469797683663065513e-04,-7.288315295197883570e-04,9.102916717529296875e-01,5.197991371154785156e+00,-4.904689311981201172e+00,-2.915958885199955164e-01,-2.639094272841683297e-01,-2.087125140517008537e-02,0.000000000000000000e+00,0.000000000000000000e+00,0.000000000000000000e+00,0.000000000000000000e+00,0.000000000000000000e+00,0.000000000000000000e+00,0.000000000000000000e+00,8.534086303710937500e+02,8.367963867187500000e+02,8.575729370117187500e+02,8.853202514648437500e+02,-2.083754559985975921e+07
2.584999999999999964e+00,2.916419252891158109e-01,2.640573040841944774e-01,2.015991669577106918e-02,4.603676912029452950e-05,1.478768000261476701e-04,-7.113347093990161907e-04,9.102816581726074219e-01,5.197961807250976562e+00,-4.904663562774658203e+00,-2.916419252891158109e-01,-2.640573040841944774e-01,-2.015991669577106918e-02,0.000000000000000000e+00,0.000000000000000000e+00,0.000000000000000000e+00,0.000000000000000000e+00,0.000000000000000000e+00,0.000000000000000000e+00,0.000000000000000000e+00,8.527982788085937500e+02,8.365834350585937500e+02,8.568702392578125000e+02,8.839577026367187500e+02,-2.083754575504745543e+07
2.585999999999999854e+00,2.916843491514781728e-01,2.642060769943010978e-01,1.946567848851114835e-02,4.242386236236184160e-05,1.487729101066204151e-04,-6.942382072599208309e-04,9.102725982666015625e-01,5.197933197021484375e+00,-4.904639720916748047e+00,-2.916843491514781728e-01,-2.642060769943010978e-01,-1.946567848851114835e-02,0.000000000000000000e+00,0.000000000000000000e+00,0.000000000000000000e+00,0.000000000000000000e+00,0.000000000000000000e+00,0.000000000000000000e+00,0.000000000000000000e+00,8.522023315429687500e+02,8.363753662109375000e+02,8.561840209960937500e+02,8.826273193359375000e+02,-2.083754591031097993e+07
2.587000000000000188e+00,2.917232410017746580e-01,2.643556917609511392e-01,1.878814821229331244e-02,3.889185029648523084e-05,1.496147666500413642e-04,-6.775302762178359028e-04,9.102636575698852539e-01,5.197906017303466797e+00,-4.904616355895996094e+00,-2.917232410017746580e-01,-2.643556917609511392e-01,-1.878814821229331244e-02,0.000000000000000000e+00,0.000000000000000000e+00,0.000000000000000000e+00,0.000000000000000000e+00,0.000000000000000000e+00,0.000000000000000000e+00,0.000000000000000000e+00,8.516205444335937500e+02,8.361722412109375000e+02,8.555139160156250000e+02,8.813283081054687500e+02,-2.083754606565035507e+07
2.588000000000000078e+00,2.917586817271720090e-01,2.645061208099024341e-01,1.812693889547727435e-02,3.544072539735099170e-05,1.504290489512949414e-04,-6.612093168160380896e-04,9.102548360824584961e-01,5.197879314422607422e+00,-4.904594898223876953e+00,-2.917586817271720090e-01,-2.645061208099024341e-01,-1.812693889547727435e-02,0.000000000000000000e+00,0.000000000000000000e+00,0.000000000000000000e+00,0.000000000000000000e+00,0.000000000000000000e+00,0.000000000000000000e+00,0.000000000000000000e+00,8.510525512695312500e+02,8.359737548828125000e+02,8.548595581054687500e+02,8.800600585937500000e+02,-2.083754622106555849e+07
2.588999999999999968e+00,2.917907521889034350e-01,2.646573632676775811e-01,1.748167350348626276e-02,3.207046173142602541e-05,1.512424577751469990e-04,-6.452653919910115998e-04,9.102467298507690430e-01,5.197853565216064453e+00,-4.904573917388916016e+00,-2.917907521889034350e-01,-2.646573632676775811e-01,-1.748167350348626276e-02,0.000000000000000000e+00,0.000000000000000000e+00,0.000000000000000000e+00,0.000000000000000000e+00,0.000000000000000000e+00,0.000000000000000000e+00,0.000000000000000000e+00,8.504979248046875000e+02,8.357799072265625000e+02,8.542205810546875000e+02,8.788217163085937500e+02,-2.083754637655653059e+07
2.589999999999999858e+00,2.918195332299046707e-01,2.648093916006959425e-01,1.685198507458917846e-02,2.878104100123568543e-05,1.520283330183613835e-04,-6.296884288970842902e-04,9.102388620376586914e-01,5.197830200195312500e+00,-4.904552459716796875e+00,-2.918195332299046707e-01,-2.648093916006959425e-01,-1.685198507458917846e-02,0.000000000000000000e+00,0.000000000000000000e+00,0.000000000000000000e+00,0.000000000000000000e+00,0.000000000000000000e+00,0.000000000000000000e+00,0.000000000000000000e+00,8.499564819335937500e+02,8.355905761718750000e+02,8.535965576171875000e+02,8.776126098632812500e+02,-2.083754653212317452e+07
2.591000000000000192e+00,2.918450790052652399e-01,2.649621782751278576e-01,1.623751004354696131e-02,2.554577536056923392e-05,1.527866744319150705e-04,-6.144750310422171513e-04,9.102314710617065430e-01,5.197807312011718750e+00,-4.904533386230468750e+00,-2.918450790052652399e-01,-2.649621782751278576e-01,-1.623751004354696131e-02,0.000000000000000000e+00,0.000000000000000000e+00,0.000000000000000000e+00,0.000000000000000000e+00,0.000000000000000000e+00,0.000000000000000000e+00,0.000000000000000000e+00,8.494279174804687500e+02,8.354057006835937500e+02,8.529872436523437500e+02,8.764321289062500000e+02,-2.083754668776533753e+07
2.592000000000000082e+00,2.918674703433774553e-01,2.651156690890947298e-01,1.563788985380791183e-02,2.239133811221538650e-05,1.534908139668722526e-04,-5.996201897390494862e-04,9.102234840393066406e-01,5.197785854339599609e+00,-4.904515743255615234e+00,-2.918674703433774553e-01,-2.651156690890947298e-01,-1.563788985380791183e-02,0.000000000000000000e+00,0.000000000000000000e+00,0.000000000000000000e+00,0.000000000000000000e+00,0.000000000000000000e+00,0.000000000000000000e+00,0.000000000000000000e+00,8.489118041992187500e+02,8.352250366210937500e+02,8.523922119140625000e+02,8.752794799804687500e+02,-2.083754684348281845e+07
2.592999999999999972e+00,2.918867439561279586e-01,2.652698740949142042e-01,1.505277654174931763e-02,1.927361275050332168e-05,1.542050058194743833e-04,-5.851133120585941955e-04,9.102169275283813477e-01,5.197763442993164062e+00,-4.904495716094970703e+00,-2.918867439561279586e-01,-2.652698740949142042e-01,-1.505277654174931763e-02,0.000000000000000000e+00,0.000000000000000000e+00,0.000000000000000000e+00,0.000000000000000000e+00,0.000000000000000000e+00,0.000000000000000000e+00,0.000000000000000000e+00,8.484078979492187500e+02,8.350486450195312500e+02,8.518110961914062500e+02,8.741540527343750000e+02,-2.083754699927538261e+07
2.593999999999999861e+00,2.919030154492199269e-01,2.654247707169389292e-01,1.448182346453876293e-02,1.627149309196829208e-05,1.548966220247249836e-04,-5.709530772105547020e-04,9.102106094360351562e-01,5.197747230529785156e+00,-4.904480934143066406e+00,-2.919030154492199269e-01,-2.654247707169389292e-01,-1.448182346453876293e-02,0.000000000000000000e+00,0.000000000000000000e+00,0.000000000000000000e+00,0.000000000000000000e+00,0.000000000000000000e+00,0.000000000000000000e+00,0.000000000000000000e+00,8.479159545898437500e+02,8.348762817382812500e+02,8.512436523437500000e+02,8.730552368164062500e+02,-2.083754715514278412e+07
2.595000000000000195e+00,2.919162948292123860e-01,2.655803423592317802e-01,1.392469609331035627e-02,1.327937999245909495e-05,1.555716422928510312e-04,-5.571273712284066648e-04,9.102038145065307617e-01,5.197727680206298828e+00,-4.904466629028320312e+00,-2.919162948292123860e-01,-2.655803423592317802e-01,-1.392469609331035627e-02,0.000000000000000000e+00,0.000000000000000000e+00,0.000000000000000000e+00,0.000000000000000000e+00,0.000000000000000000e+00,0.000000000000000000e+00,0.000000000000000000e+00,8.474356689453125000e+02,8.347080078125000000e+02,8.506895751953125000e+02,8.719823608398437500e+02,-2.083754731108472124e+07
2.596000000000000085e+00,2.919266628775553096e-01,2.657365348598251242e-01,1.338105754859676179e-02,1.036804834292359700e-05,1.561925005933439969e-04,-5.436385447135944765e-04,9.101973772048950195e-01,5.197709083557128906e+00,-4.904451370239257812e+00,-2.919266628775553096e-01,-2.657365348598251242e-01,-1.338105754859676179e-02,0.000000000000000000e+00,0.000000000000000000e+00,0.000000000000000000e+00,0.000000000000000000e+00,0.000000000000000000e+00,0.000000000000000000e+00,0.000000000000000000e+00,8.469667968750000000e+02,8.345435791015625000e+02,8.501484375000000000e+02,8.709348754882812500e+02,-2.083754746710085496e+07
2.596999999999999975e+00,2.919341469841244541e-01,2.658933474354795989e-01,1.285058177748515766e-02,7.484106569144444165e-06,1.568125756544747063e-04,-5.304757711116041274e-04,9.101918935775756836e-01,5.197692394256591797e+00,-4.904436588287353516e+00,-2.919341469841244541e-01,-2.658933474354795989e-01,-1.285058177748515766e-02,0.000000000000000000e+00,0.000000000000000000e+00,0.000000000000000000e+00,0.000000000000000000e+00,0.000000000000000000e+00,0.000000000000000000e+00,0.000000000000000000e+00,8.465089721679687500e+02,8.343829956054687500e+02,8.496200561523437500e+02,8.699121093750000000e+02,-2.083754762319080904e+07
2.597999999999999865e+00,2.919388545751526731e-01,2.660507793179869296e-01,1.233294587625919508e-02,4.707591028219049178e-06,1.574318825073306449e-04,-5.176359012259625775e-04,9.101865291595458984e-01,5.197676181793212891e+00,-4.904424667358398438e+00,-2.919388545751526731e-01,-2.660507793179869296e-01,-1.233294587625919508e-02,0.000000000000000000e+00,0.000000000000000000e+00,0.000000000000000000e+00,0.000000000000000000e+00,0.000000000000000000e+00,0.000000000000000000e+00,0.000000000000000000e+00,8.460620117187500000e+02,8.342261352539062500e+02,8.491040039062500000e+02,8.689134521484375000e+02,-2.083754777935422212e+07
2.599000000000000199e+00,2.919407863437294415e-01,2.662087763795224493e-01,1.182783399464263849e-02,1.931768576768355672e-06,1.579970615355197339e-04,-5.051118816165565961e-04,9.101810455322265625e-01,5.197661876678466797e+00,-4.904412746429443359e+00,-2.919407863437294415e-01,-2.662087763795224493e-01,-1.182783399464263849e-02,0.000000000000000000e+00,0.000000000000000000e+00,0.000000000000000000e+00,0.000000000000000000e+00,0.000000000000000000e+00,0.000000000000000000e+00,0.000000000000000000e+00,8.456256713867187500e+02,8.340729370117187500e+02,8.486000976562500000e+02,8.679384765625000000e+02,-2.083754793559065461e+07
2.600000000000000089e+00,2.919400230159572285e-01,2.663673378663097835e-01,1.133493246180315023e-02,-7.633277722129960807e-07,1.585614867873341716e-04,-4.929015328394882600e-04,9.101760387420654297e-01,5.197649002075195312e+00,-4.904400825500488281e+00,-2.919400230159572285e-01,-2.663673378663097835e-01,-1.133493246180315023e-02,0.000000000000000000e+00,0.000000000000000000e+00,0.000000000000000000e+00,0.000000000000000000e+00,0.000000000000000000e+00,0.000000000000000000e+00,0.000000000000000000e+00,8.451995849609375000e+02,8.339232788085937500e+02,8.481080322265625000e+02,8.669864501953125000e+02,-2.083754809189967066e+07
2.600999999999999979e+00,2.919365919402062692e-01,2.665264363567966255e-01,1.085393613626193382e-02,-3.431075750959244886e-06,1.590984904868419925e-04,-4.809963255412164074e-04,9.101709127426147461e-01,5.197635650634765625e+00,-4.904392242431640625e+00,-2.919365919402062692e-01,-2.665264363567966255e-01,-1.085393613626193382e-02,0.000000000000000000e+00,0.000000000000000000e+00,0.000000000000000000e+00,0.000000000000000000e+00,0.000000000000000000e+00,0.000000000000000000e+00,0.000000000000000000e+00,8.447836914062500000e+02,8.337770996093750000e+02,8.476275024414062500e+02,8.660569458007812500e+02,-2.083754824828079343e+07
2.601999999999999869e+00,2.919305738198255118e-01,2.666860711194459221e-01,1.038454218563334211e-02,-6.018120380757441268e-06,1.596347626492966576e-04,-4.693939506285917107e-04,9.101667404174804688e-01,5.197624206542968750e+00,-4.904379844665527344e+00,-2.919305738198255118e-01,-2.666860711194459221e-01,-1.038454218563334211e-02,0.000000000000000000e+00,0.000000000000000000e+00,0.000000000000000000e+00,0.000000000000000000e+00,0.000000000000000000e+00,0.000000000000000000e+00,0.000000000000000000e+00,8.443775634765625000e+02,8.336343383789062500e+02,8.471582641601562500e+02,8.651494140625000000e+02,-2.083754840473355353e+07
2.603000000000000203e+00,2.919219959878344151e-01,2.668461880687165722e-01,9.926453873673302120e-03,-8.577831991096740438e-06,1.601169492706500108e-04,-4.580883119600399900e-04,9.101625680923461914e-01,5.197612285614013672e+00,-4.904370307922363281e+00,-2.919219959878344151e-01,-2.668461880687165722e-01,-9.926453873673302120e-03,0.000000000000000000e+00,0.000000000000000000e+00,0.000000000000000000e+00,0.000000000000000000e+00,0.000000000000000000e+00,0.000000000000000000e+00,0.000000000000000000e+00,8.439811401367187500e+02,8.334948730468750000e+02,8.467000122070312500e+02,8.642633666992187500e+02,-2.083754856125742942e+07
2.604000000000000092e+00,2.919108857607271568e-01,2.670067864932028079e-01,9.479380164505734480e-03,-1.111022710725828588e-05,1.605984244862357357e-04,-4.470737091675676400e-04,9.101580381393432617e-01,5.197602272033691406e+00,-4.904362201690673828e+00,-2.919108857607271568e-01,-2.670067864932028079e-01,-9.479380164505734480e-03,0.000000000000000000e+00,0.000000000000000000e+00,0.000000000000000000e+00,0.000000000000000000e+00,0.000000000000000000e+00,0.000000000000000000e+00,0.000000000000000000e+00,8.435940551757812500e+02,8.333586425781250000e+02,8.462525024414062500e+02,8.633981933593750000e+02,-2.083754871785187721e+07
2.604999999999999982e+00,2.918973238084681121e-01,2.671678656948905939e-01,9.043034066595758563e-03,-1.356195225904466284e-05,1.610792016877860000e-04,-4.363460979099759163e-04,9.101544618606567383e-01,5.197592258453369141e+00,-4.904354095458984375e+00,-2.918973238084681121e-01,-2.671678656948905939e-01,-9.043034066595758563e-03,0.000000000000000000e+00,0.000000000000000000e+00,0.000000000000000000e+00,0.000000000000000000e+00,0.000000000000000000e+00,0.000000000000000000e+00,0.000000000000000000e+00,8.432161254882812500e+02,8.332255859375000000e+02,8.458155517578125000e+02,8.625534667968750000e+02,-2.083754887451637164e+07
2.605999999999999872e+00,2.918813641113504609e-01,2.673293983033233068e-01,8.617133720795712090e-03,-1.595969711765121701e-05,1.615326084327128875e-04,-4.259003458000464731e-04,9.101506471633911133e-01,5.197583675384521484e+00,-4.904347419738769531e+00,-2.918813641113504609e-01,-2.673293983033233068e-01,-8.617133720795712090e-03,0.000000000000000000e+00,0.000000000000000000e+00,0.000000000000000000e+00,0.000000000000000000e+00,0.000000000000000000e+00,0.000000000000000000e+00,0.000000000000000000e+00,8.428472290039062500e+02,8.330956420898437500e+02,8.453887939453125000e+02,8.617286987304687500e+02,-2.083754903125036508e+07
2.607000000000000206e+00,2.918630072752010918e-01,2.674913569568270200e-01,8.201403228614984053e-03,-1.835683614936911567e-05,1.619586535037131902e-04,-4.157304921807280368e-04,9.101473093032836914e-01,5.197574138641357422e+00,-4.904341697692871094e+00,-2.918630072752010918e-01,-2.674913569568270200e-01,-8.201403228614984053e-03,0.000000000000000000e+00,0.000000000000000000e+00,0.000000000000000000e+00,0.000000000000000000e+00,0.000000000000000000e+00,0.000000000000000000e+00,0.000000000000000000e+00,8.424869995117187500e+02,8.329686889648437500e+02,8.449721069335937500e+02,8.609234619140625000e+02,-2.083754918805326894e+07
2.608000000000000096e+00,2.918423339332152922e-01,2.676537676745406880e-01,7.795572205148528985e-03,-2.067334198579962035e-05,1.624107177136679958e-04,-4.058310234664550681e-04,9.101440906524658203e-01,5.197566509246826172e+00,-4.904334545135498047e+00,-2.918423339332152922e-01,-2.676537676745406880e-01,-7.795572205148528985e-03,0.000000000000000000e+00,0.000000000000000000e+00,0.000000000000000000e+00,0.000000000000000000e+00,0.000000000000000000e+00,0.000000000000000000e+00,0.000000000000000000e+00,8.421353149414062500e+02,8.328446655273437500e+02,8.445651245117187500e+02,8.601372070312500000e+02,-2.083754934492452815e+07
2.608999999999999986e+00,2.918193980365815787e-01,2.678165497578382515e-01,7.399373934248715604e-03,-2.293589663371342624e-05,1.627820832975634957e-04,-3.961982708998133818e-04,9.101411104202270508e-01,5.197560787200927734e+00,-4.904330253601074219e+00,-2.918193980365815787e-01,-2.678165497578382515e-01,-7.399373934248715604e-03,0.000000000000000000e+00,0.000000000000000000e+00,0.000000000000000000e+00,0.000000000000000000e+00,0.000000000000000000e+00,0.000000000000000000e+00,0.000000000000000000e+00,8.417919921875000000e+02,8.327235107421875000e+02,8.441677246093750000e+02,8.593695678710937500e+02,-2.083754950186354294e+07
2.609999999999999876e+00,2.917942001507851102e-01,2.679797292463106939e-01,7.012549890187804412e-03,-2.519788579646853321e-05,1.631794884724424577e-04,-3.868240440609111916e-04,9.101386070251464844e-01,5.197553157806396484e+00,-4.904325962066650391e+00,-2.917942001507851102e-01,-2.679797292463106939e-01,-7.012549890187804412e-03,0.000000000000000000e+00,0.000000000000000000e+00,0.000000000000000000e+00,0.000000000000000000e+00,0.000000000000000000e+00,0.000000000000000000e+00,0.000000000000000000e+00,8.414567871093750000e+02,8.326052246093750000e+02,8.437796630859375000e+02,8.586199951171875000e+02,-2.083754965886970982e+07
2.611000000000000210e+00,2.917668208809057750e-01,2.681433055095968077e-01,6.634843929233388664e-03,-2.737926987933514411e-05,1.635762632861137433e-04,-3.777059609544157481e-04,9.101351499557495117e-01,5.197547912597656250e+00,-4.904320240020751953e+00,-2.917668208809057750e-01,-2.681433055095968077e-01,-6.634843929233388664e-03,0.000000000000000000e+00,0.000000000000000000e+00,0.000000000000000000e+00,0.000000000000000000e+00,0.000000000000000000e+00,0.000000000000000000e+00,0.000000000000000000e+00,8.411295776367187500e+02,8.324896240234375000e+02,8.434006958007812500e+02,8.578881835937500000e+02,-2.083754981594244018e+07
2.612000000000000099e+00,2.917372874539437277e-01,2.683072512518502317e-01,6.266008020869114591e-03,-2.953342696204730444e-05,1.639457422534240649e-04,-3.688359083642740732e-04,9.101332426071166992e-01,5.197543621063232422e+00,-4.904316902160644531e+00,-2.917372874539437277e-01,-2.683072512518502317e-01,-6.266008020869114591e-03,0.000000000000000000e+00,0.000000000000000000e+00,0.000000000000000000e+00,0.000000000000000000e+00,0.000000000000000000e+00,0.000000000000000000e+00,0.000000000000000000e+00,8.408100585937500000e+02,8.323767700195312500e+02,8.430306396484375000e+02,8.571737060546875000e+02,-2.083754997308113053e+07
2.612999999999999989e+00,2.917056537660269178e-01,2.684715391914695437e-01,5.905799491415692631e-03,-3.163368791680998271e-05,1.642879396193119845e-04,-3.602085294534219592e-04,9.101306200027465820e-01,5.197538375854492188e+00,-4.904314041137695312e+00,-2.917056537660269178e-01,-2.684715391914695437e-01,-5.905799491415692631e-03,0.000000000000000000e+00,0.000000000000000000e+00,0.000000000000000000e+00,0.000000000000000000e+00,0.000000000000000000e+00,0.000000000000000000e+00,0.000000000000000000e+00,8.404981079101562500e+02,8.322664794921875000e+02,8.426692504882812500e+02,8.564760131835937500e+02,-2.083755013028516620e+07
2.613999999999999879e+00,2.916719736998641399e-01,2.686361954204161684e-01,5.553980950573033509e-03,-3.368006616277785525e-05,1.646562289466246831e-04,-3.518185408426591221e-04,9.101287126541137695e-01,5.197535514831542969e+00,-4.904312610626220703e+00,-2.916719736998641399e-01,-2.686361954204161684e-01,-5.553980950573033509e-03,0.000000000000000000e+00,0.000000000000000000e+00,0.000000000000000000e+00,0.000000000000000000e+00,0.000000000000000000e+00,0.000000000000000000e+00,0.000000000000000000e+00,8.401936035156250000e+02,8.321588134765625000e+02,8.423162841796875000e+02,8.557948608398437500e+02,-2.083755028755395859e+07
2.615000000000000213e+00,2.916362570628444062e-01,2.688011499811202576e-01,5.210321175973597202e-03,-3.571663701973371019e-05,1.649545607040892037e-04,-3.436597745994363073e-04,9.101266860961914062e-01,5.197531223297119141e+00,-4.904308795928955078e+00,-2.916362570628444062e-01,-2.688011499811202576e-01,-5.210321175973597202e-03,0.000000000000000000e+00,0.000000000000000000e+00,0.000000000000000000e+00,0.000000000000000000e+00,0.000000000000000000e+00,0.000000000000000000e+00,0.000000000000000000e+00,8.398963012695312500e+02,8.320535888671875000e+02,8.419716796875000000e+02,8.551298217773437500e+02,-2.083755044488687068e+07
2.616000000000000103e+00,2.915985924809603724e-01,2.689664610263938216e-01,4.874595589154668424e-03,-3.766458188403376539e-05,1.653110452735639946e-04,-3.357255868189287784e-04,9.101250171661376953e-01,5.197529792785644531e+00,-4.904307842254638672e+00,-2.915985924809603724e-01,-2.689664610263938216e-01,-4.874595589154668424e-03,0.000000000000000000e+00,0.000000000000000000e+00,0.000000000000000000e+00,0.000000000000000000e+00,0.000000000000000000e+00,0.000000000000000000e+00,0.000000000000000000e+00,8.396060180664062500e+02,8.319508056640625000e+02,8.416351318359375000e+02,8.544804687500000000e+02,-2.083755060228332877e+07
2.616999999999999993e+00,2.915590164112317195e-01,2.691320853212538222e-01,4.546585739726518444e-03,-3.957606972865290729e-05,1.656242948600006315e-04,-3.280098494281499799e-04,9.101229906082153320e-01,5.197528362274169922e+00,-4.904306888580322266e+00,-2.915590164112317195e-01,-2.691320853212538222e-01,-4.546585739726518444e-03,0.000000000000000000e+00,0.000000000000000000e+00,0.000000000000000000e+00,0.000000000000000000e+00,0.000000000000000000e+00,0.000000000000000000e+00,0.000000000000000000e+00,8.393226318359375000e+02,8.318504638671875000e+02,8.413064575195312500e+02,8.538464355468750000e+02,-2.083755075974274054e+07
2.617999999999999883e+00,2.915175826834506823e-01,2.692980490157728113e-01,4.226078832530887411e-03,-4.143372778103726617e-05,1.659636945189890689e-04,-3.205069071956310328e-04,9.101216793060302734e-01,5.197524547576904297e+00,-4.904306411743164062e+00,-2.915175826834506823e-01,-2.692980490157728113e-01,-4.226078832530887411e-03,0.000000000000000000e+00,0.000000000000000000e+00,0.000000000000000000e+00,0.000000000000000000e+00,0.000000000000000000e+00,0.000000000000000000e+00,0.000000000000000000e+00,8.390458984375000000e+02,8.317524414062500000e+02,8.409855346679687500e+02,8.532274169921875000e+02,-2.083755091726453975e+07
2.619000000000000217e+00,2.914742917530586674e-01,2.694642715515865872e-01,3.912869139206169404e-03,-4.329093039201481474e-05,1.662225358137758846e-04,-3.132096933247180068e-04,9.101204872131347656e-01,5.197525024414062500e+00,-4.904306411743164062e+00,-2.914742917530586674e-01,-2.694642715515865872e-01,-3.912869139206169404e-03,0.000000000000000000e+00,0.000000000000000000e+00,0.000000000000000000e+00,0.000000000000000000e+00,0.000000000000000000e+00,0.000000000000000000e+00,0.000000000000000000e+00,8.387758178710937500e+02,8.316566162109375000e+02,8.406721191406250000e+02,8.526230468750000000e+02,-2.083755107484810799e+07
2.620000000000000107e+00,2.914292240995972061e-01,2.696308324743235119e-01,3.606757422898755443e-03,-4.506765346146135442e-05,1.665609227369246881e-04,-3.061117163074139613e-04,9.101189374923706055e-01,5.197522640228271484e+00,-4.904305458068847656e+00,-2.914292240995972061e-01,-2.696308324743235119e-01,-3.606757422898755443e-03,0.000000000000000000e+00,0.000000000000000000e+00,0.000000000000000000e+00,0.000000000000000000e+00,0.000000000000000000e+00,0.000000000000000000e+00,0.000000000000000000e+00,8.385120849609375000e+02,8.315631103515625000e+02,8.403660888671875000e+02,8.520328979492187500e+02,-2.083755123249289393e+07
2.620999999999999996e+00,2.913824335123095799e-01,2.697976779384522739e-01,3.307550267920920939e-03,-4.679058728762619523e-05,1.668454641287619999e-04,-2.992071549778345038e-04,9.101182222366333008e-01,5.197523593902587891e+00,-4.904304981231689453e+00,-2.913824335123095799e-01,-2.697976779384522739e-01,-3.307550267920920939e-03,0.000000000000000000e+00,0.000000000000000000e+00,0.000000000000000000e+00,0.000000000000000000e+00,0.000000000000000000e+00,0.000000000000000000e+00,0.000000000000000000e+00,8.382545776367187500e+02,8.314717407226562500e+02,8.400671997070312500e+02,8.514567260742187500e+02,-2.083755139019834250e+07
2.621999999999999886e+00,2.913339470811210363e-01,2.699647807974116520e-01,3.015062174027167887e-03,-4.848643118854356615e-05,1.671028589593781533e-04,-2.924880938937530518e-04,9.101172685623168945e-01,5.197524547576904297e+00,-4.904307365417480469e+00,-2.913339470811210363e-01,-2.699647807974116520e-01,-3.015062174027167887e-03,0.000000000000000000e+00,0.000000000000000000e+00,0.000000000000000000e+00,0.000000000000000000e+00,0.000000000000000000e+00,0.000000000000000000e+00,0.000000000000000000e+00,8.380032348632812500e+02,8.313824462890625000e+02,8.397753295898437500e+02,8.508941650390625000e+02,-2.083755154796388373e+07
2.623000000000000220e+00,2.912838452447640281e-01,2.701321939616692647e-01,2.729112939482948585e-03,-5.010183635700826699e-05,1.674131642576126566e-04,-2.859492345442193016e-04,9.101164340972900391e-01,5.197524547576904297e+00,-4.904308795928955078e+00,-2.912838452447640281e-01,-2.701321939616692647e-01,-2.729112939482948585e-03,0.000000000000000000e+00,0.000000000000000000e+00,0.000000000000000000e+00,0.000000000000000000e+00,0.000000000000000000e+00,0.000000000000000000e+00,0.000000000000000000e+00,8.377578125000000000e+02,8.312952880859375000e+02,8.394902954101562500e+02,8.503449096679687500e+02,-2.083755170578901097e+07
2.624000000000000110e+00,2.912321283847937314e-01,2.702998903142574405e-01,2.449529632984191740e-03,-5.171685997029662474e-05,1.676963525881758343e-04,-2.795833064987568450e-04,9.101158380508422852e-01,5.197526454925537109e+00,-4.904311180114746094e+00,-2.912321283847937314e-01,-2.702998903142574405e-01,-2.449529632984191740e-03,0.000000000000000000e+00,0.000000000000000000e+00,0.000000000000000000e+00,0.000000000000000000e+00,0.000000000000000000e+00,0.000000000000000000e+00,0.000000000000000000e+00,8.375181884765625000e+02,8.312101440429687500e+02,8.392119750976562500e+02,8.498085937500000000e+02,-2.083755186367319524e+07
2.625000000000000000e+00,2.911788502290094671e-01,2.704678427567974719e-01,2.176146075834468809e-03,-5.327815578426431387e-05,1.679524425400313881e-04,-2.733835571497229312e-04,9.101152420043945312e-01,5.197526931762695312e+00,-4.904311180114746094e+00,-2.911788502290094671e-01,-2.704678427567974719e-01,-2.176146075834468809e-03,0.000000000000000000e+00,0.000000000000000000e+00,0.000000000000000000e+00,0.000000000000000000e+00,0.000000000000000000e+00,0.000000000000000000e+00,0.000000000000000000e+00,8.372843017578125000e+02,8.311269531250000000e+02,8.389401855468750000e+02,8.492849731445312500e+02,-2.083755202161590755e+07
2.625999999999999890e+00,2.911240911720648916e-01,2.706360775678190445e-01,1.908802143674326801e-03,-5.475905694457550155e-05,1.682348110215725612e-04,-2.673439321601420084e-04,9.101148843765258789e-01,5.197531223297119141e+00,-4.904315471649169922e+00,-2.911240911720648916e-01,-2.706360775678190445e-01,-1.908802143674326801e-03,0.000000000000000000e+00,0.000000000000000000e+00,0.000000000000000000e+00,0.000000000000000000e+00,0.000000000000000000e+00,0.000000000000000000e+00,0.000000000000000000e+00,8.370559082031250000e+02,8.310457153320312500e+02,8.386748046875000000e+02,8.487736816406250000e+02,-2.083755217961667478e+07
2.626999999999999780e+00,2.910678782319549018e-01,2.708045676796674850e-01,1.647344643512733790e-03,-5.621294010998978408e-05,1.684901118484405380e-04,-2.614575001615930105e-04,9.101145267486572266e-01,5.197532176971435547e+00,-4.904317855834960938e+00,-2.910678782319549018e-01,-2.708045676796674850e-01,-1.647344643512733790e-03,0.000000000000000000e+00,0.000000000000000000e+00,0.000000000000000000e+00,0.000000000000000000e+00,0.000000000000000000e+00,0.000000000000000000e+00,0.000000000000000000e+00,8.368328857421875000e+02,8.309663696289062500e+02,8.384156494140625000e+02,8.482745361328125000e+02,-2.083755233767501265e+07
2.628000000000000114e+00,2.910102650925507906e-01,2.709733127222844762e-01,1.391626921459106258e-03,-5.761313940411127987e-05,1.687450426169911921e-04,-2.557177220536275327e-04,9.101142883300781250e-01,5.197535514831542969e+00,-4.904320716857910156e+00,-2.910102650925507906e-01,-2.709733127222844762e-01,-1.391626921459106258e-03,0.000000000000000000e+00,0.000000000000000000e+00,0.000000000000000000e+00,0.000000000000000000e+00,0.000000000000000000e+00,0.000000000000000000e+00,0.000000000000000000e+00,8.366152343750000000e+02,8.308889160156250000e+02,8.381625366210937500e+02,8.477871093750000000e+02,-2.083755249579045922e+07
2.629000000000000004e+00,2.909512787440168280e-01,2.711423390199654282e-01,1.141508155081216811e-03,-5.898634853396256261e-05,1.690262976809520090e-04,-2.501187663778894465e-04,9.101141691207885742e-01,5.197538375854492188e+00,-4.904325008392333984e+00,-2.909512787440168280e-01,-2.711423390199654282e-01,-1.141508155081216811e-03,0.000000000000000000e+00,0.000000000000000000e+00,0.000000000000000000e+00,0.000000000000000000e+00,0.000000000000000000e+00,0.000000000000000000e+00,0.000000000000000000e+00,8.364026489257812500e+02,8.308131713867187500e+02,8.379154052734375000e+02,8.473112182617187500e+02,-2.083755265396257862e+07
2.629999999999999893e+00,2.908909728408475837e-01,2.713116195541569464e-01,8.968547853856688153e-04,-6.030590316924433480e-05,1.692805341915182282e-04,-2.446533696955479958e-04,9.101144075393676758e-01,5.197542190551757812e+00,-4.904328823089599609e+00,-2.908909728408475837e-01,-2.713116195541569464e-01,-8.968547853856688153e-04,0.000000000000000000e+00,0.000000000000000000e+00,0.000000000000000000e+00,0.000000000000000000e+00,0.000000000000000000e+00,0.000000000000000000e+00,0.000000000000000000e+00,8.361951293945312500e+02,8.307392578125000000e+02,8.376740112304687500e+02,8.468466186523437500e+02,-2.083755281219093502e+07
2.630999999999999783e+00,2.908294010258482554e-01,2.714811806806357031e-01,6.575385370825740988e-04,-6.157181499932828928e-05,1.695611264787566519e-04,-2.393162483030947165e-04,9.101144075393676758e-01,5.197546482086181641e+00,-4.904333591461181641e+00,-2.908294010258482554e-01,-2.714811806806357031e-01,-6.575385370825740988e-04,0.000000000000000000e+00,0.000000000000000000e+00,0.000000000000000000e+00,0.000000000000000000e+00,0.000000000000000000e+00,0.000000000000000000e+00,0.000000000000000000e+00,8.359925537109375000e+02,8.306670532226562500e+02,8.374383544921875000e+02,8.463929443359375000e+02,-2.083755297047514096e+07
2.632000000000000117e+00,2.907666169267655865e-01,2.716509687288244379e-01,4.234375909875411092e-04,-6.278409908266890938e-05,1.697880481887348303e-04,-2.341009460950329896e-04,9.101146459579467773e-01,5.197550773620605469e+00,-4.904338359832763672e+00,-2.907666169267655865e-01,-2.716509687288244379e-01,-4.234375909875411092e-04,0.000000000000000000e+00,0.000000000000000000e+00,0.000000000000000000e+00,0.000000000000000000e+00,0.000000000000000000e+00,0.000000000000000000e+00,0.000000000000000000e+00,8.357947387695312500e+02,8.305964965820312500e+02,8.372081909179687500e+02,8.459499511718750000e+02,-2.083755312881479412e+07
2.633000000000000007e+00,2.907026474788105275e-01,2.718210367642416303e-01,1.944356521971845415e-04,-6.396944795505898895e-05,1.700680354171923980e-04,-2.290019387903565677e-04,9.101154804229736328e-01,5.197556972503662109e+00,-4.904343605041503906e+00,-2.907026474788105275e-01,-2.718210367642416303e-01,-1.944356521971845415e-04,0.000000000000000000e+00,0.000000000000000000e+00,0.000000000000000000e+00,0.000000000000000000e+00,0.000000000000000000e+00,0.000000000000000000e+00,0.000000000000000000e+00,8.356016235351562500e+02,8.305276489257812500e+02,8.369834594726562500e+02,8.455174560546875000e+02,-2.083755328720953688e+07
2.633999999999999897e+00,2.906375196024402197e-01,2.719913311446762738e-01,-2.957746717099660823e-05,-6.512787637030781340e-05,1.702943804346435108e-04,-2.240131193681811498e-04,9.101159572601318359e-01,5.197562694549560547e+00,-4.904349327087402344e+00,-2.906375196024402197e-01,-2.719913311446762738e-01,2.957746717099660823e-05,0.000000000000000000e+00,0.000000000000000000e+00,0.000000000000000000e+00,0.000000000000000000e+00,0.000000000000000000e+00,0.000000000000000000e+00,0.000000000000000000e+00,8.354130859375000000e+02,8.304603271484375000e+02,8.367640380859375000e+02,8.450952148437500000e+02,-2.083755344565898925e+07
2.634999999999999787e+00,2.905713135695226490e-01,2.721619049637374887e-01,-2.487069852438598722e-04,-6.620603291757065634e-05,1.705738190612149374e-04,-2.191295180728632639e-04,9.101164340972900391e-01,5.197567462921142578e+00,-4.904354095458984375e+00,-2.905713135695226490e-01,-2.721619049637374887e-01,2.487069852438598722e-04,0.000000000000000000e+00,0.000000000000000000e+00,0.000000000000000000e+00,0.000000000000000000e+00,0.000000000000000000e+00,0.000000000000000000e+00,0.000000000000000000e+00,8.352290039062500000e+02,8.303945922851562500e+02,8.365496826171875000e+02,8.446828613281250000e+02,-2.083755360416284204e+07
2.636000000000000121e+00,2.905040295961399122e-01,2.723327312856066995e-01,-4.630525684156260751e-04,-6.728397338273683914e-05,1.708263218692107621e-04,-2.143455831717662029e-04,9.101167917251586914e-01,5.197574615478515625e+00,-4.904358863830566406e+00,-2.905040295961399122e-01,-2.723327312856066995e-01,4.630525684156260751e-04,0.000000000000000000e+00,0.000000000000000000e+00,0.000000000000000000e+00,0.000000000000000000e+00,0.000000000000000000e+00,0.000000000000000000e+00,0.000000000000000000e+00,8.350492553710937500e+02,8.303304443359375000e+02,8.363404541015625000e+02,8.442803344726562500e+02,-2.083755376272076368e+07
2.637000000000000011e+00,2.904357479300613276e-01,2.725038098678181364e-01,-6.727090880119725603e-04,-6.828166607858454640e-05,1.710785822114369026e-04,-2.096565195963464852e-04,9.101177453994750977e-01,5.197578907012939453e+00,-4.904364585876464844e+00,-2.904357479300613276e-01,-2.725038098678181364e-01,6.727090880119725603e-04,0.000000000000000000e+00,0.000000000000000000e+00,0.000000000000000000e+00,0.000000000000000000e+00,0.000000000000000000e+00,0.000000000000000000e+00,0.000000000000000000e+00,8.348737792968750000e+02,8.302677612304687500e+02,8.361361083984375000e+02,8.438872680664062500e+02,-2.083755392133246735e+07
2.637999999999999901e+00,2.903664687649416543e-01,2.726751137987937779e-01,-8.777664482720061966e-04,-6.927916511967335822e-05,1.713039309756414497e-04,-2.050573602600336363e-04,9.101185798645019531e-01,5.197586059570312500e+00,-4.904372692108154297e+00,-2.903664687649416543e-01,-2.726751137987937779e-01,8.777664482720061966e-04,0.000000000000000000e+00,0.000000000000000000e+00,0.000000000000000000e+00,0.000000000000000000e+00,0.000000000000000000e+00,0.000000000000000000e+00,0.000000000000000000e+00,8.347024536132812500e+02,8.302065429687500000e+02,8.359365234375000000e+02,8.435034790039062500e+02,-2.083755407999764010e+07
2.638999999999999790e+00,2.902962723290786196e-01,2.728466962196307577e-01,-1.078310501175670484e-03,-7.019643586303470073e-05,1.715824208369798320e-04,-2.005440529036642879e-04,9.101194143295288086e-01,5.197593212127685547e+00,-4.904378890991210938e+00,-2.902962723290786196e-01,-2.728466962196307577e-01,1.078310501175670484e-03,0.000000000000000000e+00,0.000000000000000000e+00,0.000000000000000000e+00,0.000000000000000000e+00,0.000000000000000000e+00,0.000000000000000000e+00,0.000000000000000000e+00,8.345351562500000000e+02,8.301467285156250000e+02,8.357416992187500000e+02,8.431287231445312500e+02,-2.083755423871604726e+07
2.640000000000000124e+00,2.902251587957400125e-01,2.730185035596319199e-01,-1.274422436630726898e-03,-7.111353333860703785e-05,1.718073400011621565e-04,-1.961119354550564138e-04,9.101207256317138672e-01,5.197601318359375000e+00,-4.904386520385742188e+00,-2.902251587957400125e-01,-2.730185035596319199e-01,1.274422436630726898e-03,0.000000000000000000e+00,0.000000000000000000e+00,0.000000000000000000e+00,0.000000000000000000e+00,0.000000000000000000e+00,0.000000000000000000e+00,0.000000000000000000e+00,8.343718261718750000e+02,8.300883178710937500e+02,8.355513916015625000e+02,8.427628173828125000e+02,-2.083755439748741686e+07
2.641000000000000014e+00,2.901531816943180853e-01,2.731905889796321651e-01,-1.466180039685185347e-03,-7.197710142192725868e-05,1.720854200002452927e-04,-1.917576030544584486e-04,9.101219177246093750e-01,5.197608470916748047e+00,-4.904392242431640625e+00,-2.901531816943180853e-01,-2.731905889796321651e-01,1.466180039685185347e-03,0.000000000000000000e+00,0.000000000000000000e+00,0.000000000000000000e+00,0.000000000000000000e+00,0.000000000000000000e+00,0.000000000000000000e+00,0.000000000000000000e+00,8.342124023437500000e+02,8.300313110351562500e+02,8.353656005859375000e+02,8.424055786132812500e+02,-2.083755455631153286e+07
2.641999999999999904e+00,2.900803678618568138e-01,2.733628989273217402e-01,-1.653657100987193868e-03,-7.281383246127148823e-05,1.723099476895750826e-04,-1.874770613020085210e-04,9.101228713989257812e-01,5.197615623474121094e+00,-4.904400348663330078e+00,-2.900803678618568138e-01,-2.733628989273217402e-01,1.653657100987193868e-03,0.000000000000000000e+00,0.000000000000000000e+00,0.000000000000000000e+00,0.000000000000000000e+00,0.000000000000000000e+00,0.000000000000000000e+00,0.000000000000000000e+00,8.340567016601562500e+02,8.299755859375000000e+02,8.351841430664062500e+02,8.420567626953125000e+02,-2.083755471518816054e+07
2.642999999999999794e+00,2.900067268448844326e-01,2.735354435959194142e-01,-1.836924236806619214e-03,-7.364101697238112365e-05,1.725446685976739225e-04,-1.832671358194253464e-04,9.101243019104003906e-01,5.197624683380126953e+00,-4.904409408569335938e+00,-2.900067268448844326e-01,-2.735354435959194142e-01,1.836924236806619214e-03,0.000000000000000000e+00,0.000000000000000000e+00,0.000000000000000000e+00,0.000000000000000000e+00,0.000000000000000000e+00,0.000000000000000000e+00,0.000000000000000000e+00,8.339047241210937500e+02,8.299212036132812500e+02,8.350069580078125000e+02,8.417161865234375000e+02,-2.083755487411707640e+07
2.644000000000000128e+00,2.899323467231546547e-01,2.737082287272225023e-01,-2.016049268045704782e-03,-7.438012172977792602e-05,1.727851313030881464e-04,-1.791250312390855678e-04,9.101258516311645508e-01,5.197632312774658203e+00,-4.904417991638183594e+00,-2.899323467231546547e-01,-2.737082287272225023e-01,2.016049268045704782e-03,0.000000000000000000e+00,0.000000000000000000e+00,0.000000000000000000e+00,0.000000000000000000e+00,0.000000000000000000e+00,0.000000000000000000e+00,0.000000000000000000e+00,8.337562866210937500e+02,8.298680419921875000e+02,8.348339843750000000e+02,8.413836669921875000e+02,-2.083755503309810162e+07
2.645000000000000018e+00,2.898572103459930993e-01,2.738812645381076272e-01,-2.191097443236130014e-03,-7.513637716155541213e-05,1.730358108851248744e-04,-1.750481751904252314e-04,9.101272821426391602e-01,5.197641372680664062e+00,-4.904425144195556641e+00,-2.898572103459930993e-01,-2.738812645381076272e-01,2.191097443236130014e-03,0.000000000000000000e+00,0.000000000000000000e+00,0.000000000000000000e+00,0.000000000000000000e+00,0.000000000000000000e+00,0.000000000000000000e+00,0.000000000000000000e+00,8.336113891601562500e+02,8.298161621093750000e+02,8.346650390625000000e+02,8.410589599609375000e+02,-2.083755519213105366e+07
2.645999999999999908e+00,2.897813445259414533e-01,2.740545508659515961e-01,-2.362131146302513460e-03,-7.586582005164599352e-05,1.732863278439689125e-04,-1.710337030663834461e-04,9.101289510726928711e-01,5.197652339935302734e+00,-4.904433727264404297e+00,-2.897813445259414533e-01,-2.740545508659515961e-01,2.362131146302513460e-03,0.000000000000000000e+00,0.000000000000000000e+00,0.000000000000000000e+00,0.000000000000000000e+00,0.000000000000000000e+00,0.000000000000000000e+00,0.000000000000000000e+00,8.334699096679687500e+02,8.297655029296875000e+02,8.345000610351562500e+02,8.407419433593750000e+02,-2.083755535121575743e+07
2.646999999999999797e+00,2.897048027524644631e-01,2.742280608704120715e-01,-2.529211402845914572e-03,-7.654177347699020473e-05,1.735100044604753755e-04,-1.670802565434011122e-04,9.101309776306152344e-01,5.197662830352783203e+00,-4.904442787170410156e+00,-2.897048027524644631e-01,-2.742280608704120715e-01,2.529211402845914572e-03,0.000000000000000000e+00,0.000000000000000000e+00,0.000000000000000000e+00,0.000000000000000000e+00,0.000000000000000000e+00,0.000000000000000000e+00,0.000000000000000000e+00,8.333317871093750000e+02,8.297160034179687500e+02,8.343389282226562500e+02,8.404324340820312500e+02,-2.083755551035205647e+07
2.648000000000000131e+00,2.896275851497435716e-01,2.744017943973613427e-01,-2.692397198314493752e-03,-7.721760272089150945e-05,1.737335269492712442e-04,-1.631857954685791805e-04,9.101325273513793945e-01,5.197671413421630859e+00,-4.904451847076416016e+00,-2.896275851497435716e-01,-2.744017943973613427e-01,2.692397198314493752e-03,0.000000000000000000e+00,0.000000000000000000e+00,0.000000000000000000e+00,0.000000000000000000e+00,0.000000000000000000e+00,0.000000000000000000e+00,0.000000000000000000e+00,8.331968994140625000e+02,8.296676635742187500e+02,8.341816406250000000e+02,8.401301879882812500e+02,-2.083755566953978688e+07
2.649000000000000021e+00,2.895497451998521599e-01,2.745757512961669589e-01,-2.851745874258565863e-03,-7.783994989141174159e-05,1.739568988056161558e-04,-1.593486759440721108e-04,9.101341962814331055e-01,5.197681903839111328e+00,-4.904460906982421875e+00,-2.895497451998521599e-01,-2.745757512961669589e-01,2.851745874258565863e-03,0.000000000000000000e+00,0.000000000000000000e+00,0.000000000000000000e+00,0.000000000000000000e+00,0.000000000000000000e+00,0.000000000000000000e+00,0.000000000000000000e+00,8.330652465820312500e+02,8.296204223632812500e+02,8.340280151367187500e+02,8.398350830078125000e+02,-2.083755582877881825e+07
2.649999999999999911e+00,2.894712563433711749e-01,2.747499580983789880e-01,-3.007314543813762332e-03,-7.848885648098491430e-05,1.742068022120291104e-04,-1.555686695551964684e-04,9.101365804672241211e-01,5.197690963745117188e+00,-4.904470920562744141e+00,-2.894712563433711749e-01,-2.747499580983789880e-01,3.007314543813762332e-03,0.000000000000000000e+00,0.000000000000000000e+00,0.000000000000000000e+00,0.000000000000000000e+00,0.000000000000000000e+00,0.000000000000000000e+00,0.000000000000000000e+00,8.329367065429687500e+02,8.295743408203125000e+02,8.338780517578125000e+02,8.395469360351562500e+02,-2.083755598806900904e+07
2.650999999999999801e+00,2.893921453744890959e-01,2.749243612981273066e-01,-3.159158161327173860e-03,-7.911096888207902467e-05,1.744031997483186380e-04,-1.518436175134115287e-04,9.101384878158569336e-01,5.197702407836914062e+00,-4.904481410980224609e+00,-2.893921453744890959e-01,-2.749243612981273066e-01,3.159158161327173860e-03,0.000000000000000000e+00,0.000000000000000000e+00,0.000000000000000000e+00,0.000000000000000000e+00,0.000000000000000000e+00,0.000000000000000000e+00,0.000000000000000000e+00,8.328111572265625000e+02,8.295292968750000000e+02,8.337315673828125000e+02,8.392656250000000000e+02,-2.083755614741020650e+07
2.652000000000000135e+00,2.893124657740859251e-01,2.750989874284299752e-01,-3.307332781372145872e-03,-7.967960040317079162e-05,1.746261303026686029e-04,-1.481746200449720122e-04,9.101401567459106445e-01,5.197714328765869141e+00,-4.904492378234863281e+00,-2.893124657740859251e-01,-2.750989874284299752e-01,3.307332781372145872e-03,0.000000000000000000e+00,0.000000000000000000e+00,0.000000000000000000e+00,0.000000000000000000e+00,0.000000000000000000e+00,0.000000000000000000e+00,0.000000000000000000e+00,8.326885986328125000e+02,8.294853515625000000e+02,8.335885620117187500e+02,8.389909057617187500e+02,-2.083755630680229887e+07
2.653000000000000025e+00,2.892322176573660086e-01,2.752738363459442672e-01,-3.451893012581581325e-03,-8.024811671991649575e-05,1.748489175142919905e-04,-1.445602312094354525e-04,9.101430177688598633e-01,5.197725772857666016e+00,-4.904502391815185547e+00,-2.892322176573660086e-01,-2.752738363459442672e-01,3.451893012581581325e-03,0.000000000000000000e+00,0.000000000000000000e+00,0.000000000000000000e+00,0.000000000000000000e+00,0.000000000000000000e+00,0.000000000000000000e+00,0.000000000000000000e+00,8.325689697265625000e+02,8.294423828125000000e+02,8.334488525390625000e+02,8.387227172851562500e+02,-2.083755646624517441e+07
2.653999999999999915e+00,2.891514011395072137e-01,2.754488812257498420e-01,-3.592893813138754461e-03,-8.081651785879495620e-05,1.750448798055748156e-04,-1.410008005571731365e-04,9.101451635360717773e-01,5.197736263275146484e+00,-4.904513359069824219e+00,-2.891514011395072137e-01,-2.754488812257498420e-01,3.592893813138754461e-03,0.000000000000000000e+00,0.000000000000000000e+00,0.000000000000000000e+00,0.000000000000000000e+00,0.000000000000000000e+00,0.000000000000000000e+00,0.000000000000000000e+00,8.324521484375000000e+02,8.294004516601562500e+02,8.333125000000000000e+02,8.384608154296875000e+02,-2.083755662573870271e+07
2.654999999999999805e+00,2.890700163377112886e-01,2.756241219230229911e-01,-3.730390417051230017e-03,-8.138480179592511021e-05,1.752406972731490598e-04,-1.374966039124755554e-04,9.101474285125732422e-01,5.197747707366943359e+00,-4.904524326324462891e+00,-2.890700163377112886e-01,-2.756241219230229911e-01,3.730390417051230017e-03,0.000000000000000000e+00,0.000000000000000000e+00,0.000000000000000000e+00,0.000000000000000000e+00,0.000000000000000000e+00,0.000000000000000000e+00,0.000000000000000000e+00,8.323380737304687500e+02,8.293594970703125000e+02,8.331793212890625000e+02,8.382051391601562500e+02,-2.083755678528274968e+07
2.656000000000000139e+00,2.889880900519017359e-01,2.757995582906795362e-01,-3.864438747867032179e-03,-8.192628580955263473e-05,1.754363676565451335e-04,-1.340483308158021622e-04,9.101500511169433594e-01,5.197762012481689453e+00,-4.904535770416259766e+00,-2.889880900519017359e-01,-2.757995582906795362e-01,3.864438747867032179e-03,0.000000000000000000e+00,0.000000000000000000e+00,0.000000000000000000e+00,0.000000000000000000e+00,0.000000000000000000e+00,0.000000000000000000e+00,0.000000000000000000e+00,8.322266845703125000e+02,8.293194580078125000e+02,8.330492553710937500e+02,8.379554443359375000e+02,-2.083755694487719610e+07
2.657000000000000028e+00,2.889056490838179392e-01,2.759751901799961660e-01,-3.995095354621260898e-03,-8.244096808379675068e-05,1.756318893166297634e-04,-1.306566067542287192e-04,9.101523160934448242e-01,5.197774410247802734e+00,-4.904548645019531250e+00,-2.889056490838179392e-01,-2.759751901799961660e-01,3.995095354621260898e-03,0.000000000000000000e+00,0.000000000000000000e+00,0.000000000000000000e+00,0.000000000000000000e+00,0.000000000000000000e+00,0.000000000000000000e+00,0.000000000000000000e+00,8.321179809570312500e+02,8.292803955078125000e+02,8.329223022460937500e+02,8.377116699218750000e+02,-2.083755710452193767e+07
2.657999999999999918e+00,2.888226935556050812e-01,2.761510174419460895e-01,-4.122417139095283650e-03,-8.295552821285800960e-05,1.758272619499234857e-04,-1.273217844740227520e-04,9.101552963256835938e-01,5.197787284851074219e+00,-4.904559135437011719e+00,-2.888226935556050812e-01,-2.761510174419460895e-01,4.122417139095283650e-03,0.000000000000000000e+00,0.000000000000000000e+00,0.000000000000000000e+00,0.000000000000000000e+00,0.000000000000000000e+00,0.000000000000000000e+00,0.000000000000000000e+00,8.320117797851562500e+02,8.292422485351562500e+02,8.327982788085937500e+02,8.374736938476562500e+02,-2.083755726421686634e+07
2.658999999999999808e+00,2.887391969108885625e-01,2.763269865620047172e-01,-4.246462888677856456e-03,-8.349664471651863096e-05,1.759691200586277482e-04,-1.240457495825728063e-04,9.101575613021850586e-01,5.197798728942871094e+00,-4.904570579528808594e+00,-2.887391969108885625e-01,-2.763269865620047172e-01,4.246462888677856456e-03,0.000000000000000000e+00,0.000000000000000000e+00,0.000000000000000000e+00,0.000000000000000000e+00,0.000000000000000000e+00,0.000000000000000000e+00,0.000000000000000000e+00,8.319081420898437500e+02,8.292049560546875000e+02,8.326771850585937500e+02,8.372412719726562500e+02,-2.083755742396182567e+07
2.660000000000000142e+00,2.886551859607348614e-01,2.765031507469569716e-01,-4.367291579929719406e-03,-8.401095015370119157e-05,1.761641849522543879e-04,-1.208286912518629491e-04,9.101604223251342773e-01,5.197814464569091797e+00,-4.904583930969238281e+00,-2.886551859607348614e-01,-2.765031507469569716e-01,4.367291579929719406e-03,0.000000000000000000e+00,0.000000000000000000e+00,0.000000000000000000e+00,0.000000000000000000e+00,0.000000000000000000e+00,0.000000000000000000e+00,0.000000000000000000e+00,8.318069458007812500e+02,8.291685791015625000e+02,8.325589599609375000e+02,8.370143432617187500e+02,-2.083755758375670761e+07
2.661000000000000032e+00,2.885706875187214471e-01,2.766794831550146161e-01,-4.484964697577014520e-03,-8.449844201341427663e-05,1.763324080576444963e-04,-1.176731176472951140e-04,9.101634025573730469e-01,5.197827339172363281e+00,-4.904596805572509766e+00,-2.885706875187214471e-01,-2.766794831550146161e-01,4.484964697577014520e-03,0.000000000000000000e+00,0.000000000000000000e+00,0.000000000000000000e+00,0.000000000000000000e+00,0.000000000000000000e+00,0.000000000000000000e+00,0.000000000000000000e+00,8.317081909179687500e+02,8.291329956054687500e+02,8.324434814453125000e+02,8.367928466796875000e+02,-2.083755774360140041e+07
2.661999999999999922e+00,2.884856750373427925e-01,2.768559569456716662e-01,-4.599543806101656120e-03,-8.501248137865458077e-05,1.764737906570501558e-04,-1.145791085246416000e-04,9.101660251617431641e-01,5.197840213775634766e+00,-4.904608726501464844e+00,-2.884856750373427925e-01,-2.768559569456716662e-01,4.599543806101656120e-03,0.000000000000000000e+00,0.000000000000000000e+00,0.000000000000000000e+00,0.000000000000000000e+00,0.000000000000000000e+00,0.000000000000000000e+00,0.000000000000000000e+00,8.316116943359375000e+02,8.290982666015625000e+02,8.323306884765625000e+02,8.365765380859375000e+02,-2.083755790349576250e+07
2.662999999999999812e+00,2.884001486584641949e-01,2.770325986336016899e-01,-4.711092753137534166e-03,-8.552637887859759758e-05,1.766416879300236609e-04,-1.115489470358780461e-04,9.101693630218505859e-01,5.197854995727539062e+00,-4.904620647430419922e+00,-2.884001486584641949e-01,-2.770325986336016899e-01,4.711092753137534166e-03,0.000000000000000000e+00,0.000000000000000000e+00,0.000000000000000000e+00,0.000000000000000000e+00,0.000000000000000000e+00,0.000000000000000000e+00,0.000000000000000000e+00,8.315175170898437500e+02,8.290643310546875000e+02,8.322205810546875000e+02,8.363652954101562500e+02,-2.083755806343966350e+07
2.664000000000000146e+00,2.883141085226226807e-01,2.772093546887134941e-01,-4.819676435480006391e-03,-8.604013584151415373e-05,1.767560551118041445e-04,-1.085836823424722250e-04,9.101719856262207031e-01,5.197869300842285156e+00,-4.904635429382324219e+00,-2.883141085226226807e-01,-2.772093546887134941e-01,4.819676435480006391e-03,0.000000000000000000e+00,0.000000000000000000e+00,0.000000000000000000e+00,0.000000000000000000e+00,0.000000000000000000e+00,0.000000000000000000e+00,0.000000000000000000e+00,8.314255981445312500e+02,8.290312500000000000e+02,8.321130981445312500e+02,8.361591186523437500e+02,-2.083755822343294322e+07
2.665000000000000036e+00,2.882275814613967091e-01,2.773862516165334080e-01,-4.925362100442028795e-03,-8.652706122597164651e-05,1.768969278199139517e-04,-1.056856649620224048e-04,9.101755619049072266e-01,5.197884082794189453e+00,-4.904648780822753906e+00,-2.882275814613967091e-01,-2.773862516165334080e-01,4.925362100442028795e-03,0.000000000000000000e+00,0.000000000000000000e+00,0.000000000000000000e+00,0.000000000000000000e+00,0.000000000000000000e+00,0.000000000000000000e+00,0.000000000000000000e+00,8.313358154296875000e+02,8.289988403320312500e+02,8.320080566406250000e+02,8.359577636718750000e+02,-2.083755838347547501e+07
2.665999999999999925e+00,2.881405409464027345e-01,2.775632892409140573e-01,-5.028218049719933996e-03,-8.704051499397458258e-05,1.770376243806492944e-04,-1.028559492779052009e-04,9.101783037185668945e-01,5.197898864746093750e+00,-4.904661178588867188e+00,-2.881405409464027345e-01,-2.775632892409140573e-01,5.028218049719933996e-03,0.000000000000000000e+00,0.000000000000000000e+00,0.000000000000000000e+00,0.000000000000000000e+00,0.000000000000000000e+00,0.000000000000000000e+00,0.000000000000000000e+00,8.312481689453125000e+02,8.289672851562500000e+02,8.319055175781250000e+02,8.357611694335937500e+02,-2.083755854356710985e+07
2.666999999999999815e+00,2.880529871299029043e-01,2.777404407032806888e-01,-5.128312999322454102e-03,-8.755381649983018377e-05,1.771514623666314847e-04,-1.000949496025201058e-04,9.101816415786743164e-01,5.197912693023681641e+00,-4.904676914215087891e+00,-2.880529871299029043e-01,-2.777404407032806888e-01,5.128312999322454102e-03,0.000000000000000000e+00,0.000000000000000000e+00,0.000000000000000000e+00,0.000000000000000000e+00,0.000000000000000000e+00,0.000000000000000000e+00,0.000000000000000000e+00,8.311625976562500000e+02,8.289364013671875000e+02,8.318053588867187500e+02,8.355692138671875000e+02,-2.083755870370768383e+07
2.668000000000000149e+00,2.879649468551832570e-01,2.779177058163371794e-01,-5.225719132179916515e-03,-8.804027471964737117e-05,1.772651130564906197e-04,-9.740613285746241301e-05,9.101848602294921875e-01,5.197927474975585938e+00,-4.904688835144042969e+00,-2.879649468551832570e-01,-2.779177058163371794e-01,5.225719132179916515e-03,0.000000000000000000e+00,0.000000000000000000e+00,0.000000000000000000e+00,0.000000000000000000e+00,0.000000000000000000e+00,0.000000000000000000e+00,0.000000000000000000e+00,8.310791015625000000e+02,8.289062500000000000e+02,8.317075805664062500e+02,8.353818359375000000e+02,-2.083755886389705539e+07
2.669000000000000039e+00,2.878763669242281331e-01,2.780950843950310003e-01,-5.320508854015338317e-03,-8.857993095512384230e-05,1.773785786938208986e-04,-9.478972183542180158e-05,9.101883172988891602e-01,5.197943687438964844e+00,-4.904703140258789062e+00,-2.878763669242281331e-01,-2.780950843950310003e-01,5.320508854015338317e-03,0.000000000000000000e+00,0.000000000000000000e+00,0.000000000000000000e+00,0.000000000000000000e+00,0.000000000000000000e+00,0.000000000000000000e+00,0.000000000000000000e+00,8.309975585937500000e+02,8.288767700195312500e+02,8.316121215820312500e+02,8.351988525390625000e+02,-2.083755902413504198e+07
2.669999999999999929e+00,2.877873008633936580e-01,2.782725495675763550e-01,-5.412755596150962793e-03,-8.906606083447510258e-05,1.774651725453546547e-04,-9.224674213562447656e-05,9.101916551589965820e-01,5.197960853576660156e+00,-4.904717445373535156e+00,-2.877873008633936580e-01,-2.782725495675763550e-01,5.412755596150962793e-03,0.000000000000000000e+00,0.000000000000000000e+00,0.000000000000000000e+00,0.000000000000000000e+00,0.000000000000000000e+00,0.000000000000000000e+00,0.000000000000000000e+00,8.309179077148437500e+02,8.288479614257812500e+02,8.315188598632812500e+02,8.350202026367187500e+02,-2.083755918442148343e+07
2.670999999999999819e+00,2.876976954825659627e-01,2.784501011419960870e-01,-5.502534682397432729e-03,-8.960538082769531343e-05,1.775515744197320167e-04,-8.977908624646993574e-05,9.101949930191040039e-01,5.197975158691406250e+00,-4.904731273651123047e+00,-2.876976954825659627e-01,-2.784501011419960870e-01,5.502534682397432729e-03,0.000000000000000000e+00,0.000000000000000000e+00,0.000000000000000000e+00,0.000000000000000000e+00,0.000000000000000000e+00,0.000000000000000000e+00,0.000000000000000000e+00,8.308402099609375000e+02,8.288198852539062500e+02,8.314277954101562500e+02,8.348457641601562500e+02,-2.083755934475618228e+07
2.672000000000000153e+00,2.876075776358490432e-01,2.786277389221868406e-01,-5.589922047751001710e-03,-9.011784671691946969e-05,1.776377801907536025e-04,-8.738736535356898122e-05,9.101990461349487305e-01,5.197991847991943359e+00,-4.904747962951660156e+00,-2.876075776358490432e-01,-2.786277389221868406e-01,5.589922047751001710e-03,0.000000000000000000e+00,0.000000000000000000e+00,0.000000000000000000e+00,0.000000000000000000e+00,0.000000000000000000e+00,0.000000000000000000e+00,0.000000000000000000e+00,8.307642822265625000e+02,8.287924194335937500e+02,8.313388671875000000e+02,8.346754760742187500e+02,-2.083755950513896346e+07
2.673000000000000043e+00,2.875169475009494158e-01,2.788054627091129944e-01,-5.674995229993762269e-03,-9.063013489962745695e-05,1.777237869261538705e-04,-8.507318224276055885e-05,9.102025032043457031e-01,5.198007106781005859e+00,-4.904761314392089844e+00,-2.875169475009494158e-01,-2.788054627091129944e-01,5.674995229993762269e-03,0.000000000000000000e+00,0.000000000000000000e+00,0.000000000000000000e+00,0.000000000000000000e+00,0.000000000000000000e+00,0.000000000000000000e+00,0.000000000000000000e+00,8.306902465820312500e+02,8.287655639648437500e+02,8.312520141601562500e+02,8.345092163085937500e+02,-2.083755966556965187e+07
2.673999999999999932e+00,2.874257614412909501e-01,2.789832289958791844e-01,-5.757830916648647851e-03,-9.118605965846571237e-05,1.777662867661899959e-04,-8.283568665488558191e-05,9.102057218551635742e-01,5.198024272918701172e+00,-4.904775142669677734e+00,-2.874257614412909501e-01,-2.789832289958791844e-01,5.757830916648647851e-03,0.000000000000000000e+00,0.000000000000000000e+00,0.000000000000000000e+00,0.000000000000000000e+00,0.000000000000000000e+00,0.000000000000000000e+00,0.000000000000000000e+00,8.306179199218750000e+02,8.287393798828125000e+02,8.311671752929687500e+02,8.343468627929687500e+02,-2.083755982604801655e+07
2.674999999999999822e+00,2.873340805858777824e-01,2.791610708293473797e-01,-5.838508142387297331e-03,-9.168085541316761677e-05,1.778418334681952651e-04,-8.067722573864948010e-05,9.102092981338500977e-01,5.198040008544921875e+00,-4.904791355133056641e+00,-2.873340805858777824e-01,-2.791610708293473797e-01,5.838508142387297331e-03,0.000000000000000000e+00,0.000000000000000000e+00,0.000000000000000000e+00,0.000000000000000000e+00,0.000000000000000000e+00,0.000000000000000000e+00,0.000000000000000000e+00,8.305473022460937500e+02,8.287137451171875000e+02,8.310843505859375000e+02,8.341883544921875000e+02,-2.083755998657388240e+07
2.676000000000000156e+00,2.872418613004914523e-01,2.793389713890000459e-01,-5.917105750990406775e-03,-9.221928538633017425e-05,1.779005596526661570e-04,-7.859760860310944369e-05,9.102131128311157227e-01,5.198055744171142578e+00,-4.904805660247802734e+00,-2.872418613004914523e-01,-2.793389713890000459e-01,5.917105750990406775e-03,0.000000000000000000e+00,0.000000000000000000e+00,0.000000000000000000e+00,0.000000000000000000e+00,0.000000000000000000e+00,0.000000000000000000e+00,0.000000000000000000e+00,8.304783935546875000e+02,8.286887207031250000e+02,8.310034790039062500e+02,8.340336303710937500e+02,-2.083756014714704081e+07
2.677000000000000046e+00,2.871491304476361806e-01,2.795169304732911808e-01,-5.993702179037883535e-03,-9.273085285527171706e-05,1.779590842911349391e-04,-7.659642804747675976e-05,9.102168083190917969e-01,5.198073387145996094e+00,-4.904821395874023438e+00,-2.871491304476361806e-01,-2.795169304732911808e-01,5.993702179037883535e-03,0.000000000000000000e+00,0.000000000000000000e+00,0.000000000000000000e+00,0.000000000000000000e+00,0.000000000000000000e+00,0.000000000000000000e+00,0.000000000000000000e+00,8.304110717773437500e+02,8.286643066406250000e+02,8.309244384765625000e+02,8.338825073242187500e+02,-2.083756030776730180e+07
2.677999999999999936e+00,2.870558615284681259e-01,2.796949478833030689e-01,-6.068375733027519744e-03,-9.326891916805468696e-05,1.780174100118880887e-04,-7.467355398963620994e-05,9.102207422256469727e-01,5.198090076446533203e+00,-4.904835700988769531e+00,-2.870558615284681259e-01,-2.796949478833030689e-01,6.068375733027519744e-03,0.000000000000000000e+00,0.000000000000000000e+00,0.000000000000000000e+00,0.000000000000000000e+00,0.000000000000000000e+00,0.000000000000000000e+00,0.000000000000000000e+00,8.303453979492187500e+02,8.286404418945312500e+02,8.308472900390625000e+02,8.337349853515625000e+02,-2.083756046843445674e+07
2.678999999999999826e+00,2.869620547227195173e-01,2.798729700569168033e-01,-6.141205067696349669e-03,-9.380680574860855714e-05,1.780221736137344024e-04,-7.282933466882992452e-05,9.102241992950439453e-01,5.198107242584228516e+00,-4.904851436614990234e+00,-2.869620547227195173e-01,-2.798729700569168033e-01,6.141205067696349669e-03,0.000000000000000000e+00,0.000000000000000000e+00,0.000000000000000000e+00,0.000000000000000000e+00,0.000000000000000000e+00,0.000000000000000000e+00,0.000000000000000000e+00,8.302812500000000000e+02,8.286171264648437500e+02,8.307719726562500000e+02,8.335909423828125000e+02,-2.083756062914827093e+07
2.680000000000000160e+00,2.868677368960778074e-01,2.800510501563897026e-01,-6.212267919726535866e-03,-9.431782664170995645e-05,1.780800994728992670e-04,-7.106285203018619656e-05,9.102278947830200195e-01,5.198124408721923828e+00,-4.904867172241210938e+00,-2.868677368960778074e-01,-2.800510501563897026e-01,6.212267919726535866e-03,0.000000000000000000e+00,0.000000000000000000e+00,0.000000000000000000e+00,0.000000000000000000e+00,0.000000000000000000e+00,0.000000000000000000e+00,0.000000000000000000e+00,8.302186889648437500e+02,8.285942993164062500e+02,8.306983642578125000e+02,8.334503784179687500e+02,-2.083756078990855068e+07
2.681000000000000050e+00,2.867729082280707220e-01,2.802291613036773654e-01,-6.281641760202796680e-03,-9.482866800708533717e-05,1.781111472876628632e-04,-6.937384047626081462e-05,9.102321863174438477e-01,5.198140621185302734e+00,-4.904881954193115234e+00,-2.867729082280707220e-01,-2.802291613036773654e-01,6.281641760202796680e-03,0.000000000000000000e+00,0.000000000000000000e+00,0.000000000000000000e+00,0.000000000000000000e+00,0.000000000000000000e+00,0.000000000000000000e+00,0.000000000000000000e+00,8.301575317382812500e+02,8.285720214843750000e+02,8.306265258789062500e+02,8.333130493164062500e+02,-2.083756095071509480e+07
2.681999999999999940e+00,2.866775422145916297e-01,2.804073033080574651e-01,-6.349401977347931061e-03,-9.536601347909234860e-05,1.781420043800996389e-04,-6.776021714513438127e-05,9.102356433868408203e-01,5.198157787322998047e+00,-4.904897689819335938e+00,-2.866775422145916297e-01,-2.804073033080574651e-01,6.349401977347931061e-03,0.000000000000000000e+00,0.000000000000000000e+00,0.000000000000000000e+00,0.000000000000000000e+00,0.000000000000000000e+00,0.000000000000000000e+00,0.000000000000000000e+00,8.300979003906250000e+02,8.285502929687500000e+02,8.305563354492187500e+02,8.331790161132812500e+02,-2.083756111156767979e+07
2.682999999999999829e+00,2.865816657087866814e-01,2.805854492989611204e-01,-6.415622772499924437e-03,-9.587650580494821995e-05,1.781459909036553491e-04,-6.622079515199337518e-05,9.102400541305541992e-01,5.198175430297851562e+00,-4.904914379119873047e+00,-2.865816657087866814e-01,-2.805854492989611204e-01,6.415622772499924437e-03,0.000000000000000000e+00,0.000000000000000000e+00,0.000000000000000000e+00,0.000000000000000000e+00,0.000000000000000000e+00,0.000000000000000000e+00,0.000000000000000000e+00,8.300396118164062500e+02,8.285290527343750000e+02,8.304877929687500000e+02,8.330481567382812500e+02,-2.083756127246608585e+07
2.684000000000000163e+00,2.864852788892825464e-01,2.807636524490574881e-01,-6.480378482023717128e-03,-9.638681950413507948e-05,1.782031500963676685e-04,-6.475570952379269135e-05,9.102437496185302734e-01,5.198192596435546875e+00,-4.904929637908935547e+00,-2.864852788892825464e-01,-2.807636524490574881e-01,6.480378482023717128e-03,0.000000000000000000e+00,0.000000000000000000e+00,0.000000000000000000e+00,0.000000000000000000e+00,0.000000000000000000e+00,0.000000000000000000e+00,0.000000000000000000e+00,8.299827880859375000e+02,8.285083007812500000e+02,8.304208374023437500e+02,8.329203491210937500e+02,-2.083756143341012299e+07
2.685000000000000053e+00,2.863884085979566674e-01,2.809418325352870394e-01,-6.543739838993760556e-03,-9.687029132587898772e-05,1.781800862295512822e-04,-6.336135697004342815e-05,9.102478027343750000e-01,5.198210716247558594e+00,-4.904945850372314453e+00,-2.863884085979566674e-01,-2.809418325352870394e-01,6.543739838993760556e-03,0.000000000000000000e+00,0.000000000000000000e+00,0.000000000000000000e+00,0.000000000000000000e+00,0.000000000000000000e+00,0.000000000000000000e+00,0.000000000000000000e+00,8.299272460937500000e+02,8.284879760742187500e+02,8.303554687500000000e+02,8.327955932617187500e+02,-2.083756159439957887e+07
2.685999999999999943e+00,2.862910016402510083e-01,2.811200427459387141e-01,-6.605776046360387586e-03,-9.740695770565910294e-05,1.782102106516747497e-04,-6.203620736662703028e-05,9.102514982223510742e-01,5.198226451873779297e+00,-4.904960155487060547e+00,-2.862910016402510083e-01,-2.811200427459387141e-01,6.605776046360387586e-03,0.000000000000000000e+00,0.000000000000000000e+00,0.000000000000000000e+00,0.000000000000000000e+00,0.000000000000000000e+00,0.000000000000000000e+00,0.000000000000000000e+00,8.298731079101562500e+02,8.284682006835937500e+02,8.302916259765625000e+02,8.326738281250000000e+02,-2.083756175543422997e+07
2.686999999999999833e+00,2.861931382175353367e-01,2.812982829067133261e-01,-6.666554416347770379e-03,-9.786342271567161077e-05,1.782401607746120220e-04,-6.077836998738279234e-05,9.102557897567749023e-01,5.198244571685791016e+00,-4.904977798461914062e+00,-2.861931382175353367e-01,-2.812982829067133261e-01,6.666554416347770379e-03,0.000000000000000000e+00,0.000000000000000000e+00,0.000000000000000000e+00,0.000000000000000000e+00,0.000000000000000000e+00,0.000000000000000000e+00,0.000000000000000000e+00,8.298201904296875000e+02,8.284487915039062500e+02,8.302293090820312500e+02,8.325549316406250000e+02,-2.083756191651390865e+07
2.688000000000000167e+00,2.860947651167534689e-01,2.814764994954273014e-01,-6.726139299425653445e-03,-9.837310078186778384e-05,1.782165887139752769e-04,-5.958488307788306626e-05,9.102600812911987305e-01,5.198263168334960938e+00,-4.904992580413818359e+00,-2.860947651167534689e-01,-2.814764994954273014e-01,6.726139299425653445e-03,0.000000000000000000e+00,0.000000000000000000e+00,0.000000000000000000e+00,0.000000000000000000e+00,0.000000000000000000e+00,0.000000000000000000e+00,0.000000000000000000e+00,8.297685546875000000e+02,8.284299316406250000e+02,8.301683959960937500e+02,8.324387817382812500e+02,-2.083756207763838395e+07
2.689000000000000057e+00,2.859959625328846733e-01,2.816547457106577945e-01,-6.784593555812062395e-03,-9.880258386879559040e-05,1.782462152304931102e-04,-5.845425638640894955e-05,9.102636575698852539e-01,5.198280811309814453e+00,-4.905008316040039062e+00,-2.859959625328846733e-01,-2.816547457106577945e-01,6.784593555812062395e-03,0.000000000000000000e+00,0.000000000000000000e+00,0.000000000000000000e+00,0.000000000000000000e+00,0.000000000000000000e+00,0.000000000000000000e+00,0.000000000000000000e+00,8.297181396484375000e+02,8.284114379882812500e+02,8.301089477539062500e+02,8.323254394531250000e+02,-2.083756223880749941e+07
2.689999999999999947e+00,2.858966505625072929e-01,2.818330214077762186e-01,-6.841975767187723212e-03,-9.931197037738037636e-05,1.782756971184240591e-04,-5.738221137566081737e-05,9.102678298950195312e-01,5.198297977447509766e+00,-4.905025005340576172e+00,-2.858966505625072929e-01,-2.818330214077762186e-01,6.841975767187723212e-03,0.000000000000000000e+00,0.000000000000000000e+00,0.000000000000000000e+00,0.000000000000000000e+00,0.000000000000000000e+00,0.000000000000000000e+00,0.000000000000000000e+00,8.296689453125000000e+02,8.283933715820312500e+02,8.300509033203125000e+02,8.322147827148437500e+02,-2.083756240002105758e+07
2.690999999999999837e+00,2.857969360607327536e-01,2.820112997580461744e-01,-6.898342406535983712e-03,-9.971450177453933250e-05,1.782783502699558653e-04,-5.636663934826049993e-05,9.102716445922851562e-01,5.198316097259521484e+00,-4.905041217803955078e+00,-2.857969360607327536e-01,-2.820112997580461744e-01,6.898342406535983712e-03,0.000000000000000000e+00,0.000000000000000000e+00,0.000000000000000000e+00,0.000000000000000000e+00,0.000000000000000000e+00,0.000000000000000000e+00,0.000000000000000000e+00,8.296208496093750000e+02,8.283757324218750000e+02,8.299942016601562500e+02,8.321067504882812500e+02,-2.083756256127890572e+07
2.692000000000000171e+00,2.856967657913619396e-01,2.821895806303248433e-01,-6.953746284817004415e-03,-1.001702693708139691e-04,1.782808722786688449e-04,-5.540387828102070339e-05,9.102759361267089844e-01,5.198333740234375000e+00,-4.905058383941650391e+00,-2.856967657913619396e-01,-2.821895806303248433e-01,6.953746284817004415e-03,0.000000000000000000e+00,0.000000000000000000e+00,0.000000000000000000e+00,0.000000000000000000e+00,0.000000000000000000e+00,0.000000000000000000e+00,0.000000000000000000e+00,8.295739746093750000e+02,8.283585205078125000e+02,8.299387817382812500e+02,8.320012207031250000e+02,-2.083756272258086130e+07
2.693000000000000060e+00,2.855961665530600824e-01,2.823678638976432898e-01,-7.008237074833927743e-03,-1.005992383018572411e-04,1.782832673184464589e-04,-5.449079001692332808e-05,9.102799892425537109e-01,5.198351860046386719e+00,-4.905073642730712891e+00,-2.855961665530600824e-01,-2.823678638976432898e-01,7.008237074833927743e-03,0.000000000000000000e+00,0.000000000000000000e+00,0.000000000000000000e+00,0.000000000000000000e+00,0.000000000000000000e+00,0.000000000000000000e+00,0.000000000000000000e+00,8.295281982421875000e+02,8.283416748046875000e+02,8.298847045898437500e+02,8.318981933593750000e+02,-2.083756288392675668e+07
2.693999999999999950e+00,2.854951918186045545e-01,2.825461761215891099e-01,-7.061860829876245513e-03,-1.009747344555278481e-04,1.783122239458201364e-04,-5.362375504231776946e-05,9.102841615676879883e-01,5.198370456695556641e+00,-4.905091285705566406e+00,-2.854951918186045545e-01,-2.825461761215891099e-01,7.061860829876245513e-03,0.000000000000000000e+00,0.000000000000000000e+00,0.000000000000000000e+00,0.000000000000000000e+00,0.000000000000000000e+00,0.000000000000000000e+00,0.000000000000000000e+00,8.294834594726562500e+02,8.283251953125000000e+02,8.298319091796875000e+02,8.317976684570312500e+02,-2.083756304531647265e+07
2.694999999999999840e+00,2.853938150078856317e-01,2.827244905133278197e-01,-7.114660771752298433e-03,-1.013768107189227941e-04,1.783143917387097765e-04,-5.279994187605292072e-05,9.102883338928222656e-01,5.198386192321777344e+00,-4.905106544494628906e+00,-2.853938150078856317e-01,-2.827244905133278197e-01,7.114660771752298433e-03,0.000000000000000000e+00,0.000000000000000000e+00,0.000000000000000000e+00,0.000000000000000000e+00,0.000000000000000000e+00,0.000000000000000000e+00,0.000000000000000000e+00,8.294398193359375000e+02,8.283091430664062500e+02,8.297803344726562500e+02,8.316994628906250000e+02,-2.083756320674985647e+07
2.696000000000000174e+00,2.852920362139019783e-01,2.829028336563338408e-01,-7.166675318338825741e-03,-1.017787939836534150e-04,1.783431430060211653e-04,-5.201454658652730767e-05,9.102922677993774414e-01,5.198406696319580078e+00,-4.905123710632324219e+00,-2.852920362139019783e-01,-2.829028336563338408e-01,7.166675318338825741e-03,0.000000000000000000e+00,0.000000000000000000e+00,0.000000000000000000e+00,0.000000000000000000e+00,0.000000000000000000e+00,0.000000000000000000e+00,0.000000000000000000e+00,8.293972167968750000e+02,8.282934570312500000e+02,8.297299194335937500e+02,8.316035766601562500e+02,-2.083756336822677776e+07
2.697000000000000064e+00,2.851899355611408060e-01,2.830811787757390174e-01,-7.217940034146948236e-03,-1.021006527611723058e-04,1.783451194051766109e-04,-5.126471580812249490e-05,9.102967977523803711e-01,5.198425292968750000e+00,-4.905139446258544922e+00,-2.851899355611408060e-01,-2.830811787757390174e-01,7.217940034146948236e-03,0.000000000000000000e+00,0.000000000000000000e+00,0.000000000000000000e+00,0.000000000000000000e+00,0.000000000000000000e+00,0.000000000000000000e+00,0.000000000000000000e+00,8.293556518554687500e+02,8.282781372070312500e+02,8.296807250976562500e+02,8.315100097656250000e+02,-2.083756352974712849e+07
2.697999999999999954e+00,2.850874864467125014e-01,2.832595524722305025e-01,-7.268487018164929321e-03,-1.024491144283046218e-04,1.783736964914850454e-04,-5.054698401798108504e-05,9.103009700775146484e-01,5.198441505432128906e+00,-4.905155181884765625e+00,-2.850874864467125014e-01,-2.832595524722305025e-01,7.268487018164929321e-03,0.000000000000000000e+00,0.000000000000000000e+00,0.000000000000000000e+00,0.000000000000000000e+00,0.000000000000000000e+00,0.000000000000000000e+00,0.000000000000000000e+00,8.293150024414062500e+02,8.282631225585937500e+02,8.296326904296875000e+02,8.314185791015625000e+02,-2.083756369131080806e+07
2.698999999999999844e+00,2.849847422951289899e-01,2.834379546749149492e-01,-7.318343081253775133e-03,-1.027441515835114672e-04,1.784022026844467312e-04,-4.985606308884581173e-05,9.103052616119384766e-01,5.198461055755615234e+00,-4.905172824859619141e+00,-2.849847422951289899e-01,-2.834379546749149492e-01,7.318343081253775133e-03,0.000000000000000000e+00,0.000000000000000000e+00,0.000000000000000000e+00,0.000000000000000000e+00,0.000000000000000000e+00,0.000000000000000000e+00,0.000000000000000000e+00,8.292753906250000000e+02,8.282485351562500000e+02,8.295858154296875000e+02,8.313293457031250000e+02,-2.083756385291774198e+07
2.700000000000000178e+00,2.848816764841839433e-01,2.836163853216896458e-01,-7.367533168953171660e-03,-1.030658109450466320e-04,1.784306467746965552e-04,-4.919008769939652720e-05,9.103094339370727539e-01,5.198478698730468750e+00,-4.905187606811523438e+00,-2.848816764841839433e-01,-2.836163853216896458e-01,7.367533168953171660e-03,0.000000000000000000e+00,0.000000000000000000e+00,0.000000000000000000e+00,0.000000000000000000e+00,0.000000000000000000e+00,0.000000000000000000e+00,0.000000000000000000e+00,8.292366943359375000e+02,8.282342529296875000e+02,8.295399780273437500e+02,8.312422485351562500e+02,-2.083756401456784457e+07
2.701000000000000068e+00,2.847783157412738797e-01,2.837948443598835024e-01,-7.416077356188871018e-03,-1.033607429100635855e-04,1.784590381938566672e-04,-4.854418723569935840e-05,9.103132486343383789e-01,5.198497772216796875e+00,-4.905206203460693359e+00,-2.847783157412738797e-01,-2.837948443598835024e-01,7.416077356188871018e-03,0.000000000000000000e+00,0.000000000000000000e+00,0.000000000000000000e+00,0.000000000000000000e+00,0.000000000000000000e+00,0.000000000000000000e+00,0.000000000000000000e+00,8.291988525390625000e+02,8.282202758789062500e+02,8.294953002929687500e+02,8.311571655273437500e+02,-2.083756417626104504e+07
2.701999999999999957e+00,2.846747134655412403e-01,2.839733317445887750e-01,-7.463992032218215965e-03,-1.036022757326393595e-04,1.784873847052725893e-04,-4.791467602934494641e-05,9.103171825408935547e-01,5.198514461517333984e+00,-4.905220508575439453e+00,-2.846747134655412403e-01,-2.839733317445887750e-01,7.463992032218215965e-03,0.000000000000000000e+00,0.000000000000000000e+00,0.000000000000000000e+00,0.000000000000000000e+00,0.000000000000000000e+00,0.000000000000000000e+00,0.000000000000000000e+00,8.291619873046875000e+02,8.282066650390625000e+02,8.294515991210937500e+02,8.310740966796875000e+02,-2.083756433799730241e+07
2.702999999999999847e+00,2.845708696904294399e-01,2.841518741208303167e-01,-7.511291019268524077e-03,-1.038437751118004293e-04,1.785423762415416782e-04,-4.729898705030811251e-05,9.103214740753173828e-01,5.198533058166503906e+00,-4.905238628387451172e+00,-2.845708696904294399e-01,-2.841518741208303167e-01,7.511291019268524077e-03,0.000000000000000000e+00,0.000000000000000000e+00,0.000000000000000000e+00,0.000000000000000000e+00,0.000000000000000000e+00,0.000000000000000000e+00,0.000000000000000000e+00,8.291259155273437500e+02,8.281933593750000000e+02,8.294089355468750000e+02,8.309929809570312500e+02,-2.083756449977659062e+07
2.704000000000000181e+00,2.844667844325921569e-01,2.843304447849122618e-01,-7.557983004367676248e-03,-1.040852578372830628e-04,1.785706640819451074e-04,-4.669198509915217093e-05,9.103260040283203125e-01,5.198552131652832031e+00,-4.905254364013671875e+00,-2.844667844325921569e-01,-2.843304447849122618e-01,7.557983004367676248e-03,0.000000000000000000e+00,0.000000000000000000e+00,0.000000000000000000e+00,0.000000000000000000e+00,0.000000000000000000e+00,0.000000000000000000e+00,0.000000000000000000e+00,8.290907592773437500e+02,8.281803588867187500e+02,8.293673095703125000e+02,8.309138183593750000e+02,-2.083756466159886867e+07
2.705000000000000071e+00,2.843625110676206713e-01,2.845090437157130059e-01,-7.604074788935692546e-03,-1.042733649714855382e-04,1.785989308007440712e-04,-4.609178456801629742e-05,9.103301763534545898e-01,5.198568820953369141e+00,-4.905272006988525391e+00,-2.843625110676206713e-01,-2.845090437157130059e-01,7.604074788935692546e-03,0.000000000000000000e+00,0.000000000000000000e+00,0.000000000000000000e+00,0.000000000000000000e+00,0.000000000000000000e+00,0.000000000000000000e+00,0.000000000000000000e+00,8.290563964843750000e+02,8.281676635742187500e+02,8.293266601562500000e+02,8.308364868164062500e+02,-2.083756482346412539e+07
2.705999999999999961e+00,2.842580496022604764e-01,2.846876975851750924e-01,-7.649569356387136108e-03,-1.044614653601949605e-04,1.786538694620865009e-04,-4.549456745144356273e-05,9.103344678878784180e-01,5.198587894439697266e+00,-4.905287265777587891e+00,-2.842580496022604764e-01,-2.846876975851750924e-01,7.649569356387136108e-03,0.000000000000000000e+00,0.000000000000000000e+00,0.000000000000000000e+00,0.000000000000000000e+00,0.000000000000000000e+00,0.000000000000000000e+00,0.000000000000000000e+00,8.290228881835937500e+02,8.281552734375000000e+02,8.292869262695312500e+02,8.307609863281250000e+02,-2.083756498537236452e+07
2.706999999999999851e+00,2.841534267159460114e-01,2.848664330718898574e-01,-7.694466421295874554e-03,-1.046228863144649246e-04,1.787354867147650239e-04,-4.489706490873844602e-05,9.103382825851440430e-01,5.198605537414550781e+00,-4.905304431915283203e+00,-2.841534267159460114e-01,-2.848664330718898574e-01,7.694466421295874554e-03,0.000000000000000000e+00,0.000000000000000000e+00,0.000000000000000000e+00,0.000000000000000000e+00,0.000000000000000000e+00,0.000000000000000000e+00,0.000000000000000000e+00,8.289901123046875000e+02,8.281431884765625000e+02,8.292481689453125000e+02,8.306873168945312500e+02,-2.083756514732362330e+07
2.708000000000000185e+00,2.840486423930835835e-01,2.850451968214940401e-01,-7.738762515294745833e-03,-1.047843228624278922e-04,1.787637496041827312e-04,-4.429609399887127902e-05,9.103430509567260742e-01,5.198626518249511719e+00,-4.905322074890136719e+00,-2.840486423930835835e-01,-2.850451968214940401e-01,7.738762515294745833e-03,0.000000000000000000e+00,0.000000000000000000e+00,0.000000000000000000e+00,0.000000000000000000e+00,0.000000000000000000e+00,0.000000000000000000e+00,0.000000000000000000e+00,8.289581298828125000e+02,8.281314086914062500e+02,8.292103271484375000e+02,8.306152954101562500e+02,-2.083756530931790546e+07
2.709000000000000075e+00,2.839437330604762666e-01,2.852239985192213112e-01,-7.782452829012867501e-03,-1.049093326073169408e-04,1.788016977272710584e-04,-4.369031371812166775e-05,9.103474617004394531e-01,5.198642253875732422e+00,-4.905337810516357422e+00,-2.839437330604762666e-01,-2.852239985192213112e-01,7.782452829012867501e-03,0.000000000000000000e+00,0.000000000000000000e+00,0.000000000000000000e+00,0.000000000000000000e+00,0.000000000000000000e+00,0.000000000000000000e+00,0.000000000000000000e+00,8.289269409179687500e+02,8.281198730468750000e+02,8.291733398437500000e+02,8.305450439453125000e+02,-2.083756547135524452e+07
2.709999999999999964e+00,2.838387325463323507e-01,2.854028988611387319e-01,-7.825528680477072258e-03,-1.050005141439158685e-04,1.789003419174206577e-04,-4.307585146420475630e-05,9.103516340255737305e-01,5.198662757873535156e+00,-4.905355453491210938e+00,-2.838387325463323507e-01,-2.854028988611387319e-01,7.825528680477072258e-03,0.000000000000000000e+00,0.000000000000000000e+00,0.000000000000000000e+00,0.000000000000000000e+00,0.000000000000000000e+00,0.000000000000000000e+00,0.000000000000000000e+00,8.288964233398437500e+02,8.281085815429687500e+02,8.291372680664062500e+02,8.304763793945312500e+02,-2.083756563343572244e+07
2.710999999999999854e+00,2.837335972123521399e-01,2.855818541981617331e-01,-7.867980345759343144e-03,-1.051353339802107989e-04,1.789553370230012597e-04,-4.245166528227088676e-05,9.103558063507080078e-01,5.198679924011230469e+00,-4.905371189117431641e+00,-2.837335972123521399e-01,-2.855818541981617331e-01,7.867980345759343144e-03,0.000000000000000000e+00,0.000000000000000000e+00,0.000000000000000000e+00,0.000000000000000000e+00,0.000000000000000000e+00,0.000000000000000000e+00,0.000000000000000000e+00,8.288666992187500000e+02,8.280975952148437500e+02,8.291019897460937500e+02,8.304093627929687500e+02,-2.083756579555937648e+07
2.712000000000000188e+00,2.836284070654128686e-01,2.857608912393658218e-01,-7.909793915663534611e-03,-1.051901469392713118e-04,1.790370412040886983e-04,-4.181356990419146658e-05,9.103600978851318359e-01,5.198700428009033203e+00,-4.905388355255126953e+00,-2.836284070654128686e-01,-2.857608912393658218e-01,7.909793915663534611e-03,0.000000000000000000e+00,0.000000000000000000e+00,0.000000000000000000e+00,0.000000000000000000e+00,0.000000000000000000e+00,0.000000000000000000e+00,0.000000000000000000e+00,8.288375854492187500e+02,8.280868530273437500e+02,8.290675659179687500e+02,8.303439331054687500e+02,-2.083756595772629976e+07
2.713000000000000078e+00,2.835231620690527032e-01,2.859399833334045349e-01,-7.950956817135451660e-03,-1.052449963601653771e-04,1.790920940387130678e-04,-4.116290147191704885e-05,9.103645086288452148e-01,5.198717594146728516e+00,-4.905406475067138672e+00,-2.835231620690527032e-01,-2.859399833334045349e-01,7.950956817135451660e-03,0.000000000000000000e+00,0.000000000000000000e+00,0.000000000000000000e+00,0.000000000000000000e+00,0.000000000000000000e+00,0.000000000000000000e+00,0.000000000000000000e+00,8.288092041015625000e+02,8.280764160156250000e+02,8.290339965820312500e+02,8.302800292968750000e+02,-2.083756611993657425e+07
2.713999999999999968e+00,2.834178621809909648e-01,2.861191572003795591e-01,-7.991452440380479930e-03,-1.052998880617384003e-04,1.791738669750242430e-04,-4.049562324502826993e-05,9.103685617446899414e-01,5.198735237121582031e+00,-4.905420780181884766e+00,-2.834178621809909648e-01,-2.861191572003795591e-01,7.991452440380479930e-03,0.000000000000000000e+00,0.000000000000000000e+00,0.000000000000000000e+00,0.000000000000000000e+00,0.000000000000000000e+00,0.000000000000000000e+00,0.000000000000000000e+00,8.287814941406250000e+02,8.280661621093750000e+02,8.290012207031250000e+02,8.302176513671875000e+02,-2.083756628219029307e+07
2.714999999999999858e+00,2.833125340353510602e-01,2.862984128800929451e-01,-8.031263342422193321e-03,-1.053281456399046689e-04,1.792556797133859625e-04,-3.981090204171339186e-05,9.103732109069824219e-01,5.198755741119384766e+00,-4.905439376831054688e+00,-2.833125340353510602e-01,-2.862984128800929451e-01,8.031263342422193321e-03,0.000000000000000000e+00,0.000000000000000000e+00,0.000000000000000000e+00,0.000000000000000000e+00,0.000000000000000000e+00,0.000000000000000000e+00,0.000000000000000000e+00,8.287543945312500000e+02,8.280561523437500000e+02,8.289691772460937500e+02,8.301567382812500000e+02,-2.083756644448756799e+07
2.716000000000000192e+00,2.832071509043036506e-01,2.864777504156724719e-01,-8.070371947037885407e-03,-1.053831310474095950e-04,1.793375355795268078e-04,-3.910860461569208579e-05,9.103771448135375977e-01,5.198775291442871094e+00,-4.905456066131591797e+00,-2.832071509043036506e-01,-2.864777504156724719e-01,8.070371947037885407e-03,0.000000000000000000e+00,0.000000000000000000e+00,0.000000000000000000e+00,0.000000000000000000e+00,0.000000000000000000e+00,0.000000000000000000e+00,0.000000000000000000e+00,8.287279663085937500e+02,8.280464477539062500e+02,8.289379272460937500e+02,8.300972290039062500e+02,-2.083756660682849213e+07
2.717000000000000082e+00,2.831017661002854235e-01,2.866571431644517887e-01,-8.108760812150294511e-03,-1.053848040182270296e-04,1.793927487793167685e-04,-3.838886511240910404e-05,9.103816747665405273e-01,5.198792457580566406e+00,-4.905473232269287109e+00,-2.831017661002854235e-01,-2.866571431644517887e-01,8.108760812150294511e-03,0.000000000000000000e+00,0.000000000000000000e+00,0.000000000000000000e+00,0.000000000000000000e+00,0.000000000000000000e+00,0.000000000000000000e+00,0.000000000000000000e+00,8.287021484375000000e+02,8.280369262695312500e+02,8.289074096679687500e+02,8.300391235351562500e+02,-2.083756676921317354e+07
2.717999999999999972e+00,2.829964062534914837e-01,2.868366445353805472e-01,-8.146409291964131980e-03,-1.053598467939398375e-04,1.795013709287585080e-04,-3.764847981383746822e-05,9.103859663009643555e-01,5.198811531066894531e+00,-4.905490875244140625e+00,-2.829964062534914837e-01,-2.868366445353805472e-01,8.146409291964131980e-03,0.000000000000000000e+00,0.000000000000000000e+00,0.000000000000000000e+00,0.000000000000000000e+00,0.000000000000000000e+00,0.000000000000000000e+00,0.000000000000000000e+00,8.286769409179687500e+02,8.280276489257812500e+02,8.288775634765625000e+02,8.299824218750000000e+02,-2.083756693164176494e+07
2.718999999999999861e+00,2.828910179503562050e-01,2.870162278945597167e-01,-8.183298843824227814e-03,-1.053883031352786936e-04,1.795833591791695660e-04,-3.688955186009583442e-05,9.103908538818359375e-01,5.198832035064697266e+00,-4.905508995056152344e+00,-2.828910179503562050e-01,-2.870162278945597167e-01,8.183298843824227814e-03,0.000000000000000000e+00,0.000000000000000000e+00,0.000000000000000000e+00,0.000000000000000000e+00,0.000000000000000000e+00,0.000000000000000000e+00,0.000000000000000000e+00,8.286523437500000000e+02,8.280185546875000000e+02,8.288485107421875000e+02,8.299270019531250000e+02,-2.083756709411437437e+07
2.720000000000000195e+00,2.827856545032525482e-01,2.871958932816905397e-01,-8.219411258186596486e-03,-1.053634471036568598e-04,1.796653871308229178e-04,-3.611241436236867219e-05,9.103955030441284180e-01,5.198851585388183594e+00,-4.905526161193847656e+00,-2.827856545032525482e-01,-2.871958932816905397e-01,8.219411258186596486e-03,0.000000000000000000e+00,0.000000000000000000e+00,0.000000000000000000e+00,0.000000000000000000e+00,0.000000000000000000e+00,0.000000000000000000e+00,0.000000000000000000e+00,8.286282958984375000e+02,8.280097045898437500e+02,8.288200683593750000e+02,8.298729248046875000e+02,-2.083756725663113967e+07
2.721000000000000085e+00,2.826802891750733182e-01,2.873756140651274604e-01,-8.254726391726431231e-03,-1.053653281792299445e-04,1.797207834369207724e-04,-3.531513353983474490e-05,9.103997945785522461e-01,5.198869705200195312e+00,-4.905543327331542969e+00,-2.826802891750733182e-01,-2.873756140651274604e-01,8.254726391726431231e-03,0.000000000000000000e+00,0.000000000000000000e+00,0.000000000000000000e+00,0.000000000000000000e+00,0.000000000000000000e+00,0.000000000000000000e+00,0.000000000000000000e+00,8.286047973632812500e+02,8.280010986328125000e+02,8.287923583984375000e+02,8.298201293945312500e+02,-2.083756741919216886e+07
2.721999999999999975e+00,2.825749752890515665e-01,2.875554436393997770e-01,-8.289228668184019447e-03,-1.053138860217517347e-04,1.798295742723166057e-04,-3.450227645758821571e-05,9.104042053222656250e-01,5.198890686035156250e+00,-4.905560970306396484e+00,-2.825749752890515665e-01,-2.875554436393997770e-01,8.289228668184019447e-03,0.000000000000000000e+00,0.000000000000000000e+00,0.000000000000000000e+00,0.000000000000000000e+00,0.000000000000000000e+00,0.000000000000000000e+00,0.000000000000000000e+00,8.285819091796875000e+02,8.279926757812500000e+02,8.287652587890625000e+02,8.297685546875000000e+02,-2.083756758179762959e+07
2.722999999999999865e+00,2.824696594290220797e-01,2.877353553724384394e-01,-8.322898711019431281e-03,-1.053158600294867853e-04,1.799117330386623692e-04,-3.367004283541183418e-05,9.104088544845581055e-01,5.198910236358642578e+00,-4.905578613281250000e+00,-2.824696594290220797e-01,-2.877353553724384394e-01,8.322898711019431281e-03,0.000000000000000000e+00,0.000000000000000000e+00,0.000000000000000000e+00,0.000000000000000000e+00,0.000000000000000000e+00,0.000000000000000000e+00,0.000000000000000000e+00,8.285595092773437500e+02,8.279844360351562500e+02,8.287388305664062500e+02,8.297182006835937500e+02,-2.083756774444764480e+07
2.724000000000000199e+00,2.823643949194558078e-01,2.879153492912612800e-01,-8.355723313756726126e-03,-1.052645095662718688e-04,1.799939188228405484e-04,-3.282460273729484457e-05,9.104132652282714844e-01,5.198929309844970703e+00,-4.905595779418945312e+00,-2.823643949194558078e-01,-2.879153492912612800e-01,8.355723313756726126e-03,0.000000000000000000e+00,0.000000000000000000e+00,0.000000000000000000e+00,0.000000000000000000e+00,0.000000000000000000e+00,0.000000000000000000e+00,0.000000000000000000e+00,8.285375976562500000e+02,8.279764404296875000e+02,8.287130126953125000e+02,8.296690063476562500e+02,-2.083756790714236349e+07
2.725000000000000089e+00,2.822591550356826628e-01,2.880954254343019993e-01,-8.387686567700012100e-03,-1.052398837731449710e-04,1.800761430407193942e-04,-3.196325394328597413e-05,9.104179143905639648e-01,5.198947906494140625e+00,-4.905613899230957031e+00,-2.822591550356826628e-01,-2.880954254343019993e-01,8.387686567700012100e-03,0.000000000000000000e+00,0.000000000000000000e+00,0.000000000000000000e+00,0.000000000000000000e+00,0.000000000000000000e+00,0.000000000000000000e+00,0.000000000000000000e+00,8.285162963867187500e+02,8.279685668945312500e+02,8.286878051757812500e+02,8.296209716796875000e+02,-2.083756806988191977e+07
2.725999999999999979e+00,2.821539130634166948e-01,2.882755838297029194e-01,-8.418776732828264428e-03,-1.052419722659680978e-04,1.801583954009200461e-04,-3.109016512825232836e-05,9.104223251342773438e-01,5.198967456817626953e+00,-4.905631065368652344e+00,-2.821539130634166948e-01,-2.882755838297029194e-01,8.418776732828264428e-03,0.000000000000000000e+00,0.000000000000000000e+00,0.000000000000000000e+00,0.000000000000000000e+00,0.000000000000000000e+00,0.000000000000000000e+00,0.000000000000000000e+00,8.284954223632812500e+02,8.279609375000000000e+02,8.286632080078125000e+02,8.295740966796875000e+02,-2.083756823266644031e+07
2.726999999999999869e+00,2.820487223331603621e-01,2.884558244981352271e-01,-8.448983104220866500e-03,-1.051907302563326319e-04,1.802406684323076824e-04,-3.020637139260207160e-05,9.104272127151489258e-01,5.198988914489746094e+00,-4.905649662017822266e+00,-2.820487223331603621e-01,-2.884558244981352271e-01,8.448983104220866500e-03,0.000000000000000000e+00,0.000000000000000000e+00,0.000000000000000000e+00,0.000000000000000000e+00,0.000000000000000000e+00,0.000000000000000000e+00,0.000000000000000000e+00,8.284750366210937500e+02,8.279534301757812500e+02,8.286392211914062500e+02,8.295283203125000000e+02,-2.083756839549607038e+07
2.728000000000000203e+00,2.819435561364085352e-01,2.886361207788484817e-01,-8.478297211311779796e-03,-1.051661967518269236e-04,1.802962807132546530e-04,-2.931410709091329669e-05,9.104317426681518555e-01,5.199008464813232422e+00,-4.905667781829833984e+00,-2.819435561364085352e-01,-2.886361207788484817e-01,8.478297211311779796e-03,0.000000000000000000e+00,0.000000000000000000e+00,0.000000000000000000e+00,0.000000000000000000e+00,0.000000000000000000e+00,0.000000000000000000e+00,0.000000000000000000e+00,8.284552001953125000e+02,8.279461669921875000e+02,8.286157226562500000e+02,8.294835815429687500e+02,-2.083756855837092921e+07
2.729000000000000092e+00,2.818384144546516312e-01,2.888164993663724922e-01,-8.506712449524790262e-03,-1.051416817569039708e-04,1.803785875240104808e-04,-2.841523821301046582e-05,9.104363918304443359e-01,5.199026584625244141e+00,-4.905685424804687500e+00,-2.818384144546516312e-01,-2.888164993663724922e-01,8.506712449524790262e-03,0.000000000000000000e+00,0.000000000000000000e+00,0.000000000000000000e+00,0.000000000000000000e+00,0.000000000000000000e+00,0.000000000000000000e+00,0.000000000000000000e+00,8.284357299804687500e+02,8.279390258789062500e+02,8.285928344726562500e+02,8.294399414062500000e+02,-2.083756872129115462e+07
2.729999999999999982e+00,2.817332705964699091e-01,2.889969602661879855e-01,-8.534226250124907556e-03,-1.051438581817221163e-04,1.804608998154932920e-04,-2.751380060011729412e-05,9.104411602020263672e-01,5.199048995971679688e+00,-4.905703544616699219e+00,-2.817332705964699091e-01,-2.889969602661879855e-01,8.534226250124907556e-03,0.000000000000000000e+00,0.000000000000000000e+00,0.000000000000000000e+00,0.000000000000000000e+00,0.000000000000000000e+00,0.000000000000000000e+00,0.000000000000000000e+00,8.284168090820312500e+02,8.279321289062500000e+02,8.285704956054687500e+02,8.293973388671875000e+02,-2.083756888425686583e+07
2.730999999999999872e+00,2.816281245467524008e-01,2.891774768034126031e-01,-8.560835212187572346e-03,-1.051460497175082942e-04,1.805165372246175792e-04,-2.660896206266478992e-05,9.104459285736083984e-01,5.199069023132324219e+00,-4.905722141265869141e+00,-2.816281245467524008e-01,-2.891774768034126031e-01,8.560835212187572346e-03,0.000000000000000000e+00,0.000000000000000000e+00,0.000000000000000000e+00,0.000000000000000000e+00,0.000000000000000000e+00,0.000000000000000000e+00,0.000000000000000000e+00,8.283983154296875000e+02,8.279252929687500000e+02,8.285486450195312500e+02,8.293557128906250000e+02,-2.083756904726816714e+07
2.732000000000000206e+00,2.815230029884968066e-01,2.893580489675804945e-01,-8.586541904207016171e-03,-1.051215582555942163e-04,1.805721641678914580e-04,-2.570669201944382476e-05,9.104506969451904297e-01,5.199089050292968750e+00,-4.905741691589355469e+00,-2.815230029884968066e-01,-2.893580489675804945e-01,8.586541904207016171e-03,0.000000000000000000e+00,0.000000000000000000e+00,0.000000000000000000e+00,0.000000000000000000e+00,0.000000000000000000e+00,0.000000000000000000e+00,0.000000000000000000e+00,8.283801879882812500e+02,8.279187011718750000e+02,8.285273437500000000e+02,8.293150634765625000e+02,-2.083756921032517776e+07
2.733000000000000096e+00,2.814178525686592547e-01,2.895387034302369100e-01,-8.611350425664967070e-03,-1.051504198375519117e-04,1.806544626564154932e-04,-2.480852145795089947e-05,9.104552268981933594e-01,5.199108123779296875e+00,-4.905757427215576172e+00,-2.814178525686592547e-01,-2.895387034302369100e-01,8.611350425664967070e-03,0.000000000000000000e+00,0.000000000000000000e+00,0.000000000000000000e+00,0.000000000000000000e+00,0.000000000000000000e+00,0.000000000000000000e+00,0.000000000000000000e+00,8.283625488281250000e+02,8.279122314453125000e+02,8.285065307617187500e+02,8.292753295898437500e+02,-2.083756937342800200e+07
2.733999999999999986e+00,2.813126999758146507e-01,2.897193868095083169e-01,-8.635267382756632235e-03,-1.051525928446039870e-04,1.806833792714068743e-04,-2.391695709166516415e-05,9.104603528976440430e-01,5.199128627777099609e+00,-4.905777931213378906e+00,-2.813126999758146507e-01,-2.897193868095083169e-01,8.635267382756632235e-03,0.000000000000000000e+00,0.000000000000000000e+00,0.000000000000000000e+00,0.000000000000000000e+00,0.000000000000000000e+00,0.000000000000000000e+00,0.000000000000000000e+00,8.283453369140625000e+02,8.279058837890625000e+02,8.284862060546875000e+02,8.292366333007812500e+02,-2.083756953657672927e+07
2.734999999999999876e+00,2.812075185526614618e-01,2.899001257608443960e-01,-8.658302778579129652e-03,-1.051814231531889021e-04,1.807389513360790900e-04,-2.303539582249741757e-05,9.104651212692260742e-01,5.199150085449218750e+00,-4.905796051025390625e+00,-2.812075185526614618e-01,-2.899001257608443960e-01,8.658302778579129652e-03,0.000000000000000000e+00,0.000000000000000000e+00,0.000000000000000000e+00,0.000000000000000000e+00,0.000000000000000000e+00,0.000000000000000000e+00,0.000000000000000000e+00,8.283284912109375000e+02,8.278997192382812500e+02,8.284663085937500000e+02,8.291987915039062500e+02,-2.083756969977144524e+07
2.736000000000000210e+00,2.811023083267187861e-01,2.900809202511599461e-01,-8.680469119350669657e-03,-1.052102259426757058e-04,1.807944903155500604e-04,-2.216634077154000515e-05,9.104701280593872070e-01,5.199170589447021484e+00,-4.905814647674560547e+00,-2.811023083267187861e-01,-2.900809202511599461e-01,8.680469119350669657e-03,0.000000000000000000e+00,0.000000000000000000e+00,0.000000000000000000e+00,0.000000000000000000e+00,0.000000000000000000e+00,0.000000000000000000e+00,0.000000000000000000e+00,8.283120727539062500e+02,8.278936767578125000e+02,8.284469604492187500e+02,8.291618652343750000e+02,-2.083756986301224306e+07
2.737000000000000099e+00,2.809970159696587588e-01,2.902617435623541242e-01,-8.701782045750113687e-03,-1.052923570600272640e-04,1.808233111941781601e-04,-2.131292639944402934e-05,9.104747772216796875e-01,5.199190616607666016e+00,-4.905833721160888672e+00,-2.809970159696587588e-01,-2.902617435623541242e-01,8.701782045750113687e-03,0.000000000000000000e+00,0.000000000000000000e+00,0.000000000000000000e+00,0.000000000000000000e+00,0.000000000000000000e+00,0.000000000000000000e+00,0.000000000000000000e+00,8.282960205078125000e+02,8.278878173828125000e+02,8.284280395507812500e+02,8.291257934570312500e+02,-2.083757002629916742e+07
2.737999999999999989e+00,2.808916948836827077e-01,2.904425956454758095e-01,-8.722259201690099953e-03,-1.053210859760511653e-04,1.808520831216853253e-04,-2.047715593998626626e-05,9.104797840118408203e-01,5.199212074279785156e+00,-4.905851364135742188e+00,-2.808916948836827077e-01,-2.904425956454758095e-01,8.722259201690099953e-03,0.000000000000000000e+00,0.000000000000000000e+00,0.000000000000000000e+00,0.000000000000000000e+00,0.000000000000000000e+00,0.000000000000000000e+00,0.000000000000000000e+00,8.282803955078125000e+02,8.278820800781250000e+02,8.284095458984375000e+02,8.290905761718750000e+02,-2.083757018963228911e+07
2.738999999999999879e+00,2.807862917579780904e-01,2.906234764488623834e-01,-8.741922129579153891e-03,-1.054031257046172954e-04,1.808808033865738629e-04,-1.966292788905393829e-05,9.104847908020019531e-01,5.199233531951904297e+00,-4.905871868133544922e+00,-2.807862917579780904e-01,-2.906234764488623834e-01,8.741922129579153891e-03,0.000000000000000000e+00,0.000000000000000000e+00,0.000000000000000000e+00,0.000000000000000000e+00,0.000000000000000000e+00,0.000000000000000000e+00,0.000000000000000000e+00,8.282651367187500000e+02,8.278764038085937500e+02,8.283914794921875000e+02,8.290561523437500000e+02,-2.083757035301165655e+07
2.740000000000000213e+00,2.806808066504853927e-01,2.908044125937376267e-01,-8.760794239822582499e-03,-1.054851074926976828e-04,1.809361448752433432e-04,-1.887211024342860810e-05,9.104893207550048828e-01,5.199254035949707031e+00,-4.905889987945556641e+00,-2.806808066504853927e-01,-2.908044125937376267e-01,8.760794239822582499e-03,0.000000000000000000e+00,0.000000000000000000e+00,0.000000000000000000e+00,0.000000000000000000e+00,0.000000000000000000e+00,0.000000000000000000e+00,0.000000000000000000e+00,8.282501831054687500e+02,8.278709716796875000e+02,8.283738403320312500e+02,8.290226440429687500e+02,-2.083757051643732935e+07
2.741000000000000103e+00,2.805752129388041083e-01,2.909853239706605699e-01,-8.778902782446952602e-03,-1.055937116812843968e-04,1.809113769229431234e-04,-1.810854262437010254e-05,9.104945659637451172e-01,5.199275016784667969e+00,-4.905909061431884766e+00,-2.805752129388041083e-01,-2.909853239706605699e-01,8.778902782446952602e-03,0.000000000000000000e+00,0.000000000000000000e+00,0.000000000000000000e+00,0.000000000000000000e+00,0.000000000000000000e+00,0.000000000000000000e+00,0.000000000000000000e+00,8.282356567382812500e+02,8.278656005859375000e+02,8.283566284179687500e+02,8.289898681640625000e+02,-2.083757067990930751e+07
2.741999999999999993e+00,2.804695373820170756e-01,2.911662905460873363e-01,-8.796277202648951354e-03,-1.056755567870326651e-04,1.809665754267664184e-04,-1.737442020199875259e-05,9.104994535446166992e-01,5.199296474456787109e+00,-4.905928134918212891e+00,-2.804695373820170756e-01,-2.911662905460873363e-01,8.796277202648951354e-03,0.000000000000000000e+00,0.000000000000000000e+00,0.000000000000000000e+00,0.000000000000000000e+00,0.000000000000000000e+00,0.000000000000000000e+00,0.000000000000000000e+00,8.282214355468750000e+02,8.278603515625000000e+02,8.283397827148437500e+02,8.289578857421875000e+02,-2.083757084342765063e+07
2.742999999999999883e+00,2.803637266839162367e-01,2.913472588891954929e-01,-8.812946415512721773e-03,-1.058106981008388736e-04,1.809683431081565708e-04,-1.666921286377041900e-05,9.105042219161987305e-01,5.199317455291748047e+00,-4.905946254730224609e+00,-2.803637266839162367e-01,-2.913472588891954929e-01,8.812946415512721773e-03,0.000000000000000000e+00,0.000000000000000000e+00,0.000000000000000000e+00,0.000000000000000000e+00,0.000000000000000000e+00,0.000000000000000000e+00,0.000000000000000000e+00,8.282075195312500000e+02,8.278552246093750000e+02,8.283233642578125000e+02,8.289266357421875000e+02,-2.083757100699236244e+07
2.744000000000000217e+00,2.802577642265469127e-01,2.915281848519327701e-01,-8.828945723417419220e-03,-1.059624573693240812e-04,1.809259627372772350e-04,-1.599930790469744624e-05,9.105093479156494141e-01,5.199337959289550781e+00,-4.905965805053710938e+00,-2.802577642265469127e-01,-2.915281848519327701e-01,8.828945723417419220e-03,0.000000000000000000e+00,0.000000000000000000e+00,0.000000000000000000e+00,0.000000000000000000e+00,0.000000000000000000e+00,0.000000000000000000e+00,0.000000000000000000e+00,8.281940307617187500e+02,8.278501586914062500e+02,8.283073120117187500e+02,8.288961181640625000e+02,-2.083757117060340941e+07
2.745000000000000107e+00,2.801517101926583875e-01,2.917091564532151016e-01,-8.844310475311279243e-03,-1.060540338885251899e-04,1.809716012823314735e-04,-1.536475189386002360e-05,9.105143547058105469e-01,5.199359893798828125e+00,-4.905983924865722656e+00,-2.801517101926583875e-01,-2.917091564532151016e-01,8.844310475311279243e-03,0.000000000000000000e+00,0.000000000000000000e+00,0.000000000000000000e+00,0.000000000000000000e+00,0.000000000000000000e+00,0.000000000000000000e+00,0.000000000000000000e+00,8.281807861328125000e+02,8.278452758789062500e+02,8.282916259765625000e+02,8.288663940429687500e+02,-2.083757133426084369e+07
2.745999999999999996e+00,2.800454679173416950e-01,2.918901028770301553e-01,-8.859077373039472500e-03,-1.062422753166925027e-04,1.809464238150537696e-04,-1.476689772819325674e-05,9.105197191238403320e-01,5.199380874633789062e+00,-4.906004905700683594e+00,-2.800454679173416950e-01,-2.918901028770301553e-01,8.859077373039472500e-03,0.000000000000000000e+00,0.000000000000000000e+00,0.000000000000000000e+00,0.000000000000000000e+00,0.000000000000000000e+00,0.000000000000000000e+00,0.000000000000000000e+00,8.281679077148437500e+02,8.278405151367187500e+02,8.282763671875000000e+02,8.288372802734375000e+02,-2.083757149796462432e+07
2.746999999999999886e+00,2.799390641832510407e-01,2.920710507027343139e-01,-8.873286569875845492e-03,-1.064037340906542894e-04,1.809478257041585714e-04,-1.420919683637299202e-05,9.105244874954223633e-01,5.199401378631591797e+00,-4.906022071838378906e+00,-2.799390641832510407e-01,-2.920710507027343139e-01,8.873286569875845492e-03,0.000000000000000000e+00,0.000000000000000000e+00,0.000000000000000000e+00,0.000000000000000000e+00,0.000000000000000000e+00,0.000000000000000000e+00,0.000000000000000000e+00,8.281553344726562500e+02,8.278358154296875000e+02,8.282614135742187500e+02,8.288089599609375000e+02,-2.083757166171473637e+07
2.748000000000000220e+00,2.798324990876891460e-01,2.922519998331485347e-01,-8.886977252176646649e-03,-1.065650955618946405e-04,1.809491304142207824e-04,-1.369068230080115744e-05,9.105296134948730469e-01,5.199423789978027344e+00,-4.906042098999023438e+00,-2.798324990876891460e-01,-2.922519998331485347e-01,8.886977252176646649e-03,0.000000000000000000e+00,0.000000000000000000e+00,0.000000000000000000e+00,0.000000000000000000e+00,0.000000000000000000e+00,0.000000000000000000e+00,0.000000000000000000e+00,8.281430053710937500e+02,8.278312377929687500e+02,8.282467651367187500e+02,8.287812500000000000e+02,-2.083757182551117241e+07
2.749000000000000110e+00,2.797257460485231273e-01,2.924328968058220735e-01,-8.900190909224203403e-03,-1.067530391660187483e-04,1.808969726735387695e-04,-1.321365704755675385e-05,9.105345010757446289e-01,5.199444293975830078e+00,-4.906060695648193359e+00,-2.797257460485231273e-01,-2.924328968058220735e-01,8.900190909224203403e-03,0.000000000000000000e+00,0.000000000000000000e+00,0.000000000000000000e+00,0.000000000000000000e+00,0.000000000000000000e+00,0.000000000000000000e+00,0.000000000000000000e+00,8.281310424804687500e+02,8.278267822265625000e+02,8.282324829101562500e+02,8.287542114257812500e+02,-2.083757198935387656e+07
2.750000000000000000e+00,2.796188051772085514e-01,2.926137948769499397e-01,-8.912970192719228690e-03,-1.069408713145758583e-04,1.808980711278662667e-04,-1.277928349502528704e-05,9.105397462844848633e-01,5.199465751647949219e+00,-4.906080722808837891e+00,-2.796188051772085514e-01,-2.926137948769499397e-01,8.912970192719228690e-03,0.000000000000000000e+00,0.000000000000000000e+00,0.000000000000000000e+00,0.000000000000000000e+00,0.000000000000000000e+00,0.000000000000000000e+00,0.000000000000000000e+00,8.281193237304687500e+02,8.278223876953125000e+02,8.282185668945312500e+02,8.287278442382812500e+02,-2.083757215324282646e+07
2.750999999999999890e+00,2.795116499010991129e-01,2.927946672589061827e-01,-8.925359158240985316e-03,-1.071552761094385353e-04,1.808723819562430002e-04,-1.238896552175662580e-05,9.105445146560668945e-01,5.199485301971435547e+00,-4.906098842620849609e+00,-2.795116499010991129e-01,-2.927946672589061827e-01,8.925359158240985316e-03,0.000000000000000000e+00,0.000000000000000000e+00,0.000000000000000000e+00,0.000000000000000000e+00,0.000000000000000000e+00,0.000000000000000000e+00,0.000000000000000000e+00,8.281079101562500000e+02,8.278181152343750000e+02,8.282049560546875000e+02,8.287020874023437500e+02,-2.083757231717796996e+07
2.751999999999999780e+00,2.794043070058507827e-01,2.929755138471129561e-01,-8.937399561505070256e-03,-1.073428952483301835e-04,1.808465882067733510e-04,-1.204040326408493955e-05,9.105496406555175781e-01,5.199507236480712891e+00,-4.906119346618652344e+00,-2.794043070058507827e-01,-2.929755138471129561e-01,8.937399561505070256e-03,0.000000000000000000e+00,0.000000000000000000e+00,0.000000000000000000e+00,0.000000000000000000e+00,0.000000000000000000e+00,0.000000000000000000e+00,0.000000000000000000e+00,8.280968017578125000e+02,8.278139038085937500e+02,8.281915893554687500e+02,8.286769409179687500e+02,-2.083757248115926608e+07
2.753000000000000114e+00,2.792967499193492187e-01,2.931563078542638867e-01,-8.949135458137203944e-03,-1.075570865015640365e-04,1.807940071509306357e-04,-1.173589663213368828e-05,9.105548858642578125e-01,5.199531078338623047e+00,-4.906137943267822266e+00,-2.792967499193492187e-01,-2.931563078542638867e-01,8.949135458137203944e-03,0.000000000000000000e+00,0.000000000000000000e+00,0.000000000000000000e+00,0.000000000000000000e+00,0.000000000000000000e+00,0.000000000000000000e+00,0.000000000000000000e+00,8.280859375000000000e+02,8.278098144531250000e+02,8.281785888671875000e+02,8.286524047851562500e+02,-2.083757264518664777e+07
2.754000000000000004e+00,2.791889787558444747e-01,2.933370758525224442e-01,-8.960611102042333187e-03,-1.077711635047440275e-04,1.807679982585574940e-04,-1.147564390512924304e-05,9.105598926544189453e-01,5.199551105499267578e+00,-4.906157493591308594e+00,-2.791889787558444747e-01,-2.933370758525224442e-01,8.960611102042333187e-03,0.000000000000000000e+00,0.000000000000000000e+00,0.000000000000000000e+00,0.000000000000000000e+00,0.000000000000000000e+00,0.000000000000000000e+00,0.000000000000000000e+00,8.280753173828125000e+02,8.278057861328125000e+02,8.281658935546875000e+02,8.286284179687500000e+02,-2.083757280926006660e+07
2.754999999999999893e+00,2.790809936251532619e-01,2.935178177356380647e-01,-8.971869848264112102e-03,-1.079851306912127384e-04,1.807418831156204497e-04,-1.125874622177891471e-05,9.105651378631591797e-01,5.199572563171386719e+00,-4.906177997589111328e+00,-2.790809936251532619e-01,-2.935178177356380647e-01,8.971869848264112102e-03,0.000000000000000000e+00,0.000000000000000000e+00,0.000000000000000000e+00,0.000000000000000000e+00,0.000000000000000000e+00,0.000000000000000000e+00,0.000000000000000000e+00,8.280649414062500000e+02,8.278018798828125000e+02,8.281535034179687500e+02,8.286050415039062500e+02,-2.083757297337947041e+07
2.755999999999999783e+00,2.789727946262267610e-01,2.936985067250294512e-01,-8.982951651802927040e-03,-1.081989989265008667e-04,1.806889893913865563e-04,-1.108180353881493829e-05,9.105697870254516602e-01,5.199593067169189453e+00,-4.906195640563964844e+00,-2.789727946262267610e-01,-2.936985067250294512e-01,8.982951651802927040e-03,0.000000000000000000e+00,0.000000000000000000e+00,0.000000000000000000e+00,0.000000000000000000e+00,0.000000000000000000e+00,0.000000000000000000e+00,0.000000000000000000e+00,8.280548706054687500e+02,8.277980346679687500e+02,8.281413574218750000e+02,8.285822143554687500e+02,-2.083757313754479587e+07
2.757000000000000117e+00,2.788643551906174189e-01,2.938791427146566493e-01,-8.993900633123391372e-03,-1.084394356093421052e-04,1.806359896271980681e-04,-1.094898132046433215e-05,9.105752706527709961e-01,5.199615001678466797e+00,-4.906214714050292969e+00,-2.788643551906174189e-01,-2.938791427146566493e-01,8.993900633123391372e-03,0.000000000000000000e+00,0.000000000000000000e+00,0.000000000000000000e+00,0.000000000000000000e+00,0.000000000000000000e+00,0.000000000000000000e+00,0.000000000000000000e+00,8.280449829101562500e+02,8.277942504882812500e+02,8.281295166015625000e+02,8.285599365234375000e+02,-2.083757330175596476e+07
2.758000000000000007e+00,2.787557021022240011e-01,2.940597789702132370e-01,-9.004755342924537428e-03,-1.086530883934178071e-04,1.806362555565876882e-04,-1.085470980114605632e-05,9.105805158615112305e-01,5.199636459350585938e+00,-4.906234264373779297e+00,-2.787557021022240011e-01,-2.940597789702132370e-01,9.004755342924537428e-03,0.000000000000000000e+00,0.000000000000000000e+00,0.000000000000000000e+00,0.000000000000000000e+00,0.000000000000000000e+00,0.000000000000000000e+00,0.000000000000000000e+00,8.280354003906250000e+02,8.277905883789062500e+02,8.281179809570312500e+02,8.285382080078125000e+02,-2.083757346601294726e+07
2.758999999999999897e+00,2.786468087746428179e-01,2.942403353542845656e-01,-9.015555537913258824e-03,-1.088933275811831969e-04,1.805563840713286794e-04,-1.080019498872139549e-05,9.105850458145141602e-01,5.199658393859863281e+00,-4.906253337860107422e+00,-2.786468087746428179e-01,-2.942403353542845656e-01,9.015555537913258824e-03,0.000000000000000000e+00,0.000000000000000000e+00,0.000000000000000000e+00,0.000000000000000000e+00,0.000000000000000000e+00,0.000000000000000000e+00,0.000000000000000000e+00,8.280260009765625000e+02,8.277869873046875000e+02,8.281066284179687500e+02,8.285169677734375000e+02,-2.083757363031564653e+07
2.759999999999999787e+00,2.785377019858402137e-01,2.944208651389332299e-01,-9.026337267546055351e-03,-1.091067888026042709e-04,1.805297846486642044e-04,-1.078172963279652730e-05,9.105901718139648438e-01,5.199678897857666016e+00,-4.906271457672119141e+00,-2.785377019858402137e-01,-2.944208651389332299e-01,9.026337267546055351e-03,0.000000000000000000e+00,0.000000000000000000e+00,0.000000000000000000e+00,0.000000000000000000e+00,0.000000000000000000e+00,0.000000000000000000e+00,0.000000000000000000e+00,8.280168457031250000e+02,8.277835083007812500e+02,8.280955810546875000e+02,8.284962158203125000e+02,-2.083757379466401786e+07
2.761000000000000121e+00,2.784284085062180281e-01,2.946013415545151726e-01,-9.037136386717029360e-03,-1.092934796221856075e-04,1.804764155819427174e-04,-1.079911917097400864e-05,9.105954170227050781e-01,5.199698925018310547e+00,-4.906291007995605469e+00,-2.784284085062180281e-01,-2.946013415545151726e-01,9.037136386717029360e-03,0.000000000000000000e+00,0.000000000000000000e+00,0.000000000000000000e+00,0.000000000000000000e+00,0.000000000000000000e+00,0.000000000000000000e+00,0.000000000000000000e+00,8.280079345703125000e+02,8.277800903320312500e+02,8.280847778320312500e+02,8.284760131835937500e+02,-2.083757395905801654e+07
2.762000000000000011e+00,2.783188750623906693e-01,2.947817912046309941e-01,-9.047986173001466501e-03,-1.095334438273587452e-04,1.804496501158214805e-04,-1.084978628443714066e-05,9.106000661849975586e-01,5.199721336364746094e+00,-4.906311511993408203e+00,-2.783188750623906693e-01,-2.947817912046309941e-01,9.047986173001466501e-03,0.000000000000000000e+00,0.000000000000000000e+00,0.000000000000000000e+00,0.000000000000000000e+00,0.000000000000000000e+00,0.000000000000000000e+00,0.000000000000000000e+00,8.279992065429687500e+02,8.277766723632812500e+02,8.280742797851562500e+02,8.284562377929687500e+02,-2.083757412349758297e+07
2.762999999999999901e+00,2.782091284101702588e-01,2.949621873340744216e-01,-9.058916644923552253e-03,-1.097466522204104677e-04,1.803961294434275331e-04,-1.093047192208575213e-05,9.106051921844482422e-01,5.199742317199707031e+00,-4.906329154968261719e+00,-2.782091284101702588e-01,-2.949621873340744216e-01,9.058916644923552253e-03,0.000000000000000000e+00,0.000000000000000000e+00,0.000000000000000000e+00,0.000000000000000000e+00,0.000000000000000000e+00,0.000000000000000000e+00,0.000000000000000000e+00,8.279907226562500000e+02,8.277734375000000000e+02,8.280639648437500000e+02,8.284369506835937500e+02,-2.083757428798265755e+07
2.763999999999999790e+00,2.780992219852570502e-01,2.951425565530945150e-01,-9.069955518230322575e-03,-1.099064249132086779e-04,1.803692190200933965e-04,-1.103887330677032208e-05,9.106105566024780273e-01,5.199764251708984375e+00,-4.906348705291748047e+00,-2.780992219852570502e-01,-2.951425565530945150e-01,9.069955518230322575e-03,0.000000000000000000e+00,0.000000000000000000e+00,0.000000000000000000e+00,0.000000000000000000e+00,0.000000000000000000e+00,0.000000000000000000e+00,0.000000000000000000e+00,8.279824218750000000e+02,8.277702026367187500e+02,8.280538940429687500e+02,8.284181518554687500e+02,-2.083757445251322910e+07
2.765000000000000124e+00,2.779891024945952416e-01,2.953228721185909844e-01,-9.081130104358150351e-03,-1.101194906618085945e-04,1.803155654964694321e-04,-1.117458612782777638e-05,9.106153249740600586e-01,5.199783802032470703e+00,-4.906368255615234375e+00,-2.779891024945952416e-01,-2.953228721185909844e-01,9.081130104358150351e-03,0.000000000000000000e+00,0.000000000000000000e+00,0.000000000000000000e+00,0.000000000000000000e+00,0.000000000000000000e+00,0.000000000000000000e+00,0.000000000000000000e+00,8.279743041992187500e+02,8.277670288085937500e+02,8.280440673828125000e+02,8.283997802734375000e+02,-2.083757461708923429e+07
2.766000000000000014e+00,2.778787966761074313e-01,2.955031606591411175e-01,-9.092461380213703870e-03,-1.103058184878102921e-04,1.802885405501331029e-04,-1.133127585555351868e-05,9.106200933456420898e-01,5.199805259704589844e+00,-4.906385421752929688e+00,-2.778787966761074313e-01,-2.955031606591411175e-01,9.092461380213703870e-03,0.000000000000000000e+00,0.000000000000000000e+00,0.000000000000000000e+00,0.000000000000000000e+00,0.000000000000000000e+00,0.000000000000000000e+00,0.000000000000000000e+00,8.279664306640625000e+02,8.277639770507812500e+02,8.280344848632812500e+02,8.283818359375000000e+02,-2.083757478171065077e+07
2.766999999999999904e+00,2.777683312652382552e-01,2.956834221227805370e-01,-9.103970258080738495e-03,-1.104654108691760506e-04,1.802614636394195280e-04,-1.150887786703462534e-05,9.106254577636718750e-01,5.199827671051025391e+00,-4.906405448913574219e+00,-2.777683312652382552e-01,-2.956834221227805370e-01,9.103970258080738495e-03,0.000000000000000000e+00,0.000000000000000000e+00,0.000000000000000000e+00,0.000000000000000000e+00,0.000000000000000000e+00,0.000000000000000000e+00,0.000000000000000000e+00,8.279586791992187500e+02,8.277609863281250000e+02,8.280250854492187500e+02,8.283643188476562500e+02,-2.083757494637746364e+07
2.767999999999999794e+00,2.776576796227901989e-01,2.958636564736477070e-01,-9.115672510013305904e-03,-1.106516424480563643e-04,1.802343508671699901e-04,-1.170225193256740903e-05,9.106302261352539062e-01,5.199846744537353516e+00,-4.906424522399902344e+00,-2.776576796227901989e-01,-2.958636564736477070e-01,9.115672510013305904e-03,0.000000000000000000e+00,0.000000000000000000e+00,0.000000000000000000e+00,0.000000000000000000e+00,0.000000000000000000e+00,0.000000000000000000e+00,0.000000000000000000e+00,8.279511718750000000e+02,8.277580566406250000e+02,8.280159301757812500e+02,8.283472290039062500e+02,-2.083757511108965054e+07
2.769000000000000128e+00,2.775469218242902492e-01,2.960438369935639025e-01,-9.127581617688111659e-03,-1.107577984999497112e-04,1.801805199161954363e-04,-1.190910767480575505e-05,9.106353521347045898e-01,5.199867725372314453e+00,-4.906443119049072266e+00,-2.775469218242902492e-01,-2.960438369935639025e-01,9.127581617688111659e-03,0.000000000000000000e+00,0.000000000000000000e+00,0.000000000000000000e+00,0.000000000000000000e+00,0.000000000000000000e+00,0.000000000000000000e+00,0.000000000000000000e+00,8.279437866210937500e+02,8.277551879882812500e+02,8.280069580078125000e+02,8.283305664062500000e+02,-2.083757527584721148e+07
2.770000000000000018e+00,2.774360045421162546e-01,2.962240170220774571e-01,-9.139708411040826236e-03,-1.109172821739945469e-04,1.801800285135546353e-04,-1.212679335271457659e-05,9.106402397155761719e-01,5.199890136718750000e+00,-4.906462192535400391e+00,-2.774360045421162546e-01,-2.962240170220774571e-01,9.139708411040826236e-03,0.000000000000000000e+00,0.000000000000000000e+00,0.000000000000000000e+00,0.000000000000000000e+00,0.000000000000000000e+00,0.000000000000000000e+00,0.000000000000000000e+00,8.279366455078125000e+02,8.277523803710937500e+02,8.279982299804687500e+02,8.283142700195312500e+02,-2.083757544065015018e+07
2.770999999999999908e+00,2.773249544728429439e-01,2.964041698611535880e-01,-9.152059563912328874e-03,-1.110500692733107364e-04,1.801528390761308884e-04,-1.235115287150263808e-05,9.106454849243164062e-01,5.199910640716552734e+00,-4.906480789184570312e+00,-2.773249544728429439e-01,-2.964041698611535880e-01,9.152059563912328874e-03,0.000000000000000000e+00,0.000000000000000000e+00,0.000000000000000000e+00,0.000000000000000000e+00,0.000000000000000000e+00,0.000000000000000000e+00,0.000000000000000000e+00,8.279296264648437500e+02,8.277496337890625000e+02,8.279896850585937500e+02,8.282983398437500000e+02,-2.083757560549847409e+07
2.771999999999999797e+00,2.772137983118715399e-01,2.965843221800559815e-01,-9.164639378229344144e-03,-1.111561609714040166e-04,1.801523189023934712e-04,-1.257981431701526986e-05,9.106504917144775391e-01,5.199931621551513672e+00,-4.906499862670898438e+00,-2.772137983118715399e-01,-2.965843221800559815e-01,9.164639378229344144e-03,0.000000000000000000e+00,0.000000000000000000e+00,0.000000000000000000e+00,0.000000000000000000e+00,0.000000000000000000e+00,0.000000000000000000e+00,0.000000000000000000e+00,8.279227905273437500e+02,8.277469482421875000e+02,8.279813842773437500e+02,8.282828369140625000e+02,-2.083757577039221302e+07
2.773000000000000131e+00,2.771025627364094301e-01,2.967644472989175997e-01,-9.177447024297250011e-03,-1.112355754621097148e-04,1.801251188616181942e-04,-1.280764606790586735e-05,9.106549024581909180e-01,5.199952602386474609e+00,-4.906517982482910156e+00,-2.771025627364094301e-01,-2.967644472989175997e-01,9.177447024297250011e-03,0.000000000000000000e+00,0.000000000000000000e+00,0.000000000000000000e+00,0.000000000000000000e+00,0.000000000000000000e+00,0.000000000000000000e+00,0.000000000000000000e+00,8.279161376953125000e+02,8.277443237304687500e+02,8.279732666015625000e+02,8.282676391601562500e+02,-2.083757593533140421e+07
2.774000000000000021e+00,2.769912477480001023e-01,2.969445719010639362e-01,-9.190481732567628431e-03,-1.113149884093278530e-04,1.801246021463365210e-04,-1.303470827037842006e-05,9.106601476669311523e-01,5.199973106384277344e+00,-4.906537055969238281e+00,-2.769912477480001023e-01,-2.969445719010639362e-01,9.190481732567628431e-03,0.000000000000000000e+00,0.000000000000000000e+00,0.000000000000000000e+00,0.000000000000000000e+00,0.000000000000000000e+00,0.000000000000000000e+00,0.000000000000000000e+00,8.279096069335937500e+02,8.277418212890625000e+02,8.279652709960937500e+02,8.282528686523437500e+02,-2.083757610031609982e+07
2.774999999999999911e+00,2.768798533234469450e-01,2.971246693267134420e-01,-9.203735100497835095e-03,-1.113944245531572896e-04,1.800974256495058157e-04,-1.325336793020666371e-05,9.106649160385131836e-01,5.199994087219238281e+00,-4.906555175781250000e+00,-2.768798533234469450e-01,-2.971246693267134420e-01,9.203735100497835095e-03,0.000000000000000000e+00,0.000000000000000000e+00,0.000000000000000000e+00,0.000000000000000000e+00,0.000000000000000000e+00,0.000000000000000000e+00,0.000000000000000000e+00,8.279031982421875000e+02,8.277393188476562500e+02,8.279575195312500000e+02,8.282384033203125000e+02,-2.083757626534632966e+07
2.775999999999999801e+00,2.767684061326876610e-01,2.973047929519009314e-01,-9.217200655786909197e-03,-1.114471907592839983e-04,1.801236251874893668e-04,-1.346555528907410204e-05,9.106696844100952148e-01,5.200014591217041016e+00,-4.906573295593261719e+00,-2.767684061326876610e-01,-2.973047929519009314e-01,9.217200655786909197e-03,0.000000000000000000e+00,0.000000000000000000e+00,0.000000000000000000e+00,0.000000000000000000e+00,0.000000000000000000e+00,0.000000000000000000e+00,0.000000000000000000e+00,8.278969726562500000e+02,8.277368774414062500e+02,8.279499511718750000e+02,8.282242431640625000e+02,-2.083757643042217568e+07
2.777000000000000135e+00,2.766569328203746791e-01,2.974849161268721121e-01,-9.230865062644458621e-03,-1.114733123129818537e-04,1.801231749711806884e-04,-1.366440685754942430e-05,9.106746912002563477e-01,5.200034618377685547e+00,-4.906591892242431641e+00,-2.766569328203746791e-01,-2.974849161268721121e-01,9.230865062644458621e-03,0.000000000000000000e+00,0.000000000000000000e+00,0.000000000000000000e+00,0.000000000000000000e+00,0.000000000000000000e+00,0.000000000000000000e+00,0.000000000000000000e+00,8.278909301757812500e+02,8.277344970703125000e+02,8.279425659179687500e+02,8.282105102539062500e+02,-2.083757659554371983e+07
2.778000000000000025e+00,2.765454168691913739e-01,2.976650478253377585e-01,-9.244712869298014196e-03,-1.115159511833052619e-04,1.801316984656464726e-04,-1.384780665355557494e-05,9.106798171997070312e-01,5.200055122375488281e+00,-4.906612396240234375e+00,-2.765454168691913739e-01,-2.976650478253377585e-01,9.244712869298014196e-03,0.000000000000000000e+00,0.000000000000000000e+00,0.000000000000000000e+00,0.000000000000000000e+00,0.000000000000000000e+00,0.000000000000000000e+00,0.000000000000000000e+00,8.278850097656250000e+02,8.277322387695312500e+02,8.279353637695312500e+02,8.281970214843750000e+02,-2.083757676071103290e+07
2.778999999999999915e+00,2.764339178854270940e-01,2.978451968821588802e-01,-9.258728420740165721e-03,-1.114989837642799131e-04,1.801490568211217003e-04,-1.401555144215152482e-05,9.106848239898681641e-01,5.200075149536132812e+00,-4.906630039215087891e+00,-2.764339178854270940e-01,-2.978451968821588802e-01,9.258728420740165721e-03,0.000000000000000000e+00,0.000000000000000000e+00,0.000000000000000000e+00,0.000000000000000000e+00,0.000000000000000000e+00,0.000000000000000000e+00,0.000000000000000000e+00,8.278792114257812500e+02,8.277299804687500000e+02,8.279283447265625000e+02,8.281838378906250000e+02,-2.083757692592423037e+07
2.779999999999999805e+00,2.763224193297474929e-01,2.980253722957263984e-01,-9.272890429702636966e-03,-1.114985556796010968e-04,1.801754135675182056e-04,-1.416200896247124530e-05,9.106894731521606445e-01,5.200096130371093750e+00,-4.906649112701416016e+00,-2.763224193297474929e-01,-2.980253722957263984e-01,9.272890429702636966e-03,0.000000000000000000e+00,0.000000000000000000e+00,0.000000000000000000e+00,0.000000000000000000e+00,0.000000000000000000e+00,0.000000000000000000e+00,0.000000000000000000e+00,8.278735351562500000e+02,8.277277832031250000e+02,8.279214477539062500e+02,8.281710205078125000e+02,-2.083757709118342027e+07
2.781000000000000139e+00,2.762109478225290848e-01,2.982055474381152260e-01,-9.287176389451963152e-03,-1.114715072184080391e-04,1.801751423888275916e-04,-1.428595974932618529e-05,9.106945991516113281e-01,5.200116634368896484e+00,-4.906668663024902344e+00,-2.762109478225290848e-01,-2.982055474381152260e-01,9.287176389451963152e-03,0.000000000000000000e+00,0.000000000000000000e+00,0.000000000000000000e+00,0.000000000000000000e+00,0.000000000000000000e+00,0.000000000000000000e+00,0.000000000000000000e+00,8.278679809570312500e+02,8.277256469726562500e+02,8.279147338867187500e+02,8.281584472656250000e+02,-2.083757725648870692e+07
2.782000000000000028e+00,2.760995299854840379e-01,2.983857757291831225e-01,-9.301561485122412584e-03,-1.114178370450469302e-04,1.802282910678965067e-04,-1.438509567044943260e-05,9.106991291046142578e-01,5.200137138366699219e+00,-4.906685352325439453e+00,-2.760995299854840379e-01,-2.983857757291831225e-01,9.301561485122412584e-03,0.000000000000000000e+00,0.000000000000000000e+00,0.000000000000000000e+00,0.000000000000000000e+00,0.000000000000000000e+00,0.000000000000000000e+00,0.000000000000000000e+00,8.278626098632812500e+02,8.277235107421875000e+02,8.279082031250000000e+02,8.281462402343750000e+02,-2.083757742184024677e+07
2.782999999999999918e+00,2.759881390681496738e-01,2.985660305528310410e-01,-9.316019736167380563e-03,-1.113909173343641257e-04,1.802548236479184496e-04,-1.445825104496797908e-05,9.107043743133544922e-01,5.200159072875976562e+00,-4.906706333160400391e+00,-2.759881390681496738e-01,-2.985660305528310410e-01,9.316019736167380563e-03,0.000000000000000000e+00,0.000000000000000000e+00,0.000000000000000000e+00,0.000000000000000000e+00,0.000000000000000000e+00,0.000000000000000000e+00,0.000000000000000000e+00,8.278572998046875000e+02,8.277214965820312500e+02,8.279017944335937500e+02,8.281342163085937500e+02,-2.083757758723816276e+07
2.783999999999999808e+00,2.758768283566553903e-01,2.987463119755051077e-01,-9.330522099836455890e-03,-1.113107114942835096e-04,1.802814226740667713e-04,-1.450236366907532715e-05,9.107089042663574219e-01,5.200177669525146484e+00,-4.906722068786621094e+00,-2.758768283566553903e-01,-2.987463119755051077e-01,9.330522099836455890e-03,0.000000000000000000e+00,0.000000000000000000e+00,0.000000000000000000e+00,0.000000000000000000e+00,0.000000000000000000e+00,0.000000000000000000e+00,0.000000000000000000e+00,8.278521118164062500e+02,8.277195434570312500e+02,8.278955688476562500e+02,8.281225585937500000e+02,-2.083757775268260390e+07
2.785000000000000142e+00,2.757655710968366369e-01,2.989266467501568436e-01,-9.345039389122011819e-03,-1.112572598187533401e-04,1.803347746517358630e-04,-1.451728928555592879e-05,9.107139110565185547e-01,5.200200080871582031e+00,-4.906742095947265625e+00,-2.757655710968366369e-01,-2.989266467501568436e-01,9.345039389122011819e-03,0.000000000000000000e+00,0.000000000000000000e+00,0.000000000000000000e+00,0.000000000000000000e+00,0.000000000000000000e+00,0.000000000000000000e+00,0.000000000000000000e+00,8.278471069335937500e+02,8.277175903320312500e+02,8.278895263671875000e+02,8.281111450195312500e+02,-2.083757791817372292e+07
2.786000000000000032e+00,2.756544205652560753e-01,2.991070082683782716e-01,-9.359539995979597460e-03,-1.111505315805616512e-04,1.803615182214279855e-04,-1.450060685758564061e-05,9.107190370559692383e-01,5.200220108032226562e+00,-4.906761646270751953e+00,-2.756544205652560753e-01,-2.991070082683782716e-01,9.359539995979597460e-03,0.000000000000000000e+00,0.000000000000000000e+00,0.000000000000000000e+00,0.000000000000000000e+00,0.000000000000000000e+00,0.000000000000000000e+00,0.000000000000000000e+00,8.278421630859375000e+02,8.277156982421875000e+02,8.278836059570312500e+02,8.280999755859375000e+02,-2.083757808371168748e+07
2.786999999999999922e+00,2.755433500035290861e-01,2.992874499695205026e-01,-9.373992296252527112e-03,-1.110705617269891476e-04,1.804417011422310146e-04,-1.445230027292965236e-05,9.107235670089721680e-01,5.200239658355712891e+00,-4.906779766082763672e+00,-2.755433500035290861e-01,-2.992874499695205026e-01,9.373992296252527112e-03,0.000000000000000000e+00,0.000000000000000000e+00,0.000000000000000000e+00,0.000000000000000000e+00,0.000000000000000000e+00,0.000000000000000000e+00,0.000000000000000000e+00,8.278373413085937500e+02,8.277138671875000000e+02,8.278778076171875000e+02,8.280890502929687500e+02,-2.083757824929667637e+07
2.787999999999999812e+00,2.754323859998465962e-01,2.994679185703106317e-01,-9.388362880743902211e-03,-1.109640036824899312e-04,1.804686007901290523e-04,-1.437058449137509908e-05,9.107285737991333008e-01,5.200261592864990234e+00,-4.906798362731933594e+00,-2.754323859998465962e-01,-2.994679185703106317e-01,9.388362880743902211e-03,0.000000000000000000e+00,0.000000000000000000e+00,0.000000000000000000e+00,0.000000000000000000e+00,0.000000000000000000e+00,0.000000000000000000e+00,0.000000000000000000e+00,8.278325805664062500e+02,8.277120971679687500e+02,8.278721313476562500e+02,8.280784301757812500e+02,-2.083757841492884979e+07
2.789000000000000146e+00,2.753215284687959841e-01,2.996484141485941666e-01,-9.402619232867658397e-03,-1.108575310506121347e-04,1.804955782835349076e-04,-1.425635212375618577e-05,9.107334613800048828e-01,5.200282573699951172e+00,-4.906816959381103516e+00,-2.753215284687959841e-01,-2.996484141485941666e-01,9.402619232867658397e-03,0.000000000000000000e+00,0.000000000000000000e+00,0.000000000000000000e+00,0.000000000000000000e+00,0.000000000000000000e+00,0.000000000000000000e+00,0.000000000000000000e+00,8.278280029296875000e+02,8.277103881835937500e+02,8.278666381835937500e+02,8.280679931640625000e+02,-2.083757858060837537e+07
2.790000000000000036e+00,2.752108040045368464e-01,2.998289901473196739e-01,-9.416726532733208505e-03,-1.107244642591376227e-04,1.805759987255073362e-04,-1.410729986555010751e-05,9.107384681701660156e-01,5.200304031372070312e+00,-4.906834125518798828e+00,-2.752108040045368464e-01,-2.998289901473196739e-01,9.416726532733208505e-03,0.000000000000000000e+00,0.000000000000000000e+00,0.000000000000000000e+00,0.000000000000000000e+00,0.000000000000000000e+00,0.000000000000000000e+00,0.000000000000000000e+00,8.278234863281250000e+02,8.277086791992187500e+02,8.278612670898437500e+02,8.280578613281250000e+02,-2.083757874633546174e+07
2.790999999999999925e+00,2.751002125207395177e-01,3.000096199614429859e-01,-9.430653033422104273e-03,-1.105914837973287490e-04,1.806298141233120269e-04,-1.392650068889576820e-05,9.107431173324584961e-01,5.200323104858398438e+00,-4.906853675842285156e+00,-2.751002125207395177e-01,-3.000096199614429859e-01,9.430653033422104273e-03,0.000000000000000000e+00,0.000000000000000000e+00,0.000000000000000000e+00,0.000000000000000000e+00,0.000000000000000000e+00,0.000000000000000000e+00,0.000000000000000000e+00,8.278190917968750000e+02,8.277070312500000000e+02,8.278560180664062500e+02,8.280479125976562500e+02,-2.083757891211029887e+07
2.791999999999999815e+00,2.749897539318963413e-01,3.001903303510464749e-01,-9.444365448665888868e-03,-1.104585888431763863e-04,1.807103896034889523e-04,-1.371241524378459531e-05,9.107483625411987305e-01,5.200344562530517578e+00,-4.906872272491455078e+00,-2.749897539318963413e-01,-3.001903303510464749e-01,9.444365448665888868e-03,0.000000000000000000e+00,0.000000000000000000e+00,0.000000000000000000e+00,0.000000000000000000e+00,0.000000000000000000e+00,0.000000000000000000e+00,0.000000000000000000e+00,8.278147583007812500e+02,8.277054443359375000e+02,8.278509521484375000e+02,8.280382080078125000e+02,-2.083757907793309540e+07
2.793000000000000149e+00,2.748794281463712297e-01,3.003710680322139170e-01,-9.457831133806359966e-03,-1.103257855251116304e-04,1.807376811674421546e-04,-1.346568514047109810e-05,9.107532501220703125e-01,5.200366497039794922e+00,-4.906892299652099609e+00,-2.748794281463712297e-01,-3.003710680322139170e-01,9.457831133806359966e-03,0.000000000000000000e+00,0.000000000000000000e+00,0.000000000000000000e+00,0.000000000000000000e+00,0.000000000000000000e+00,0.000000000000000000e+00,0.000000000000000000e+00,8.278105468750000000e+02,8.277039184570312500e+02,8.278459472656250000e+02,8.280287475585937500e+02,-2.083757924380402267e+07
2.794000000000000039e+00,2.747692084016772895e-01,3.005518597628145661e-01,-9.471018400152502598e-03,-1.102197446939401360e-04,1.807917306006490143e-04,-1.318726634614263149e-05,9.107580184936523438e-01,5.200387477874755859e+00,-4.906909942626953125e+00,-2.747692084016772895e-01,-3.005518597628145661e-01,9.471018400152502598e-03,0.000000000000000000e+00,0.000000000000000000e+00,0.000000000000000000e+00,0.000000000000000000e+00,0.000000000000000000e+00,0.000000000000000000e+00,0.000000000000000000e+00,8.278064575195312500e+02,8.277023925781250000e+02,8.278410644531250000e+02,8.280194702148437500e+02,-2.083757940972325951e+07
2.794999999999999929e+00,2.746591746632432440e-01,3.007327322884540965e-01,-9.483897506382715087e-03,-1.100337384340455138e-04,1.808725256395304903e-04,-1.287910623021248924e-05,9.107633829116821289e-01,5.200408935546875000e+00,-4.906929969787597656e+00,-2.746591746632432440e-01,-3.007327322884540965e-01,9.483897506382715087e-03,0.000000000000000000e+00,0.000000000000000000e+00,0.000000000000000000e+00,0.000000000000000000e+00,0.000000000000000000e+00,0.000000000000000000e+00,0.000000000000000000e+00,8.278024291992187500e+02,8.277009277343750000e+02,8.278363647460937500e+02,8.280104370117187500e+02,-2.083757957569104061e+07
2.795999999999999819e+00,2.745492468096792371e-01,3.009136590016036616e-01,-9.496439830825740419e-03,-1.099278535640069165e-04,1.809267131495650993e-04,-1.254232444302533223e-05,9.107682704925537109e-01,5.200429916381835938e+00,-4.906948089599609375e+00,-2.745492468096792371e-01,-3.009136590016036616e-01,9.496439830825740419e-03,0.000000000000000000e+00,0.000000000000000000e+00,0.000000000000000000e+00,0.000000000000000000e+00,0.000000000000000000e+00,0.000000000000000000e+00,0.000000000000000000e+00,8.277984619140625000e+02,8.276994628906250000e+02,8.278317260742187500e+02,8.280015869140625000e+02,-2.083757974170754105e+07
2.797000000000000153e+00,2.744394514480382741e-01,3.010946399651068806e-01,-9.508617929531237162e-03,-1.097953616409630406e-04,1.809809635032189057e-04,-1.217809870549674267e-05,9.107731580734252930e-01,5.200450420379638672e+00,-4.906967639923095703e+00,-2.744394514480382741e-01,-3.010946399651068806e-01,9.508617929531237162e-03,0.000000000000000000e+00,0.000000000000000000e+00,0.000000000000000000e+00,0.000000000000000000e+00,0.000000000000000000e+00,0.000000000000000000e+00,0.000000000000000000e+00,8.277946166992187500e+02,8.276981201171875000e+02,8.278272094726562500e+02,8.279929809570312500e+02,-2.083757990777295083e+07
2.798000000000000043e+00,2.743298151939685403e-01,3.012756752337091837e-01,-9.520407693794308290e-03,-1.096362540697337629e-04,1.810352686023031232e-04,-1.178976426307112857e-05,9.107782840728759766e-01,5.200471401214599609e+00,-4.906987667083740234e+00,-2.743298151939685403e-01,-3.012756752337091837e-01,9.520407693794308290e-03,0.000000000000000000e+00,0.000000000000000000e+00,0.000000000000000000e+00,0.000000000000000000e+00,0.000000000000000000e+00,0.000000000000000000e+00,0.000000000000000000e+00,8.277908935546875000e+02,8.276967163085937500e+02,8.278228149414062500e+02,8.279844970703125000e+02,-2.083758007388746738e+07
2.798999999999999932e+00,2.742202846179734865e-01,3.014567648702048963e-01,-9.531783970724742178e-03,-1.095305759950537805e-04,1.810896364957126359e-04,-1.137627693043388732e-05,9.107831716537475586e-01,5.200493335723876953e+00,-4.907005786895751953e+00,-2.742202846179734865e-01,-3.014567648702048963e-01,9.531783970724742178e-03,0.000000000000000000e+00,0.000000000000000000e+00,0.000000000000000000e+00,0.000000000000000000e+00,0.000000000000000000e+00,0.000000000000000000e+00,0.000000000000000000e+00,8.277871704101562500e+02,8.276954345703125000e+02,8.278185424804687500e+02,8.279762573242187500e+02,-2.083758024005126953e+07
2.799999999999999822e+00,2.741109130300222185e-01,3.016379355977626964e-01,-9.542726954497135483e-03,-1.093715879512680011e-04,1.811707275578000598e-04,-1.094298377239330544e-05,9.107881784439086914e-01,5.200513362884521484e+00,-4.907025337219238281e+00,-2.741109130300222185e-01,-3.016379355977626964e-01,9.542726954497135483e-03,0.000000000000000000e+00,0.000000000000000000e+00,0.000000000000000000e+00,0.000000000000000000e+00,0.000000000000000000e+00,0.000000000000000000e+00,0.000000000000000000e+00,8.277836303710937500e+02,8.276941528320312500e+02,8.278143310546875000e+02,8.279682006835937500e+02,-2.083758040626456961e+07
2.801000000000000156e+00,2.740016203337057865e-01,3.018191341018767737e-01,-9.553218797993619574e-03,-1.092926963164320142e-04,1.811985041140773411e-04,-1.049184349648409065e-05,9.107931852340698242e-01,5.200534820556640625e+00,-4.907042980194091797e+00,-2.740016203337057865e-01,-3.018191341018767737e-01,9.553218797993619574e-03,0.000000000000000000e+00,0.000000000000000000e+00,0.000000000000000000e+00,0.000000000000000000e+00,0.000000000000000000e+00,0.000000000000000000e+00,0.000000000000000000e+00,8.277800903320312500e+02,8.276928710937500000e+02,8.278102416992187500e+02,8.279603881835937500e+02,-2.083758057252751291e+07
2.802000000000000046e+00,2.738924598475374617e-01,3.020003870976020188e-01,-9.563243030533073383e-03,-1.091604861683248551e-04,1.812529957252451140e-04,-1.002423253945380899e-05,9.107985496520996094e-01,5.200555801391601562e+00,-4.907064914703369141e+00,-2.738924598475374617e-01,-3.020003870976020188e-01,9.563243030533073383e-03,0.000000000000000000e+00,0.000000000000000000e+00,0.000000000000000000e+00,0.000000000000000000e+00,0.000000000000000000e+00,0.000000000000000000e+00,0.000000000000000000e+00,8.277766723632812500e+02,8.276916503906250000e+02,8.278062744140625000e+02,8.279526977539062500e+02,-2.083758073884028196e+07
2.802999999999999936e+00,2.737834048553954291e-01,3.021816946155101435e-01,-9.572787075664982229e-03,-1.090549921420325141e-04,1.813075179081247157e-04,-9.544045131908845958e-06,9.108035564422607422e-01,5.200578689575195312e+00,-4.907083034515380859e+00,-2.737834048553954291e-01,-3.021816946155101435e-01,9.572787075664982229e-03,0.000000000000000000e+00,0.000000000000000000e+00,0.000000000000000000e+00,0.000000000000000000e+00,0.000000000000000000e+00,0.000000000000000000e+00,0.000000000000000000e+00,8.277733154296875000e+02,8.276904907226562500e+02,8.278023681640625000e+02,8.279451904296875000e+02,-2.083758090520304814e+07
2.803999999999999826e+00,2.736744553258754209e-01,3.023630299974713331e-01,-9.581840864745786585e-03,-1.089495295200082481e-04,1.813353819611895901e-04,-9.053789080804355849e-06,9.108088016510009766e-01,5.200600624084472656e+00,-4.907101631164550781e+00,-2.736744553258754209e-01,-3.023630299974713331e-01,9.581840864745786585e-03,0.000000000000000000e+00,0.000000000000000000e+00,0.000000000000000000e+00,0.000000000000000000e+00,0.000000000000000000e+00,0.000000000000000000e+00,0.000000000000000000e+00,8.277700195312500000e+02,8.276893310546875000e+02,8.277985839843750000e+02,8.279378662109375000e+02,-2.083758107161596790e+07
2.805000000000000160e+00,2.735655845564442523e-01,3.025444199446623572e-01,-9.590396053750014152e-03,-1.088707694311685792e-04,1.813899471910240813e-04,-8.555189004227567451e-06,9.108139276504516602e-01,5.200620651245117188e+00,-4.907121658325195312e+00,-2.735655845564442523e-01,-3.025444199446623572e-01,9.590396053750014152e-03,0.000000000000000000e+00,0.000000000000000000e+00,0.000000000000000000e+00,0.000000000000000000e+00,0.000000000000000000e+00,0.000000000000000000e+00,0.000000000000000000e+00,8.277668457031250000e+02,8.276881713867187500e+02,8.277948608398437500e+02,8.279307250976562500e+02,-2.083758123807919770e+07
2.806000000000000050e+00,2.734567925381362619e-01,3.027258644616172001e-01,-9.598450141571962177e-03,-1.087920183079904568e-04,1.814445169548428716e-04,-8.054087821948024972e-06,9.108185768127441406e-01,5.200642108917236328e+00,-4.907140731811523438e+00,-2.734567925381362619e-01,-3.027258644616172001e-01,9.598450141571962177e-03,0.000000000000000000e+00,0.000000000000000000e+00,0.000000000000000000e+00,0.000000000000000000e+00,0.000000000000000000e+00,0.000000000000000000e+00,0.000000000000000000e+00,8.277637329101562500e+02,8.276870727539062500e+02,8.277912597656250000e+02,8.279237060546875000e+02,-2.083758140459289402e+07
2.806999999999999940e+00,2.733480525777558512e-01,3.029073101916802679e-01,-9.606001263019213476e-03,-1.087399603804106718e-04,1.814457300630678560e-04,-7.551121447251299412e-06,9.108239412307739258e-01,5.200663566589355469e+00,-4.907160758972167969e+00,-2.733480525777558512e-01,-3.029073101916802679e-01,9.606001263019213476e-03,0.000000000000000000e+00,0.000000000000000000e+00,0.000000000000000000e+00,0.000000000000000000e+00,0.000000000000000000e+00,0.000000000000000000e+00,0.000000000000000000e+00,8.277606811523437500e+02,8.276860351562500000e+02,8.277877197265625000e+02,8.279168701171875000e+02,-2.083758157115716487e+07
2.807999999999999829e+00,2.732393646828091271e-01,3.030888104906980240e-01,-9.613051213133402481e-03,-1.086878949467240396e-04,1.815002990177561060e-04,-7.049950114189004746e-06,9.108291864395141602e-01,5.200685501098632812e+00,-4.907180786132812500e+00,-2.732393646828091271e-01,-3.030888104906980240e-01,9.613051213133402481e-03,0.000000000000000000e+00,0.000000000000000000e+00,0.000000000000000000e+00,0.000000000000000000e+00,0.000000000000000000e+00,0.000000000000000000e+00,0.000000000000000000e+00,8.277576904296875000e+02,8.276849365234375000e+02,8.277843017578125000e+02,8.279102172851562500e+02,-2.083758173777215183e+07
2.809000000000000163e+00,2.731307288608807449e-01,3.032703119820658877e-01,-9.619605701156446961e-03,-1.086358219283822812e-04,1.815014913678636432e-04,-6.554488023044480194e-06,9.108343124389648438e-01,5.200708389282226562e+00,-4.907199382781982422e+00,-2.731307288608807449e-01,-3.032703119820658877e-01,9.619605701156446961e-03,0.000000000000000000e+00,0.000000000000000000e+00,0.000000000000000000e+00,0.000000000000000000e+00,0.000000000000000000e+00,0.000000000000000000e+00,0.000000000000000000e+00,8.277547607421875000e+02,8.276838989257812500e+02,8.277808837890625000e+02,8.279037475585937500e+02,-2.083758190443796664e+07
2.810000000000000053e+00,2.730220917753179988e-01,3.034518680099143606e-01,-9.625673050869578903e-03,-1.086370855627460941e-04,1.815560278484729118e-04,-6.067349713131942046e-06,9.108394384384155273e-01,5.200729846954345703e+00,-4.907218933105468750e+00,-2.730220917753179988e-01,-3.034518680099143606e-01,9.625673050869578903e-03,0.000000000000000000e+00,0.000000000000000000e+00,0.000000000000000000e+00,0.000000000000000000e+00,0.000000000000000000e+00,0.000000000000000000e+00,0.000000000000000000e+00,8.277519531250000000e+02,8.276829223632812500e+02,8.277775878906250000e+02,8.278973999023437500e+02,-2.083758207115471736e+07
2.810999999999999943e+00,2.729134638598654239e-01,3.036333804035699080e-01,-9.631263450152461464e-03,-1.086279154525748858e-04,1.815123936555473882e-04,-5.590399282882560494e-06,9.108448028564453125e-01,5.200750827789306641e+00,-4.907240390777587891e+00,-2.729134638598654239e-01,-3.036333804035699080e-01,9.631263450152461464e-03,0.000000000000000000e+00,0.000000000000000000e+00,0.000000000000000000e+00,0.000000000000000000e+00,0.000000000000000000e+00,0.000000000000000000e+00,0.000000000000000000e+00,8.277491455078125000e+02,8.276819458007812500e+02,8.277744140625000000e+02,8.278911743164062500e+02,-2.083758223792246729e+07
2.811999999999999833e+00,2.728048510115942404e-01,3.038149386794714579e-01,-9.636392191240289798e-03,-1.086128482711834486e-04,1.815582759015499370e-04,-5.128741087828334044e-06,9.108498096466064453e-01,5.200774192810058594e+00,-4.907258510589599609e+00,-2.728048510115942404e-01,-3.038149386794714579e-01,9.636392191240289798e-03,0.000000000000000000e+00,0.000000000000000000e+00,0.000000000000000000e+00,0.000000000000000000e+00,0.000000000000000000e+00,0.000000000000000000e+00,0.000000000000000000e+00,8.277464599609375000e+02,8.276809692382812500e+02,8.277712402343750000e+02,8.278851318359375000e+02,-2.083758240474133193e+07
2.813000000000000167e+00,2.726962370051377871e-01,3.039965247039730367e-01,-9.641077086323838335e-03,-1.086140064564533603e-04,1.815860245015787910e-04,-4.684895083548537564e-06,9.108549356460571289e-01,5.200795173645019531e+00,-4.907278060913085938e+00,-2.726962370051377871e-01,-3.039965247039730367e-01,9.641077086323838335e-03,0.000000000000000000e+00,0.000000000000000000e+00,0.000000000000000000e+00,0.000000000000000000e+00,0.000000000000000000e+00,0.000000000000000000e+00,0.000000000000000000e+00,8.277438354492187500e+02,8.276800537109375000e+02,8.277681884765625000e+02,8.278792114257812500e+02,-2.083758257161140814e+07
2.814000000000000057e+00,2.725875685197102216e-01,3.041780850750764320e-01,-9.645336209613379619e-03,-1.086684854275654644e-04,1.815603711033952905e-04,-4.259123289541283386e-06,9.108603000640869141e-01,5.200817584991455078e+00,-4.907299041748046875e+00,-2.725875685197102216e-01,-3.041780850750764320e-01,9.645336209613379619e-03,0.000000000000000000e+00,0.000000000000000000e+00,0.000000000000000000e+00,0.000000000000000000e+00,0.000000000000000000e+00,0.000000000000000000e+00,0.000000000000000000e+00,8.277412719726562500e+02,8.276790771484375000e+02,8.277651977539062500e+02,8.278734741210937500e+02,-2.083758273853272945e+07
2.814999999999999947e+00,2.724788723011940528e-01,3.043596464126435697e-01,-9.649193874563701326e-03,-1.086962185161688410e-04,1.815613375671376595e-04,-3.857664950321706976e-06,9.108653068542480469e-01,5.200839042663574219e+00,-4.907317638397216797e+00,-2.724788723011940528e-01,-3.043596464126435697e-01,9.649193874563701326e-03,0.000000000000000000e+00,0.000000000000000000e+00,0.000000000000000000e+00,0.000000000000000000e+00,0.000000000000000000e+00,0.000000000000000000e+00,0.000000000000000000e+00,8.277387695312500000e+02,8.276782226562500000e+02,8.277622680664062500e+02,8.278678588867187500e+02,-2.083758290550536662e+07
2.815999999999999837e+00,2.723701217287920473e-01,3.045412086621319681e-01,-9.652673355669544666e-03,-1.087505724020054743e-04,1.815622494883983862e-04,-3.479481105843340583e-06,9.108709096908569336e-01,5.200862407684326172e+00,-4.907337665557861328e+00,-2.723701217287920473e-01,-3.045412086621319681e-01,9.652673355669544666e-03,0.000000000000000000e+00,0.000000000000000000e+00,0.000000000000000000e+00,0.000000000000000000e+00,0.000000000000000000e+00,0.000000000000000000e+00,0.000000000000000000e+00,8.277363281250000000e+02,8.276773071289062500e+02,8.277593994140625000e+02,8.278623657226562500e+02,-2.083758307252937183e+07
2.817000000000000171e+00,2.722613168760925073e-01,3.047227717551253545e-01,-9.655803000831825189e-03,-1.088048526995399889e-04,1.815630929933864657e-04,-3.129645162280522697e-06,9.108762741088867188e-01,5.200885295867919922e+00,-4.907358169555664062e+00,-2.722613168760925073e-01,-3.047227717551253545e-01,9.655803000831825189e-03,0.000000000000000000e+00,0.000000000000000000e+00,0.000000000000000000e+00,0.000000000000000000e+00,0.000000000000000000e+00,0.000000000000000000e+00,0.000000000000000000e+00,8.277339477539062500e+02,8.276764526367187500e+02,8.277565917968750000e+02,8.278569946289062500e+02,-2.083758323960479721e+07
2.818000000000000060e+00,2.721524044539214704e-01,3.049042822622469173e-01,-9.658612556730764367e-03,-1.089124221710369156e-04,1.815105071215628030e-04,-2.809555898939178342e-06,9.108812808990478516e-01,5.200904846191406250e+00,-4.907377243041992188e+00,-2.721524044539214704e-01,-3.049042822622469173e-01,9.658612556730764367e-03,0.000000000000000000e+00,0.000000000000000000e+00,0.000000000000000000e+00,0.000000000000000000e+00,0.000000000000000000e+00,0.000000000000000000e+00,0.000000000000000000e+00,8.277316284179687500e+02,8.276755981445312500e+02,8.277538452148437500e+02,8.278518066406250000e+02,-2.083758340673163906e+07
2.818999999999999950e+00,2.720434112271150062e-01,3.050857934705291652e-01,-9.661132236465995449e-03,-1.089932268064641718e-04,1.815112082822478712e-04,-2.519679735231081241e-06,9.108866453170776367e-01,5.200926780700683594e+00,-4.907397747039794922e+00,-2.720434112271150062e-01,-3.050857934705291652e-01,9.661132236465995449e-03,0.000000000000000000e+00,0.000000000000000000e+00,0.000000000000000000e+00,0.000000000000000000e+00,0.000000000000000000e+00,0.000000000000000000e+00,0.000000000000000000e+00,8.277293701171875000e+02,8.276747436523437500e+02,8.277511596679687500e+02,8.278466796875000000e+02,-2.083758357390993461e+07
2.819999999999999840e+00,2.719343106016738343e-01,3.052672786194845500e-01,-9.663396089791670071e-03,-1.091006254411719389e-04,1.814851489553848118e-04,-2.263853325674622385e-06,9.108918905258178711e-01,5.200948238372802734e+00,-4.907416820526123047e+00,-2.719343106016738343e-01,-3.052672786194845500e-01,9.663396089791670071e-03,0.000000000000000000e+00,0.000000000000000000e+00,0.000000000000000000e+00,0.000000000000000000e+00,0.000000000000000000e+00,0.000000000000000000e+00,0.000000000000000000e+00,8.277271728515625000e+02,8.276738891601562500e+02,8.277485351562500000e+02,8.278417358398437500e+02,-2.083758374113969505e+07
2.821000000000000174e+00,2.718250759843456876e-01,3.054487376313675395e-01,-9.665437395934792578e-03,-1.092346173281466548e-04,1.814590118829895182e-04,-2.041306143122506578e-06,9.108974933624267578e-01,5.200972080230712891e+00,-4.907437324523925781e+00,-2.718250759843456876e-01,-3.054487376313675395e-01,9.665437395934792578e-03,0.000000000000000000e+00,0.000000000000000000e+00,0.000000000000000000e+00,0.000000000000000000e+00,0.000000000000000000e+00,0.000000000000000000e+00,0.000000000000000000e+00,8.277250366210937500e+02,8.276730957031250000e+02,8.277459716796875000e+02,8.278369140625000000e+02,-2.083758390842092037e+07
2.822000000000000064e+00,2.717157341506328261e-01,3.056301704184654078e-01,-9.667292077597710448e-03,-1.093418337128615470e-04,1.814327870978682533e-04,-1.854681662917870288e-06,9.109025001525878906e-01,5.200994491577148438e+00,-4.907457828521728516e+00,-2.717157341506328261e-01,-3.056301704184654078e-01,9.667292077597710448e-03,0.000000000000000000e+00,0.000000000000000000e+00,0.000000000000000000e+00,0.000000000000000000e+00,0.000000000000000000e+00,0.000000000000000000e+00,0.000000000000000000e+00,8.277229614257812500e+02,8.276723022460937500e+02,8.277434082031250000e+02,8.278321533203125000e+02,-2.083758407575361803e+07
2.822999999999999954e+00,2.716062585160862741e-01,3.058115502127760066e-01,-9.668997519520459993e-03,-1.094756345465519587e-04,1.813797943105988075e-04,-1.705441922749545425e-06,9.109078645706176758e-01,5.201015949249267578e+00,-4.907477855682373047e+00,-2.716062585160862741e-01,-3.058115502127760066e-01,9.668997519520459993e-03,0.000000000000000000e+00,0.000000000000000000e+00,0.000000000000000000e+00,0.000000000000000000e+00,0.000000000000000000e+00,0.000000000000000000e+00,0.000000000000000000e+00,8.277208862304687500e+02,8.276715087890625000e+02,8.277409667968750000e+02,8.278275756835937500e+02,-2.083758424313777313e+07
2.823999999999999844e+00,2.714966224975552955e-01,3.059929036116632028e-01,-9.670589565301840329e-03,-1.096360185309785962e-04,1.813533988871962599e-04,-1.592045781380335701e-06,9.109131097793579102e-01,5.201039314270019531e+00,-4.907498359680175781e+00,-2.714966224975552955e-01,-3.059929036116632028e-01,9.670589565301840329e-03,0.000000000000000000e+00,0.000000000000000000e+00,0.000000000000000000e+00,0.000000000000000000e+00,0.000000000000000000e+00,0.000000000000000000e+00,0.000000000000000000e+00,8.277189331054687500e+02,8.276707153320312500e+02,8.277385253906250000e+02,8.278230590820312500e+02,-2.083758441057336703e+07
2.825000000000000178e+00,2.713868528773845101e-01,3.061742038392919474e-01,-9.672107409526025171e-03,-1.097696201707853980e-04,1.813002276287445369e-04,-1.517844224184841662e-06,9.109183549880981445e-01,5.201058864593505859e+00,-4.907515525817871094e+00,-2.713868528773845101e-01,-3.061742038392919474e-01,9.672107409526025171e-03,0.000000000000000000e+00,0.000000000000000000e+00,0.000000000000000000e+00,0.000000000000000000e+00,0.000000000000000000e+00,0.000000000000000000e+00,0.000000000000000000e+00,8.277169799804687500e+02,8.276699829101562500e+02,8.277362060546875000e+02,8.278186645507812500e+02,-2.083758457806038484e+07
2.826000000000000068e+00,2.712769230701350676e-01,3.063554508126724585e-01,-9.673586832481709946e-03,-1.099298072494425682e-04,1.812469733805111005e-04,-1.479422955684775443e-06,9.109237194061279297e-01,5.201081752777099609e+00,-4.907537937164306641e+00,-2.712769230701350676e-01,-3.063554508126724585e-01,9.673586832481709946e-03,0.000000000000000000e+00,0.000000000000000000e+00,0.000000000000000000e+00,0.000000000000000000e+00,0.000000000000000000e+00,0.000000000000000000e+00,0.000000000000000000e+00,8.277151489257812500e+02,8.276692504882812500e+02,8.277338867187500000e+02,8.278143920898437500e+02,-2.083758474559879303e+07
2.826999999999999957e+00,2.711668065022751484e-01,3.065366711217006324e-01,-9.675067012526078133e-03,-1.101165678599191899e-04,1.812203090281738760e-04,-1.480180044368187287e-06,9.109288454055786133e-01,5.201103687286376953e+00,-4.907556533813476562e+00,-2.711668065022751484e-01,-3.065366711217006324e-01,9.675067012526078133e-03,0.000000000000000000e+00,0.000000000000000000e+00,0.000000000000000000e+00,0.000000000000000000e+00,0.000000000000000000e+00,0.000000000000000000e+00,0.000000000000000000e+00,8.277133178710937500e+02,8.276684570312500000e+02,8.277316284179687500e+02,8.278102416992187500e+02,-2.083758491318856925e+07
2.827999999999999847e+00,2.710565566311183838e-01,3.067178379948121703e-01,-9.676584714438319496e-03,-1.102498711567645451e-04,1.811668731115378961e-04,-1.517701912241362083e-06,9.109344482421875000e-01,5.201128005981445312e+00,-4.907576560974121094e+00,-2.710565566311183838e-01,-3.067178379948121703e-01,9.676584714438319496e-03,0.000000000000000000e+00,0.000000000000000000e+00,0.000000000000000000e+00,0.000000000000000000e+00,0.000000000000000000e+00,0.000000000000000000e+00,0.000000000000000000e+00,8.277115478515625000e+02,8.276677246093750000e+02,8.277293701171875000e+02,8.278062133789062500e+02,-2.083758508082969487e+07
2.829000000000000181e+00,2.709460935100506118e-01,3.068989513536124480e-01,-9.678175575466114663e-03,-1.104631210677720077e-04,1.811133588002777906e-04,-1.590861027795167915e-06,9.109392166137695312e-01,5.201149463653564453e+00,-4.907596111297607422e+00,-2.709460935100506118e-01,-3.068989513536124480e-01,9.678175575466114663e-03,0.000000000000000000e+00,0.000000000000000000e+00,0.000000000000000000e+00,0.000000000000000000e+00,0.000000000000000000e+00,0.000000000000000000e+00,0.000000000000000000e+00,8.277097778320312500e+02,8.276670532226562500e+02,8.277272338867187500e+02,8.278022460937500000e+02,-2.083758524852211401e+07
2.830000000000000071e+00,2.708354972805410155e-01,3.070800111053706982e-01,-9.679876495146282067e-03,-1.105962295095963555e-04,1.810597517582501759e-04,-1.700919680167403691e-06,9.109447002410888672e-01,5.201169013977050781e+00,-4.907616138458251953e+00,-2.708354972805410155e-01,-3.070800111053706982e-01,9.679876495146282067e-03,0.000000000000000000e+00,0.000000000000000000e+00,0.000000000000000000e+00,0.000000000000000000e+00,0.000000000000000000e+00,0.000000000000000000e+00,0.000000000000000000e+00,8.277081298828125000e+02,8.276663208007812500e+02,8.277250976562500000e+02,8.277984008789062500e+02,-2.083758541626581550e+07
2.830999999999999961e+00,2.707247146706615037e-01,3.072610171757984010e-01,-9.681720680715185171e-03,-1.107826098795117176e-04,1.810060704277027810e-04,-1.844185568903103367e-06,9.109495878219604492e-01,5.201190948486328125e+00,-4.907635211944580078e+00,-2.707247146706615037e-01,-3.072610171757984010e-01,9.681720680715185171e-03,0.000000000000000000e+00,0.000000000000000000e+00,0.000000000000000000e+00,0.000000000000000000e+00,0.000000000000000000e+00,0.000000000000000000e+00,0.000000000000000000e+00,8.277064819335937500e+02,8.276656494140625000e+02,8.277230224609375000e+02,8.277946166992187500e+02,-2.083758558406075463e+07
2.831999999999999851e+00,2.706137457683313041e-01,3.074419694885380805e-01,-9.683740648480704608e-03,-1.109689023301996258e-04,1.809523127396794884e-04,-2.019967765519437020e-06,9.109549522399902344e-01,5.201213359832763672e+00,-4.907655239105224609e+00,-2.706137457683313041e-01,-3.074419694885380805e-01,9.683740648480704608e-03,0.000000000000000000e+00,0.000000000000000000e+00,0.000000000000000000e+00,0.000000000000000000e+00,0.000000000000000000e+00,0.000000000000000000e+00,0.000000000000000000e+00,8.277048950195312500e+02,8.276649780273437500e+02,8.277210083007812500e+02,8.277909545898437500e+02,-2.083758575190689415e+07
2.833000000000000185e+00,2.705026173426125502e-01,3.076228679652737164e-01,-9.685968986383552623e-03,-1.111284257187539204e-04,1.808984767356358603e-04,-2.228337902848015473e-06,9.109603166580200195e-01,5.201236724853515625e+00,-4.907675266265869141e+00,-2.705026173426125502e-01,-3.076228679652737164e-01,9.685968986383552623e-03,0.000000000000000000e+00,0.000000000000000000e+00,0.000000000000000000e+00,0.000000000000000000e+00,0.000000000000000000e+00,0.000000000000000000e+00,0.000000000000000000e+00,8.277033691406250000e+02,8.276642456054687500e+02,8.277189941406250000e+02,8.277874145507812500e+02,-2.083758591980420798e+07
2.834000000000000075e+00,2.703913294728759187e-01,3.078037125377707239e-01,-9.688434875783191735e-03,-1.112878697366315173e-04,1.808445724970075830e-04,-2.465889399639112356e-06,9.109655618667602539e-01,5.201257705688476562e+00,-4.907694816589355469e+00,-2.703913294728759187e-01,-3.078037125377707239e-01,9.688434875783191735e-03,0.000000000000000000e+00,0.000000000000000000e+00,0.000000000000000000e+00,0.000000000000000000e+00,0.000000000000000000e+00,0.000000000000000000e+00,0.000000000000000000e+00,8.277018432617187500e+02,8.276636352539062500e+02,8.277170410156250000e+02,8.277838745117187500e+02,-2.083758608775267005e+07
2.834999999999999964e+00,2.702798555515366075e-01,3.079845298285041610e-01,-9.691164154195214264e-03,-1.114739213393112216e-04,1.808172907334371082e-04,-2.729278412022528855e-06,9.109708070755004883e-01,5.201279640197753906e+00,-4.907714366912841797e+00,-2.702798555515366075e-01,-3.079845298285041610e-01,9.691164154195214264e-03,0.000000000000000000e+00,0.000000000000000000e+00,0.000000000000000000e+00,0.000000000000000000e+00,0.000000000000000000e+00,0.000000000000000000e+00,0.000000000000000000e+00,8.277003784179687500e+02,8.276629638671875000e+02,8.277151489257812500e+02,8.277805175781250000e+02,-2.083758625575225800e+07
2.835999999999999854e+00,2.701682490034546524e-01,3.081652664138315734e-01,-9.694181851597438032e-03,-1.116065480819550260e-04,1.807365853274123246e-04,-3.017697402223767922e-06,9.109760522842407227e-01,5.201300621032714844e+00,-4.907734870910644531e+00,-2.701682490034546524e-01,-3.081652664138315734e-01,9.694181851597438032e-03,0.000000000000000000e+00,0.000000000000000000e+00,0.000000000000000000e+00,0.000000000000000000e+00,0.000000000000000000e+00,0.000000000000000000e+00,0.000000000000000000e+00,8.276989746093750000e+02,8.276622924804687500e+02,8.277132568359375000e+02,8.277771606445312500e+02,-2.083758642380294949e+07
2.837000000000000188e+00,2.700564565364611536e-01,3.083459756050559442e-01,-9.697511295365387335e-03,-1.117924669934988735e-04,1.807091912243707910e-04,-3.329443767949302746e-06,9.109810590744018555e-01,5.201323032379150391e+00,-4.907753467559814453e+00,-2.700564565364611536e-01,-3.083459756050559442e-01,9.697511295365387335e-03,0.000000000000000000e+00,0.000000000000000000e+00,0.000000000000000000e+00,0.000000000000000000e+00,0.000000000000000000e+00,0.000000000000000000e+00,0.000000000000000000e+00,8.276975708007812500e+02,8.276616821289062500e+02,8.277114257812500000e+02,8.277739257812500000e+02,-2.083758659190472215e+07
2.838000000000000078e+00,2.699445582437104973e-01,3.085266306710265360e-01,-9.701171814073344946e-03,-1.118982927506562142e-04,1.806550659705918882e-04,-3.660518707957610696e-06,9.109863042831420898e-01,5.201344490051269531e+00,-4.907773017883300781e+00,-2.699445582437104973e-01,-3.085266306710265360e-01,9.701171814073344946e-03,0.000000000000000000e+00,0.000000000000000000e+00,0.000000000000000000e+00,0.000000000000000000e+00,0.000000000000000000e+00,0.000000000000000000e+00,0.000000000000000000e+00,8.276962280273437500e+02,8.276610717773437500e+02,8.277096557617187500e+02,8.277708129882812500e+02,-2.083758676005757973e+07
2.838999999999999968e+00,2.698325008103287237e-01,3.087072582602497506e-01,-9.705179168101063861e-03,-1.120574333817736523e-04,1.806275892232145353e-04,-4.007354027718915135e-06,9.109911918640136719e-01,5.201365470886230469e+00,-4.907791137695312500e+00,-2.698325008103287237e-01,-3.087072582602497506e-01,9.705179168101063861e-03,0.000000000000000000e+00,0.000000000000000000e+00,0.000000000000000000e+00,0.000000000000000000e+00,0.000000000000000000e+00,0.000000000000000000e+00,0.000000000000000000e+00,8.276948852539062500e+02,8.276604614257812500e+02,8.277078857421875000e+02,8.277677001953125000e+02,-2.083758692826151848e+07
2.839999999999999858e+00,2.697203109565777246e-01,3.088878316557055470e-01,-9.709548373756572703e-03,-1.121898537509991023e-04,1.805733954557964260e-04,-4.369205655508842656e-06,9.109965562820434570e-01,5.201387405395507812e+00,-4.907810688018798828e+00,-2.697203109565777246e-01,-3.088878316557055470e-01,9.709548373756572703e-03,0.000000000000000000e+00,0.000000000000000000e+00,0.000000000000000000e+00,0.000000000000000000e+00,0.000000000000000000e+00,0.000000000000000000e+00,0.000000000000000000e+00,8.276936035156250000e+02,8.276598510742187500e+02,8.277061767578125000e+02,8.277647094726562500e+02,-2.083758709651653096e+07
2.841000000000000192e+00,2.696079993287938681e-01,3.090683590880589082e-01,-9.714289868676560455e-03,-1.123116277838565047e-04,1.805274323533612169e-04,-4.741494919987751522e-06,9.110014438629150391e-01,5.201409339904785156e+00,-4.907830715179443359e+00,-2.696079993287938681e-01,-3.090683590880589082e-01,9.714289868676560455e-03,0.000000000000000000e+00,0.000000000000000000e+00,0.000000000000000000e+00,0.000000000000000000e+00,0.000000000000000000e+00,0.000000000000000000e+00,0.000000000000000000e+00,8.276923828125000000e+02,8.276593017578125000e+02,8.277044677734375000e+02,8.277617797851562500e+02,-2.083758726482262090e+07
2.842000000000000082e+00,2.694955980900568537e-01,3.092488773789102141e-01,-9.719411393674180777e-03,-1.124012387370143529e-04,1.805182908513058848e-04,-5.121524997620321984e-06,9.110068082809448242e-01,5.201429367065429688e+00,-4.907849788665771484e+00,-2.694955980900568537e-01,-3.092488773789102141e-01,9.719411393674180777e-03,0.000000000000000000e+00,0.000000000000000000e+00,0.000000000000000000e+00,0.000000000000000000e+00,0.000000000000000000e+00,0.000000000000000000e+00,0.000000000000000000e+00,8.276911621093750000e+02,8.276586914062500000e+02,8.277028808593750000e+02,8.277589111328125000e+02,-2.083758743317983299e+07
2.842999999999999972e+00,2.693831178610753829e-01,3.094293414202300974e-01,-9.724918258642025262e-03,-1.124802289814708089e-04,1.804640413198832505e-04,-5.506864967844485315e-06,9.110119342803955078e-01,5.201451301574707031e+00,-4.907868862152099609e+00,-2.693831178610753829e-01,-3.094293414202300974e-01,9.724918258642025262e-03,0.000000000000000000e+00,0.000000000000000000e+00,0.000000000000000000e+00,0.000000000000000000e+00,0.000000000000000000e+00,0.000000000000000000e+00,0.000000000000000000e+00,8.276899414062500000e+02,8.276581420898437500e+02,8.277012939453125000e+02,8.277561645507812500e+02,-2.083758760158818960e+07
2.843999999999999861e+00,2.692705319705214762e-01,3.096098045745916405e-01,-9.730811350483046032e-03,-1.125858905539067756e-04,1.804631543615431433e-04,-5.893091841020769994e-06,9.110168218612670898e-01,5.201472282409667969e+00,-4.907889366149902344e+00,-2.692705319705214762e-01,-3.096098045745916405e-01,9.730811350483046032e-03,0.000000000000000000e+00,0.000000000000000000e+00,0.000000000000000000e+00,0.000000000000000000e+00,0.000000000000000000e+00,0.000000000000000000e+00,0.000000000000000000e+00,8.276887817382812500e+02,8.276575927734375000e+02,8.276997070312500000e+02,8.277534179687500000e+02,-2.083758777004772797e+07
2.845000000000000195e+00,2.691578937748108635e-01,3.097902401622295576e-01,-9.737089082754909683e-03,-1.126381957106126208e-04,1.804355876379171164e-04,-6.277732271863650793e-06,9.110223054885864258e-01,5.201494216918945312e+00,-4.907907009124755859e+00,-2.691578937748108635e-01,-3.097902401622295576e-01,9.737089082754909683e-03,0.000000000000000000e+00,0.000000000000000000e+00,0.000000000000000000e+00,0.000000000000000000e+00,0.000000000000000000e+00,0.000000000000000000e+00,0.000000000000000000e+00,8.276876220703125000e+02,8.276571044921875000e+02,8.276981811523437500e+02,8.277507324218750000e+02,-2.083758793855850399e+07
2.846000000000000085e+00,2.690452032622207557e-01,3.099706481960335380e-01,-9.743746452682972015e-03,-1.126905125901078719e-04,1.804080338039804055e-04,-6.657369928062331632e-06,9.110267162322998047e-01,5.201515674591064453e+00,-4.907926559448242188e+00,-2.690452032622207557e-01,-3.099706481960335380e-01,9.743746452682972015e-03,0.000000000000000000e+00,0.000000000000000000e+00,0.000000000000000000e+00,0.000000000000000000e+00,0.000000000000000000e+00,0.000000000000000000e+00,0.000000000000000000e+00,8.276865234375000000e+02,8.276565551757812500e+02,8.276967163085937500e+02,8.277481689453125000e+02,-2.083758810712056980e+07
2.846999999999999975e+00,2.689324870956870672e-01,3.101510553752455102e-01,-9.750775257265160284e-03,-1.127161665336884333e-04,1.804071792119721351e-04,-7.028804582188269423e-06,9.110319614410400391e-01,5.201536178588867188e+00,-4.907946586608886719e+00,-2.689324870956870672e-01,-3.101510553752455102e-01,9.750775257265160284e-03,0.000000000000000000e+00,0.000000000000000000e+00,0.000000000000000000e+00,0.000000000000000000e+00,0.000000000000000000e+00,0.000000000000000000e+00,0.000000000000000000e+00,8.276854248046875000e+02,8.276560668945312500e+02,8.276952514648437500e+02,8.277456054687500000e+02,-2.083758827573400736e+07
2.847999999999999865e+00,2.688197185689246704e-01,3.103314617265413022e-01,-9.758165418891502282e-03,-1.127685267623967924e-04,1.804063512957920778e-04,-7.390161626341998358e-06,9.110370874404907227e-01,5.201558113098144531e+00,-4.907965183258056641e+00,-2.688197185689246704e-01,-3.103314617265413022e-01,9.758165418891502282e-03,0.000000000000000000e+00,0.000000000000000000e+00,0.000000000000000000e+00,0.000000000000000000e+00,0.000000000000000000e+00,0.000000000000000000e+00,0.000000000000000000e+00,8.276843872070312500e+02,8.276555786132812500e+02,8.276938476562500000e+02,8.277431640625000000e+02,-2.083758844439888746e+07
2.849000000000000199e+00,2.687069510020651530e-01,3.105118406013350207e-01,-9.765902011488076032e-03,-1.127675668595173875e-04,1.803788747937185022e-04,-7.736592596573749203e-06,9.110422134399414062e-01,5.201579570770263672e+00,-4.907983779907226562e+00,-2.687069510020651530e-01,-3.105118406013350207e-01,9.765902011488076032e-03,0.000000000000000000e+00,0.000000000000000000e+00,0.000000000000000000e+00,0.000000000000000000e+00,0.000000000000000000e+00,0.000000000000000000e+00,0.000000000000000000e+00,8.276833496093750000e+02,8.276550903320312500e+02,8.276924438476562500e+02,8.277407226562500000e+02,-2.083758861311528832e+07
2.850000000000000089e+00,2.685941843570909260e-01,3.106922454010274115e-01,-9.773968484859202333e-03,-1.127666449742270594e-04,1.804047996923907604e-04,-8.066473371126300917e-06,9.110474586486816406e-01,5.201600074768066406e+00,-4.908002376556396484e+00,-2.685941843570909260e-01,-3.106922454010274115e-01,9.773968484859202333e-03,0.000000000000000000e+00,0.000000000000000000e+00,0.000000000000000000e+00,0.000000000000000000e+00,0.000000000000000000e+00,0.000000000000000000e+00,0.000000000000000000e+00,8.276823120117187500e+02,8.276546630859375000e+02,8.276911010742187500e+02,8.277383422851562500e+02,-2.083758878188332543e+07
2.850999999999999979e+00,2.684814452594279643e-01,3.108726494907201321e-01,-9.782344838314449217e-03,-1.127390976629616404e-04,1.804040896927205928e-04,-8.376353455246884905e-06,9.110522270202636719e-01,5.201620101928710938e+00,-4.908020496368408203e+00,-2.684814452594279643e-01,-3.108726494907201321e-01,9.782344838314449217e-03,0.000000000000000000e+00,0.000000000000000000e+00,0.000000000000000000e+00,0.000000000000000000e+00,0.000000000000000000e+00,0.000000000000000000e+00,0.000000000000000000e+00,8.276813354492187500e+02,8.276541748046875000e+02,8.276898193359375000e+02,8.277360229492187500e+02,-2.083758895070311055e+07
2.851999999999999869e+00,2.683687069758017851e-01,3.110530796028945222e-01,-9.791010217814430719e-03,-1.127382836261792143e-04,1.804301121743900893e-04,-8.665379499981501477e-06,9.110572338104248047e-01,5.201641559600830078e+00,-4.908039569854736328e+00,-2.683687069758017851e-01,-3.110530796028945222e-01,9.791010217814430719e-03,0.000000000000000000e+00,0.000000000000000000e+00,0.000000000000000000e+00,0.000000000000000000e+00,0.000000000000000000e+00,0.000000000000000000e+00,0.000000000000000000e+00,8.276803588867187500e+02,8.276537475585937500e+02,8.276885375976562500e+02,8.277337646484375000e+02,-2.083758911957475543e+07
2.853000000000000203e+00,2.682560494774077764e-01,3.112335091119241559e-01,-9.799938931352213459e-03,-1.126574983940087371e-04,1.804295090296337278e-04,-8.928713537782739795e-06,9.110623598098754883e-01,5.201664447784423828e+00,-4.908060073852539062e+00,-2.682560494774077764e-01,-3.112335091119241559e-01,9.799938931352213459e-03,0.000000000000000000e+00,0.000000000000000000e+00,0.000000000000000000e+00,0.000000000000000000e+00,0.000000000000000000e+00,0.000000000000000000e+00,0.000000000000000000e+00,8.276793823242187500e+02,8.276533203125000000e+02,8.276873168945312500e+02,8.277315673828125000e+02,-2.083758928849839792e+07
2.854000000000000092e+00,2.681434460120356578e-01,3.114139380831104642e-01,-9.809104226157749559e-03,-1.126034653721186274e-04,1.804289711863082957e-04,-9.165294805536100542e-06,9.110673666000366211e-01,5.201683521270751953e+00,-4.908078670501708984e+00,-2.681434460120356578e-01,-3.114139380831104642e-01,9.809104226157749559e-03,0.000000000000000000e+00,0.000000000000000000e+00,0.000000000000000000e+00,0.000000000000000000e+00,0.000000000000000000e+00,0.000000000000000000e+00,0.000000000000000000e+00,8.276784667968750000e+02,8.276529541015625000e+02,8.276860961914062500e+02,8.277293701171875000e+02,-2.083758945747416466e+07
2.854999999999999982e+00,2.680308965093032847e-01,3.115944199447395202e-01,-9.818477879155558183e-03,-1.125495027323730746e-04,1.804818616290559952e-04,-9.373652997808623599e-06,9.110722541809082031e-01,5.201704978942871094e+00,-4.908096790313720703e+00,-2.680308965093032847e-01,-3.115944199447395202e-01,9.818477879155558183e-03,0.000000000000000000e+00,0.000000000000000000e+00,0.000000000000000000e+00,0.000000000000000000e+00,0.000000000000000000e+00,0.000000000000000000e+00,0.000000000000000000e+00,8.276775512695312500e+02,8.276525268554687500e+02,8.276849365234375000e+02,8.277272338867187500e+02,-2.083758962650221214e+07
2.855999999999999872e+00,2.679184275644113100e-01,3.117749280867691541e-01,-9.828029051148086045e-03,-1.124689448919746759e-04,1.805081420296339445e-04,-9.551171992527862642e-06,9.110771417617797852e-01,5.201726436614990234e+00,-4.908116817474365234e+00,-2.679184275644113100e-01,-3.117749280867691541e-01,9.828029051148086045e-03,0.000000000000000000e+00,0.000000000000000000e+00,0.000000000000000000e+00,0.000000000000000000e+00,0.000000000000000000e+00,0.000000000000000000e+00,0.000000000000000000e+00,8.276766357421875000e+02,8.276521606445312500e+02,8.276837768554687500e+02,8.277251586914062500e+02,-2.083758979558269307e+07
2.857000000000000206e+00,2.678060657728877914e-01,3.119554625816229332e-01,-9.837726131811044480e-03,-1.123617915235186615e-04,1.805344948537790373e-04,-9.697080662958434960e-06,9.110823869705200195e-01,5.201747894287109375e+00,-4.908135414123535156e+00,-2.678060657728877914e-01,-3.119554625816229332e-01,9.837726131811044480e-03,0.000000000000000000e+00,0.000000000000000000e+00,0.000000000000000000e+00,0.000000000000000000e+00,0.000000000000000000e+00,0.000000000000000000e+00,0.000000000000000000e+00,8.276757202148437500e+02,8.276517944335937500e+02,8.276826782226562500e+02,8.277231445312500000e+02,-2.083758996471577510e+07
2.858000000000000096e+00,2.676938110423068284e-01,3.121360235095564928e-01,-9.847534936994251087e-03,-1.122547305809629137e-04,1.805609279335596007e-04,-9.808805183206606437e-06,9.110871553421020508e-01,5.201766967773437500e+00,-4.908153057098388672e+00,-2.676938110423068284e-01,-3.121360235095564928e-01,9.847534936994251087e-03,0.000000000000000000e+00,0.000000000000000000e+00,0.000000000000000000e+00,0.000000000000000000e+00,0.000000000000000000e+00,0.000000000000000000e+00,0.000000000000000000e+00,8.276748657226562500e+02,8.276514282226562500e+02,8.276815795898437500e+02,8.277211303710937500e+02,-2.083759013390162215e+07
2.858999999999999986e+00,2.675816632851042987e-01,3.123166376293947666e-01,-9.857422178636316909e-03,-1.121477572025297853e-04,1.806141198382738011e-04,-9.887241642065822123e-06,9.110924005508422852e-01,5.201789379119873047e+00,-4.908174514770507812e+00,-2.675816632851042987e-01,-3.123166376293947666e-01,9.857422178636316909e-03,0.000000000000000000e+00,0.000000000000000000e+00,0.000000000000000000e+00,0.000000000000000000e+00,0.000000000000000000e+00,0.000000000000000000e+00,0.000000000000000000e+00,8.276740112304687500e+02,8.276511230468750000e+02,8.276805419921875000e+02,8.277191772460937500e+02,-2.083759030314042047e+07
2.859999999999999876e+00,2.674696490825551054e-01,3.124973050248383011e-01,-9.867351243958545973e-03,-1.120142025491932536e-04,1.806673954435344953e-04,-9.929065322229063684e-06,9.110972881317138672e-01,5.201809883117675781e+00,-4.908192634582519531e+00,-2.674696490825551054e-01,-3.124973050248383011e-01,9.867351243958545973e-03,0.000000000000000000e+00,0.000000000000000000e+00,0.000000000000000000e+00,0.000000000000000000e+00,0.000000000000000000e+00,0.000000000000000000e+00,0.000000000000000000e+00,8.276731567382812500e+02,8.276508178710937500e+02,8.276795043945312500e+02,8.277172851562500000e+02,-2.083759047243236378e+07
2.861000000000000210e+00,2.673577683387777237e-01,3.126779990950769306e-01,-9.877287886583768425e-03,-1.118807437773816638e-04,1.806940702386294895e-04,-9.936642625222452674e-06,9.111021757125854492e-01,5.201831340789794922e+00,-4.908211708068847656e+00,-2.673577683387777237e-01,-3.126779990950769306e-01,9.877287886583768425e-03,0.000000000000000000e+00,0.000000000000000000e+00,0.000000000000000000e+00,0.000000000000000000e+00,0.000000000000000000e+00,0.000000000000000000e+00,0.000000000000000000e+00,8.276723022460937500e+02,8.276505126953125000e+02,8.276785278320312500e+02,8.277153930664062500e+02,-2.083759064177763090e+07
2.862000000000000099e+00,2.672460209564594402e-01,3.128587466063030842e-01,-9.887195483410705227e-03,-1.117473823182835169e-04,1.807475112261536232e-04,-9.907596826936801437e-06,9.111073017120361328e-01,5.201853275299072266e+00,-4.908231258392333984e+00,-2.672460209564594402e-01,-3.128587466063030842e-01,9.887195483410705227e-03,0.000000000000000000e+00,0.000000000000000000e+00,0.000000000000000000e+00,0.000000000000000000e+00,0.000000000000000000e+00,0.000000000000000000e+00,0.000000000000000000e+00,8.276715087890625000e+02,8.276502075195312500e+02,8.276776123046875000e+02,8.277135620117187500e+02,-2.083759081117641926e+07
2.862999999999999989e+00,2.671344335184722141e-01,3.130395476398368793e-01,-9.897038255677087504e-03,-1.115874379872261457e-04,1.808010335337950636e-04,-9.842772266382276980e-06,9.111123085021972656e-01,5.201874256134033203e+00,-4.908248424530029297e+00,-2.671344335184722141e-01,-3.130395476398368793e-01,9.897038255677087504e-03,0.000000000000000000e+00,0.000000000000000000e+00,0.000000000000000000e+00,0.000000000000000000e+00,0.000000000000000000e+00,0.000000000000000000e+00,0.000000000000000000e+00,8.276707153320312500e+02,8.276499023437500000e+02,8.276766967773437500e+02,8.277117919921875000e+02,-2.083759098062893376e+07
2.863999999999999879e+00,2.670229792455759421e-01,3.132204022811236888e-01,-9.906780278920019472e-03,-1.114542728962719664e-04,1.808546412868095032e-04,-9.742023242931968641e-06,9.111173152923583984e-01,5.201893806457519531e+00,-4.908267498016357422e+00,-2.670229792455759421e-01,-3.132204022811236888e-01,9.906780278920019472e-03,0.000000000000000000e+00,0.000000000000000000e+00,0.000000000000000000e+00,0.000000000000000000e+00,0.000000000000000000e+00,0.000000000000000000e+00,0.000000000000000000e+00,8.276699218750000000e+02,8.276496582031250000e+02,8.276757812500000000e+02,8.277100219726562500e+02,-2.083759115013536811e+07
2.865000000000000213e+00,2.669116847219323296e-01,3.134012839266634431e-01,-9.916387379833370083e-03,-1.112945236436124752e-04,1.808816455397543876e-04,-9.607100913350610782e-06,9.111224412918090820e-01,5.201917171478271484e+00,-4.908287525177001953e+00,-2.669116847219323296e-01,-3.134012839266634431e-01,9.916387379833370083e-03,0.000000000000000000e+00,0.000000000000000000e+00,0.000000000000000000e+00,0.000000000000000000e+00,0.000000000000000000e+00,0.000000000000000000e+00,0.000000000000000000e+00,8.276691284179687500e+02,8.276494140625000000e+02,8.276749267578125000e+02,8.277083129882812500e+02,-2.083759131969591603e+07
2.866000000000000103e+00,2.668005498567160294e-01,3.135822460188587013e-01,-9.925824665009609638e-03,-1.111348652163002271e-04,1.809620921952581618e-04,-9.437285176239554318e-06,9.111270904541015625e-01,5.201936721801757812e+00,-4.908306121826171875e+00,-2.668005498567160294e-01,-3.135822460188587013e-01,9.925824665009609638e-03,0.000000000000000000e+00,0.000000000000000000e+00,0.000000000000000000e+00,0.000000000000000000e+00,0.000000000000000000e+00,0.000000000000000000e+00,0.000000000000000000e+00,8.276683959960937500e+02,8.276491699218750000e+02,8.276740722656250000e+02,8.277066040039062500e+02,-2.083759148931079730e+07
2.866999999999999993e+00,2.666895745549947572e-01,3.137632619541362855e-01,-9.935058722034021197e-03,-1.109753017212722348e-04,1.810159352775841946e-04,-9.234057024411559955e-06,9.111325740814208984e-01,5.201958656311035156e+00,-4.908325195312500000e+00,-2.666895745549947572e-01,-3.137632619541362855e-01,9.935058722034021197e-03,0.000000000000000000e+00,0.000000000000000000e+00,0.000000000000000000e+00,0.000000000000000000e+00,0.000000000000000000e+00,0.000000000000000000e+00,0.000000000000000000e+00,8.276676025390625000e+02,8.276489257812500000e+02,8.276732177734375000e+02,8.277049560546875000e+02,-2.083759165898021683e+07
2.867999999999999883e+00,2.665787587312946627e-01,3.139443318036304609e-01,-9.944058701992152319e-03,-1.108158237000944624e-04,1.810698494941753722e-04,-8.999979958131121283e-06,9.111373424530029297e-01,5.201979637145996094e+00,-4.908343315124511719e+00,-2.665787587312946627e-01,-3.139443318036304609e-01,9.944058701992152319e-03,0.000000000000000000e+00,0.000000000000000000e+00,0.000000000000000000e+00,0.000000000000000000e+00,0.000000000000000000e+00,0.000000000000000000e+00,0.000000000000000000e+00,8.276668701171875000e+02,8.276486816406250000e+02,8.276724243164062500e+02,8.277033081054687500e+02,-2.083759182870437950e+07
2.869000000000000217e+00,2.664681022999461635e-01,3.141254556383581975e-01,-9.952793755967840120e-03,-1.106564313484992290e-04,1.811238347277366323e-04,-8.735053975687800953e-06,9.111421108245849609e-01,5.201999187469482422e+00,-4.908365249633789062e+00,-2.664681022999461635e-01,-3.141254556383581975e-01,9.952793755967840120e-03,0.000000000000000000e+00,0.000000000000000000e+00,0.000000000000000000e+00,0.000000000000000000e+00,0.000000000000000000e+00,0.000000000000000000e+00,0.000000000000000000e+00,8.276661376953125000e+02,8.276484985351562500e+02,8.276716918945312500e+02,8.277017211914062500e+02,-2.083759199848349020e+07
2.870000000000000107e+00,2.663576051842322934e-01,3.143066335214677043e-01,-9.961236370125267289e-03,-1.104971157138701088e-04,1.811778831095067765e-04,-8.442614157427169586e-06,9.111477136611938477e-01,5.202021598815917969e+00,-4.908382415771484375e+00,-2.663576051842322934e-01,-3.143066335214677043e-01,9.961236370125267289e-03,0.000000000000000000e+00,0.000000000000000000e+00,0.000000000000000000e+00,0.000000000000000000e+00,0.000000000000000000e+00,0.000000000000000000e+00,0.000000000000000000e+00,8.276654052734375000e+02,8.276482543945312500e+02,8.276708984375000000e+02,8.277001953125000000e+02,-2.083759216831775010e+07
2.870999999999999996e+00,2.662472247606703091e-01,3.144878467696921032e-01,-9.969359240497206037e-03,-1.103804235619842977e-04,1.812132482243988818e-04,-8.122870371938747946e-06,9.111527204513549805e-01,5.202044486999511719e+00,-4.908402919769287109e+00,-2.662472247606703091e-01,-3.144878467696921032e-01,9.969359240497206037e-03,0.000000000000000000e+00,0.000000000000000000e+00,0.000000000000000000e+00,0.000000000000000000e+00,0.000000000000000000e+00,0.000000000000000000e+00,0.000000000000000000e+00,8.276647338867187500e+02,8.276480712890625000e+02,8.276701660156250000e+02,8.276986694335937500e+02,-2.083759233820732683e+07
2.871999999999999886e+00,2.661370193847401033e-01,3.146691329183275987e-01,-9.977139362358257435e-03,-1.102053759302057401e-04,1.812861486354955254e-04,-7.780121861051397802e-06,9.111577272415161133e-01,5.202064990997314453e+00,-4.908421993255615234e+00,-2.661370193847401033e-01,-3.146691329183275987e-01,9.977139362358257435e-03,0.000000000000000000e+00,0.000000000000000000e+00,0.000000000000000000e+00,0.000000000000000000e+00,0.000000000000000000e+00,0.000000000000000000e+00,0.000000000000000000e+00,8.276640625000000000e+02,8.276478881835937500e+02,8.276694946289062500e+02,8.276972045898437500e+02,-2.083759250815244764e+07
2.873000000000000220e+00,2.660269464420894625e-01,3.148504732811729934e-01,-9.984555268526283667e-03,-1.100729426506408259e-04,1.813403628453946759e-04,-7.415906168026231704e-06,9.111629724502563477e-01,5.202088356018066406e+00,-4.908441066741943359e+00,-2.660269464420894625e-01,-3.148504732811729934e-01,9.984555268526283667e-03,0.000000000000000000e+00,0.000000000000000000e+00,0.000000000000000000e+00,0.000000000000000000e+00,0.000000000000000000e+00,0.000000000000000000e+00,0.000000000000000000e+00,8.276633300781250000e+02,8.276477050781250000e+02,8.276688232421875000e+02,8.276957397460937500e+02,-2.083759267815329507e+07
2.874000000000000110e+00,2.659170058754384836e-01,3.150318412209969221e-01,-9.991587720806717823e-03,-1.099405666509789548e-04,1.813679398239287366e-04,-7.032452280434156600e-06,9.111679792404174805e-01,5.202106475830078125e+00,-4.908461570739746094e+00,-2.659170058754384836e-01,-3.150318412209969221e-01,9.991587720806717823e-03,0.000000000000000000e+00,0.000000000000000000e+00,0.000000000000000000e+00,0.000000000000000000e+00,0.000000000000000000e+00,0.000000000000000000e+00,0.000000000000000000e+00,8.276627197265625000e+02,8.276475830078125000e+02,8.276681518554687500e+02,8.276942749023437500e+02,-2.083759284821004048e+07
2.875000000000000000e+00,2.658071976399363767e-01,3.152132634560075308e-01,-9.998220106233619495e-03,-1.098082355021068324e-04,1.814222350106087234e-04,-6.632385426901671321e-06,9.111728668212890625e-01,5.202129364013671875e+00,-4.908480644226074219e+00,-2.658071976399363767e-01,-3.152132634560075308e-01,9.998220106233619495e-03,0.000000000000000000e+00,0.000000000000000000e+00,0.000000000000000000e+00,0.000000000000000000e+00,0.000000000000000000e+00,0.000000000000000000e+00,0.000000000000000000e+00,8.276620483398437500e+02,8.276473999023437500e+02,8.276674804687500000e+02,8.276928710937500000e+02,-2.083759301832287386e+07
2.875999999999999890e+00,2.656975216969723053e-01,3.153947400159641812e-01,-1.000443908493779677e-02,-1.096759429640714600e-04,1.814765599566503518e-04,-6.218978704177272054e-06,9.111782312393188477e-01,5.202152252197265625e+00,-4.908500671386718750e+00,-2.656975216969723053e-01,-3.153947400159641812e-01,1.000443908493779677e-02,0.000000000000000000e+00,0.000000000000000000e+00,0.000000000000000000e+00,0.000000000000000000e+00,0.000000000000000000e+00,0.000000000000000000e+00,0.000000000000000000e+00,8.276613769531250000e+02,8.276472167968750000e+02,8.276668701171875000e+02,8.276915283203125000e+02,-2.083759318849197775e+07
2.876999999999999780e+00,2.655879246546004602e-01,3.155762442445800842e-01,-1.001023527708128601e-02,-1.095970423718450881e-04,1.815042286159029850e-04,-5.796192143489239945e-06,9.111833572387695312e-01,5.202173709869384766e+00,-4.908518791198730469e+00,-2.655879246546004602e-01,-3.155762442445800842e-01,1.001023527708128601e-02,0.000000000000000000e+00,0.000000000000000000e+00,0.000000000000000000e+00,0.000000000000000000e+00,0.000000000000000000e+00,0.000000000000000000e+00,0.000000000000000000e+00,8.276607666015625000e+02,8.276470947265625000e+02,8.276662597656250000e+02,8.276901855468750000e+02,-2.083759335871749371e+07
2.878000000000000114e+00,2.654784331693287869e-01,3.157578028403755233e-01,-1.001559964682533291e-02,-1.094914852716732945e-04,1.815585957954390928e-04,-5.364369744046901256e-06,9.111883640289306641e-01,5.202194213867187500e+00,-4.908537864685058594e+00,-2.654784331693287869e-01,-3.157578028403755233e-01,1.001559964682533291e-02,0.000000000000000000e+00,0.000000000000000000e+00,0.000000000000000000e+00,0.000000000000000000e+00,0.000000000000000000e+00,0.000000000000000000e+00,0.000000000000000000e+00,8.276601562500000000e+02,8.276469116210937500e+02,8.276656494140625000e+02,8.276889038085937500e+02,-2.083759352899959311e+07
2.879000000000000004e+00,2.653690472265261002e-01,3.159393624465767214e-01,-1.002052956957813490e-02,-1.093859428026866532e-04,1.815596062011981537e-04,-4.929922752801990660e-06,9.111938476562500000e-01,5.202218055725097656e+00,-4.908559322357177734e+00,-2.653690472265261002e-01,-3.159393624465767214e-01,1.002052956957813490e-02,0.000000000000000000e+00,0.000000000000000000e+00,0.000000000000000000e+00,0.000000000000000000e+00,0.000000000000000000e+00,0.000000000000000000e+00,0.000000000000000000e+00,8.276595458984375000e+02,8.276467895507812500e+02,8.276650390625000000e+02,8.276876220703125000e+02,-2.083759369933841750e+07
2.879999999999999893e+00,2.652597134633264964e-01,3.161209764314333315e-01,-1.002502335462649233e-02,-1.093337631996038617e-04,1.816139848566100667e-04,-4.493785048357429313e-06,9.111989736557006836e-01,5.202238082885742188e+00,-4.908577919006347656e+00,-2.652597134633264964e-01,-3.161209764314333315e-01,1.002502335462649233e-02,0.000000000000000000e+00,0.000000000000000000e+00,0.000000000000000000e+00,0.000000000000000000e+00,0.000000000000000000e+00,0.000000000000000000e+00,0.000000000000000000e+00,8.276589965820312500e+02,8.276466674804687500e+02,8.276644897460937500e+02,8.276863403320312500e+02,-2.083759386973410472e+07
2.880999999999999783e+00,2.651504318794180026e-01,3.163026181091776468e-01,-1.002908260783485529e-02,-1.092815839084937402e-04,1.816416777443152775e-04,-4.059253208362964549e-06,9.112045764923095703e-01,5.202261447906494141e+00,-4.908598899841308594e+00,-2.651504318794180026e-01,-3.163026181091776468e-01,1.002908260783485529e-02,0.000000000000000000e+00,0.000000000000000000e+00,0.000000000000000000e+00,0.000000000000000000e+00,0.000000000000000000e+00,0.000000000000000000e+00,0.000000000000000000e+00,8.276583862304687500e+02,8.276465454101562500e+02,8.276639404296875000e+02,8.276851196289062500e+02,-2.083759404018678516e+07
2.882000000000000117e+00,2.650412024860085425e-01,3.164842607844065014e-01,-1.003271310402276302e-02,-1.092293934094601404e-04,1.816426752288546886e-04,-3.630496187907727990e-06,9.112093448638916016e-01,5.202282428741455078e+00,-4.908617496490478516e+00,-2.650412024860085425e-01,-3.164842607844065014e-01,1.003271310402276302e-02,0.000000000000000000e+00,0.000000000000000000e+00,0.000000000000000000e+00,0.000000000000000000e+00,0.000000000000000000e+00,0.000000000000000000e+00,0.000000000000000000e+00,8.276578369140625000e+02,8.276463623046875000e+02,8.276633911132812500e+02,8.276839599609375000e+02,-2.083759421069656685e+07
2.883000000000000007e+00,2.649319986236980951e-01,3.166659311213707584e-01,-1.003592233532598320e-02,-1.092038623104474304e-04,1.816703369642569399e-04,-3.209231303220178022e-06,9.112145900726318359e-01,5.202303886413574219e+00,-4.908638000488281250e+00,-2.649319986236980951e-01,-3.166659311213707584e-01,1.003592233532598320e-02,0.000000000000000000e+00,0.000000000000000000e+00,0.000000000000000000e+00,0.000000000000000000e+00,0.000000000000000000e+00,0.000000000000000000e+00,0.000000000000000000e+00,8.276572875976562500e+02,8.276462402343750000e+02,8.276628417968750000e+02,8.276828002929687500e+02,-2.083759438126356155e+07
2.883999999999999897e+00,2.648228203222178223e-01,3.168476024093065391e-01,-1.003872274665426265e-02,-1.091783014802727436e-04,1.816712879357806898e-04,-2.800411328279447942e-06,9.112200736999511719e-01,5.202327251434326172e+00,-4.908657550811767578e+00,-2.648228203222178223e-01,-3.168476024093065391e-01,1.003872274665426265e-02,0.000000000000000000e+00,0.000000000000000000e+00,0.000000000000000000e+00,0.000000000000000000e+00,0.000000000000000000e+00,0.000000000000000000e+00,0.000000000000000000e+00,8.276567993164062500e+02,8.276461181640625000e+02,8.276623535156250000e+02,8.276816406250000000e+02,-2.083759455188786611e+07
2.884999999999999787e+00,2.647136676188382443e-01,3.170292746143061335e-01,-1.004112851221469586e-02,-1.091527033795780532e-04,1.816722049995944666e-04,-2.405765560433217876e-06,9.112250804901123047e-01,5.202350139617919922e+00,-4.908678531646728516e+00,-2.647136676188382443e-01,-3.170292746143061335e-01,1.004112851221469586e-02,0.000000000000000000e+00,0.000000000000000000e+00,0.000000000000000000e+00,0.000000000000000000e+00,0.000000000000000000e+00,0.000000000000000000e+00,0.000000000000000000e+00,8.276562500000000000e+02,8.276459960937500000e+02,8.276618041992187500e+02,8.276805419921875000e+02,-2.083759472256957740e+07
2.886000000000000121e+00,2.646044871959512546e-01,3.172109477010768841e-01,-1.004315615980211525e-02,-1.091804228869897031e-04,1.816730867707505581e-04,-2.027647587419384445e-06,9.112304449081420898e-01,5.202369213104248047e+00,-4.908697128295898438e+00,-2.646044871959512546e-01,-3.172109477010768841e-01,1.004315615980211525e-02,0.000000000000000000e+00,0.000000000000000000e+00,0.000000000000000000e+00,0.000000000000000000e+00,0.000000000000000000e+00,0.000000000000000000e+00,0.000000000000000000e+00,8.276557617187500000e+02,8.276458740234375000e+02,8.276613159179687500e+02,8.276795043945312500e+02,-2.083759489330876246e+07
2.887000000000000011e+00,2.644952791100348977e-01,3.173926483030221068e-01,-1.004482576136958571e-02,-1.092080859163568896e-04,1.817006019452227505e-04,-1.669601567470466175e-06,9.112355709075927734e-01,5.202393531799316406e+00,-4.908717632293701172e+00,-2.644952791100348977e-01,-3.173926483030221068e-01,1.004482576136958571e-02,0.000000000000000000e+00,0.000000000000000000e+00,0.000000000000000000e+00,0.000000000000000000e+00,0.000000000000000000e+00,0.000000000000000000e+00,0.000000000000000000e+00,8.276552734375000000e+02,8.276457519531250000e+02,8.276608276367187500e+02,8.276784667968750000e+02,-2.083759506410550699e+07
2.887999999999999901e+00,2.643860434132241366e-01,3.175742963252005113e-01,-1.004615964377296097e-02,-1.092356968107610626e-04,1.816480221784044780e-04,-1.333882403375258319e-06,9.112412929534912109e-01,5.202414989471435547e+00,-4.908738136291503906e+00,-2.643860434132241366e-01,-3.175742963252005113e-01,1.004615964377296097e-02,0.000000000000000000e+00,0.000000000000000000e+00,0.000000000000000000e+00,0.000000000000000000e+00,0.000000000000000000e+00,0.000000000000000000e+00,0.000000000000000000e+00,8.276548461914062500e+02,8.276456298828125000e+02,8.276603393554687500e+02,8.276774291992187500e+02,-2.083759523495984450e+07
2.888999999999999790e+00,2.642767535032016224e-01,3.177559717512089543e-01,-1.004718376457922752e-02,-1.092899100225142028e-04,1.816754260084429973e-04,-1.024120806266543005e-06,9.112464189529418945e-01,5.202436923980712891e+00,-4.908757209777832031e+00,-2.642767535032016224e-01,-3.177559717512089543e-01,1.004718376457922752e-02,0.000000000000000000e+00,0.000000000000000000e+00,0.000000000000000000e+00,0.000000000000000000e+00,0.000000000000000000e+00,0.000000000000000000e+00,0.000000000000000000e+00,8.276543579101562500e+02,8.276454467773437500e+02,8.276598510742187500e+02,8.276764526367187500e+02,-2.083759540587184951e+07
2.890000000000000124e+00,2.641673827635590555e-01,3.179376211614292624e-01,-1.004792377325081087e-02,-1.093707396425669387e-04,1.816494102203081162e-04,-7.400086715833587014e-07,9.112514257431030273e-01,5.202458381652832031e+00,-4.908776283264160156e+00,-2.641673827635590555e-01,-3.179376211614292624e-01,1.004792377325081087e-02,0.000000000000000000e+00,0.000000000000000000e+00,0.000000000000000000e+00,0.000000000000000000e+00,0.000000000000000000e+00,0.000000000000000000e+00,0.000000000000000000e+00,8.276539306640625000e+02,8.276453247070312500e+02,8.276593627929687500e+02,8.276754760742187500e+02,-2.083759557684154809e+07
2.891000000000000014e+00,2.640579579543704258e-01,3.181192178030589068e-01,-1.004840969778947844e-02,-1.094248091886296237e-04,1.815966416296443953e-04,-4.859245386675675737e-07,9.112572669982910156e-01,5.202481746673583984e+00,-4.908796787261962891e+00,-2.640579579543704258e-01,-3.181192178030589068e-01,1.004840969778947844e-02,0.000000000000000000e+00,0.000000000000000000e+00,0.000000000000000000e+00,0.000000000000000000e+00,0.000000000000000000e+00,0.000000000000000000e+00,0.000000000000000000e+00,8.276535034179687500e+02,8.276452026367187500e+02,8.276589355468750000e+02,8.276745605468750000e+02,-2.083759574786895886e+07
2.891999999999999904e+00,2.639484258062444466e-01,3.183008149680673915e-01,-1.004867319608889094e-02,-1.095321481259792229e-04,1.815971650084846623e-04,-2.634982994124956956e-07,9.112623929977416992e-01,5.202504158020019531e+00,-4.908817768096923828e+00,-2.639484258062444466e-01,-3.183008149680673915e-01,1.004867319608889094e-02,0.000000000000000000e+00,0.000000000000000000e+00,0.000000000000000000e+00,0.000000000000000000e+00,0.000000000000000000e+00,0.000000000000000000e+00,0.000000000000000000e+00,8.276530761718750000e+02,8.276450805664062500e+02,8.276584472656250000e+02,8.276736450195312500e+02,-2.083759591895411536e+07
2.892999999999999794e+00,2.638388130819616650e-01,3.184823859019653147e-01,-1.004874512985838055e-02,-1.096127242827815707e-04,1.815709338979232257e-04,-7.193376948960716888e-08,9.112676382064819336e-01,5.202525138854980469e+00,-4.908837795257568359e+00,-2.638388130819616650e-01,-3.184823859019653147e-01,1.004874512985838055e-02,0.000000000000000000e+00,0.000000000000000000e+00,0.000000000000000000e+00,0.000000000000000000e+00,0.000000000000000000e+00,0.000000000000000000e+00,0.000000000000000000e+00,8.276527099609375000e+02,8.276449584960937500e+02,8.276580200195312500e+02,8.276727905273437500e+02,-2.083759609009704366e+07
2.894000000000000128e+00,2.637290931941957406e-01,3.186639038451228312e-01,-1.004866038153280627e-02,-1.097198877659244509e-04,1.815179431575164593e-04,8.474832557427147695e-08,9.112727642059326172e-01,5.202547073364257812e+00,-4.908856868743896484e+00,-2.637290931941957406e-01,-3.186639038451228312e-01,1.004866038153280627e-02,0.000000000000000000e+00,0.000000000000000000e+00,0.000000000000000000e+00,0.000000000000000000e+00,0.000000000000000000e+00,0.000000000000000000e+00,0.000000000000000000e+00,8.276523437500000000e+02,8.276447753906250000e+02,8.276575317382812500e+02,8.276719360351562500e+02,-2.083759626129773632e+07
2.895000000000000018e+00,2.636192395643975339e-01,3.188454220800399641e-01,-1.004845401767930080e-02,-1.098536297982066756e-04,1.815182349171329257e-04,2.063638535054757028e-07,9.112784862518310547e-01,5.202571392059326172e+00,-4.908878326416015625e+00,-2.636192395643975339e-01,-3.188454220800399641e-01,1.004845401767930080e-02,0.000000000000000000e+00,0.000000000000000000e+00,0.000000000000000000e+00,0.000000000000000000e+00,0.000000000000000000e+00,0.000000000000000000e+00,0.000000000000000000e+00,8.276519775390625000e+02,8.276446533203125000e+02,8.276571044921875000e+02,8.276711425781250000e+02,-2.083759643255621567e+07
2.895999999999999908e+00,2.635092522809278637e-01,3.190268604838514266e-01,-1.004816087191333362e-02,-1.099872834696702384e-04,1.814384038114624786e-04,2.931457659671732330e-07,9.112838506698608398e-01,5.202593326568603516e+00,-4.908897399902343750e+00,-2.635092522809278637e-01,-3.190268604838514266e-01,1.004816087191333362e-02,0.000000000000000000e+00,0.000000000000000000e+00,0.000000000000000000e+00,0.000000000000000000e+00,0.000000000000000000e+00,0.000000000000000000e+00,0.000000000000000000e+00,8.276516113281250000e+02,8.276445312500000000e+02,8.276566772460937500e+02,8.276703491210937500e+02,-2.083759660387244448e+07
2.896999999999999797e+00,2.633991314535977790e-01,3.192082723314069725e-01,-1.004781858621095134e-02,-1.101208273300846585e-04,1.814118475555459575e-04,3.422857023822889477e-07,9.112888574600219727e-01,5.202615737915039062e+00,-4.908916950225830078e+00,-2.633991314535977790e-01,-3.192082723314069725e-01,1.004781858621095134e-02,0.000000000000000000e+00,0.000000000000000000e+00,0.000000000000000000e+00,0.000000000000000000e+00,0.000000000000000000e+00,0.000000000000000000e+00,0.000000000000000000e+00,8.276513061523437500e+02,8.276443481445312500e+02,8.276562500000000000e+02,8.276695556640625000e+02,-2.083759677524642646e+07
2.898000000000000131e+00,2.632888348090546837e-01,3.193896118210834412e-01,-1.004746315509941895e-02,-1.102966445430952902e-04,1.813394896764686237e-04,3.554311115323838255e-07,9.112944602966308594e-01,5.202638626098632812e+00,-4.908937931060791016e+00,-2.632888348090546837e-01,-3.193896118210834412e-01,1.004746315509941895e-02,0.000000000000000000e+00,0.000000000000000000e+00,0.000000000000000000e+00,0.000000000000000000e+00,0.000000000000000000e+00,0.000000000000000000e+00,0.000000000000000000e+00,8.276510009765625000e+02,8.276442260742187500e+02,8.276558227539062500e+02,8.276688232421875000e+02,-2.083759694667811319e+07
2.899000000000000021e+00,2.631784205207527427e-01,3.195709436156075056e-01,-1.004713167613507756e-02,-1.104142883019409993e-04,1.813317945240644491e-04,3.314789643413945663e-07,9.112994670867919922e-01,5.202659606933593750e+00,-4.908957481384277344e+00,-2.631784205207527427e-01,-3.195709436156075056e-01,1.004713167613507756e-02,0.000000000000000000e+00,0.000000000000000000e+00,0.000000000000000000e+00,0.000000000000000000e+00,0.000000000000000000e+00,0.000000000000000000e+00,0.000000000000000000e+00,8.276506958007812500e+02,8.276440429687500000e+02,8.276553955078125000e+02,8.276680908203125000e+02,-2.083759711816752702e+07
2.899999999999999911e+00,2.630678463063752526e-01,3.197521952437790693e-01,-1.004686008251745068e-02,-1.105742143774901542e-04,1.812516281715637056e-04,2.715936176268807234e-07,9.113048315048217773e-01,5.202681541442871094e+00,-4.908977985382080078e+00,-2.630678463063752526e-01,-3.197521952437790693e-01,1.004686008251745068e-02,0.000000000000000000e+00,0.000000000000000000e+00,0.000000000000000000e+00,0.000000000000000000e+00,0.000000000000000000e+00,0.000000000000000000e+00,0.000000000000000000e+00,8.276503906250000000e+02,8.276438598632812500e+02,8.276549682617187500e+02,8.276673583984375000e+02,-2.083759728971462324e+07
2.900999999999999801e+00,2.629571122743386002e-01,3.199334199829297343e-01,-1.004668518212944311e-02,-1.107340320366523301e-04,1.812247391506649485e-04,1.749003880075622464e-07,9.113101959228515625e-01,5.202703475952148438e+00,-4.908997058868408203e+00,-2.629571122743386002e-01,-3.199334199829297343e-01,1.004668518212944311e-02,0.000000000000000000e+00,0.000000000000000000e+00,0.000000000000000000e+00,0.000000000000000000e+00,0.000000000000000000e+00,0.000000000000000000e+00,0.000000000000000000e+00,8.276500854492187500e+02,8.276437377929687500e+02,8.276545410156250000e+02,8.276666870117187500e+02,-2.083759746131939441e+07
2.902000000000000135e+00,2.628462185148952024e-01,3.201145643936024188e-01,-1.004664103646241320e-02,-1.108937594433978546e-04,1.811444106726844971e-04,4.414566702991284952e-08,9.113157987594604492e-01,5.202726364135742188e+00,-4.909017562866210938e+00,-2.628462185148952024e-01,-3.201145643936024188e-01,1.004664103646241320e-02,0.000000000000000000e+00,0.000000000000000000e+00,0.000000000000000000e+00,0.000000000000000000e+00,0.000000000000000000e+00,0.000000000000000000e+00,0.000000000000000000e+00,8.276498413085937500e+02,8.276435546875000000e+02,8.276541137695312500e+02,8.276660156250000000e+02,-2.083759763298179954e+07
2.903000000000000025e+00,2.627351651299212887e-01,3.202956817591433025e-01,-1.004676195198943300e-02,-1.110533849739137047e-04,1.811173655408837568e-04,-1.209155270198020160e-07,9.113208055496215820e-01,5.202748298645019531e+00,-4.909036159515380859e+00,-2.627351651299212887e-01,-3.202956817591433025e-01,1.004676195198943300e-02,0.000000000000000000e+00,0.000000000000000000e+00,0.000000000000000000e+00,0.000000000000000000e+00,0.000000000000000000e+00,0.000000000000000000e+00,0.000000000000000000e+00,8.276495971679687500e+02,8.276434326171875000e+02,8.276536865234375000e+02,8.276654052734375000e+02,-2.083759780470182747e+07
2.903999999999999915e+00,2.626239255273397633e-01,3.204767453270189193e-01,-1.004708030931315658e-02,-1.112396025815254319e-04,1.810635678756167266e-04,-3.183573237235809428e-07,9.113260507583618164e-01,5.202769279479980469e+00,-4.909056663513183594e+00,-2.626239255273397633e-01,-3.204767453270189193e-01,1.004708030931315658e-02,0.000000000000000000e+00,0.000000000000000000e+00,0.000000000000000000e+00,0.000000000000000000e+00,0.000000000000000000e+00,0.000000000000000000e+00,0.000000000000000000e+00,8.276493530273437500e+02,8.276432495117187500e+02,8.276533203125000000e+02,8.276647949218750000e+02,-2.083759797647944093e+07
2.904999999999999805e+00,2.625125264748425780e-01,3.206577283423955871e-01,-1.004762780453331665e-02,-1.113990524971852913e-04,1.809830153766678329e-04,-5.474952201600657986e-07,9.113310575485229492e-01,5.202792167663574219e+00,-4.909077167510986328e+00,-2.625125264748425780e-01,-3.206577283423955871e-01,1.004762780453331665e-02,0.000000000000000000e+00,0.000000000000000000e+00,0.000000000000000000e+00,0.000000000000000000e+00,0.000000000000000000e+00,0.000000000000000000e+00,0.000000000000000000e+00,8.276491088867187500e+02,8.276430664062500000e+02,8.276528930664062500e+02,8.276641845703125000e+02,-2.083759814831460267e+07
2.906000000000000139e+00,2.624009947442101920e-01,3.208386840963896591e-01,-1.004843464982881074e-02,-1.115317306323859725e-04,1.809557539940720439e-04,-8.068452954940880106e-07,9.113366603851318359e-01,5.202815055847167969e+00,-4.909097194671630859e+00,-2.624009947442101920e-01,-3.208386840963896591e-01,1.004843464982881074e-02,0.000000000000000000e+00,0.000000000000000000e+00,0.000000000000000000e+00,0.000000000000000000e+00,0.000000000000000000e+00,0.000000000000000000e+00,0.000000000000000000e+00,8.276488647460937500e+02,8.276428833007812500e+02,8.276525268554687500e+02,8.276635742187500000e+02,-2.083759832020731643e+07
2.907000000000000028e+00,2.622892770443269739e-01,3.210195858542760905e-01,-1.004952648097082527e-02,-1.117176998832181134e-04,1.809017578864313691e-04,-1.091831142014526579e-06,9.113417863845825195e-01,5.202836036682128906e+00,-4.909115791320800781e+00,-2.622892770443269739e-01,-3.210195858542760905e-01,1.004952648097082527e-02,0.000000000000000000e+00,0.000000000000000000e+00,0.000000000000000000e+00,0.000000000000000000e+00,0.000000000000000000e+00,0.000000000000000000e+00,0.000000000000000000e+00,8.276486816406250000e+02,8.276427612304687500e+02,8.276520996093750000e+02,8.276630249023437500e+02,-2.083759849215754867e+07
2.907999999999999918e+00,2.621774001299402856e-01,3.212004335555965762e-01,-1.005092921893770835e-02,-1.118769143866882310e-04,1.808477013204856654e-04,-1.402737966883088605e-06,9.113470315933227539e-01,5.202857017517089844e+00,-4.909135341644287109e+00,-2.621774001299402856e-01,-3.212004335555965762e-01,1.005092921893770835e-02,0.000000000000000000e+00,0.000000000000000000e+00,0.000000000000000000e+00,0.000000000000000000e+00,0.000000000000000000e+00,0.000000000000000000e+00,0.000000000000000000e+00,8.276484375000000000e+02,8.276425781250000000e+02,8.276517333984375000e+02,8.276624755859375000e+02,-2.083759866416527703e+07
2.908999999999999808e+00,2.620653907489453038e-01,3.213812271457149317e-01,-1.005266628356558771e-02,-1.120093809949818109e-04,1.807935901183554961e-04,-1.737064627879356116e-06,9.113521575927734375e-01,5.202878952026367188e+00,-4.909155845642089844e+00,-2.620653907489453038e-01,-3.213812271457149317e-01,1.005266628356558771e-02,0.000000000000000000e+00,0.000000000000000000e+00,0.000000000000000000e+00,0.000000000000000000e+00,0.000000000000000000e+00,0.000000000000000000e+00,0.000000000000000000e+00,8.276482543945312500e+02,8.276423950195312500e+02,8.276513671875000000e+02,8.276619873046875000e+02,-2.083759883623049408e+07
2.910000000000000142e+00,2.619532489567346079e-01,3.215619665817860406e-01,-1.005475685113029795e-02,-1.121417922106959786e-04,1.807394360711089831e-04,-2.090567564710238413e-06,9.113577604293823242e-01,5.202901840209960938e+00,-4.909173965454101562e+00,-2.619532489567346079e-01,-3.215619665817860406e-01,1.005475685113029795e-02,0.000000000000000000e+00,0.000000000000000000e+00,0.000000000000000000e+00,0.000000000000000000e+00,0.000000000000000000e+00,0.000000000000000000e+00,0.000000000000000000e+00,8.276480712890625000e+02,8.276422119140625000e+02,8.276509399414062500e+02,8.276614379882812500e+02,-2.083759900835319608e+07
2.911000000000000032e+00,2.618409748041384821e-01,3.217426518248521217e-01,-1.005721843036739074e-02,-1.122741525961257203e-04,1.806852430660810249e-04,-2.461579237092795247e-06,9.113626480102539062e-01,5.202923297882080078e+00,-4.909193515777587891e+00,-2.618409748041384821e-01,-3.217426518248521217e-01,1.005721843036739074e-02,0.000000000000000000e+00,0.000000000000000000e+00,0.000000000000000000e+00,0.000000000000000000e+00,0.000000000000000000e+00,0.000000000000000000e+00,0.000000000000000000e+00,8.276478881835937500e+02,8.276420898437500000e+02,8.276505737304687500e+02,8.276609497070312500e+02,-2.083759918053337559e+07
2.911999999999999922e+00,2.617285416569745116e-01,3.219233095245829235e-01,-1.006006601469993170e-02,-1.124331471639705704e-04,1.806576997308018129e-04,-2.847584332540953334e-06,9.113677740097045898e-01,5.202945709228515625e+00,-4.909213542938232422e+00,-2.617285416569745116e-01,-3.219233095245829235e-01,1.006006601469993170e-02,0.000000000000000000e+00,0.000000000000000000e+00,0.000000000000000000e+00,0.000000000000000000e+00,0.000000000000000000e+00,0.000000000000000000e+00,0.000000000000000000e+00,8.276477050781250000e+02,8.276419067382812500e+02,8.276502075195312500e+02,8.276604614257812500e+02,-2.083759935277102888e+07
2.912999999999999812e+00,2.616160295950725745e-01,3.221039396470638527e-01,-1.006331233504130333e-02,-1.125120619019370771e-04,1.806301224809292449e-04,-3.246320341371636276e-06,9.113729000091552734e-01,5.202965736389160156e+00,-4.909233570098876953e+00,-2.616160295950725745e-01,-3.221039396470638527e-01,1.006331233504130333e-02,0.000000000000000000e+00,0.000000000000000000e+00,0.000000000000000000e+00,0.000000000000000000e+00,0.000000000000000000e+00,0.000000000000000000e+00,0.000000000000000000e+00,8.276475830078125000e+02,8.276417236328125000e+02,8.276498413085937500e+02,8.276600341796875000e+02,-2.083759952506619319e+07
2.914000000000000146e+00,2.615034119552645531e-01,3.222845154997576733e-01,-1.006696392533091601e-02,-1.126176398080214192e-04,1.805758526938205932e-04,-3.651590289612677287e-06,9.113782644271850586e-01,5.202988147735595703e+00,-4.909252643585205078e+00,-2.615034119552645531e-01,-3.222845154997576733e-01,1.006696392533091601e-02,0.000000000000000000e+00,0.000000000000000000e+00,0.000000000000000000e+00,0.000000000000000000e+00,0.000000000000000000e+00,0.000000000000000000e+00,0.000000000000000000e+00,8.276473999023437500e+02,8.276416015625000000e+02,8.276495361328125000e+02,8.276595458984375000e+02,-2.083759969741887972e+07
2.915000000000000036e+00,2.613906887610880636e-01,3.224650637493312599e-01,-1.007102751629197247e-02,-1.127231941764894607e-04,1.805482495735866166e-04,-4.063590961056462447e-06,9.113832712173461914e-01,5.203009605407714844e+00,-4.909271240234375000e+00,-2.613906887610880636e-01,-3.224650637493312599e-01,1.007102751629197247e-02,0.000000000000000000e+00,0.000000000000000000e+00,0.000000000000000000e+00,0.000000000000000000e+00,0.000000000000000000e+00,0.000000000000000000e+00,0.000000000000000000e+00,8.276472167968750000e+02,8.276414184570312500e+02,8.276491699218750000e+02,8.276591186523437500e+02,-2.083759986982911453e+07
2.915999999999999925e+00,2.612778867001317451e-01,3.226455843910379095e-01,-1.007550485019095485e-02,-1.128020609563185062e-04,1.805206417066496094e-04,-4.477333898982374660e-06,9.113882780075073242e-01,5.203030109405517578e+00,-4.909290790557861328e+00,-2.612778867001317451e-01,-3.226455843910379095e-01,1.007550485019095485e-02,0.000000000000000000e+00,0.000000000000000000e+00,0.000000000000000000e+00,0.000000000000000000e+00,0.000000000000000000e+00,0.000000000000000000e+00,0.000000000000000000e+00,8.276470947265625000e+02,8.276412963867187500e+02,8.276488037109375000e+02,8.276586914062500000e+02,-2.083760004229693860e+07
2.916999999999999815e+00,2.611650324581577531e-01,3.228261041046104896e-01,-1.008039606274825986e-02,-1.128542419739919644e-04,1.805197135725800095e-04,-4.891212557305013586e-06,9.113936424255371094e-01,5.203052520751953125e+00,-4.909309864044189453e+00,-2.611650324581577531e-01,-3.228261041046104896e-01,1.008039606274825986e-02,0.000000000000000000e+00,0.000000000000000000e+00,0.000000000000000000e+00,0.000000000000000000e+00,0.000000000000000000e+00,0.000000000000000000e+00,0.000000000000000000e+00,8.276469116210937500e+02,8.276411132812500000e+02,8.276484985351562500e+02,8.276582641601562500e+02,-2.083760021482241899e+07
2.918000000000000149e+00,2.610520993363405484e-01,3.230065695435033191e-01,-1.008569595429217348e-02,-1.129331218172047180e-04,1.804654388928295106e-04,-5.299891543913623493e-06,9.113980531692504883e-01,5.203073501586914062e+00,-4.909329414367675781e+00,-2.610520993363405484e-01,-3.230065695435033191e-01,1.008569595429217348e-02,0.000000000000000000e+00,0.000000000000000000e+00,0.000000000000000000e+00,0.000000000000000000e+00,0.000000000000000000e+00,0.000000000000000000e+00,0.000000000000000000e+00,8.276467895507812500e+02,8.276409912109375000e+02,8.276481933593750000e+02,8.276578369140625000e+02,-2.083760038740558177e+07
2.919000000000000039e+00,2.609391406854197348e-01,3.231870340811195952e-01,-1.009139812651355453e-02,-1.129586509208135858e-04,1.804645376162761217e-04,-5.702172221381043848e-06,9.114032983779907227e-01,5.203094959259033203e+00,-4.909348487854003906e+00,-2.609391406854197348e-01,-3.231870340811195952e-01,1.009139812651355453e-02,0.000000000000000000e+00,0.000000000000000000e+00,0.000000000000000000e+00,0.000000000000000000e+00,0.000000000000000000e+00,0.000000000000000000e+00,0.000000000000000000e+00,8.276466674804687500e+02,8.276408081054687500e+02,8.276478881835937500e+02,8.276574707031250000e+02,-2.083760056004651263e+07
2.919999999999999929e+00,2.608261564790578801e-01,3.233674977414272012e-01,-1.009749257405417530e-02,-1.129842063618546888e-04,1.804636603076059664e-04,-6.094447540620773207e-06,9.114090204238891602e-01,5.203115940093994141e+00,-4.909368515014648438e+00,-2.608261564790578801e-01,-3.233674977414272012e-01,1.009749257405417530e-02,0.000000000000000000e+00,0.000000000000000000e+00,0.000000000000000000e+00,0.000000000000000000e+00,0.000000000000000000e+00,0.000000000000000000e+00,0.000000000000000000e+00,8.276464843750000000e+02,8.276406860351562500e+02,8.276475830078125000e+02,8.276570434570312500e+02,-2.083760073274529353e+07
2.920999999999999819e+00,2.607131466809247677e-01,3.235479338733682209e-01,-1.010396672951901359e-02,-1.130097981331124046e-04,1.804361319410197062e-04,-6.474155464838288188e-06,9.114136695861816406e-01,5.203136920928955078e+00,-4.909387588500976562e+00,-2.607131466809247677e-01,-3.235479338733682209e-01,1.010396672951901359e-02,0.000000000000000000e+00,0.000000000000000000e+00,0.000000000000000000e+00,0.000000000000000000e+00,0.000000000000000000e+00,0.000000000000000000e+00,0.000000000000000000e+00,8.276463623046875000e+02,8.276405639648437500e+02,8.276472778320312500e+02,8.276566772460937500e+02,-2.083760090550199524e+07
2.922000000000000153e+00,2.606001646057590770e-01,3.237283691960951004e-01,-1.011080246137201558e-02,-1.129820751656906985e-04,1.804353227268795656e-04,-6.835731853001986158e-06,9.114186763763427734e-01,5.203158378601074219e+00,-4.909406185150146484e+00,-2.606001646057590770e-01,-3.237283691960951004e-01,1.011080246137201558e-02,0.000000000000000000e+00,0.000000000000000000e+00,0.000000000000000000e+00,0.000000000000000000e+00,0.000000000000000000e+00,0.000000000000000000e+00,0.000000000000000000e+00,8.276462402343750000e+02,8.276404418945312500e+02,8.276469726562500000e+02,8.276562500000000000e+02,-2.083760107831672579e+07
2.923000000000000043e+00,2.604871835300451854e-01,3.239088304314399203e-01,-1.011798307958274544e-02,-1.129810757138915989e-04,1.804612353448198370e-04,-7.180618210729863837e-06,9.114235639572143555e-01,5.203180313110351562e+00,-4.909424781799316406e+00,-2.604871835300451854e-01,-3.239088304314399203e-01,1.011798307958274544e-02,0.000000000000000000e+00,0.000000000000000000e+00,0.000000000000000000e+00,0.000000000000000000e+00,0.000000000000000000e+00,0.000000000000000000e+00,0.000000000000000000e+00,8.276460571289062500e+02,8.276403198242187500e+02,8.276467285156250000e+02,8.276558837890625000e+02,-2.083760125118960440e+07
2.923999999999999932e+00,2.603742300669532606e-01,3.240892642680301416e-01,-1.012548602644500022e-02,-1.129534630919248883e-04,1.804338365902213859e-04,-7.502946862254777916e-06,9.114289283752441406e-01,5.203200817108154297e+00,-4.909444808959960938e+00,-2.603742300669532606e-01,-3.240892642680301416e-01,1.012548602644500022e-02,0.000000000000000000e+00,0.000000000000000000e+00,0.000000000000000000e+00,0.000000000000000000e+00,0.000000000000000000e+00,0.000000000000000000e+00,0.000000000000000000e+00,8.276459350585937500e+02,8.276401977539062500e+02,8.276464843750000000e+02,8.276555175781250000e+02,-2.083760142412072048e+07
2.924999999999999822e+00,2.602612886494674038e-01,3.242697314722803870e-01,-1.013328757834113143e-02,-1.129414174858567321e-04,1.804672042502453166e-04,-7.801551896131214692e-06,9.114336967468261719e-01,5.203220844268798828e+00,-4.909463405609130859e+00,-2.602612886494674038e-01,-3.242697314722803870e-01,1.013328757834113143e-02,0.000000000000000000e+00,0.000000000000000000e+00,0.000000000000000000e+00,0.000000000000000000e+00,0.000000000000000000e+00,0.000000000000000000e+00,0.000000000000000000e+00,8.276458129882812500e+02,8.276401367187500000e+02,8.276461791992187500e+02,8.276551513671875000e+02,-2.083760159711020067e+07
2.926000000000000156e+00,2.601484435861586841e-01,3.244502173902121811e-01,-1.014136137043952779e-02,-1.128450633087196842e-04,1.804859179317941376e-04,-8.073792098396356809e-06,9.114387035369873047e-01,5.203242778778076172e+00,-4.909482002258300781e+00,-2.601484435861586841e-01,-3.244502173902121811e-01,1.014136137043952779e-02,0.000000000000000000e+00,0.000000000000000000e+00,0.000000000000000000e+00,0.000000000000000000e+00,0.000000000000000000e+00,0.000000000000000000e+00,0.000000000000000000e+00,8.276456298828125000e+02,8.276400146484375000e+02,8.276459350585937500e+02,8.276547851562500000e+02,-2.083760177015820518e+07
2.927000000000000046e+00,2.600356526015866199e-01,3.246307027684059432e-01,-1.014967925345464615e-02,-1.127909845720642679e-04,1.804853781937620916e-04,-8.317883015118363033e-06,9.114438295364379883e-01,5.203265190124511719e+00,-4.909501075744628906e+00,-2.600356526015866199e-01,-3.246307027684059432e-01,1.014967925345464615e-02,0.000000000000000000e+00,0.000000000000000000e+00,0.000000000000000000e+00,0.000000000000000000e+00,0.000000000000000000e+00,0.000000000000000000e+00,0.000000000000000000e+00,8.276455078125000000e+02,8.276398925781250000e+02,8.276457519531250000e+02,8.276544189453125000e+02,-2.083760194326485321e+07
2.927999999999999936e+00,2.599229689794838039e-01,3.248112410326196575e-01,-1.015821148423028640e-02,-1.126836221028160168e-04,1.805382642137143279e-04,-8.532230775640248233e-06,9.114485979080200195e-01,5.203285217285156250e+00,-4.909519195556640625e+00,-2.599229689794838039e-01,-3.248112410326196575e-01,1.015821148423028640e-02,0.000000000000000000e+00,0.000000000000000000e+00,0.000000000000000000e+00,0.000000000000000000e+00,0.000000000000000000e+00,0.000000000000000000e+00,0.000000000000000000e+00,8.276453857421875000e+02,8.276398315429687500e+02,8.276455078125000000e+02,8.276540527343750000e+02,-2.083760211643033475e+07
2.928999999999999826e+00,2.598103659471767135e-01,3.249918055768100666e-01,-1.016692624363152615e-02,-1.126030323070903449e-04,1.805645441904091264e-04,-8.714759401239752235e-06,9.114536046981811523e-01,5.203305721282958984e+00,-4.909538745880126953e+00,-2.598103659471767135e-01,-3.249918055768100666e-01,1.016692624363152615e-02,0.000000000000000000e+00,0.000000000000000000e+00,0.000000000000000000e+00,0.000000000000000000e+00,0.000000000000000000e+00,0.000000000000000000e+00,0.000000000000000000e+00,8.276452026367187500e+02,8.276397705078125000e+02,8.276453247070312500e+02,8.276537475585937500e+02,-2.083760228965480253e+07
2.930000000000000160e+00,2.596978700894763126e-01,3.251723964767670449e-01,-1.017578942306343083e-02,-1.124958577004009364e-04,1.805908999569783013e-04,-8.863179431904677497e-06,9.114590883255004883e-01,5.203327178955078125e+00,-4.909558296203613281e+00,-2.596978700894763126e-01,-3.251723964767670449e-01,1.017578942306343083e-02,0.000000000000000000e+00,0.000000000000000000e+00,0.000000000000000000e+00,0.000000000000000000e+00,0.000000000000000000e+00,0.000000000000000000e+00,0.000000000000000000e+00,8.276450805664062500e+02,8.276397094726562500e+02,8.276450805664062500e+02,8.276533813476562500e+02,-2.083760246293842047e+07
2.931000000000000050e+00,2.595854813100251790e-01,3.253530138103367109e-01,-1.018476683833852668e-02,-1.123887794511335692e-04,1.806173335696659166e-04,-8.977415275095851355e-06,9.114640951156616211e-01,5.203348636627197266e+00,-4.909577369689941406e+00,-2.595854813100251790e-01,-3.253530138103367109e-01,1.018476683833852668e-02,0.000000000000000000e+00,0.000000000000000000e+00,0.000000000000000000e+00,0.000000000000000000e+00,0.000000000000000000e+00,0.000000000000000000e+00,0.000000000000000000e+00,8.276448974609375000e+02,8.276396484375000000e+02,8.276448974609375000e+02,8.276530151367187500e+02,-2.083760263628135622e+07
2.931999999999999940e+00,2.594732261937244822e-01,3.255336843355970400e-01,-1.019382360773050077e-02,-1.122551163006968444e-04,1.806705252603291179e-04,-9.056769391974084371e-06,9.114687442779541016e-01,5.203369617462158203e+00,-4.909595966339111328e+00,-2.594732261937244822e-01,-3.255336843355970400e-01,1.019382360773050077e-02,0.000000000000000000e+00,0.000000000000000000e+00,0.000000000000000000e+00,0.000000000000000000e+00,0.000000000000000000e+00,0.000000000000000000e+00,0.000000000000000000e+00,8.276447753906250000e+02,8.276395874023437500e+02,8.276447143554687500e+02,8.276527099609375000e+02,-2.083760280968380347e+07
2.932999999999999829e+00,2.593611046390491559e-01,3.257144081338912978e-01,-1.020292387955263995e-02,-1.121215546753262515e-04,1.807237982942577759e-04,-9.100271822139183175e-06,9.114738702774047852e-01,5.203390598297119141e+00,-4.909615039825439453e+00,-2.593611046390491559e-01,-3.257144081338912978e-01,1.020292387955263995e-02,0.000000000000000000e+00,0.000000000000000000e+00,0.000000000000000000e+00,0.000000000000000000e+00,0.000000000000000000e+00,0.000000000000000000e+00,0.000000000000000000e+00,8.276445922851562500e+02,8.276395263671875000e+02,8.276445312500000000e+02,8.276523437500000000e+02,-2.083760298314595968e+07
2.934000000000000163e+00,2.592491165366129779e-01,3.258951586095127917e-01,-1.021203007419130802e-02,-1.119881024361779609e-04,1.807504756214939334e-04,-9.106194638668074770e-06,9.114789962768554688e-01,5.203411579132080078e+00,-4.909633159637451172e+00,-2.592491165366129779e-01,-3.258951586095127917e-01,1.021203007419130802e-02,0.000000000000000000e+00,0.000000000000000000e+00,0.000000000000000000e+00,0.000000000000000000e+00,0.000000000000000000e+00,0.000000000000000000e+00,0.000000000000000000e+00,8.276444702148437500e+02,8.276394653320312500e+02,8.276444091796875000e+02,8.276519775390625000e+02,-2.083760315666800365e+07
2.935000000000000053e+00,2.591372617949594948e-01,3.260759892011109717e-01,-1.022110812828817827e-02,-1.118547416534831918e-04,1.808305915981800460e-04,-9.078054096870250000e-06,9.114840030670166016e-01,5.203432083129882812e+00,-4.909653186798095703e+00,-2.591372617949594948e-01,-3.260759892011109717e-01,1.022110812828817827e-02,0.000000000000000000e+00,0.000000000000000000e+00,0.000000000000000000e+00,0.000000000000000000e+00,0.000000000000000000e+00,0.000000000000000000e+00,0.000000000000000000e+00,8.276442871093750000e+02,8.276394653320312500e+02,8.276442260742187500e+02,8.276516723632812500e+02,-2.083760333025014773e+07
2.935999999999999943e+00,2.590255936608857890e-01,3.262568466294776814e-01,-1.023011972003547154e-02,-1.116681340737057937e-04,1.808574283667097049e-04,-9.011591747293268284e-06,9.114888906478881836e-01,5.203454971313476562e+00,-4.909672260284423828e+00,-2.590255936608857890e-01,-3.262568466294776814e-01,1.023011972003547154e-02,0.000000000000000000e+00,0.000000000000000000e+00,0.000000000000000000e+00,0.000000000000000000e+00,0.000000000000000000e+00,0.000000000000000000e+00,0.000000000000000000e+00,8.276441040039062500e+02,8.276394042968750000e+02,8.276441040039062500e+02,8.276513061523437500e+02,-2.083760350389259309e+07
2.936999999999999833e+00,2.589140586753090889e-01,3.264377576585985596e-01,-1.023902974012157185e-02,-1.115349855767000520e-04,1.809110291208781973e-04,-8.910020086100312042e-06,9.114937782287597656e-01,5.203474521636962891e+00,-4.909691333770751953e+00,-2.589140586753090889e-01,-3.264377576585985596e-01,1.023902974012157185e-02,0.000000000000000000e+00,0.000000000000000000e+00,0.000000000000000000e+00,0.000000000000000000e+00,0.000000000000000000e+00,0.000000000000000000e+00,0.000000000000000000e+00,8.276439819335937500e+02,8.276394042968750000e+02,8.276439819335937500e+02,8.276510009765625000e+02,-2.083760367759552971e+07
2.938000000000000167e+00,2.588026834212734939e-01,3.266187223631327186e-01,-1.024780408044453223e-02,-1.113752540355950060e-04,1.809647045341589155e-04,-8.774340322960372252e-06,9.114991426467895508e-01,5.203497409820556641e+00,-4.909711360931396484e+00,-2.588026834212734939e-01,-3.266187223631327186e-01,1.024780408044453223e-02,0.000000000000000000e+00,0.000000000000000000e+00,0.000000000000000000e+00,0.000000000000000000e+00,0.000000000000000000e+00,0.000000000000000000e+00,0.000000000000000000e+00,8.276437988281250000e+02,8.276394042968750000e+02,8.276438598632812500e+02,8.276506347656250000e+02,-2.083760385135916620e+07
2.939000000000000057e+00,2.586914944768523572e-01,3.267997408213633714e-01,-1.025640696552613564e-02,-1.111889444211366929e-04,1.810184582306528789e-04,-8.602885081603409145e-06,9.115042686462402344e-01,5.203517436981201172e+00,-4.909729003906250000e+00,-2.586914944768523572e-01,-3.267997408213633714e-01,1.025640696552613564e-02,0.000000000000000000e+00,0.000000000000000000e+00,0.000000000000000000e+00,0.000000000000000000e+00,0.000000000000000000e+00,0.000000000000000000e+00,0.000000000000000000e+00,8.276436157226562500e+02,8.276393432617187500e+02,8.276437377929687500e+02,8.276503295898437500e+02,-2.083760402518371865e+07
2.939999999999999947e+00,2.585804383889209745e-01,3.269808131086766045e-01,-1.026480656049919699e-02,-1.110560879313826632e-04,1.810722873132331046e-04,-8.399594973061350056e-06,9.115093946456909180e-01,5.203537940979003906e+00,-4.909749031066894531e+00,-2.585804383889209745e-01,-3.269808131086766045e-01,1.026480656049919699e-02,0.000000000000000000e+00,0.000000000000000000e+00,0.000000000000000000e+00,0.000000000000000000e+00,0.000000000000000000e+00,0.000000000000000000e+00,0.000000000000000000e+00,8.276434326171875000e+02,8.276393432617187500e+02,8.276436157226562500e+02,8.276500244140625000e+02,-2.083760419906938076e+07
2.940999999999999837e+00,2.584695684303576213e-01,3.271619392895918632e-01,-1.027297216864741375e-02,-1.108699585633532436e-04,1.811261809152586721e-04,-8.165608148216763063e-06,9.115142822265625000e-01,5.203560352325439453e+00,-4.909768581390380859e+00,-2.584695684303576213e-01,-3.271619392895918632e-01,1.027297216864741375e-02,0.000000000000000000e+00,0.000000000000000000e+00,0.000000000000000000e+00,0.000000000000000000e+00,0.000000000000000000e+00,0.000000000000000000e+00,0.000000000000000000e+00,8.276433105468750000e+02,8.276393432617187500e+02,8.276435546875000000e+02,8.276496582031250000e+02,-2.083760437301636860e+07
2.942000000000000171e+00,2.583588311524028791e-01,3.273431194355039819e-01,-1.028087362247412893e-02,-1.107372779547421970e-04,1.811801459121187285e-04,-7.901453826715185147e-06,9.115194082260131836e-01,5.203581333160400391e+00,-4.909787178039550781e+00,-2.583588311524028791e-01,-3.273431194355039819e-01,1.028087362247412893e-02,0.000000000000000000e+00,0.000000000000000000e+00,0.000000000000000000e+00,0.000000000000000000e+00,0.000000000000000000e+00,0.000000000000000000e+00,0.000000000000000000e+00,8.276431274414062500e+02,8.276394042968750000e+02,8.276434326171875000e+02,8.276493530273437500e+02,-2.083760454702486843e+07
2.943000000000000060e+00,2.582482798346980579e-01,3.275243536050561621e-01,-1.028848272674250629e-02,-1.105513177048211837e-04,1.812341695521801910e-04,-7.609104268377353542e-06,9.115246534347534180e-01,5.203603744506835938e+00,-4.909807682037353516e+00,-2.582482798346980579e-01,-3.275243536050561621e-01,1.028848272674250629e-02,0.000000000000000000e+00,0.000000000000000000e+00,0.000000000000000000e+00,0.000000000000000000e+00,0.000000000000000000e+00,0.000000000000000000e+00,0.000000000000000000e+00,8.276429443359375000e+02,8.276394042968750000e+02,8.276433715820312500e+02,8.276490478515625000e+02,-2.083760472109509632e+07
2.943999999999999950e+00,2.581378610424167053e-01,3.277056418581600905e-01,-1.029577431641249229e-02,-1.104187922813526512e-04,1.812882531039283762e-04,-7.291589669985998334e-06,9.115298986434936523e-01,5.203624248504638672e+00,-4.909826278686523438e+00,-2.581378610424167053e-01,-3.277056418581600905e-01,1.029577431641249229e-02,0.000000000000000000e+00,0.000000000000000000e+00,0.000000000000000000e+00,0.000000000000000000e+00,0.000000000000000000e+00,0.000000000000000000e+00,0.000000000000000000e+00,8.276427612304687500e+02,8.276394042968750000e+02,8.276433105468750000e+02,8.276487426757812500e+02,-2.083760489522724226e+07
2.944999999999999840e+00,2.580276013906005472e-01,3.278869842423342562e-01,-1.030272595646480188e-02,-1.102596518161580441e-04,1.813423841741657050e-04,-6.951640052309596141e-06,9.115345478057861328e-01,5.203646659851074219e+00,-4.909844875335693359e+00,-2.580276013906005472e-01,-3.278869842423342562e-01,1.030272595646480188e-02,0.000000000000000000e+00,0.000000000000000000e+00,0.000000000000000000e+00,0.000000000000000000e+00,0.000000000000000000e+00,0.000000000000000000e+00,0.000000000000000000e+00,8.276425781250000000e+02,8.276394042968750000e+02,8.276431884765625000e+02,8.276483764648437500e+02,-2.083760506942150742e+07
2.946000000000000174e+00,2.579174741317046826e-01,3.280683541268999415e-01,-1.030931583296544954e-02,-1.101272588958646104e-04,1.813698845656852576e-04,-6.589876500647656732e-06,9.115399122238159180e-01,5.203668594360351562e+00,-4.909865379333496094e+00,-2.579174741317046826e-01,-3.280683541268999415e-01,1.030931583296544954e-02,0.000000000000000000e+00,0.000000000000000000e+00,0.000000000000000000e+00,0.000000000000000000e+00,0.000000000000000000e+00,0.000000000000000000e+00,0.000000000000000000e+00,8.276423950195312500e+02,8.276394653320312500e+02,8.276431274414062500e+02,8.276480712890625000e+02,-2.083760524367805943e+07
2.947000000000000064e+00,2.578074792191633602e-01,3.282497782289941490e-01,-1.031552733106826276e-02,-1.099949125413224316e-04,1.814241020942075622e-04,-6.211498102813226008e-06,9.115450382232666016e-01,5.203689575195312500e+00,-4.909883975982666016e+00,-2.578074792191633602e-01,-3.282497782289941490e-01,1.031552733106826276e-02,0.000000000000000000e+00,0.000000000000000000e+00,0.000000000000000000e+00,0.000000000000000000e+00,0.000000000000000000e+00,0.000000000000000000e+00,0.000000000000000000e+00,8.276422729492187500e+02,8.276394653320312500e+02,8.276430664062500000e+02,8.276477661132812500e+02,-2.083760541799708456e+07
2.947999999999999954e+00,2.576975899248229451e-01,3.284312565853620969e-01,-1.032134453309884077e-02,-1.098892943404150557e-04,1.814783563679478462e-04,-5.817202030578005889e-06,9.115501642227172852e-01,5.203711032867431641e+00,-4.909904479980468750e+00,-2.576975899248229451e-01,-3.284312565853620969e-01,1.032134453309884077e-02,0.000000000000000000e+00,0.000000000000000000e+00,0.000000000000000000e+00,0.000000000000000000e+00,0.000000000000000000e+00,0.000000000000000000e+00,0.000000000000000000e+00,8.276420898437500000e+02,8.276395263671875000e+02,8.276430053710937500e+02,8.276474609375000000e+02,-2.083760559237875417e+07
2.948999999999999844e+00,2.575878328942996509e-01,3.286127892188615007e-01,-1.032675584310554714e-02,-1.097570305232942189e-04,1.815326334994038504e-04,-5.411310006706374076e-06,9.115554094314575195e-01,5.203732490539550781e+00,-4.909922122955322266e+00,-2.575878328942996509e-01,-3.286127892188615007e-01,1.032675584310554714e-02,0.000000000000000000e+00,0.000000000000000000e+00,0.000000000000000000e+00,0.000000000000000000e+00,0.000000000000000000e+00,0.000000000000000000e+00,0.000000000000000000e+00,8.276419067382812500e+02,8.276395263671875000e+02,8.276429443359375000e+02,8.276472167968750000e+02,-2.083760576682325453e+07
2.950000000000000178e+00,2.574781814101603783e-01,3.287943227916448330e-01,-1.033175105978842608e-02,-1.096514841392726147e-04,1.815335727833322643e-04,-4.995216682878930725e-06,9.115604162216186523e-01,5.203755378723144531e+00,-4.909943103790283203e+00,-2.574781814101603783e-01,-3.287943227916448330e-01,1.033175105978842608e-02,0.000000000000000000e+00,0.000000000000000000e+00,0.000000000000000000e+00,0.000000000000000000e+00,0.000000000000000000e+00,0.000000000000000000e+00,0.000000000000000000e+00,8.276417236328125000e+02,8.276395874023437500e+02,8.276429443359375000e+02,8.276469116210937500e+02,-2.083760594133071974e+07
2.951000000000000068e+00,2.573686201232908699e-01,3.289758910649974721e-01,-1.033632472883376681e-02,-1.095612868695083897e-04,1.815682733526391424e-04,-4.573669045340733597e-06,9.115655422210693359e-01,5.203775882720947266e+00,-4.909962654113769531e+00,-2.573686201232908699e-01,-3.289758910649974721e-01,1.033632472883376681e-02,0.000000000000000000e+00,0.000000000000000000e+00,0.000000000000000000e+00,0.000000000000000000e+00,0.000000000000000000e+00,0.000000000000000000e+00,0.000000000000000000e+00,8.276416015625000000e+02,8.276395874023437500e+02,8.276428833007812500e+02,8.276466064453125000e+02,-2.083760611590130255e+07
2.951999999999999957e+00,2.572591263410387019e-01,3.291575065783897136e-01,-1.034047444615396848e-02,-1.094937822521679927e-04,1.816155133922414677e-04,-4.149717320201667947e-06,9.115710258483886719e-01,5.203797817230224609e+00,-4.909982681274414062e+00,-2.572591263410387019e-01,-3.291575065783897136e-01,1.034047444615396848e-02,0.000000000000000000e+00,0.000000000000000000e+00,0.000000000000000000e+00,0.000000000000000000e+00,0.000000000000000000e+00,0.000000000000000000e+00,0.000000000000000000e+00,8.276414184570312500e+02,8.276396484375000000e+02,8.276428222656250000e+02,8.276463623046875000e+02,-2.083760629053515196e+07
2.952999999999999847e+00,2.571497113971947246e-01,3.293391497290680259e-01,-1.034419971679853383e-02,-1.094149438439773192e-04,1.816431506783122707e-04,-3.725270644565348288e-06,9.115761518478393555e-01,5.203820705413818359e+00,-4.910003185272216797e+00,-2.571497113971947246e-01,-3.293391497290680259e-01,1.034419971679853383e-02,0.000000000000000000e+00,0.000000000000000000e+00,0.000000000000000000e+00,0.000000000000000000e+00,0.000000000000000000e+00,0.000000000000000000e+00,0.000000000000000000e+00,8.276412963867187500e+02,8.276396484375000000e+02,8.276427612304687500e+02,8.276460571289062500e+02,-2.083760646523240581e+07
2.954000000000000181e+00,2.570403753017310722e-01,3.295208205064618645e-01,-1.034750470990642747e-02,-1.093360954636524163e-04,1.816707773938386339e-04,-3.304993107893644533e-06,9.115813970565795898e-01,5.203843593597412109e+00,-4.910021305084228516e+00,-2.570403753017310722e-01,-3.295208205064618645e-01,1.034750470990642747e-02,0.000000000000000000e+00,0.000000000000000000e+00,0.000000000000000000e+00,0.000000000000000000e+00,0.000000000000000000e+00,0.000000000000000000e+00,0.000000000000000000e+00,8.276411132812500000e+02,8.276396484375000000e+02,8.276427001953125000e+02,8.276458129882812500e+02,-2.083760663999320194e+07
2.955000000000000071e+00,2.569310647046008089e-01,3.297024922200655905e-01,-1.035039504877478291e-02,-1.093105971302632540e-04,1.816717136037260261e-04,-2.890338868355435409e-06,9.115862846374511719e-01,5.203865051269531250e+00,-4.910042762756347656e+00,-2.569310647046008089e-01,-3.297024922200655905e-01,1.035039504877478291e-02,0.000000000000000000e+00,0.000000000000000000e+00,0.000000000000000000e+00,0.000000000000000000e+00,0.000000000000000000e+00,0.000000000000000000e+00,0.000000000000000000e+00,8.276409912109375000e+02,8.276397094726562500e+02,8.276427001953125000e+02,8.276455688476562500e+02,-2.083760681481763721e+07
2.955999999999999961e+00,2.568217796331615510e-01,3.298841915288309723e-01,-1.035287996481287949e-02,-1.092850714392579192e-04,1.816993087653817618e-04,-2.484916038096585122e-06,9.115918874740600586e-01,5.203887939453125000e+00,-4.910062789916992188e+00,-2.568217796331615510e-01,-3.298841915288309723e-01,1.035287996481287949e-02,0.000000000000000000e+00,0.000000000000000000e+00,0.000000000000000000e+00,0.000000000000000000e+00,0.000000000000000000e+00,0.000000000000000000e+00,0.000000000000000000e+00,8.276408081054687500e+02,8.276397094726562500e+02,8.276426391601562500e+02,8.276453247070312500e+02,-2.083760698970582709e+07
2.956999999999999851e+00,2.567124934424275806e-01,3.300658917213979970e-01,-1.035497349551862956e-02,-1.092861907339703897e-04,1.817001925670247431e-04,-2.093530705750065724e-06,9.115971326828002930e-01,5.203907012939453125e+00,-4.910080432891845703e+00,-2.567124934424275806e-01,-3.300658917213979970e-01,1.035497349551862956e-02,0.000000000000000000e+00,0.000000000000000000e+00,0.000000000000000000e+00,0.000000000000000000e+00,0.000000000000000000e+00,0.000000000000000000e+00,0.000000000000000000e+00,8.276406860351562500e+02,8.276397705078125000e+02,8.276425781250000000e+02,8.276450805664062500e+02,-2.083760716465784982e+07
2.958000000000000185e+00,2.566032328547488972e-01,3.302475927608071737e-01,-1.035669072565797641e-02,-1.092605876786834074e-04,1.817010394091767012e-04,-1.717230139346853646e-06,9.116024971008300781e-01,5.203930854797363281e+00,-4.910101413726806641e+00,-2.566032328547488972e-01,-3.302475927608071737e-01,1.035669072565797641e-02,0.000000000000000000e+00,0.000000000000000000e+00,0.000000000000000000e+00,0.000000000000000000e+00,0.000000000000000000e+00,0.000000000000000000e+00,0.000000000000000000e+00,8.276405639648437500e+02,8.276397705078125000e+02,8.276425170898437500e+02,8.276448364257812500e+02,-2.083760733967380226e+07
2.959000000000000075e+00,2.564939445569069387e-01,3.304292946112754592e-01,-1.035804901066074944e-02,-1.092882978419584816e-04,1.817018504682854640e-04,-1.358285002773032546e-06,9.116076231002807617e-01,5.203952312469482422e+00,-4.910120964050292969e+00,-2.564939445569069387e-01,-3.304292946112754592e-01,1.035804901066074944e-02,0.000000000000000000e+00,0.000000000000000000e+00,0.000000000000000000e+00,0.000000000000000000e+00,0.000000000000000000e+00,0.000000000000000000e+00,0.000000000000000000e+00,8.276404418945312500e+02,8.276397705078125000e+02,8.276425170898437500e+02,8.276445922851562500e+02,-2.083760751475375518e+07
2.959999999999999964e+00,2.563846286068108826e-01,3.306109705425906431e-01,-1.035906996872758279e-02,-1.093159500960561026e-04,1.816759313151838917e-04,-1.020958066833346778e-06,9.116123914718627930e-01,5.203975200653076172e+00,-4.910141468048095703e+00,-2.563846286068108826e-01,-3.306109705425906431e-01,1.035906996872758279e-02,0.000000000000000000e+00,0.000000000000000000e+00,0.000000000000000000e+00,0.000000000000000000e+00,0.000000000000000000e+00,0.000000000000000000e+00,0.000000000000000000e+00,8.276403198242187500e+02,8.276397705078125000e+02,8.276424560546875000e+02,8.276444091796875000e+02,-2.083760768989775702e+07
2.960999999999999854e+00,2.562752583975544396e-01,3.307926738633463204e-01,-1.035977782152338461e-02,-1.093702092564430295e-04,1.817033207556773000e-04,-7.078527958018221433e-07,9.116183519363403320e-01,5.203996658325195312e+00,-4.910160541534423828e+00,-2.562752583975544396e-01,-3.307926738633463204e-01,1.035977782152338461e-02,0.000000000000000000e+00,0.000000000000000000e+00,0.000000000000000000e+00,0.000000000000000000e+00,0.000000000000000000e+00,0.000000000000000000e+00,0.000000000000000000e+00,8.276401977539062500e+02,8.276397705078125000e+02,8.276423950195312500e+02,8.276441650390625000e+02,-2.083760786510588229e+07
2.962000000000000188e+00,2.561658606720685905e-01,3.309743244724212552e-01,-1.036019747992407425e-02,-1.093977254858491399e-04,1.816506090749347990e-04,-4.196584006896375563e-07,9.116234779357910156e-01,5.204019546508789062e+00,-4.910181522369384766e+00,-2.561658606720685905e-01,-3.309743244724212552e-01,1.036019747992407425e-02,0.000000000000000000e+00,0.000000000000000000e+00,0.000000000000000000e+00,0.000000000000000000e+00,0.000000000000000000e+00,0.000000000000000000e+00,0.000000000000000000e+00,8.276401367187500000e+02,8.276397705078125000e+02,8.276423339843750000e+02,8.276439819335937500e+02,-2.083760804037816823e+07
2.963000000000000078e+00,2.560563821548457186e-01,3.311559756715211633e-01,-1.036035725723697537e-02,-1.094785172228718295e-04,1.816511990999081227e-04,-1.597773129011215154e-07,9.116288423538208008e-01,5.204042911529541016e+00,-4.910202026367187500e+00,-2.560563821548457186e-01,-3.311559756715211633e-01,1.036035725723697537e-02,0.000000000000000000e+00,0.000000000000000000e+00,0.000000000000000000e+00,0.000000000000000000e+00,0.000000000000000000e+00,0.000000000000000000e+00,0.000000000000000000e+00,8.276400146484375000e+02,8.276397705078125000e+02,8.276422729492187500e+02,8.276437988281250000e+02,-2.083760821571465582e+07
2.963999999999999968e+00,2.559468229261016026e-01,3.313376007140381163e-01,-1.036028627546327699e-02,-1.095592287441160551e-04,1.816250425169529947e-04,7.098177369838087891e-08,9.116343259811401367e-01,5.204063892364501953e+00,-4.910223007202148438e+00,-2.559468229261016026e-01,-3.313376007140381163e-01,1.036028627546327699e-02,0.000000000000000000e+00,0.000000000000000000e+00,0.000000000000000000e+00,0.000000000000000000e+00,0.000000000000000000e+00,0.000000000000000000e+00,0.000000000000000000e+00,8.276398925781250000e+02,8.276397705078125000e+02,8.276422119140625000e+02,8.276436157226562500e+02,-2.083760839111537486e+07
2.964999999999999858e+00,2.558371830812275483e-01,3.315191995248614742e-01,-1.036001788515537175e-02,-1.096398448740543152e-04,1.815988108233579368e-04,2.683903079052363250e-07,9.116396903991699219e-01,5.204087257385253906e+00,-4.910241127014160156e+00,-2.558371830812275483e-01,-3.315191995248614742e-01,1.036001788515537175e-02,0.000000000000000000e+00,0.000000000000000000e+00,0.000000000000000000e+00,0.000000000000000000e+00,0.000000000000000000e+00,0.000000000000000000e+00,0.000000000000000000e+00,8.276398315429687500e+02,8.276397705078125000e+02,8.276420898437500000e+02,8.276434326171875000e+02,-2.083760856658034772e+07
2.966000000000000192e+00,2.557274093490771727e-01,3.317007720372076029e-01,-1.035958361485174971e-02,-1.097737321503755581e-04,1.815725123461287005e-04,4.342703036220446622e-07,9.116450548171997070e-01,5.204109668731689453e+00,-4.910262107849121094e+00,-2.557274093490771727e-01,-3.317007720372076029e-01,1.035958361485174971e-02,0.000000000000000000e+00,0.000000000000000000e+00,0.000000000000000000e+00,0.000000000000000000e+00,0.000000000000000000e+00,0.000000000000000000e+00,0.000000000000000000e+00,8.276397705078125000e+02,8.276397705078125000e+02,8.276420288085937500e+02,8.276433105468750000e+02,-2.083760874210957810e+07
2.967000000000000082e+00,2.556175551868645202e-01,3.318822914891792486e-01,-1.035901774364820192e-02,-1.098541622126525397e-04,1.815194519716456512e-04,5.658712035477853064e-07,9.116501808166503906e-01,5.204130649566650391e+00,-4.910282611846923828e+00,-2.556175551868645202e-01,-3.318822914891792486e-01,1.035901774364820192e-02,0.000000000000000000e+00,0.000000000000000000e+00,0.000000000000000000e+00,0.000000000000000000e+00,0.000000000000000000e+00,0.000000000000000000e+00,0.000000000000000000e+00,8.276397094726562500e+02,8.276397094726562500e+02,8.276419677734375000e+02,8.276431274414062500e+02,-2.083760891770307720e+07
2.967999999999999972e+00,2.555075406603209975e-01,3.320637844860219179e-01,-1.035835678481729707e-02,-1.100145265435226172e-04,1.814929968426692852e-04,6.609588309048480825e-07,9.116556644439697266e-01,5.204152584075927734e+00,-4.910302162170410156e+00,-2.555075406603209975e-01,-3.320637844860219179e-01,1.035835678481729707e-02,0.000000000000000000e+00,0.000000000000000000e+00,0.000000000000000000e+00,0.000000000000000000e+00,0.000000000000000000e+00,0.000000000000000000e+00,0.000000000000000000e+00,8.276396484375000000e+02,8.276397094726562500e+02,8.276419067382812500e+02,8.276430053710937500e+02,-2.083760909336083382e+07
2.968999999999999861e+00,2.553974192271066257e-01,3.322452242661054767e-01,-1.035763501755387894e-02,-1.101214332143718444e-04,1.814397800835587660e-04,7.217672634181326874e-07,9.116610288619995117e-01,5.204176425933837891e+00,-4.910321712493896484e+00,-2.553974192271066257e-01,-3.322452242661054767e-01,1.035763501755387894e-02,0.000000000000000000e+00,0.000000000000000000e+00,0.000000000000000000e+00,0.000000000000000000e+00,0.000000000000000000e+00,0.000000000000000000e+00,0.000000000000000000e+00,8.276395874023437500e+02,8.276396484375000000e+02,8.276417846679687500e+02,8.276428833007812500e+02,-2.083760926908284426e+07
2.970000000000000195e+00,2.552871643177469507e-01,3.324266374286131143e-01,-1.035688994328758279e-02,-1.102549093596749685e-04,1.814131625076376153e-04,7.450742662961501450e-07,9.116661548614501953e-01,5.204197883605957031e+00,-4.910340309143066406e+00,-2.552871643177469507e-01,-3.324266374286131143e-01,1.035688994328758279e-02,0.000000000000000000e+00,0.000000000000000000e+00,0.000000000000000000e+00,0.000000000000000000e+00,0.000000000000000000e+00,0.000000000000000000e+00,0.000000000000000000e+00,8.276395263671875000e+02,8.276396484375000000e+02,8.276417236328125000e+02,8.276427612304687500e+02,-2.083760944486911595e+07
2.971000000000000085e+00,2.551767493547261734e-01,3.326079972133340057e-01,-1.035615811053828758e-02,-1.104149630207773569e-04,1.813597847208914260e-04,7.318327492952109159e-07,9.116712808609008789e-01,5.204219341278076172e+00,-4.910361766815185547e+00,-2.551767493547261734e-01,-3.326079972133340057e-01,1.035615811053828758e-02,0.000000000000000000e+00,0.000000000000000000e+00,0.000000000000000000e+00,0.000000000000000000e+00,0.000000000000000000e+00,0.000000000000000000e+00,0.000000000000000000e+00,8.276395263671875000e+02,8.276395874023437500e+02,8.276416015625000000e+02,8.276426391601562500e+02,-2.083760962071961910e+07
2.971999999999999975e+00,2.550661744446514612e-01,3.327893035386557674e-01,-1.035547620466165455e-02,-1.105749100747122071e-04,1.813063253217617188e-04,6.819058766330265975e-07,9.116765260696411133e-01,5.204240798950195312e+00,-4.910380840301513672e+00,-2.550661744446514612e-01,-3.327893035386557674e-01,1.035547620466165455e-02,0.000000000000000000e+00,0.000000000000000000e+00,0.000000000000000000e+00,0.000000000000000000e+00,0.000000000000000000e+00,0.000000000000000000e+00,0.000000000000000000e+00,8.276394653320312500e+02,8.276395263671875000e+02,8.276415405273437500e+02,8.276425170898437500e+02,-2.083760979663432762e+07
2.972999999999999865e+00,2.549554396870934991e-01,3.329705563286726733e-01,-1.035487840970093429e-02,-1.107347575579620269e-04,1.812527900169058626e-04,5.977949607202659443e-07,9.116822481155395508e-01,5.204264640808105469e+00,-4.910401344299316406e+00,-2.549554396870934991e-01,-3.329705563286726733e-01,1.035487840970093429e-02,0.000000000000000000e+00,0.000000000000000000e+00,0.000000000000000000e+00,0.000000000000000000e+00,0.000000000000000000e+00,0.000000000000000000e+00,0.000000000000000000e+00,8.276394653320312500e+02,8.276394653320312500e+02,8.276414184570312500e+02,8.276423950195312500e+02,-2.083760997261321917e+07
2.974000000000000199e+00,2.548445718724987041e-01,3.331517554979570028e-01,-1.035440232236411323e-02,-1.108678145947950000e-04,1.811991692843295532e-04,4.760873368210571943e-07,9.116876125335693359e-01,5.204286098480224609e+00,-4.910421371459960938e+00,-2.548445718724987041e-01,-3.331517554979570028e-01,1.035440232236411323e-02,0.000000000000000000e+00,0.000000000000000000e+00,0.000000000000000000e+00,0.000000000000000000e+00,0.000000000000000000e+00,0.000000000000000000e+00,0.000000000000000000e+00,8.276394042968750000e+02,8.276394042968750000e+02,8.276412963867187500e+02,8.276423339843750000e+02,-2.083761014865628257e+07
2.975000000000000089e+00,2.547335177365340764e-01,3.333329009772087459e-01,-1.035408113782223388e-02,-1.110541359646277648e-04,1.811454792517430690e-04,3.211845418793490836e-07,9.116927385330200195e-01,5.204308986663818359e+00,-4.910441398620605469e+00,-2.547335177365340764e-01,-3.333329009772087459e-01,1.035408113782223388e-02,0.000000000000000000e+00,0.000000000000000000e+00,0.000000000000000000e+00,0.000000000000000000e+00,0.000000000000000000e+00,0.000000000000000000e+00,0.000000000000000000e+00,8.276394042968750000e+02,8.276393432617187500e+02,8.276412353515625000e+02,8.276422729492187500e+02,-2.083761032476347685e+07
2.975999999999999979e+00,2.546222888830602105e-01,3.335139728099295597e-01,-1.035394771090981936e-02,-1.112288534738659074e-04,1.810718327208138412e-04,1.334269124145248675e-07,9.116981029510498047e-01,5.204329967498779297e+00,-4.910461425781250000e+00,-2.546222888830602105e-01,-3.335139728099295597e-01,1.035394771090981936e-02,0.000000000000000000e+00,0.000000000000000000e+00,0.000000000000000000e+00,0.000000000000000000e+00,0.000000000000000000e+00,0.000000000000000000e+00,0.000000000000000000e+00,8.276394042968750000e+02,8.276392822265625000e+02,8.276411132812500000e+02,8.276421508789062500e+02,-2.083761050093476102e+07
2.976999999999999869e+00,2.545109157641130548e-01,3.336950106748918232e-01,-1.035403570409359521e-02,-1.113731189471556249e-04,1.810378649622634839e-04,-8.799318377585019224e-08,9.117032289505004883e-01,5.204353809356689453e+00,-4.910481452941894531e+00,-2.545109157641130548e-01,-3.336950106748918232e-01,1.035403570409359521e-02,0.000000000000000000e+00,0.000000000000000000e+00,0.000000000000000000e+00,0.000000000000000000e+00,0.000000000000000000e+00,0.000000000000000000e+00,0.000000000000000000e+00,8.276394042968750000e+02,8.276392211914062500e+02,8.276409912109375000e+02,8.276420898437500000e+02,-2.083761067717013508e+07
2.978000000000000203e+00,2.543993832842302849e-01,3.338759946381435473e-01,-1.035437372580774208e-02,-1.115324798827699304e-04,1.809839632517240560e-04,-3.380217141468744302e-07,9.117084741592407227e-01,5.204374313354492188e+00,-4.910500526428222656e+00,-2.543993832842302849e-01,-3.338759946381435473e-01,1.035437372580774208e-02,0.000000000000000000e+00,0.000000000000000000e+00,0.000000000000000000e+00,0.000000000000000000e+00,0.000000000000000000e+00,0.000000000000000000e+00,0.000000000000000000e+00,8.276394042968750000e+02,8.276391601562500000e+02,8.276408691406250000e+02,8.276420288085937500e+02,-2.083761085346957296e+07
2.979000000000000092e+00,2.542876915272376248e-01,3.340569246375179047e-01,-1.035499012370773818e-02,-1.116917569926600962e-04,1.809299993743573864e-04,-6.163978999960961769e-07,9.117138385772705078e-01,5.204395294189453125e+00,-4.910520553588867188e+00,-2.542876915272376248e-01,-3.340569246375179047e-01,1.035499012370773818e-02,0.000000000000000000e+00,0.000000000000000000e+00,0.000000000000000000e+00,0.000000000000000000e+00,0.000000000000000000e+00,0.000000000000000000e+00,0.000000000000000000e+00,8.276394042968750000e+02,8.276390380859375000e+02,8.276407470703125000e+02,8.276420288085937500e+02,-2.083761102983305603e+07
2.979999999999999982e+00,2.541758405722746583e-01,3.342378006146593528e-01,-1.035591157790779170e-02,-1.118509549629664868e-04,1.808759771414480966e-04,-9.214542000535175248e-07,9.117193222045898438e-01,5.204418659210205078e+00,-4.910540103912353516e+00,-2.541758405722746583e-01,-3.342378006146593528e-01,1.035591157790779170e-02,0.000000000000000000e+00,0.000000000000000000e+00,0.000000000000000000e+00,0.000000000000000000e+00,0.000000000000000000e+00,0.000000000000000000e+00,0.000000000000000000e+00,8.276394653320312500e+02,8.276389770507812500e+02,8.276406250000000000e+02,8.276419677734375000e+02,-2.083761120626056567e+07
2.980999999999999872e+00,2.540638571698788373e-01,3.344186225164733073e-01,-1.035716151130609830e-02,-1.119834023958210523e-04,1.808219018139545220e-04,-1.249933398306604659e-06,9.117238521575927734e-01,5.204439163208007812e+00,-4.910559654235839844e+00,-2.540638571698788373e-01,-3.344186225164733073e-01,1.035716151130609830e-02,0.000000000000000000e+00,0.000000000000000000e+00,0.000000000000000000e+00,0.000000000000000000e+00,0.000000000000000000e+00,0.000000000000000000e+00,0.000000000000000000e+00,8.276394653320312500e+02,8.276389160156250000e+02,8.276405029296875000e+02,8.276419067382812500e+02,-2.083761138275209442e+07
2.982000000000000206e+00,2.539517147068680036e-01,3.345994169788333861e-01,-1.035876158275436491e-02,-1.121424630108336373e-04,1.807944623600787892e-04,-1.600071448266612850e-06,9.117298126220703125e-01,5.204462528228759766e+00,-4.910580158233642578e+00,-2.539517147068680036e-01,-3.345994169788333861e-01,1.035876158275436491e-02,0.000000000000000000e+00,0.000000000000000000e+00,0.000000000000000000e+00,0.000000000000000000e+00,0.000000000000000000e+00,0.000000000000000000e+00,0.000000000000000000e+00,8.276394653320312500e+02,8.276387939453125000e+02,8.276403808593750000e+02,8.276418457031250000e+02,-2.083761155930764228e+07
2.983000000000000096e+00,2.538394399165199156e-01,3.347801572792071245e-01,-1.036073015340562530e-02,-1.122747903480880716e-04,1.807403003737384495e-04,-1.968570651260381776e-06,9.117347002029418945e-01,5.204482555389404297e+00,-4.910598754882812500e+00,-2.538394399165199156e-01,-3.347801572792071245e-01,1.036073015340562530e-02,0.000000000000000000e+00,0.000000000000000000e+00,0.000000000000000000e+00,0.000000000000000000e+00,0.000000000000000000e+00,0.000000000000000000e+00,0.000000000000000000e+00,8.276395263671875000e+02,8.276387329101562500e+02,8.276402587890625000e+02,8.276418457031250000e+02,-2.083761173592720181e+07
2.983999999999999986e+00,2.537270328493183014e-01,3.349608433817677366e-01,-1.036308389824526673e-02,-1.124070672016141970e-04,1.806861025606121274e-04,-2.353744839641430664e-06,9.117398262023925781e-01,5.204505443572998047e+00,-4.910619735717773438e+00,-2.537270328493183014e-01,-3.349608433817677366e-01,1.036308389824526673e-02,0.000000000000000000e+00,0.000000000000000000e+00,0.000000000000000000e+00,0.000000000000000000e+00,0.000000000000000000e+00,0.000000000000000000e+00,0.000000000000000000e+00,8.276395263671875000e+02,8.276386718750000000e+02,8.276401367187500000e+02,8.276417846679687500e+02,-2.083761191261076927e+07
2.984999999999999876e+00,2.536145202221836703e-01,3.351414752595860969e-01,-1.036583456766596197e-02,-1.125126271346310602e-04,1.806318778183602092e-04,-2.750669420695239786e-06,9.117448329925537109e-01,5.204526424407958984e+00,-4.910636901855468750e+00,-2.536145202221836703e-01,-3.351414752595860969e-01,1.036583456766596197e-02,0.000000000000000000e+00,0.000000000000000000e+00,0.000000000000000000e+00,0.000000000000000000e+00,0.000000000000000000e+00,0.000000000000000000e+00,0.000000000000000000e+00,8.276395263671875000e+02,8.276385498046875000e+02,8.276400146484375000e+02,8.276417846679687500e+02,-2.083761208935835212e+07
2.986000000000000210e+00,2.535019020721299698e-01,3.353221062531164254e-01,-1.036899228469600510e-02,-1.126181500537004609e-04,1.806309935303285208e-04,-3.157717030043138973e-06,9.117504358291625977e-01,5.204548358917236328e+00,-4.910656929016113281e+00,-2.535019020721299698e-01,-3.353221062531164254e-01,1.036899228469600510e-02,0.000000000000000000e+00,0.000000000000000000e+00,0.000000000000000000e+00,0.000000000000000000e+00,0.000000000000000000e+00,0.000000000000000000e+00,0.000000000000000000e+00,8.276395874023437500e+02,8.276384887695312500e+02,8.276398925781250000e+02,8.276417846679687500e+02,-2.083761226616999879e+07
2.987000000000000099e+00,2.533891784196248276e-01,3.355026829837285396e-01,-1.037256526853614497e-02,-1.127236525051422689e-04,1.805767306121142113e-04,-3.572983840139862255e-06,9.117553234100341797e-01,5.204570293426513672e+00,-4.910677909851074219e+00,-2.533891784196248276e-01,-3.355026829837285396e-01,1.037256526853614497e-02,0.000000000000000000e+00,0.000000000000000000e+00,0.000000000000000000e+00,0.000000000000000000e+00,0.000000000000000000e+00,0.000000000000000000e+00,0.000000000000000000e+00,8.276395874023437500e+02,8.276383666992187500e+02,8.276397705078125000e+02,8.276417236328125000e+02,-2.083761244304571673e+07
2.987999999999999989e+00,2.532763759602927323e-01,3.356832321237501748e-01,-1.037655699110661550e-02,-1.128024593320953173e-04,1.805491400216352460e-04,-3.991722570470535025e-06,9.117602109909057617e-01,5.204591751098632812e+00,-4.910694599151611328e+00,-2.532763759602927323e-01,-3.356832321237501748e-01,1.037655699110661550e-02,0.000000000000000000e+00,0.000000000000000000e+00,0.000000000000000000e+00,0.000000000000000000e+00,0.000000000000000000e+00,0.000000000000000000e+00,0.000000000000000000e+00,8.276396484375000000e+02,8.276383056640625000e+02,8.276396484375000000e+02,8.276417236328125000e+02,-2.083761261998554319e+07
2.988999999999999879e+00,2.531634946907277972e-01,3.358637269955652704e-01,-1.038096655939289847e-02,-1.128812695649350495e-04,1.804948718150956033e-04,-4.409568286282972149e-06,9.117655754089355469e-01,5.204612255096435547e+00,-4.910715103149414062e+00,-2.531634946907277972e-01,-3.358637269955652704e-01,1.038096655939289847e-02,0.000000000000000000e+00,0.000000000000000000e+00,0.000000000000000000e+00,0.000000000000000000e+00,0.000000000000000000e+00,0.000000000000000000e+00,0.000000000000000000e+00,8.276396484375000000e+02,8.276382446289062500e+02,8.276395263671875000e+02,8.276416625976562500e+02,-2.083761279698950425e+07
2.990000000000000213e+00,2.530505346192596927e-01,3.360442476443767923e-01,-1.038579331624529117e-02,-1.129600714681044948e-04,1.805206488115218555e-04,-4.826756852392699582e-06,9.117709398269653320e-01,5.204633712768554688e+00,-4.910735607147216797e+00,-2.530505346192596927e-01,-3.360442476443767923e-01,1.038579331624529117e-02,0.000000000000000000e+00,0.000000000000000000e+00,0.000000000000000000e+00,0.000000000000000000e+00,0.000000000000000000e+00,0.000000000000000000e+00,0.000000000000000000e+00,8.276397094726562500e+02,8.276381225585937500e+02,8.276394653320312500e+02,8.276416625976562500e+02,-2.083761297405767813e+07
2.991000000000000103e+00,2.529375490814064209e-01,3.362247140395434597e-01,-1.039103057089209650e-02,-1.129855378532718113e-04,1.804663951666674038e-04,-5.237254646805328262e-06,9.117757081985473633e-01,5.204655170440673828e+00,-4.910753250122070312e+00,-2.529375490814064209e-01,-3.362247140395434597e-01,1.039103057089209650e-02,0.000000000000000000e+00,0.000000000000000000e+00,0.000000000000000000e+00,0.000000000000000000e+00,0.000000000000000000e+00,0.000000000000000000e+00,0.000000000000000000e+00,8.276397094726562500e+02,8.276380615234375000e+02,8.276393432617187500e+02,8.276416625976562500e+02,-2.083761315119011328e+07
2.991999999999999993e+00,2.528245380580501078e-01,3.364051795639297904e-01,-1.039666926966953224e-02,-1.130110233563130784e-04,1.804655243863306779e-04,-5.638698777435738330e-06,9.117808341979980469e-01,5.204676151275634766e+00,-4.910772800445556641e+00,-2.528245380580501078e-01,-3.364051795639297904e-01,1.039666926966953224e-02,0.000000000000000000e+00,0.000000000000000000e+00,0.000000000000000000e+00,0.000000000000000000e+00,0.000000000000000000e+00,0.000000000000000000e+00,0.000000000000000000e+00,8.276397094726562500e+02,8.276380004882812500e+02,8.276392211914062500e+02,8.276416015625000000e+02,-2.083761332838689536e+07
2.992999999999999883e+00,2.527115015216948035e-01,3.365856442407931248e-01,-1.040269940720868654e-02,-1.130365363553043068e-04,1.804646768633344500e-04,-6.030137539154295512e-06,9.117859601974487305e-01,5.204698085784912109e+00,-4.910791873931884766e+00,-2.527115015216948035e-01,-3.365856442407931248e-01,1.040269940720868654e-02,0.000000000000000000e+00,0.000000000000000000e+00,0.000000000000000000e+00,0.000000000000000000e+00,0.000000000000000000e+00,0.000000000000000000e+00,0.000000000000000000e+00,8.276397705078125000e+02,8.276379394531250000e+02,8.276391601562500000e+02,8.276416015625000000e+02,-2.083761350564811006e+07
2.994000000000000217e+00,2.525984661032030232e-01,3.367660814250947876e-01,-1.040910432754404286e-02,-1.130354184917803373e-04,1.804371843016627786e-04,-6.404920335356320549e-06,9.117910861968994141e-01,5.204719543457031250e+00,-4.910811424255371094e+00,-2.525984661032030232e-01,-3.367660814250947876e-01,1.040910432754404286e-02,0.000000000000000000e+00,0.000000000000000000e+00,0.000000000000000000e+00,0.000000000000000000e+00,0.000000000000000000e+00,0.000000000000000000e+00,0.000000000000000000e+00,8.276397705078125000e+02,8.276378784179687500e+02,8.276390380859375000e+02,8.276416015625000000e+02,-2.083761368297383934e+07
2.995000000000000107e+00,2.524854317587386654e-01,3.369465445179364305e-01,-1.041586663917746895e-02,-1.130343444643577833e-04,1.804630928416428581e-04,-6.762311633426096313e-06,9.117959737777709961e-01,5.204740524291992188e+00,-4.910830020904541016e+00,-2.524854317587386654e-01,-3.369465445179364305e-01,1.041586663917746895e-02,0.000000000000000000e+00,0.000000000000000000e+00,0.000000000000000000e+00,0.000000000000000000e+00,0.000000000000000000e+00,0.000000000000000000e+00,0.000000000000000000e+00,8.276397705078125000e+02,8.276378173828125000e+02,8.276389770507812500e+02,8.276415405273437500e+02,-2.083761386036419496e+07
2.995999999999999996e+00,2.523724251115934680e-01,3.371270068796466957e-01,-1.042296718500831249e-02,-1.130066471451973698e-04,1.804623617102651956e-04,-7.100545830843532635e-06,9.118013381958007812e-01,5.204761028289794922e+00,-4.910850048065185547e+00,-2.523724251115934680e-01,-3.371270068796466957e-01,1.042296718500831249e-02,0.000000000000000000e+00,0.000000000000000000e+00,0.000000000000000000e+00,0.000000000000000000e+00,0.000000000000000000e+00,0.000000000000000000e+00,0.000000000000000000e+00,8.276397705078125000e+02,8.276377563476562500e+02,8.276388549804687500e+02,8.276415405273437500e+02,-2.083761403781929240e+07
2.996999999999999886e+00,2.522594727756081179e-01,3.373074685603548728e-01,-1.043038269810278931e-02,-1.129523359853501496e-04,1.804616807081771412e-04,-7.415513094476827716e-06,9.118059873580932617e-01,5.204782485961914062e+00,-4.910869598388671875e+00,-2.522594727756081179e-01,-3.373074685603548728e-01,1.043038269810278931e-02,0.000000000000000000e+00,0.000000000000000000e+00,0.000000000000000000e+00,0.000000000000000000e+00,0.000000000000000000e+00,0.000000000000000000e+00,0.000000000000000000e+00,8.276398315429687500e+02,8.276376953125000000e+02,8.276387939453125000e+02,8.276414794921875000e+02,-2.083761421533925459e+07
2.998000000000000220e+00,2.521465479981229718e-01,3.374879563008185146e-01,-1.043808731193867842e-02,-1.129247774851460662e-04,1.804877404636417992e-04,-7.704613835889106976e-06,9.118111133575439453e-01,5.204803466796875000e+00,-4.910886764526367188e+00,-2.521465479981229718e-01,-3.374879563008185146e-01,1.043808731193867842e-02,0.000000000000000000e+00,0.000000000000000000e+00,0.000000000000000000e+00,0.000000000000000000e+00,0.000000000000000000e+00,0.000000000000000000e+00,0.000000000000000000e+00,8.276398315429687500e+02,8.276376342773437500e+02,8.276387329101562500e+02,8.276414184570312500e+02,-2.083761439292421192e+07
2.999000000000000110e+00,2.520336773798998453e-01,3.376684434775963917e-01,-1.044605436579172653e-02,-1.128706182231264954e-04,1.804871767778770675e-04,-7.967053853048106093e-06,9.118162393569946289e-01,5.204825878143310547e+00,-4.910905838012695312e+00,-2.520336773798998453e-01,-3.376684434775963917e-01,1.044605436579172653e-02,0.000000000000000000e+00,0.000000000000000000e+00,0.000000000000000000e+00,0.000000000000000000e+00,0.000000000000000000e+00,0.000000000000000000e+00,0.000000000000000000e+00,8.276398315429687500e+02,8.276376342773437500e+02,8.276386718750000000e+02,8.276414184570312500e+02,-2.083761457057428360e+07
3.000000000000000000e+00,2.519208991876621395e-01,3.378489633753239407e-01,-1.045425353996187745e-02,-1.127781922377057988e-04,1.805198977275490613e-04,-8.199174170150924645e-06,9.118212461471557617e-01,5.204846858978271484e+00,-4.910925865173339844e+00,-2.519208991876621395e-01,-3.378489633753239407e-01,1.045425353996187745e-02,0.000000000000000000e+00,0.000000000000000000e+00,0.000000000000000000e+00,0.000000000000000000e+00,0.000000000000000000e+00,0.000000000000000000e+00,0.000000000000000000e+00,8.276397705078125000e+02,8.276375732421875000e+02,8.276386108398437500e+02,8.276413574218750000e+02,-2.083761474828963727e+07
3.000999999999999890e+00,2.518082166815275857e-01,3.380295029687192532e-01,-1.046265578021519753e-02,-1.126825061345537726e-04,1.805395933953124477e-04,-8.402240253320078511e-06,9.118260145187377930e-01,5.204865455627441406e+00,-4.910944461822509766e+00,-2.518082166815275857e-01,-3.380295029687192532e-01,1.046265578021519753e-02,0.000000000000000000e+00,0.000000000000000000e+00,0.000000000000000000e+00,0.000000000000000000e+00,0.000000000000000000e+00,0.000000000000000000e+00,0.000000000000000000e+00,8.276397705078125000e+02,8.276375732421875000e+02,8.276385498046875000e+02,8.276412963867187500e+02,-2.083761492607042566e+07
3.001999999999999780e+00,2.516956147468854543e-01,3.382100955666124675e-01,-1.047122644115830968e-02,-1.126019346421314182e-04,1.805925978932143572e-04,-8.570660943112151653e-06,9.118311405181884766e-01,5.204887866973876953e+00,-4.910962581634521484e+00,-2.516956147468854543e-01,-3.382100955666124675e-01,1.047122644115830968e-02,0.000000000000000000e+00,0.000000000000000000e+00,0.000000000000000000e+00,0.000000000000000000e+00,0.000000000000000000e+00,0.000000000000000000e+00,0.000000000000000000e+00,8.276397705078125000e+02,8.276375122070312500e+02,8.276384887695312500e+02,8.276412353515625000e+02,-2.083761510391682386e+07
3.003000000000000114e+00,2.515831466425650920e-01,3.383907145592850441e-01,-1.047993143735112022e-02,-1.124681043203623609e-04,1.806189926725765282e-04,-8.704996192810537936e-06,9.118363857269287109e-01,5.204910755157470703e+00,-4.910982131958007812e+00,-2.515831466425650920e-01,-3.383907145592850441e-01,1.047993143735112022e-02,0.000000000000000000e+00,0.000000000000000000e+00,0.000000000000000000e+00,0.000000000000000000e+00,0.000000000000000000e+00,0.000000000000000000e+00,0.000000000000000000e+00,8.276397705078125000e+02,8.276375122070312500e+02,8.276384887695312500e+02,8.276411743164062500e+02,-2.083761528182900697e+07
3.004000000000000004e+00,2.514708122736246110e-01,3.385713867009960132e-01,-1.048873747703705193e-02,-1.123343689404809886e-04,1.806721417109691252e-04,-8.806039685931715821e-06,9.118409156799316406e-01,5.204928874969482422e+00,-4.911000251770019531e+00,-2.514708122736246110e-01,-3.385713867009960132e-01,1.048873747703705193e-02,0.000000000000000000e+00,0.000000000000000000e+00,0.000000000000000000e+00,0.000000000000000000e+00,0.000000000000000000e+00,0.000000000000000000e+00,0.000000000000000000e+00,8.276397094726562500e+02,8.276375122070312500e+02,8.276384277343750000e+02,8.276411132812500000e+02,-2.083761545980717242e+07
3.004999999999999893e+00,2.513585848481659779e-01,3.387520853940377275e-01,-1.049760773729279881e-02,-1.122274254586330677e-04,1.806986930417142645e-04,-8.870260255746872935e-06,9.118462800979614258e-01,5.204951286315917969e+00,-4.911019325256347656e+00,-2.513585848481659779e-01,-3.387520853940377275e-01,1.049760773729279881e-02,0.000000000000000000e+00,0.000000000000000000e+00,0.000000000000000000e+00,0.000000000000000000e+00,0.000000000000000000e+00,0.000000000000000000e+00,0.000000000000000000e+00,8.276397094726562500e+02,8.276375122070312500e+02,8.276384277343750000e+02,8.276410522460937500e+02,-2.083761563785148412e+07
3.005999999999999783e+00,2.512464909389526824e-01,3.389328107167298154e-01,-1.050650561148971061e-02,-1.120939092132955395e-04,1.807253226920879641e-04,-8.897874196911806366e-06,9.118514060974121094e-01,5.204972267150878906e+00,-4.911039829254150391e+00,-2.512464909389526824e-01,-3.389328107167298154e-01,1.050650561148971061e-02,0.000000000000000000e+00,0.000000000000000000e+00,0.000000000000000000e+00,0.000000000000000000e+00,0.000000000000000000e+00,0.000000000000000000e+00,0.000000000000000000e+00,8.276396484375000000e+02,8.276375122070312500e+02,8.276383666992187500e+02,8.276409912109375000e+02,-2.083761581596212089e+07
3.007000000000000117e+00,2.511345571293878698e-01,3.391136161050108955e-01,-1.051539627769801540e-02,-1.119338095648125808e-04,1.808053882810800594e-04,-8.890666208304781604e-06,9.118561744689941406e-01,5.204993724822998047e+00,-4.911056995391845703e+00,-2.511345571293878698e-01,-3.391136161050108955e-01,1.051539627769801540e-02,0.000000000000000000e+00,0.000000000000000000e+00,0.000000000000000000e+00,0.000000000000000000e+00,0.000000000000000000e+00,0.000000000000000000e+00,0.000000000000000000e+00,8.276395874023437500e+02,8.276375122070312500e+02,8.276383666992187500e+02,8.276409301757812500e+02,-2.083761599413930625e+07
3.008000000000000007e+00,2.510227566189799364e-01,3.392944482836861564e-01,-1.052424118697446037e-02,-1.118005104079333734e-04,1.808321786752609128e-04,-8.844909276444976043e-06,9.118613004684448242e-01,5.205014228820800781e+00,-4.911076545715332031e+00,-2.510227566189799364e-01,-3.392944482836861564e-01,1.052424118697446037e-02,0.000000000000000000e+00,0.000000000000000000e+00,0.000000000000000000e+00,0.000000000000000000e+00,0.000000000000000000e+00,0.000000000000000000e+00,0.000000000000000000e+00,8.276395263671875000e+02,8.276375122070312500e+02,8.276383666992187500e+02,8.276408081054687500e+02,-2.083761617238321155e+07
3.008999999999999897e+00,2.509111426716524318e-01,3.394753606861294903e-01,-1.053300559641144780e-02,-1.116139473275046257e-04,1.809124024433339528e-04,-8.764409436987433133e-06,9.118665456771850586e-01,5.205036163330078125e+00,-4.911097049713134766e+00,-2.509111426716524318e-01,-3.394753606861294903e-01,1.053300559641144780e-02,0.000000000000000000e+00,0.000000000000000000e+00,0.000000000000000000e+00,0.000000000000000000e+00,0.000000000000000000e+00,0.000000000000000000e+00,0.000000000000000000e+00,8.276394653320312500e+02,8.276375732421875000e+02,8.276383666992187500e+02,8.276407470703125000e+02,-2.083761635069407895e+07
3.009999999999999787e+00,2.507996618128819355e-01,3.396563000336610405e-01,-1.054165337943527639e-02,-1.114808587704962939e-04,1.809393475315501654e-04,-8.647783023828584104e-06,9.118714332580566406e-01,5.205057621002197266e+00,-4.911116600036621094e+00,-2.507996618128819355e-01,-3.396563000336610405e-01,1.054165337943527639e-02,0.000000000000000000e+00,0.000000000000000000e+00,0.000000000000000000e+00,0.000000000000000000e+00,0.000000000000000000e+00,0.000000000000000000e+00,0.000000000000000000e+00,8.276394653320312500e+02,8.276375732421875000e+02,8.276383666992187500e+02,8.276406860351562500e+02,-2.083761652907207608e+07
3.011000000000000121e+00,2.506883406246818158e-01,3.398372930791199176e-01,-1.055015048944941101e-02,-1.113211882001197139e-04,1.809930454588770665e-04,-8.497110014134626188e-06,9.118765592575073242e-01,5.205077171325683594e+00,-4.911134243011474609e+00,-2.506883406246818158e-01,-3.398372930791199176e-01,1.055015048944941101e-02,0.000000000000000000e+00,0.000000000000000000e+00,0.000000000000000000e+00,0.000000000000000000e+00,0.000000000000000000e+00,0.000000000000000000e+00,0.000000000000000000e+00,8.276393432617187500e+02,8.276376342773437500e+02,8.276383666992187500e+02,8.276405639648437500e+02,-2.083761670751741156e+07
3.012000000000000011e+00,2.505772056858805996e-01,3.400183398944927604e-01,-1.055846282155546018e-02,-1.111349388012161654e-04,1.810468153728428398e-04,-8.312332106049161173e-06,9.118816852569580078e-01,5.205099582672119141e+00,-4.911153793334960938e+00,-2.505772056858805996e-01,-3.400183398944927604e-01,1.055846282155546018e-02,0.000000000000000000e+00,0.000000000000000000e+00,0.000000000000000000e+00,0.000000000000000000e+00,0.000000000000000000e+00,0.000000000000000000e+00,0.000000000000000000e+00,8.276392822265625000e+02,8.276376342773437500e+02,8.276384277343750000e+02,8.276405029296875000e+02,-2.083761688603030145e+07
3.012999999999999901e+00,2.504662035396069131e-01,3.401994405530222032e-01,-1.056655853469272606e-02,-1.110021462736865416e-04,1.811006585294427929e-04,-8.095713137265883597e-06,9.118865728378295898e-01,5.205121517181396484e+00,-4.911173820495605469e+00,-2.504662035396069131e-01,-3.401994405530222032e-01,1.056655853469272606e-02,0.000000000000000000e+00,0.000000000000000000e+00,0.000000000000000000e+00,0.000000000000000000e+00,0.000000000000000000e+00,0.000000000000000000e+00,0.000000000000000000e+00,8.276392211914062500e+02,8.276376953125000000e+02,8.276384277343750000e+02,8.276403808593750000e+02,-2.083761706461093202e+07
3.013999999999999790e+00,2.503553874606037621e-01,3.403806217957622837e-01,-1.057440783034903353e-02,-1.108160790031509357e-04,1.811812427400805170e-04,-7.849295656307472835e-06,9.118915796279907227e-01,5.205141544342041016e+00,-4.911192417144775391e+00,-2.503553874606037621e-01,-3.403806217957622837e-01,1.057440783034903353e-02,0.000000000000000000e+00,0.000000000000000000e+00,0.000000000000000000e+00,0.000000000000000000e+00,0.000000000000000000e+00,0.000000000000000000e+00,0.000000000000000000e+00,8.276391601562500000e+02,8.276377563476562500e+02,8.276384887695312500e+02,8.276402587890625000e+02,-2.083761724325953797e+07
3.015000000000000124e+00,2.502447306715703257e-01,3.405618303283629578e-01,-1.058198049748381234e-02,-1.106567890334364535e-04,1.812085326006740438e-04,-7.572667134778804376e-06,9.118965864181518555e-01,5.205163478851318359e+00,-4.911212444305419922e+00,-2.502447306715703257e-01,-3.405618303283629578e-01,1.058198049748381234e-02,0.000000000000000000e+00,0.000000000000000000e+00,0.000000000000000000e+00,0.000000000000000000e+00,0.000000000000000000e+00,0.000000000000000000e+00,0.000000000000000000e+00,8.276390991210937500e+02,8.276377563476562500e+02,8.276384887695312500e+02,8.276401977539062500e+02,-2.083761742197630182e+07
3.016000000000000014e+00,2.501342064163522561e-01,3.407430928894159550e-01,-1.058925066873870821e-02,-1.105242552180696336e-04,1.812625610529972064e-04,-7.270171254895874124e-06,9.119014739990234375e-01,5.205184936523437500e+00,-4.911230087280273438e+00,-2.501342064163522561e-01,-3.407430928894159550e-01,1.058925066873870821e-02,0.000000000000000000e+00,0.000000000000000000e+00,0.000000000000000000e+00,0.000000000000000000e+00,0.000000000000000000e+00,0.000000000000000000e+00,0.000000000000000000e+00,8.276389770507812500e+02,8.276378173828125000e+02,8.276385498046875000e+02,8.276400756835937500e+02,-2.083761760076140985e+07
3.016999999999999904e+00,2.500238413025542283e-01,3.409244095284805764e-01,-1.059619424455925107e-02,-1.103651137980277142e-04,1.813166390646214765e-04,-6.943575820542863264e-06,9.119070768356323242e-01,5.205207347869873047e+00,-4.911250114440917969e+00,-2.500238413025542283e-01,-3.409244095284805764e-01,1.059619424455925107e-02,0.000000000000000000e+00,0.000000000000000000e+00,0.000000000000000000e+00,0.000000000000000000e+00,0.000000000000000000e+00,0.000000000000000000e+00,0.000000000000000000e+00,8.276389160156250000e+02,8.276378784179687500e+02,8.276385498046875000e+02,8.276399536132812500e+02,-2.083761777961506322e+07
3.017999999999999794e+00,2.499136352616206647e-01,3.411057802936782735e-01,-1.060278871367695101e-02,-1.102060409335636759e-04,1.813707651976970148e-04,-6.594469117699938709e-06,9.119122028350830078e-01,5.205227851867675781e+00,-4.911269187927246094e+00,-2.499136352616206647e-01,-3.411057802936782735e-01,1.060278871367695101e-02,0.000000000000000000e+00,0.000000000000000000e+00,0.000000000000000000e+00,0.000000000000000000e+00,0.000000000000000000e+00,0.000000000000000000e+00,0.000000000000000000e+00,8.276388549804687500e+02,8.276379394531250000e+02,8.276386108398437500e+02,8.276398315429687500e+02,-2.083761795853745937e+07
3.019000000000000128e+00,2.498035615508240881e-01,3.412871785473559627e-01,-1.060901476225856871e-02,-1.100737107965765738e-04,1.813982536776892474e-04,-6.226048581617696365e-06,9.119172096252441406e-01,5.205249309539794922e+00,-4.911288738250732422e+00,-2.498035615508240881e-01,-3.412871785473559627e-01,1.060901476225856871e-02,0.000000000000000000e+00,0.000000000000000000e+00,0.000000000000000000e+00,0.000000000000000000e+00,0.000000000000000000e+00,0.000000000000000000e+00,0.000000000000000000e+00,8.276387329101562500e+02,8.276380004882812500e+02,8.276386718750000000e+02,8.276397705078125000e+02,-2.083761813752876967e+07
3.020000000000000018e+00,2.496935934462202744e-01,3.414686576866837742e-01,-1.061485658597047417e-02,-1.099681046038136767e-04,1.814791393278114562e-04,-5.841823711905461125e-06,9.119222164154052734e-01,5.205272674560546875e+00,-4.911308765411376953e+00,-2.496935934462202744e-01,-3.414686576866837742e-01,1.061485658597047417e-02,0.000000000000000000e+00,0.000000000000000000e+00,0.000000000000000000e+00,0.000000000000000000e+00,0.000000000000000000e+00,0.000000000000000000e+00,0.000000000000000000e+00,8.276386718750000000e+02,8.276380615234375000e+02,8.276386718750000000e+02,8.276396484375000000e+02,-2.083761831658918038e+07
3.020999999999999908e+00,2.495837575757278992e-01,3.416501376969550141e-01,-1.062029991608781990e-02,-1.098358704923751983e-04,1.814800102712399443e-04,-5.443330117345726582e-06,9.119274616241455078e-01,5.205292224884033203e+00,-4.911327362060546875e+00,-2.495837575757278992e-01,-3.416501376969550141e-01,1.062029991608781990e-02,0.000000000000000000e+00,0.000000000000000000e+00,0.000000000000000000e+00,0.000000000000000000e+00,0.000000000000000000e+00,0.000000000000000000e+00,0.000000000000000000e+00,8.276385498046875000e+02,8.276381225585937500e+02,8.276387329101562500e+02,8.276395263671875000e+02,-2.083761849571884051e+07
3.021999999999999797e+00,2.494740272331271713e-01,3.418316986450612993e-01,-1.062533400890817471e-02,-1.097303426007278926e-04,1.815609481062852026e-04,-5.034092820354815756e-06,9.119324684143066406e-01,5.205315589904785156e+00,-4.911347866058349609e+00,-2.494740272331271713e-01,-3.418316986450612993e-01,1.062533400890817471e-02,0.000000000000000000e+00,0.000000000000000000e+00,0.000000000000000000e+00,0.000000000000000000e+00,0.000000000000000000e+00,0.000000000000000000e+00,0.000000000000000000e+00,8.276384887695312500e+02,8.276381835937500000e+02,8.276387939453125000e+02,8.276394042968750000e+02,-2.083761867491794005e+07
3.023000000000000131e+00,2.493643875261575271e-01,3.420132401149288959e-01,-1.062995143101868808e-02,-1.096397069696442017e-04,1.815414698675965610e-04,-4.617422110513372258e-06,9.119379520416259766e-01,5.205338001251220703e+00,-4.911366939544677734e+00,-2.493643875261575271e-01,-3.420132401149288959e-01,1.062995143101868808e-02,0.000000000000000000e+00,0.000000000000000000e+00,0.000000000000000000e+00,0.000000000000000000e+00,0.000000000000000000e+00,0.000000000000000000e+00,0.000000000000000000e+00,8.276384277343750000e+02,8.276382446289062500e+02,8.276388549804687500e+02,8.276392822265625000e+02,-2.083761885418659076e+07
3.024000000000000021e+00,2.492548681707947023e-01,3.421948562431458285e-01,-1.063414764084226818e-02,-1.095193553628248662e-04,1.816161282169326263e-04,-4.196209823580099307e-06,9.119429588317871094e-01,5.205359458923339844e+00,-4.911387920379638672e+00,-2.492548681707947023e-01,-3.421948562431458285e-01,1.063414764084226818e-02,0.000000000000000000e+00,0.000000000000000000e+00,0.000000000000000000e+00,0.000000000000000000e+00,0.000000000000000000e+00,0.000000000000000000e+00,0.000000000000000000e+00,8.276383056640625000e+02,8.276383056640625000e+02,8.276388549804687500e+02,8.276392211914062500e+02,-2.083761903352498636e+07
3.024999999999999911e+00,2.491454009266424463e-01,3.423764732970560609e-01,-1.063792094046119366e-02,-1.094672441522559492e-04,1.816170539102324177e-04,-3.773299618925474164e-06,9.119482040405273438e-01,5.205379486083984375e+00,-4.911407470703125000e+00,-2.491454009266424463e-01,-3.423764732970560609e-01,1.063792094046119366e-02,0.000000000000000000e+00,0.000000000000000000e+00,0.000000000000000000e+00,0.000000000000000000e+00,0.000000000000000000e+00,0.000000000000000000e+00,0.000000000000000000e+00,8.276382446289062500e+02,8.276383666992187500e+02,8.276389160156250000e+02,8.276390991210937500e+02,-2.083761921293323115e+07
3.025999999999999801e+00,2.490360124836417388e-01,3.425581446309574063e-01,-1.064127319342716288e-02,-1.093884430007074915e-04,1.816713339013453776e-04,-3.352252965969221288e-06,9.119534492492675781e-01,5.205402851104736328e+00,-4.911426544189453125e+00,-2.490360124836417388e-01,-3.425581446309574063e-01,1.064127319342716288e-02,0.000000000000000000e+00,0.000000000000000000e+00,0.000000000000000000e+00,0.000000000000000000e+00,0.000000000000000000e+00,0.000000000000000000e+00,0.000000000000000000e+00,8.276381835937500000e+02,8.276384277343750000e+02,8.276389770507812500e+02,8.276389770507812500e+02,-2.083761939241148531e+07
3.027000000000000135e+00,2.489266494893092041e-01,3.427398168741332407e-01,-1.064420996077695622e-02,-1.093629943325347131e-04,1.816722431758344136e-04,-2.936767349793339976e-06,9.119590520858764648e-01,5.205425262451171875e+00,-4.911448001861572266e+00,-2.489266494893092041e-01,-3.427398168741332407e-01,1.064420996077695622e-02,0.000000000000000000e+00,0.000000000000000000e+00,0.000000000000000000e+00,0.000000000000000000e+00,0.000000000000000000e+00,0.000000000000000000e+00,0.000000000000000000e+00,8.276380615234375000e+02,8.276384887695312500e+02,8.276390380859375000e+02,8.276389160156250000e+02,-2.083761957195984200e+07
3.028000000000000025e+00,2.488173386426021649e-01,3.429214900086072215e-01,-1.064673799264349678e-02,-1.093108467070391665e-04,1.816731344739808129e-04,-2.528031866540561556e-06,9.119638204574584961e-01,5.205446720123291016e+00,-4.911466598510742188e+00,-2.488173386426021649e-01,-3.429214900086072215e-01,1.064673799264349678e-02,0.000000000000000000e+00,0.000000000000000000e+00,0.000000000000000000e+00,0.000000000000000000e+00,0.000000000000000000e+00,0.000000000000000000e+00,0.000000000000000000e+00,8.276380004882812500e+02,8.276385498046875000e+02,8.276390380859375000e+02,8.276387939453125000e+02,-2.083761975157841295e+07
3.028999999999999915e+00,2.487080266200773215e-01,3.431031906914016605e-01,-1.064886969399296383e-02,-1.093120225248433997e-04,1.817006827944389613e-04,-2.131701349467052253e-06,9.119694232940673828e-01,5.205470085144042969e+00,-4.911486625671386719e+00,-2.487080266200773215e-01,-3.431031906914016605e-01,1.064886969399296383e-02,0.000000000000000000e+00,0.000000000000000000e+00,0.000000000000000000e+00,0.000000000000000000e+00,0.000000000000000000e+00,0.000000000000000000e+00,0.000000000000000000e+00,8.276379394531250000e+02,8.276385498046875000e+02,8.276390991210937500e+02,8.276387329101562500e+02,-2.083761993126729503e+07
3.029999999999999805e+00,2.485987401407886710e-01,3.432849188901425652e-01,-1.065061848502170741e-02,-1.092864792886505398e-04,1.817281987409047339e-04,-1.748791028743576503e-06,9.119746685028076172e-01,5.205490589141845703e+00,-4.911506175994873047e+00,-2.485987401407886710e-01,-3.432849188901425652e-01,1.065061848502170741e-02,0.000000000000000000e+00,0.000000000000000000e+00,0.000000000000000000e+00,0.000000000000000000e+00,0.000000000000000000e+00,0.000000000000000000e+00,0.000000000000000000e+00,8.276378784179687500e+02,8.276386108398437500e+02,8.276390991210937500e+02,8.276386108398437500e+02,-2.083762011102660000e+07
3.031000000000000139e+00,2.484894525684231970e-01,3.434666212066341817e-01,-1.065200167924922579e-02,-1.092875723654740394e-04,1.817023164916165001e-04,-1.383194227518383390e-06,9.119799137115478516e-01,5.205513000488281250e+00,-4.911527156829833984e+00,-2.484894525684231970e-01,-3.434666212066341817e-01,1.065200167924922579e-02,0.000000000000000000e+00,0.000000000000000000e+00,0.000000000000000000e+00,0.000000000000000000e+00,0.000000000000000000e+00,0.000000000000000000e+00,0.000000000000000000e+00,8.276378173828125000e+02,8.276386718750000000e+02,8.276391601562500000e+02,8.276385498046875000e+02,-2.083762029085639492e+07
3.032000000000000028e+00,2.483801372782775407e-01,3.436483242831083751e-01,-1.065303759756385665e-02,-1.093152901456562187e-04,1.817030764741933702e-04,-1.035918314630859816e-06,9.119851589202880859e-01,5.205535411834716797e+00,-4.911546230316162109e+00,-2.483801372782775407e-01,-3.436483242831083751e-01,1.065303759756385665e-02,0.000000000000000000e+00,0.000000000000000000e+00,0.000000000000000000e+00,0.000000000000000000e+00,0.000000000000000000e+00,0.000000000000000000e+00,0.000000000000000000e+00,8.276377563476562500e+02,8.276387329101562500e+02,8.276391601562500000e+02,8.276384887695312500e+02,-2.083762047075674683e+07
3.032999999999999918e+00,2.482707943382506388e-01,3.438300013854710957e-01,-1.065375036139724549e-02,-1.093429400269019247e-04,1.816771023627206105e-04,-7.127638333888353106e-07,9.119904041290283203e-01,5.205556869506835938e+00,-4.911566734313964844e+00,-2.482707943382506388e-01,-3.438300013854710957e-01,1.065375036139724549e-02,0.000000000000000000e+00,0.000000000000000000e+00,0.000000000000000000e+00,0.000000000000000000e+00,0.000000000000000000e+00,0.000000000000000000e+00,0.000000000000000000e+00,8.276376953125000000e+02,8.276387329101562500e+02,8.276392211914062500e+02,8.276384277343750000e+02,-2.083762065072770789e+07
3.033999999999999808e+00,2.481613971389183548e-01,3.440116791452796363e-01,-1.065416329401436962e-02,-1.093971993322839786e-04,1.816777598085406176e-04,-4.129326171241343157e-07,9.119960069656372070e-01,5.205578804016113281e+00,-4.911586284637451172e+00,-2.481613971389183548e-01,-3.440116791452796363e-01,1.065416329401436962e-02,0.000000000000000000e+00,0.000000000000000000e+00,0.000000000000000000e+00,0.000000000000000000e+00,0.000000000000000000e+00,0.000000000000000000e+00,0.000000000000000000e+00,8.276376342773437500e+02,8.276387939453125000e+02,8.276392211914062500e+02,8.276383666992187500e+02,-2.083762083076933399e+07
3.035000000000000142e+00,2.480519457615006917e-01,3.441933575021269842e-01,-1.065430390964238611e-02,-1.094513774176630871e-04,1.816783568473478994e-04,-1.406156280164827521e-07,9.120011329650878906e-01,5.205602645874023438e+00,-4.911607265472412109e+00,-2.480519457615006917e-01,-3.441933575021269842e-01,1.065430390964238611e-02,0.000000000000000000e+00,0.000000000000000000e+00,0.000000000000000000e+00,0.000000000000000000e+00,0.000000000000000000e+00,0.000000000000000000e+00,0.000000000000000000e+00,8.276376342773437500e+02,8.276387939453125000e+02,8.276392211914062500e+02,8.276383056640625000e+02,-2.083762101088168472e+07
3.036000000000000032e+00,2.479424136029203529e-01,3.443749830347627716e-01,-1.065420036059225133e-02,-1.095321585803388231e-04,1.816255326357874011e-04,1.035490501347796632e-07,9.120063781738281250e-01,5.205624580383300781e+00,-4.911625385284423828e+00,-2.479424136029203529e-01,-3.443749830347627716e-01,1.065420036059225133e-02,0.000000000000000000e+00,0.000000000000000000e+00,0.000000000000000000e+00,0.000000000000000000e+00,0.000000000000000000e+00,0.000000000000000000e+00,0.000000000000000000e+00,8.276375732421875000e+02,8.276387939453125000e+02,8.276392211914062500e+02,8.276382446289062500e+02,-2.083762119106476754e+07
3.036999999999999922e+00,2.478327740848192129e-01,3.445566090359289957e-01,-1.065388519898020914e-02,-1.096395181011400322e-04,1.816260011662240714e-04,3.151616120421890654e-07,9.120117425918579102e-01,5.205647945404052734e+00,-4.911645889282226562e+00,-2.478327740848192129e-01,-3.445566090359289957e-01,1.065388519898020914e-02,0.000000000000000000e+00,0.000000000000000000e+00,0.000000000000000000e+00,0.000000000000000000e+00,0.000000000000000000e+00,0.000000000000000000e+00,0.000000000000000000e+00,8.276375732421875000e+02,8.276387939453125000e+02,8.276392211914062500e+02,8.276381835937500000e+02,-2.083762137131861225e+07
3.037999999999999812e+00,2.477230539714660729e-01,3.447381820763810167e-01,-1.065338840497533947e-02,-1.097201133531400252e-04,1.815730404520210506e-04,4.967940048696689592e-07,9.120172262191772461e-01,5.205669403076171875e+00,-4.911666870117187500e+00,-2.477230539714660729e-01,-3.447381820763810167e-01,1.065338840497533947e-02,0.000000000000000000e+00,0.000000000000000000e+00,0.000000000000000000e+00,0.000000000000000000e+00,0.000000000000000000e+00,0.000000000000000000e+00,0.000000000000000000e+00,8.276375122070312500e+02,8.276388549804687500e+02,8.276392211914062500e+02,8.276381835937500000e+02,-2.083762155164323375e+07
3.039000000000000146e+00,2.476132266894315592e-01,3.449197287629713338e-01,-1.065274497415542865e-02,-1.098272820345136402e-04,1.815466865903170302e-04,6.434308199108201842e-07,9.120224714279174805e-01,5.205691814422607422e+00,-4.911687374114990234e+00,-2.476132266894315592e-01,-3.449197287629713338e-01,1.065274497415542865e-02,0.000000000000000000e+00,0.000000000000000000e+00,0.000000000000000000e+00,0.000000000000000000e+00,0.000000000000000000e+00,0.000000000000000000e+00,0.000000000000000000e+00,8.276375122070312500e+02,8.276388549804687500e+02,8.276392211914062500e+02,8.276381225585937500e+02,-2.083762173203864321e+07
3.040000000000000036e+00,2.475032923434823673e-01,3.451012490196527227e-01,-1.065198992453694933e-02,-1.099343459491919361e-04,1.815202566813889362e-04,7.550496184793170640e-07,9.120278358459472656e-01,5.205714702606201172e+00,-4.911706447601318359e+00,-2.475032923434823673e-01,-3.451012490196527227e-01,1.065198992453694933e-02,0.000000000000000000e+00,0.000000000000000000e+00,0.000000000000000000e+00,0.000000000000000000e+00,0.000000000000000000e+00,0.000000000000000000e+00,0.000000000000000000e+00,8.276375122070312500e+02,8.276387939453125000e+02,8.276392211914062500e+02,8.276381225585937500e+02,-2.083762191250485927e+07
3.040999999999999925e+00,2.473932243571425327e-01,3.452827160902906534e-01,-1.065115896988916462e-02,-1.100679863398346114e-04,1.814670706379306608e-04,8.309546477847096213e-07,9.120330810546875000e-01,5.205737113952636719e+00,-4.911727905273437500e+00,-2.473932243571425327e-01,-3.452827160902906534e-01,1.065115896988916462e-02,0.000000000000000000e+00,0.000000000000000000e+00,0.000000000000000000e+00,0.000000000000000000e+00,0.000000000000000000e+00,0.000000000000000000e+00,0.000000000000000000e+00,8.276375122070312500e+02,8.276387939453125000e+02,8.276392211914062500e+02,8.276380615234375000e+02,-2.083762209304186702e+07
3.041999999999999815e+00,2.472829961521357811e-01,3.454641299032111257e-01,-1.065028621397050464e-02,-1.102282050067515673e-04,1.814138129204723171e-04,8.727559186599842533e-07,9.120388031005859375e-01,5.205758571624755859e+00,-4.911747455596923828e+00,-2.472829961521357811e-01,-3.454641299032111257e-01,1.065028621397050464e-02,0.000000000000000000e+00,0.000000000000000000e+00,0.000000000000000000e+00,0.000000000000000000e+00,0.000000000000000000e+00,0.000000000000000000e+00,0.000000000000000000e+00,8.276375122070312500e+02,8.276387939453125000e+02,8.276391601562500000e+02,8.276380615234375000e+02,-2.083762227364964038e+07
3.043000000000000149e+00,2.471726612114236998e-01,3.456455170498925478e-01,-1.064941106203288329e-02,-1.103349407120812753e-04,1.813871466814220845e-04,8.751519376213462431e-07,9.120435714721679688e-01,5.205780506134033203e+00,-4.911765575408935547e+00,-2.471726612114236998e-01,-3.456455170498925478e-01,1.064941106203288329e-02,0.000000000000000000e+00,0.000000000000000000e+00,0.000000000000000000e+00,0.000000000000000000e+00,0.000000000000000000e+00,0.000000000000000000e+00,0.000000000000000000e+00,8.276375122070312500e+02,8.276387939453125000e+02,8.276391601562500000e+02,8.276380615234375000e+02,-2.083762245432819799e+07
3.044000000000000039e+00,2.470621395947477927e-01,3.458268507810245418e-01,-1.064856823298088694e-02,-1.105216166759070973e-04,1.813337311319940248e-04,8.428290519963549388e-07,9.120486974716186523e-01,5.205803394317626953e+00,-4.911786556243896484e+00,-2.470621395947477927e-01,-3.458268507810245418e-01,1.064856823298088694e-02,0.000000000000000000e+00,0.000000000000000000e+00,0.000000000000000000e+00,0.000000000000000000e+00,0.000000000000000000e+00,0.000000000000000000e+00,0.000000000000000000e+00,8.276375122070312500e+02,8.276387329101562500e+02,8.276390991210937500e+02,8.276380615234375000e+02,-2.083762263507750258e+07
3.044999999999999929e+00,2.469514700548833541e-01,3.460081103894774857e-01,-1.064779314923209111e-02,-1.106695398644386152e-04,1.812596084529438656e-04,7.750837487958267547e-07,9.120543003082275391e-01,5.205822944641113281e+00,-4.911806106567382812e+00,-2.469514700548833541e-01,-3.460081103894774857e-01,1.064779314923209111e-02,0.000000000000000000e+00,0.000000000000000000e+00,0.000000000000000000e+00,0.000000000000000000e+00,0.000000000000000000e+00,0.000000000000000000e+00,0.000000000000000000e+00,8.276375122070312500e+02,8.276387329101562500e+02,8.276390380859375000e+02,8.276380615234375000e+02,-2.083762281589752063e+07
3.045999999999999819e+00,2.468406554638004624e-01,3.461893370386478486e-01,-1.064712359618853223e-02,-1.108145910828917113e-04,1.812266491703629079e-04,6.695530435588820106e-07,9.120600223541259766e-01,5.205847740173339844e+00,-4.911827087402343750e+00,-2.468406554638004624e-01,-3.461893370386478486e-01,1.064712359618853223e-02,0.000000000000000000e+00,0.000000000000000000e+00,0.000000000000000000e+00,0.000000000000000000e+00,0.000000000000000000e+00,0.000000000000000000e+00,0.000000000000000000e+00,8.276375732421875000e+02,8.276386718750000000e+02,8.276390380859375000e+02,8.276380615234375000e+02,-2.083762299678824842e+07
3.047000000000000153e+00,2.467296812036604281e-01,3.463705100388985159e-01,-1.064659400144075778e-02,-1.109742601400343087e-04,1.811730002506672932e-04,5.295947477744478160e-07,9.120650291442871094e-01,5.205870151519775391e+00,-4.911847114562988281e+00,-2.467296812036604281e-01,-3.463705100388985159e-01,1.064659400144075778e-02,0.000000000000000000e+00,0.000000000000000000e+00,0.000000000000000000e+00,0.000000000000000000e+00,0.000000000000000000e+00,0.000000000000000000e+00,0.000000000000000000e+00,8.276375732421875000e+02,8.276386108398437500e+02,8.276389770507812500e+02,8.276381225585937500e+02,-2.083762317774966359e+07
3.048000000000000043e+00,2.466185473734683331e-01,3.465516293206623577e-01,-1.064623688153269396e-02,-1.111338301920949956e-04,1.811192817638418440e-04,3.571199080638215451e-07,9.120702743530273438e-01,5.205891609191894531e+00,-4.911867141723632812e+00,-2.466185473734683331e-01,-3.465516293206623577e-01,1.064623688153269396e-02,0.000000000000000000e+00,0.000000000000000000e+00,0.000000000000000000e+00,0.000000000000000000e+00,0.000000000000000000e+00,0.000000000000000000e+00,0.000000000000000000e+00,8.276376342773437500e+02,8.276386108398437500e+02,8.276389160156250000e+02,8.276381225585937500e+02,-2.083762335878174379e+07
3.048999999999999932e+00,2.465072273995030927e-01,3.467327214939488478e-01,-1.064608639723806094e-02,-1.113199739652404041e-04,1.810921732864900768e-04,1.504842946330187115e-07,9.120757579803466797e-01,5.205913066864013672e+00,-4.911885738372802734e+00,-2.465072273995030927e-01,-3.467327214939488478e-01,1.064608639723806094e-02,0.000000000000000000e+00,0.000000000000000000e+00,0.000000000000000000e+00,0.000000000000000000e+00,0.000000000000000000e+00,0.000000000000000000e+00,0.000000000000000000e+00,8.276376342773437500e+02,8.276385498046875000e+02,8.276388549804687500e+02,8.276381225585937500e+02,-2.083762353988447785e+07
3.049999999999999822e+00,2.463957747270456022e-01,3.469137331305505167e-01,-1.064617177658486701e-02,-1.114526724574904648e-04,1.810116366016689682e-04,-8.537934680606651394e-08,9.120806455612182617e-01,5.205935001373291016e+00,-4.911906242370605469e+00,-2.463957747270456022e-01,-3.469137331305505167e-01,1.064617177658486701e-02,0.000000000000000000e+00,0.000000000000000000e+00,0.000000000000000000e+00,0.000000000000000000e+00,0.000000000000000000e+00,0.000000000000000000e+00,0.000000000000000000e+00,8.276376953125000000e+02,8.276384887695312500e+02,8.276387939453125000e+02,8.276381835937500000e+02,-2.083762372105783597e+07
3.051000000000000156e+00,2.462841360917015499e-01,3.470946908502033357e-01,-1.064652376450847190e-02,-1.116386353440523838e-04,1.809577196528189269e-04,-3.519879236048989446e-07,9.120860099792480469e-01,5.205955982208251953e+00,-4.911925315856933594e+00,-2.462841360917015499e-01,-3.470946908502033357e-01,1.064652376450847190e-02,0.000000000000000000e+00,0.000000000000000000e+00,0.000000000000000000e+00,0.000000000000000000e+00,0.000000000000000000e+00,0.000000000000000000e+00,0.000000000000000000e+00,8.276377563476562500e+02,8.276384277343750000e+02,8.276387329101562500e+02,8.276382446289062500e+02,-2.083762390230178460e+07
3.052000000000000046e+00,2.461723649375470446e-01,3.472755945917693765e-01,-1.064716920275358102e-02,-1.117711541545052256e-04,1.809037415660408321e-04,-6.454382451091117412e-07,9.120913743972778320e-01,5.205979824066162109e+00,-4.911945819854736328e+00,-2.461723649375470446e-01,-3.472755945917693765e-01,1.064716920275358102e-02,0.000000000000000000e+00,0.000000000000000000e+00,0.000000000000000000e+00,0.000000000000000000e+00,0.000000000000000000e+00,0.000000000000000000e+00,0.000000000000000000e+00,8.276378173828125000e+02,8.276383666992187500e+02,8.276386718750000000e+02,8.276382446289062500e+02,-2.083762408361632004e+07
3.052999999999999936e+00,2.460604346583079027e-01,3.474564443065031871e-01,-1.064813218937059151e-02,-1.119302792391418944e-04,1.808497147338106181e-04,-9.629866170104972589e-07,9.120966196060180664e-01,5.206001758575439453e+00,-4.911964893341064453e+00,-2.460604346583079027e-01,-3.474564443065031871e-01,1.064813218937059151e-02,0.000000000000000000e+00,0.000000000000000000e+00,0.000000000000000000e+00,0.000000000000000000e+00,0.000000000000000000e+00,0.000000000000000000e+00,0.000000000000000000e+00,8.276378784179687500e+02,8.276383056640625000e+02,8.276385498046875000e+02,8.276383056640625000e+02,-2.083762426500141993e+07
3.053999999999999826e+00,2.459483453293102306e-01,3.476372666259733291e-01,-1.064943612670556268e-02,-1.120893289976720997e-04,1.808223194701419345e-04,-1.303937334971166928e-06,9.121018648147583008e-01,5.206024169921875000e+00,-4.911984443664550781e+00,-2.459483453293102306e-01,-3.476372666259733291e-01,1.064943612670556268e-02,0.000000000000000000e+00,0.000000000000000000e+00,0.000000000000000000e+00,0.000000000000000000e+00,0.000000000000000000e+00,0.000000000000000000e+00,0.000000000000000000e+00,8.276379394531250000e+02,8.276382446289062500e+02,8.276384887695312500e+02,8.276383666992187500e+02,-2.083762444645708799e+07
3.055000000000000160e+00,2.458361503688596961e-01,3.478180081421858305e-01,-1.065110107210443316e-02,-1.121949604505345643e-04,1.807415162125014518e-04,-1.664945398870479321e-06,9.121068716049194336e-01,5.206042766571044922e+00,-4.912003993988037109e+00,-2.458361503688596961e-01,-3.478180081421858305e-01,1.065110107210443316e-02,0.000000000000000000e+00,0.000000000000000000e+00,0.000000000000000000e+00,0.000000000000000000e+00,0.000000000000000000e+00,0.000000000000000000e+00,0.000000000000000000e+00,8.276380004882812500e+02,8.276381225585937500e+02,8.276384277343750000e+02,8.276383666992187500e+02,-2.083762462798331305e+07
3.056000000000000050e+00,2.457237964733461066e-01,3.479987221865333824e-01,-1.065314365318529612e-02,-1.123538955135894302e-04,1.807140443475518943e-04,-2.042581080862956866e-06,9.121122360229492188e-01,5.206065654754638672e+00,-4.912024021148681641e+00,-2.457237964733461066e-01,-3.479987221865333824e-01,1.065314365318529612e-02,0.000000000000000000e+00,0.000000000000000000e+00,0.000000000000000000e+00,0.000000000000000000e+00,0.000000000000000000e+00,0.000000000000000000e+00,0.000000000000000000e+00,8.276380615234375000e+02,8.276380615234375000e+02,8.276383666992187500e+02,8.276384277343750000e+02,-2.083762480958009884e+07
3.056999999999999940e+00,2.456113103711329848e-01,3.481794087256679937e-01,-1.065557895827778066e-02,-1.124861022131218302e-04,1.806865391346113014e-04,-2.435305092484546519e-06,9.121171236038208008e-01,5.206087589263916016e+00,-4.912043571472167969e+00,-2.456113103711329848e-01,-3.481794087256679937e-01,1.065557895827778066e-02,0.000000000000000000e+00,0.000000000000000000e+00,0.000000000000000000e+00,0.000000000000000000e+00,0.000000000000000000e+00,0.000000000000000000e+00,0.000000000000000000e+00,8.276381225585937500e+02,8.276380004882812500e+02,8.276382446289062500e+02,8.276384887695312500e+02,-2.083762499124745652e+07
3.057999999999999829e+00,2.454987454559818261e-01,3.483600410521880963e-01,-1.065841793094862711e-02,-1.125649151511587398e-04,1.806323265201026373e-04,-2.838972670846443003e-06,9.121224880218505859e-01,5.206110000610351562e+00,-4.912061214447021484e+00,-2.454987454559818261e-01,-3.483600410521880963e-01,1.065841793094862711e-02,0.000000000000000000e+00,0.000000000000000000e+00,0.000000000000000000e+00,0.000000000000000000e+00,0.000000000000000000e+00,0.000000000000000000e+00,0.000000000000000000e+00,8.276381835937500000e+02,8.276379394531250000e+02,8.276381835937500000e+02,8.276385498046875000e+02,-2.083762517298541218e+07
3.059000000000000163e+00,2.453860483957314986e-01,3.485406191522703034e-01,-1.066166958018791196e-02,-1.126970602503274410e-04,1.805781000822070936e-04,-3.251649239284851167e-06,9.121277332305908203e-01,5.206130504608154297e+00,-4.912082672119140625e+00,-2.453860483957314986e-01,-3.485406191522703034e-01,1.066166958018791196e-02,0.000000000000000000e+00,0.000000000000000000e+00,0.000000000000000000e+00,0.000000000000000000e+00,0.000000000000000000e+00,0.000000000000000000e+00,0.000000000000000000e+00,8.276382446289062500e+02,8.276378784179687500e+02,8.276381225585937500e+02,8.276386108398437500e+02,-2.083762535479395837e+07
3.060000000000000053e+00,2.452732725729820373e-01,3.487211963750763699e-01,-1.066533835107128826e-02,-1.127758227494612964e-04,1.805772228060664730e-04,-3.668770883376304415e-06,9.121332168579101562e-01,5.206151485443115234e+00,-4.912102222442626953e+00,-2.452732725729820373e-01,-3.487211963750763699e-01,1.066533835107128826e-02,0.000000000000000000e+00,0.000000000000000000e+00,0.000000000000000000e+00,0.000000000000000000e+00,0.000000000000000000e+00,0.000000000000000000e+00,0.000000000000000000e+00,8.276383056640625000e+02,8.276378173828125000e+02,8.276380615234375000e+02,8.276386718750000000e+02,-2.083762553667315841e+07
3.060999999999999943e+00,2.451604179938457195e-01,3.489017193532416572e-01,-1.066942746412801075e-02,-1.128545791363178008e-04,1.805229781652872845e-04,-4.089113056722493145e-06,9.121379852294921875e-01,5.206174373626708984e+00,-4.912120819091796875e+00,-2.451604179938457195e-01,-3.489017193532416572e-01,1.066942746412801075e-02,0.000000000000000000e+00,0.000000000000000000e+00,0.000000000000000000e+00,0.000000000000000000e+00,0.000000000000000000e+00,0.000000000000000000e+00,0.000000000000000000e+00,8.276383666992187500e+02,8.276376953125000000e+02,8.276379394531250000e+02,8.276386718750000000e+02,-2.083762571862303466e+07
3.061999999999999833e+00,2.450475113422145856e-01,3.490822414507460669e-01,-1.067393544705517658e-02,-1.129066516311338919e-04,1.805220975044097287e-04,-4.507982927165823939e-06,9.121428728103637695e-01,5.206193447113037109e+00,-4.912139892578125000e+00,-2.450475113422145856e-01,-3.490822414507460669e-01,1.067393544705517658e-02,0.000000000000000000e+00,0.000000000000000000e+00,0.000000000000000000e+00,0.000000000000000000e+00,0.000000000000000000e+00,0.000000000000000000e+00,0.000000000000000000e+00,8.276383666992187500e+02,8.276376342773437500e+02,8.276378784179687500e+02,8.276387329101562500e+02,-2.083762590064366162e+07
3.063000000000000167e+00,2.449345259203611347e-01,3.492627093185843856e-01,-1.067885793533045018e-02,-1.129854218534509513e-04,1.804678678383186963e-04,-4.922488275273598224e-06,9.121482372283935547e-01,5.206216812133789062e+00,-4.912158966064453125e+00,-2.449345259203611347e-01,-3.492627093185843856e-01,1.067885793533045018e-02,0.000000000000000000e+00,0.000000000000000000e+00,0.000000000000000000e+00,0.000000000000000000e+00,0.000000000000000000e+00,0.000000000000000000e+00,0.000000000000000000e+00,8.276384277343750000e+02,8.276375732421875000e+02,8.276378173828125000e+02,8.276387939453125000e+02,-2.083762608273506165e+07
3.064000000000000057e+00,2.448215150808828455e-01,3.494432030098298392e-01,-1.068418859238430205e-02,-1.130108394782891601e-04,1.804936912454535580e-04,-5.330657053851869942e-06,9.121528863906860352e-01,5.206237792968750000e+00,-4.912178516387939453e+00,-2.448215150808828455e-01,-3.494432030098298392e-01,1.068418859238430205e-02,0.000000000000000000e+00,0.000000000000000000e+00,0.000000000000000000e+00,0.000000000000000000e+00,0.000000000000000000e+00,0.000000000000000000e+00,0.000000000000000000e+00,8.276384887695312500e+02,8.276375122070312500e+02,8.276377563476562500e+02,8.276388549804687500e+02,-2.083762626489733905e+07
3.064999999999999947e+00,2.447084787840721198e-01,3.496236691891448922e-01,-1.068991563121379426e-02,-1.130362968107256894e-04,1.804661793150530436e-04,-5.727038829492214767e-06,9.121582508087158203e-01,5.206258773803710938e+00,-4.912195682525634766e+00,-2.447084787840721198e-01,-3.496236691891448922e-01,1.068991563121379426e-02,0.000000000000000000e+00,0.000000000000000000e+00,0.000000000000000000e+00,0.000000000000000000e+00,0.000000000000000000e+00,0.000000000000000000e+00,0.000000000000000000e+00,8.276385498046875000e+02,8.276374511718750000e+02,8.276376953125000000e+02,8.276388549804687500e+02,-2.083762644713056460e+07
3.065999999999999837e+00,2.445954436771428375e-01,3.498041078803044712e-01,-1.069602746042284599e-02,-1.130351069292823141e-04,1.804386911595790011e-04,-6.111829209051733436e-06,9.121636152267456055e-01,5.206281185150146484e+00,-4.912217617034912109e+00,-2.445954436771428375e-01,-3.498041078803044712e-01,1.069602746042284599e-02,0.000000000000000000e+00,0.000000000000000000e+00,0.000000000000000000e+00,0.000000000000000000e+00,0.000000000000000000e+00,0.000000000000000000e+00,0.000000000000000000e+00,8.276386108398437500e+02,8.276373901367187500e+02,8.276376342773437500e+02,8.276389160156250000e+02,-2.083762662943481281e+07
3.067000000000000171e+00,2.444824097144539243e-01,3.499845724832796323e-01,-1.070250668477018031e-02,-1.130339626889131921e-04,1.804646029751610925e-04,-6.479224347334319734e-06,9.121685028076171875e-01,5.206300258636474609e+00,-4.912236213684082031e+00,-2.444824097144539243e-01,-3.499845724832796323e-01,1.070250668477018031e-02,0.000000000000000000e+00,0.000000000000000000e+00,0.000000000000000000e+00,0.000000000000000000e+00,0.000000000000000000e+00,0.000000000000000000e+00,0.000000000000000000e+00,8.276386718750000000e+02,8.276373901367187500e+02,8.276375732421875000e+02,8.276389770507812500e+02,-2.083762681181020662e+07
3.068000000000000060e+00,2.443693622724658066e-01,3.501650154861785658e-01,-1.070933347667183712e-02,-1.130474419881177806e-04,1.804430028989334467e-04,-6.826791901656803496e-06,9.121735095977783203e-01,5.206323146820068359e+00,-4.912253856658935547e+00,-2.443693622724658066e-01,-3.501650154861785658e-01,1.070933347667183712e-02,0.000000000000000000e+00,0.000000000000000000e+00,0.000000000000000000e+00,0.000000000000000000e+00,0.000000000000000000e+00,0.000000000000000000e+00,0.000000000000000000e+00,8.276386718750000000e+02,8.276373291015625000e+02,8.276375122070312500e+02,8.276389770507812500e+02,-2.083762699425682053e+07
3.068999999999999950e+00,2.442563571041287684e-01,3.503454786676465926e-01,-1.071648826062041558e-02,-1.130051683370381088e-04,1.804631814680268675e-04,-7.154783948578463670e-06,9.121785163879394531e-01,5.206343650817871094e+00,-4.912274837493896484e+00,-2.442563571041287684e-01,-3.503454786676465926e-01,1.071648826062041558e-02,0.000000000000000000e+00,0.000000000000000000e+00,0.000000000000000000e+00,0.000000000000000000e+00,0.000000000000000000e+00,0.000000000000000000e+00,0.000000000000000000e+00,8.276387329101562500e+02,8.276372680664062500e+02,8.276374511718750000e+02,8.276390380859375000e+02,-2.083762717677478492e+07
3.069999999999999840e+00,2.441434062476041944e-01,3.505259412154602683e-01,-1.072394634554085444e-02,-1.129508565245740392e-04,1.804625478136756556e-04,-7.458084920438853849e-06,9.121836423873901367e-01,5.206365585327148438e+00,-4.912293910980224609e+00,-2.441434062476041944e-01,-3.505259412154602683e-01,1.072394634554085444e-02,0.000000000000000000e+00,0.000000000000000000e+00,0.000000000000000000e+00,0.000000000000000000e+00,0.000000000000000000e+00,0.000000000000000000e+00,0.000000000000000000e+00,8.276387329101562500e+02,8.276372070312500000e+02,8.276374511718750000e+02,8.276390380859375000e+02,-2.083762735936422646e+07
3.071000000000000174e+00,2.440305096256832895e-01,3.507064298680598879e-01,-1.073168110780392190e-02,-1.128966219209048827e-04,1.804886525996196589e-04,-7.734762263067462840e-06,9.121885299682617188e-01,5.206385612487792969e+00,-4.912311077117919922e+00,-2.440305096256832895e-01,-3.507064298680598879e-01,1.073168110780392190e-02,0.000000000000000000e+00,0.000000000000000000e+00,0.000000000000000000e+00,0.000000000000000000e+00,0.000000000000000000e+00,0.000000000000000000e+00,0.000000000000000000e+00,8.276387939453125000e+02,8.276372070312500000e+02,8.276373901367187500e+02,8.276390380859375000e+02,-2.083762754202528670e+07
3.072000000000000064e+00,2.439176938338506462e-01,3.508869446842634021e-01,-1.073966428101558353e-02,-1.128157918326433418e-04,1.805148162035141723e-04,-7.983173211661628854e-06,9.121936559677124023e-01,5.206408023834228516e+00,-4.912330627441406250e+00,-2.439176938338506462e-01,-3.508869446842634021e-01,1.073966428101558353e-02,0.000000000000000000e+00,0.000000000000000000e+00,0.000000000000000000e+00,0.000000000000000000e+00,0.000000000000000000e+00,0.000000000000000000e+00,0.000000000000000000e+00,8.276387939453125000e+02,8.276372070312500000e+02,8.276373901367187500e+02,8.276390991210937500e+02,-2.083762772475811467e+07
3.072999999999999954e+00,2.438049587787671224e-01,3.510674857304185159e-01,-1.074786501588252327e-02,-1.127350550835237719e-04,1.805410461551137935e-04,-8.200734866939743406e-06,9.121987819671630859e-01,5.206429481506347656e+00,-4.912350177764892578e+00,-2.438049587787671224e-01,-3.510674857304185159e-01,1.074786501588252327e-02,0.000000000000000000e+00,0.000000000000000000e+00,0.000000000000000000e+00,0.000000000000000000e+00,0.000000000000000000e+00,0.000000000000000000e+00,0.000000000000000000e+00,8.276387939453125000e+02,8.276371459960937500e+02,8.276373291015625000e+02,8.276390991210937500e+02,-2.083762790756287053e+07
3.073999999999999844e+00,2.436923310509090945e-01,3.512480797511615682e-01,-1.075625260165985995e-02,-1.126277278580278818e-04,1.805940207430523081e-04,-8.387585777336684090e-06,9.122035503387451172e-01,5.206449031829833984e+00,-4.912368774414062500e+00,-2.436923310509090945e-01,-3.512480797511615682e-01,1.075625260165985995e-02,0.000000000000000000e+00,0.000000000000000000e+00,0.000000000000000000e+00,0.000000000000000000e+00,0.000000000000000000e+00,0.000000000000000000e+00,0.000000000000000000e+00,8.276387939453125000e+02,8.276371459960937500e+02,8.276373291015625000e+02,8.276390991210937500e+02,-2.083762809043973312e+07
3.075000000000000178e+00,2.435797838567305140e-01,3.514286734622996122e-01,-1.076479182492813547e-02,-1.125471941785805008e-04,1.805937111380440108e-04,-8.539223268275511480e-06,9.122085571289062500e-01,5.206470012664794922e+00,-4.912388324737548828e+00,-2.435797838567305140e-01,-3.514286734622996122e-01,1.076479182492813547e-02,0.000000000000000000e+00,0.000000000000000000e+00,0.000000000000000000e+00,0.000000000000000000e+00,0.000000000000000000e+00,0.000000000000000000e+00,0.000000000000000000e+00,8.276387939453125000e+02,8.276371459960937500e+02,8.276373291015625000e+02,8.276390991210937500e+02,-2.083762827338883653e+07
3.076000000000000068e+00,2.434673704626365009e-01,3.516093202919300942e-01,-1.077344961231084877e-02,-1.124133940940130749e-04,1.806468296304819532e-04,-8.657787382713305613e-06,9.122136831283569336e-01,5.206490993499755859e+00,-4.912406444549560547e+00,-2.434673704626365009e-01,-3.516093202919300942e-01,1.077344961231084877e-02,0.000000000000000000e+00,0.000000000000000000e+00,0.000000000000000000e+00,0.000000000000000000e+00,0.000000000000000000e+00,0.000000000000000000e+00,0.000000000000000000e+00,8.276387939453125000e+02,8.276371459960937500e+02,8.276372680664062500e+02,8.276390380859375000e+02,-2.083762845641037822e+07
3.076999999999999957e+00,2.433550640751126759e-01,3.517899936380977644e-01,-1.078218997344142227e-02,-1.123063875238250464e-04,1.806733461676701680e-04,-8.740361130573498505e-06,9.122188091278076172e-01,5.206511497497558594e+00,-4.912426471710205078e+00,-2.433550640751126759e-01,-3.517899936380977644e-01,1.078218997344142227e-02,0.000000000000000000e+00,0.000000000000000000e+00,0.000000000000000000e+00,0.000000000000000000e+00,0.000000000000000000e+00,0.000000000000000000e+00,0.000000000000000000e+00,8.276387939453125000e+02,8.276371459960937500e+02,8.276372680664062500e+02,8.276390380859375000e+02,-2.083762863950452209e+07
3.077999999999999847e+00,2.432429179494305926e-01,3.519707202531843770e-01,-1.079097727707191770e-02,-1.121461256820832642e-04,1.807266150866126964e-04,-8.787303630495429951e-06,9.122235774993896484e-01,5.206534385681152344e+00,-4.912445068359375000e+00,-2.432429179494305926e-01,-3.519707202531843770e-01,1.079097727707191770e-02,0.000000000000000000e+00,0.000000000000000000e+00,0.000000000000000000e+00,0.000000000000000000e+00,0.000000000000000000e+00,0.000000000000000000e+00,0.000000000000000000e+00,8.276387939453125000e+02,8.276371459960937500e+02,8.276373291015625000e+02,8.276390380859375000e+02,-2.083762882267147303e+07
3.079000000000000181e+00,2.431309052920941349e-01,3.521515002174627207e-01,-1.079977475578406884e-02,-1.120126573364577105e-04,1.807799642783436411e-04,-8.797478712151141078e-06,9.122287034988403320e-01,5.206554889678955078e+00,-4.912463665008544922e+00,-2.431309052920941349e-01,-3.521515002174627207e-01,1.079977475578406884e-02,0.000000000000000000e+00,0.000000000000000000e+00,0.000000000000000000e+00,0.000000000000000000e+00,0.000000000000000000e+00,0.000000000000000000e+00,0.000000000000000000e+00,8.276387939453125000e+02,8.276371459960937500e+02,8.276373291015625000e+02,8.276389770507812500e+02,-2.083762900591142476e+07
3.080000000000000071e+00,2.430190259898845906e-01,3.523323069262147000e-01,-1.080854650119614756e-02,-1.118793022095443401e-04,1.808067087519793503e-04,-8.771745412078715831e-06,9.122338294982910156e-01,5.206575870513916016e+00,-4.912483692169189453e+00,-2.430190259898845906e-01,-3.523323069262147000e-01,1.080854650119614756e-02,0.000000000000000000e+00,0.000000000000000000e+00,0.000000000000000000e+00,0.000000000000000000e+00,0.000000000000000000e+00,0.000000000000000000e+00,0.000000000000000000e+00,8.276387329101562500e+02,8.276371459960937500e+02,8.276373291015625000e+02,8.276389770507812500e+02,-2.083762918922455236e+07
3.080999999999999961e+00,2.429073332922698225e-01,3.525131671349158724e-01,-1.081725521480676917e-02,-1.116926976147680772e-04,1.808602087011723647e-04,-8.708713610621615642e-06,9.122388362884521484e-01,5.206598281860351562e+00,-4.912501811981201172e+00,-2.429073332922698225e-01,-3.525131671349158724e-01,1.081725521480676917e-02,0.000000000000000000e+00,0.000000000000000000e+00,0.000000000000000000e+00,0.000000000000000000e+00,0.000000000000000000e+00,0.000000000000000000e+00,0.000000000000000000e+00,8.276387329101562500e+02,8.276372070312500000e+02,8.276373291015625000e+02,8.276389160156250000e+02,-2.083762937261107191e+07
3.081999999999999851e+00,2.427957737322488374e-01,3.526941076029694311e-01,-1.082586577116670216e-02,-1.115595600209851046e-04,1.809404680535586785e-04,-8.610556359932991510e-06,9.122436046600341797e-01,5.206618309020996094e+00,-4.912520408630371094e+00,-2.427957737322488374e-01,-3.526941076029694311e-01,1.082586577116670216e-02,0.000000000000000000e+00,0.000000000000000000e+00,0.000000000000000000e+00,0.000000000000000000e+00,0.000000000000000000e+00,0.000000000000000000e+00,0.000000000000000000e+00,8.276386718750000000e+02,8.276372070312500000e+02,8.276373901367187500e+02,8.276389160156250000e+02,-2.083762955607119203e+07
3.083000000000000185e+00,2.426843738764282166e-01,3.528750750403759073e-01,-1.083434312129862367e-02,-1.113998558206208411e-04,1.809674374064762503e-04,-8.477350131921509990e-06,9.122484922409057617e-01,5.206638813018798828e+00,-4.912540435791015625e+00,-2.426843738764282166e-01,-3.528750750403759073e-01,1.083434312129862367e-02,0.000000000000000000e+00,0.000000000000000000e+00,0.000000000000000000e+00,0.000000000000000000e+00,0.000000000000000000e+00,0.000000000000000000e+00,0.000000000000000000e+00,8.276386108398437500e+02,8.276372680664062500e+02,8.276373901367187500e+02,8.276388549804687500e+02,-2.083762973960509896e+07
3.084000000000000075e+00,2.425731336193318877e-01,3.530560962015796278e-01,-1.084265230389743102e-02,-1.112402570963288984e-04,1.810211612037204709e-04,-8.309182598807349218e-06,9.122538566589355469e-01,5.206659317016601562e+00,-4.912559986114501953e+00,-2.425731336193318877e-01,-3.530560962015796278e-01,1.084265230389743102e-02,0.000000000000000000e+00,0.000000000000000000e+00,0.000000000000000000e+00,0.000000000000000000e+00,0.000000000000000000e+00,0.000000000000000000e+00,0.000000000000000000e+00,8.276386108398437500e+02,8.276373291015625000e+02,8.276374511718750000e+02,8.276387939453125000e+02,-2.083762992321299389e+07
3.084999999999999964e+00,2.424620795409188068e-01,3.532371711525009728e-01,-1.085076088464658958e-02,-1.110540784130809033e-04,1.810749509213449571e-04,-8.108580749158558754e-06,9.122592210769653320e-01,5.206683158874511719e+00,-4.912578105926513672e+00,-2.424620795409188068e-01,-3.532371711525009728e-01,1.085076088464658958e-02,0.000000000000000000e+00,0.000000000000000000e+00,0.000000000000000000e+00,0.000000000000000000e+00,0.000000000000000000e+00,0.000000000000000000e+00,0.000000000000000000e+00,8.276385498046875000e+02,8.276373291015625000e+02,8.276375122070312500e+02,8.276387329101562500e+02,-2.083763010689509287e+07
3.085999999999999854e+00,2.423511581887485555e-01,3.534183266414495095e-01,-1.085863874028764227e-02,-1.109213521702512306e-04,1.811554889485367248e-04,-7.877855641052686209e-06,9.122638702392578125e-01,5.206703186035156250e+00,-4.912597656250000000e+00,-2.423511581887485555e-01,-3.534183266414495095e-01,1.085863874028764227e-02,0.000000000000000000e+00,0.000000000000000000e+00,0.000000000000000000e+00,0.000000000000000000e+00,0.000000000000000000e+00,0.000000000000000000e+00,0.000000000000000000e+00,8.276384887695312500e+02,8.276373901367187500e+02,8.276375122070312500e+02,8.276386718750000000e+02,-2.083763029065160081e+07
3.087000000000000188e+00,2.422404228198402898e-01,3.535995093684924928e-01,-1.086625423963899668e-02,-1.107353689082657411e-04,1.811827270429833270e-04,-7.615499351354415580e-06,9.122689962387084961e-01,5.206726074218750000e+00,-4.912617206573486328e+00,-2.422404228198402898e-01,-3.535995093684924928e-01,1.086625423963899668e-02,0.000000000000000000e+00,0.000000000000000000e+00,0.000000000000000000e+00,0.000000000000000000e+00,0.000000000000000000e+00,0.000000000000000000e+00,0.000000000000000000e+00,8.276384277343750000e+02,8.276374511718750000e+02,8.276375732421875000e+02,8.276386108398437500e+02,-2.083763047448271140e+07
3.088000000000000078e+00,2.421298199916588068e-01,3.537807460746669741e-01,-1.087358059438901618e-02,-1.106028281814830372e-04,1.812367061744812879e-04,-7.326354750019498097e-06,9.122738838195800781e-01,5.206746101379394531e+00,-4.912635326385498047e+00,-2.421298199916588068e-01,-3.537807460746669741e-01,1.087358059438901618e-02,0.000000000000000000e+00,0.000000000000000000e+00,0.000000000000000000e+00,0.000000000000000000e+00,0.000000000000000000e+00,0.000000000000000000e+00,0.000000000000000000e+00,8.276383666992187500e+02,8.276375122070312500e+02,8.276376342773437500e+02,8.276385498046875000e+02,-2.083763065838861093e+07
3.088999999999999968e+00,2.420193618830198956e-01,3.539620157101038833e-01,-1.088059227023429991e-02,-1.104581086389111455e-04,1.812696354369092155e-04,-7.011675845283726893e-06,9.122793674468994141e-01,5.206768035888671875e+00,-4.912656307220458984e+00,-2.420193618830198956e-01,-3.539620157101038833e-01,1.088059227023429991e-02,0.000000000000000000e+00,0.000000000000000000e+00,0.000000000000000000e+00,0.000000000000000000e+00,0.000000000000000000e+00,0.000000000000000000e+00,0.000000000000000000e+00,8.276383056640625000e+02,8.276375732421875000e+02,8.276376953125000000e+02,8.276384887695312500e+02,-2.083763084236947820e+07
3.089999999999999858e+00,2.419090772713725912e-01,3.541433605130420159e-01,-1.088726629590099949e-02,-1.102846116473044091e-04,1.813448029381325988e-04,-6.674025666699584525e-06,9.122844934463500977e-01,5.206788539886474609e+00,-4.912675380706787109e+00,-2.419090772713725912e-01,-3.541433605130420159e-01,1.088726629590099949e-02,0.000000000000000000e+00,0.000000000000000000e+00,0.000000000000000000e+00,0.000000000000000000e+00,0.000000000000000000e+00,0.000000000000000000e+00,0.000000000000000000e+00,8.276382446289062500e+02,8.276376342773437500e+02,8.276377563476562500e+02,8.276384277343750000e+02,-2.083763102642553300e+07
3.091000000000000192e+00,2.417989249821295983e-01,3.543247594383955312e-01,-1.089358197534267582e-02,-1.101522892429929179e-04,1.813989253535153168e-04,-6.315679441676325112e-06,9.122896194458007812e-01,5.206810474395751953e+00,-4.912694931030273438e+00,-2.417989249821295983e-01,-3.543247594383955312e-01,1.089358197534267582e-02,0.000000000000000000e+00,0.000000000000000000e+00,0.000000000000000000e+00,0.000000000000000000e+00,0.000000000000000000e+00,0.000000000000000000e+00,0.000000000000000000e+00,8.276381835937500000e+02,8.276376953125000000e+02,8.276378173828125000e+02,8.276383056640625000e+02,-2.083763121055695787e+07
3.092000000000000082e+00,2.416889049537876977e-01,3.545061858430462731e-01,-1.089952090970579962e-02,-1.100200283419006109e-04,1.814264046507418904e-04,-5.938934363123801741e-06,9.122945070266723633e-01,5.206833362579345703e+00,-4.912713050842285156e+00,-2.416889049537876977e-01,-3.545061858430462731e-01,1.089952090970579962e-02,0.000000000000000000e+00,0.000000000000000000e+00,0.000000000000000000e+00,0.000000000000000000e+00,0.000000000000000000e+00,0.000000000000000000e+00,0.000000000000000000e+00,8.276380615234375000e+02,8.276377563476562500e+02,8.276378784179687500e+02,8.276382446289062500e+02,-2.083763139476392046e+07
3.092999999999999972e+00,2.415790171468098768e-01,3.546876931172688874e-01,-1.090506903791927003e-02,-1.098878069778208566e-04,1.815072742226142566e-04,-5.548128213470407410e-06,9.123001098632812500e-01,5.206855773925781250e+00,-4.912734508514404297e+00,-2.415790171468098768e-01,-3.546876931172688874e-01,1.090506903791927003e-02,0.000000000000000000e+00,0.000000000000000000e+00,0.000000000000000000e+00,0.000000000000000000e+00,0.000000000000000000e+00,0.000000000000000000e+00,0.000000000000000000e+00,8.276380004882812500e+02,8.276378173828125000e+02,8.276379394531250000e+02,8.276381835937500000e+02,-2.083763157904662192e+07
3.093999999999999861e+00,2.414692348278601464e-01,3.548692012481468039e-01,-1.091021276862014569e-02,-1.097823189497304508e-04,1.815081308779165070e-04,-5.143730700875662198e-06,9.123047590255737305e-01,5.206875324249267578e+00,-4.912753582000732422e+00,-2.414692348278601464e-01,-3.548692012481468039e-01,1.091021276862014569e-02,0.000000000000000000e+00,0.000000000000000000e+00,0.000000000000000000e+00,0.000000000000000000e+00,0.000000000000000000e+00,0.000000000000000000e+00,0.000000000000000000e+00,8.276379394531250000e+02,8.276378784179687500e+02,8.276380004882812500e+02,8.276381225585937500e+02,-2.083763176340519637e+07
3.095000000000000195e+00,2.413595579753091691e-01,3.550507636135663558e-01,-1.091494387699764451e-02,-1.096768525509772552e-04,1.815623654195519521e-04,-4.731108377498821627e-06,9.123102426528930664e-01,5.206896781921386719e+00,-4.912771224975585938e+00,-2.413595579753091691e-01,-3.550507636135663558e-01,1.091494387699764451e-02,0.000000000000000000e+00,0.000000000000000000e+00,0.000000000000000000e+00,0.000000000000000000e+00,0.000000000000000000e+00,0.000000000000000000e+00,0.000000000000000000e+00,8.276378784179687500e+02,8.276379394531250000e+02,8.276380615234375000e+02,8.276380004882812500e+02,-2.083763194783981517e+07
3.096000000000000085e+00,2.412499865634585017e-01,3.552323535456233805e-01,-1.091925563699897885e-02,-1.095714118506674328e-04,1.815899320570246722e-04,-4.311760001334333237e-06,9.123154878616333008e-01,5.206920146942138672e+00,-4.912793159484863281e+00,-2.412499865634585017e-01,-3.552323535456233805e-01,1.091925563699897885e-02,0.000000000000000000e+00,0.000000000000000000e+00,0.000000000000000000e+00,0.000000000000000000e+00,0.000000000000000000e+00,0.000000000000000000e+00,0.000000000000000000e+00,8.276378173828125000e+02,8.276380615234375000e+02,8.276381225585937500e+02,8.276379394531250000e+02,-2.083763213235062733e+07
3.096999999999999975e+00,2.411404672179958963e-01,3.554139710548612219e-01,-1.092314454842058767e-02,-1.095193454626053331e-04,1.816175092378413680e-04,-3.888911421608826080e-06,9.123207330703735352e-01,5.206942558288574219e+00,-4.912812232971191406e+00,-2.411404672179958963e-01,-3.554139710548612219e-01,1.092314454842058767e-02,0.000000000000000000e+00,0.000000000000000000e+00,0.000000000000000000e+00,0.000000000000000000e+00,0.000000000000000000e+00,0.000000000000000000e+00,0.000000000000000000e+00,8.276377563476562500e+02,8.276381225585937500e+02,8.276381835937500000e+02,8.276378784179687500e+02,-2.083763231693775952e+07
3.097999999999999865e+00,2.410310533040646574e-01,3.555956161318188924e-01,-1.092661244456234922e-02,-1.094139139312388931e-04,1.816450769576705149e-04,-3.467896141761545037e-06,9.123259782791137695e-01,5.206964969635009766e+00,-4.912833690643310547e+00,-2.410310533040646574e-01,-3.555956161318188924e-01,1.092661244456234922e-02,0.000000000000000000e+00,0.000000000000000000e+00,0.000000000000000000e+00,0.000000000000000000e+00,0.000000000000000000e+00,0.000000000000000000e+00,0.000000000000000000e+00,8.276376342773437500e+02,8.276381835937500000e+02,8.276382446289062500e+02,8.276378173828125000e+02,-2.083763250160136074e+07
3.099000000000000199e+00,2.409216647870533468e-01,3.557772887753847812e-01,-1.092966241239738852e-02,-1.093885170113106931e-04,1.816726435658888583e-04,-3.049967835039302244e-06,9.123311042785644531e-01,5.206986427307128906e+00,-4.912851333618164062e+00,-2.409216647870533468e-01,-3.557772887753847812e-01,1.092966241239738852e-02,0.000000000000000000e+00,0.000000000000000000e+00,0.000000000000000000e+00,0.000000000000000000e+00,0.000000000000000000e+00,0.000000000000000000e+00,0.000000000000000000e+00,8.276375732421875000e+02,8.276382446289062500e+02,8.276383056640625000e+02,8.276377563476562500e+02,-2.083763268634154648e+07
3.100000000000000089e+00,2.408123283584366336e-01,3.559589622907273210e-01,-1.093229948138485855e-02,-1.093364286167131105e-04,1.816735153425397264e-04,-2.637068987470028714e-06,9.123364686965942383e-01,5.207006931304931641e+00,-4.912871360778808594e+00,-2.408123283584366336e-01,-3.559589622907273210e-01,1.093229948138485855e-02,0.000000000000000000e+00,0.000000000000000000e+00,0.000000000000000000e+00,0.000000000000000000e+00,0.000000000000000000e+00,0.000000000000000000e+00,0.000000000000000000e+00,8.276375122070312500e+02,8.276383056640625000e+02,8.276383666992187500e+02,8.276376953125000000e+02,-2.083763287115842104e+07
3.100999999999999979e+00,2.407030173720174637e-01,3.561406633370244323e-01,-1.093453446395125685e-02,-1.093109864191699199e-04,1.817010462971113682e-04,-2.234982566398299730e-06,9.123417139053344727e-01,5.207030773162841797e+00,-4.912891864776611328e+00,-2.407030173720174637e-01,-3.561406633370244323e-01,1.093453446395125685e-02,0.000000000000000000e+00,0.000000000000000000e+00,0.000000000000000000e+00,0.000000000000000000e+00,0.000000000000000000e+00,0.000000000000000000e+00,0.000000000000000000e+00,8.276374511718750000e+02,8.276383666992187500e+02,8.276384277343750000e+02,8.276376342773437500e+02,-2.083763305605209991e+07
3.101999999999999869e+00,2.405937318591128693e-01,3.563223652078683634e-01,-1.093637897691174254e-02,-1.092855129045944285e-04,1.817018708439310792e-04,-1.844512960485697461e-06,9.123470783233642578e-01,5.207052707672119141e+00,-4.912913322448730469e+00,-2.405937318591128693e-01,-3.563223652078683634e-01,1.093637897691174254e-02,0.000000000000000000e+00,0.000000000000000000e+00,0.000000000000000000e+00,0.000000000000000000e+00,0.000000000000000000e+00,0.000000000000000000e+00,0.000000000000000000e+00,8.276373901367187500e+02,8.276383666992187500e+02,8.276384887695312500e+02,8.276375732421875000e+02,-2.083763324102267623e+07
3.103000000000000203e+00,2.404844451887553913e-01,3.565040678695249321e-01,-1.093784961283078561e-02,-1.092866703574779663e-04,1.817026616565686759e-04,-1.470635919043061790e-06,9.123522043228149414e-01,5.207073688507080078e+00,-4.912930011749267578e+00,-2.404844451887553913e-01,-3.565040678695249321e-01,1.093784961283078561e-02,0.000000000000000000e+00,0.000000000000000000e+00,0.000000000000000000e+00,0.000000000000000000e+00,0.000000000000000000e+00,0.000000000000000000e+00,0.000000000000000000e+00,8.276373901367187500e+02,8.276384277343750000e+02,8.276385498046875000e+02,8.276375122070312500e+02,-2.083763342607023194e+07
3.104000000000000092e+00,2.403751307352731958e-01,3.566857712848276463e-01,-1.093896463165218783e-02,-1.093144534821954839e-04,1.817034153027141663e-04,-1.115018821402219418e-06,9.123578071594238281e-01,5.207096099853515625e+00,-4.912950992584228516e+00,-2.403751307352731958e-01,-3.566857712848276463e-01,1.093896463165218783e-02,0.000000000000000000e+00,0.000000000000000000e+00,0.000000000000000000e+00,0.000000000000000000e+00,0.000000000000000000e+00,0.000000000000000000e+00,0.000000000000000000e+00,8.276373291015625000e+02,8.276384887695312500e+02,8.276385498046875000e+02,8.276374511718750000e+02,-2.083763361119483411e+07
3.104999999999999982e+00,2.402657885592937581e-01,3.568674754108118741e-01,-1.093974404379556391e-02,-1.093421759794377390e-04,1.817041259842278045e-04,-7.794121433760820006e-07,9.123626947402954102e-01,5.207118511199951172e+00,-4.912971973419189453e+00,-2.402657885592937581e-01,-3.568674754108118741e-01,1.093974404379556391e-02,0.000000000000000000e+00,0.000000000000000000e+00,0.000000000000000000e+00,0.000000000000000000e+00,0.000000000000000000e+00,0.000000000000000000e+00,0.000000000000000000e+00,8.276372680664062500e+02,8.276385498046875000e+02,8.276386108398437500e+02,8.276373901367187500e+02,-2.083763379639655724e+07
3.105999999999999872e+00,2.401564187288935670e-01,3.570491535168435204e-01,-1.094021113883639033e-02,-1.093698304001911037e-04,1.816781060316463581e-04,-4.670950408264262776e-07,9.123682975769042969e-01,5.207140922546386719e+00,-4.912991523742675781e+00,-2.401564187288935670e-01,-3.570491535168435204e-01,1.094021113883639033e-02,0.000000000000000000e+00,0.000000000000000000e+00,0.000000000000000000e+00,0.000000000000000000e+00,0.000000000000000000e+00,0.000000000000000000e+00,0.000000000000000000e+00,8.276372070312500000e+02,8.276385498046875000e+02,8.276386718750000000e+02,8.276373291015625000e+02,-2.083763398167544976e+07
3.107000000000000206e+00,2.400469946504425467e-01,3.572308322275308812e-01,-1.094039340397109407e-02,-1.094240784510203124e-04,1.816787106873607449e-04,-1.822651347037351766e-07,9.123733043670654297e-01,5.207163810729980469e+00,-4.913011074066162109e+00,-2.400469946504425467e-01,-3.572308322275308812e-01,1.094039340397109407e-02,0.000000000000000000e+00,0.000000000000000000e+00,0.000000000000000000e+00,0.000000000000000000e+00,0.000000000000000000e+00,0.000000000000000000e+00,0.000000000000000000e+00,8.276372070312500000e+02,8.276386108398437500e+02,8.276386718750000000e+02,8.276373291015625000e+02,-2.083763416703156754e+07
3.108000000000000096e+00,2.399374897243443383e-01,3.574124848060735160e-01,-1.094031821434839763e-02,-1.095049260982083883e-04,1.816525785426348349e-04,7.518962269643936214e-08,9.123787879943847656e-01,5.207185745239257812e+00,-4.913030624389648438e+00,-2.399374897243443383e-01,-3.574124848060735160e-01,1.094031821434839763e-02,0.000000000000000000e+00,0.000000000000000000e+00,0.000000000000000000e+00,0.000000000000000000e+00,0.000000000000000000e+00,0.000000000000000000e+00,0.000000000000000000e+00,8.276371459960937500e+02,8.276386108398437500e+02,8.276386718750000000e+02,8.276372680664062500e+02,-2.083763435246494040e+07
3.108999999999999986e+00,2.398279307188319331e-01,3.575941111900404756e-01,-1.094001400122063088e-02,-1.095590055124051609e-04,1.816263839669596258e-04,3.042131277667531331e-07,9.123842716217041016e-01,5.207208156585693359e+00,-4.913053035736083984e+00,-2.398279307188319331e-01,-3.575941111900404756e-01,1.094001400122063088e-02,0.000000000000000000e+00,0.000000000000000000e+00,0.000000000000000000e+00,0.000000000000000000e+00,0.000000000000000000e+00,0.000000000000000000e+00,0.000000000000000000e+00,8.276371459960937500e+02,8.276386108398437500e+02,8.276387329101562500e+02,8.276372680664062500e+02,-2.083763453797560930e+07
3.109999999999999876e+00,2.397182234076127294e-01,3.577756899893445031e-01,-1.093951325798044223e-02,-1.097073112192037403e-04,1.815787993040274273e-04,5.007432401886446893e-07,9.123895168304443359e-01,5.207230091094970703e+00,-4.913072109222412109e+00,-2.397182234076127294e-01,-3.577756899893445031e-01,1.093951325798044223e-02,0.000000000000000000e+00,0.000000000000000000e+00,0.000000000000000000e+00,0.000000000000000000e+00,0.000000000000000000e+00,0.000000000000000000e+00,0.000000000000000000e+00,8.276371459960937500e+02,8.276386718750000000e+02,8.276387329101562500e+02,8.276372680664062500e+02,-2.083763472356355190e+07
3.111000000000000210e+00,2.396084498325770362e-01,3.579572637734566021e-01,-1.093884988286139039e-02,-1.097735750356931828e-04,1.815737841120990126e-04,6.633751190518455410e-07,9.123951196670532227e-01,5.207253456115722656e+00,-4.913092136383056641e+00,-2.396084498325770362e-01,-3.579572637734566021e-01,1.093884988286139039e-02,0.000000000000000000e+00,0.000000000000000000e+00,0.000000000000000000e+00,0.000000000000000000e+00,0.000000000000000000e+00,0.000000000000000000e+00,0.000000000000000000e+00,8.276371459960937500e+02,8.276386718750000000e+02,8.276387329101562500e+02,8.276372070312500000e+02,-2.083763490922882408e+07
3.112000000000000099e+00,2.394985691228340430e-01,3.581387844761177441e-01,-1.093805731361817586e-02,-1.098807097429932433e-04,1.815207026611420638e-04,7.925692432145248212e-07,9.123997688293457031e-01,5.207273960113525391e+00,-4.913111686706542969e+00,-2.394985691228340430e-01,-3.581387844761177441e-01,1.093805731361817586e-02,0.000000000000000000e+00,0.000000000000000000e+00,0.000000000000000000e+00,0.000000000000000000e+00,0.000000000000000000e+00,0.000000000000000000e+00,0.000000000000000000e+00,8.276371459960937500e+02,8.276386718750000000e+02,8.276387329101562500e+02,8.276372070312500000e+02,-2.083763509497141838e+07
3.112999999999999989e+00,2.393885547093515531e-01,3.583202787069406092e-01,-1.093717054071317689e-02,-1.100144134824898590e-04,1.814942308228650880e-04,8.867729049989725443e-07,9.124054908752441406e-01,5.207296848297119141e+00,-4.913131713867187500e+00,-2.393885547093515531e-01,-3.583202787069406092e-01,1.093717054071317689e-02,0.000000000000000000e+00,0.000000000000000000e+00,0.000000000000000000e+00,0.000000000000000000e+00,0.000000000000000000e+00,0.000000000000000000e+00,0.000000000000000000e+00,8.276371459960937500e+02,8.276386718750000000e+02,8.276387329101562500e+02,8.276372070312500000e+02,-2.083763528079134226e+07
3.113999999999999879e+00,2.392784067007796278e-01,3.585017197100414110e-01,-1.093622536011886262e-02,-1.101480085719253044e-04,1.814410031008018009e-04,9.451805943142682631e-07,9.124110937118530273e-01,5.207320213317871094e+00,-4.913152217864990234e+00,-2.392784067007796278e-01,-3.585017197100414110e-01,1.093622536011886262e-02,0.000000000000000000e+00,0.000000000000000000e+00,0.000000000000000000e+00,0.000000000000000000e+00,0.000000000000000000e+00,0.000000000000000000e+00,0.000000000000000000e+00,8.276371459960937500e+02,8.276386718750000000e+02,8.276387329101562500e+02,8.276372070312500000e+02,-2.083763546668858081e+07
3.115000000000000213e+00,2.391681252173546157e-01,3.586831340877115748e-01,-1.093525934688162164e-02,-1.102814834250120946e-04,1.814143776701637734e-04,9.660132372409785395e-07,9.124159812927246094e-01,5.207341670989990234e+00,-4.913172245025634766e+00,-2.391681252173546157e-01,-3.586831340877115748e-01,1.093525934688162164e-02,0.000000000000000000e+00,0.000000000000000000e+00,0.000000000000000000e+00,0.000000000000000000e+00,0.000000000000000000e+00,0.000000000000000000e+00,0.000000000000000000e+00,8.276371459960937500e+02,8.276386108398437500e+02,8.276386718750000000e+02,8.276372680664062500e+02,-2.083763565266314521e+07
3.116000000000000103e+00,2.390577103681892079e-01,3.588644950843461467e-01,-1.093430829703152980e-02,-1.104148491654077802e-04,1.813609966345719471e-04,9.510498500918396214e-07,9.124217033386230469e-01,5.207363128662109375e+00,-4.913192272186279297e+00,-2.390577103681892079e-01,-3.588644950843461467e-01,1.093430829703152980e-02,0.000000000000000000e+00,0.000000000000000000e+00,0.000000000000000000e+00,0.000000000000000000e+00,0.000000000000000000e+00,0.000000000000000000e+00,0.000000000000000000e+00,8.276371459960937500e+02,8.276386108398437500e+02,8.276386718750000000e+02,8.276372680664062500e+02,-2.083763583871502057e+07
3.116999999999999993e+00,2.389471089037065454e-01,3.590458026299799266e-01,-1.093340789515654179e-02,-1.106014644826625037e-04,1.813075456337798208e-04,9.004018749880077221e-07,9.124265909194946289e-01,5.207386016845703125e+00,-4.913211822509765625e+00,-2.389471089037065454e-01,-3.590458026299799266e-01,1.093340789515654179e-02,0.000000000000000000e+00,0.000000000000000000e+00,0.000000000000000000e+00,0.000000000000000000e+00,0.000000000000000000e+00,0.000000000000000000e+00,0.000000000000000000e+00,8.276372070312500000e+02,8.276386108398437500e+02,8.276386718750000000e+02,8.276372680664062500e+02,-2.083763602484416962e+07
3.117999999999999883e+00,2.388363743011413243e-01,3.592270566435626922e-01,-1.093259499386681731e-02,-1.107346025652211630e-04,1.812540135827656052e-04,8.129012897244852764e-07,9.124320745468139648e-01,5.207407951354980469e+00,-4.913232803344726562e+00,-2.388363743011413243e-01,-3.592270566435626922e-01,1.093259499386681731e-02,0.000000000000000000e+00,0.000000000000000000e+00,0.000000000000000000e+00,0.000000000000000000e+00,0.000000000000000000e+00,0.000000000000000000e+00,0.000000000000000000e+00,8.276372070312500000e+02,8.276385498046875000e+02,8.276386108398437500e+02,8.276373291015625000e+02,-2.083763621105058491e+07
3.119000000000000217e+00,2.387254799897511881e-01,3.594082570547748601e-01,-1.093190452750214710e-02,-1.108943113901361688e-04,1.812004112121679000e-04,6.904663646702113855e-07,9.124373197555541992e-01,5.207429885864257812e+00,-4.913250923156738281e+00,-2.387254799897511881e-01,-3.594082570547748601e-01,1.093190452750214710e-02,0.000000000000000000e+00,0.000000000000000000e+00,0.000000000000000000e+00,0.000000000000000000e+00,0.000000000000000000e+00,0.000000000000000000e+00,0.000000000000000000e+00,8.276372680664062500e+02,8.276384887695312500e+02,8.276385498046875000e+02,8.276373291015625000e+02,-2.083763639733424038e+07
3.120000000000000107e+00,2.386143993990137990e-01,3.595894037934321275e-01,-1.093137143023677031e-02,-1.110805907373890733e-04,1.811467386572673810e-04,5.330972653767862557e-07,9.124424457550048828e-01,5.207451820373535156e+00,-4.913271903991699219e+00,-2.386143993990137990e-01,-3.595894037934321275e-01,1.093137143023677031e-02,0.000000000000000000e+00,0.000000000000000000e+00,0.000000000000000000e+00,0.000000000000000000e+00,0.000000000000000000e+00,0.000000000000000000e+00,0.000000000000000000e+00,8.276372680664062500e+02,8.276384887695312500e+02,8.276385498046875000e+02,8.276373901367187500e+02,-2.083763658369510621e+07
3.120999999999999996e+00,2.385031859911378449e-01,3.597704967893156081e-01,-1.093102755230072193e-02,-1.112134078759541289e-04,1.810929958834806008e-04,3.438779360483840142e-07,9.124479293823242188e-01,5.207473754882812500e+00,-4.913290977478027344e+00,-2.385031859911378449e-01,-3.597704967893156081e-01,1.093102755230072193e-02,0.000000000000000000e+00,0.000000000000000000e+00,0.000000000000000000e+00,0.000000000000000000e+00,0.000000000000000000e+00,0.000000000000000000e+00,0.000000000000000000e+00,8.276373291015625000e+02,8.276384277343750000e+02,8.276384887695312500e+02,8.276373901367187500e+02,-2.083763677013317496e+07
3.121999999999999886e+00,2.383917865097943956e-01,3.599515359783451718e-01,-1.093090607655454981e-02,-1.113994813434493469e-04,1.810391890295637296e-04,1.214757461721199805e-07,9.124535322189331055e-01,5.207497119903564453e+00,-4.913312435150146484e+00,-2.383917865097943956e-01,-3.599515359783451718e-01,1.093090607655454981e-02,0.000000000000000000e+00,0.000000000000000000e+00,0.000000000000000000e+00,0.000000000000000000e+00,0.000000000000000000e+00,0.000000000000000000e+00,0.000000000000000000e+00,8.276373901367187500e+02,8.276383666992187500e+02,8.276384277343750000e+02,8.276374511718750000e+02,-2.083763695664841309e+07
3.123000000000000220e+00,2.382802544123597543e-01,3.601325212940235110e-01,-1.093103718585517956e-02,-1.115320974346412086e-04,1.809853156783391981e-04,-1.311093006297475716e-07,9.124584197998046875e-01,5.207518100738525391e+00,-4.913330554962158203e+00,-2.382802544123597543e-01,-3.601325212940235110e-01,1.093103718585517956e-02,0.000000000000000000e+00,0.000000000000000000e+00,0.000000000000000000e+00,0.000000000000000000e+00,0.000000000000000000e+00,0.000000000000000000e+00,0.000000000000000000e+00,8.276374511718750000e+02,8.276383056640625000e+02,8.276383666992187500e+02,8.276375122070312500e+02,-2.083763714324081317e+07
3.124000000000000110e+00,2.381685364219337242e-01,3.603134526863858156e-01,-1.093144739270926133e-02,-1.117179904260301448e-04,1.809313923623045994e-04,-4.102068540817738196e-07,9.124636650085449219e-01,5.207540035247802734e+00,-4.913351535797119141e+00,-2.381685364219337242e-01,-3.603134526863858156e-01,1.093144739270926133e-02,0.000000000000000000e+00,0.000000000000000000e+00,0.000000000000000000e+00,0.000000000000000000e+00,0.000000000000000000e+00,0.000000000000000000e+00,0.000000000000000000e+00,8.276375122070312500e+02,8.276382446289062500e+02,8.276383056640625000e+02,8.276375732421875000e+02,-2.083763732991034538e+07
3.125000000000000000e+00,2.380566859883863073e-01,3.604943300943583284e-01,-1.093216437882596828e-02,-1.118504335474168609e-04,1.808774079725128381e-04,-7.169861167069524477e-07,9.124689102172851562e-01,5.207561969757080078e+00,-4.913370609283447266e+00,-2.380566859883863073e-01,-3.604943300943583284e-01,1.093216437882596828e-02,0.000000000000000000e+00,0.000000000000000000e+00,0.000000000000000000e+00,0.000000000000000000e+00,0.000000000000000000e+00,0.000000000000000000e+00,0.000000000000000000e+00,8.276375732421875000e+02,8.276381835937500000e+02,8.276382446289062500e+02,8.276376342773437500e+02,-2.083763751665700600e+07
3.125999999999999890e+00,2.379446765087222526e-01,3.606751801535111324e-01,-1.093321146086134385e-02,-1.120094796640547230e-04,1.808500591528039436e-04,-1.047082035375568321e-06,9.124739170074462891e-01,5.207585334777832031e+00,-4.913390159606933594e+00,-2.379446765087222526e-01,-3.606751801535111324e-01,1.093321146086134385e-02,0.000000000000000000e+00,0.000000000000000000e+00,0.000000000000000000e+00,0.000000000000000000e+00,0.000000000000000000e+00,0.000000000000000000e+00,0.000000000000000000e+00,8.276376342773437500e+02,8.276381225585937500e+02,8.276381835937500000e+02,8.276376953125000000e+02,-2.083763770348079503e+07
3.126999999999999780e+00,2.378325080466299757e-01,3.608559494583004623e-01,-1.093461020547933753e-02,-1.121684620922769327e-04,1.807693047893299543e-04,-1.398744617993677442e-06,9.124794006347656250e-01,5.207604885101318359e+00,-4.913410663604736328e+00,-2.378325080466299757e-01,-3.608559494583004623e-01,1.093461020547933753e-02,0.000000000000000000e+00,0.000000000000000000e+00,0.000000000000000000e+00,0.000000000000000000e+00,0.000000000000000000e+00,0.000000000000000000e+00,0.000000000000000000e+00,8.276376953125000000e+02,8.276380615234375000e+02,8.276381225585937500e+02,8.276377563476562500e+02,-2.083763789038167894e+07
3.128000000000000114e+00,2.377202340270666570e-01,3.610366913302373026e-01,-1.093637840031270146e-02,-1.122740195633187277e-04,1.807418719368403259e-04,-1.768194833363934126e-06,9.124845266342163086e-01,5.207628250122070312e+00,-4.913429260253906250e+00,-2.377202340270666570e-01,-3.610366913302373026e-01,1.093637840031270146e-02,0.000000000000000000e+00,0.000000000000000000e+00,0.000000000000000000e+00,0.000000000000000000e+00,0.000000000000000000e+00,0.000000000000000000e+00,0.000000000000000000e+00,8.276377563476562500e+02,8.276380004882812500e+02,8.276380615234375000e+02,8.276378173828125000e+02,-2.083763807735968381e+07
3.129000000000000004e+00,2.376078278202759797e-01,3.612173790574479959e-01,-1.093853258098046941e-02,-1.124062067906772544e-04,1.806877272106932608e-04,-2.154180667767943702e-06,9.124896526336669922e-01,5.207649707794189453e+00,-4.913448333740234375e+00,-2.376078278202759797e-01,-3.612173790574479959e-01,1.093853258098046941e-02,0.000000000000000000e+00,0.000000000000000000e+00,0.000000000000000000e+00,0.000000000000000000e+00,0.000000000000000000e+00,0.000000000000000000e+00,0.000000000000000000e+00,8.276378173828125000e+02,8.276379394531250000e+02,8.276380004882812500e+02,8.276378784179687500e+02,-2.083763826441480964e+07
3.129999999999999893e+00,2.374952753167481057e-01,3.613980177532295501e-01,-1.094108470146038306e-02,-1.125525035278740482e-04,1.806386957815542260e-04,-2.552120479913655426e-06,9.124950170516967773e-01,5.207671165466308594e+00,-4.913469314575195312e+00,-2.374952753167481057e-01,-3.613980177532295501e-01,1.094108470146038306e-02,0.000000000000000000e+00,0.000000000000000000e+00,0.000000000000000000e+00,0.000000000000000000e+00,0.000000000000000000e+00,0.000000000000000000e+00,0.000000000000000000e+00,8.276378784179687500e+02,8.276378784179687500e+02,8.276379394531250000e+02,8.276379394531250000e+02,-2.083763845154704899e+07
3.130999999999999783e+00,2.373826315448955837e-01,3.615786237878081399e-01,-1.094404684401419602e-02,-1.126437718525219456e-04,1.806060345785898136e-04,-2.962142553812954771e-06,9.125001430511474609e-01,5.207690715789794922e+00,-4.913486957550048828e+00,-2.373826315448955837e-01,-3.615786237878081399e-01,1.094404684401419602e-02,0.000000000000000000e+00,0.000000000000000000e+00,0.000000000000000000e+00,0.000000000000000000e+00,0.000000000000000000e+00,0.000000000000000000e+00,0.000000000000000000e+00,8.276379394531250000e+02,8.276378173828125000e+02,8.276378173828125000e+02,8.276380004882812500e+02,-2.083763863875643536e+07
3.132000000000000117e+00,2.372699090485871354e-01,3.617592022967798804e-01,-1.094742437688945094e-02,-1.127224963084483278e-04,1.805785089717404368e-04,-3.377532875254926625e-06,9.125049114227294922e-01,5.207714557647705078e+00,-4.913506507873535156e+00,-2.372699090485871354e-01,-3.617592022967798804e-01,1.094742437688945094e-02,0.000000000000000000e+00,0.000000000000000000e+00,0.000000000000000000e+00,0.000000000000000000e+00,0.000000000000000000e+00,0.000000000000000000e+00,0.000000000000000000e+00,8.276380004882812500e+02,8.276377563476562500e+02,8.276377563476562500e+02,8.276380615234375000e+02,-2.083763882604301348e+07
3.133000000000000007e+00,2.371570811593189665e-01,3.619397532768541814e-01,-1.095122055063008082e-02,-1.128278892681688905e-04,1.805509800743010373e-04,-3.796173740629876781e-06,9.125103950500488281e-01,5.207736968994140625e+00,-4.913526058197021484e+00,-2.371570811593189665e-01,-3.619397532768541814e-01,1.095122055063008082e-02,0.000000000000000000e+00,0.000000000000000000e+00,0.000000000000000000e+00,0.000000000000000000e+00,0.000000000000000000e+00,0.000000000000000000e+00,0.000000000000000000e+00,8.276380615234375000e+02,8.276376342773437500e+02,8.276376953125000000e+02,8.276381225585937500e+02,-2.083763901340680942e+07
3.133999999999999897e+00,2.370442012463265524e-01,3.621202767210792151e-01,-1.095543720102223895e-02,-1.128799129924140665e-04,1.805234442250336357e-04,-4.216650392158127758e-06,9.125152826309204102e-01,5.207756042480468750e+00,-4.913545608520507812e+00,-2.370442012463265524e-01,-3.621202767210792151e-01,1.095543720102223895e-02,0.000000000000000000e+00,0.000000000000000000e+00,0.000000000000000000e+00,0.000000000000000000e+00,0.000000000000000000e+00,0.000000000000000000e+00,0.000000000000000000e+00,8.276381225585937500e+02,8.276375732421875000e+02,8.276376342773437500e+02,8.276381835937500000e+02,-2.083763920084787905e+07
3.134999999999999787e+00,2.369312426226853618e-01,3.623007726382539984e-01,-1.096007174223427756e-02,-1.129586236411905809e-04,1.804959171747833047e-04,-4.634541212038614799e-06,9.125206470489501953e-01,5.207778453826904297e+00,-4.913564682006835938e+00,-2.369312426226853618e-01,-3.623007726382539984e-01,1.096007174223427756e-02,0.000000000000000000e+00,0.000000000000000000e+00,0.000000000000000000e+00,0.000000000000000000e+00,0.000000000000000000e+00,0.000000000000000000e+00,0.000000000000000000e+00,8.276381835937500000e+02,8.276375122070312500e+02,8.276375732421875000e+02,8.276382446289062500e+02,-2.083763938836626709e+07
3.136000000000000121e+00,2.368182586316964211e-01,3.624812677211445289e-01,-1.096511689399570603e-02,-1.129839909889407412e-04,1.804950828905305116e-04,-5.045151761428473547e-06,9.125257730484008789e-01,5.207799911499023438e+00,-4.913584232330322266e+00,-2.368182586316964211e-01,-3.624812677211445289e-01,1.096511689399570603e-02,0.000000000000000000e+00,0.000000000000000000e+00,0.000000000000000000e+00,0.000000000000000000e+00,0.000000000000000000e+00,0.000000000000000000e+00,0.000000000000000000e+00,8.276382446289062500e+02,8.276374511718750000e+02,8.276375122070312500e+02,8.276383056640625000e+02,-2.083763957596205920e+07
3.137000000000000011e+00,2.367052492511084738e-01,3.626617353039784941e-01,-1.097056593087525865e-02,-1.130093805879472946e-04,1.804675828339652455e-04,-5.449036879552615620e-06,9.125305414199829102e-01,5.207821846008300781e+00,-4.913604259490966797e+00,-2.367052492511084738e-01,-3.626617353039784941e-01,1.097056593087525865e-02,0.000000000000000000e+00,0.000000000000000000e+00,0.000000000000000000e+00,0.000000000000000000e+00,0.000000000000000000e+00,0.000000000000000000e+00,0.000000000000000000e+00,8.276383056640625000e+02,8.276373901367187500e+02,8.276374511718750000e+02,8.276383666992187500e+02,-2.083763976363532245e+07
3.137999999999999901e+00,2.365921877595823508e-01,3.628421754178771108e-01,-1.097640542797713621e-02,-1.130614915261229925e-04,1.804401138986166941e-04,-5.839497101877560992e-06,9.125359058380126953e-01,5.207841396331787109e+00,-4.913622856140136719e+00,-2.365921877595823508e-01,-3.628421754178771108e-01,1.097640542797713621e-02,0.000000000000000000e+00,0.000000000000000000e+00,0.000000000000000000e+00,0.000000000000000000e+00,0.000000000000000000e+00,0.000000000000000000e+00,0.000000000000000000e+00,8.276383666992187500e+02,8.276373291015625000e+02,8.276373901367187500e+02,8.276384277343750000e+02,-2.083763995138611272e+07
3.138999999999999790e+00,2.364791541632054184e-01,3.630226414476472319e-01,-1.098262157474948729e-02,-1.130335963769324437e-04,1.804660297701210503e-04,-6.216146772351077709e-06,9.125407934188842773e-01,5.207862854003906250e+00,-4.913640499114990234e+00,-2.364791541632054184e-01,-3.630226414476472319e-01,1.098262157474948729e-02,0.000000000000000000e+00,0.000000000000000000e+00,0.000000000000000000e+00,0.000000000000000000e+00,0.000000000000000000e+00,0.000000000000000000e+00,0.000000000000000000e+00,8.276384277343750000e+02,8.276373291015625000e+02,8.276373291015625000e+02,8.276384887695312500e+02,-2.083764013921456039e+07
3.140000000000000124e+00,2.363661217215368981e-01,3.632031067538464275e-01,-1.098919588860154846e-02,-1.130324416685202227e-04,1.804653061991956520e-04,-6.574313852061169916e-06,9.125458002090454102e-01,5.207884788513183594e+00,-4.913660049438476562e+00,-2.363661217215368981e-01,-3.632031067538464275e-01,1.098919588860154846e-02,0.000000000000000000e+00,0.000000000000000000e+00,0.000000000000000000e+00,0.000000000000000000e+00,0.000000000000000000e+00,0.000000000000000000e+00,0.000000000000000000e+00,8.276384887695312500e+02,8.276372680664062500e+02,8.276372680664062500e+02,8.276385498046875000e+02,-2.083764032712076232e+07
3.141000000000000014e+00,2.362530903728074505e-01,3.633835713787873511e-01,-1.099610835897551521e-02,-1.130313487294476449e-04,1.804646249409236347e-04,-6.912470373966750348e-06,9.125509262084960938e-01,5.207905769348144531e+00,-4.913679599761962891e+00,-2.362530903728074505e-01,-3.633835713787873511e-01,1.099610835897551521e-02,0.000000000000000000e+00,0.000000000000000000e+00,0.000000000000000000e+00,0.000000000000000000e+00,0.000000000000000000e+00,0.000000000000000000e+00,0.000000000000000000e+00,8.276384887695312500e+02,8.276372070312500000e+02,8.276372680664062500e+02,8.276385498046875000e+02,-2.083764051510481909e+07
3.141999999999999904e+00,2.361401134091836995e-01,3.635640353650826384e-01,-1.100333664330051947e-02,-1.129769636237509811e-04,1.804639862952872598e-04,-7.228284325004261102e-06,9.125560522079467773e-01,5.207926273345947266e+00,-4.913698196411132812e+00,-2.361401134091836995e-01,-3.635640353650826384e-01,1.100333664330051947e-02,0.000000000000000000e+00,0.000000000000000000e+00,0.000000000000000000e+00,0.000000000000000000e+00,0.000000000000000000e+00,0.000000000000000000e+00,0.000000000000000000e+00,8.276385498046875000e+02,8.276371459960937500e+02,8.276372070312500000e+02,8.276386108398437500e+02,-2.083764070316685364e+07
3.142999999999999794e+00,2.360271907531937552e-01,3.637445254476621148e-01,-1.101085494982788522e-02,-1.129226559899443316e-04,1.804900825794764074e-04,-7.518306527365750669e-06,9.125605821609497070e-01,5.207947731018066406e+00,-4.913717746734619141e+00,-2.360271907531937552e-01,-3.637445254476621148e-01,1.101085494982788522e-02,0.000000000000000000e+00,0.000000000000000000e+00,0.000000000000000000e+00,0.000000000000000000e+00,0.000000000000000000e+00,0.000000000000000000e+00,0.000000000000000000e+00,8.276385498046875000e+02,8.276371459960937500e+02,8.276372070312500000e+02,8.276386108398437500e+02,-2.083764089130700752e+07
3.144000000000000128e+00,2.359143489967363561e-01,3.639250150008488949e-01,-1.101863579398641886e-02,-1.128417564573991339e-04,1.804895531867800607e-04,-7.780844158533639643e-06,9.125659465789794922e-01,5.207968711853027344e+00,-4.913736820220947266e+00,-2.359143489967363561e-01,-3.639250150008488949e-01,1.101863579398641886e-02,0.000000000000000000e+00,0.000000000000000000e+00,0.000000000000000000e+00,0.000000000000000000e+00,0.000000000000000000e+00,0.000000000000000000e+00,0.000000000000000000e+00,8.276386108398437500e+02,8.276370849609375000e+02,8.276371459960937500e+02,8.276386718750000000e+02,-2.083764107952541485e+07
3.145000000000000018e+00,2.358015613735037763e-01,3.641055574493871072e-01,-1.102665001914554695e-02,-1.127876232325797368e-04,1.805424485382123301e-04,-8.014225159128085529e-06,9.125714302062988281e-01,5.207990169525146484e+00,-4.913755893707275391e+00,-2.358015613735037763e-01,-3.641055574493871072e-01,1.102665001914554695e-02,0.000000000000000000e+00,0.000000000000000000e+00,0.000000000000000000e+00,0.000000000000000000e+00,0.000000000000000000e+00,0.000000000000000000e+00,0.000000000000000000e+00,8.276386108398437500e+02,8.276370849609375000e+02,8.276371459960937500e+02,8.276386718750000000e+02,-2.083764126782223582e+07
3.145999999999999908e+00,2.356888811423481778e-01,3.642860994910621097e-01,-1.103486683561344904e-02,-1.126802311555985536e-04,1.805420416750025403e-04,-8.216816467902093857e-06,9.125758409500122070e-01,5.208010673522949219e+00,-4.913774490356445312e+00,-2.356888811423481778e-01,-3.642860994910621097e-01,1.103486683561344904e-02,0.000000000000000000e+00,0.000000000000000000e+00,0.000000000000000000e+00,0.000000000000000000e+00,0.000000000000000000e+00,0.000000000000000000e+00,0.000000000000000000e+00,8.276386108398437500e+02,8.276370849609375000e+02,8.276370849609375000e+02,8.276386718750000000e+02,-2.083764145619761571e+07
3.146999999999999797e+00,2.355762815233345131e-01,3.644666945589508100e-01,-1.104325291782093203e-02,-1.125996190136646646e-04,1.805950678887002780e-04,-8.386082207482992157e-06,9.125808477401733398e-01,5.208032608032226562e+00,-4.913793087005615234e+00,-2.355762815233345131e-01,-3.644666945589508100e-01,1.104325291782093203e-02,0.000000000000000000e+00,0.000000000000000000e+00,0.000000000000000000e+00,0.000000000000000000e+00,0.000000000000000000e+00,0.000000000000000000e+00,0.000000000000000000e+00,8.276386718750000000e+02,8.276370849609375000e+02,8.276370849609375000e+02,8.276386718750000000e+02,-2.083764164465172589e+07
3.148000000000000131e+00,2.354638157673925869e-01,3.646473160381989431e-01,-1.105177419622199557e-02,-1.124657559419262043e-04,1.806214792481330988e-04,-8.521278401063536734e-06,9.125862121582031250e-01,5.208052635192871094e+00,-4.913811683654785156e+00,-2.354638157673925869e-01,-3.646473160381989431e-01,1.105177419622199557e-02,0.000000000000000000e+00,0.000000000000000000e+00,0.000000000000000000e+00,0.000000000000000000e+00,0.000000000000000000e+00,0.000000000000000000e+00,0.000000000000000000e+00,8.276386718750000000e+02,8.276370849609375000e+02,8.276370849609375000e+02,8.276386718750000000e+02,-2.083764183318474144e+07
3.149000000000000021e+00,2.353514570857695165e-01,3.648279906842667453e-01,-1.106039562273031414e-02,-1.123586816230703889e-04,1.806746460678021471e-04,-8.621426508318569271e-06,9.125909805297851562e-01,5.208074569702148438e+00,-4.913831710815429688e+00,-2.353514570857695165e-01,-3.648279906842667453e-01,1.106039562273031414e-02,0.000000000000000000e+00,0.000000000000000000e+00,0.000000000000000000e+00,0.000000000000000000e+00,0.000000000000000000e+00,0.000000000000000000e+00,0.000000000000000000e+00,8.276386718750000000e+02,8.276370849609375000e+02,8.276370849609375000e+02,8.276386718750000000e+02,-2.083764202179684490e+07
3.149999999999999911e+00,2.352392180259668397e-01,3.650086701282008739e-01,-1.106908159426109838e-02,-1.122390598026767883e-04,1.806794439341286029e-04,-8.685971530784236672e-06,9.125957489013671875e-01,5.208095073699951172e+00,-4.913849830627441406e+00,-2.352392180259668397e-01,-3.650086701282008739e-01,1.106908159426109838e-02,0.000000000000000000e+00,0.000000000000000000e+00,0.000000000000000000e+00,0.000000000000000000e+00,0.000000000000000000e+00,0.000000000000000000e+00,0.000000000000000000e+00,8.276386718750000000e+02,8.276370849609375000e+02,8.276370849609375000e+02,8.276386718750000000e+02,-2.083764221048818901e+07
3.150999999999999801e+00,2.351271265198333349e-01,3.651894246312841763e-01,-1.107779670978183834e-02,-1.120915061335048257e-04,1.807545030833024313e-04,-8.715115520739960542e-06,9.126009941101074219e-01,5.208116531372070312e+00,-4.913868427276611328e+00,-2.351271265198333349e-01,-3.651894246312841763e-01,1.107779670978183834e-02,0.000000000000000000e+00,0.000000000000000000e+00,0.000000000000000000e+00,0.000000000000000000e+00,0.000000000000000000e+00,0.000000000000000000e+00,0.000000000000000000e+00,8.276386108398437500e+02,8.276370849609375000e+02,8.276370849609375000e+02,8.276386718750000000e+02,-2.083764239925898984e+07
3.152000000000000135e+00,2.350151951050668542e-01,3.653702058367550576e-01,-1.108650453320992810e-02,-1.119314147664807191e-04,1.807812054708812788e-04,-8.707823428089761508e-06,9.126062393188476562e-01,5.208137989044189453e+00,-4.913888931274414062e+00,-2.350151951050668542e-01,-3.653702058367550576e-01,1.108650453320992810e-02,0.000000000000000000e+00,0.000000000000000000e+00,0.000000000000000000e+00,0.000000000000000000e+00,0.000000000000000000e+00,0.000000000000000000e+00,0.000000000000000000e+00,8.276386108398437500e+02,8.276370849609375000e+02,8.276371459960937500e+02,8.276386718750000000e+02,-2.083764258810942993e+07
3.153000000000000025e+00,2.349033969844958325e-01,3.655510671871317063e-01,-1.109516673592543523e-02,-1.117981205710216752e-04,1.808613503766487440e-04,-8.662202715507133499e-06,9.126111268997192383e-01,5.208158969879150391e+00,-4.913908481597900391e+00,-2.349033969844958325e-01,-3.655510671871317063e-01,1.109516673592543523e-02,0.000000000000000000e+00,0.000000000000000000e+00,0.000000000000000000e+00,0.000000000000000000e+00,0.000000000000000000e+00,0.000000000000000000e+00,0.000000000000000000e+00,8.276386108398437500e+02,8.276371459960937500e+02,8.276371459960937500e+02,8.276386108398437500e+02,-2.083764277703972161e+07
3.153999999999999915e+00,2.347917587235958947e-01,3.657319553883221497e-01,-1.110374910935250405e-02,-1.116382608999377801e-04,1.808882011904433540e-04,-8.582373427068815119e-06,9.126163721084594727e-01,5.208179950714111328e+00,-4.913926601409912109e+00,-2.347917587235958947e-01,-3.657319553883221497e-01,1.110374910935250405e-02,0.000000000000000000e+00,0.000000000000000000e+00,0.000000000000000000e+00,0.000000000000000000e+00,0.000000000000000000e+00,0.000000000000000000e+00,0.000000000000000000e+00,8.276385498046875000e+02,8.276371459960937500e+02,8.276372070312500000e+02,8.276386108398437500e+02,-2.083764296605004743e+07
3.154999999999999805e+00,2.346802802079542560e-01,3.659128971959590415e-01,-1.111221502276263547e-02,-1.114785156416386869e-04,1.809418076368918271e-04,-8.465913410131420402e-06,9.126211404800415039e-01,5.208199501037597656e+00,-4.913943767547607422e+00,-2.346802802079542560e-01,-3.659128971959590415e-01,1.111221502276263547e-02,0.000000000000000000e+00,0.000000000000000000e+00,0.000000000000000000e+00,0.000000000000000000e+00,0.000000000000000000e+00,0.000000000000000000e+00,0.000000000000000000e+00,8.276384887695312500e+02,8.276372070312500000e+02,8.276372070312500000e+02,8.276385498046875000e+02,-2.083764315514061227e+07
3.156000000000000139e+00,2.345689880088155099e-01,3.660938926772219770e-01,-1.112053037724821183e-02,-1.112921991387461063e-04,1.809954812629355203e-04,-8.315354485576367805e-06,9.126262664794921875e-01,5.208222389221191406e+00,-4.913965225219726562e+00,-2.345689880088155099e-01,-3.660938926772219770e-01,1.112053037724821183e-02,0.000000000000000000e+00,0.000000000000000000e+00,0.000000000000000000e+00,0.000000000000000000e+00,0.000000000000000000e+00,0.000000000000000000e+00,0.000000000000000000e+00,8.276384887695312500e+02,8.276372070312500000e+02,8.276372680664062500e+02,8.276384887695312500e+02,-2.083764334431162849e+07
3.157000000000000028e+00,2.344578286573160975e-01,3.662749685871806715e-01,-1.112866087282228175e-02,-1.111593514994124732e-04,1.810759099586944920e-04,-8.130495574069918074e-06,9.126312732696533203e-01,5.208243370056152344e+00,-4.913984298706054688e+00,-2.344578286573160975e-01,-3.662749685871806715e-01,1.112866087282228175e-02,0.000000000000000000e+00,0.000000000000000000e+00,0.000000000000000000e+00,0.000000000000000000e+00,0.000000000000000000e+00,0.000000000000000000e+00,0.000000000000000000e+00,8.276384277343750000e+02,8.276372680664062500e+02,8.276373291015625000e+02,8.276384887695312500e+02,-2.083764353356330097e+07
3.157999999999999918e+00,2.343468554097087320e-01,3.664560716219579239e-01,-1.113657572170182082e-02,-1.109732476073654883e-04,1.811030347772524252e-04,-7.914848879539068682e-06,9.126368761062622070e-01,5.208265781402587891e+00,-4.914003849029541016e+00,-2.343468554097087320e-01,-3.664560716219579239e-01,1.113657572170182082e-02,0.000000000000000000e+00,0.000000000000000000e+00,0.000000000000000000e+00,0.000000000000000000e+00,0.000000000000000000e+00,0.000000000000000000e+00,0.000000000000000000e+00,8.276383666992187500e+02,8.276373291015625000e+02,8.276373291015625000e+02,8.276384277343750000e+02,-2.083764372289582714e+07
3.158999999999999808e+00,2.342360148073805992e-01,3.666372285295620426e-01,-1.114424395885020742e-02,-1.108406023281327535e-04,1.811569076041186221e-04,-7.668237148386602975e-06,9.126412868499755859e-01,5.208284378051757812e+00,-4.914022445678710938e+00,-2.342360148073805992e-01,-3.666372285295620426e-01,1.114424395885020742e-02,0.000000000000000000e+00,0.000000000000000000e+00,0.000000000000000000e+00,0.000000000000000000e+00,0.000000000000000000e+00,0.000000000000000000e+00,0.000000000000000000e+00,8.276383056640625000e+02,8.276373901367187500e+02,8.276373901367187500e+02,8.276383666992187500e+02,-2.083764391230938956e+07
3.160000000000000142e+00,2.341253601150909414e-01,3.668184393657278886e-01,-1.115163573967841923e-02,-1.106546922896578522e-04,1.812108361658459899e-04,-7.391780828211805265e-06,9.126466512680053711e-01,5.208307743072509766e+00,-4.914042472839355469e+00,-2.341253601150909414e-01,-3.668184393657278886e-01,1.115163573967841923e-02,0.000000000000000000e+00,0.000000000000000000e+00,0.000000000000000000e+00,0.000000000000000000e+00,0.000000000000000000e+00,0.000000000000000000e+00,0.000000000000000000e+00,8.276382446289062500e+02,8.276374511718750000e+02,8.276374511718750000e+02,8.276383056640625000e+02,-2.083764410180420056e+07
3.161000000000000032e+00,2.340148378925401285e-01,3.669997308663243696e-01,-1.115872593526914466e-02,-1.105222225508128986e-04,1.812915005964810256e-04,-7.090195590725434371e-06,9.126517772674560547e-01,5.208329200744628906e+00,-4.914060592651367188e+00,-2.340148378925401285e-01,-3.669997308663243696e-01,1.115872593526914466e-02,0.000000000000000000e+00,0.000000000000000000e+00,0.000000000000000000e+00,0.000000000000000000e+00,0.000000000000000000e+00,0.000000000000000000e+00,0.000000000000000000e+00,8.276381835937500000e+02,8.276375122070312500e+02,8.276375122070312500e+02,8.276382446289062500e+02,-2.083764429138046503e+07
3.161999999999999922e+00,2.339044747329159790e-01,3.671810497175201360e-01,-1.116548950929852936e-02,-1.103631596241494428e-04,1.813188511957664062e-04,-6.763574029384697428e-06,9.126566648483276367e-01,5.208350658416748047e+00,-4.914081096649169922e+00,-2.339044747329159790e-01,-3.671810497175201360e-01,1.116548950929852936e-02,0.000000000000000000e+00,0.000000000000000000e+00,0.000000000000000000e+00,0.000000000000000000e+00,0.000000000000000000e+00,0.000000000000000000e+00,0.000000000000000000e+00,8.276381225585937500e+02,8.276375732421875000e+02,8.276375732421875000e+02,8.276381835937500000e+02,-2.083764448103835806e+07
3.162999999999999812e+00,2.337942438846203896e-01,3.673624226474775378e-01,-1.117190391943956827e-02,-1.102308482955893787e-04,1.813729299574018405e-04,-6.414410141038912050e-06,9.126620292663574219e-01,5.208372592926025391e+00,-4.914101123809814453e+00,-2.337942438846203896e-01,-3.673624226474775378e-01,1.117190391943956827e-02,0.000000000000000000e+00,0.000000000000000000e+00,0.000000000000000000e+00,0.000000000000000000e+00,0.000000000000000000e+00,0.000000000000000000e+00,0.000000000000000000e+00,8.276380615234375000e+02,8.276376342773437500e+02,8.276376342773437500e+02,8.276381225585937500e+02,-2.083764467077806592e+07
3.164000000000000146e+00,2.336841719650460669e-01,3.675438230093605596e-01,-1.117795085425972966e-02,-1.100719195743227186e-04,1.814003618830217768e-04,-6.046934820161387059e-06,9.126669168472290039e-01,5.208394050598144531e+00,-4.914118766784667969e+00,-2.336841719650460669e-01,-3.675438230093605596e-01,1.117795085425972966e-02,0.000000000000000000e+00,0.000000000000000000e+00,0.000000000000000000e+00,0.000000000000000000e+00,0.000000000000000000e+00,0.000000000000000000e+00,0.000000000000000000e+00,8.276380004882812500e+02,8.276376953125000000e+02,8.276376953125000000e+02,8.276380615234375000e+02,-2.083764486059976742e+07
3.165000000000000036e+00,2.335742055600555922e-01,3.677252775217146885e-01,-1.118361352209045270e-02,-1.099664049904747198e-04,1.814545123541289051e-04,-5.662667830723042139e-06,9.126721620559692383e-01,5.208415508270263672e+00,-4.914139270782470703e+00,-2.335742055600555922e-01,-3.677252775217146885e-01,1.118361352209045270e-02,0.000000000000000000e+00,0.000000000000000000e+00,0.000000000000000000e+00,0.000000000000000000e+00,0.000000000000000000e+00,0.000000000000000000e+00,0.000000000000000000e+00,8.276379394531250000e+02,8.276377563476562500e+02,8.276377563476562500e+02,8.276379394531250000e+02,-2.083764505050363019e+07
3.165999999999999925e+00,2.334643713060036985e-01,3.679067862081666918e-01,-1.118887866853644948e-02,-1.098342540518937316e-04,1.815086864520032428e-04,-5.265146445996779501e-06,9.126775264739990234e-01,5.208437442779541016e+00,-4.914157390594482422e+00,-2.334643713060036985e-01,-3.679067862081666918e-01,1.118887866853644948e-02,0.000000000000000000e+00,0.000000000000000000e+00,0.000000000000000000e+00,0.000000000000000000e+00,0.000000000000000000e+00,0.000000000000000000e+00,0.000000000000000000e+00,8.276378784179687500e+02,8.276378173828125000e+02,8.276378173828125000e+02,8.276378784179687500e+02,-2.083764524048983678e+07
3.166999999999999815e+00,2.333546691603820000e-01,3.680883224105417906e-01,-1.119373456685272133e-02,-1.097021456216984436e-04,1.815362023750988207e-04,-4.855898316271853310e-06,9.126826524734497070e-01,5.208458423614501953e+00,-4.914177894592285156e+00,-2.333546691603820000e-01,-3.680883224105417906e-01,1.119373456685272133e-02,0.000000000000000000e+00,0.000000000000000000e+00,0.000000000000000000e+00,0.000000000000000000e+00,0.000000000000000000e+00,0.000000000000000000e+00,0.000000000000000000e+00,8.276378173828125000e+02,8.276378784179687500e+02,8.276379394531250000e+02,8.276378173828125000e+02,-2.083764543055855110e+07
3.168000000000000149e+00,2.332450190572444015e-01,3.682699128310055192e-01,-1.119817351067966052e-02,-1.096501031375984869e-04,1.815904204637286412e-04,-4.438943826939184545e-06,9.126877784729003906e-01,5.208481311798095703e+00,-4.914197444915771484e+00,-2.332450190572444015e-01,-3.682699128310055192e-01,1.119817351067966052e-02,0.000000000000000000e+00,0.000000000000000000e+00,0.000000000000000000e+00,0.000000000000000000e+00,0.000000000000000000e+00,0.000000000000000000e+00,0.000000000000000000e+00,8.276377563476562500e+02,8.276379394531250000e+02,8.276380004882812500e+02,8.276377563476562500e+02,-2.083764562070991844e+07
3.169000000000000039e+00,2.331354871267431739e-01,3.684514821431220666e-01,-1.120219169073035335e-02,-1.095319305012276700e-04,1.815693121165473656e-04,-4.018180050692835015e-06,9.126931428909301758e-01,5.208503246307373047e+00,-4.914217948913574219e+00,-2.331354871267431739e-01,-3.684514821431220666e-01,1.120219169073035335e-02,0.000000000000000000e+00,0.000000000000000000e+00,0.000000000000000000e+00,0.000000000000000000e+00,0.000000000000000000e+00,0.000000000000000000e+00,0.000000000000000000e+00,8.276376953125000000e+02,8.276380004882812500e+02,8.276380615234375000e+02,8.276376953125000000e+02,-2.083764581094405800e+07
3.169999999999999929e+00,2.330260211164101869e-01,3.686331276351075270e-01,-1.120578770319303509e-02,-1.094660103329869738e-04,1.816454919854604277e-04,-3.596012462681735800e-06,9.126981496810913086e-01,5.208525180816650391e+00,-4.914237976074218750e+00,-2.330260211164101869e-01,-3.686331276351075270e-01,1.120578770319303509e-02,0.000000000000000000e+00,0.000000000000000000e+00,0.000000000000000000e+00,0.000000000000000000e+00,0.000000000000000000e+00,0.000000000000000000e+00,0.000000000000000000e+00,8.276375732421875000e+02,8.276380615234375000e+02,8.276381225585937500e+02,8.276376342773437500e+02,-2.083764600126113743e+07
3.170999999999999819e+00,2.329166071282747497e-01,3.688147739850766160e-01,-1.120896415193683646e-02,-1.094139881354372346e-04,1.816463499690890160e-04,-3.176448743801366104e-06,9.127035140991210938e-01,5.208547115325927734e+00,-4.914257526397705078e+00,-2.329166071282747497e-01,-3.688147739850766160e-01,1.120896415193683646e-02,0.000000000000000000e+00,0.000000000000000000e+00,0.000000000000000000e+00,0.000000000000000000e+00,0.000000000000000000e+00,0.000000000000000000e+00,0.000000000000000000e+00,8.276375122070312500e+02,8.276381835937500000e+02,8.276381835937500000e+02,8.276375732421875000e+02,-2.083764619166126102e+07
3.172000000000000153e+00,2.328072451742148330e-01,3.689964478658364633e-01,-1.121172442651886987e-02,-1.093619540599166662e-04,1.816738807598472505e-04,-2.760274582033414581e-06,9.127088785171508789e-01,5.208570003509521484e+00,-4.914277076721191406e+00,-2.328072451742148330e-01,-3.689964478658364633e-01,1.121172442651886987e-02,0.000000000000000000e+00,0.000000000000000000e+00,0.000000000000000000e+00,0.000000000000000000e+00,0.000000000000000000e+00,0.000000000000000000e+00,0.000000000000000000e+00,8.276374511718750000e+02,8.276382446289062500e+02,8.276382446289062500e+02,8.276375122070312500e+02,-2.083764638214455545e+07
3.173000000000000043e+00,2.326979352791150035e-01,3.691781492592663971e-01,-1.121407686483702829e-02,-1.093098950998294683e-04,1.817013934299338551e-04,-2.352438318158414643e-06,9.127140045166015625e-01,5.208590984344482422e+00,-4.914296627044677734e+00,-2.326979352791150035e-01,-3.691781492592663971e-01,1.121407686483702829e-02,0.000000000000000000e+00,0.000000000000000000e+00,0.000000000000000000e+00,0.000000000000000000e+00,0.000000000000000000e+00,0.000000000000000000e+00,0.000000000000000000e+00,8.276373901367187500e+02,8.276382446289062500e+02,8.276383056640625000e+02,8.276374511718750000e+02,-2.083764657271114737e+07
3.173999999999999932e+00,2.325886241135143861e-01,3.693598514645978215e-01,-1.121603291369839897e-02,-1.093111656006173771e-04,1.817022053314243379e-04,-1.956048861370685010e-06,9.127188920974731445e-01,5.208612442016601562e+00,-4.914316654205322266e+00,-2.325886241135143861e-01,-3.693598514645978215e-01,1.121603291369839897e-02,0.000000000000000000e+00,0.000000000000000000e+00,0.000000000000000000e+00,0.000000000000000000e+00,0.000000000000000000e+00,0.000000000000000000e+00,0.000000000000000000e+00,8.276373291015625000e+02,8.276383056640625000e+02,8.276383666992187500e+02,8.276373901367187500e+02,-2.083764676336111501e+07
3.174999999999999822e+00,2.324793384022444120e-01,3.695415544495099791e-01,-1.121760683329461362e-02,-1.092857112699741062e-04,1.817029849121576390e-04,-1.573919596214654049e-06,9.127242565155029297e-01,5.208633422851562500e+00,-4.914336681365966797e+00,-2.324793384022444120e-01,-3.695415544495099791e-01,1.121760683329461362e-02,0.000000000000000000e+00,0.000000000000000000e+00,0.000000000000000000e+00,0.000000000000000000e+00,0.000000000000000000e+00,0.000000000000000000e+00,0.000000000000000000e+00,8.276373291015625000e+02,8.276383666992187500e+02,8.276384277343750000e+02,8.276373291015625000e+02,-2.083764695409455150e+07
3.176000000000000156e+00,2.323700515189745242e-01,3.697232581798484685e-01,-1.121881604690688761e-02,-1.092868832698878911e-04,1.817037303384894109e-04,-1.209213612273982164e-06,9.127300977706909180e-01,5.208657741546630859e+00,-4.914356231689453125e+00,-2.323700515189745242e-01,-3.697232581798484685e-01,1.121881604690688761e-02,0.000000000000000000e+00,0.000000000000000000e+00,0.000000000000000000e+00,0.000000000000000000e+00,0.000000000000000000e+00,0.000000000000000000e+00,0.000000000000000000e+00,8.276372680664062500e+02,8.276384277343750000e+02,8.276384277343750000e+02,8.276372680664062500e+02,-2.083764714491154253e+07
3.177000000000000046e+00,2.322607368401753969e-01,3.699049626198371299e-01,-1.121967881142326914e-02,-1.093146787991272628e-04,1.817044399886613704e-04,-8.627645163815367280e-07,9.127349853515625000e-01,5.208679676055908203e+00,-4.914377212524414062e+00,-2.322607368401753969e-01,-3.699049626198371299e-01,1.121967881142326914e-02,0.000000000000000000e+00,0.000000000000000000e+00,0.000000000000000000e+00,0.000000000000000000e+00,0.000000000000000000e+00,0.000000000000000000e+00,0.000000000000000000e+00,8.276372070312500000e+02,8.276384887695312500e+02,8.276384887695312500e+02,8.276372070312500000e+02,-2.083764733581215516e+07
3.177999999999999936e+00,2.321513677558973421e-01,3.700866677253260018e-01,-1.122021755243741807e-02,-1.093690842780548067e-04,1.817051054888718653e-04,-5.387410141489273885e-07,9.127403497695922852e-01,5.208700656890869141e+00,-4.914396286010742188e+00,-2.321513677558973421e-01,-3.700866677253260018e-01,1.122021755243741807e-02,0.000000000000000000e+00,0.000000000000000000e+00,0.000000000000000000e+00,0.000000000000000000e+00,0.000000000000000000e+00,0.000000000000000000e+00,0.000000000000000000e+00,8.276371459960937500e+02,8.276384887695312500e+02,8.276385498046875000e+02,8.276372070312500000e+02,-2.083764752679644898e+07
3.178999999999999826e+00,2.320419710259893353e-01,3.702683467598330003e-01,-1.122045814885489802e-02,-1.093967299080067512e-04,1.816790345069985158e-04,-2.405964174799490873e-07,9.127458333969116211e-01,5.208723068237304688e+00,-4.914416313171386719e+00,-2.320419710259893353e-01,-3.702683467598330003e-01,1.122045814885489802e-02,0.000000000000000000e+00,0.000000000000000000e+00,0.000000000000000000e+00,0.000000000000000000e+00,0.000000000000000000e+00,0.000000000000000000e+00,0.000000000000000000e+00,8.276371459960937500e+02,8.276385498046875000e+02,8.276385498046875000e+02,8.276371459960937500e+02,-2.083764771786447242e+07
3.180000000000000160e+00,2.319325200542802501e-01,3.704499996709503251e-01,-1.122042719513854578e-02,-1.094509717090852430e-04,1.816529111173248445e-04,3.095371635224164475e-08,9.127513170242309570e-01,5.208746910095214844e+00,-4.914436817169189453e+00,-2.319325200542802501e-01,-3.704499996709503251e-01,1.122042719513854578e-02,0.000000000000000000e+00,0.000000000000000000e+00,0.000000000000000000e+00,0.000000000000000000e+00,0.000000000000000000e+00,0.000000000000000000e+00,0.000000000000000000e+00,8.276370849609375000e+02,8.276385498046875000e+02,8.276386108398437500e+02,8.276371459960937500e+02,-2.083764790901626647e+07
3.181000000000000050e+00,2.318229615722881554e-01,3.706316530862271419e-01,-1.122015292083420115e-02,-1.095584819920947250e-04,1.816534152768167765e-04,2.742743043446238538e-07,9.127565622329711914e-01,5.208769321441650391e+00,-4.914456844329833984e+00,-2.318229615722881554e-01,-3.706316530862271419e-01,1.122015292083420115e-02,0.000000000000000000e+00,0.000000000000000000e+00,0.000000000000000000e+00,0.000000000000000000e+00,0.000000000000000000e+00,0.000000000000000000e+00,0.000000000000000000e+00,8.276370849609375000e+02,8.276386108398437500e+02,8.276386108398437500e+02,8.276370849609375000e+02,-2.083764810025186464e+07
3.181999999999999940e+00,2.317133490344317204e-01,3.708132535761397564e-01,-1.121966623981935675e-02,-1.096125378564349884e-04,1.816004899126144601e-04,4.866810148444061790e-07,9.127618074417114258e-01,5.208790779113769531e+00,-4.914477825164794922e+00,-2.317133490344317204e-01,-3.708132535761397564e-01,1.121966623981935675e-02,0.000000000000000000e+00,0.000000000000000000e+00,0.000000000000000000e+00,0.000000000000000000e+00,0.000000000000000000e+00,0.000000000000000000e+00,0.000000000000000000e+00,8.276370849609375000e+02,8.276386108398437500e+02,8.276386108398437500e+02,8.276370849609375000e+02,-2.083764829157128930e+07
3.182999999999999829e+00,2.316036291860973373e-01,3.709948277600340072e-01,-1.121899955037497162e-02,-1.097198483343830855e-04,1.815741838942508402e-04,6.666894443851240082e-07,9.127669334411621094e-01,5.208812713623046875e+00,-4.914496898651123047e+00,-2.316036291860973373e-01,-3.709948277600340072e-01,1.121899955037497162e-02,0.000000000000000000e+00,0.000000000000000000e+00,0.000000000000000000e+00,0.000000000000000000e+00,0.000000000000000000e+00,0.000000000000000000e+00,0.000000000000000000e+00,8.276370849609375000e+02,8.276386108398437500e+02,8.276386718750000000e+02,8.276370849609375000e+02,-2.083764848297455907e+07
3.184000000000000163e+00,2.314938021371603649e-01,3.711763755683450405e-01,-1.121818703682496247e-02,-1.098270489369723713e-04,1.815478083110333429e-04,8.125135500091501539e-07,9.127724170684814453e-01,5.208835124969482422e+00,-4.914516448974609375e+00,-2.314938021371603649e-01,-3.711763755683450405e-01,1.121818703682496247e-02,0.000000000000000000e+00,0.000000000000000000e+00,0.000000000000000000e+00,0.000000000000000000e+00,0.000000000000000000e+00,0.000000000000000000e+00,0.000000000000000000e+00,8.276370239257812500e+02,8.276386108398437500e+02,8.276386718750000000e+02,8.276370849609375000e+02,-2.083764867446168885e+07
3.185000000000000053e+00,2.313838413194052313e-01,3.713578969323921841e-01,-1.121726363080073965e-02,-1.099608177551336663e-04,1.815213640471435852e-04,9.234060242228198101e-07,9.127779006958007812e-01,5.208858489990234375e+00,-4.914537429809570312e+00,-2.313838413194052313e-01,-3.713578969323921841e-01,1.121726363080073965e-02,0.000000000000000000e+00,0.000000000000000000e+00,0.000000000000000000e+00,0.000000000000000000e+00,0.000000000000000000e+00,0.000000000000000000e+00,0.000000000000000000e+00,8.276370239257812500e+02,8.276386108398437500e+02,8.276386718750000000e+02,8.276370849609375000e+02,-2.083764886603268608e+07
3.185999999999999943e+00,2.312737735210191325e-01,3.715393650996428598e-01,-1.121626354914408326e-02,-1.100677983860987030e-04,1.814681672506757160e-04,1.000081656656395812e-06,9.127830266952514648e-01,5.208880424499511719e+00,-4.914556980133056641e+00,-2.312737735210191325e-01,-3.715393650996428598e-01,1.121626354914408326e-02,0.000000000000000000e+00,0.000000000000000000e+00,0.000000000000000000e+00,0.000000000000000000e+00,0.000000000000000000e+00,0.000000000000000000e+00,0.000000000000000000e+00,8.276370849609375000e+02,8.276386108398437500e+02,8.276386108398437500e+02,8.276370849609375000e+02,-2.083764905768754706e+07
3.186999999999999833e+00,2.311635455013298091e-01,3.717207799990708827e-01,-1.121522413825456685e-02,-1.102280196893234976e-04,1.814148994280229132e-04,1.039410889516409475e-06,9.127886295318603516e-01,5.208900451660156250e+00,-4.914577484130859375e+00,-2.311635455013298091e-01,-3.717207799990708827e-01,1.121522413825456685e-02,0.000000000000000000e+00,0.000000000000000000e+00,0.000000000000000000e+00,0.000000000000000000e+00,0.000000000000000000e+00,0.000000000000000000e+00,0.000000000000000000e+00,8.276370849609375000e+02,8.276386108398437500e+02,8.276386108398437500e+02,8.276370849609375000e+02,-2.083764924942625314e+07
3.188000000000000167e+00,2.310531702935932907e-01,3.719021460661318668e-01,-1.121418160030617124e-02,-1.103752077365183215e-04,1.813660670609840153e-04,1.042537948395608205e-06,9.127937555313110352e-01,5.208922863006591797e+00,-4.914596080780029297e+00,-2.310531702935932907e-01,-3.719021460661318668e-01,1.121418160030617124e-02,0.000000000000000000e+00,0.000000000000000000e+00,0.000000000000000000e+00,0.000000000000000000e+00,0.000000000000000000e+00,0.000000000000000000e+00,0.000000000000000000e+00,8.276370849609375000e+02,8.276386108398437500e+02,8.276386108398437500e+02,8.276370849609375000e+02,-2.083764944124878570e+07
3.189000000000000057e+00,2.309426755544974064e-01,3.720834808763038293e-01,-1.121317214700964966e-02,-1.104947390958843645e-04,1.813348101719625127e-04,1.009453296521578558e-06,9.127988815307617188e-01,5.208946704864501953e+00,-4.914617538452148438e+00,-2.309426755544974064e-01,-3.720834808763038293e-01,1.121317214700964966e-02,0.000000000000000000e+00,0.000000000000000000e+00,0.000000000000000000e+00,0.000000000000000000e+00,0.000000000000000000e+00,0.000000000000000000e+00,0.000000000000000000e+00,8.276370849609375000e+02,8.276385498046875000e+02,8.276386108398437500e+02,8.276371459960937500e+02,-2.083764963315515593e+07
3.189999999999999947e+00,2.308319942677188041e-01,3.722647622009671586e-01,-1.121223250060007608e-02,-1.106812867786022281e-04,1.812813246633293573e-04,9.396464095735856947e-07,9.128041267395019531e-01,5.208969116210937500e+00,-4.914637565612792969e+00,-2.308319942677188041e-01,-3.722647622009671586e-01,1.121223250060007608e-02,0.000000000000000000e+00,0.000000000000000000e+00,0.000000000000000000e+00,0.000000000000000000e+00,0.000000000000000000e+00,0.000000000000000000e+00,0.000000000000000000e+00,8.276371459960937500e+02,8.276385498046875000e+02,8.276385498046875000e+02,8.276371459960937500e+02,-2.083764982514533401e+07
3.190999999999999837e+00,2.307211799094296134e-01,3.724459899649533723e-01,-1.121139785234059882e-02,-1.108143582891907286e-04,1.812277639862136525e-04,8.346482594772525188e-07,9.128098487854003906e-01,5.208990097045898438e+00,-4.914656162261962891e+00,-2.307211799094296134e-01,-3.724459899649533723e-01,1.121139785234059882e-02,0.000000000000000000e+00,0.000000000000000000e+00,0.000000000000000000e+00,0.000000000000000000e+00,0.000000000000000000e+00,0.000000000000000000e+00,0.000000000000000000e+00,8.276371459960937500e+02,8.276384887695312500e+02,8.276385498046875000e+02,8.276372070312500000e+02,-2.083765001721930876e+07
3.192000000000000171e+00,2.306102059129924442e-01,3.726271641005389212e-01,-1.121070313353787241e-02,-1.109739964371692089e-04,1.811741355855489566e-04,6.947188027264100674e-07,9.128146171569824219e-01,5.209012031555175781e+00,-4.914677143096923828e+00,-2.306102059129924442e-01,-3.726271641005389212e-01,1.121070313353787241e-02,0.000000000000000000e+00,0.000000000000000000e+00,0.000000000000000000e+00,0.000000000000000000e+00,0.000000000000000000e+00,0.000000000000000000e+00,0.000000000000000000e+00,8.276372070312500000e+02,8.276384887695312500e+02,8.276384887695312500e+02,8.276372070312500000e+02,-2.083765020937705785e+07
3.193000000000000060e+00,2.304990457092771783e-01,3.728082845418129176e-01,-1.121018244155825259e-02,-1.111602037152659150e-04,1.811204412739964020e-04,5.206919796198195005e-07,9.128205776214599609e-01,5.209035396575927734e+00,-4.914696216583251953e+00,-2.304990457092771783e-01,-3.728082845418129176e-01,1.121018244155825259e-02,0.000000000000000000e+00,0.000000000000000000e+00,0.000000000000000000e+00,0.000000000000000000e+00,0.000000000000000000e+00,0.000000000000000000e+00,0.000000000000000000e+00,8.276372680664062500e+02,8.276384277343750000e+02,8.276384277343750000e+02,8.276372680664062500e+02,-2.083765040161855146e+07
3.193999999999999950e+00,2.303877527669750125e-01,3.729893512190440297e-01,-1.120986846660326774e-02,-1.112929423021657982e-04,1.810666772311120276e-04,3.139749549848497301e-07,9.128255844116210938e-01,5.209056377410888672e+00,-4.914716720581054688e+00,-2.303877527669750125e-01,-3.729893512190440297e-01,1.120986846660326774e-02,0.000000000000000000e+00,0.000000000000000000e+00,0.000000000000000000e+00,0.000000000000000000e+00,0.000000000000000000e+00,0.000000000000000000e+00,0.000000000000000000e+00,8.276373291015625000e+02,8.276383666992187500e+02,8.276383666992187500e+02,8.276373291015625000e+02,-2.083765059394378588e+07
3.194999999999999840e+00,2.302762738255059172e-01,3.731703640757216278e-01,-1.120979188409597024e-02,-1.114789414690953162e-04,1.810128566775981440e-04,7.658250729750126773e-08,9.128309488296508789e-01,5.209079742431640625e+00,-4.914735794067382812e+00,-2.302762738255059172e-01,-3.731703640757216278e-01,1.120979188409597024e-02,0.000000000000000000e+00,0.000000000000000000e+00,0.000000000000000000e+00,0.000000000000000000e+00,0.000000000000000000e+00,0.000000000000000000e+00,0.000000000000000000e+00,8.276373291015625000e+02,8.276383056640625000e+02,8.276383056640625000e+02,8.276373901367187500e+02,-2.083765078635272756e+07
3.196000000000000174e+00,2.301646356593684828e-01,3.733513230531738669e-01,-1.120998112860363376e-02,-1.116381661374343803e-04,1.809589774522391004e-04,-1.892445076635135282e-07,9.128355979919433594e-01,5.209101200103759766e+00,-4.914755344390869141e+00,-2.301646356593684828e-01,-3.733513230531738669e-01,1.120998112860363376e-02,0.000000000000000000e+00,0.000000000000000000e+00,0.000000000000000000e+00,0.000000000000000000e+00,0.000000000000000000e+00,0.000000000000000000e+00,0.000000000000000000e+00,8.276373901367187500e+02,8.276382446289062500e+02,8.276383056640625000e+02,8.276374511718750000e+02,-2.083765097884536162e+07
3.197000000000000064e+00,2.300528650432411837e-01,3.735322280928415339e-01,-1.121046463486488447e-02,-1.117706161272991050e-04,1.809050396676670225e-04,-4.835062612507101676e-07,9.128414392471313477e-01,5.209122657775878906e+00,-4.914775371551513672e+00,-2.300528650432411837e-01,-3.735322280928415339e-01,1.121046463486488447e-02,0.000000000000000000e+00,0.000000000000000000e+00,0.000000000000000000e+00,0.000000000000000000e+00,0.000000000000000000e+00,0.000000000000000000e+00,0.000000000000000000e+00,8.276374511718750000e+02,8.276381835937500000e+02,8.276382446289062500e+02,8.276374511718750000e+02,-2.083765117142168060e+07
3.197999999999999954e+00,2.299409353790785593e-01,3.737130791478402991e-01,-1.121126732865247548e-02,-1.119296641626243982e-04,1.808510549987651927e-04,-8.026937875910133968e-07,9.128465652465820312e-01,5.209144115447998047e+00,-4.914795398712158203e+00,-2.299409353790785593e-01,-3.737130791478402991e-01,1.121126732865247548e-02,0.000000000000000000e+00,0.000000000000000000e+00,0.000000000000000000e+00,0.000000000000000000e+00,0.000000000000000000e+00,0.000000000000000000e+00,0.000000000000000000e+00,8.276375122070312500e+02,8.276381225585937500e+02,8.276381835937500000e+02,8.276375732421875000e+02,-2.083765136408167332e+07
3.198999999999999844e+00,2.298288467395354917e-01,3.738939028581098056e-01,-1.121241010729660641e-02,-1.120886395430675808e-04,1.808237102695064991e-04,-1.142778644130926224e-06,9.128519296646118164e-01,5.209167003631591797e+00,-4.914814472198486328e+00,-2.298288467395354917e-01,-3.738939028581098056e-01,1.121241010729660641e-02,0.000000000000000000e+00,0.000000000000000000e+00,0.000000000000000000e+00,0.000000000000000000e+00,0.000000000000000000e+00,0.000000000000000000e+00,0.000000000000000000e+00,8.276375732421875000e+02,8.276380615234375000e+02,8.276381225585937500e+02,8.276376342773437500e+02,-2.083765155682533979e+07
3.200000000000000178e+00,2.297166258717304455e-01,3.740746458171701483e-01,-1.121391462836860906e-02,-1.122208678050462538e-04,1.807429590603426561e-04,-1.504521072002648618e-06,9.128570556640625000e-01,5.209187984466552734e+00,-4.914834022521972656e+00,-2.297166258717304455e-01,-3.740746458171701483e-01,1.121391462836860906e-02,0.000000000000000000e+00,0.000000000000000000e+00,0.000000000000000000e+00,0.000000000000000000e+00,0.000000000000000000e+00,0.000000000000000000e+00,0.000000000000000000e+00,8.276376342773437500e+02,8.276380004882812500e+02,8.276380004882812500e+02,8.276376953125000000e+02,-2.083765174965266138e+07
3.201000000000000068e+00,2.296042728353798745e-01,3.742553613559526093e-01,-1.121579684019059775e-02,-1.123530363505709229e-04,1.807155387824610493e-04,-1.882211821988694078e-06,9.128618240356445312e-01,5.209208965301513672e+00,-4.914853096008300781e+00,-2.296042728353798745e-01,-3.742553613559526093e-01,1.121579684019059775e-02,0.000000000000000000e+00,0.000000000000000000e+00,0.000000000000000000e+00,0.000000000000000000e+00,0.000000000000000000e+00,0.000000000000000000e+00,0.000000000000000000e+00,8.276377563476562500e+02,8.276379394531250000e+02,8.276379394531250000e+02,8.276377563476562500e+02,-2.083765194256365299e+07
3.201999999999999957e+00,2.294917876840313897e-01,3.744360494438563891e-01,-1.121807258395889073e-02,-1.124851513484848020e-04,1.806880879037797705e-04,-2.275743768292981528e-06,9.128673076629638672e-01,5.209232330322265625e+00,-4.914873123168945312e+00,-2.294917876840313897e-01,-3.744360494438563891e-01,1.121807258395889073e-02,0.000000000000000000e+00,0.000000000000000000e+00,0.000000000000000000e+00,0.000000000000000000e+00,0.000000000000000000e+00,0.000000000000000000e+00,0.000000000000000000e+00,8.276378173828125000e+02,8.276378784179687500e+02,8.276378784179687500e+02,8.276378173828125000e+02,-2.083765213555833325e+07
3.202999999999999847e+00,2.293792238111440340e-01,3.746166833763496795e-01,-1.122075198547103567e-02,-1.125638728873556982e-04,1.806339324932904056e-04,-2.679401512144935493e-06,9.128720760345458984e-01,5.209252834320068359e+00,-4.914891719818115234e+00,-2.293792238111440340e-01,-3.746166833763496795e-01,1.122075198547103567e-02,0.000000000000000000e+00,0.000000000000000000e+00,0.000000000000000000e+00,0.000000000000000000e+00,0.000000000000000000e+00,0.000000000000000000e+00,0.000000000000000000e+00,8.276378784179687500e+02,8.276378173828125000e+02,8.276378173828125000e+02,8.276378784179687500e+02,-2.083765232863672450e+07
3.204000000000000181e+00,2.292665278893155911e-01,3.747972631394911325e-01,-1.122384487528941231e-02,-1.126959218284429021e-04,1.805797631414529647e-04,-3.092889818376645672e-06,9.128776788711547852e-01,5.209275722503662109e+00,-4.914912700653076172e+00,-2.292665278893155911e-01,-3.747972631394911325e-01,1.122384487528941231e-02,0.000000000000000000e+00,0.000000000000000000e+00,0.000000000000000000e+00,0.000000000000000000e+00,0.000000000000000000e+00,0.000000000000000000e+00,0.000000000000000000e+00,8.276379394531250000e+02,8.276377563476562500e+02,8.276377563476562500e+02,8.276379394531250000e+02,-2.083765252179882675e+07
3.205000000000000071e+00,2.291537532997128535e-01,3.749778420845701898e-01,-1.122735486945385629e-02,-1.127745896027376737e-04,1.805789450790573625e-04,-3.509994164443974718e-06,9.128830432891845703e-01,5.209296226501464844e+00,-4.914932727813720703e+00,-2.291537532997128535e-01,-3.749778420845701898e-01,1.122735486945385629e-02,0.000000000000000000e+00,0.000000000000000000e+00,0.000000000000000000e+00,0.000000000000000000e+00,0.000000000000000000e+00,0.000000000000000000e+00,0.000000000000000000e+00,8.276380004882812500e+02,8.276376953125000000e+02,8.276376953125000000e+02,8.276380004882812500e+02,-2.083765271504470333e+07
3.205999999999999961e+00,2.290409000489455893e-01,3.751583668445589992e-01,-1.123128519600380924e-02,-1.128532507672641572e-04,1.805247599888093468e-04,-3.930326549952956050e-06,9.128879308700561523e-01,5.209317684173583984e+00,-4.914950847625732422e+00,-2.290409000489455893e-01,-3.751583668445589992e-01,1.123128519600380924e-02,0.000000000000000000e+00,0.000000000000000000e+00,0.000000000000000000e+00,0.000000000000000000e+00,0.000000000000000000e+00,0.000000000000000000e+00,0.000000000000000000e+00,8.276380615234375000e+02,8.276376342773437500e+02,8.276376342773437500e+02,8.276380615234375000e+02,-2.083765290837438032e+07
3.206999999999999851e+00,2.289279544967310065e-01,3.753388684119723373e-01,-1.123563366883989154e-02,-1.129455522145828006e-04,1.805015674133381154e-04,-4.348472836082292736e-06,9.128930568695068359e-01,5.209339618682861328e+00,-4.914970874786376953e+00,-2.289279544967310065e-01,-3.753388684119723373e-01,1.123563366883989154e-02,0.000000000000000000e+00,0.000000000000000000e+00,0.000000000000000000e+00,0.000000000000000000e+00,0.000000000000000000e+00,0.000000000000000000e+00,0.000000000000000000e+00,8.276381225585937500e+02,8.276375122070312500e+02,8.276375732421875000e+02,8.276381225585937500e+02,-2.083765310178789496e+07
3.208000000000000185e+00,2.288149972827559775e-01,3.755193381648171957e-01,-1.124039827052072775e-02,-1.129572139750290027e-04,1.804697528448584443e-04,-4.764601680836214048e-06,9.128978252410888672e-01,5.209360599517822266e+00,-4.914988517761230469e+00,-2.288149972827559775e-01,-3.755193381648171957e-01,1.124039827052072775e-02,0.000000000000000000e+00,0.000000000000000000e+00,0.000000000000000000e+00,0.000000000000000000e+00,0.000000000000000000e+00,0.000000000000000000e+00,0.000000000000000000e+00,8.276381835937500000e+02,8.276374511718750000e+02,8.276375122070312500e+02,8.276381835937500000e+02,-2.083765329528531805e+07
3.209000000000000075e+00,2.287019880602375599e-01,3.756998338029028384e-01,-1.124557011094712462e-02,-1.130092225184176069e-04,1.804956380856426179e-04,-5.171840426396873136e-06,9.129034280776977539e-01,5.209380626678466797e+00,-4.915008068084716797e+00,-2.287019880602375599e-01,-3.756998338029028384e-01,1.124557011094712462e-02,0.000000000000000000e+00,0.000000000000000000e+00,0.000000000000000000e+00,0.000000000000000000e+00,0.000000000000000000e+00,0.000000000000000000e+00,0.000000000000000000e+00,8.276382446289062500e+02,8.276373901367187500e+02,8.276374511718750000e+02,8.276382446289062500e+02,-2.083765348886674643e+07
3.209999999999999964e+00,2.285889534725998040e-01,3.758802753008840258e-01,-1.125113994606304069e-02,-1.130345876377558678e-04,1.804414979811874709e-04,-5.569835115916063617e-06,9.129079580307006836e-01,5.209402084350585938e+00,-4.915027618408203125e+00,-2.285889534725998040e-01,-3.758802753008840258e-01,1.125113994606304069e-02,0.000000000000000000e+00,0.000000000000000000e+00,0.000000000000000000e+00,0.000000000000000000e+00,0.000000000000000000e+00,0.000000000000000000e+00,0.000000000000000000e+00,8.276383056640625000e+02,8.276373901367187500e+02,8.276373901367187500e+02,8.276383056640625000e+02,-2.083765368253222480e+07
3.210999999999999854e+00,2.284758934818921228e-01,3.760607427322730789e-01,-1.125709292764103496e-02,-1.130599907076812460e-04,1.804674313890530790e-04,-5.952981577994273521e-06,9.129134416580200195e-01,5.209424495697021484e+00,-4.915047168731689453e+00,-2.284758934818921228e-01,-3.760607427322730789e-01,1.125709292764103496e-02,0.000000000000000000e+00,0.000000000000000000e+00,0.000000000000000000e+00,0.000000000000000000e+00,0.000000000000000000e+00,0.000000000000000000e+00,0.000000000000000000e+00,8.276383666992187500e+02,8.276373291015625000e+02,8.276373291015625000e+02,8.276383666992187500e+02,-2.083765387628186122e+07
3.212000000000000188e+00,2.283628613995337953e-01,3.762412094424165687e-01,-1.126341416956534378e-02,-1.130320823583275125e-04,1.804667101434898058e-04,-6.321241924308815263e-06,9.129185676574707031e-01,5.209445476531982422e+00,-4.915065288543701172e+00,-2.283628613995337953e-01,-3.762412094424165687e-01,1.126341416956534378e-02,0.000000000000000000e+00,0.000000000000000000e+00,0.000000000000000000e+00,0.000000000000000000e+00,0.000000000000000000e+00,0.000000000000000000e+00,0.000000000000000000e+00,8.276384277343750000e+02,8.276372680664062500e+02,8.276372680664062500e+02,8.276384277343750000e+02,-2.083765407011577114e+07
3.213000000000000078e+00,2.282498304773624143e-01,3.764216487938989442e-01,-1.127008352056142922e-02,-1.130309221713809986e-04,1.804393514823754430e-04,-6.669350996085440797e-06,9.129233360290527344e-01,5.209465503692626953e+00,-4.915084362030029297e+00,-2.282498304773624143e-01,-3.764216487938989442e-01,1.127008352056142922e-02,0.000000000000000000e+00,0.000000000000000000e+00,0.000000000000000000e+00,0.000000000000000000e+00,0.000000000000000000e+00,0.000000000000000000e+00,0.000000000000000000e+00,8.276384277343750000e+02,8.276372070312500000e+02,8.276372070312500000e+02,8.276384887695312500e+02,-2.083765426403402910e+07
3.213999999999999968e+00,2.281368273358236054e-01,3.766021141884038914e-01,-1.127708033032946526e-02,-1.130031415388088600e-04,1.804653945049472519e-04,-6.996809768036044153e-06,9.129285812377929688e-01,5.209488391876220703e+00,-4.915104866027832031e+00,-2.281368273358236054e-01,-3.766021141884038914e-01,1.127708033032946526e-02,0.000000000000000000e+00,0.000000000000000000e+00,0.000000000000000000e+00,0.000000000000000000e+00,0.000000000000000000e+00,0.000000000000000000e+00,0.000000000000000000e+00,8.276384887695312500e+02,8.276372070312500000e+02,8.276372070312500000e+02,8.276384887695312500e+02,-2.083765445803676546e+07
3.214999999999999858e+00,2.280238785779772903e-01,3.767826056725533945e-01,-1.128438050718956476e-02,-1.129487578463150843e-04,1.804914841495031119e-04,-7.300176860099497067e-06,9.129334688186645508e-01,5.209508419036865234e+00,-4.915121555328369141e+00,-2.280238785779772903e-01,-3.767826056725533945e-01,1.128438050718956476e-02,0.000000000000000000e+00,0.000000000000000000e+00,0.000000000000000000e+00,0.000000000000000000e+00,0.000000000000000000e+00,0.000000000000000000e+00,0.000000000000000000e+00,8.276385498046875000e+02,8.276371459960937500e+02,8.276371459960937500e+02,8.276385498046875000e+02,-2.083765465212412551e+07
3.216000000000000192e+00,2.279109841115904700e-01,3.769630966211465761e-01,-1.129195648366034498e-02,-1.128944663868203246e-04,1.804909485931815993e-04,-7.575976470780218519e-06,9.129385948181152344e-01,5.209530830383300781e+00,-4.915142536163330078e+00,-2.279109841115904700e-01,-3.769630966211465761e-01,1.129195648366034498e-02,0.000000000000000000e+00,0.000000000000000000e+00,0.000000000000000000e+00,0.000000000000000000e+00,0.000000000000000000e+00,0.000000000000000000e+00,0.000000000000000000e+00,8.276385498046875000e+02,8.276370849609375000e+02,8.276371459960937500e+02,8.276385498046875000e+02,-2.083765484629622847e+07
3.217000000000000082e+00,2.277981705343216923e-01,3.771436137663720656e-01,-1.129978172008621121e-02,-1.128135772687777205e-04,1.805171452254894504e-04,-7.825236425866230472e-06,9.129436016082763672e-01,5.209550857543945312e+00,-4.915161132812500000e+00,-2.277981705343216923e-01,-3.771436137663720656e-01,1.129978172008621121e-02,0.000000000000000000e+00,0.000000000000000000e+00,0.000000000000000000e+00,0.000000000000000000e+00,0.000000000000000000e+00,0.000000000000000000e+00,0.000000000000000000e+00,8.276386108398437500e+02,8.276370849609375000e+02,8.276370849609375000e+02,8.276386108398437500e+02,-2.083765504055322707e+07
3.217999999999999972e+00,2.276854377402761087e-01,3.773241571735523880e-01,-1.130782369954742676e-02,-1.127327940455835620e-04,1.805434071803224683e-04,-8.041979461215556513e-06,9.129482507705688477e-01,5.209571361541748047e+00,-4.915180206298828125e+00,-2.276854377402761087e-01,-3.773241571735523880e-01,1.130782369954742676e-02,0.000000000000000000e+00,0.000000000000000000e+00,0.000000000000000000e+00,0.000000000000000000e+00,0.000000000000000000e+00,0.000000000000000000e+00,0.000000000000000000e+00,8.276386108398437500e+02,8.276370849609375000e+02,8.276370849609375000e+02,8.276386108398437500e+02,-2.083765523489527032e+07
3.218999999999999861e+00,2.275728123126137259e-01,3.775047269004542794e-01,-1.131605249434897154e-02,-1.126254276623828154e-04,1.805697269018913254e-04,-8.228794801544772608e-06,9.129534959793090820e-01,5.209593772888183594e+00,-4.915198802947998047e+00,-2.275728123126137259e-01,-3.775047269004542794e-01,1.131605249434897154e-02,0.000000000000000000e+00,0.000000000000000000e+00,0.000000000000000000e+00,0.000000000000000000e+00,0.000000000000000000e+00,0.000000000000000000e+00,0.000000000000000000e+00,8.276386108398437500e+02,8.276370849609375000e+02,8.276370849609375000e+02,8.276386108398437500e+02,-2.083765542932252586e+07
3.220000000000000195e+00,2.274602674589399354e-01,3.776853497003795357e-01,-1.132443305140947744e-02,-1.125448536737905236e-04,1.806227999252563166e-04,-8.380557060505902656e-06,9.129587411880493164e-01,5.209614276885986328e+00,-4.915217876434326172e+00,-2.274602674589399354e-01,-3.776853497003795357e-01,1.132443305140947744e-02,0.000000000000000000e+00,0.000000000000000000e+00,0.000000000000000000e+00,0.000000000000000000e+00,0.000000000000000000e+00,0.000000000000000000e+00,0.000000000000000000e+00,8.276386108398437500e+02,8.276370239257812500e+02,8.276370849609375000e+02,8.276386108398437500e+02,-2.083765562383516505e+07
3.221000000000000085e+00,2.273478564261291746e-01,3.778659989558361687e-01,-1.133293130918314184e-02,-1.124110328107608137e-04,1.806492554566330178e-04,-8.498257773664405490e-06,9.129637479782104492e-01,5.209634780883789062e+00,-4.915238380432128906e+00,-2.273478564261291746e-01,-3.778659989558361687e-01,1.133293130918314184e-02,0.000000000000000000e+00,0.000000000000000000e+00,0.000000000000000000e+00,0.000000000000000000e+00,0.000000000000000000e+00,0.000000000000000000e+00,0.000000000000000000e+00,8.276386108398437500e+02,8.276370239257812500e+02,8.276370849609375000e+02,8.276386108398437500e+02,-2.083765581843336299e+07
3.221999999999999975e+00,2.272355791019602389e-01,3.780466747349214285e-01,-1.134151308344164173e-02,-1.122773241689356549e-04,1.806757790852597800e-04,-8.581774258499888508e-06,9.129685163497924805e-01,5.209655761718750000e+00,-4.915254592895507812e+00,-2.272355791019602389e-01,-3.780466747349214285e-01,1.134151308344164173e-02,0.000000000000000000e+00,0.000000000000000000e+00,0.000000000000000000e+00,0.000000000000000000e+00,0.000000000000000000e+00,0.000000000000000000e+00,0.000000000000000000e+00,8.276386108398437500e+02,8.276370239257812500e+02,8.276370849609375000e+02,8.276386108398437500e+02,-2.083765601311729103e+07
3.222999999999999865e+00,2.271234086851340039e-01,3.782274037954860280e-01,-1.135014081969116552e-02,-1.121704168262349643e-04,1.807290605645994752e-04,-8.627736249523787482e-06,9.129735231399536133e-01,5.209677219390869141e+00,-4.915275096893310547e+00,-2.271234086851340039e-01,-3.782274037954860280e-01,1.135014081969116552e-02,0.000000000000000000e+00,0.000000000000000000e+00,0.000000000000000000e+00,0.000000000000000000e+00,0.000000000000000000e+00,0.000000000000000000e+00,0.000000000000000000e+00,8.276386108398437500e+02,8.276370849609375000e+02,8.276370849609375000e+02,8.276386108398437500e+02,-2.083765620788712800e+07
3.224000000000000199e+00,2.270113984163532050e-01,3.784081595229077388e-01,-1.135877878928417614e-02,-1.120102687807988939e-04,1.807557274217108656e-04,-8.637969593010622060e-06,9.129791259765625000e-01,5.209699153900146484e+00,-4.915294647216796875e+00,-2.270113984163532050e-01,-3.784081595229077388e-01,1.135877878928417614e-02,0.000000000000000000e+00,0.000000000000000000e+00,0.000000000000000000e+00,0.000000000000000000e+00,0.000000000000000000e+00,0.000000000000000000e+00,0.000000000000000000e+00,8.276386108398437500e+02,8.276370849609375000e+02,8.276370849609375000e+02,8.276386108398437500e+02,-2.083765640274306014e+07
3.225000000000000089e+00,2.268995346559145032e-01,3.785889727856756592e-01,-1.136738894584491538e-02,-1.118637604387018314e-04,1.808132627679204241e-04,-8.610156560739240517e-06,9.129831790924072266e-01,5.209718704223632812e+00,-4.915311813354492188e+00,-2.268995346559145032e-01,-3.785889727856756592e-01,1.136738894584491538e-02,0.000000000000000000e+00,0.000000000000000000e+00,0.000000000000000000e+00,0.000000000000000000e+00,0.000000000000000000e+00,0.000000000000000000e+00,0.000000000000000000e+00,8.276385498046875000e+02,8.276370849609375000e+02,8.276370849609375000e+02,8.276385498046875000e+02,-2.083765659768528864e+07
3.225999999999999979e+00,2.267878176542721391e-01,3.787698354162137293e-01,-1.137593817649053089e-02,-1.117170016423640888e-04,1.808626305380700572e-04,-8.549230645615510382e-06,9.129887819290161133e-01,5.209740161895751953e+00,-4.915332794189453125e+00,-2.267878176542721391e-01,-3.787698354162137293e-01,1.137593817649053089e-02,0.000000000000000000e+00,0.000000000000000000e+00,0.000000000000000000e+00,0.000000000000000000e+00,0.000000000000000000e+00,0.000000000000000000e+00,0.000000000000000000e+00,8.276385498046875000e+02,8.276371459960937500e+02,8.276371459960937500e+02,8.276385498046875000e+02,-2.083765679271400347e+07
3.226999999999999869e+00,2.266762604456222518e-01,3.789507782910367939e-01,-1.138438852336401928e-02,-1.115572086498872739e-04,1.809428748230645922e-04,-8.450346873488390198e-06,9.129936695098876953e-01,5.209762573242187500e+00,-4.915351867675781250e+00,-2.266762604456222518e-01,-3.789507782910367939e-01,1.138438852336401928e-02,0.000000000000000000e+00,0.000000000000000000e+00,0.000000000000000000e+00,0.000000000000000000e+00,0.000000000000000000e+00,0.000000000000000000e+00,0.000000000000000000e+00,8.276384887695312500e+02,8.276371459960937500e+02,8.276371459960937500e+02,8.276384887695312500e+02,-2.083765698782942817e+07
3.228000000000000203e+00,2.265648629072954667e-01,3.791317481174284465e-01,-1.139270486286142817e-02,-1.113975383267851171e-04,1.809698263916525995e-04,-8.316339497408883896e-06,9.129990339279174805e-01,5.209783077239990234e+00,-4.915370464324951172e+00,-2.265648629072954667e-01,-3.791317481174284465e-01,1.139270486286142817e-02,0.000000000000000000e+00,0.000000000000000000e+00,0.000000000000000000e+00,0.000000000000000000e+00,0.000000000000000000e+00,0.000000000000000000e+00,0.000000000000000000e+00,8.276384887695312500e+02,8.276372070312500000e+02,8.276372070312500000e+02,8.276384887695312500e+02,-2.083765718303174153e+07
3.229000000000000092e+00,2.264536516097005459e-01,3.793127716408422057e-01,-1.140085315193896907e-02,-1.112112975949208771e-04,1.810235234137591576e-04,-8.148289077540907255e-06,9.130036830902099609e-01,5.209804058074951172e+00,-4.915390014648437500e+00,-2.264536516097005459e-01,-3.793127716408422057e-01,1.140085315193896907e-02,0.000000000000000000e+00,0.000000000000000000e+00,0.000000000000000000e+00,0.000000000000000000e+00,0.000000000000000000e+00,0.000000000000000000e+00,0.000000000000000000e+00,8.276384277343750000e+02,8.276372680664062500e+02,8.276372680664062500e+02,8.276384277343750000e+02,-2.083765737832115591e+07
3.229999999999999982e+00,2.263425730850801565e-01,3.794938489282875249e-01,-1.140880153112113632e-02,-1.110785246203893628e-04,1.810772874453192571e-04,-7.948379182167245038e-06,9.130090475082397461e-01,5.209826469421386719e+00,-4.915408611297607422e+00,-2.263425730850801565e-01,-3.794938489282875249e-01,1.140880153112113632e-02,0.000000000000000000e+00,0.000000000000000000e+00,0.000000000000000000e+00,0.000000000000000000e+00,0.000000000000000000e+00,0.000000000000000000e+00,0.000000000000000000e+00,8.276383666992187500e+02,8.276372680664062500e+02,8.276372680664062500e+02,8.276383666992187500e+02,-2.083765757369785756e+07
3.230999999999999872e+00,2.262316805899776406e-01,3.796750067191921318e-01,-1.141651771314564599e-02,-1.108924951025158645e-04,1.811577909046069301e-04,-7.716182024509674053e-06,9.130142927169799805e-01,5.209847927093505859e+00,-4.915428161621093750e+00,-2.262316805899776406e-01,-3.796750067191921318e-01,1.141651771314564599e-02,0.000000000000000000e+00,0.000000000000000000e+00,0.000000000000000000e+00,0.000000000000000000e+00,0.000000000000000000e+00,0.000000000000000000e+00,0.000000000000000000e+00,8.276383056640625000e+02,8.276373291015625000e+02,8.276373291015625000e+02,8.276383056640625000e+02,-2.083765776916207746e+07
3.232000000000000206e+00,2.261209206581586972e-01,3.798561917137672217e-01,-1.142397223426257907e-02,-1.107599318189433912e-04,1.811849945750898527e-04,-7.454521116933079949e-06,9.130192995071411133e-01,5.209867954254150391e+00,-4.915447711944580078e+00,-2.261209206581586972e-01,-3.798561917137672217e-01,1.142397223426257907e-02,0.000000000000000000e+00,0.000000000000000000e+00,0.000000000000000000e+00,0.000000000000000000e+00,0.000000000000000000e+00,0.000000000000000000e+00,0.000000000000000000e+00,8.276382446289062500e+02,8.276373901367187500e+02,8.276373901367187500e+02,8.276383056640625000e+02,-2.083765796471398324e+07
3.233000000000000096e+00,2.260103465623616026e-01,3.800374306413294434e-01,-1.143113781005257977e-02,-1.105740957970946514e-04,1.812389275622217077e-04,-7.165575790000697221e-06,9.130244255065917969e-01,5.209890365600585938e+00,-4.915466308593750000e+00,-2.260103465623616026e-01,-3.800374306413294434e-01,1.143113781005257977e-02,0.000000000000000000e+00,0.000000000000000000e+00,0.000000000000000000e+00,0.000000000000000000e+00,0.000000000000000000e+00,0.000000000000000000e+00,0.000000000000000000e+00,8.276382446289062500e+02,8.276374511718750000e+02,8.276374511718750000e+02,8.276382446289062500e+02,-2.083765816035377979e+07
3.233999999999999986e+00,2.258999048534162946e-01,3.802187235569335355e-01,-1.143798841712256875e-02,-1.104417089453080258e-04,1.812929156040921086e-04,-6.850607069988981501e-06,9.130294322967529297e-01,5.209912300109863281e+00,-4.915486335754394531e+00,-2.258999048534162946e-01,-3.802187235569335355e-01,1.143798841712256875e-02,0.000000000000000000e+00,0.000000000000000000e+00,0.000000000000000000e+00,0.000000000000000000e+00,0.000000000000000000e+00,0.000000000000000000e+00,0.000000000000000000e+00,8.276381835937500000e+02,8.276375122070312500e+02,8.276375122070312500e+02,8.276381835937500000e+02,-2.083765835608165339e+07
3.234999999999999876e+00,2.257896221333576536e-01,3.804000705031513330e-01,-1.144450079879347042e-02,-1.102827200586409262e-04,1.813469462177974556e-04,-6.512381670901665198e-06,9.130345582962036133e-01,5.209934234619140625e+00,-4.915505409240722656e+00,-2.257896221333576536e-01,-3.804000705031513330e-01,1.144450079879347042e-02,0.000000000000000000e+00,0.000000000000000000e+00,0.000000000000000000e+00,0.000000000000000000e+00,0.000000000000000000e+00,0.000000000000000000e+00,0.000000000000000000e+00,8.276380615234375000e+02,8.276375732421875000e+02,8.276375732421875000e+02,8.276380615234375000e+02,-2.083765855189779773e+07
3.236000000000000210e+00,2.256794716531041745e-01,3.805814715208773458e-01,-1.145065485641983544e-02,-1.101504802534791772e-04,1.814010177260128032e-04,-6.154057626365019851e-06,9.130396842956542969e-01,5.209954738616943359e+00,-4.915525436401367188e+00,-2.256794716531041745e-01,-3.805814715208773458e-01,1.145065485641983544e-02,0.000000000000000000e+00,0.000000000000000000e+00,0.000000000000000000e+00,0.000000000000000000e+00,0.000000000000000000e+00,0.000000000000000000e+00,0.000000000000000000e+00,8.276380004882812500e+02,8.276376342773437500e+02,8.276376342773437500e+02,8.276380004882812500e+02,-2.083765874780239537e+07
3.237000000000000099e+00,2.255694533468189933e-01,3.807628999643457579e-01,-1.145643219485025996e-02,-1.100183062851811666e-04,1.814284434684121372e-04,-5.777338430424522331e-06,9.130446910858154297e-01,5.209976673126220703e+00,-4.915544986724853516e+00,-2.255694533468189933e-01,-3.807628999643457579e-01,1.145643219485025996e-02,0.000000000000000000e+00,0.000000000000000000e+00,0.000000000000000000e+00,0.000000000000000000e+00,0.000000000000000000e+00,0.000000000000000000e+00,0.000000000000000000e+00,8.276379394531250000e+02,8.276376953125000000e+02,8.276376953125000000e+02,8.276379394531250000e+02,-2.083765894379561022e+07
3.237999999999999989e+00,2.254595671660152012e-01,3.809443825427948904e-01,-1.146181785917929977e-02,-1.098861808037920884e-04,1.814825784491325145e-04,-5.385664329039807630e-06,9.130499362945556641e-01,5.209998130798339844e+00,-4.915564060211181641e+00,-2.254595671660152012e-01,-3.809443825427948904e-01,1.146181785917929977e-02,0.000000000000000000e+00,0.000000000000000000e+00,0.000000000000000000e+00,0.000000000000000000e+00,0.000000000000000000e+00,0.000000000000000000e+00,0.000000000000000000e+00,8.276378784179687500e+02,8.276377563476562500e+02,8.276377563476562500e+02,8.276378784179687500e+02,-2.083765913987762108e+07
3.238999999999999879e+00,2.253497863889901698e-01,3.811259192805301343e-01,-1.146680008826010157e-02,-1.097807770250314174e-04,1.815367377352439249e-04,-4.982229080801800492e-06,9.130545854568481445e-01,5.210019588470458984e+00,-4.915583133697509766e+00,-2.253497863889901698e-01,-3.811259192805301343e-01,1.146680008826010157e-02,0.000000000000000000e+00,0.000000000000000000e+00,0.000000000000000000e+00,0.000000000000000000e+00,0.000000000000000000e+00,0.000000000000000000e+00,0.000000000000000000e+00,8.276378173828125000e+02,8.276378784179687500e+02,8.276378784179687500e+02,8.276378173828125000e+02,-2.083765933604859933e+07
3.240000000000000213e+00,2.252401109801188683e-01,3.813074835135883967e-01,-1.147136965841945647e-02,-1.096754088713014497e-04,1.815642330582623032e-04,-4.569570159354899297e-06,9.130603075027465820e-01,5.210042476654052734e+00,-4.915604114532470703e+00,-2.252401109801188683e-01,-3.813074835135883967e-01,1.147136965841945647e-02,0.000000000000000000e+00,0.000000000000000000e+00,0.000000000000000000e+00,0.000000000000000000e+00,0.000000000000000000e+00,0.000000000000000000e+00,0.000000000000000000e+00,8.276377563476562500e+02,8.276379394531250000e+02,8.276379394531250000e+02,8.276377563476562500e+02,-2.083765953230869770e+07
3.241000000000000103e+00,2.251305142314352914e-01,3.814890752580125666e-01,-1.147551897725241493e-02,-1.095967486835769389e-04,1.815917444241699208e-04,-4.149318832958465153e-06,9.130654335021972656e-01,5.210064411163330078e+00,-4.915622234344482422e+00,-2.251305142314352914e-01,-3.814890752580125666e-01,1.147551897725241493e-02,0.000000000000000000e+00,0.000000000000000000e+00,0.000000000000000000e+00,0.000000000000000000e+00,0.000000000000000000e+00,0.000000000000000000e+00,0.000000000000000000e+00,8.276376953125000000e+02,8.276380004882812500e+02,8.276380004882812500e+02,8.276376953125000000e+02,-2.083765972865804657e+07
3.241999999999999993e+00,2.250210228191918682e-01,3.816706945117300798e-01,-1.147924730013239955e-02,-1.094914122434231807e-04,1.816192537175131960e-04,-3.728322879984619087e-06,9.130710363388061523e-01,5.210086822509765625e+00,-4.915643692016601562e+00,-2.250210228191918682e-01,-3.816706945117300798e-01,1.147924730013239955e-02,0.000000000000000000e+00,0.000000000000000000e+00,0.000000000000000000e+00,0.000000000000000000e+00,0.000000000000000000e+00,0.000000000000000000e+00,0.000000000000000000e+00,8.276376342773437500e+02,8.276380615234375000e+02,8.276380615234375000e+02,8.276376342773437500e+02,-2.083765992509679869e+07
3.242999999999999883e+00,2.249115699729548890e-01,3.818523185182260415e-01,-1.148255297610983189e-02,-1.094528462369792621e-04,1.816240064959617762e-04,-3.305675977432337431e-06,9.130758047103881836e-01,5.210107803344726562e+00,-4.915662765502929688e+00,-2.249115699729548890e-01,-3.818523185182260415e-01,1.148255297610983189e-02,0.000000000000000000e+00,0.000000000000000000e+00,0.000000000000000000e+00,0.000000000000000000e+00,0.000000000000000000e+00,0.000000000000000000e+00,0.000000000000000000e+00,8.276375732421875000e+02,8.276381225585937500e+02,8.276381225585937500e+02,8.276375732421875000e+02,-2.083766012162505463e+07
3.244000000000000217e+00,2.248022091965945490e-01,3.820339927802902102e-01,-1.148544070872310925e-02,-1.093607763603399174e-04,1.816742620641687012e-04,-2.887732613277363414e-06,9.130810499191284180e-01,5.210129737854003906e+00,-4.915681838989257812e+00,-2.248022091965945490e-01,-3.820339927802902102e-01,1.148544070872310925e-02,0.000000000000000000e+00,0.000000000000000000e+00,0.000000000000000000e+00,0.000000000000000000e+00,0.000000000000000000e+00,0.000000000000000000e+00,0.000000000000000000e+00,8.276375122070312500e+02,8.276381835937500000e+02,8.276381835937500000e+02,8.276375122070312500e+02,-2.083766031824297458e+07
3.245000000000000107e+00,2.246928737377743290e-01,3.822156678550830411e-01,-1.148791713233777122e-02,-1.093354588202199995e-04,1.816750747928308485e-04,-2.476423614661965589e-06,9.130864143371582031e-01,5.210151672363281250e+00,-4.915702342987060547e+00,-2.246928737377743290e-01,-3.822156678550830411e-01,1.148791713233777122e-02,0.000000000000000000e+00,0.000000000000000000e+00,0.000000000000000000e+00,0.000000000000000000e+00,0.000000000000000000e+00,0.000000000000000000e+00,0.000000000000000000e+00,8.276374511718750000e+02,8.276382446289062500e+02,8.276382446289062500e+02,8.276374511718750000e+02,-2.083766051495065168e+07
3.245999999999999996e+00,2.245835636255603951e-01,3.823973704059099865e-01,-1.148999063712873026e-02,-1.093101122139339410e-04,1.817025508269454193e-04,-2.073504790959038169e-06,9.130917787551879883e-01,5.210173606872558594e+00,-4.915722370147705078e+00,-2.245835636255603951e-01,-3.823973704059099865e-01,1.148999063712873026e-02,0.000000000000000000e+00,0.000000000000000000e+00,0.000000000000000000e+00,0.000000000000000000e+00,0.000000000000000000e+00,0.000000000000000000e+00,0.000000000000000000e+00,8.276373901367187500e+02,8.276383056640625000e+02,8.276383056640625000e+02,8.276373901367187500e+02,-2.083766071174819767e+07
3.246999999999999886e+00,2.244742788993778770e-01,3.825790737246713147e-01,-1.149167451123961001e-02,-1.092847261825180549e-04,1.817033187613281697e-04,-1.683874110879751695e-06,9.130969047546386719e-01,5.210195541381835938e+00,-4.915742397308349609e+00,-2.244742788993778770e-01,-3.825790737246713147e-01,1.149167451123961001e-02,0.000000000000000000e+00,0.000000000000000000e+00,0.000000000000000000e+00,0.000000000000000000e+00,0.000000000000000000e+00,0.000000000000000000e+00,0.000000000000000000e+00,8.276373291015625000e+02,8.276383666992187500e+02,8.276383666992187500e+02,8.276373291015625000e+02,-2.083766090863570571e+07
3.248000000000000220e+00,2.243649662510229237e-01,3.827607777826120827e-01,-1.149298525203564826e-02,-1.093126483549533567e-04,1.817040579407680490e-04,-1.310740796038253886e-06,9.131023883819580078e-01,5.210218906402587891e+00,-4.915763378143310547e+00,-2.243649662510229237e-01,-3.827607777826120827e-01,1.149298525203564826e-02,0.000000000000000000e+00,0.000000000000000000e+00,0.000000000000000000e+00,0.000000000000000000e+00,0.000000000000000000e+00,0.000000000000000000e+00,0.000000000000000000e+00,8.276372680664062500e+02,8.276384277343750000e+02,8.276384277343750000e+02,8.276372680664062500e+02,-2.083766110561324656e+07
3.249000000000000110e+00,2.242556790937132727e-01,3.829424825426677725e-01,-1.149393887943986337e-02,-1.092871573096509952e-04,1.817047600556898068e-04,-9.536274042151043906e-07,9.131073951721191406e-01,5.210240840911865234e+00,-4.915782451629638672e+00,-2.242556790937132727e-01,-3.829424825426677725e-01,1.149393887943986337e-02,0.000000000000000000e+00,0.000000000000000000e+00,0.000000000000000000e+00,0.000000000000000000e+00,0.000000000000000000e+00,0.000000000000000000e+00,0.000000000000000000e+00,8.276372070312500000e+02,8.276384277343750000e+02,8.276384277343750000e+02,8.276372070312500000e+02,-2.083766130268091336e+07
3.250000000000000000e+00,2.241463374575272394e-01,3.831241612848439448e-01,-1.149455841943098494e-02,-1.093416361860333197e-04,1.816787421761723031e-04,-6.195399911215759836e-07,9.131126403808593750e-01,5.210262775421142578e+00,-4.915802001953125000e+00,-2.241463374575272394e-01,-3.831241612848439448e-01,1.149455841943098494e-02,0.000000000000000000e+00,0.000000000000000000e+00,0.000000000000000000e+00,0.000000000000000000e+00,0.000000000000000000e+00,0.000000000000000000e+00,0.000000000000000000e+00,8.276372070312500000e+02,8.276384887695312500e+02,8.276384887695312500e+02,8.276372070312500000e+02,-2.083766149983874336e+07
3.250999999999999890e+00,2.240369681036047389e-01,3.833058673233255553e-01,-1.149486657738821131e-02,-1.093693539225004674e-04,1.817060384816104879e-04,-3.081579572263709599e-07,9.131182432174682617e-01,5.210284709930419922e+00,-4.915822505950927734e+00,-2.240369681036047389e-01,-3.833058673233255553e-01,1.149486657738821131e-02,0.000000000000000000e+00,0.000000000000000000e+00,0.000000000000000000e+00,0.000000000000000000e+00,0.000000000000000000e+00,0.000000000000000000e+00,0.000000000000000000e+00,8.276371459960937500e+02,8.276385498046875000e+02,8.276385498046875000e+02,8.276371459960937500e+02,-2.083766169708682597e+07
3.251999999999999780e+00,2.239275177453110555e-01,3.834875205692584998e-01,-1.149488886505304654e-02,-1.094503582936834363e-04,1.816532459329445182e-04,-2.228766483522437447e-08,9.131233692169189453e-01,5.210307121276855469e+00,-4.915842056274414062e+00,-2.239275177453110555e-01,-3.834875205692584998e-01,1.149488886505304654e-02,0.000000000000000000e+00,0.000000000000000000e+00,0.000000000000000000e+00,0.000000000000000000e+00,0.000000000000000000e+00,0.000000000000000000e+00,0.000000000000000000e+00,8.276370849609375000e+02,8.276385498046875000e+02,8.276385498046875000e+02,8.276370849609375000e+02,-2.083766189442516863e+07
3.253000000000000114e+00,2.238180265041438133e-01,3.836691743243597630e-01,-1.149465386883983913e-02,-1.094912411672421815e-04,1.816537551012631369e-04,2.349962132074112642e-07,9.131288528442382812e-01,5.210330009460449219e+00,-4.915862560272216797e+00,-2.238180265041438133e-01,-3.836691743243597630e-01,1.149465386883983913e-02,0.000000000000000000e+00,0.000000000000000000e+00,0.000000000000000000e+00,0.000000000000000000e+00,0.000000000000000000e+00,0.000000000000000000e+00,0.000000000000000000e+00,8.276370849609375000e+02,8.276386108398437500e+02,8.276386108398437500e+02,8.276370849609375000e+02,-2.083766209185383841e+07
3.254000000000000004e+00,2.237084544546854292e-01,3.838508018522346910e-01,-1.149419141828771952e-02,-1.095720494583840576e-04,1.816275278749279742e-04,4.624505521196031754e-07,9.131343364715576172e-01,5.210352420806884766e+00,-4.915881633758544922e+00,-2.237084544546854292e-01,-3.838508018522346910e-01,1.149419141828771952e-02,0.000000000000000000e+00,0.000000000000000000e+00,0.000000000000000000e+00,0.000000000000000000e+00,0.000000000000000000e+00,0.000000000000000000e+00,0.000000000000000000e+00,8.276370849609375000e+02,8.276386108398437500e+02,8.276386108398437500e+02,8.276370849609375000e+02,-2.083766228937286511e+07
3.254999999999999893e+00,2.235987750210094438e-01,3.840324030929210264e-01,-1.149353310713742068e-02,-1.096794336759854271e-04,1.816012406863354300e-04,6.583111502988375774e-07,9.131394624710083008e-01,5.210374832153320312e+00,-4.915902614593505859e+00,-2.235987750210094438e-01,-3.840324030929210264e-01,1.149353310713742068e-02,0.000000000000000000e+00,0.000000000000000000e+00,0.000000000000000000e+00,0.000000000000000000e+00,0.000000000000000000e+00,0.000000000000000000e+00,0.000000000000000000e+00,8.276370239257812500e+02,8.276386108398437500e+02,8.276386108398437500e+02,8.276370239257812500e+02,-2.083766248698226362e+07
3.255999999999999783e+00,2.234890016517280531e-01,3.842139779811983846e-01,-1.149271149693470440e-02,-1.097733692813906980e-04,1.815748882773582373e-04,8.216102027162885957e-07,9.131449460983276367e-01,5.210395812988281250e+00,-4.915922164916992188e+00,-2.234890016517280531e-01,-3.842139779811983846e-01,1.149271149693470440e-02,0.000000000000000000e+00,0.000000000000000000e+00,0.000000000000000000e+00,0.000000000000000000e+00,0.000000000000000000e+00,0.000000000000000000e+00,0.000000000000000000e+00,8.276370239257812500e+02,8.276386108398437500e+02,8.276386108398437500e+02,8.276370239257812500e+02,-2.083766268468206003e+07
3.257000000000000117e+00,2.233791077793089441e-01,3.843954997700202991e-01,-1.149176146434411662e-02,-1.098938724191089733e-04,1.815217888219144982e-04,9.500325905877765598e-07,9.131501913070678711e-01,5.210419178009033203e+00,-4.915940761566162109e+00,-2.233791077793089441e-01,-3.843954997700202991e-01,1.149176146434411662e-02,0.000000000000000000e+00,0.000000000000000000e+00,0.000000000000000000e+00,0.000000000000000000e+00,0.000000000000000000e+00,0.000000000000000000e+00,0.000000000000000000e+00,8.276370239257812500e+02,8.276386108398437500e+02,8.276386108398437500e+02,8.276370239257812500e+02,-2.083766288247224689e+07
3.258000000000000007e+00,2.232690935210700223e-01,3.845769950732484954e-01,-1.149071724576234896e-02,-1.100142582389218582e-04,1.814953032281962919e-04,1.044218581767661358e-06,9.131553173065185547e-01,5.210441112518310547e+00,-4.915962219238281250e+00,-2.232690935210700223e-01,-3.845769950732484954e-01,1.149071724576234896e-02,0.000000000000000000e+00,0.000000000000000000e+00,0.000000000000000000e+00,0.000000000000000000e+00,0.000000000000000000e+00,0.000000000000000000e+00,0.000000000000000000e+00,8.276370239257812500e+02,8.276386108398437500e+02,8.276386108398437500e+02,8.276370239257812500e+02,-2.083766308035283536e+07
3.258999999999999897e+00,2.231589456588318476e-01,3.847584371379785817e-01,-1.148961626382303744e-02,-1.101478622381746320e-04,1.814420647300862832e-04,1.100981939311518332e-06,9.131605625152587891e-01,5.210463047027587891e+00,-4.915981769561767578e+00,-2.231589456588318476e-01,-3.847584371379785817e-01,1.148961626382303744e-02,0.000000000000000000e+00,0.000000000000000000e+00,0.000000000000000000e+00,0.000000000000000000e+00,0.000000000000000000e+00,0.000000000000000000e+00,0.000000000000000000e+00,8.276370239257812500e+02,8.276386108398437500e+02,8.276386108398437500e+02,8.276370239257812500e+02,-2.083766327832381800e+07
3.259999999999999787e+00,2.230486376800957793e-01,3.849398296320054591e-01,-1.148849290365756663e-02,-1.103079787360683461e-04,1.813924940268774044e-04,1.123360165470807526e-06,9.131660461425781250e-01,5.210485458374023438e+00,-4.916002273559570312e+00,-2.230486376800957793e-01,-3.849398296320054591e-01,1.148849290365756663e-02,0.000000000000000000e+00,0.000000000000000000e+00,0.000000000000000000e+00,0.000000000000000000e+00,0.000000000000000000e+00,0.000000000000000000e+00,0.000000000000000000e+00,8.276370849609375000e+02,8.276386108398437500e+02,8.276386108398437500e+02,8.276370849609375000e+02,-2.083766347638517246e+07
3.261000000000000121e+00,2.229382096366616939e-01,3.851211650004991438e-01,-1.148738590582743316e-02,-1.104280434340854100e-04,1.813353684936847010e-04,1.106997830133474303e-06,9.131714105606079102e-01,5.210507392883300781e+00,-4.916023254394531250e+00,-2.229382096366616939e-01,-3.851211650004991438e-01,1.148738590582743316e-02,0.000000000000000000e+00,0.000000000000000000e+00,0.000000000000000000e+00,0.000000000000000000e+00,0.000000000000000000e+00,0.000000000000000000e+00,0.000000000000000000e+00,8.276370849609375000e+02,8.276385498046875000e+02,8.276386108398437500e+02,8.276370849609375000e+02,-2.083766367453689128e+07
3.262000000000000011e+00,2.228276216725953440e-01,3.853024736044194931e-01,-1.148632966243675647e-02,-1.105879640663498531e-04,1.813086039203493094e-04,1.056243390676683824e-06,9.131766557693481445e-01,5.210529804229736328e+00,-4.916041374206542969e+00,-2.228276216725953440e-01,-3.853024736044194931e-01,1.148632966243675647e-02,0.000000000000000000e+00,0.000000000000000000e+00,0.000000000000000000e+00,0.000000000000000000e+00,0.000000000000000000e+00,0.000000000000000000e+00,0.000000000000000000e+00,8.276370849609375000e+02,8.276385498046875000e+02,8.276385498046875000e+02,8.276370849609375000e+02,-2.083766387277897075e+07
3.262999999999999901e+00,2.227168739111581586e-01,3.854837286901736659e-01,-1.148536164083851195e-02,-1.107477614371854546e-04,1.812550857541728178e-04,9.680215982445228295e-07,9.131820201873779297e-01,5.210551261901855469e+00,-4.916062355041503906e+00,-2.227168739111581586e-01,-3.854837286901736659e-01,1.148536164083851195e-02,0.000000000000000000e+00,0.000000000000000000e+00,0.000000000000000000e+00,0.000000000000000000e+00,0.000000000000000000e+00,0.000000000000000000e+00,0.000000000000000000e+00,8.276371459960937500e+02,8.276385498046875000e+02,8.276385498046875000e+02,8.276371459960937500e+02,-2.083766407111139596e+07
3.263999999999999790e+00,2.226059798111431898e-01,3.856649301887494774e-01,-1.148451690392267299e-02,-1.108941000149687994e-04,1.812014985758114705e-04,8.447369158389589350e-07,9.131872653961181641e-01,5.210573673248291016e+00,-4.916081428527832031e+00,-2.226059798111431898e-01,-3.856649301887494774e-01,1.148451690392267299e-02,0.000000000000000000e+00,0.000000000000000000e+00,0.000000000000000000e+00,0.000000000000000000e+00,0.000000000000000000e+00,0.000000000000000000e+00,0.000000000000000000e+00,8.276372070312500000e+02,8.276384887695312500e+02,8.276384887695312500e+02,8.276372070312500000e+02,-2.083766426953415200e+07
3.265000000000000124e+00,2.224949128044043933e-01,3.858460780382577671e-01,-1.148382871234960093e-02,-1.110670067387964366e-04,1.811478495082896600e-04,6.881915730720666868e-07,9.131928682327270508e-01,5.210597038269042969e+00,-4.916102409362792969e+00,-2.224949128044043933e-01,-3.858460780382577671e-01,1.148382871234960093e-02,0.000000000000000000e+00,0.000000000000000000e+00,0.000000000000000000e+00,0.000000000000000000e+00,0.000000000000000000e+00,0.000000000000000000e+00,0.000000000000000000e+00,8.276372070312500000e+02,8.276384277343750000e+02,8.276384277343750000e+02,8.276372070312500000e+02,-2.083766446804721281e+07
3.266000000000000014e+00,2.223836863473601655e-01,3.860271721715730076e-01,-1.148333129521898061e-02,-1.112264570442278444e-04,1.810941333152404908e-04,4.974171306203201137e-07,9.131978750228881836e-01,5.210618972778320312e+00,-4.916121482849121094e+00,-2.223836863473601655e-01,-3.860271721715730076e-01,1.148333129521898061e-02,0.000000000000000000e+00,0.000000000000000000e+00,0.000000000000000000e+00,0.000000000000000000e+00,0.000000000000000000e+00,0.000000000000000000e+00,0.000000000000000000e+00,8.276372680664062500e+02,8.276383666992187500e+02,8.276384277343750000e+02,8.276372680664062500e+02,-2.083766466665055975e+07
3.266999999999999904e+00,2.222722872071830336e-01,3.862082125290539070e-01,-1.148305629046228807e-02,-1.113991401771319278e-04,1.810403574808994165e-04,2.750047566925373221e-07,9.132032394409179688e-01,5.210640907287597656e+00,-4.916141986846923828e+00,-2.222722872071830336e-01,-3.862082125290539070e-01,1.148305629046228807e-02,0.000000000000000000e+00,0.000000000000000000e+00,0.000000000000000000e+00,0.000000000000000000e+00,0.000000000000000000e+00,0.000000000000000000e+00,0.000000000000000000e+00,8.276373291015625000e+02,8.276383666992187500e+02,8.276383666992187500e+02,8.276373291015625000e+02,-2.083766486534417421e+07
3.267999999999999794e+00,2.221607421671690508e-01,3.863891990506680973e-01,-1.148303380333309462e-02,-1.115450400139827991e-04,1.809865216141903765e-04,2.248712919344919570e-08,9.132086038589477539e-01,5.210661411285400391e+00,-4.916160583496093750e+00,-2.221607421671690508e-01,-3.863891990506680973e-01,1.148303380333309462e-02,0.000000000000000000e+00,0.000000000000000000e+00,0.000000000000000000e+00,0.000000000000000000e+00,0.000000000000000000e+00,0.000000000000000000e+00,0.000000000000000000e+00,8.276373901367187500e+02,8.276383056640625000e+02,8.276383056640625000e+02,8.276373901367187500e+02,-2.083766506412804127e+07
3.269000000000000128e+00,2.220490246403017953e-01,3.865701316863463521e-01,-1.148329125790399120e-02,-1.117175268672554456e-04,1.809326356782547940e-04,-2.574545708965841895e-07,9.132136106491088867e-01,5.210684299468994141e+00,-4.916182041168212891e+00,-2.220490246403017953e-01,-3.865701316863463521e-01,1.148329125790399120e-02,0.000000000000000000e+00,0.000000000000000000e+00,0.000000000000000000e+00,0.000000000000000000e+00,0.000000000000000000e+00,0.000000000000000000e+00,0.000000000000000000e+00,8.276374511718750000e+02,8.276382446289062500e+02,8.276382446289062500e+02,8.276374511718750000e+02,-2.083766526300214231e+07
3.270000000000000018e+00,2.219371613989873093e-01,3.867510103827454526e-01,-1.148385542441458622e-02,-1.118632413144859949e-04,1.808786963991004804e-04,-5.641665105950155468e-07,9.132187366485595703e-01,5.210705757141113281e+00,-4.916200637817382812e+00,-2.219371613989873093e-01,-3.867510103827454526e-01,1.148385542441458622e-02,0.000000000000000000e+00,0.000000000000000000e+00,0.000000000000000000e+00,0.000000000000000000e+00,0.000000000000000000e+00,0.000000000000000000e+00,0.000000000000000000e+00,8.276375122070312500e+02,8.276381835937500000e+02,8.276381835937500000e+02,8.276375122070312500e+02,-2.083766546196646988e+07
3.270999999999999908e+00,2.218251525295184545e-01,3.869318617748017108e-01,-1.148475053352670042e-02,-1.120088694688547992e-04,1.808513920562582200e-04,-8.951091121141979690e-07,9.132242202758789062e-01,5.210727691650390625e+00,-4.916219711303710938e+00,-2.218251525295184545e-01,-3.869318617748017108e-01,1.148475053352670042e-02,0.000000000000000000e+00,0.000000000000000000e+00,0.000000000000000000e+00,0.000000000000000000e+00,0.000000000000000000e+00,0.000000000000000000e+00,0.000000000000000000e+00,8.276375732421875000e+02,8.276381225585937500e+02,8.276381225585937500e+02,8.276375732421875000e+02,-2.083766566102103516e+07
3.271999999999999797e+00,2.217129980946644652e-01,3.871126324631150029e-01,-1.148599649197133352e-02,-1.121544348539893488e-04,1.807706883132920161e-04,-1.245958444633099571e-06,9.132292270660400391e-01,5.210750102996826172e+00,-4.916239738464355469e+00,-2.217129980946644652e-01,-3.871126324631150029e-01,1.148599649197133352e-02,0.000000000000000000e+00,0.000000000000000000e+00,0.000000000000000000e+00,0.000000000000000000e+00,0.000000000000000000e+00,0.000000000000000000e+00,0.000000000000000000e+00,8.276376342773437500e+02,8.276380615234375000e+02,8.276380615234375000e+02,8.276376342773437500e+02,-2.083766586016580835e+07
3.273000000000000131e+00,2.216007115106256864e-01,3.872933757704478119e-01,-1.148761345827440696e-02,-1.122865840387787806e-04,1.807433073328090778e-04,-1.616966303073438804e-06,9.132347106933593750e-01,5.210772037506103516e+00,-4.916258811950683594e+00,-2.216007115106256864e-01,-3.872933757704478119e-01,1.148761345827440696e-02,0.000000000000000000e+00,0.000000000000000000e+00,0.000000000000000000e+00,0.000000000000000000e+00,0.000000000000000000e+00,0.000000000000000000e+00,0.000000000000000000e+00,8.276376953125000000e+02,8.276380004882812500e+02,8.276380004882812500e+02,8.276376953125000000e+02,-2.083766605940080807e+07
3.274000000000000021e+00,2.214883061644004891e-01,3.874740649884222399e-01,-1.148961559961460266e-02,-1.124053462251972668e-04,1.806892179744279403e-04,-2.002141340195703889e-06,9.132399559020996094e-01,5.210794448852539062e+00,-4.916278839111328125e+00,-2.214883061644004891e-01,-3.874740649884222399e-01,1.148961559961460266e-02,0.000000000000000000e+00,0.000000000000000000e+00,0.000000000000000000e+00,0.000000000000000000e+00,0.000000000000000000e+00,0.000000000000000000e+00,0.000000000000000000e+00,8.276377563476562500e+02,8.276378784179687500e+02,8.276379394531250000e+02,8.276377563476562500e+02,-2.083766625872604176e+07
3.274999999999999911e+00,2.213757687652393447e-01,3.876547000920523844e-01,-1.149201704466716080e-02,-1.125373991611444691e-04,1.806351036301445667e-04,-2.401445052558140447e-06,9.132449626922607422e-01,5.210815429687500000e+00,-4.916298389434814453e+00,-2.213757687652393447e-01,-3.876547000920523844e-01,1.149201704466716080e-02,0.000000000000000000e+00,0.000000000000000000e+00,0.000000000000000000e+00,0.000000000000000000e+00,0.000000000000000000e+00,0.000000000000000000e+00,0.000000000000000000e+00,8.276378173828125000e+02,8.276378173828125000e+02,8.276378173828125000e+02,8.276378173828125000e+02,-2.083766645814150572e+07
3.275999999999999801e+00,2.212631393740159824e-01,3.878353344227367661e-01,-1.149482720307139216e-02,-1.126293912233622407e-04,1.806343306843816165e-04,-2.810158404231363760e-06,9.132499694824218750e-01,5.210835933685302734e+00,-4.916317939758300781e+00,-2.212631393740159824e-01,-3.878353344227367661e-01,1.149482720307139216e-02,0.000000000000000000e+00,0.000000000000000000e+00,0.000000000000000000e+00,0.000000000000000000e+00,0.000000000000000000e+00,0.000000000000000000e+00,0.000000000000000000e+00,8.276378784179687500e+02,8.276377563476562500e+02,8.276377563476562500e+02,8.276378784179687500e+02,-2.083766665764725953e+07
3.277000000000000135e+00,2.211504046711512961e-01,3.880159146067906906e-01,-1.149805343018557406e-02,-1.127347028646863425e-04,1.805801840539245084e-04,-3.226227114181898226e-06,9.132554531097412109e-01,5.210857391357421875e+00,-4.916336536407470703e+00,-2.211504046711512961e-01,-3.880159146067906906e-01,1.149805343018557406e-02,0.000000000000000000e+00,0.000000000000000000e+00,0.000000000000000000e+00,0.000000000000000000e+00,0.000000000000000000e+00,0.000000000000000000e+00,0.000000000000000000e+00,8.276379394531250000e+02,8.276376953125000000e+02,8.276376953125000000e+02,8.276379394531250000e+02,-2.083766685724331439e+07
3.278000000000000025e+00,2.210375648377560787e-01,3.881964174976924586e-01,-1.150169846505702358e-02,-1.128398333952174148e-04,1.805028909017680760e-04,-3.645034871449515101e-06,9.132603406906127930e-01,5.210879802703857422e+00,-4.916356563568115234e+00,-2.210375648377560787e-01,-3.881964174976924586e-01,1.150169846505702358e-02,0.000000000000000000e+00,0.000000000000000000e+00,0.000000000000000000e+00,0.000000000000000000e+00,0.000000000000000000e+00,0.000000000000000000e+00,0.000000000000000000e+00,8.276380004882812500e+02,8.276376342773437500e+02,8.276376342773437500e+02,8.276380004882812500e+02,-2.083766705692966655e+07
3.278999999999999915e+00,2.209246862558191526e-01,3.883769427240008620e-01,-1.150576382763098329e-02,-1.128785819369260146e-04,1.805252263084033970e-04,-4.065362573959716008e-06,9.132652282714843750e-01,5.210900306701660156e+00,-4.916375160217285156e+00,-2.209246862558191526e-01,-3.883769427240008620e-01,1.150576382763098329e-02,0.000000000000000000e+00,0.000000000000000000e+00,0.000000000000000000e+00,0.000000000000000000e+00,0.000000000000000000e+00,0.000000000000000000e+00,0.000000000000000000e+00,8.276381225585937500e+02,8.276375732421875000e+02,8.276375732421875000e+02,8.276380615234375000e+02,-2.083766725670641661e+07
3.279999999999999805e+00,2.208117290552104595e-01,3.885574404841381502e-01,-1.151024623372591364e-02,-1.129572006086931868e-04,1.804977601372881324e-04,-4.482406094930349583e-06,9.132707118988037109e-01,5.210920810699462891e+00,-4.916394233703613281e+00,-2.208117290552104595e-01,-3.885574404841381502e-01,1.151024623372591364e-02,0.000000000000000000e+00,0.000000000000000000e+00,0.000000000000000000e+00,0.000000000000000000e+00,0.000000000000000000e+00,0.000000000000000000e+00,0.000000000000000000e+00,8.276381835937500000e+02,8.276375122070312500e+02,8.276375122070312500e+02,8.276381835937500000e+02,-2.083766745657360554e+07
3.281000000000000139e+00,2.206987465861959263e-01,3.887379374648061159e-01,-1.151514091285985378e-02,-1.129824690145331267e-04,1.804969806679657118e-04,-4.894679133940135762e-06,9.132759571075439453e-01,5.210942745208740234e+00,-4.916414737701416016e+00,-2.206987465861959263e-01,-3.887379374648061159e-01,1.151514091285985378e-02,0.000000000000000000e+00,0.000000000000000000e+00,0.000000000000000000e+00,0.000000000000000000e+00,0.000000000000000000e+00,0.000000000000000000e+00,0.000000000000000000e+00,8.276382446289062500e+02,8.276374511718750000e+02,8.276374511718750000e+02,8.276382446289062500e+02,-2.083766765653132647e+07
3.282000000000000028e+00,2.205857121353509698e-01,3.889184070065534460e-01,-1.152043855144893256e-02,-1.130344508449565577e-04,1.804695417473300978e-04,-5.297638589078779159e-06,9.132806062698364258e-01,5.210964202880859375e+00,-4.916433334350585938e+00,-2.205857121353509698e-01,-3.889184070065534460e-01,1.152043855144893256e-02,0.000000000000000000e+00,0.000000000000000000e+00,0.000000000000000000e+00,0.000000000000000000e+00,0.000000000000000000e+00,0.000000000000000000e+00,0.000000000000000000e+00,8.276383056640625000e+02,8.276373901367187500e+02,8.276373901367187500e+02,8.276382446289062500e+02,-2.083766785657963157e+07
3.282999999999999918e+00,2.204726790273815740e-01,3.890988758104600431e-01,-1.152612687526592336e-02,-1.130331079693958074e-04,1.804688039065971417e-04,-5.688323816990803472e-06,9.132858514785766602e-01,5.210986137390136719e+00,-4.916452407836914062e+00,-2.204726790273815740e-01,-3.890988758104600431e-01,1.152612687526592336e-02,0.000000000000000000e+00,0.000000000000000000e+00,0.000000000000000000e+00,0.000000000000000000e+00,0.000000000000000000e+00,0.000000000000000000e+00,0.000000000000000000e+00,8.276383056640625000e+02,8.276373291015625000e+02,8.276373291015625000e+02,8.276383056640625000e+02,-2.083766805671862140e+07
3.283999999999999808e+00,2.203596338722517423e-01,3.892793172253540268e-01,-1.153219161348404201e-02,-1.130451551298317092e-04,1.804414148939836871e-04,-6.064738218118648216e-06,9.132910966873168945e-01,5.211006641387939453e+00,-4.916471958160400391e+00,-2.203596338722517423e-01,-3.892793172253540268e-01,1.153219161348404201e-02,0.000000000000000000e+00,0.000000000000000000e+00,0.000000000000000000e+00,0.000000000000000000e+00,0.000000000000000000e+00,0.000000000000000000e+00,0.000000000000000000e+00,8.276383666992187500e+02,8.276372680664062500e+02,8.276372680664062500e+02,8.276383666992187500e+02,-2.083766825694836676e+07
3.285000000000000142e+00,2.202466032968431742e-01,3.894597846467690583e-01,-1.153861461636808243e-02,-1.130305754085680903e-04,1.804674214150314704e-04,-6.423002884040421301e-06,9.132959842681884766e-01,5.211027145385742188e+00,-4.916490077972412109e+00,-2.202466032968431742e-01,-3.894597846467690583e-01,1.153861461636808243e-02,0.000000000000000000e+00,0.000000000000000000e+00,0.000000000000000000e+00,0.000000000000000000e+00,0.000000000000000000e+00,0.000000000000000000e+00,0.000000000000000000e+00,8.276384277343750000e+02,8.276372070312500000e+02,8.276372680664062500e+02,8.276384277343750000e+02,-2.083766845726899803e+07
3.286000000000000032e+00,2.201335872287599194e-01,3.896402514349632251e-01,-1.154537498823680723e-02,-1.130160680832548170e-04,1.804667881941668384e-04,-6.760371868724801558e-06,9.133008718490600586e-01,5.211050033569335938e+00,-4.916510581970214844e+00,-2.201335872287599194e-01,-3.896402514349632251e-01,1.154537498823680723e-02,0.000000000000000000e+00,0.000000000000000000e+00,0.000000000000000000e+00,0.000000000000000000e+00,0.000000000000000000e+00,0.000000000000000000e+00,0.000000000000000000e+00,8.276384887695312500e+02,8.276372070312500000e+02,8.276372070312500000e+02,8.276384887695312500e+02,-2.083766865768061578e+07
3.286999999999999922e+00,2.200206122797183639e-01,3.898207176284351205e-01,-1.155245197553732978e-02,-1.129749490415554725e-04,1.804661934718954086e-04,-7.076987300522544211e-06,9.133059978485107422e-01,5.211070060729980469e+00,-4.916527748107910156e+00,-2.200206122797183639e-01,-3.898207176284351205e-01,1.155245197553732978e-02,0.000000000000000000e+00,0.000000000000000000e+00,0.000000000000000000e+00,0.000000000000000000e+00,0.000000000000000000e+00,0.000000000000000000e+00,0.000000000000000000e+00,8.276384887695312500e+02,8.276371459960937500e+02,8.276371459960937500e+02,8.276384887695312500e+02,-2.083766885818333551e+07
3.287999999999999812e+00,2.199076917012982302e-01,3.900012099604914240e-01,-1.155981816049673171e-02,-1.129205784201336993e-04,1.804923320563034395e-04,-7.366184959401930743e-06,9.133111238479614258e-01,5.211091041564941406e+00,-4.916548728942871094e+00,-2.199076917012982302e-01,-3.900012099604914240e-01,1.155981816049673171e-02,0.000000000000000000e+00,0.000000000000000000e+00,0.000000000000000000e+00,0.000000000000000000e+00,0.000000000000000000e+00,0.000000000000000000e+00,0.000000000000000000e+00,8.276385498046875000e+02,8.276371459960937500e+02,8.276371459960937500e+02,8.276385498046875000e+02,-2.083766905877730250e+07
3.289000000000000146e+00,2.197948387413204696e-01,3.901817018010464988e-01,-1.156744685668843753e-02,-1.128529599777605696e-04,1.804918405550748339e-04,-7.628696191705822138e-06,9.133158922195434570e-01,5.211112499237060547e+00,-4.916567325592041016e+00,-2.197948387413204696e-01,-3.901817018010464988e-01,1.156744685668843753e-02,0.000000000000000000e+00,0.000000000000000000e+00,0.000000000000000000e+00,0.000000000000000000e+00,0.000000000000000000e+00,0.000000000000000000e+00,0.000000000000000000e+00,8.276385498046875000e+02,8.276370849609375000e+02,8.276370849609375000e+02,8.276385498046875000e+02,-2.083766925946263969e+07
3.290000000000000036e+00,2.196820666485641005e-01,3.903622465672236252e-01,-1.157530903007502818e-02,-1.127720927563691244e-04,1.805447661771264478e-04,-7.862173386590648461e-06,9.133210182189941406e-01,5.211134433746337891e+00,-4.916585922241210938e+00,-2.196820666485641005e-01,-3.903622465672236252e-01,1.157530903007502818e-02,0.000000000000000000e+00,0.000000000000000000e+00,0.000000000000000000e+00,0.000000000000000000e+00,0.000000000000000000e+00,0.000000000000000000e+00,0.000000000000000000e+00,8.276386108398437500e+02,8.276370849609375000e+02,8.276370849609375000e+02,8.276386108398437500e+02,-2.083766946023952216e+07
3.290999999999999925e+00,2.195693886473938927e-01,3.905427909590496460e-01,-1.158337210678194937e-02,-1.126780011702077644e-04,1.805443918260207781e-04,-8.063076706921190606e-06,9.133267402648925781e-01,5.211156368255615234e+00,-4.916604995727539062e+00,-2.195693886473938927e-01,-3.905427909590496460e-01,1.158337210678194937e-02,0.000000000000000000e+00,0.000000000000000000e+00,0.000000000000000000e+00,0.000000000000000000e+00,0.000000000000000000e+00,0.000000000000000000e+00,0.000000000000000000e+00,8.276386108398437500e+02,8.276370849609375000e+02,8.276370849609375000e+02,8.276386108398437500e+02,-2.083766966110808402e+07
3.291999999999999815e+00,2.194567912994896119e-01,3.907233883991188539e-01,-1.159160529429802654e-02,-1.125973479042807757e-04,1.805974400692078596e-04,-8.233187516077170032e-06,9.133310317993164062e-01,5.211174011230468750e+00,-4.916623115539550781e+00,-2.194567912994896119e-01,-3.907233883991188539e-01,1.159160529429802654e-02,0.000000000000000000e+00,0.000000000000000000e+00,0.000000000000000000e+00,0.000000000000000000e+00,0.000000000000000000e+00,0.000000000000000000e+00,0.000000000000000000e+00,8.276386108398437500e+02,8.276370239257812500e+02,8.276370239257812500e+02,8.276386108398437500e+02,-2.083766986206850037e+07
3.293000000000000149e+00,2.193443278450565859e-01,3.909040122690419228e-01,-1.159997370519183328e-02,-1.124634544330260777e-04,1.806238699230688916e-04,-8.368410893806743633e-06,9.133361577987670898e-01,5.211196422576904297e+00,-4.916641712188720703e+00,-2.193443278450565859e-01,-3.909040122690419228e-01,1.159997370519183328e-02,0.000000000000000000e+00,0.000000000000000000e+00,0.000000000000000000e+00,0.000000000000000000e+00,0.000000000000000000e+00,0.000000000000000000e+00,0.000000000000000000e+00,8.276386108398437500e+02,8.276370239257812500e+02,8.276370239257812500e+02,8.276386108398437500e+02,-2.083767006312094256e+07
3.294000000000000039e+00,2.192319714874072789e-01,3.910846893195481511e-01,-1.160844228142482275e-02,-1.123563576493069593e-04,1.806770505062282872e-04,-8.468576232989466490e-06,9.133410453796386719e-01,5.211217880249023438e+00,-4.916661262512207031e+00,-2.192319714874072789e-01,-3.910846893195481511e-01,1.160844228142482275e-02,0.000000000000000000e+00,0.000000000000000000e+00,0.000000000000000000e+00,0.000000000000000000e+00,0.000000000000000000e+00,0.000000000000000000e+00,0.000000000000000000e+00,8.276386108398437500e+02,8.276370239257812500e+02,8.276370239257812500e+02,8.276386108398437500e+02,-2.083767026426558942e+07
3.294999999999999929e+00,2.191197357241027599e-01,3.912653696130679593e-01,-1.161697456318368758e-02,-1.122357633045190095e-04,1.806802935198081883e-04,-8.532281758864834753e-06,9.133464097976684570e-01,5.211239337921142578e+00,-4.916680812835693359e+00,-2.191197357241027599e-01,-3.912653696130679593e-01,1.161697456318368758e-02,0.000000000000000000e+00,0.000000000000000000e+00,0.000000000000000000e+00,0.000000000000000000e+00,0.000000000000000000e+00,0.000000000000000000e+00,0.000000000000000000e+00,8.276386108398437500e+02,8.276370239257812500e+02,8.276370849609375000e+02,8.276386108398437500e+02,-2.083767046550258994e+07
3.295999999999999819e+00,2.190076598971898436e-01,3.914461265346976804e-01,-1.162553525662627513e-02,-1.120758269129162876e-04,1.807569216297211234e-04,-8.560693442587544166e-06,9.133511781692504883e-01,5.211260795593261719e+00,-4.916700363159179688e+00,-2.190076598971898436e-01,-3.914461265346976804e-01,1.162553525662627513e-02,0.000000000000000000e+00,0.000000000000000000e+00,0.000000000000000000e+00,0.000000000000000000e+00,0.000000000000000000e+00,0.000000000000000000e+00,0.000000000000000000e+00,8.276386108398437500e+02,8.276370849609375000e+02,8.276370849609375000e+02,8.276386108398437500e+02,-2.083767066683216766e+07
3.297000000000000153e+00,2.188957174755201684e-01,3.916269101611445924e-01,-1.163408776598776756e-02,-1.119424216696751628e-04,1.807836264469120380e-04,-8.552509361492433015e-06,9.133561849594116211e-01,5.211279392242431641e+00,-4.916717529296875000e+00,-2.188957174755201684e-01,-3.916269101611445924e-01,1.163408776598776756e-02,0.000000000000000000e+00,0.000000000000000000e+00,0.000000000000000000e+00,0.000000000000000000e+00,0.000000000000000000e+00,0.000000000000000000e+00,0.000000000000000000e+00,8.276385498046875000e+02,8.276370849609375000e+02,8.276370849609375000e+02,8.276385498046875000e+02,-2.083767086825449020e+07
3.298000000000000043e+00,2.187839350239764169e-01,3.918077739199503640e-01,-1.164259643260325862e-02,-1.117824515437515487e-04,1.808637588057715462e-04,-8.508666615491058960e-06,9.133615493774414062e-01,5.211303234100341797e+00,-4.916737556457519531e+00,-2.187839350239764169e-01,-3.918077739199503640e-01,1.164259643260325862e-02,0.000000000000000000e+00,0.000000000000000000e+00,0.000000000000000000e+00,0.000000000000000000e+00,0.000000000000000000e+00,0.000000000000000000e+00,0.000000000000000000e+00,8.276385498046875000e+02,8.276370849609375000e+02,8.276370849609375000e+02,8.276385498046875000e+02,-2.083767106976978108e+07
3.298999999999999932e+00,2.186723124046940359e-01,3.919886645224415767e-01,-1.165102280139320573e-02,-1.116226192823810415e-04,1.808906024912126931e-04,-8.426368789947111249e-06,9.133661985397338867e-01,5.211325168609619141e+00,-4.916758060455322266e+00,-2.186723124046940359e-01,-3.919886645224415767e-01,1.165102280139320573e-02,0.000000000000000000e+00,0.000000000000000000e+00,0.000000000000000000e+00,0.000000000000000000e+00,0.000000000000000000e+00,0.000000000000000000e+00,0.000000000000000000e+00,8.276385498046875000e+02,8.276371459960937500e+02,8.276371459960937500e+02,8.276385498046875000e+02,-2.083767127137821913e+07
3.299999999999999822e+00,2.185608361658637200e-01,3.921696087140604803e-01,-1.165933352723268548e-02,-1.114762388303158769e-04,1.809441916189036270e-04,-8.310725839479754518e-06,9.133713245391845703e-01,5.211344718933105469e+00,-4.916775703430175781e+00,-2.185608361658637200e-01,-3.921696087140604803e-01,1.165933352723268548e-02,0.000000000000000000e+00,0.000000000000000000e+00,0.000000000000000000e+00,0.000000000000000000e+00,0.000000000000000000e+00,0.000000000000000000e+00,0.000000000000000000e+00,8.276384887695312500e+02,8.276372070312500000e+02,8.276372070312500000e+02,8.276384887695312500e+02,-2.083767147308000177e+07
3.301000000000000156e+00,2.184495328680843285e-01,3.923506065586445102e-01,-1.166749368340013436e-02,-1.113032977793915190e-04,1.809978445840298988e-04,-8.160156167448875952e-06,9.133765697479248047e-01,5.211367130279541016e+00,-4.916794776916503906e+00,-2.184495328680843285e-01,-3.923506065586445102e-01,1.166749368340013436e-02,0.000000000000000000e+00,0.000000000000000000e+00,0.000000000000000000e+00,0.000000000000000000e+00,0.000000000000000000e+00,0.000000000000000000e+00,0.000000000000000000e+00,8.276384277343750000e+02,8.276372070312500000e+02,8.276372070312500000e+02,8.276384277343750000e+02,-2.083767167487533018e+07
3.302000000000000046e+00,2.183383890562699825e-01,3.925316848029639649e-01,-1.167546909088059380e-02,-1.111438118143459608e-04,1.810782443194547398e-04,-7.975407480459439924e-06,9.133814573287963867e-01,5.211387634277343750e+00,-4.916815757751464844e+00,-2.183383890562699825e-01,-3.925316848029639649e-01,1.167546909088059380e-02,0.000000000000000000e+00,0.000000000000000000e+00,0.000000000000000000e+00,0.000000000000000000e+00,0.000000000000000000e+00,0.000000000000000000e+00,0.000000000000000000e+00,8.276384277343750000e+02,8.276372680664062500e+02,8.276372680664062500e+02,8.276384277343750000e+02,-2.083767187676442415e+07
3.302999999999999936e+00,2.182274046116326194e-01,3.927127901466720417e-01,-1.168322713122675258e-02,-1.109844446373631222e-04,1.811053437080767381e-04,-7.758040346158776024e-06,9.133865833282470703e-01,5.211409091949462891e+00,-4.916833400726318359e+00,-2.182274046116326194e-01,-3.927127901466720417e-01,1.168322713122675258e-02,0.000000000000000000e+00,0.000000000000000000e+00,0.000000000000000000e+00,0.000000000000000000e+00,0.000000000000000000e+00,0.000000000000000000e+00,0.000000000000000000e+00,8.276383666992187500e+02,8.276373291015625000e+02,8.276373291015625000e+02,8.276383666992187500e+02,-2.083767207874745876e+07
3.303999999999999826e+00,2.181165794363324750e-01,3.928939493254914317e-01,-1.169073867374070472e-02,-1.108251753001443518e-04,1.811591788193900321e-04,-7.511542513952140787e-06,9.133917093276977539e-01,5.211430072784423828e+00,-4.916851997375488281e+00,-2.181165794363324750e-01,-3.928939493254914317e-01,1.169073867374070472e-02,0.000000000000000000e+00,0.000000000000000000e+00,0.000000000000000000e+00,0.000000000000000000e+00,0.000000000000000000e+00,0.000000000000000000e+00,0.000000000000000000e+00,8.276383056640625000e+02,8.276373901367187500e+02,8.276373901367187500e+02,8.276383056640625000e+02,-2.083767228082463145e+07
3.305000000000000160e+00,2.180059134291056355e-01,3.930751623941872719e-01,-1.169797453683192254e-02,-1.106660072268395023e-04,1.812130686958401959e-04,-7.235863091217820120e-06,9.133967161178588867e-01,5.211452484130859375e+00,-4.916872501373291016e+00,-2.180059134291056355e-01,-3.930751623941872719e-01,1.169797453683192254e-02,0.000000000000000000e+00,0.000000000000000000e+00,0.000000000000000000e+00,0.000000000000000000e+00,0.000000000000000000e+00,0.000000000000000000e+00,0.000000000000000000e+00,8.276382446289062500e+02,8.276374511718750000e+02,8.276374511718750000e+02,8.276382446289062500e+02,-2.083767248299613595e+07
3.306000000000000050e+00,2.178954064974734928e-01,3.932564560850938529e-01,-1.170490725722255279e-02,-1.105069316321427575e-04,1.812936909065809843e-04,-6.932720390630253693e-06,9.134014844894409180e-01,5.211473464965820312e+00,-4.916891574859619141e+00,-2.178954064974734928e-01,-3.932564560850938529e-01,1.170490725722255279e-02,0.000000000000000000e+00,0.000000000000000000e+00,0.000000000000000000e+00,0.000000000000000000e+00,0.000000000000000000e+00,0.000000000000000000e+00,0.000000000000000000e+00,8.276381835937500000e+02,8.276375122070312500e+02,8.276375122070312500e+02,8.276381835937500000e+02,-2.083767268526218832e+07
3.306999999999999940e+00,2.177850452156966377e-01,3.934377770796630425e-01,-1.171151417617600360e-02,-1.103612817768551135e-04,1.813209945691895975e-04,-6.606918953450807708e-06,9.134068489074707031e-01,5.211495876312255859e+00,-4.916910648345947266e+00,-2.177850452156966377e-01,-3.934377770796630425e-01,1.171151417617600360e-02,0.000000000000000000e+00,0.000000000000000000e+00,0.000000000000000000e+00,0.000000000000000000e+00,0.000000000000000000e+00,0.000000000000000000e+00,0.000000000000000000e+00,8.276381225585937500e+02,8.276375732421875000e+02,8.276375732421875000e+02,8.276381225585937500e+02,-2.083767288762295991e+07
3.307999999999999829e+00,2.176748295052888249e-01,3.936191521021203399e-01,-1.171777199925618483e-02,-1.102157104078127503e-04,1.813750224572974190e-04,-6.257823080181232345e-06,9.134116172790527344e-01,5.211515903472900391e+00,-4.916929721832275391e+00,-2.176748295052888249e-01,-3.936191521021203399e-01,1.171777199925618483e-02,0.000000000000000000e+00,0.000000000000000000e+00,0.000000000000000000e+00,0.000000000000000000e+00,0.000000000000000000e+00,0.000000000000000000e+00,0.000000000000000000e+00,8.276380615234375000e+02,8.276376342773437500e+02,8.276376342773437500e+02,8.276380615234375000e+02,-2.083767309007863328e+07
3.309000000000000163e+00,2.175647459549225893e-01,3.938005545082675640e-01,-1.172366145358845133e-02,-1.100835503662356274e-04,1.814024061472241378e-04,-5.889454332266494396e-06,9.134173393249511719e-01,5.211537837982177734e+00,-4.916949272155761719e+00,-2.175647459549225893e-01,-3.938005545082675640e-01,1.172366145358845133e-02,0.000000000000000000e+00,0.000000000000000000e+00,0.000000000000000000e+00,0.000000000000000000e+00,0.000000000000000000e+00,0.000000000000000000e+00,0.000000000000000000e+00,8.276380004882812500e+02,8.276376953125000000e+02,8.276376953125000000e+02,8.276380004882812500e+02,-2.083767329262937233e+07
3.310000000000000053e+00,2.174547945116379055e-01,3.939820110079337301e-01,-1.172916674860861701e-02,-1.099514432846837586e-04,1.814564996661660601e-04,-5.505295020165681952e-06,9.134223461151123047e-01,5.211559295654296875e+00,-4.916968345642089844e+00,-2.174547945116379055e-01,-3.939820110079337301e-01,1.172916674860861701e-02,0.000000000000000000e+00,0.000000000000000000e+00,0.000000000000000000e+00,0.000000000000000000e+00,0.000000000000000000e+00,0.000000000000000000e+00,0.000000000000000000e+00,8.276379394531250000e+02,8.276377563476562500e+02,8.276377563476562500e+02,8.276379394531250000e+02,-2.083767349527535960e+07
3.310999999999999943e+00,2.173449488318462963e-01,3.941634981323865472e-01,-1.173427300981206602e-02,-1.098456797916091965e-04,1.814871244528171168e-04,-5.106261203449008468e-06,9.134272336959838867e-01,5.211579799652099609e+00,-4.916988372802734375e+00,-2.173449488318462963e-01,-3.941634981323865472e-01,1.173427300981206602e-02,0.000000000000000000e+00,0.000000000000000000e+00,0.000000000000000000e+00,0.000000000000000000e+00,0.000000000000000000e+00,0.000000000000000000e+00,0.000000000000000000e+00,8.276378784179687500e+02,8.276378173828125000e+02,8.276378173828125000e+02,8.276378784179687500e+02,-2.083767369801674411e+07
3.311999999999999833e+00,2.172352347874986489e-01,3.943450361992978936e-01,-1.173897149111291852e-02,-1.097140443476474214e-04,1.815380669113464407e-04,-4.698481300852500042e-06,9.134328365325927734e-01,5.211604595184326172e+00,-4.917009353637695312e+00,-2.172352347874986489e-01,-3.943450361992978936e-01,1.173897149111291852e-02,0.000000000000000000e+00,0.000000000000000000e+00,0.000000000000000000e+00,0.000000000000000000e+00,0.000000000000000000e+00,0.000000000000000000e+00,0.000000000000000000e+00,8.276377563476562500e+02,8.276378784179687500e+02,8.276378784179687500e+02,8.276377563476562500e+02,-2.083767390085370094e+07
3.313000000000000167e+00,2.171256127111226841e-01,3.945266284217401886e-01,-1.174325315936972439e-02,-1.096220763759647721e-04,1.815922224422950038e-04,-4.281668256805870598e-06,9.134378433227539062e-01,5.211626052856445312e+00,-4.917028427124023438e+00,-2.171256127111226841e-01,-3.945266284217401886e-01,1.174325315936972439e-02,0.000000000000000000e+00,0.000000000000000000e+00,0.000000000000000000e+00,0.000000000000000000e+00,0.000000000000000000e+00,0.000000000000000000e+00,0.000000000000000000e+00,8.276376953125000000e+02,8.276379394531250000e+02,8.276379394531250000e+02,8.276376953125000000e+02,-2.083767410378639773e+07
3.314000000000000057e+00,2.170160692422177517e-01,3.947082214444010972e-01,-1.174711453267173258e-02,-1.095434689049323840e-04,1.815930226609085985e-04,-3.861373302008197506e-06,9.134432077407836914e-01,5.211647033691406250e+00,-4.917047977447509766e+00,-2.170160692422177517e-01,-3.947082214444010972e-01,1.174711453267173258e-02,0.000000000000000000e+00,0.000000000000000000e+00,0.000000000000000000e+00,0.000000000000000000e+00,0.000000000000000000e+00,0.000000000000000000e+00,0.000000000000000000e+00,8.276376342773437500e+02,8.276380004882812500e+02,8.276380004882812500e+02,8.276376342773437500e+02,-2.083767430681494623e+07
3.314999999999999947e+00,2.169066043766816609e-01,3.948898686325096330e-01,-1.175055321110530897e-02,-1.094648655360908052e-04,1.816471881085357509e-04,-3.438678433576383697e-06,9.134483337402343750e-01,5.211669921875000000e+00,-4.917068958282470703e+00,-2.169066043766816609e-01,-3.948898686325096330e-01,1.175055321110530897e-02,0.000000000000000000e+00,0.000000000000000000e+00,0.000000000000000000e+00,0.000000000000000000e+00,0.000000000000000000e+00,0.000000000000000000e+00,0.000000000000000000e+00,8.276375732421875000e+02,8.276380615234375000e+02,8.276380615234375000e+02,8.276375732421875000e+02,-2.083767450993950665e+07
3.315999999999999837e+00,2.167972047740928110e-01,3.950715166196938632e-01,-1.175357154919247013e-02,-1.093996025888499535e-04,1.816479871842302529e-04,-3.018338087161162586e-06,9.134535789489746094e-01,5.211692333221435547e+00,-4.917088985443115234e+00,-2.167972047740928110e-01,-3.950715166196938632e-01,1.175357154919247013e-02,0.000000000000000000e+00,0.000000000000000000e+00,0.000000000000000000e+00,0.000000000000000000e+00,0.000000000000000000e+00,0.000000000000000000e+00,0.000000000000000000e+00,8.276375122070312500e+02,8.276381225585937500e+02,8.276381225585937500e+02,8.276375122070312500e+02,-2.083767471316018328e+07
3.317000000000000171e+00,2.166878437719222672e-01,3.952531920787062392e-01,-1.175617450832994876e-02,-1.093610021705437862e-04,1.816754590123759172e-04,-2.602959137478627616e-06,9.134589433670043945e-01,5.211713790893554688e+00,-4.917107582092285156e+00,-2.166878437719222672e-01,-3.952531920787062392e-01,1.175617450832994876e-02,0.000000000000000000e+00,0.000000000000000000e+00,0.000000000000000000e+00,0.000000000000000000e+00,0.000000000000000000e+00,0.000000000000000000e+00,0.000000000000000000e+00,8.276374511718750000e+02,8.276381835937500000e+02,8.276381835937500000e+02,8.276374511718750000e+02,-2.083767491647709906e+07
3.318000000000000060e+00,2.165785347346141088e-01,3.954348949928966350e-01,-1.175836963863341120e-02,-1.093090373081584410e-04,1.817029141903958589e-04,-2.195130303462439203e-06,9.134640693664550781e-01,5.211734294891357422e+00,-4.917126178741455078e+00,-2.165785347346141088e-01,-3.954348949928966350e-01,1.175836963863341120e-02,0.000000000000000000e+00,0.000000000000000000e+00,0.000000000000000000e+00,0.000000000000000000e+00,0.000000000000000000e+00,0.000000000000000000e+00,0.000000000000000000e+00,8.276373901367187500e+02,8.276382446289062500e+02,8.276382446289062500e+02,8.276373901367187500e+02,-2.083767511989037693e+07
3.318999999999999950e+00,2.164692376785798955e-01,3.956165986604678331e-01,-1.176016925829708251e-02,-1.092970560342132469e-04,1.817036675711980465e-04,-1.799619663671314651e-06,9.134695529937744141e-01,5.211757659912109375e+00,-4.917147159576416016e+00,-2.164692376785798955e-01,-3.956165986604678331e-01,1.176016925829708251e-02,0.000000000000000000e+00,0.000000000000000000e+00,0.000000000000000000e+00,0.000000000000000000e+00,0.000000000000000000e+00,0.000000000000000000e+00,0.000000000000000000e+00,8.276373291015625000e+02,8.276383056640625000e+02,8.276383056640625000e+02,8.276373291015625000e+02,-2.083767532340010256e+07
3.319999999999999840e+00,2.163599393046133912e-01,3.957983030579626527e-01,-1.176158582792962218e-02,-1.092983739665043252e-04,1.817043974948195917e-04,-1.416569632539665946e-06,9.134744405746459961e-01,5.211778640747070312e+00,-4.917167663574218750e+00,-2.163599393046133912e-01,-3.957983030579626527e-01,1.176158582792962218e-02,0.000000000000000000e+00,0.000000000000000000e+00,0.000000000000000000e+00,0.000000000000000000e+00,0.000000000000000000e+00,0.000000000000000000e+00,0.000000000000000000e+00,8.276372680664062500e+02,8.276383666992187500e+02,8.276383666992187500e+02,8.276372680664062500e+02,-2.083767552700635791e+07
3.321000000000000174e+00,2.162506396742797377e-01,3.959800081496782087e-01,-1.176263769059535461e-02,-1.092996303336535302e-04,1.817050917155560441e-04,-1.051862665732428148e-06,9.134798049926757812e-01,5.211801052093505859e+00,-4.917186260223388672e+00,-2.162506396742797377e-01,-3.959800081496782087e-01,1.176263769059535461e-02,0.000000000000000000e+00,0.000000000000000000e+00,0.000000000000000000e+00,0.000000000000000000e+00,0.000000000000000000e+00,0.000000000000000000e+00,0.000000000000000000e+00,8.276372680664062500e+02,8.276384277343750000e+02,8.276384277343750000e+02,8.276372070312500000e+02,-2.083767573070922494e+07
3.322000000000000064e+00,2.161413255116193533e-01,3.961617138996916254e-01,-1.176334397701419600e-02,-1.093141626603844063e-04,1.817057500134167114e-04,-7.062864188413925381e-07,9.134852886199951172e-01,5.211822986602783203e+00,-4.917206287384033203e+00,-2.161413255116193533e-01,-3.961617138996916254e-01,1.176334397701419600e-02,0.000000000000000000e+00,0.000000000000000000e+00,0.000000000000000000e+00,0.000000000000000000e+00,0.000000000000000000e+00,0.000000000000000000e+00,0.000000000000000000e+00,8.276372070312500000e+02,8.276384887695312500e+02,8.276384887695312500e+02,8.276372070312500000e+02,-2.083767593450877815e+07
3.322999999999999954e+00,2.160319702085446436e-01,3.963433935862913926e-01,-1.176372705645832399e-02,-1.093553030747096422e-04,1.816796865997671873e-04,-3.830794441279927742e-07,9.134905338287353516e-01,5.211845874786376953e+00,-4.917226791381835938e+00,-2.160319702085446436e-01,-3.963433935862913926e-01,1.176372705645832399e-02,0.000000000000000000e+00,0.000000000000000000e+00,0.000000000000000000e+00,0.000000000000000000e+00,0.000000000000000000e+00,0.000000000000000000e+00,0.000000000000000000e+00,8.276371459960937500e+02,8.276384887695312500e+02,8.276384887695312500e+02,8.276371459960937500e+02,-2.083767613840506226e+07
3.323999999999999844e+00,2.159225738533351868e-01,3.965250738422895216e-01,-1.176381199240063291e-02,-1.093963552094567859e-04,1.816802559981289811e-04,-8.493594230891965413e-08,9.134958982467651367e-01,5.211868762969970703e+00,-4.917247295379638672e+00,-2.159225738533351868e-01,-3.965250738422895216e-01,1.176381199240063291e-02,0.000000000000000000e+00,0.000000000000000000e+00,0.000000000000000000e+00,0.000000000000000000e+00,0.000000000000000000e+00,0.000000000000000000e+00,0.000000000000000000e+00,8.276371459960937500e+02,8.276385498046875000e+02,8.276385498046875000e+02,8.276371459960937500e+02,-2.083767634239814058e+07
3.325000000000000178e+00,2.158130965092213971e-01,3.967067279411543024e-01,-1.176362444287803663e-02,-1.094773441137897318e-04,1.816540988647807886e-04,1.875495225962808821e-07,9.135010242462158203e-01,5.211891174316406250e+00,-4.917266845703125000e+00,-2.158130965092213971e-01,-3.967067279411543024e-01,1.176362444287803663e-02,0.000000000000000000e+00,0.000000000000000000e+00,0.000000000000000000e+00,0.000000000000000000e+00,0.000000000000000000e+00,0.000000000000000000e+00,0.000000000000000000e+00,8.276370849609375000e+02,8.276385498046875000e+02,8.276385498046875000e+02,8.276370849609375000e+02,-2.083767654648804292e+07
3.326000000000000068e+00,2.157035649660671017e-01,3.968883825023415968e-01,-1.176319539997965763e-02,-1.095315431542953633e-04,1.816545611872943944e-04,4.290428983790006701e-07,9.135063886642456055e-01,5.211912631988525391e+00,-4.917286872863769531e+00,-2.157035649660671017e-01,-3.968883825023415968e-01,1.176319539997965763e-02,0.000000000000000000e+00,0.000000000000000000e+00,0.000000000000000000e+00,0.000000000000000000e+00,0.000000000000000000e+00,0.000000000000000000e+00,0.000000000000000000e+00,8.276370849609375000e+02,8.276386108398437500e+02,8.276386108398437500e+02,8.276370849609375000e+02,-2.083767675067483261e+07
3.326999999999999957e+00,2.155939392928602205e-01,3.970699841139630482e-01,-1.176255297271245129e-02,-1.096256732068812134e-04,1.816016116214513865e-04,6.424272672063413570e-07,9.135119915008544922e-01,5.211935043334960938e+00,-4.917307376861572266e+00,-2.155939392928602205e-01,-3.970699841139630482e-01,1.176255297271245129e-02,0.000000000000000000e+00,0.000000000000000000e+00,0.000000000000000000e+00,0.000000000000000000e+00,0.000000000000000000e+00,0.000000000000000000e+00,0.000000000000000000e+00,8.276370849609375000e+02,8.276386108398437500e+02,8.276386108398437500e+02,8.276370239257812500e+02,-2.083767695495850965e+07
3.327999999999999847e+00,2.154841934311614304e-01,3.972515357118743817e-01,-1.176173152681439515e-02,-1.097458616987900815e-04,1.815515979113335732e-04,8.214458980561334389e-07,9.135169982910156250e-01,5.211957454681396484e+00,-4.917327404022216797e+00,-2.154841934311614304e-01,-3.972515357118743817e-01,1.176173152681439515e-02,0.000000000000000000e+00,0.000000000000000000e+00,0.000000000000000000e+00,0.000000000000000000e+00,0.000000000000000000e+00,0.000000000000000000e+00,0.000000000000000000e+00,8.276370239257812500e+02,8.276386108398437500e+02,8.276386108398437500e+02,8.276370239257812500e+02,-2.083767715933906659e+07
3.329000000000000181e+00,2.153743665230986593e-01,3.974330845820263081e-01,-1.176076493854736650e-02,-1.098269080627711780e-04,1.815488701519263337e-04,9.665882670286535250e-07,9.135223627090454102e-01,5.211979389190673828e+00,-4.917347431182861328e+00,-2.153743665230986593e-01,-3.974330845820263081e-01,1.176076493854736650e-02,0.000000000000000000e+00,0.000000000000000000e+00,0.000000000000000000e+00,0.000000000000000000e+00,0.000000000000000000e+00,0.000000000000000000e+00,0.000000000000000000e+00,8.276370239257812500e+02,8.276386108398437500e+02,8.276386108398437500e+02,8.276370239257812500e+02,-2.083767736381655559e+07
3.330000000000000071e+00,2.152644058169211061e-01,3.976146069946273065e-01,-1.175968659692660893e-02,-1.099607061775531580e-04,1.815224126009984396e-04,1.078341620757566899e-06,9.135279655456542969e-01,5.212002277374267578e+00,-4.917367935180664062e+00,-2.152644058169211061e-01,-3.976146069946273065e-01,1.175968659692660893e-02,0.000000000000000000e+00,0.000000000000000000e+00,0.000000000000000000e+00,0.000000000000000000e+00,0.000000000000000000e+00,0.000000000000000000e+00,0.000000000000000000e+00,8.276370239257812500e+02,8.276386108398437500e+02,8.276386108398437500e+02,8.276370239257812500e+02,-2.083767756839098409e+07
3.330999999999999961e+00,2.151543247767181977e-01,3.977960761983435622e-01,-1.175853318376152493e-02,-1.100810402029084312e-04,1.814692037162557448e-04,1.153413165084007930e-06,9.135332107543945312e-01,5.212025642395019531e+00,-4.917387008666992188e+00,-2.151543247767181977e-01,-3.977960761983435622e-01,1.175853318376152493e-02,0.000000000000000000e+00,0.000000000000000000e+00,0.000000000000000000e+00,0.000000000000000000e+00,0.000000000000000000e+00,0.000000000000000000e+00,0.000000000000000000e+00,8.276370239257812500e+02,8.276386108398437500e+02,8.276386108398437500e+02,8.276370239257812500e+02,-2.083767777306234837e+07
3.331999999999999851e+00,2.150441101861275961e-01,3.979774921269691457e-01,-1.175734050470494084e-02,-1.102145905906015688e-04,1.814159286255834225e-04,1.192679056584086683e-06,9.135385751724243164e-01,5.212046146392822266e+00,-4.917407989501953125e+00,-2.150441101861275961e-01,-3.979774921269691457e-01,1.175734050470494084e-02,0.000000000000000000e+00,0.000000000000000000e+00,0.000000000000000000e+00,0.000000000000000000e+00,0.000000000000000000e+00,0.000000000000000000e+00,0.000000000000000000e+00,8.276370849609375000e+02,8.276386108398437500e+02,8.276386108398437500e+02,8.276370239257812500e+02,-2.083767797783063725e+07
3.333000000000000185e+00,2.149337488351693859e-01,3.981588813937343985e-01,-1.175614524917826392e-02,-1.103613509582102026e-04,1.813892667652527990e-04,1.195255526676916591e-06,9.135438203811645508e-01,5.212068080902099609e+00,-4.917427062988281250e+00,-2.149337488351693859e-01,-3.981588813937343985e-01,1.175614524917826392e-02,0.000000000000000000e+00,0.000000000000000000e+00,0.000000000000000000e+00,0.000000000000000000e+00,0.000000000000000000e+00,0.000000000000000000e+00,0.000000000000000000e+00,8.276370849609375000e+02,8.276386108398437500e+02,8.276386108398437500e+02,8.276370849609375000e+02,-2.083767818269585446e+07
3.334000000000000075e+00,2.148232408452035724e-01,3.983402172505677852e-01,-1.175498321892491128e-02,-1.105079899658134579e-04,1.813358568333867105e-04,1.162030253352638876e-06,9.135493040084838867e-01,5.212089538574218750e+00,-4.917447566986083984e+00,-2.148232408452035724e-01,-3.983402172505677852e-01,1.175498321892491128e-02,0.000000000000000000e+00,0.000000000000000000e+00,0.000000000000000000e+00,0.000000000000000000e+00,0.000000000000000000e+00,0.000000000000000000e+00,0.000000000000000000e+00,8.276370849609375000e+02,8.276385498046875000e+02,8.276385498046875000e+02,8.276370849609375000e+02,-2.083767838765798882e+07
3.334999999999999964e+00,2.147125730034508129e-01,3.985214996301169599e-01,-1.175389105319525444e-02,-1.106678417527595659e-04,1.812823795491746992e-04,1.092165729656841000e-06,9.135545492172241211e-01,5.212112903594970703e+00,-4.917468547821044922e+00,-2.147125730034508129e-01,-3.985214996301169599e-01,1.175389105319525444e-02,0.000000000000000000e+00,0.000000000000000000e+00,0.000000000000000000e+00,0.000000000000000000e+00,0.000000000000000000e+00,0.000000000000000000e+00,0.000000000000000000e+00,8.276371459960937500e+02,8.276385498046875000e+02,8.276385498046875000e+02,8.276371459960937500e+02,-2.083767859271701798e+07
3.335999999999999854e+00,2.146017454349876397e-01,3.987027284654511838e-01,-1.175290460380051111e-02,-1.108275684631732094e-04,1.812288353342239589e-04,9.864493947433355947e-07,9.135599136352539062e-01,5.212136268615722656e+00,-4.917487621307373047e+00,-2.146017454349876397e-01,-3.987027284654511838e-01,1.175290460380051111e-02,0.000000000000000000e+00,0.000000000000000000e+00,0.000000000000000000e+00,0.000000000000000000e+00,0.000000000000000000e+00,0.000000000000000000e+00,0.000000000000000000e+00,8.276371459960937500e+02,8.276384887695312500e+02,8.276384887695312500e+02,8.276371459960937500e+02,-2.083767879787292331e+07
3.337000000000000188e+00,2.144907582589565265e-01,3.988838770104748965e-01,-1.175205883880899548e-02,-1.109871760311131883e-04,1.811485450237126926e-04,8.457649915156323361e-07,9.135650396347045898e-01,5.212158203125000000e+00,-4.917507171630859375e+00,-2.144907582589565265e-01,-3.988838770104748965e-01,1.175205883880899548e-02,0.000000000000000000e+00,0.000000000000000000e+00,0.000000000000000000e+00,0.000000000000000000e+00,0.000000000000000000e+00,0.000000000000000000e+00,0.000000000000000000e+00,8.276372070312500000e+02,8.276384887695312500e+02,8.276384887695312500e+02,8.276372070312500000e+02,-2.083767900312566757e+07
3.338000000000000078e+00,2.143796115986874584e-01,3.990649985649419307e-01,-1.175138720867273390e-02,-1.111466602690680539e-04,1.811215544670341515e-04,6.716301362615778592e-07,9.135702848434448242e-01,5.212178230285644531e+00,-4.917525768280029297e+00,-2.143796115986874584e-01,-3.990649985649419307e-01,1.175138720867273390e-02,0.000000000000000000e+00,0.000000000000000000e+00,0.000000000000000000e+00,0.000000000000000000e+00,0.000000000000000000e+00,0.000000000000000000e+00,0.000000000000000000e+00,8.276372680664062500e+02,8.276384277343750000e+02,8.276384277343750000e+02,8.276372680664062500e+02,-2.083767920847525448e+07
3.338999999999999968e+00,2.142683055650415613e-01,3.992460663877025473e-01,-1.175092218010994650e-02,-1.113060336458970845e-04,1.810678227606166146e-04,4.650285627873923522e-07,9.135756492614746094e-01,5.212201118469238281e+00,-4.917547225952148438e+00,-2.142683055650415613e-01,-3.992460663877025473e-01,1.175092218010994650e-02,0.000000000000000000e+00,0.000000000000000000e+00,0.000000000000000000e+00,0.000000000000000000e+00,0.000000000000000000e+00,0.000000000000000000e+00,0.000000000000000000e+00,8.276372680664062500e+02,8.276383666992187500e+02,8.276383666992187500e+02,8.276372680664062500e+02,-2.083767941392166540e+07
3.339999999999999858e+00,2.141568269260040180e-01,3.994270804229962391e-01,-1.175069455578034439e-02,-1.114786390375432923e-04,1.810140352936917552e-04,2.276243296021190909e-07,9.135811328887939453e-01,5.212223052978515625e+00,-4.917565822601318359e+00,-2.141568269260040180e-01,-3.994270804229962391e-01,1.175069455578034439e-02,0.000000000000000000e+00,0.000000000000000000e+00,0.000000000000000000e+00,0.000000000000000000e+00,0.000000000000000000e+00,0.000000000000000000e+00,0.000000000000000000e+00,8.276373291015625000e+02,8.276383056640625000e+02,8.276383056640625000e+02,8.276373291015625000e+02,-2.083767961946488172e+07
3.341000000000000192e+00,2.140452024684253440e-01,3.996080406128982854e-01,-1.175073444405745800e-02,-1.116244575786740079e-04,1.809601899020463200e-04,-3.988827711361164763e-08,9.135861396789550781e-01,5.212245464324951172e+00,-4.917585372924804688e+00,-2.140452024684253440e-01,-3.996080406128982854e-01,1.175073444405745800e-02,0.000000000000000000e+00,0.000000000000000000e+00,0.000000000000000000e+00,0.000000000000000000e+00,0.000000000000000000e+00,0.000000000000000000e+00,0.000000000000000000e+00,8.276373901367187500e+02,8.276382446289062500e+02,8.276382446289062500e+02,8.276373901367187500e+02,-2.083767982510489598e+07
3.342000000000000082e+00,2.139334056026942488e-01,3.997889469125089357e-01,-1.175106759842051846e-02,-1.117968657310952629e-04,1.809062996106503007e-04,-3.331543630604588691e-07,9.135911464691162109e-01,5.212267398834228516e+00,-4.917605400085449219e+00,-2.139334056026942488e-01,-3.997889469125089357e-01,1.175106759842051846e-02,0.000000000000000000e+00,0.000000000000000000e+00,0.000000000000000000e+00,0.000000000000000000e+00,0.000000000000000000e+00,0.000000000000000000e+00,0.000000000000000000e+00,8.276374511718750000e+02,8.276381835937500000e+02,8.276381835937500000e+02,8.276374511718750000e+02,-2.083768003084168583e+07
3.342999999999999972e+00,2.138214764419951452e-01,3.999697992706262029e-01,-1.175172000501363036e-02,-1.119291606991035248e-04,1.808523581172671868e-04,-6.524065931119010786e-07,9.135965108871459961e-01,5.212287902832031250e+00,-4.917624950408935547e+00,-2.138214764419951452e-01,-3.999697992706262029e-01,1.175172000501363036e-02,0.000000000000000000e+00,0.000000000000000000e+00,0.000000000000000000e+00,0.000000000000000000e+00,0.000000000000000000e+00,0.000000000000000000e+00,0.000000000000000000e+00,8.276375122070312500e+02,8.276381225585937500e+02,8.276381225585937500e+02,8.276375122070312500e+02,-2.083768023667525128e+07
3.343999999999999861e+00,2.137093756528897770e-01,4.001506004770113423e-01,-1.175271347593343299e-02,-1.121007891053682481e-04,1.808012063851394124e-04,-9.934709198026331345e-07,9.136019945144653320e-01,5.212310314178466797e+00,-4.917645931243896484e+00,-2.137093756528897770e-01,-4.001506004770113423e-01,1.175271347593343299e-02,0.000000000000000000e+00,0.000000000000000000e+00,0.000000000000000000e+00,0.000000000000000000e+00,0.000000000000000000e+00,0.000000000000000000e+00,0.000000000000000000e+00,8.276375732421875000e+02,8.276380615234375000e+02,8.276380615234375000e+02,8.276375732421875000e+02,-2.083768044260557741e+07
3.345000000000000195e+00,2.135971554567415442e-01,4.003313448271271224e-01,-1.175406849309943574e-02,-1.122201961482327537e-04,1.807443501157801613e-04,-1.355017166002753237e-06,9.136074781417846680e-01,5.212333202362060547e+00,-4.917665958404541016e+00,-2.135971554567415442e-01,-4.003313448271271224e-01,1.175406849309943574e-02,0.000000000000000000e+00,0.000000000000000000e+00,0.000000000000000000e+00,0.000000000000000000e+00,0.000000000000000000e+00,0.000000000000000000e+00,0.000000000000000000e+00,8.276376342773437500e+02,8.276380004882812500e+02,8.276380004882812500e+02,8.276376342773437500e+02,-2.083768064863266423e+07
3.346000000000000085e+00,2.134848031805231805e-01,4.005120618093062634e-01,-1.175580200894686504e-02,-1.123522762183637447e-04,1.807169821791410058e-04,-1.733515847429298318e-06,9.136122465133666992e-01,5.212355136871337891e+00,-4.917683601379394531e+00,-2.134848031805231805e-01,-4.005120618093062634e-01,1.175580200894686504e-02,0.000000000000000000e+00,0.000000000000000000e+00,0.000000000000000000e+00,0.000000000000000000e+00,0.000000000000000000e+00,0.000000000000000000e+00,0.000000000000000000e+00,8.276376953125000000e+02,8.276379394531250000e+02,8.276379394531250000e+02,8.276376953125000000e+02,-2.083768085475653410e+07
3.346999999999999975e+00,2.133723322128525390e-01,4.006927247161325978e-01,-1.175792819410108325e-02,-1.124709676706414641e-04,1.806629068263343463e-04,-2.126185154218210305e-06,9.136174917221069336e-01,5.212376117706298828e+00,-4.917702674865722656e+00,-2.133723322128525390e-01,-4.006927247161325978e-01,1.175792819410108325e-02,0.000000000000000000e+00,0.000000000000000000e+00,0.000000000000000000e+00,0.000000000000000000e+00,0.000000000000000000e+00,0.000000000000000000e+00,0.000000000000000000e+00,8.276378173828125000e+02,8.276378784179687500e+02,8.276378784179687500e+02,8.276377563476562500e+02,-2.083768106097719446e+07
3.347999999999999865e+00,2.132597426025925058e-01,4.008733602063687673e-01,-1.176045960451816905e-02,-1.125896102600332238e-04,1.806354902361695380e-04,-2.531410417085794284e-06,9.136227369308471680e-01,5.212398529052734375e+00,-4.917725086212158203e+00,-2.132597426025925058e-01,-4.008733602063687673e-01,1.176045960451816905e-02,0.000000000000000000e+00,0.000000000000000000e+00,0.000000000000000000e+00,0.000000000000000000e+00,0.000000000000000000e+00,0.000000000000000000e+00,0.000000000000000000e+00,8.276378784179687500e+02,8.276378173828125000e+02,8.276378173828125000e+02,8.276378784179687500e+02,-2.083768126729467139e+07
3.349000000000000199e+00,2.131470610560534107e-01,4.010539682662502825e-01,-1.176340300333818603e-02,-1.126815465390951232e-04,1.806080598815151816e-04,-2.943398820016984718e-06,9.136278629302978516e-01,5.212419033050537109e+00,-4.917742252349853516e+00,-2.131470610560534107e-01,-4.010539682662502825e-01,1.176340300333818603e-02,0.000000000000000000e+00,0.000000000000000000e+00,0.000000000000000000e+00,0.000000000000000000e+00,0.000000000000000000e+00,0.000000000000000000e+00,0.000000000000000000e+00,8.276379394531250000e+02,8.276377563476562500e+02,8.276377563476562500e+02,8.276379394531250000e+02,-2.083768147370900586e+07
3.350000000000000089e+00,2.130342742547450263e-01,4.012345222050165972e-01,-1.176676496409950062e-02,-1.127868013083843657e-04,1.805539387663146478e-04,-3.361960761314591872e-06,9.136328697204589844e-01,5.212440967559814453e+00,-4.917762279510498047e+00,-2.130342742547450263e-01,-4.012345222050165972e-01,1.176676496409950062e-02,0.000000000000000000e+00,0.000000000000000000e+00,0.000000000000000000e+00,0.000000000000000000e+00,0.000000000000000000e+00,0.000000000000000000e+00,0.000000000000000000e+00,8.276380004882812500e+02,8.276376953125000000e+02,8.276376953125000000e+02,8.276380004882812500e+02,-2.083768168022020534e+07
3.350999999999999979e+00,2.129214222284026015e-01,4.014150486993860456e-01,-1.177054651006759732e-02,-1.128520263424248604e-04,1.805264943694484536e-04,-3.781545968096697297e-06,9.136379957199096680e-01,5.212461948394775391e+00,-4.917780876159667969e+00,-2.129214222284026015e-01,-4.014150486993860456e-01,1.177054651006759732e-02,0.000000000000000000e+00,0.000000000000000000e+00,0.000000000000000000e+00,0.000000000000000000e+00,0.000000000000000000e+00,0.000000000000000000e+00,0.000000000000000000e+00,8.276380615234375000e+02,8.276375732421875000e+02,8.276376342773437500e+02,8.276380615234375000e+02,-2.083768188682832569e+07
3.351999999999999869e+00,2.128085049822655006e-01,4.015955744314792519e-01,-1.177474769061196899e-02,-1.129172461371008573e-04,1.805257320932063259e-04,-4.201180544371671544e-06,9.136432409286499023e-01,5.212482452392578125e+00,-4.917799472808837891e+00,-2.128085049822655006e-01,-4.015955744314792519e-01,1.177474769061196899e-02,0.000000000000000000e+00,0.000000000000000000e+00,0.000000000000000000e+00,0.000000000000000000e+00,0.000000000000000000e+00,0.000000000000000000e+00,0.000000000000000000e+00,8.276381225585937500e+02,8.276375122070312500e+02,8.276375122070312500e+02,8.276381225585937500e+02,-2.083768209353343397e+07
3.353000000000000203e+00,2.126955358380366035e-01,4.017760727296748047e-01,-1.177936350000626138e-02,-1.129691442288971448e-04,1.804982981955527421e-04,-4.615809394292388901e-06,9.136482477188110352e-01,5.212504863739013672e+00,-4.917820930480957031e+00,-2.126955358380366035e-01,-4.017760727296748047e-01,1.177936350000626138e-02,0.000000000000000000e+00,0.000000000000000000e+00,0.000000000000000000e+00,0.000000000000000000e+00,0.000000000000000000e+00,0.000000000000000000e+00,0.000000000000000000e+00,8.276381835937500000e+02,8.276374511718750000e+02,8.276374511718750000e+02,8.276381835937500000e+02,-2.083768230033558980e+07
3.354000000000000092e+00,2.125825281118738086e-01,4.019565436078406107e-01,-1.178438648090651686e-02,-1.130077261627948637e-04,1.804708781658059813e-04,-5.022980900255477610e-06,9.136532545089721680e-01,5.212525367736816406e+00,-4.917838096618652344e+00,-2.125825281118738086e-01,-4.019565436078406107e-01,1.178438648090651686e-02,0.000000000000000000e+00,0.000000000000000000e+00,0.000000000000000000e+00,0.000000000000000000e+00,0.000000000000000000e+00,0.000000000000000000e+00,0.000000000000000000e+00,8.276382446289062500e+02,8.276373901367187500e+02,8.276373901367187500e+02,8.276382446289062500e+02,-2.083768250723485649e+07
3.354999999999999982e+00,2.124694951173016211e-01,4.021370137637788056e-01,-1.178980755799678530e-02,-1.130329945721875173e-04,1.804701559381949316e-04,-5.421077090268441867e-06,9.136583805084228516e-01,5.212547302246093750e+00,-4.917858600616455078e+00,-2.124694951173016211e-01,-4.021370137637788056e-01,1.178980755799678530e-02,0.000000000000000000e+00,0.000000000000000000e+00,0.000000000000000000e+00,0.000000000000000000e+00,0.000000000000000000e+00,0.000000000000000000e+00,0.000000000000000000e+00,8.276383056640625000e+02,8.276373291015625000e+02,8.276373901367187500e+02,8.276383056640625000e+02,-2.083768271423131973e+07
3.355999999999999872e+00,2.123564501407655680e-01,4.023174565443207729e-01,-1.179561172055207038e-02,-1.130449765360530545e-04,1.804427805419672737e-04,-5.804162555285083402e-06,9.136632680892944336e-01,5.212567329406738281e+00,-4.917876243591308594e+00,-2.123564501407655680e-01,-4.023174565443207729e-01,1.179561172055207038e-02,0.000000000000000000e+00,0.000000000000000000e+00,0.000000000000000000e+00,0.000000000000000000e+00,0.000000000000000000e+00,0.000000000000000000e+00,0.000000000000000000e+00,8.276383666992187500e+02,8.276373291015625000e+02,8.276373291015625000e+02,8.276383666992187500e+02,-2.083768292132505402e+07
3.357000000000000206e+00,2.122434064784178287e-01,4.024979253388586420e-01,-1.180178410637510757e-02,-1.130436623477393265e-04,1.804687945378691261e-04,-6.172385823037182528e-06,9.136683940887451172e-01,5.212590217590332031e+00,-4.917896270751953125e+00,-2.122434064784178287e-01,-4.024979253388586420e-01,1.180178410637510757e-02,0.000000000000000000e+00,0.000000000000000000e+00,0.000000000000000000e+00,0.000000000000000000e+00,0.000000000000000000e+00,0.000000000000000000e+00,0.000000000000000000e+00,8.276384277343750000e+02,8.276372680664062500e+02,8.276372680664062500e+02,8.276384277343750000e+02,-2.083768312851617858e+07
3.358000000000000096e+00,2.121303907394664900e-01,4.026783935020720739e-01,-1.180830474909729672e-02,-1.130157389513386512e-04,1.804681632134319536e-04,-6.520642722189148865e-06,9.136737585067749023e-01,5.212611198425292969e+00,-4.917916774749755859e+00,-2.121303907394664900e-01,-4.026783935020720739e-01,1.180830474909729672e-02,0.000000000000000000e+00,0.000000000000000000e+00,0.000000000000000000e+00,0.000000000000000000e+00,0.000000000000000000e+00,0.000000000000000000e+00,0.000000000000000000e+00,8.276384277343750000e+02,8.276372070312500000e+02,8.276372070312500000e+02,8.276384277343750000e+02,-2.083768333580480516e+07
3.358999999999999986e+00,2.120173895088103277e-01,4.028588610763796374e-01,-1.181515192375337184e-02,-1.130012306561622992e-04,1.804675743075634387e-04,-6.847174656075122323e-06,9.136787652969360352e-01,5.212631702423095703e+00,-4.917934417724609375e+00,-2.120173895088103277e-01,-4.028588610763796374e-01,1.181515192375337184e-02,0.000000000000000000e+00,0.000000000000000000e+00,0.000000000000000000e+00,0.000000000000000000e+00,0.000000000000000000e+00,0.000000000000000000e+00,0.000000000000000000e+00,8.276384887695312500e+02,8.276371459960937500e+02,8.276372070312500000e+02,8.276384887695312500e+02,-2.083768354319103807e+07
3.359999999999999876e+00,2.119044434398412724e-01,4.030393040759307488e-01,-1.182230181210343171e-02,-1.129460689690553465e-04,1.804429995511114271e-04,-7.149888350059876996e-06,9.136835336685180664e-01,5.212653160095214844e+00,-4.917953968048095703e+00,-2.119044434398412724e-01,-4.030393040759307488e-01,1.182230181210343171e-02,0.000000000000000000e+00,0.000000000000000000e+00,0.000000000000000000e+00,0.000000000000000000e+00,0.000000000000000000e+00,0.000000000000000000e+00,0.000000000000000000e+00,8.276385498046875000e+02,8.276371459960937500e+02,8.276371459960937500e+02,8.276385498046875000e+02,-2.083768375067497790e+07
3.361000000000000210e+00,2.117915510224204767e-01,4.032197972747986192e-01,-1.182972817533649475e-02,-1.128924174207956987e-04,1.804931988678704080e-04,-7.426363233063032476e-06,9.136886596679687500e-01,5.212674140930175781e+00,-4.917972564697265625e+00,-2.117915510224204767e-01,-4.032197972747986192e-01,1.182972817533649475e-02,0.000000000000000000e+00,0.000000000000000000e+00,0.000000000000000000e+00,0.000000000000000000e+00,0.000000000000000000e+00,0.000000000000000000e+00,0.000000000000000000e+00,8.276385498046875000e+02,8.276370849609375000e+02,8.276370849609375000e+02,8.276385498046875000e+02,-2.083768395825678483e+07
3.362000000000000099e+00,2.116787395476913414e-01,4.034003167066728679e-01,-1.183740298000262627e-02,-1.128114747291353304e-04,1.805194318742486814e-04,-7.674804666131518349e-06,9.136937856674194336e-01,5.212695598602294922e+00,-4.917990684509277344e+00,-2.116787395476913414e-01,-4.034003167066728679e-01,1.183740298000262627e-02,0.000000000000000000e+00,0.000000000000000000e+00,0.000000000000000000e+00,0.000000000000000000e+00,0.000000000000000000e+00,0.000000000000000000e+00,0.000000000000000000e+00,8.276385498046875000e+02,8.276370849609375000e+02,8.276370849609375000e+02,8.276385498046875000e+02,-2.083768416593661159e+07
3.362999999999999989e+00,2.115660089081775330e-01,4.035808624292204771e-01,-1.184529537665377462e-02,-1.127306395138083506e-04,1.805457225476092553e-04,-7.892396651148353426e-06,9.136985540390014648e-01,5.212716579437255859e+00,-4.918010234832763672e+00,-2.115660089081775330e-01,-4.035808624292204771e-01,1.184529537665377462e-02,0.000000000000000000e+00,0.000000000000000000e+00,0.000000000000000000e+00,0.000000000000000000e+00,0.000000000000000000e+00,0.000000000000000000e+00,0.000000000000000000e+00,8.276386108398437500e+02,8.276370849609375000e+02,8.276370849609375000e+02,8.276386108398437500e+02,-2.083768437371461093e+07
3.363999999999999879e+00,2.114533723308623381e-01,4.037614345017694895e-01,-1.185337289529196127e-02,-1.126365773151949412e-04,1.805720725490123080e-04,-8.077518638186648170e-06,9.137035608291625977e-01,5.212736129760742188e+00,-4.918029785156250000e+00,-2.114533723308623381e-01,-4.037614345017694895e-01,1.185337289529196127e-02,0.000000000000000000e+00,0.000000000000000000e+00,0.000000000000000000e+00,0.000000000000000000e+00,0.000000000000000000e+00,0.000000000000000000e+00,0.000000000000000000e+00,8.276386108398437500e+02,8.276370239257812500e+02,8.276370849609375000e+02,8.276386108398437500e+02,-2.083768458159093931e+07
3.365000000000000213e+00,2.113408430458073306e-01,4.039420596643930605e-01,-1.186160311523727640e-02,-1.125292850550074775e-04,1.806251626235710894e-04,-8.230219945315128682e-06,9.137088060379028320e-01,5.212759494781494141e+00,-4.918047904968261719e+00,-2.113408430458073306e-01,-4.039420596643930605e-01,1.186160311523727640e-02,0.000000000000000000e+00,0.000000000000000000e+00,0.000000000000000000e+00,0.000000000000000000e+00,0.000000000000000000e+00,0.000000000000000000e+00,0.000000000000000000e+00,8.276386108398437500e+02,8.276370239257812500e+02,8.276370239257812500e+02,8.276386108398437500e+02,-2.083768478956577554e+07
3.366000000000000103e+00,2.112284342674876358e-01,4.041227112998871385e-01,-1.186995101603303265e-02,-1.124087783196947576e-04,1.806516354940779223e-04,-8.347900795756257875e-06,9.137135744094848633e-01,5.212779998779296875e+00,-4.918066501617431641e+00,-2.112284342674876358e-01,-4.041227112998871385e-01,1.186995101603303265e-02,0.000000000000000000e+00,0.000000000000000000e+00,0.000000000000000000e+00,0.000000000000000000e+00,0.000000000000000000e+00,0.000000000000000000e+00,0.000000000000000000e+00,8.276386108398437500e+02,8.276370239257812500e+02,8.276370239257812500e+02,8.276386108398437500e+02,-2.083768499763928726e+07
3.366999999999999993e+00,2.111161458699651605e-01,4.043033894746141388e-01,-1.187838074574467002e-02,-1.122883975224753250e-04,1.806781747270003180e-04,-8.429729711637370948e-06,9.137187004089355469e-01,5.212799549102783203e+00,-4.918086528778076172e+00,-2.111161458699651605e-01,-4.043033894746141388e-01,1.187838074574467002e-02,0.000000000000000000e+00,0.000000000000000000e+00,0.000000000000000000e+00,0.000000000000000000e+00,0.000000000000000000e+00,0.000000000000000000e+00,0.000000000000000000e+00,8.276386108398437500e+02,8.276370239257812500e+02,8.276370239257812500e+02,8.276386108398437500e+02,-2.083768520581164211e+07
3.367999999999999883e+00,2.110040044114243341e-01,4.044841209330807819e-01,-1.188685659577638429e-02,-1.121414585408264664e-04,1.807314584666430690e-04,-8.475850031714263211e-06,9.137237071990966797e-01,5.212821483612060547e+00,-4.918105602264404297e+00,-2.110040044114243341e-01,-4.044841209330807819e-01,1.188685659577638429e-02,0.000000000000000000e+00,0.000000000000000000e+00,0.000000000000000000e+00,0.000000000000000000e+00,0.000000000000000000e+00,0.000000000000000000e+00,0.000000000000000000e+00,8.276386108398437500e+02,8.276370849609375000e+02,8.276370849609375000e+02,8.276386108398437500e+02,-2.083768541408303380e+07
3.369000000000000217e+00,2.108919964249514611e-01,4.046649057426616181e-01,-1.189534266712295729e-02,-1.120079864728729113e-04,1.807848095808362032e-04,-8.486071346573004215e-06,9.137288331985473633e-01,5.212841987609863281e+00,-4.918125152587890625e+00,-2.108919964249514611e-01,-4.046649057426616181e-01,1.189534266712295729e-02,0.000000000000000000e+00,0.000000000000000000e+00,0.000000000000000000e+00,0.000000000000000000e+00,0.000000000000000000e+00,0.000000000000000000e+00,0.000000000000000000e+00,8.276386108398437500e+02,8.276370849609375000e+02,8.276370849609375000e+02,8.276386108398437500e+02,-2.083768562245365232e+07
3.370000000000000107e+00,2.107801351152837621e-01,4.048457172901819834e-01,-1.190380143829832156e-02,-1.118613096676990271e-04,1.808115475203653233e-04,-8.458771175364268591e-06,9.137337207794189453e-01,5.212863445281982422e+00,-4.918142318725585938e+00,-2.107801351152837621e-01,-4.048457172901819834e-01,1.190380143829832156e-02,0.000000000000000000e+00,0.000000000000000000e+00,0.000000000000000000e+00,0.000000000000000000e+00,0.000000000000000000e+00,0.000000000000000000e+00,0.000000000000000000e+00,8.276385498046875000e+02,8.276370849609375000e+02,8.276370849609375000e+02,8.276385498046875000e+02,-2.083768583092367277e+07
3.370999999999999996e+00,2.106684203618126860e-01,4.050265823207803151e-01,-1.191219794034014887e-02,-1.117147534710760670e-04,1.808650305983316997e-04,-8.396502041827305640e-06,9.137388467788696289e-01,5.212885379791259766e+00,-4.918162345886230469e+00,-2.106684203618126860e-01,-4.050265823207803151e-01,1.191219794034014887e-02,0.000000000000000000e+00,0.000000000000000000e+00,0.000000000000000000e+00,0.000000000000000000e+00,0.000000000000000000e+00,0.000000000000000000e+00,0.000000000000000000e+00,8.276385498046875000e+02,8.276371459960937500e+02,8.276371459960937500e+02,8.276385498046875000e+02,-2.083768603949328884e+07
3.371999999999999886e+00,2.105568787159330102e-01,4.052075275814540634e-01,-1.192049479719849148e-02,-1.115416458796758548e-04,1.809452606737482760e-04,-8.296856858342610552e-06,9.137438535690307617e-01,5.212904930114746094e+00,-4.918181419372558594e+00,-2.105568787159330102e-01,-4.052075275814540634e-01,1.192049479719849148e-02,0.000000000000000000e+00,0.000000000000000000e+00,0.000000000000000000e+00,0.000000000000000000e+00,0.000000000000000000e+00,0.000000000000000000e+00,0.000000000000000000e+00,8.276384887695312500e+02,8.276371459960937500e+02,8.276371459960937500e+02,8.276384887695312500e+02,-2.083768624816272780e+07
3.373000000000000220e+00,2.104454967120739650e-01,4.053884997726531214e-01,-1.192865851309688439e-02,-1.113820038590451755e-04,1.809721911990580523e-04,-8.163715898392917558e-06,9.137490987777709961e-01,5.212927341461181641e+00,-4.918201923370361328e+00,-2.104454967120739650e-01,-4.053884997726531214e-01,1.192865851309688439e-02,0.000000000000000000e+00,0.000000000000000000e+00,0.000000000000000000e+00,0.000000000000000000e+00,0.000000000000000000e+00,0.000000000000000000e+00,0.000000000000000000e+00,8.276384887695312500e+02,8.276372070312500000e+02,8.276372070312500000e+02,8.276384887695312500e+02,-2.083768645693216473e+07
3.374000000000000110e+00,2.103342608884337106e-01,4.055695256404083238e-01,-1.193665407183193417e-02,-1.112358236402544165e-04,1.810258677552023521e-04,-7.995558735049770882e-06,9.137541055679321289e-01,5.212948322296142578e+00,-4.918219566345214844e+00,-2.103342608884337106e-01,-4.055695256404083238e-01,1.193665407183193417e-02,0.000000000000000000e+00,0.000000000000000000e+00,0.000000000000000000e+00,0.000000000000000000e+00,0.000000000000000000e+00,0.000000000000000000e+00,0.000000000000000000e+00,8.276384277343750000e+02,8.276372680664062500e+02,8.276372680664062500e+02,8.276384277343750000e+02,-2.083768666580178961e+07
3.375000000000000000e+00,2.102232111477260190e-01,4.057506052414633912e-01,-1.194444826454468811e-02,-1.110497407076915799e-04,1.810796010550674850e-04,-7.794192712753944541e-06,9.137589931488037109e-01,5.212970733642578125e+00,-4.918238639831542969e+00,-2.102232111477260190e-01,-4.057506052414633912e-01,1.194444826454468811e-02,0.000000000000000000e+00,0.000000000000000000e+00,0.000000000000000000e+00,0.000000000000000000e+00,0.000000000000000000e+00,0.000000000000000000e+00,0.000000000000000000e+00,8.276383666992187500e+02,8.276372680664062500e+02,8.276372680664062500e+02,8.276383666992187500e+02,-2.083768687477181107e+07
3.375999999999999890e+00,2.101122948401382973e-01,4.059317411193115177e-01,-1.195200948130694003e-02,-1.109163075877217519e-04,1.811358778481264586e-04,-7.561216762251923851e-06,9.137642383575439453e-01,5.212990760803222656e+00,-4.918258666992187500e+00,-2.101122948401382973e-01,-4.059317411193115177e-01,1.195200948130694003e-02,0.000000000000000000e+00,0.000000000000000000e+00,0.000000000000000000e+00,0.000000000000000000e+00,0.000000000000000000e+00,0.000000000000000000e+00,0.000000000000000000e+00,8.276383056640625000e+02,8.276373291015625000e+02,8.276373291015625000e+02,8.276383056640625000e+02,-2.083768708384241536e+07
3.376999999999999780e+00,2.100015502442647564e-01,4.061129283473274287e-01,-1.195930982542517916e-02,-1.107445958735409075e-04,1.811872280159110282e-04,-7.300344118239127100e-06,9.137692451477050781e-01,5.213013648986816406e+00,-4.918278217315673828e+00,-2.100015502442647564e-01,-4.061129283473274287e-01,1.195930982542517916e-02,0.000000000000000000e+00,0.000000000000000000e+00,0.000000000000000000e+00,0.000000000000000000e+00,0.000000000000000000e+00,0.000000000000000000e+00,0.000000000000000000e+00,8.276382446289062500e+02,8.276373901367187500e+02,8.276373901367187500e+02,8.276382446289062500e+02,-2.083768729301380366e+07
3.378000000000000114e+00,2.098909647337583173e-01,4.062941694710814344e-01,-1.196632033043572470e-02,-1.105855105064390553e-04,1.812411237540056952e-04,-7.010505010545536875e-06,9.137742519378662109e-01,5.213034629821777344e+00,-4.918296813964843750e+00,-2.098909647337583173e-01,-4.062941694710814344e-01,1.196632033043572470e-02,0.000000000000000000e+00,0.000000000000000000e+00,0.000000000000000000e+00,0.000000000000000000e+00,0.000000000000000000e+00,0.000000000000000000e+00,0.000000000000000000e+00,8.276381835937500000e+02,8.276374511718750000e+02,8.276374511718750000e+02,8.276381835937500000e+02,-2.083768750228616595e+07
3.379000000000000004e+00,2.097805382185242984e-01,4.064754645354908269e-01,-1.197301598359459818e-02,-1.104265152340189182e-04,1.812950644093924701e-04,-6.695653158873479671e-06,9.137796163558959961e-01,5.213055133819580078e+00,-4.918317794799804688e+00,-2.097805382185242984e-01,-4.064754645354908269e-01,1.197301598359459818e-02,0.000000000000000000e+00,0.000000000000000000e+00,0.000000000000000000e+00,0.000000000000000000e+00,0.000000000000000000e+00,0.000000000000000000e+00,0.000000000000000000e+00,8.276381225585937500e+02,8.276375122070312500e+02,8.276375122070312500e+02,8.276381225585937500e+02,-2.083768771165969595e+07
3.379999999999999893e+00,2.096702439361219639e-01,4.066568135834199849e-01,-1.197937417879974681e-02,-1.102942824023345203e-04,1.813490479291579582e-04,-6.358195205148631235e-06,9.137843847274780273e-01,5.213076591491699219e+00,-4.918335437774658203e+00,-2.096702439361219639e-01,-4.066568135834199849e-01,1.197937417879974681e-02,0.000000000000000000e+00,0.000000000000000000e+00,0.000000000000000000e+00,0.000000000000000000e+00,0.000000000000000000e+00,0.000000000000000000e+00,0.000000000000000000e+00,8.276380615234375000e+02,8.276375732421875000e+02,8.276375732421875000e+02,8.276380615234375000e+02,-2.083768792113457620e+07
3.380999999999999783e+00,2.095601084860943819e-01,4.068382166524193710e-01,-1.198537249924162655e-02,-1.101354500275819603e-04,1.814030689993861856e-04,-5.998320441879742559e-06,9.137898683547973633e-01,5.213099479675292969e+00,-4.918354988098144531e+00,-2.095601084860943819e-01,-4.068382166524193710e-01,1.198537249924162655e-02,0.000000000000000000e+00,0.000000000000000000e+00,0.000000000000000000e+00,0.000000000000000000e+00,0.000000000000000000e+00,0.000000000000000000e+00,0.000000000000000000e+00,8.276380004882812500e+02,8.276376342773437500e+02,8.276376342773437500e+02,8.276380004882812500e+02,-2.083768813071100041e+07
3.382000000000000117e+00,2.094500917855622035e-01,4.070196470934215882e-01,-1.199099491276826683e-02,-1.100167005321783797e-04,1.814304410022171687e-04,-5.622413526640279713e-06,9.137949943542480469e-01,5.213120460510253906e+00,-4.918375015258789062e+00,-2.094500917855622035e-01,-4.070196470934215882e-01,1.199099491276826683e-02,0.000000000000000000e+00,0.000000000000000000e+00,0.000000000000000000e+00,0.000000000000000000e+00,0.000000000000000000e+00,0.000000000000000000e+00,0.000000000000000000e+00,8.276379394531250000e+02,8.276376953125000000e+02,8.276376953125000000e+02,8.276379394531250000e+02,-2.083768834038911760e+07
3.383000000000000007e+00,2.093402071202937753e-01,4.072011316138404724e-01,-1.199622567425040996e-02,-1.098846652684282166e-04,1.814845204188841876e-04,-5.230761482143131413e-06,9.138000011444091797e-01,5.213142871856689453e+00,-4.918392658233642578e+00,-2.093402071202937753e-01,-4.072011316138404724e-01,1.199622567425040996e-02,0.000000000000000000e+00,0.000000000000000000e+00,0.000000000000000000e+00,0.000000000000000000e+00,0.000000000000000000e+00,0.000000000000000000e+00,0.000000000000000000e+00,8.276378784179687500e+02,8.276377563476562500e+02,8.276377563476562500e+02,8.276378784179687500e+02,-2.083768855016911030e+07
3.383999999999999897e+00,2.092304277629064568e-01,4.073826702379874654e-01,-1.200105218261753037e-02,-1.097793573873184769e-04,1.815386241469929551e-04,-4.826508367120410647e-06,9.138051271438598633e-01,5.213164329528808594e+00,-4.918413162231445312e+00,-2.092304277629064568e-01,-4.073826702379874654e-01,1.200105218261753037e-02,0.000000000000000000e+00,0.000000000000000000e+00,0.000000000000000000e+00,0.000000000000000000e+00,0.000000000000000000e+00,0.000000000000000000e+00,0.000000000000000000e+00,8.276378173828125000e+02,8.276378173828125000e+02,8.276378784179687500e+02,8.276378173828125000e+02,-2.083768876005114615e+07
3.384999999999999787e+00,2.091207536785149590e-01,4.075642362990161693e-01,-1.200546605169822145e-02,-1.096740843914978392e-04,1.815660610287039844e-04,-4.413869080691079638e-06,9.138102531433105469e-01,5.213186740875244141e+00,-4.918434143066406250e+00,-2.091207536785149590e-01,-4.075642362990161693e-01,1.200546605169822145e-02,0.000000000000000000e+00,0.000000000000000000e+00,0.000000000000000000e+00,0.000000000000000000e+00,0.000000000000000000e+00,0.000000000000000000e+00,0.000000000000000000e+00,8.276377563476562500e+02,8.276379394531250000e+02,8.276379394531250000e+02,8.276377563476562500e+02,-2.083768897003537416e+07
3.386000000000000121e+00,2.090111715008929061e-01,4.077458298092076494e-01,-1.200946056420164679e-02,-1.095821776220529120e-04,1.815935101914800676e-04,-3.994512503425334815e-06,9.138158559799194336e-01,5.213208675384521484e+00,-4.918454170227050781e+00,-2.090111715008929061e-01,-4.077458298092076494e-01,1.200946056420164679e-02,0.000000000000000000e+00,0.000000000000000000e+00,0.000000000000000000e+00,0.000000000000000000e+00,0.000000000000000000e+00,0.000000000000000000e+00,0.000000000000000000e+00,8.276376953125000000e+02,8.276380004882812500e+02,8.276380004882812500e+02,8.276376953125000000e+02,-2.083768918012193218e+07
3.387000000000000011e+00,2.089016812161766379e-01,4.079274507734308441e-01,-1.201303238535574198e-02,-1.094902847162682047e-04,1.816209642231947363e-04,-3.571821154095197737e-06,9.138207435607910156e-01,5.213228702545166016e+00,-4.918472290039062500e+00,-2.089016812161766379e-01,-4.079274507734308441e-01,1.201303238535574198e-02,0.000000000000000000e+00,0.000000000000000000e+00,0.000000000000000000e+00,0.000000000000000000e+00,0.000000000000000000e+00,0.000000000000000000e+00,0.000000000000000000e+00,8.276376342773437500e+02,8.276380615234375000e+02,8.276380615234375000e+02,8.276376342773437500e+02,-2.083768939031096175e+07
3.387999999999999901e+00,2.087922428096670169e-01,4.081090991898487230e-01,-1.201618387429190249e-02,-1.094384065096210001e-04,1.816484164178788774e-04,-3.151488936160504184e-06,9.138263463973999023e-01,5.213251590728759766e+00,-4.918492794036865234e+00,-2.087922428096670169e-01,-4.081090991898487230e-01,1.201618387429190249e-02,0.000000000000000000e+00,0.000000000000000000e+00,0.000000000000000000e+00,0.000000000000000000e+00,0.000000000000000000e+00,0.000000000000000000e+00,0.000000000000000000e+00,8.276375732421875000e+02,8.276381225585937500e+02,8.276381225585937500e+02,8.276375732421875000e+02,-2.083768960060258955e+07
3.388999999999999790e+00,2.086828696195534849e-01,4.082907483735346843e-01,-1.201891586385326824e-02,-1.093731901135319706e-04,1.816491836859612796e-04,-2.731989561365749664e-06,9.138312339782714844e-01,5.213274478912353516e+00,-4.918511390686035156e+00,-2.086828696195534849e-01,-4.082907483735346843e-01,1.201891586385326824e-02,0.000000000000000000e+00,0.000000000000000000e+00,0.000000000000000000e+00,0.000000000000000000e+00,0.000000000000000000e+00,0.000000000000000000e+00,0.000000000000000000e+00,8.276375122070312500e+02,8.276381835937500000e+02,8.276381835937500000e+02,8.276374511718750000e+02,-2.083768981099691987e+07
3.390000000000000124e+00,2.085735349991317822e-01,4.084724516725202204e-01,-1.202123669418163690e-02,-1.093346204217027218e-04,1.817032989855360547e-04,-2.320830328368661544e-06,9.138364791870117188e-01,5.213296413421630859e+00,-4.918532848358154297e+00,-2.085735349991317822e-01,-4.084724516725202204e-01,1.202123669418163690e-02,0.000000000000000000e+00,0.000000000000000000e+00,0.000000000000000000e+00,0.000000000000000000e+00,0.000000000000000000e+00,0.000000000000000000e+00,0.000000000000000000e+00,8.276374511718750000e+02,8.276382446289062500e+02,8.276382446289062500e+02,8.276374511718750000e+02,-2.083769002149409428e+07
3.391000000000000014e+00,2.084642265461719435e-01,4.086541046667594435e-01,-1.202315471880458474e-02,-1.093084529598387089e-04,1.816529942392230978e-04,-1.918024622947836488e-06,9.138417243957519531e-01,5.213317871093750000e+00,-4.918551921844482422e+00,-2.084642265461719435e-01,-4.086541046667594435e-01,1.202315471880458474e-02,0.000000000000000000e+00,0.000000000000000000e+00,0.000000000000000000e+00,0.000000000000000000e+00,0.000000000000000000e+00,0.000000000000000000e+00,0.000000000000000000e+00,8.276373901367187500e+02,8.276383056640625000e+02,8.276383056640625000e+02,8.276373901367187500e+02,-2.083769023209416121e+07
3.391999999999999904e+00,2.083549291409906579e-01,4.088358094062885528e-01,-1.202468374349706902e-02,-1.092974051812856118e-04,1.817047395291093714e-04,-1.529024692484282077e-06,9.138470888137817383e-01,5.213339328765869141e+00,-4.918571949005126953e+00,-2.083549291409906579e-01,-4.088358094062885528e-01,1.202468374349706902e-02,0.000000000000000000e+00,0.000000000000000000e+00,0.000000000000000000e+00,0.000000000000000000e+00,0.000000000000000000e+00,0.000000000000000000e+00,0.000000000000000000e+00,8.276373291015625000e+02,8.276383666992187500e+02,8.276383666992187500e+02,8.276373291015625000e+02,-2.083769044279725105e+07
3.392999999999999794e+00,2.082456304054167151e-01,4.090175148316363973e-01,-1.202583888920112642e-02,-1.092987355739427624e-04,1.817054253478445069e-04,-1.155145704057405909e-06,9.138525724411010742e-01,5.213362216949462891e+00,-4.918592453002929688e+00,-2.082456304054167151e-01,-4.090175148316363973e-01,1.202583888920112642e-02,0.000000000000000000e+00,0.000000000000000000e+00,0.000000000000000000e+00,0.000000000000000000e+00,0.000000000000000000e+00,0.000000000000000000e+00,0.000000000000000000e+00,8.276372680664062500e+02,8.276384277343750000e+02,8.276384277343750000e+02,8.276372680664062500e+02,-2.083769065360344201e+07
3.394000000000000128e+00,2.081363304031749184e-01,4.091992209084255316e-01,-1.202663849900514025e-02,-1.093000022417967010e-04,1.817060767891343076e-04,-7.996098040138205354e-07,9.138574600219726562e-01,5.213383674621582031e+00,-4.918611526489257812e+00,-2.081363304031749184e-01,-4.091992209084255316e-01,1.202663849900514025e-02,0.000000000000000000e+00,0.000000000000000000e+00,0.000000000000000000e+00,0.000000000000000000e+00,0.000000000000000000e+00,0.000000000000000000e+00,0.000000000000000000e+00,8.276372070312500000e+02,8.276384277343750000e+02,8.276384277343750000e+02,8.276372070312500000e+02,-2.083769086451281607e+07
3.395000000000000018e+00,2.080269891854401865e-01,4.093809276017492116e-01,-1.202710327434751772e-02,-1.093412177347319325e-04,1.817066933236799464e-04,-4.647753423774741988e-07,9.138629436492919922e-01,5.213405609130859375e+00,-4.918631553649902344e+00,-2.080269891854401865e-01,-4.093809276017492116e-01,1.202710327434751772e-02,0.000000000000000000e+00,0.000000000000000000e+00,0.000000000000000000e+00,0.000000000000000000e+00,0.000000000000000000e+00,0.000000000000000000e+00,0.000000000000000000e+00,8.276371459960937500e+02,8.276384887695312500e+02,8.276384887695312500e+02,8.276371459960937500e+02,-2.083769107552544028e+07
3.395999999999999908e+00,2.079176201742561625e-01,4.095626081845826771e-01,-1.202725739381768633e-02,-1.093690111840239787e-04,1.816805828334655537e-04,-1.541194701686066093e-07,9.138686656951904297e-01,5.213428974151611328e+00,-4.918653011322021484e+00,-2.079176201742561625e-01,-4.095626081845826771e-01,1.202725739381768633e-02,0.000000000000000000e+00,0.000000000000000000e+00,0.000000000000000000e+00,0.000000000000000000e+00,0.000000000000000000e+00,0.000000000000000000e+00,0.000000000000000000e+00,8.276371459960937500e+02,8.276385498046875000e+02,8.276385498046875000e+02,8.276371459960937500e+02,-2.083769128664136305e+07
3.396999999999999797e+00,2.078081834393025740e-01,4.097442892955212579e-01,-1.202712577598539882e-02,-1.094367349535885214e-04,1.816811109385807477e-04,1.316178322875033446e-07,9.138735532760620117e-01,5.213450908660888672e+00,-4.918671607971191406e+00,-2.078081834393025740e-01,-4.097442892955212579e-01,1.202712577598539882e-02,0.000000000000000000e+00,0.000000000000000000e+00,0.000000000000000000e+00,0.000000000000000000e+00,0.000000000000000000e+00,0.000000000000000000e+00,0.000000000000000000e+00,8.276370849609375000e+02,8.276385498046875000e+02,8.276385498046875000e+02,8.276370849609375000e+02,-2.083769149786064029e+07
3.398000000000000131e+00,2.076986790773124036e-01,4.099259442014836496e-01,-1.202673672057549131e-02,-1.095043619901703291e-04,1.816549059623917550e-04,3.890554099075099748e-07,9.138789176940917969e-01,5.213473796844482422e+00,-4.918692111968994141e+00,-2.076986790773124036e-01,-4.099259442014836496e-01,1.202673672057549131e-02,0.000000000000000000e+00,0.000000000000000000e+00,0.000000000000000000e+00,0.000000000000000000e+00,0.000000000000000000e+00,0.000000000000000000e+00,0.000000000000000000e+00,8.276370849609375000e+02,8.276385498046875000e+02,8.276386108398437500e+02,8.276370849609375000e+02,-2.083769170918330550e+07
3.399000000000000021e+00,2.075890938536165409e-01,4.101075461662765931e-01,-1.202612098100494867e-02,-1.095852236958627657e-04,1.816019647929434377e-04,6.157395705426449428e-07,9.138845205307006836e-01,5.213496208190917969e+00,-4.918712139129638672e+00,-2.075890938536165409e-01,-4.101075461662765931e-01,1.202612098100494867e-02,0.000000000000000000e+00,0.000000000000000000e+00,0.000000000000000000e+00,0.000000000000000000e+00,0.000000000000000000e+00,0.000000000000000000e+00,0.000000000000000000e+00,8.276370849609375000e+02,8.276386108398437500e+02,8.276386108398437500e+02,8.276370849609375000e+02,-2.083769192060936615e+07
3.399999999999999911e+00,2.074794278842337081e-01,4.102891484951955436e-01,-1.202530950349432574e-02,-1.096659693828327953e-04,1.816023289189505618e-04,8.114775106229238366e-07,9.138894081115722656e-01,5.213517665863037109e+00,-4.918731212615966797e+00,-2.074794278842337081e-01,-4.102891484951955436e-01,1.202530950349432574e-02,0.000000000000000000e+00,0.000000000000000000e+00,0.000000000000000000e+00,0.000000000000000000e+00,0.000000000000000000e+00,0.000000000000000000e+00,0.000000000000000000e+00,8.276370239257812500e+02,8.276386108398437500e+02,8.276386108398437500e+02,8.276370239257812500e+02,-2.083769213213887438e+07
3.400999999999999801e+00,2.073696412627745178e-01,4.104707244503829067e-01,-1.202433544709195952e-02,-1.097866214591902700e-04,1.815759551873630251e-04,9.740564023662245940e-07,9.138946533203125000e-01,5.213541030883789062e+00,-4.918753147125244141e+00,-2.073696412627745178e-01,-4.104707244503829067e-01,1.202433544709195952e-02,0.000000000000000000e+00,0.000000000000000000e+00,0.000000000000000000e+00,0.000000000000000000e+00,0.000000000000000000e+00,0.000000000000000000e+00,0.000000000000000000e+00,8.276370239257812500e+02,8.276386108398437500e+02,8.276386108398437500e+02,8.276370239257812500e+02,-2.083769234377184138e+07
3.402000000000000135e+00,2.072597474481907842e-01,4.106522472873438412e-01,-1.202323299571508505e-02,-1.098938145837335956e-04,1.815228369609345194e-04,1.102451376874466482e-06,9.139002561569213867e-01,5.213562965393066406e+00,-4.918771743774414062e+00,-2.072597474481907842e-01,-4.106522472873438412e-01,1.202323299571508505e-02,0.000000000000000000e+00,0.000000000000000000e+00,0.000000000000000000e+00,0.000000000000000000e+00,0.000000000000000000e+00,0.000000000000000000e+00,0.000000000000000000e+00,8.276370239257812500e+02,8.276386108398437500e+02,8.276386108398437500e+02,8.276370239257812500e+02,-2.083769255550827086e+07
3.403000000000000025e+00,2.071497332282065673e-01,4.108337436246264351e-01,-1.202203716811098624e-02,-1.100142199842168989e-04,1.814963372825939558e-04,1.195827604098809172e-06,9.139057397842407227e-01,5.213586807250976562e+00,-4.918792724609375000e+00,-2.071497332282065673e-01,-4.108337436246264351e-01,1.202203716811098624e-02,0.000000000000000000e+00,0.000000000000000000e+00,0.000000000000000000e+00,0.000000000000000000e+00,0.000000000000000000e+00,0.000000000000000000e+00,0.000000000000000000e+00,8.276370239257812500e+02,8.276386108398437500e+02,8.276386108398437500e+02,8.276370239257812500e+02,-2.083769276734817773e+07
3.403999999999999915e+00,2.070395853871215552e-01,4.110151867176117246e-01,-1.202078372014913840e-02,-1.101478410850120770e-04,1.814430929852894891e-04,1.253447961847842240e-06,9.139108657836914062e-01,5.213606834411621094e+00,-4.918812274932861328e+00,-2.070395853871215552e-01,-4.110151867176117246e-01,1.202078372014913840e-02,0.000000000000000000e+00,0.000000000000000000e+00,0.000000000000000000e+00,0.000000000000000000e+00,0.000000000000000000e+00,0.000000000000000000e+00,0.000000000000000000e+00,8.276370239257812500e+02,8.276386108398437500e+02,8.276386108398437500e+02,8.276370239257812500e+02,-2.083769297929155082e+07
3.404999999999999805e+00,2.069292907187643138e-01,4.111965764997037032e-01,-1.201951012348734076e-02,-1.102946683572414432e-04,1.813897820919785353e-04,1.273596661797646301e-06,9.139161109924316406e-01,5.213627815246582031e+00,-4.918832778930664062e+00,-2.069292907187643138e-01,-4.111965764997037032e-01,1.201951012348734076e-02,0.000000000000000000e+00,0.000000000000000000e+00,0.000000000000000000e+00,0.000000000000000000e+00,0.000000000000000000e+00,0.000000000000000000e+00,0.000000000000000000e+00,8.276370849609375000e+02,8.276386108398437500e+02,8.276386108398437500e+02,8.276370849609375000e+02,-2.083769319133837521e+07
3.406000000000000139e+00,2.068188370271305809e-01,4.113779150666825868e-01,-1.201825077234682480e-02,-1.104536916337328645e-04,1.813385669788836196e-04,1.259351140515951872e-06,9.139217138290405273e-01,5.213652133941650391e+00,-4.918851852416992188e+00,-2.068188370271305809e-01,-4.113779150666825868e-01,1.201825077234682480e-02,0.000000000000000000e+00,0.000000000000000000e+00,0.000000000000000000e+00,0.000000000000000000e+00,0.000000000000000000e+00,0.000000000000000000e+00,0.000000000000000000e+00,8.276370849609375000e+02,8.276385498046875000e+02,8.276385498046875000e+02,8.276370849609375000e+02,-2.083769340348863229e+07
3.407000000000000028e+00,2.067082491032038449e-01,4.115592247014469018e-01,-1.201704531601341733e-02,-1.105879239267359981e-04,1.813096347643150530e-04,1.205456333407475822e-06,9.139266014099121094e-01,5.213674068450927734e+00,-4.918871402740478516e+00,-2.067082491032038449e-01,-4.115592247014469018e-01,1.201704531601341733e-02,0.000000000000000000e+00,0.000000000000000000e+00,0.000000000000000000e+00,0.000000000000000000e+00,0.000000000000000000e+00,0.000000000000000000e+00,0.000000000000000000e+00,8.276370849609375000e+02,8.276385498046875000e+02,8.276385498046875000e+02,8.276370849609375000e+02,-2.083769361574233696e+07
3.407999999999999918e+00,2.065975013950100969e-01,4.117404808342859379e-01,-1.201592638496515493e-02,-1.107477081937480179e-04,1.812561328390360771e-04,1.118931048262397643e-06,9.139322042465209961e-01,5.213695049285888672e+00,-4.918892383575439453e+00,-2.065975013950100969e-01,-4.117404808342859379e-01,1.201592638496515493e-02,0.000000000000000000e+00,0.000000000000000000e+00,0.000000000000000000e+00,0.000000000000000000e+00,0.000000000000000000e+00,0.000000000000000000e+00,0.000000000000000000e+00,8.276371459960937500e+02,8.276384887695312500e+02,8.276385498046875000e+02,8.276371459960937500e+02,-2.083769382809947059e+07
3.408999999999999808e+00,2.064865940378351472e-01,4.119216833978526227e-01,-1.201493149861889570e-02,-1.109073571749497056e-04,1.812025635666847379e-04,9.948863462592300033e-07,9.139373302459716797e-01,5.213716506958007812e+00,-4.918911933898925781e+00,-2.064865940378351472e-01,-4.119216833978526227e-01,1.201493149861889570e-02,0.000000000000000000e+00,0.000000000000000000e+00,0.000000000000000000e+00,0.000000000000000000e+00,0.000000000000000000e+00,0.000000000000000000e+00,0.000000000000000000e+00,8.276372070312500000e+02,8.276384887695312500e+02,8.276384887695312500e+02,8.276372070312500000e+02,-2.083769404056001455e+07
3.410000000000000142e+00,2.063755271522085266e-01,4.121028323324529286e-01,-1.201409400750459884e-02,-1.110668856266205928e-04,1.811489346003058998e-04,8.374911142968594069e-07,9.139425754547119141e-01,5.213740825653076172e+00,-4.918931007385253906e+00,-2.063755271522085266e-01,-4.121028323324529286e-01,1.201409400750459884e-02,0.000000000000000000e+00,0.000000000000000000e+00,0.000000000000000000e+00,0.000000000000000000e+00,0.000000000000000000e+00,0.000000000000000000e+00,0.000000000000000000e+00,8.276372070312500000e+02,8.276384277343750000e+02,8.276384277343750000e+02,8.276372070312500000e+02,-2.083769425312395394e+07
3.411000000000000032e+00,2.062643008618702256e-01,4.122839275770225353e-01,-1.201344809593387838e-02,-1.112262903383010038e-04,1.810952445696067947e-04,6.459115707204560186e-07,9.139480590820312500e-01,5.213763236999511719e+00,-4.918951988220214844e+00,-2.062643008618702256e-01,-4.122839275770225353e-01,1.201344809593387838e-02,0.000000000000000000e+00,0.000000000000000000e+00,0.000000000000000000e+00,0.000000000000000000e+00,0.000000000000000000e+00,0.000000000000000000e+00,0.000000000000000000e+00,8.276372680664062500e+02,8.276383666992187500e+02,8.276383666992187500e+02,8.276372680664062500e+02,-2.083769446579127386e+07
3.411999999999999922e+00,2.061529019319169875e-01,4.124649423985404795e-01,-1.201302368328032756e-02,-1.113989299532380794e-04,1.810148215179441245e-04,4.244126535508235820e-07,9.139535427093505859e-01,5.213783740997314453e+00,-4.918972015380859375e+00,-2.061529019319169875e-01,-4.124649423985404795e-01,1.201302368328032756e-02,0.000000000000000000e+00,0.000000000000000000e+00,0.000000000000000000e+00,0.000000000000000000e+00,0.000000000000000000e+00,0.000000000000000000e+00,0.000000000000000000e+00,8.276373291015625000e+02,8.276383666992187500e+02,8.276383666992187500e+02,8.276373291015625000e+02,-2.083769467856193334e+07
3.412999999999999812e+00,2.060413571651970310e-01,4.126459300998741586e-01,-1.201285264463394960e-02,-1.115447667199565007e-04,1.809877013336791407e-04,1.710386463779633992e-07,9.139585494995117188e-01,5.213805675506591797e+00,-4.918992042541503906e+00,-2.060413571651970310e-01,-4.126459300998741586e-01,1.201285264463394960e-02,0.000000000000000000e+00,0.000000000000000000e+00,0.000000000000000000e+00,0.000000000000000000e+00,0.000000000000000000e+00,0.000000000000000000e+00,0.000000000000000000e+00,8.276373901367187500e+02,8.276383056640625000e+02,8.276383056640625000e+02,8.276373901367187500e+02,-2.083769489143594727e+07
3.414000000000000146e+00,2.059296399776438524e-01,4.128268639540518814e-01,-1.201296234997233613e-02,-1.117171875531786096e-04,1.809338541777227860e-04,-1.097053383865287390e-07,9.139636754989624023e-01,5.213827133178710938e+00,-4.919011116027832031e+00,-2.059296399776438524e-01,-4.128268639540518814e-01,1.201296234997233613e-02,0.000000000000000000e+00,0.000000000000000000e+00,0.000000000000000000e+00,0.000000000000000000e+00,0.000000000000000000e+00,0.000000000000000000e+00,0.000000000000000000e+00,8.276374511718750000e+02,8.276382446289062500e+02,8.276382446289062500e+02,8.276374511718750000e+02,-2.083769510441329330e+07
3.415000000000000036e+00,2.058177771448181925e-01,4.130077439128583272e-01,-1.201337874194283173e-02,-1.118628328256598969e-04,1.808799588064458064e-04,-4.163919704956026147e-07,9.139688014984130859e-01,5.213850498199462891e+00,-4.919030189514160156e+00,-2.058177771448181925e-01,-4.130077439128583272e-01,1.201337874194283173e-02,0.000000000000000000e+00,0.000000000000000000e+00,0.000000000000000000e+00,0.000000000000000000e+00,0.000000000000000000e+00,0.000000000000000000e+00,0.000000000000000000e+00,8.276375122070312500e+02,8.276381835937500000e+02,8.276381835937500000e+02,8.276375122070312500e+02,-2.083769531749396771e+07
3.415999999999999925e+00,2.057057687523492218e-01,4.131885699352949581e-01,-1.201412516581912109e-02,-1.120083924689707633e-04,1.808260224366309288e-04,-7.464238762893565804e-07,9.139741659164428711e-01,5.213871479034423828e+00,-4.919050693511962891e+00,-2.057057687523492218e-01,-4.131885699352949581e-01,1.201412516581912109e-02,0.000000000000000000e+00,0.000000000000000000e+00,0.000000000000000000e+00,0.000000000000000000e+00,0.000000000000000000e+00,0.000000000000000000e+00,0.000000000000000000e+00,8.276375732421875000e+02,8.276381225585937500e+02,8.276381225585937500e+02,8.276375732421875000e+02,-2.083769553067796305e+07
3.416999999999999815e+00,2.055936148863205526e-01,4.133693686628571728e-01,-1.201522418099882326e-02,-1.121538660286691691e-04,1.807987275622147116e-04,-1.099015179702178546e-06,9.139795303344726562e-01,5.213893890380859375e+00,-4.919070243835449219e+00,-2.055936148863205526e-01,-4.133693686628571728e-01,1.201522418099882326e-02,0.000000000000000000e+00,0.000000000000000000e+00,0.000000000000000000e+00,0.000000000000000000e+00,0.000000000000000000e+00,0.000000000000000000e+00,0.000000000000000000e+00,8.276376342773437500e+02,8.276380615234375000e+02,8.276380615234375000e+02,8.276376342773437500e+02,-2.083769574396529794e+07
3.418000000000000149e+00,2.054813289454933412e-01,4.135500867020742710e-01,-1.201669324863419673e-02,-1.122859408272114390e-04,1.807180392170981698e-04,-1.469067635373466629e-06,9.139847755432128906e-01,5.213913917541503906e+00,-4.919089317321777344e+00,-2.054813289454933412e-01,-4.135500867020742710e-01,1.201669324863419673e-02,0.000000000000000000e+00,0.000000000000000000e+00,0.000000000000000000e+00,0.000000000000000000e+00,0.000000000000000000e+00,0.000000000000000000e+00,0.000000000000000000e+00,8.276376953125000000e+02,8.276380004882812500e+02,8.276380004882812500e+02,8.276376953125000000e+02,-2.083769595735595003e+07
3.419000000000000039e+00,2.053689109954423553e-01,4.137307773874649430e-01,-1.201854830583747556e-02,-1.124179500509858709e-04,1.806906853906720123e-04,-1.855057203278831501e-06,9.139900207519531250e-01,5.213937282562255859e+00,-4.919109344482421875e+00,-2.053689109954423553e-01,-4.137307773874649430e-01,1.201854830583747556e-02,0.000000000000000000e+00,0.000000000000000000e+00,0.000000000000000000e+00,0.000000000000000000e+00,0.000000000000000000e+00,0.000000000000000000e+00,0.000000000000000000e+00,8.276377563476562500e+02,8.276378784179687500e+02,8.276379394531250000e+02,8.276377563476562500e+02,-2.083769617084994167e+07
3.419999999999999929e+00,2.052563744267140999e-01,4.139114406949713221e-01,-1.202080274072518315e-02,-1.125365687282553484e-04,1.806633075063790450e-04,-2.254434887707587598e-06,9.139952659606933594e-01,5.213958263397216797e+00,-4.919128894805908203e+00,-2.052563744267140999e-01,-4.139114406949713221e-01,1.202080274072518315e-02,0.000000000000000000e+00,0.000000000000000000e+00,0.000000000000000000e+00,0.000000000000000000e+00,0.000000000000000000e+00,0.000000000000000000e+00,0.000000000000000000e+00,8.276378173828125000e+02,8.276378173828125000e+02,8.276378173828125000e+02,8.276378173828125000e+02,-2.083769638444730267e+07
3.420999999999999819e+00,2.051437337270111683e-01,4.140920252421876335e-01,-1.202346510054238225e-02,-1.126406997029316681e-04,1.805845472163114529e-04,-2.662359817199103085e-06,9.140003919601440430e-01,5.213981151580810547e+00,-4.919147968292236328e+00,-2.051437337270111683e-01,-4.140920252421876335e-01,1.202346510054238225e-02,0.000000000000000000e+00,0.000000000000000000e+00,0.000000000000000000e+00,0.000000000000000000e+00,0.000000000000000000e+00,0.000000000000000000e+00,0.000000000000000000e+00,8.276378784179687500e+02,8.276377563476562500e+02,8.276377563476562500e+02,8.276378784179687500e+02,-2.083769659814802185e+07
3.422000000000000153e+00,2.050310000450564496e-01,4.142726070556461138e-01,-1.202654423334801291e-02,-1.127336819547186675e-04,1.805818134584802337e-04,-3.079132805630657721e-06,9.140055179595947266e-01,5.214001655578613281e+00,-4.919167041778564453e+00,-2.050310000450564496e-01,-4.142726070556461138e-01,1.202654423334801291e-02,0.000000000000000000e+00,0.000000000000000000e+00,0.000000000000000000e+00,0.000000000000000000e+00,0.000000000000000000e+00,0.000000000000000000e+00,0.000000000000000000e+00,8.276379394531250000e+02,8.276376953125000000e+02,8.276376953125000000e+02,8.276379394531250000e+02,-2.083769681195216253e+07
3.423000000000000043e+00,2.049181745036124935e-01,4.144531614564315736e-01,-1.203004284979372965e-02,-1.128255414439560678e-04,1.805544007854598121e-04,-3.498616445716737355e-06,9.140102863311767578e-01,5.214021682739257812e+00,-4.919187068939208984e+00,-2.049181745036124935e-01,-4.144531614564315736e-01,1.203004284979372965e-02,0.000000000000000000e+00,0.000000000000000000e+00,0.000000000000000000e+00,0.000000000000000000e+00,0.000000000000000000e+00,0.000000000000000000e+00,0.000000000000000000e+00,8.276380004882812500e+02,8.276376342773437500e+02,8.276376342773437500e+02,8.276380004882812500e+02,-2.083769702585976571e+07
3.423999999999999932e+00,2.048052837887498201e-01,4.146336884416753077e-01,-1.203396187987064610e-02,-1.128907148626734358e-04,1.805269852437341171e-04,-3.919030076916449334e-06,9.140157699584960938e-01,5.214043140411376953e+00,-4.919205665588378906e+00,-2.048052837887498201e-01,-4.146336884416753077e-01,1.203396187987064610e-02,0.000000000000000000e+00,0.000000000000000000e+00,0.000000000000000000e+00,0.000000000000000000e+00,0.000000000000000000e+00,0.000000000000000000e+00,0.000000000000000000e+00,8.276381225585937500e+02,8.276375732421875000e+02,8.276375732421875000e+02,8.276380615234375000e+02,-2.083769723987088352e+07
3.424999999999999822e+00,2.046923412309145929e-01,4.148141880172698248e-01,-1.203829803655196914e-02,-1.129425578352272197e-04,1.804995755945171254e-04,-4.336156681323047324e-06,9.140207767486572266e-01,5.214067459106445312e+00,-4.919226169586181641e+00,-2.046923412309145929e-01,-4.148141880172698248e-01,1.203829803655196914e-02,0.000000000000000000e+00,0.000000000000000000e+00,0.000000000000000000e+00,0.000000000000000000e+00,0.000000000000000000e+00,0.000000000000000000e+00,0.000000000000000000e+00,8.276381835937500000e+02,8.276375122070312500e+02,8.276375122070312500e+02,8.276381225585937500e+02,-2.083769745398556814e+07
3.426000000000000156e+00,2.045793468109337598e-01,4.149946601948744096e-01,-1.204304548324421423e-02,-1.129944199808330385e-04,1.804721776045847825e-04,-4.747446692245083089e-06,9.140257835388183594e-01,5.214087009429931641e+00,-4.919243812561035156e+00,-2.045793468109337598e-01,-4.149946601948744096e-01,1.204304548324421423e-02,0.000000000000000000e+00,0.000000000000000000e+00,0.000000000000000000e+00,0.000000000000000000e+00,0.000000000000000000e+00,0.000000000000000000e+00,0.000000000000000000e+00,8.276382446289062500e+02,8.276374511718750000e+02,8.276374511718750000e+02,8.276381835937500000e+02,-2.083769766820387915e+07
3.427000000000000046e+00,2.044663271849355701e-01,4.151751316688647719e-01,-1.204819602632828390e-02,-1.130196259981897100e-04,1.804714739903623411e-04,-5.150543084069675315e-06,9.140309095382690430e-01,5.214108467102050781e+00,-4.919263362884521484e+00,-2.044663271849355701e-01,-4.151751316688647719e-01,1.204819602632828390e-02,0.000000000000000000e+00,0.000000000000000000e+00,0.000000000000000000e+00,0.000000000000000000e+00,0.000000000000000000e+00,0.000000000000000000e+00,0.000000000000000000e+00,8.276383056640625000e+02,8.276373901367187500e+02,8.276373901367187500e+02,8.276382446289062500e+02,-2.083769788252590597e+07
3.427999999999999936e+00,2.043532956500265785e-01,4.153556024614224462e-01,-1.205373720738659414e-02,-1.130315349089916488e-04,1.804707925576742866e-04,-5.541181058310237773e-06,9.140362739562988281e-01,5.214129447937011719e+00,-4.919282436370849609e+00,-2.043532956500265785e-01,-4.153556024614224462e-01,1.205373720738659414e-02,0.000000000000000000e+00,0.000000000000000000e+00,0.000000000000000000e+00,0.000000000000000000e+00,0.000000000000000000e+00,0.000000000000000000e+00,0.000000000000000000e+00,8.276383056640625000e+02,8.276373291015625000e+02,8.276373291015625000e+02,8.276383056640625000e+02,-2.083769809695174545e+07
3.428999999999999826e+00,2.042402521533230875e-01,4.155360459180562072e-01,-1.205965480456435562e-02,-1.130434967034910088e-04,1.804434566337609347e-04,-5.917597177761482752e-06,9.140411615371704102e-01,5.214151382446289062e+00,-4.919301986694335938e+00,-2.042402521533230875e-01,-4.155360459180562072e-01,1.205965480456435562e-02,0.000000000000000000e+00,0.000000000000000000e+00,0.000000000000000000e+00,0.000000000000000000e+00,0.000000000000000000e+00,0.000000000000000000e+00,0.000000000000000000e+00,8.276383666992187500e+02,8.276372680664062500e+02,8.276372680664062500e+02,8.276383666992187500e+02,-2.083769831148146838e+07
3.430000000000000160e+00,2.041272099772417914e-01,4.157165154330556001e-01,-1.206593061829330966e-02,-1.130421760812960752e-04,1.804695149993928993e-04,-6.275813728954041104e-06,9.140461683273315430e-01,5.214170932769775391e+00,-4.919319152832031250e+00,-2.041272099772417914e-01,-4.157165154330556001e-01,1.206593061829330966e-02,0.000000000000000000e+00,0.000000000000000000e+00,0.000000000000000000e+00,0.000000000000000000e+00,0.000000000000000000e+00,0.000000000000000000e+00,0.000000000000000000e+00,8.276384277343750000e+02,8.276372070312500000e+02,8.276372680664062500e+02,8.276384277343750000e+02,-2.083769852611519396e+07
3.431000000000000050e+00,2.040142090661134777e-01,4.158969843597191685e-01,-1.207254390178569975e-02,-1.130009111283136747e-04,1.804689266635683964e-04,-6.613283492390084617e-06,9.140514135360717773e-01,5.214192867279052734e+00,-4.919340133666992188e+00,-2.040142090661134777e-01,-4.158969843597191685e-01,1.207254390178569975e-02,0.000000000000000000e+00,0.000000000000000000e+00,0.000000000000000000e+00,0.000000000000000000e+00,0.000000000000000000e+00,0.000000000000000000e+00,0.000000000000000000e+00,8.276384887695312500e+02,8.276372070312500000e+02,8.276372070312500000e+02,8.276384887695312500e+02,-2.083769874085303769e+07
3.431999999999999940e+00,2.039012360022744164e-01,4.160774527389264343e-01,-1.207947292857109757e-02,-1.129730638390613606e-04,1.804683792072658832e-04,-6.929026785397821020e-06,9.140561819076538086e-01,5.214213848114013672e+00,-4.919358730316162109e+00,-2.039012360022744164e-01,-4.160774527389264343e-01,1.207947292857109757e-02,0.000000000000000000e+00,0.000000000000000000e+00,0.000000000000000000e+00,0.000000000000000000e+00,0.000000000000000000e+00,0.000000000000000000e+00,0.000000000000000000e+00,8.276384887695312500e+02,8.276371459960937500e+02,8.276371459960937500e+02,8.276384887695312500e+02,-2.083769895569511130e+07
3.432999999999999829e+00,2.037883307152444645e-01,4.162579472959980764e-01,-1.208669121075116315e-02,-1.129052870299518396e-04,1.804945570716420811e-04,-7.218282180065579978e-06,9.140614271163940430e-01,5.214234828948974609e+00,-4.919377803802490234e+00,-2.037883307152444645e-01,-4.162579472959980764e-01,1.208669121075116315e-02,0.000000000000000000e+00,0.000000000000000000e+00,0.000000000000000000e+00,0.000000000000000000e+00,0.000000000000000000e+00,0.000000000000000000e+00,0.000000000000000000e+00,8.276385498046875000e+02,8.276371459960937500e+02,8.276371459960937500e+02,8.276385498046875000e+02,-2.083769917064156011e+07
3.434000000000000163e+00,2.036754797655549454e-01,4.164384413996015111e-01,-1.209417197173165773e-02,-1.128509496895191422e-04,1.804941036034346524e-04,-7.480760980494577383e-06,9.140664339065551758e-01,5.214257240295410156e+00,-4.919396877288818359e+00,-2.036754797655549454e-01,-4.164384413996015111e-01,1.209417197173165773e-02,0.000000000000000000e+00,0.000000000000000000e+00,0.000000000000000000e+00,0.000000000000000000e+00,0.000000000000000000e+00,0.000000000000000000e+00,0.000000000000000000e+00,8.276385498046875000e+02,8.276370849609375000e+02,8.276370849609375000e+02,8.276385498046875000e+02,-2.083769938569250703e+07
3.435000000000000053e+00,2.035626963925220301e-01,4.166189884643189401e-01,-1.210188533911323895e-02,-1.127833730329153017e-04,1.805470647174289844e-04,-7.713367381581223703e-06,9.140714406967163086e-01,5.214277744293212891e+00,-4.919415473937988281e+00,-2.035626963925220301e-01,-4.166189884643189401e-01,1.210188533911323895e-02,0.000000000000000000e+00,0.000000000000000000e+00,0.000000000000000000e+00,0.000000000000000000e+00,0.000000000000000000e+00,0.000000000000000000e+00,0.000000000000000000e+00,8.276386108398437500e+02,8.276370849609375000e+02,8.276370849609375000e+02,8.276386108398437500e+02,-2.083769960084811598e+07
3.435999999999999943e+00,2.034500083792299963e-01,4.167995370156700741e-01,-1.210979988373235561e-02,-1.126880132920338173e-04,1.805485513511340123e-04,-7.914544619116656299e-06,9.140764474868774414e-01,5.214298725128173828e+00,-4.919434070587158203e+00,-2.034500083792299963e-01,-4.167995370156700741e-01,1.210979988373235561e-02,0.000000000000000000e+00,0.000000000000000000e+00,0.000000000000000000e+00,0.000000000000000000e+00,0.000000000000000000e+00,0.000000000000000000e+00,0.000000000000000000e+00,8.276386108398437500e+02,8.276370849609375000e+02,8.276370849609375000e+02,8.276386108398437500e+02,-2.083769981610852480e+07
3.436999999999999833e+00,2.033374265193377828e-01,4.169801101116330511e-01,-1.211788434766443955e-02,-1.125818598922134761e-04,1.805730959629769927e-04,-8.084463932083937876e-06,9.140815734863281250e-01,5.214320182800292969e+00,-4.919453620910644531e+00,-2.033374265193377828e-01,-4.169801101116330511e-01,1.211788434766443955e-02,0.000000000000000000e+00,0.000000000000000000e+00,0.000000000000000000e+00,0.000000000000000000e+00,0.000000000000000000e+00,0.000000000000000000e+00,0.000000000000000000e+00,8.276386108398437500e+02,8.276370239257812500e+02,8.276370239257812500e+02,8.276386108398437500e+02,-2.083770003147388995e+07
3.438000000000000167e+00,2.032249519025618179e-01,4.171607363410128055e-01,-1.212610317869946240e-02,-1.124746167759649307e-04,1.806262293797544771e-04,-8.218831035022855502e-06,9.140859842300415039e-01,5.214339733123779297e+00,-4.919472217559814453e+00,-2.032249519025618179e-01,-4.171607363410128055e-01,1.212610317869946240e-02,0.000000000000000000e+00,0.000000000000000000e+00,0.000000000000000000e+00,0.000000000000000000e+00,0.000000000000000000e+00,0.000000000000000000e+00,0.000000000000000000e+00,8.276386108398437500e+02,8.276370239257812500e+02,8.276370239257812500e+02,8.276386108398437500e+02,-2.083770024694439396e+07
3.439000000000000057e+00,2.031126110861243284e-01,4.173414157621133103e-01,-1.213442228944904000e-02,-1.123408164374894991e-04,1.806794211005047224e-04,-8.319110749577598996e-06,9.140913486480712891e-01,5.214363098144531250e+00,-4.919492721557617188e+00,-2.031126110861243284e-01,-4.173414157621133103e-01,1.213442228944904000e-02,0.000000000000000000e+00,0.000000000000000000e+00,0.000000000000000000e+00,0.000000000000000000e+00,0.000000000000000000e+00,0.000000000000000000e+00,0.000000000000000000e+00,8.276386108398437500e+02,8.276370239257812500e+02,8.276370239257812500e+02,8.276386108398437500e+02,-2.083770046252022684e+07
3.439999999999999947e+00,2.030003905929516628e-01,4.175221217605933344e-01,-1.214280489822912486e-02,-1.122204931726655808e-04,1.807059984800241104e-04,-8.382608780084857547e-06,9.140963554382324219e-01,5.214382648468017578e+00,-4.919510364532470703e+00,-2.030003905929516628e-01,-4.175221217605933344e-01,1.214280489822912486e-02,0.000000000000000000e+00,0.000000000000000000e+00,0.000000000000000000e+00,0.000000000000000000e+00,0.000000000000000000e+00,0.000000000000000000e+00,0.000000000000000000e+00,8.276386108398437500e+02,8.276370239257812500e+02,8.276370849609375000e+02,8.276386108398437500e+02,-2.083770067820155621e+07
3.440999999999999837e+00,2.028883169801257436e-01,4.177028810768632638e-01,-1.215121613136284882e-02,-1.120736128259192110e-04,1.807593162699294709e-04,-8.411233133723966526e-06,9.141012430191040039e-01,5.214405059814453125e+00,-4.919530868530273438e+00,-2.028883169801257436e-01,-4.177028810768632638e-01,1.215121613136284882e-02,0.000000000000000000e+00,0.000000000000000000e+00,0.000000000000000000e+00,0.000000000000000000e+00,0.000000000000000000e+00,0.000000000000000000e+00,0.000000000000000000e+00,8.276386108398437500e+02,8.276370849609375000e+02,8.276370849609375000e+02,8.276386108398437500e+02,-2.083770089398857579e+07
3.442000000000000171e+00,2.027763901076156949e-01,4.178836670964420907e-01,-1.215961842210633997e-02,-1.119268725100486250e-04,1.807860195788268953e-04,-8.402290743491150349e-06,9.141063690185546875e-01,5.214425086975097656e+00,-4.919548034667968750e+00,-2.027763901076156949e-01,-4.178836670964420907e-01,1.215961842210633997e-02,0.000000000000000000e+00,0.000000000000000000e+00,0.000000000000000000e+00,0.000000000000000000e+00,0.000000000000000000e+00,0.000000000000000000e+00,0.000000000000000000e+00,8.276385498046875000e+02,8.276370849609375000e+02,8.276370849609375000e+02,8.276385498046875000e+02,-2.083770110988145694e+07
3.443000000000000060e+00,2.026646098482371983e-01,4.180645332459769214e-01,-1.216797517925068475e-02,-1.117802593784966714e-04,1.808661495348307113e-04,-8.356757144344778565e-06,9.141114950180053711e-01,5.214446067810058594e+00,-4.919568538665771484e+00,-2.026646098482371983e-01,-4.180645332459769214e-01,1.216797517925068475e-02,0.000000000000000000e+00,0.000000000000000000e+00,0.000000000000000000e+00,0.000000000000000000e+00,0.000000000000000000e+00,0.000000000000000000e+00,0.000000000000000000e+00,8.276385498046875000e+02,8.276370849609375000e+02,8.276370849609375000e+02,8.276385498046875000e+02,-2.083770132588041574e+07
3.443999999999999950e+00,2.025529760672699353e-01,4.182454262253585964e-01,-1.217625129016353634e-02,-1.116337809672629522e-04,1.808929793816749232e-04,-8.276110912851589174e-06,9.141165018081665039e-01,5.214468955993652344e+00,-4.919588088989257812e+00,-2.025529760672699353e-01,-4.182454262253585964e-01,1.217625129016353634e-02,0.000000000000000000e+00,0.000000000000000000e+00,0.000000000000000000e+00,0.000000000000000000e+00,0.000000000000000000e+00,0.000000000000000000e+00,0.000000000000000000e+00,8.276385498046875000e+02,8.276371459960937500e+02,8.276371459960937500e+02,8.276384887695312500e+02,-2.083770154198561981e+07
3.444999999999999840e+00,2.024415153178577287e-01,4.184263727759001128e-01,-1.218441104756804068e-02,-1.114607494122066278e-04,1.809465505415164266e-04,-8.159757404504336398e-06,9.141213893890380859e-01,5.214490413665771484e+00,-4.919605731964111328e+00,-2.024415153178577287e-01,-4.184263727759001128e-01,1.218441104756804068e-02,0.000000000000000000e+00,0.000000000000000000e+00,0.000000000000000000e+00,0.000000000000000000e+00,0.000000000000000000e+00,0.000000000000000000e+00,0.000000000000000000e+00,8.276384887695312500e+02,8.276372070312500000e+02,8.276372070312500000e+02,8.276384887695312500e+02,-2.083770175819727778e+07
3.446000000000000174e+00,2.023302141279436084e-01,4.186073729618517425e-01,-1.219241855090076945e-02,-1.113011899141203020e-04,1.810001859516296996e-04,-8.007503332728774237e-06,9.141263961791992188e-01,5.214509487152099609e+00,-4.919624805450439453e+00,-2.023302141279436084e-01,-4.186073729618517425e-01,1.219241855090076945e-02,0.000000000000000000e+00,0.000000000000000000e+00,0.000000000000000000e+00,0.000000000000000000e+00,0.000000000000000000e+00,0.000000000000000000e+00,0.000000000000000000e+00,8.276384277343750000e+02,8.276372070312500000e+02,8.276372070312500000e+02,8.276384277343750000e+02,-2.083770197451557964e+07
3.447000000000000064e+00,2.022190723843790283e-01,4.187884535195594560e-01,-1.220024216427679185e-02,-1.111417435645800644e-04,1.810805577077134743e-04,-7.823613376022400812e-06,9.141317605972290039e-01,5.214529514312744141e+00,-4.919644832611083984e+00,-2.022190723843790283e-01,-4.187884535195594560e-01,1.220024216427679185e-02,0.000000000000000000e+00,0.000000000000000000e+00,0.000000000000000000e+00,0.000000000000000000e+00,0.000000000000000000e+00,0.000000000000000000e+00,0.000000000000000000e+00,8.276384277343750000e+02,8.276372680664062500e+02,8.276372680664062500e+02,8.276383666992187500e+02,-2.083770219094074890e+07
3.447999999999999954e+00,2.021080899576486178e-01,4.189695611454299917e-01,-1.220784844288073587e-02,-1.109824267304104772e-04,1.811076258705357489e-04,-7.606278603944013894e-06,9.141366481781005859e-01,5.214552402496337891e+00,-4.919663906097412109e+00,-2.021080899576486178e-01,-4.189695611454299917e-01,1.220784844288073587e-02,0.000000000000000000e+00,0.000000000000000000e+00,0.000000000000000000e+00,0.000000000000000000e+00,0.000000000000000000e+00,0.000000000000000000e+00,0.000000000000000000e+00,8.276383666992187500e+02,8.276373291015625000e+02,8.276373291015625000e+02,8.276383666992187500e+02,-2.083770240747295320e+07
3.448999999999999844e+00,2.019972800808358115e-01,4.191507225712863827e-01,-1.221520746720517955e-02,-1.108098768128062961e-04,1.811614258563909452e-04,-7.359024324443685927e-06,9.141418933868408203e-01,5.214574813842773438e+00,-4.919682502746582031e+00,-2.019972800808358115e-01,-4.191507225712863827e-01,1.221520746720517955e-02,0.000000000000000000e+00,0.000000000000000000e+00,0.000000000000000000e+00,0.000000000000000000e+00,0.000000000000000000e+00,0.000000000000000000e+00,0.000000000000000000e+00,8.276383056640625000e+02,8.276373901367187500e+02,8.276373901367187500e+02,8.276383056640625000e+02,-2.083770262411239371e+07
3.450000000000000178e+00,2.018866159648998460e-01,4.193319378504571926e-01,-1.222228995800197365e-02,-1.106641159359655902e-04,1.812152791708099286e-04,-7.082490796794099763e-06,9.141470193862915039e-01,5.214596271514892578e+00,-4.919702529907226562e+00,-2.018866159648998460e-01,-4.193319378504571926e-01,1.222228995800197365e-02,0.000000000000000000e+00,0.000000000000000000e+00,0.000000000000000000e+00,0.000000000000000000e+00,0.000000000000000000e+00,0.000000000000000000e+00,0.000000000000000000e+00,8.276382446289062500e+02,8.276374511718750000e+02,8.276374511718750000e+02,8.276382446289062500e+02,-2.083770284085925668e+07
3.451000000000000068e+00,2.017760988335325079e-01,4.195132087004094790e-01,-1.222906947961087225e-02,-1.105171313673380951e-04,1.812708499522863725e-04,-6.779521608898594898e-06,9.141517877578735352e-01,5.214617729187011719e+00,-4.919721603393554688e+00,-2.017760988335325079e-01,-4.195132087004094790e-01,1.222906947961087225e-02,0.000000000000000000e+00,0.000000000000000000e+00,0.000000000000000000e+00,0.000000000000000000e+00,0.000000000000000000e+00,0.000000000000000000e+00,0.000000000000000000e+00,8.276381835937500000e+02,8.276375122070312500e+02,8.276375122070312500e+02,8.276381835937500000e+02,-2.083770305771373212e+07
3.451999999999999957e+00,2.016657393046298319e-01,4.196945318050648299e-01,-1.223552307951297595e-02,-1.103595289026759740e-04,1.813231046553509529e-04,-6.453599902103701602e-06,9.141569137573242188e-01,5.214638233184814453e+00,-4.919740200042724609e+00,-2.016657393046298319e-01,-4.196945318050648299e-01,1.223552307951297595e-02,0.000000000000000000e+00,0.000000000000000000e+00,0.000000000000000000e+00,0.000000000000000000e+00,0.000000000000000000e+00,0.000000000000000000e+00,0.000000000000000000e+00,8.276381225585937500e+02,8.276375732421875000e+02,8.276375732421875000e+02,8.276381225585937500e+02,-2.083770327467601001e+07
3.452999999999999847e+00,2.015555252635938543e-01,4.198759088894441494e-01,-1.224162677497567416e-02,-1.102140410359775391e-04,1.813770843793194310e-04,-6.103695462698205398e-06,9.141622781753540039e-01,5.214660167694091797e+00,-4.919760227203369141e+00,-2.015555252635938543e-01,-4.198759088894441494e-01,1.224162677497567416e-02,0.000000000000000000e+00,0.000000000000000000e+00,0.000000000000000000e+00,0.000000000000000000e+00,0.000000000000000000e+00,0.000000000000000000e+00,0.000000000000000000e+00,8.276380615234375000e+02,8.276376342773437500e+02,8.276376342773437500e+02,8.276380615234375000e+02,-2.083770349174627662e+07
3.454000000000000181e+00,2.014454566442753780e-01,4.200573133009041227e-01,-1.224736384400597344e-02,-1.100686193184763351e-04,1.814044114599733248e-04,-5.737069030299288275e-06,9.141674041748046875e-01,5.214681148529052734e+00,-4.919780731201171875e+00,-2.014454566442753780e-01,-4.200573133009041227e-01,1.224736384400597344e-02,0.000000000000000000e+00,0.000000000000000000e+00,0.000000000000000000e+00,0.000000000000000000e+00,0.000000000000000000e+00,0.000000000000000000e+00,0.000000000000000000e+00,8.276380004882812500e+02,8.276376953125000000e+02,8.276376953125000000e+02,8.276380004882812500e+02,-2.083770370892469212e+07
3.455000000000000071e+00,2.013355066968897655e-01,4.202387717556587687e-01,-1.225271505934243284e-02,-1.099499473856124787e-04,1.814584547546460591e-04,-5.351215336459394512e-06,9.141725301742553711e-01,5.214703559875488281e+00,-4.919799327850341797e+00,-2.013355066968897655e-01,-4.202387717556587687e-01,1.225271505934243284e-02,0.000000000000000000e+00,0.000000000000000000e+00,0.000000000000000000e+00,0.000000000000000000e+00,0.000000000000000000e+00,0.000000000000000000e+00,0.000000000000000000e+00,8.276379394531250000e+02,8.276377563476562500e+02,8.276377563476562500e+02,8.276379394531250000e+02,-2.083770392621143162e+07
3.455999999999999961e+00,2.012256753767839856e-01,4.204202842730780931e-01,-1.225766874847088184e-02,-1.098313201057798949e-04,1.815125174193243929e-04,-4.953689128448998669e-06,9.141777753829956055e-01,5.214726448059082031e+00,-4.919819355010986328e+00,-2.012256753767839856e-01,-4.204202842730780931e-01,1.225766874847088184e-02,0.000000000000000000e+00,0.000000000000000000e+00,0.000000000000000000e+00,0.000000000000000000e+00,0.000000000000000000e+00,0.000000000000000000e+00,0.000000000000000000e+00,8.276378784179687500e+02,8.276378173828125000e+02,8.276378173828125000e+02,8.276378173828125000e+02,-2.083770414360667020e+07
3.456999999999999851e+00,2.011159492953150107e-01,4.206018241929075363e-01,-1.226221314304991837e-02,-1.097260814689748898e-04,1.815399198294431748e-04,-4.544394579036534210e-06,9.141831398010253906e-01,5.214747428894042969e+00,-4.919839859008789062e+00,-2.011159492953150107e-01,-4.206018241929075363e-01,1.226221314304991837e-02,0.000000000000000000e+00,0.000000000000000000e+00,0.000000000000000000e+00,0.000000000000000000e+00,0.000000000000000000e+00,0.000000000000000000e+00,0.000000000000000000e+00,8.276377563476562500e+02,8.276378784179687500e+02,8.276378784179687500e+02,8.276377563476562500e+02,-2.083770436111055315e+07
3.458000000000000185e+00,2.010063284263570171e-01,4.207834182080462671e-01,-1.226634078630428268e-02,-1.096208689579936113e-04,1.815940151387307466e-04,-4.127643254364307679e-06,9.141881465911865234e-01,5.214769363403320312e+00,-4.919857501983642578e+00,-2.010063284263570171e-01,-4.207834182080462671e-01,1.226634078630428268e-02,0.000000000000000000e+00,0.000000000000000000e+00,0.000000000000000000e+00,0.000000000000000000e+00,0.000000000000000000e+00,0.000000000000000000e+00,0.000000000000000000e+00,8.276376953125000000e+02,8.276379394531250000e+02,8.276379394531250000e+02,8.276376953125000000e+02,-2.083770457872324437e+07
3.459000000000000075e+00,2.008967994083928343e-01,4.209650129626284487e-01,-1.227004820081848205e-02,-1.095290179641827955e-04,1.815947545821816611e-04,-3.707414514199369737e-06,9.141929149627685547e-01,5.214790344238281250e+00,-4.919878482818603516e+00,-2.008967994083928343e-01,-4.209650129626284487e-01,1.227004820081848205e-02,0.000000000000000000e+00,0.000000000000000000e+00,0.000000000000000000e+00,0.000000000000000000e+00,0.000000000000000000e+00,0.000000000000000000e+00,0.000000000000000000e+00,8.276376342773437500e+02,8.276380004882812500e+02,8.276380004882812500e+02,8.276376342773437500e+02,-2.083770479644486308e+07
3.459999999999999964e+00,2.007873355558885686e-01,4.211466618243612792e-01,-1.227333288117096396e-02,-1.094638525042657129e-04,1.816488617328304578e-04,-3.284680352481916810e-06,9.141983985900878906e-01,5.214812278747558594e+00,-4.919897079467773438e+00,-2.007873355558885686e-01,-4.211466618243612792e-01,1.227333288117096396e-02,0.000000000000000000e+00,0.000000000000000000e+00,0.000000000000000000e+00,0.000000000000000000e+00,0.000000000000000000e+00,0.000000000000000000e+00,0.000000000000000000e+00,8.276375732421875000e+02,8.276380615234375000e+02,8.276380615234375000e+02,8.276375732421875000e+02,-2.083770501427556202e+07
3.460999999999999854e+00,2.006779368723533019e-01,4.213283114243398519e-01,-1.227619806909972452e-02,-1.093986835352667164e-04,1.816495999785727733e-04,-2.865187928760559721e-06,9.142041206359863281e-01,5.214835643768310547e+00,-4.919917583465576172e+00,-2.006779368723533019e-01,-4.213283114243398519e-01,1.227619806909972452e-02,0.000000000000000000e+00,0.000000000000000000e+00,0.000000000000000000e+00,0.000000000000000000e+00,0.000000000000000000e+00,0.000000000000000000e+00,0.000000000000000000e+00,8.276375122070312500e+02,8.276381225585937500e+02,8.276381225585937500e+02,8.276375122070312500e+02,-2.083770523221544921e+07
3.462000000000000188e+00,2.005685766903440859e-01,4.215099884391378948e-01,-1.227864704859195702e-02,-1.093601820092160448e-04,1.816770147980428796e-04,-2.448979492232494781e-06,9.142088890075683594e-01,5.214856624603271484e+00,-4.919937133789062500e+00,-2.005685766903440859e-01,-4.215099884391378948e-01,1.227864704859195702e-02,0.000000000000000000e+00,0.000000000000000000e+00,0.000000000000000000e+00,0.000000000000000000e+00,0.000000000000000000e+00,0.000000000000000000e+00,0.000000000000000000e+00,8.276374511718750000e+02,8.276381835937500000e+02,8.276381835937500000e+02,8.276374511718750000e+02,-2.083770545026464015e+07
3.463000000000000078e+00,2.004592550351913527e-01,4.216916661720544468e-01,-1.228068811081724568e-02,-1.093216551527331770e-04,1.816777329165519816e-04,-2.041062225288658993e-06,9.142142534255981445e-01,5.214878559112548828e+00,-4.919957637786865234e+00,-2.004592550351913527e-01,-4.216916661720544468e-01,1.228068811081724568e-02,0.000000000000000000e+00,0.000000000000000000e+00,0.000000000000000000e+00,0.000000000000000000e+00,0.000000000000000000e+00,0.000000000000000000e+00,0.000000000000000000e+00,8.276373901367187500e+02,8.276382446289062500e+02,8.276382446289062500e+02,8.276373901367187500e+02,-2.083770566842322797e+07
3.463999999999999968e+00,2.003499586168991098e-01,4.218733712808757641e-01,-1.228233459396597949e-02,-1.092964182922429028e-04,1.817051088213172960e-04,-1.646483148733807189e-06,9.142197370529174805e-01,5.214900016784667969e+00,-4.919976711273193359e+00,-2.003499586168991098e-01,-4.218733712808757641e-01,1.228233459396597949e-02,0.000000000000000000e+00,0.000000000000000000e+00,0.000000000000000000e+00,0.000000000000000000e+00,0.000000000000000000e+00,0.000000000000000000e+00,0.000000000000000000e+00,8.276373291015625000e+02,8.276383056640625000e+02,8.276383056640625000e+02,8.276373291015625000e+02,-2.083770588669133186e+07
3.464999999999999858e+00,2.002406741326635264e-01,4.220550770644974636e-01,-1.228359807517596762e-02,-1.092844842355833457e-04,1.817057836216995348e-04,-1.263481209988134846e-06,9.142249822616577148e-01,5.214923858642578125e+00,-4.919996738433837891e+00,-2.002406741326635264e-01,-4.220550770644974636e-01,1.228359807517596762e-02,0.000000000000000000e+00,0.000000000000000000e+00,0.000000000000000000e+00,0.000000000000000000e+00,0.000000000000000000e+00,0.000000000000000000e+00,0.000000000000000000e+00,8.276372680664062500e+02,8.276383666992187500e+02,8.276383666992187500e+02,8.276372680664062500e+02,-2.083770610506903380e+07
3.466000000000000192e+00,2.001313630409358446e-01,4.222367583233462285e-01,-1.228449611103486251e-02,-1.093110917276818306e-04,1.816812588487648483e-04,-8.980358588948911258e-07,9.142298698425292969e-01,5.214944362640380859e+00,-4.920017242431640625e+00,-2.001313630409358446e-01,-4.222367583233462285e-01,1.228449611103486251e-02,0.000000000000000000e+00,0.000000000000000000e+00,0.000000000000000000e+00,0.000000000000000000e+00,0.000000000000000000e+00,0.000000000000000000e+00,0.000000000000000000e+00,8.276372680664062500e+02,8.276384277343750000e+02,8.276384277343750000e+02,8.276372070312500000e+02,-2.083770632355638593e+07
3.467000000000000082e+00,2.000220359290949268e-01,4.224184653517078503e-01,-1.228504920569859112e-02,-1.093271118409178122e-04,1.817070283616217807e-04,-5.530946637286038303e-07,9.142353534698486328e-01,5.214967727661132812e+00,-4.920037269592285156e+00,-2.000220359290949268e-01,-4.224184653517078503e-01,1.228504920569859112e-02,0.000000000000000000e+00,0.000000000000000000e+00,0.000000000000000000e+00,0.000000000000000000e+00,0.000000000000000000e+00,0.000000000000000000e+00,0.000000000000000000e+00,8.276372070312500000e+02,8.276384887695312500e+02,8.276384887695312500e+02,8.276372070312500000e+02,-2.083770654215348139e+07
3.467999999999999972e+00,1.999126809457783815e-01,4.226001729510227012e-01,-1.228527918283771163e-02,-1.093549833165452512e-04,1.817075993148509205e-04,-2.299771391205129856e-07,9.142408370971679688e-01,5.214989662170410156e+00,-4.920057296752929688e+00,-1.999126809457783815e-01,-4.226001729510227012e-01,1.228527918283771163e-02,0.000000000000000000e+00,0.000000000000000000e+00,0.000000000000000000e+00,0.000000000000000000e+00,0.000000000000000000e+00,0.000000000000000000e+00,0.000000000000000000e+00,8.276371459960937500e+02,8.276384887695312500e+02,8.276384887695312500e+02,8.276371459960937500e+02,-2.083770676086039469e+07
3.468999999999999861e+00,1.998032848375162762e-01,4.227818277147957771e-01,-1.228521174712651071e-02,-1.093961082621053293e-04,1.816547637730758780e-04,6.743571120092217708e-08,9.142459630966186523e-01,5.215012550354003906e+00,-4.920075893402099609e+00,-1.998032848375162762e-01,-4.227818277147957771e-01,1.228521174712651071e-02,0.000000000000000000e+00,0.000000000000000000e+00,0.000000000000000000e+00,0.000000000000000000e+00,0.000000000000000000e+00,0.000000000000000000e+00,0.000000000000000000e+00,8.276371459960937500e+02,8.276385498046875000e+02,8.276385498046875000e+02,8.276371459960937500e+02,-2.083770697967714816e+07
3.470000000000000195e+00,1.996938210273324632e-01,4.229635096426235252e-01,-1.228487278675496723e-02,-1.094638101838130151e-04,1.816819278277481686e-04,3.389603715434758024e-07,9.142516851425170898e-01,5.215034484863281250e+00,-4.920098304748535156e+00,-1.996938210273324632e-01,-4.229635096426235252e-01,1.228487278675496723e-02,0.000000000000000000e+00,0.000000000000000000e+00,0.000000000000000000e+00,0.000000000000000000e+00,0.000000000000000000e+00,0.000000000000000000e+00,0.000000000000000000e+00,8.276370849609375000e+02,8.276385498046875000e+02,8.276385498046875000e+02,8.276370849609375000e+02,-2.083770719860382006e+07
3.471000000000000085e+00,1.995842762679448656e-01,4.231451386429191386e-01,-1.228429046103047574e-02,-1.095447593875975567e-04,1.816290002956133520e-04,5.823257244914892272e-07,9.142568111419677734e-01,5.215056419372558594e+00,-4.920117378234863281e+00,-1.995842762679448656e-01,-4.231451386429191386e-01,1.228429046103047574e-02,0.000000000000000000e+00,0.000000000000000000e+00,0.000000000000000000e+00,0.000000000000000000e+00,0.000000000000000000e+00,0.000000000000000000e+00,0.000000000000000000e+00,8.276370849609375000e+02,8.276386108398437500e+02,8.276386108398437500e+02,8.276370849609375000e+02,-2.083770741764041409e+07
3.471999999999999975e+00,1.994746506817002829e-01,4.233267413393241863e-01,-1.228349733357133808e-02,-1.096255862445827400e-04,1.816026964050476700e-04,7.931274591376630267e-07,9.142620563507080078e-01,5.215078353881835938e+00,-4.920136451721191406e+00,-1.994746506817002829e-01,-4.233267413393241863e-01,1.228349733357133808e-02,0.000000000000000000e+00,0.000000000000000000e+00,0.000000000000000000e+00,0.000000000000000000e+00,0.000000000000000000e+00,0.000000000000000000e+00,0.000000000000000000e+00,8.276370849609375000e+02,8.276386108398437500e+02,8.276386108398437500e+02,8.276370239257812500e+02,-2.083770763678696379e+07
3.472999999999999865e+00,1.993649177036009579e-01,4.235083176788119186e-01,-1.228252498905393723e-02,-1.097329780993250292e-04,1.815763394877323300e-04,9.723445174008443770e-07,9.142671823501586914e-01,5.215101242065429688e+00,-4.920157432556152344e+00,-1.993649177036009579e-01,-4.235083176788119186e-01,1.228252498905393723e-02,0.000000000000000000e+00,0.000000000000000000e+00,0.000000000000000000e+00,0.000000000000000000e+00,0.000000000000000000e+00,0.000000000000000000e+00,0.000000000000000000e+00,8.276370239257812500e+02,8.276386108398437500e+02,8.276386108398437500e+02,8.276370239257812500e+02,-2.083770785604349151e+07
3.474000000000000199e+00,1.992550774591917984e-01,4.236898676014388965e-01,-1.228140761198145449e-02,-1.098402444091595154e-04,1.815499226269778887e-04,1.117377072482744760e-06,9.142729043960571289e-01,5.215124130249023438e+00,-4.920176982879638672e+00,-1.992550774591917984e-01,-4.236898676014388965e-01,1.228140761198145449e-02,0.000000000000000000e+00,0.000000000000000000e+00,0.000000000000000000e+00,0.000000000000000000e+00,0.000000000000000000e+00,0.000000000000000000e+00,0.000000000000000000e+00,8.276370239257812500e+02,8.276386108398437500e+02,8.276386108398437500e+02,8.276370239257812500e+02,-2.083770807541001588e+07
3.475000000000000089e+00,1.991451300711502836e-01,4.238713910488406400e-01,-1.228017855308122762e-02,-1.099473880415147153e-04,1.815234474017435318e-04,1.229058900226870366e-06,9.142781496047973633e-01,5.215146541595458984e+00,-4.920197486877441406e+00,-1.991451300711502836e-01,-4.238713910488406400e-01,1.228017855308122762e-02,0.000000000000000000e+00,0.000000000000000000e+00,0.000000000000000000e+00,0.000000000000000000e+00,0.000000000000000000e+00,0.000000000000000000e+00,0.000000000000000000e+00,8.276370239257812500e+02,8.276386108398437500e+02,8.276386108398437500e+02,8.276370239257812500e+02,-2.083770829488655925e+07
3.475999999999999979e+00,1.990350489933245537e-01,4.240528612772935801e-01,-1.227887518686603813e-02,-1.100810778257299560e-04,1.814702284529401410e-04,1.303366215189491473e-06,9.142831563949584961e-01,5.215166568756103516e+00,-4.920216560363769531e+00,-1.990350489933245537e-01,-4.240528612772935801e-01,1.227887518686603813e-02,0.000000000000000000e+00,0.000000000000000000e+00,0.000000000000000000e+00,0.000000000000000000e+00,0.000000000000000000e+00,0.000000000000000000e+00,0.000000000000000000e+00,8.276370239257812500e+02,8.276386108398437500e+02,8.276386108398437500e+02,8.276370239257812500e+02,-2.083770851447311044e+07
3.476999999999999869e+00,1.989248210144604623e-01,4.242342782271465995e-01,-1.227753248218772276e-02,-1.102279788640914138e-04,1.814169498530193714e-04,1.342704678315362332e-06,9.142886400222778320e-01,5.215189933776855469e+00,-4.920237541198730469e+00,-1.989248210144604623e-01,-4.242342782271465995e-01,1.227753248218772276e-02,0.000000000000000000e+00,0.000000000000000000e+00,0.000000000000000000e+00,0.000000000000000000e+00,0.000000000000000000e+00,0.000000000000000000e+00,0.000000000000000000e+00,8.276370849609375000e+02,8.276386108398437500e+02,8.276386108398437500e+02,8.276370239257812500e+02,-2.083770873416965455e+07
3.478000000000000203e+00,1.988144596138859688e-01,4.244156418318572044e-01,-1.227618800797935540e-02,-1.103614005744935067e-04,1.813636047106048643e-04,1.344474208367363310e-06,9.142940044403076172e-01,5.215212821960449219e+00,-4.920258045196533203e+00,-1.988144596138859688e-01,-4.244156418318572044e-01,1.227618800797935540e-02,0.000000000000000000e+00,0.000000000000000000e+00,0.000000000000000000e+00,0.000000000000000000e+00,0.000000000000000000e+00,0.000000000000000000e+00,0.000000000000000000e+00,8.276370849609375000e+02,8.276386108398437500e+02,8.276386108398437500e+02,8.276370849609375000e+02,-2.083770895397618413e+07
3.479000000000000092e+00,1.987039382436259771e-01,4.245969787143302754e-01,-1.227487672992188042e-02,-1.105213702599916470e-04,1.813368824730710038e-04,1.311278057474982162e-06,9.142992496490478516e-01,5.215234279632568359e+00,-4.920276641845703125e+00,-1.987039382436259771e-01,-4.245969787143302754e-01,1.227487672992188042e-02,0.000000000000000000e+00,0.000000000000000000e+00,0.000000000000000000e+00,0.000000000000000000e+00,0.000000000000000000e+00,0.000000000000000000e+00,0.000000000000000000e+00,8.276370849609375000e+02,8.276385498046875000e+02,8.276385498046875000e+02,8.276370849609375000e+02,-2.083770917389270663e+07
3.479999999999999982e+00,1.985932585455622290e-01,4.247782368067458125e-01,-1.227363548288653433e-02,-1.106796980637481109e-04,1.812580924155371420e-04,1.241247035346088046e-06,9.143050909042358398e-01,5.215256214141845703e+00,-4.920297622680664062e+00,-1.985932585455622290e-01,-4.247782368067458125e-01,1.227363548288653433e-02,0.000000000000000000e+00,0.000000000000000000e+00,0.000000000000000000e+00,0.000000000000000000e+00,0.000000000000000000e+00,0.000000000000000000e+00,0.000000000000000000e+00,8.276371459960937500e+02,8.276385498046875000e+02,8.276385498046875000e+02,8.276371459960937500e+02,-2.083770939391918108e+07
3.480999999999999872e+00,1.984824309850281021e-01,4.249594666804528686e-01,-1.227250061105388847e-02,-1.108275605341269010e-04,1.812298737070561216e-04,1.134871832645864553e-06,9.143100976943969727e-01,5.215278625488281250e+00,-4.920316219329833984e+00,-1.984824309850281021e-01,-4.249594666804528686e-01,1.227250061105388847e-02,0.000000000000000000e+00,0.000000000000000000e+00,0.000000000000000000e+00,0.000000000000000000e+00,0.000000000000000000e+00,0.000000000000000000e+00,0.000000000000000000e+00,8.276371459960937500e+02,8.276384887695312500e+02,8.276384887695312500e+02,8.276371459960937500e+02,-2.083770961405561864e+07
3.482000000000000206e+00,1.983714438513145828e-01,4.251406429653284413e-01,-1.227150644478872295e-02,-1.109871337135193148e-04,1.811762848755726907e-04,9.941662651655192029e-07,9.143154621124267578e-01,5.215301513671875000e+00,-4.920338153839111328e+00,-1.983714438513145828e-01,-4.251406429653284413e-01,1.227150644478872295e-02,0.000000000000000000e+00,0.000000000000000000e+00,0.000000000000000000e+00,0.000000000000000000e+00,0.000000000000000000e+00,0.000000000000000000e+00,0.000000000000000000e+00,8.276372070312500000e+02,8.276384887695312500e+02,8.276384887695312500e+02,8.276372070312500000e+02,-2.083770983430200443e+07
3.483000000000000096e+00,1.982602972719723078e-01,4.253217656026469506e-01,-1.227068716844830105e-02,-1.111465793422750092e-04,1.811226373185093053e-04,8.192763404218927903e-07,9.143203496932983398e-01,5.215322494506835938e+00,-4.920356750488281250e+00,-1.982602972719723078e-01,-4.253217656026469506e-01,1.227068716844830105e-02,0.000000000000000000e+00,0.000000000000000000e+00,0.000000000000000000e+00,0.000000000000000000e+00,0.000000000000000000e+00,0.000000000000000000e+00,0.000000000000000000e+00,8.276372680664062500e+02,8.276384277343750000e+02,8.276384277343750000e+02,8.276372680664062500e+02,-2.083771005465832353e+07
3.483999999999999986e+00,1.981489780215592300e-01,4.255028078585464391e-01,-1.227007436934894266e-02,-1.113192504130777749e-04,1.810422558994884135e-04,6.127990993583937174e-07,9.143259525299072266e-01,5.215344905853271484e+00,-4.920377254486083984e+00,-1.981489780215592300e-01,-4.255028078585464391e-01,1.227007436934894266e-02,0.000000000000000000e+00,0.000000000000000000e+00,0.000000000000000000e+00,0.000000000000000000e+00,0.000000000000000000e+00,0.000000000000000000e+00,0.000000000000000000e+00,8.276372680664062500e+02,8.276383666992187500e+02,8.276383666992187500e+02,8.276372680664062500e+02,-2.083771027512453496e+07
3.484999999999999876e+00,1.980375129065919115e-01,4.256838230380743382e-01,-1.226969992193508927e-02,-1.114651149673184793e-04,1.810151795278991393e-04,3.744474138533959717e-07,9.143310785293579102e-01,5.215366840362548828e+00,-4.920397281646728516e+00,-1.980375129065919115e-01,-4.256838230380743382e-01,1.226969992193508927e-02,0.000000000000000000e+00,0.000000000000000000e+00,0.000000000000000000e+00,0.000000000000000000e+00,0.000000000000000000e+00,0.000000000000000000e+00,0.000000000000000000e+00,8.276373291015625000e+02,8.276383056640625000e+02,8.276383056640625000e+02,8.276373291015625000e+02,-2.083771049570065364e+07
3.486000000000000210e+00,1.979258753521821179e-01,4.258647844132813498e-01,-1.226959286260615248e-02,-1.116375544097936157e-04,1.809613752070116099e-04,1.070593289367871570e-07,9.143362045288085938e-01,5.215389728546142578e+00,-4.920415878295898438e+00,-1.979258753521821179e-01,-4.258647844132813498e-01,1.226959286260615248e-02,0.000000000000000000e+00,0.000000000000000000e+00,0.000000000000000000e+00,0.000000000000000000e+00,0.000000000000000000e+00,0.000000000000000000e+00,0.000000000000000000e+00,8.276373901367187500e+02,8.276382446289062500e+02,8.276382446289062500e+02,8.276373901367187500e+02,-2.083771071638666466e+07
3.487000000000000099e+00,1.978140921398918728e-01,4.260456919362170525e-01,-1.226977997085945682e-02,-1.117832122902451264e-04,1.809075229357026693e-04,-1.871082533043411100e-07,9.143418073654174805e-01,5.215411186218261719e+00,-4.920436859130859375e+00,-1.978140921398918728e-01,-4.260456919362170525e-01,1.226977997085945682e-02,0.000000000000000000e+00,0.000000000000000000e+00,0.000000000000000000e+00,0.000000000000000000e+00,0.000000000000000000e+00,0.000000000000000000e+00,0.000000000000000000e+00,8.276374511718750000e+02,8.276381835937500000e+02,8.276381835937500000e+02,8.276374511718750000e+02,-2.083771093718256056e+07
3.487999999999999989e+00,1.977021500236009754e-01,4.262265455659424163e-01,-1.227028620993608592e-02,-1.119421162908973422e-04,1.808536297253637848e-04,-5.062390766290975064e-07,9.143469333648681641e-01,5.215432643890380859e+00,-4.920455455780029297e+00,-1.977021500236009754e-01,-4.262265455659424163e-01,1.227028620993608592e-02,0.000000000000000000e+00,0.000000000000000000e+00,0.000000000000000000e+00,0.000000000000000000e+00,0.000000000000000000e+00,0.000000000000000000e+00,0.000000000000000000e+00,8.276375122070312500e+02,8.276381225585937500e+02,8.276381225585937500e+02,8.276375122070312500e+02,-2.083771115808833018e+07
3.488999999999999879e+00,1.975900624260341076e-01,4.264073452646822138e-01,-1.227113330716599754e-02,-1.120875975668678137e-04,1.807996987397975097e-04,-8.470972299116225068e-07,9.143519401550292969e-01,5.215455055236816406e+00,-4.920473575592041016e+00,-1.975900624260341076e-01,-4.264073452646822138e-01,1.227113330716599754e-02,0.000000000000000000e+00,0.000000000000000000e+00,0.000000000000000000e+00,0.000000000000000000e+00,0.000000000000000000e+00,0.000000000000000000e+00,0.000000000000000000e+00,8.276375732421875000e+02,8.276380615234375000e+02,8.276380615234375000e+02,8.276375732421875000e+02,-2.083771137910396606e+07
3.490000000000000213e+00,1.974778427734237563e-01,4.265881176756903259e-01,-1.227234303597753845e-02,-1.122196526103513836e-04,1.807724110081121438e-04,-1.209728811540911053e-06,9.143574237823486328e-01,5.215476989746093750e+00,-4.920495986938476562e+00,-1.974778427734237563e-01,-4.265881176756903259e-01,1.227234303597753845e-02,0.000000000000000000e+00,0.000000000000000000e+00,0.000000000000000000e+00,0.000000000000000000e+00,0.000000000000000000e+00,0.000000000000000000e+00,0.000000000000000000e+00,8.276376342773437500e+02,8.276380004882812500e+02,8.276380004882812500e+02,8.276376342773437500e+02,-2.083771160022949800e+07
3.491000000000000103e+00,1.973654911200044271e-01,4.267688360932538894e-01,-1.227393035788810170e-02,-1.123516534193291783e-04,1.807184175635634382e-04,-1.587321910563252447e-06,9.143625497817993164e-01,5.215498924255371094e+00,-4.920515537261962891e+00,-1.973654911200044271e-01,-4.267688360932538894e-01,1.227393035788810170e-02,0.000000000000000000e+00,0.000000000000000000e+00,0.000000000000000000e+00,0.000000000000000000e+00,0.000000000000000000e+00,0.000000000000000000e+00,0.000000000000000000e+00,8.276376953125000000e+02,8.276379394531250000e+02,8.276379394531250000e+02,8.276376953125000000e+02,-2.083771182146492228e+07
3.491999999999999993e+00,1.972530075296884400e-01,4.269495004897926327e-01,-1.227591194803976868e-02,-1.124835903159870920e-04,1.806643965387433326e-04,-1.981590151666975941e-06,9.143674373626708984e-01,5.215520858764648438e+00,-4.920532703399658203e+00,-1.972530075296884400e-01,-4.269495004897926327e-01,1.227591194803976868e-02,0.000000000000000000e+00,0.000000000000000000e+00,0.000000000000000000e+00,0.000000000000000000e+00,0.000000000000000000e+00,0.000000000000000000e+00,0.000000000000000000e+00,8.276378173828125000e+02,8.276378784179687500e+02,8.276378784179687500e+02,8.276377563476562500e+02,-2.083771204281024635e+07
3.492999999999999883e+00,1.971404187229936766e-01,4.271301375289569546e-01,-1.227829712295054436e-02,-1.125888066947633437e-04,1.806370391643219442e-04,-2.385174910775680890e-06,9.143728017807006836e-01,5.215540885925292969e+00,-4.920552730560302734e+00,-1.971404187229936766e-01,-4.271301375289569546e-01,1.227829712295054436e-02,0.000000000000000000e+00,0.000000000000000000e+00,0.000000000000000000e+00,0.000000000000000000e+00,0.000000000000000000e+00,0.000000000000000000e+00,0.000000000000000000e+00,8.276378784179687500e+02,8.276378173828125000e+02,8.276378173828125000e+02,8.276378784179687500e+02,-2.083771226426550373e+07
3.494000000000000217e+00,1.970277263351039587e-01,4.273106950408853133e-01,-1.228109520318828272e-02,-1.126923878897179154e-04,1.805575119283586716e-04,-2.798080237738365117e-06,9.143780469894409180e-01,5.215562820434570312e+00,-4.920574188232421875e+00,-1.970277263351039587e-01,-4.273106950408853133e-01,1.228109520318828272e-02,0.000000000000000000e+00,0.000000000000000000e+00,0.000000000000000000e+00,0.000000000000000000e+00,0.000000000000000000e+00,0.000000000000000000e+00,0.000000000000000000e+00,8.276379394531250000e+02,8.276377563476562500e+02,8.276377563476562500e+02,8.276379394531250000e+02,-2.083771248583068326e+07
3.495000000000000107e+00,1.969149538729216276e-01,4.274912506344045182e-01,-1.228431094576081656e-02,-1.127724621823311679e-04,1.805555935192049155e-04,-3.215742572533833443e-06,9.143829345703125000e-01,5.215584754943847656e+00,-4.920590400695800781e+00,-1.969149538729216276e-01,-4.274912506344045182e-01,1.228431094576081656e-02,0.000000000000000000e+00,0.000000000000000000e+00,0.000000000000000000e+00,0.000000000000000000e+00,0.000000000000000000e+00,0.000000000000000000e+00,0.000000000000000000e+00,8.276380004882812500e+02,8.276376953125000000e+02,8.276376953125000000e+02,8.276380004882812500e+02,-2.083771270750585571e+07
3.495999999999999996e+00,1.968020896094187511e-01,4.276718055237327953e-01,-1.228794787702940094e-02,-1.128642635028764829e-04,1.805548893282771239e-04,-3.636931268584386867e-06,9.143881797790527344e-01,5.215604305267333984e+00,-4.920611381530761719e+00,-1.968020896094187511e-01,-4.276718055237327953e-01,1.228794787702940094e-02,0.000000000000000000e+00,0.000000000000000000e+00,0.000000000000000000e+00,0.000000000000000000e+00,0.000000000000000000e+00,0.000000000000000000e+00,0.000000000000000000e+00,8.276380615234375000e+02,8.276375732421875000e+02,8.276376342773437500e+02,8.276380615234375000e+02,-2.083771292929108441e+07
3.496999999999999886e+00,1.966891735521438811e-01,4.278523063484948041e-01,-1.229200355302403555e-02,-1.129160572748699742e-04,1.805008247620087936e-04,-4.055675994634605486e-06,9.143934249877929688e-01,5.215627193450927734e+00,-4.920630931854248047e+00,-1.966891735521438811e-01,-4.278523063484948041e-01,1.229200355302403555e-02,0.000000000000000000e+00,0.000000000000000000e+00,0.000000000000000000e+00,0.000000000000000000e+00,0.000000000000000000e+00,0.000000000000000000e+00,0.000000000000000000e+00,8.276381225585937500e+02,8.276375122070312500e+02,8.276375122070312500e+02,8.276381225585937500e+02,-2.083771315118640661e+07
3.498000000000000220e+00,1.965762056973609506e-01,4.280328064775447139e-01,-1.229647473016561542e-02,-1.129678547829304769e-04,1.805001290499097522e-04,-4.471177141579865677e-06,9.143986701965332031e-01,5.215647697448730469e+00,-4.920650482177734375e+00,-1.965762056973609506e-01,-4.280328064775447139e-01,1.229647473016561542e-02,0.000000000000000000e+00,0.000000000000000000e+00,0.000000000000000000e+00,0.000000000000000000e+00,0.000000000000000000e+00,0.000000000000000000e+00,0.000000000000000000e+00,8.276381835937500000e+02,8.276374511718750000e+02,8.276374511718750000e+02,8.276381835937500000e+02,-2.083771337319189683e+07
3.499000000000000110e+00,1.964631993499292295e-01,4.282132792455500825e-01,-1.230135224073471839e-02,-1.130063474317211103e-04,1.804727680053686001e-04,-4.877510569102974647e-06,9.144035577774047852e-01,5.215671062469482422e+00,-4.920668125152587891e+00,-1.964631993499292295e-01,-4.282132792455500825e-01,1.230135224073471839e-02,0.000000000000000000e+00,0.000000000000000000e+00,0.000000000000000000e+00,0.000000000000000000e+00,0.000000000000000000e+00,0.000000000000000000e+00,0.000000000000000000e+00,8.276382446289062500e+02,8.276373901367187500e+02,8.276373901367187500e+02,8.276382446289062500e+02,-2.083771359530762210e+07
3.500000000000000000e+00,1.963501678245201110e-01,4.283937513476023251e-01,-1.230662784247871407e-02,-1.130315254091185384e-04,1.804721020522426222e-04,-5.275601743995675386e-06,9.144083261489868164e-01,5.215691089630126953e+00,-4.920687675476074219e+00,-1.963501678245201110e-01,-4.283937513476023251e-01,1.230662784247871407e-02,0.000000000000000000e+00,0.000000000000000000e+00,0.000000000000000000e+00,0.000000000000000000e+00,0.000000000000000000e+00,0.000000000000000000e+00,0.000000000000000000e+00,8.276383056640625000e+02,8.276373291015625000e+02,8.276373901367187500e+02,8.276383056640625000e+02,-2.083771381753366813e+07
3.500999999999999890e+00,1.962371244040508333e-01,4.285741961282870660e-01,-1.231228653143998444e-02,-1.130434204692776223e-04,1.804447806847409019e-04,-5.658688961270377793e-06,9.144139289855957031e-01,5.215711593627929688e+00,-4.920707225799560547e+00,-1.962371244040508333e-01,-4.285741961282870660e-01,1.231228653143998444e-02,0.000000000000000000e+00,0.000000000000000000e+00,0.000000000000000000e+00,0.000000000000000000e+00,0.000000000000000000e+00,0.000000000000000000e+00,0.000000000000000000e+00,8.276383666992187500e+02,8.276373291015625000e+02,8.276373291015625000e+02,8.276383666992187500e+02,-2.083771403987010941e+07
3.501999999999999780e+00,1.961240823814820178e-01,4.287546669749686679e-01,-1.231831344093919922e-02,-1.130420225688155700e-04,1.804708466816018486e-04,-6.026909499214777588e-06,9.144185781478881836e-01,5.215732574462890625e+00,-4.920725345611572266e+00,-1.961240823814820178e-01,-4.287546669749686679e-01,1.231831344093919922e-02,0.000000000000000000e+00,0.000000000000000000e+00,0.000000000000000000e+00,0.000000000000000000e+00,0.000000000000000000e+00,0.000000000000000000e+00,0.000000000000000000e+00,8.276384277343750000e+02,8.276372680664062500e+02,8.276372680664062500e+02,8.276384277343750000e+02,-2.083771426231706887e+07
3.503000000000000114e+00,1.960110683582491908e-01,4.289351372407412821e-01,-1.232468778063847657e-02,-1.130140232328269434e-04,1.804702657726142689e-04,-6.374339699277351001e-06,9.144237041473388672e-01,5.215754985809326172e+00,-4.920745372772216797e+00,-1.960110683582491908e-01,-4.289351372407412821e-01,1.232468778063847657e-02,0.000000000000000000e+00,0.000000000000000000e+00,0.000000000000000000e+00,0.000000000000000000e+00,0.000000000000000000e+00,0.000000000000000000e+00,0.000000000000000000e+00,8.276384277343750000e+02,8.276372070312500000e+02,8.276372070312500000e+02,8.276384277343750000e+02,-2.083771448487465829e+07
3.504000000000000004e+00,1.958980822610542072e-01,4.291156069608321744e-01,-1.233138953997656335e-02,-1.129860971949836479e-04,1.804697200908922383e-04,-6.701759338086782369e-06,9.144289493560791016e-01,5.215775966644287109e+00,-4.920764446258544922e+00,-1.958980822610542072e-01,-4.291156069608321744e-01,1.233138953997656335e-02,0.000000000000000000e+00,0.000000000000000000e+00,0.000000000000000000e+00,0.000000000000000000e+00,0.000000000000000000e+00,0.000000000000000000e+00,0.000000000000000000e+00,8.276384887695312500e+02,8.276371459960937500e+02,8.276371459960937500e+02,8.276384887695312500e+02,-2.083771470754298568e+07
3.504999999999999893e+00,1.957851373382829274e-01,4.292960761775835299e-01,-1.233839375569249254e-02,-1.129449227712797654e-04,1.804692167513555212e-04,-7.004215715929185126e-06,9.144338369369506836e-01,5.215796947479248047e+00,-4.920783519744873047e+00,-1.957851373382829274e-01,-4.292960761775835299e-01,1.233839375569249254e-02,0.000000000000000000e+00,0.000000000000000000e+00,0.000000000000000000e+00,0.000000000000000000e+00,0.000000000000000000e+00,0.000000000000000000e+00,0.000000000000000000e+00,8.276385498046875000e+02,8.276371459960937500e+02,8.276371459960937500e+02,8.276385498046875000e+02,-2.083771493032216281e+07
3.505999999999999783e+00,1.956722468384263225e-01,4.294765716156084268e-01,-1.234567467641905017e-02,-1.128904998566049311e-04,1.804954380248968704e-04,-7.280920726557629785e-06,9.144389629364013672e-01,5.215818881988525391e+00,-4.920801639556884766e+00,-1.956722468384263225e-01,-4.294765716156084268e-01,1.234567467641905017e-02,0.000000000000000000e+00,0.000000000000000000e+00,0.000000000000000000e+00,0.000000000000000000e+00,0.000000000000000000e+00,0.000000000000000000e+00,0.000000000000000000e+00,8.276385498046875000e+02,8.276370849609375000e+02,8.276370849609375000e+02,8.276385498046875000e+02,-2.083771515321233124e+07
3.507000000000000117e+00,1.955594373313527812e-01,4.296570933242258583e-01,-1.235320238632386589e-02,-1.128095070735413152e-04,1.805217086174315533e-04,-7.527709904815715891e-06,9.144437313079833984e-01,5.215838432312011719e+00,-4.920820236206054688e+00,-1.955594373313527812e-01,-4.296570933242258583e-01,1.235320238632386589e-02,0.000000000000000000e+00,0.000000000000000000e+00,0.000000000000000000e+00,0.000000000000000000e+00,0.000000000000000000e+00,0.000000000000000000e+00,0.000000000000000000e+00,8.276385498046875000e+02,8.276370849609375000e+02,8.276370849609375000e+02,8.276385498046875000e+02,-2.083771537621364370e+07
3.508000000000000007e+00,1.954466970618249089e-01,4.298376157317147506e-01,-1.236094701034765909e-02,-1.127402695278723055e-04,1.805224074888922559e-04,-7.744624023793209022e-06,9.144489765167236328e-01,5.215860843658447266e+00,-4.920841693878173828e+00,-1.954466970618249089e-01,-4.298376157317147506e-01,1.236094701034765909e-02,0.000000000000000000e+00,0.000000000000000000e+00,0.000000000000000000e+00,0.000000000000000000e+00,0.000000000000000000e+00,0.000000000000000000e+00,0.000000000000000000e+00,8.276386108398437500e+02,8.276370849609375000e+02,8.276370849609375000e+02,8.276386108398437500e+02,-2.083771559932622313e+07
3.508999999999999897e+00,1.953340758905480756e-01,4.300181901250467176e-01,-1.236887751721474013e-02,-1.126211712768332429e-04,1.805743933319670091e-04,-7.930506867081035804e-06,9.144536256790161133e-01,5.215880393981933594e+00,-4.920856952667236328e+00,-1.953340758905480756e-01,-4.300181901250467176e-01,1.236887751721474013e-02,0.000000000000000000e+00,0.000000000000000000e+00,0.000000000000000000e+00,0.000000000000000000e+00,0.000000000000000000e+00,0.000000000000000000e+00,0.000000000000000000e+00,8.276386108398437500e+02,8.276370239257812500e+02,8.276370849609375000e+02,8.276386108398437500e+02,-2.083771582255025581e+07
3.509999999999999787e+00,1.952215487023704343e-01,4.301988176324232360e-01,-1.237695985895958736e-02,-1.125271881776412908e-04,1.806275073765184480e-04,-8.082341744847232334e-06,9.144589900970458984e-01,5.215902328491210938e+00,-4.920879840850830078e+00,-1.952215487023704343e-01,-4.301988176324232360e-01,1.237695985895958736e-02,0.000000000000000000e+00,0.000000000000000000e+00,0.000000000000000000e+00,0.000000000000000000e+00,0.000000000000000000e+00,0.000000000000000000e+00,0.000000000000000000e+00,8.276386108398437500e+02,8.276370239257812500e+02,8.276370239257812500e+02,8.276386108398437500e+02,-2.083771604588592052e+07
3.511000000000000121e+00,1.951091420473352600e-01,4.303794716288033007e-01,-1.238515990565977783e-02,-1.124066550351743299e-04,1.806539963800646298e-04,-8.200046700190463667e-06,9.144638776779174805e-01,5.215922832489013672e+00,-4.920898914337158203e+00,-1.951091420473352600e-01,-4.303794716288033007e-01,1.238515990565977783e-02,0.000000000000000000e+00,0.000000000000000000e+00,0.000000000000000000e+00,0.000000000000000000e+00,0.000000000000000000e+00,0.000000000000000000e+00,0.000000000000000000e+00,8.276386108398437500e+02,8.276370239257812500e+02,8.276370239257812500e+02,8.276386108398437500e+02,-2.083771626933338121e+07
3.512000000000000011e+00,1.949968557912895306e-01,4.305601521755053618e-01,-1.239344180528287147e-02,-1.122862560457293934e-04,1.806805467020611289e-04,-8.281899623093641472e-06,9.144688844680786133e-01,5.215944766998291016e+00,-4.920914649963378906e+00,-1.949968557912895306e-01,-4.305601521755053618e-01,1.239344180528287147e-02,0.000000000000000000e+00,0.000000000000000000e+00,0.000000000000000000e+00,0.000000000000000000e+00,0.000000000000000000e+00,0.000000000000000000e+00,0.000000000000000000e+00,8.276386108398437500e+02,8.276370239257812500e+02,8.276370239257812500e+02,8.276386108398437500e+02,-2.083771649289279804e+07
3.512999999999999901e+00,1.948847164843609536e-01,4.307408860119423810e-01,-1.240176985149886099e-02,-1.121393069285769872e-04,1.807338364370192352e-04,-8.328046215989523549e-06,9.144741296768188477e-01,5.215966224670410156e+00,-4.920935630798339844e+00,-1.948847164843609536e-01,-4.307408860119423810e-01,1.240176985149886099e-02,0.000000000000000000e+00,0.000000000000000000e+00,0.000000000000000000e+00,0.000000000000000000e+00,0.000000000000000000e+00,0.000000000000000000e+00,0.000000000000000000e+00,8.276386108398437500e+02,8.276370849609375000e+02,8.276370849609375000e+02,8.276386108398437500e+02,-2.083771671656436473e+07
3.513999999999999790e+00,1.947727106417252163e-01,4.309216465223863479e-01,-1.241010642920518242e-02,-1.120058426357373182e-04,1.807605104439669041e-04,-8.336577706321429693e-06,9.144788980484008789e-01,5.215986728668212891e+00,-4.920954704284667969e+00,-1.947727106417252163e-01,-4.309216465223863479e-01,1.241010642920518242e-02,0.000000000000000000e+00,0.000000000000000000e+00,0.000000000000000000e+00,0.000000000000000000e+00,0.000000000000000000e+00,0.000000000000000000e+00,0.000000000000000000e+00,8.276386108398437500e+02,8.276370849609375000e+02,8.276370849609375000e+02,8.276386108398437500e+02,-2.083771694034824893e+07
3.515000000000000124e+00,1.946608514790409694e-01,4.311024871268573921e-01,-1.241841666110644719e-02,-1.118591626842468933e-04,1.808406044710442195e-04,-8.310231901264772403e-06,9.144841432571411133e-01,5.216008663177490234e+00,-4.920973777770996094e+00,-1.946608514790409694e-01,-4.311024871268573921e-01,1.241841666110644719e-02,0.000000000000000000e+00,0.000000000000000000e+00,0.000000000000000000e+00,0.000000000000000000e+00,0.000000000000000000e+00,0.000000000000000000e+00,0.000000000000000000e+00,8.276385498046875000e+02,8.276370849609375000e+02,8.276370849609375000e+02,8.276385498046875000e+02,-2.083771716424466670e+07
3.516000000000000014e+00,1.945491521918656097e-01,4.312833545242508171e-01,-1.242666382089837977e-02,-1.116992871753597072e-04,1.808673973934249446e-04,-8.247159791932578976e-06,9.144891500473022461e-01,5.216030597686767578e+00,-4.920993328094482422e+00,-1.945491521918656097e-01,-4.312833545242508171e-01,1.242666382089837977e-02,0.000000000000000000e+00,0.000000000000000000e+00,0.000000000000000000e+00,0.000000000000000000e+00,0.000000000000000000e+00,0.000000000000000000e+00,0.000000000000000000e+00,8.276385498046875000e+02,8.276371459960937500e+02,8.276371459960937500e+02,8.276385498046875000e+02,-2.083771738825379312e+07
3.516999999999999904e+00,1.944376126451765607e-01,4.314642754575394590e-01,-1.243481126824688178e-02,-1.115395466890489740e-04,1.809209332886418942e-04,-8.147447348502007136e-06,9.144940376281738281e-01,5.216049194335937500e+00,-4.921010971069335938e+00,-1.944376126451765607e-01,-4.314642754575394590e-01,1.243481126824688178e-02,0.000000000000000000e+00,0.000000000000000000e+00,0.000000000000000000e+00,0.000000000000000000e+00,0.000000000000000000e+00,0.000000000000000000e+00,0.000000000000000000e+00,8.276384887695312500e+02,8.276371459960937500e+02,8.276371459960937500e+02,8.276384887695312500e+02,-2.083771761237582564e+07
3.517999999999999794e+00,1.943262327131489720e-01,4.316452766653157691e-01,-1.244282486405067466e-02,-1.113799320275887794e-04,1.810012077763101246e-04,-8.013595803792877836e-06,9.144990444183349609e-01,5.216071605682373047e+00,-4.921030998229980469e+00,-1.943262327131489720e-01,-4.316452766653157691e-01,1.244282486405067466e-02,0.000000000000000000e+00,0.000000000000000000e+00,0.000000000000000000e+00,0.000000000000000000e+00,0.000000000000000000e+00,0.000000000000000000e+00,0.000000000000000000e+00,8.276384887695312500e+02,8.276372070312500000e+02,8.276372070312500000e+02,8.276384887695312500e+02,-2.083771783661098033e+07
3.519000000000000128e+00,1.942150122563761905e-01,4.318263048445850072e-01,-1.245066949956353565e-02,-1.112204567727814730e-04,1.810281792692380876e-04,-7.844635512860992366e-06,9.145042896270751953e-01,5.216092109680175781e+00,-4.921049594879150391e+00,-1.942150122563761905e-01,-4.318263048445850072e-01,1.245066949956353565e-02,0.000000000000000000e+00,0.000000000000000000e+00,0.000000000000000000e+00,0.000000000000000000e+00,0.000000000000000000e+00,0.000000000000000000e+00,0.000000000000000000e+00,8.276384277343750000e+02,8.276372680664062500e+02,8.276372680664062500e+02,8.276384277343750000e+02,-2.083771806095942855e+07
3.520000000000000018e+00,1.941039511580253119e-01,4.320073867294371706e-01,-1.245831353704419074e-02,-1.110610983508786287e-04,1.810818848521633662e-04,-7.644037480655091477e-06,9.145095348358154297e-01,5.216114521026611328e+00,-4.921069145202636719e+00,-1.941039511580253119e-01,-4.320073867294371706e-01,1.245831353704419074e-02,0.000000000000000000e+00,0.000000000000000000e+00,0.000000000000000000e+00,0.000000000000000000e+00,0.000000000000000000e+00,0.000000000000000000e+00,0.000000000000000000e+00,8.276383666992187500e+02,8.276372680664062500e+02,8.276372680664062500e+02,8.276383666992187500e+02,-2.083771828542136401e+07
3.520999999999999908e+00,1.939930626350667431e-01,4.321885223729307612e-01,-1.246572450998119537e-02,-1.108885229585687693e-04,1.811356434935906812e-04,-7.410972937004628447e-06,9.145143032073974609e-01,5.216135501861572266e+00,-4.921088695526123047e+00,-1.939930626350667431e-01,-4.321885223729307612e-01,1.246572450998119537e-02,0.000000000000000000e+00,0.000000000000000000e+00,0.000000000000000000e+00,0.000000000000000000e+00,0.000000000000000000e+00,0.000000000000000000e+00,0.000000000000000000e+00,8.276383056640625000e+02,8.276373291015625000e+02,8.276373291015625000e+02,8.276383056640625000e+02,-2.083771850999698415e+07
3.521999999999999797e+00,1.938823083480880061e-01,4.323697127328666179e-01,-1.247287331515436679e-02,-1.107542869787370154e-04,1.811903599358566375e-04,-7.148805173171415839e-06,9.145190715789794922e-01,5.216156482696533203e+00,-4.921106338500976562e+00,-1.938823083480880061e-01,-4.323697127328666179e-01,1.247287331515436679e-02,0.000000000000000000e+00,0.000000000000000000e+00,0.000000000000000000e+00,0.000000000000000000e+00,0.000000000000000000e+00,0.000000000000000000e+00,0.000000000000000000e+00,8.276382446289062500e+02,8.276373901367187500e+02,8.276373901367187500e+02,8.276382446289062500e+02,-2.083771873468647525e+07
3.523000000000000131e+00,1.937717246333339471e-01,4.325509560299843903e-01,-1.247973213005666021e-02,-1.105837147540589260e-04,1.812432971177724284e-04,-6.858814902293425275e-06,9.145247936248779297e-01,5.216178417205810547e+00,-4.921127319335937500e+00,-1.937717246333339471e-01,-4.325509560299843903e-01,1.247973213005666021e-02,0.000000000000000000e+00,0.000000000000000000e+00,0.000000000000000000e+00,0.000000000000000000e+00,0.000000000000000000e+00,0.000000000000000000e+00,0.000000000000000000e+00,8.276381835937500000e+02,8.276374511718750000e+02,8.276374511718750000e+02,8.276381835937500000e+02,-2.083771895949003100e+07
3.524000000000000021e+00,1.936612998444261491e-01,4.327322532214842865e-01,-1.248627695521631678e-02,-1.104247889077980549e-04,1.812971914998962042e-04,-6.544825159656569857e-06,9.145298004150390625e-01,5.216199874877929688e+00,-4.921147823333740234e+00,-1.936612998444261491e-01,-4.327322532214842865e-01,1.248627695521631678e-02,0.000000000000000000e+00,0.000000000000000000e+00,0.000000000000000000e+00,0.000000000000000000e+00,0.000000000000000000e+00,0.000000000000000000e+00,0.000000000000000000e+00,8.276381225585937500e+02,8.276375122070312500e+02,8.276375122070312500e+02,8.276381225585937500e+02,-2.083771918440784141e+07
3.524999999999999911e+00,1.935510205448280896e-01,4.329136043500427244e-01,-1.249248272741562173e-02,-1.102792995980594881e-04,1.813511285584379351e-04,-6.205772199304945835e-06,9.145346879959106445e-01,5.216220855712890625e+00,-4.921164989471435547e+00,-1.935510205448280896e-01,-4.329136043500427244e-01,1.249248272741562173e-02,0.000000000000000000e+00,0.000000000000000000e+00,0.000000000000000000e+00,0.000000000000000000e+00,0.000000000000000000e+00,0.000000000000000000e+00,0.000000000000000000e+00,8.276380615234375000e+02,8.276375732421875000e+02,8.276375732421875000e+02,8.276380615234375000e+02,-2.083771940944008902e+07
3.525999999999999801e+00,1.934408733167513328e-01,4.330950094498026703e-01,-1.249832938603046006e-02,-1.101472280767568090e-04,1.814050997599458981e-04,-5.846658614838337598e-06,9.145400524139404297e-01,5.216242790222167969e+00,-4.921185016632080078e+00,-1.934408733167513328e-01,-4.330950094498026703e-01,1.249832938603046006e-02,0.000000000000000000e+00,0.000000000000000000e+00,0.000000000000000000e+00,0.000000000000000000e+00,0.000000000000000000e+00,0.000000000000000000e+00,0.000000000000000000e+00,8.276380004882812500e+02,8.276376342773437500e+02,8.276376342773437500e+02,8.276380004882812500e+02,-2.083771963458695635e+07
3.527000000000000135e+00,1.933308714294272312e-01,4.332764418669148299e-01,-1.250379942753087302e-02,-1.100018873241015438e-04,1.814324171121595164e-04,-5.470041500412956004e-06,9.145450592041015625e-01,5.216264724731445312e+00,-4.921205043792724609e+00,-1.933308714294272312e-01,-4.332764418669148299e-01,1.250379942753087302e-02,0.000000000000000000e+00,0.000000000000000000e+00,0.000000000000000000e+00,0.000000000000000000e+00,0.000000000000000000e+00,0.000000000000000000e+00,0.000000000000000000e+00,8.276379394531250000e+02,8.276376953125000000e+02,8.276376953125000000e+02,8.276379394531250000e+02,-2.083771985984860361e+07
3.528000000000000025e+00,1.932209748060546850e-01,4.334579283106502756e-01,-1.250887773809657155e-02,-1.098966233725462427e-04,1.814864437354457571e-04,-5.078310565698532231e-06,9.145501852035522461e-01,5.216286182403564453e+00,-4.921225070953369141e+00,-1.932209748060546850e-01,-4.334579283106502756e-01,1.250887773809657155e-02,0.000000000000000000e+00,0.000000000000000000e+00,0.000000000000000000e+00,0.000000000000000000e+00,0.000000000000000000e+00,0.000000000000000000e+00,0.000000000000000000e+00,8.276378784179687500e+02,8.276377563476562500e+02,8.276377563476562500e+02,8.276378784179687500e+02,-2.083772008522519469e+07
3.528999999999999915e+00,1.931112100817183319e-01,4.336394687967952688e-01,-1.251355274610425547e-02,-1.097647243363530922e-04,1.815404861449931850e-04,-4.675008007683917333e-06,9.145555496215820312e-01,5.216306686401367188e+00,-4.921243190765380859e+00,-1.931112100817183319e-01,-4.336394687967952688e-01,1.251355274610425547e-02,0.000000000000000000e+00,0.000000000000000000e+00,0.000000000000000000e+00,0.000000000000000000e+00,0.000000000000000000e+00,0.000000000000000000e+00,0.000000000000000000e+00,8.276378173828125000e+02,8.276378173828125000e+02,8.276378784179687500e+02,8.276378173828125000e+02,-2.083772031071691215e+07
3.529999999999999805e+00,1.930015371849523875e-01,4.338210099846226409e-01,-1.251781337140190492e-02,-1.096728967659443832e-04,1.815411878273720525e-04,-4.260625297649450749e-06,9.145609140396118164e-01,5.216329574584960938e+00,-4.921264171600341797e+00,-1.930015371849523875e-01,-4.338210099846226409e-01,1.251781337140190492e-02,0.000000000000000000e+00,0.000000000000000000e+00,0.000000000000000000e+00,0.000000000000000000e+00,0.000000000000000000e+00,0.000000000000000000e+00,0.000000000000000000e+00,8.276377563476562500e+02,8.276379394531250000e+02,8.276379394531250000e+02,8.276377563476562500e+02,-2.083772053632387146e+07
3.531000000000000139e+00,1.928919561048501319e-01,4.340026052418747282e-01,-1.252165553539354333e-02,-1.095810801022556458e-04,1.815952572520873609e-04,-3.842163991638405940e-06,9.145660400390625000e-01,5.216352939605712891e+00,-4.921283245086669922e+00,-1.928919561048501319e-01,-4.340026052418747282e-01,1.252165553539354333e-02,0.000000000000000000e+00,0.000000000000000000e+00,0.000000000000000000e+00,0.000000000000000000e+00,0.000000000000000000e+00,0.000000000000000000e+00,0.000000000000000000e+00,8.276376953125000000e+02,8.276380004882812500e+02,8.276380004882812500e+02,8.276376953125000000e+02,-2.083772076204623282e+07
3.532000000000000028e+00,1.927824668233639738e-01,4.341842278919923470e-01,-1.252507585829986531e-02,-1.094892814861581076e-04,1.816226501176188002e-04,-3.420322906321979217e-06,9.145710468292236328e-01,5.216374397277832031e+00,-4.921303749084472656e+00,-1.927824668233639738e-01,-4.341842278919923470e-01,1.252507585829986531e-02,0.000000000000000000e+00,0.000000000000000000e+00,0.000000000000000000e+00,0.000000000000000000e+00,0.000000000000000000e+00,0.000000000000000000e+00,0.000000000000000000e+00,8.276376342773437500e+02,8.276380615234375000e+02,8.276380615234375000e+02,8.276376342773437500e+02,-2.083772098788413405e+07
3.532999999999999918e+00,1.926730293199794275e-01,4.343658779364799050e-01,-1.252807502252664337e-02,-1.094375033845462752e-04,1.816500444875579490e-04,-2.999164226778067155e-06,9.145764112472534180e-01,5.216395378112792969e+00,-4.921322345733642578e+00,-1.926730293199794275e-01,-4.343658779364799050e-01,1.252807502252664337e-02,0.000000000000000000e+00,0.000000000000000000e+00,0.000000000000000000e+00,0.000000000000000000e+00,0.000000000000000000e+00,0.000000000000000000e+00,0.000000000000000000e+00,8.276375732421875000e+02,8.276381225585937500e+02,8.276381225585937500e+02,8.276375732421875000e+02,-2.083772121383769810e+07
3.533999999999999808e+00,1.925636569395766662e-01,4.345475553699547078e-01,-1.253065474637301245e-02,-1.093723804027613156e-04,1.816774334748028075e-04,-2.579723846369078033e-06,9.145817756652832031e-01,5.216417789459228516e+00,-4.921341896057128906e+00,-1.925636569395766662e-01,-4.345475553699547078e-01,1.253065474637301245e-02,0.000000000000000000e+00,0.000000000000000000e+00,0.000000000000000000e+00,0.000000000000000000e+00,0.000000000000000000e+00,0.000000000000000000e+00,0.000000000000000000e+00,8.276375122070312500e+02,8.276381835937500000e+02,8.276381835937500000e+02,8.276374511718750000e+02,-2.083772143990705535e+07
3.535000000000000142e+00,1.924543230272512118e-01,4.347292334989976137e-01,-1.253282322178242772e-02,-1.093339123254544187e-04,1.816781290429059226e-04,-2.168475409415268618e-06,9.145871400833129883e-01,5.216441154479980469e+00,-4.921363353729248047e+00,-1.924543230272512118e-01,-4.347292334989976137e-01,1.253282322178242772e-02,0.000000000000000000e+00,0.000000000000000000e+00,0.000000000000000000e+00,0.000000000000000000e+00,0.000000000000000000e+00,0.000000000000000000e+00,0.000000000000000000e+00,8.276374511718750000e+02,8.276382446289062500e+02,8.276382446289062500e+02,8.276373901367187500e+02,-2.083772166609229892e+07
3.536000000000000032e+00,1.923450028198939177e-01,4.349109130633682097e-01,-1.253458974484032186e-02,-1.093202073572940858e-04,1.816795643705959584e-04,-1.766523057894139881e-06,9.145922660827636719e-01,5.216462612152099609e+00,-4.921382427215576172e+00,-1.923450028198939177e-01,-4.349109130633682097e-01,1.253458974484032186e-02,0.000000000000000000e+00,0.000000000000000000e+00,0.000000000000000000e+00,0.000000000000000000e+00,0.000000000000000000e+00,0.000000000000000000e+00,0.000000000000000000e+00,8.276373901367187500e+02,8.276383056640625000e+02,8.276383056640625000e+02,8.276373901367187500e+02,-2.083772189239351824e+07
3.536999999999999922e+00,1.922357192838351214e-01,4.350926192011710381e-01,-1.253596651707369544e-02,-1.092835360587962601e-04,1.817061378028284047e-04,-1.376772233373582677e-06,9.145975112915039062e-01,5.216483592987060547e+00,-4.921401977539062500e+00,-1.922357192838351214e-01,-4.350926192011710381e-01,1.253596651707369544e-02,0.000000000000000000e+00,0.000000000000000000e+00,0.000000000000000000e+00,0.000000000000000000e+00,0.000000000000000000e+00,0.000000000000000000e+00,0.000000000000000000e+00,8.276373291015625000e+02,8.276383666992187500e+02,8.276383666992187500e+02,8.276373291015625000e+02,-2.083772211881082878e+07
3.537999999999999812e+00,1.921264209935403533e-01,4.352743259722819946e-01,-1.253697019242662990e-02,-1.092982902947681190e-04,1.817067711109565664e-04,-1.003675352934454978e-06,9.146027565002441406e-01,5.216506481170654297e+00,-4.921422958374023438e+00,-1.921264209935403533e-01,-4.352743259722819946e-01,1.253697019242662990e-02,0.000000000000000000e+00,0.000000000000000000e+00,0.000000000000000000e+00,0.000000000000000000e+00,0.000000000000000000e+00,0.000000000000000000e+00,0.000000000000000000e+00,8.276372680664062500e+02,8.276384277343750000e+02,8.276384277343750000e+02,8.276372680664062500e+02,-2.083772234534430504e+07
3.539000000000000146e+00,1.920171213543304112e-01,4.354560333449294385e-01,-1.253761833089079084e-02,-1.092996392099421232e-04,1.817073726474438544e-04,-6.481384641609383435e-07,9.146081209182739258e-01,5.216528892517089844e+00,-4.921442985534667969e+00,-1.920171213543304112e-01,-4.354560333449294385e-01,1.253761833089079084e-02,0.000000000000000000e+00,0.000000000000000000e+00,0.000000000000000000e+00,0.000000000000000000e+00,0.000000000000000000e+00,0.000000000000000000e+00,0.000000000000000000e+00,8.276372070312500000e+02,8.276384277343750000e+02,8.276384277343750000e+02,8.276372070312500000e+02,-2.083772257199402899e+07
3.540000000000000036e+00,1.919077804186553882e-01,4.356377146063558636e-01,-1.253793158007432580e-02,-1.093409356750230099e-04,1.816812614264251557e-04,-3.132491835349665577e-07,9.146133661270141602e-01,5.216550350189208984e+00,-4.921461582183837891e+00,-1.919077804186553882e-01,-4.356377146063558636e-01,1.253793158007432580e-02,0.000000000000000000e+00,0.000000000000000000e+00,0.000000000000000000e+00,0.000000000000000000e+00,0.000000000000000000e+00,0.000000000000000000e+00,0.000000000000000000e+00,8.276371459960937500e+02,8.276384887695312500e+02,8.276384887695312500e+02,8.276371459960937500e+02,-2.083772279876004159e+07
3.540999999999999925e+00,1.917983982803133924e-01,4.358193963961112249e-01,-1.253793416415731853e-02,-1.093821383419957272e-04,1.816817897553613115e-04,-2.584082992723724104e-09,9.146186113357543945e-01,5.216573238372802734e+00,-4.921481609344482422e+00,-1.917983982803133924e-01,-4.358193963961112249e-01,1.253793416415731853e-02,0.000000000000000000e+00,0.000000000000000000e+00,0.000000000000000000e+00,0.000000000000000000e+00,0.000000000000000000e+00,0.000000000000000000e+00,0.000000000000000000e+00,8.276371459960937500e+02,8.276385498046875000e+02,8.276385498046875000e+02,8.276371459960937500e+02,-2.083772302564241365e+07
3.541999999999999815e+00,1.916889616987857980e-01,4.360010786700629359e-01,-1.253765271313494502e-02,-1.094365815275943898e-04,1.816822739517109930e-04,2.814510223735078309e-07,9.146238565444946289e-01,5.216595649719238281e+00,-4.921503067016601562e+00,-1.916889616987857980e-01,-4.360010786700629359e-01,1.253765271313494502e-02,0.000000000000000000e+00,0.000000000000000000e+00,0.000000000000000000e+00,0.000000000000000000e+00,0.000000000000000000e+00,0.000000000000000000e+00,0.000000000000000000e+00,8.276370849609375000e+02,8.276385498046875000e+02,8.276385498046875000e+02,8.276370849609375000e+02,-2.083772325264120474e+07
3.543000000000000149e+00,1.915794707676788666e-01,4.361827347032294910e-01,-1.253711302928226315e-02,-1.094909311069314217e-04,1.816560331665550976e-04,5.396838526818686921e-07,9.146291017532348633e-01,5.216618061065673828e+00,-4.921521186828613281e+00,-1.915794707676788666e-01,-4.361827347032294910e-01,1.253711302928226315e-02,0.000000000000000000e+00,0.000000000000000000e+00,0.000000000000000000e+00,0.000000000000000000e+00,0.000000000000000000e+00,0.000000000000000000e+00,0.000000000000000000e+00,8.276370849609375000e+02,8.276385498046875000e+02,8.276386108398437500e+02,8.276370849609375000e+02,-2.083772347975645587e+07
3.544000000000000039e+00,1.914698855844876590e-01,4.363643377637060339e-01,-1.253634743281169597e-02,-1.095851831912075802e-04,1.816030604765428436e-04,7.655964705671758352e-07,9.146349430084228516e-01,5.216639995574951172e+00,-4.921543121337890625e+00,-1.914698855844876590e-01,-4.363643377637060339e-01,1.253634743281169597e-02,0.000000000000000000e+00,0.000000000000000000e+00,0.000000000000000000e+00,0.000000000000000000e+00,0.000000000000000000e+00,0.000000000000000000e+00,0.000000000000000000e+00,8.276370849609375000e+02,8.276386108398437500e+02,8.276386108398437500e+02,8.276370849609375000e+02,-2.083772370698816702e+07
3.544999999999999929e+00,1.913602062693445516e-01,4.365459411626711472e-01,-1.253538602868580973e-02,-1.096793151431074698e-04,1.816033989651133496e-04,9.614041258862449091e-07,9.146397113800048828e-01,5.216661930084228516e+00,-4.921561717987060547e+00,-1.913602062693445516e-01,-4.365459411626711472e-01,1.253538602868580973e-02,0.000000000000000000e+00,0.000000000000000000e+00,0.000000000000000000e+00,0.000000000000000000e+00,0.000000000000000000e+00,0.000000000000000000e+00,0.000000000000000000e+00,8.276370239257812500e+02,8.276386108398437500e+02,8.276386108398437500e+02,8.276370239257812500e+02,-2.083772393433639035e+07
3.545999999999999819e+00,1.912504196044391425e-01,4.367275181643193172e-01,-1.253426207225205244e-02,-1.097866649054091148e-04,1.815770016481699223e-04,1.123956433757289375e-06,9.146450757980346680e-01,5.216684818267822266e+00,-4.921581745147705078e+00,-1.912504196044391425e-01,-4.367275181643193172e-01,1.253426207225205244e-02,0.000000000000000000e+00,0.000000000000000000e+00,0.000000000000000000e+00,0.000000000000000000e+00,0.000000000000000000e+00,0.000000000000000000e+00,0.000000000000000000e+00,8.276370239257812500e+02,8.276386108398437500e+02,8.276386108398437500e+02,8.276370239257812500e+02,-2.083772416180114448e+07
3.547000000000000153e+00,1.911405257190910423e-01,4.369090420288137544e-01,-1.253301053730621756e-02,-1.098938853481001843e-04,1.815238644944372481e-04,1.251534945834881229e-06,9.146504402160644531e-01,5.216706752777099609e+00,-4.921602249145507812e+00,-1.911405257190910423e-01,-4.369090420288137544e-01,1.253301053730621756e-02,0.000000000000000000e+00,0.000000000000000000e+00,0.000000000000000000e+00,0.000000000000000000e+00,0.000000000000000000e+00,0.000000000000000000e+00,0.000000000000000000e+00,8.276370239257812500e+02,8.276386108398437500e+02,8.276386108398437500e+02,8.276370239257812500e+02,-2.083772438938243315e+07
3.548000000000000043e+00,1.910305114025297180e-01,4.370905127001845081e-01,-1.253166555759398573e-02,-1.100143165613243212e-04,1.814706713707536778e-04,1.344979712231825220e-06,9.146558046340942383e-01,5.216728687286376953e+00,-4.921621799468994141e+00,-1.910305114025297180e-01,-4.370905127001845081e-01,1.253166555759398573e-02,0.000000000000000000e+00,0.000000000000000000e+00,0.000000000000000000e+00,0.000000000000000000e+00,0.000000000000000000e+00,0.000000000000000000e+00,0.000000000000000000e+00,8.276370239257812500e+02,8.276386108398437500e+02,8.276386108398437500e+02,8.276370239257812500e+02,-2.083772461708024889e+07
3.548999999999999932e+00,1.909203387395425333e-01,4.372719307354294704e-01,-1.253026305824712396e-02,-1.101726629871846441e-04,1.814180352449623612e-04,1.402499346861776908e-06,9.146612882614135742e-01,5.216751575469970703e+00,-4.921641826629638672e+00,-1.909203387395425333e-01,-4.372719307354294704e-01,1.253026305824712396e-02,0.000000000000000000e+00,0.000000000000000000e+00,0.000000000000000000e+00,0.000000000000000000e+00,0.000000000000000000e+00,0.000000000000000000e+00,0.000000000000000000e+00,8.276370239257812500e+02,8.276386108398437500e+02,8.276386108398437500e+02,8.276370239257812500e+02,-2.083772484489457309e+07
3.549999999999999822e+00,1.908100439711846452e-01,4.374533481918085887e-01,-1.252884118289213436e-02,-1.102947683578880955e-04,1.814174563791182138e-04,1.421875354989596274e-06,9.146664142608642578e-01,5.216773509979248047e+00,-4.921662330627441406e+00,-1.908100439711846452e-01,-4.374533481918085887e-01,1.252884118289213436e-02,0.000000000000000000e+00,0.000000000000000000e+00,0.000000000000000000e+00,0.000000000000000000e+00,0.000000000000000000e+00,0.000000000000000000e+00,0.000000000000000000e+00,8.276370849609375000e+02,8.276386108398437500e+02,8.276386108398437500e+02,8.276370849609375000e+02,-2.083772507282545045e+07
3.551000000000000156e+00,1.906996025064227607e-01,4.376346855931252944e-01,-1.252743577395936704e-02,-1.104414647618845446e-04,1.813374013167057264e-04,1.405408932767318597e-06,9.146718978881835938e-01,5.216794967651367188e+00,-4.921683311462402344e+00,-1.906996025064227607e-01,-4.376346855931252944e-01,1.252743577395936704e-02,0.000000000000000000e+00,0.000000000000000000e+00,0.000000000000000000e+00,0.000000000000000000e+00,0.000000000000000000e+00,0.000000000000000000e+00,0.000000000000000000e+00,8.276370849609375000e+02,8.276385498046875000e+02,8.276385498046875000e+02,8.276370849609375000e+02,-2.083772530087284371e+07
3.552000000000000046e+00,1.905890144859836988e-01,4.378159962431391605e-01,-1.252608193858149345e-02,-1.105880204390619070e-04,1.813106500138661481e-04,1.353835377873591206e-06,9.146770238876342773e-01,5.216817378997802734e+00,-4.921701908111572266e+00,-1.905890144859836988e-01,-4.378159962431391605e-01,1.252608193858149345e-02,0.000000000000000000e+00,0.000000000000000000e+00,0.000000000000000000e+00,0.000000000000000000e+00,0.000000000000000000e+00,0.000000000000000000e+00,0.000000000000000000e+00,8.276370849609375000e+02,8.276385498046875000e+02,8.276385498046875000e+02,8.276370849609375000e+02,-2.083772552903676406e+07
3.552999999999999936e+00,1.904782667063519286e-01,4.379972534014307528e-01,-1.252481626710587846e-02,-1.107477796317701824e-04,1.812571582915922797e-04,1.265671475614987829e-06,9.146822690963745117e-01,5.216840267181396484e+00,-4.921721458435058594e+00,-1.904782667063519286e-01,-4.379972534014307528e-01,1.252481626710587846e-02,0.000000000000000000e+00,0.000000000000000000e+00,0.000000000000000000e+00,0.000000000000000000e+00,0.000000000000000000e+00,0.000000000000000000e+00,0.000000000000000000e+00,8.276371459960937500e+02,8.276384887695312500e+02,8.276385498046875000e+02,8.276371459960937500e+02,-2.083772575731720030e+07
3.553999999999999826e+00,1.903673593050412838e-01,4.381784570087060571e-01,-1.252367461149418368e-02,-1.109074013106448042e-04,1.812036072753042681e-04,1.141655611694783468e-06,9.146875143051147461e-01,5.216861248016357422e+00,-4.921743392944335938e+00,-1.903673593050412838e-01,-4.381784570087060571e-01,1.252367461149418368e-02,0.000000000000000000e+00,0.000000000000000000e+00,0.000000000000000000e+00,0.000000000000000000e+00,0.000000000000000000e+00,0.000000000000000000e+00,0.000000000000000000e+00,8.276372070312500000e+02,8.276384887695312500e+02,8.276384887695312500e+02,8.276372070312500000e+02,-2.083772598571413383e+07
3.555000000000000160e+00,1.902562924134125755e-01,4.383596070085788998e-01,-1.252269115615100951e-02,-1.110668916287083086e-04,1.811499998728427485e-04,9.834553431741638319e-07,9.146932363510131836e-01,5.216883659362792969e+00,-4.921762466430664062e+00,-1.902562924134125755e-01,-4.383596070085788998e-01,1.252269115615100951e-02,0.000000000000000000e+00,0.000000000000000000e+00,0.000000000000000000e+00,0.000000000000000000e+00,0.000000000000000000e+00,0.000000000000000000e+00,0.000000000000000000e+00,8.276372070312500000e+02,8.276384277343750000e+02,8.276384277343750000e+02,8.276372070312500000e+02,-2.083772621422755346e+07
3.556000000000000050e+00,1.901450528126752415e-01,4.385406766679603718e-01,-1.252189832256109595e-02,-1.112396007373339657e-04,1.810696593814720146e-04,7.928335899135691145e-07,9.146984815597534180e-01,5.216905593872070312e+00,-4.921781063079833984e+00,-1.901450528126752415e-01,-4.385406766679603718e-01,1.252189832256109595e-02,0.000000000000000000e+00,0.000000000000000000e+00,0.000000000000000000e+00,0.000000000000000000e+00,0.000000000000000000e+00,0.000000000000000000e+00,0.000000000000000000e+00,8.276372680664062500e+02,8.276383666992187500e+02,8.276383666992187500e+02,8.276372680664062500e+02,-2.083772644285741821e+07
3.556999999999999940e+00,1.900336539756377063e-01,4.387217192940699451e-01,-1.252132876722775873e-02,-1.113988370375351700e-04,1.810426261095732237e-04,5.695553333372183058e-07,9.147036075592041016e-01,5.216928958892822266e+00,-4.921802520751953125e+00,-1.900336539756377063e-01,-4.387217192940699451e-01,1.252132876722775873e-02,0.000000000000000000e+00,0.000000000000000000e+00,0.000000000000000000e+00,0.000000000000000000e+00,0.000000000000000000e+00,0.000000000000000000e+00,0.000000000000000000e+00,8.276373291015625000e+02,8.276383666992187500e+02,8.276383666992187500e+02,8.276373291015625000e+02,-2.083772667160373926e+07
3.557999999999999829e+00,1.899220960148993997e-01,4.389027081568471211e-01,-1.252101246133198453e-02,-1.115579607383065941e-04,1.809888627771760738e-04,3.163058957741937682e-07,9.147090911865234375e-01,5.216951370239257812e+00,-4.921821594238281250e+00,-1.899220960148993997e-01,-4.389027081568471211e-01,1.252101246133198453e-02,0.000000000000000000e+00,0.000000000000000000e+00,0.000000000000000000e+00,0.000000000000000000e+00,0.000000000000000000e+00,0.000000000000000000e+00,0.000000000000000000e+00,8.276373901367187500e+02,8.276383056640625000e+02,8.276383056640625000e+02,8.276373901367187500e+02,-2.083772690046650544e+07
3.559000000000000163e+00,1.898103923776499613e-01,4.390836432100945763e-01,-1.252097697016808786e-02,-1.117036372494384366e-04,1.809350532474551798e-04,3.549116389667261728e-08,9.147143363952636719e-01,5.216973781585693359e+00,-4.921842098236083984e+00,-1.898103923776499613e-01,-4.390836432100945763e-01,1.252097697016808786e-02,0.000000000000000000e+00,0.000000000000000000e+00,0.000000000000000000e+00,0.000000000000000000e+00,0.000000000000000000e+00,0.000000000000000000e+00,0.000000000000000000e+00,8.276374511718750000e+02,8.276382446289062500e+02,8.276382446289062500e+02,8.276374511718750000e+02,-2.083772712944570929e+07
3.560000000000000053e+00,1.896985298237358897e-01,4.392645244132305504e-01,-1.252124808927486573e-02,-1.118625539140716274e-04,1.808812031359741113e-04,-2.711191067778645492e-07,9.147192239761352539e-01,5.216992855072021484e+00,-4.921860218048095703e+00,-1.896985298237358897e-01,-4.392645244132305504e-01,1.252124808927486573e-02,0.000000000000000000e+00,0.000000000000000000e+00,0.000000000000000000e+00,0.000000000000000000e+00,0.000000000000000000e+00,0.000000000000000000e+00,0.000000000000000000e+00,8.276375122070312500e+02,8.276381835937500000e+02,8.276381835937500000e+02,8.276375122070312500e+02,-2.083772735854134709e+07
3.560999999999999943e+00,1.895865084505300446e-01,4.394453517257825848e-01,-1.252185083149111137e-02,-1.120213732058450429e-04,1.808273125520343250e-04,-6.027422162456497201e-07,9.147247076034545898e-01,5.217015743255615234e+00,-4.921881198883056641e+00,-1.895865084505300446e-01,-4.394453517257825848e-01,1.252185083149111137e-02,0.000000000000000000e+00,0.000000000000000000e+00,0.000000000000000000e+00,0.000000000000000000e+00,0.000000000000000000e+00,0.000000000000000000e+00,0.000000000000000000e+00,8.276375732421875000e+02,8.276381225585937500e+02,8.276381225585937500e+02,8.276375732421875000e+02,-2.083772758775340393e+07
3.561999999999999833e+00,1.894743550142952981e-01,4.396261251142805082e-01,-1.252280447555993714e-02,-1.121534362347464953e-04,1.807733884979234595e-04,-9.536440688257680209e-07,9.147297143936157227e-01,5.217037677764892578e+00,-4.921898841857910156e+00,-1.894743550142952981e-01,-4.396261251142805082e-01,1.252280447555993714e-02,0.000000000000000000e+00,0.000000000000000000e+00,0.000000000000000000e+00,0.000000000000000000e+00,0.000000000000000000e+00,0.000000000000000000e+00,0.000000000000000000e+00,8.276376342773437500e+02,8.276380615234375000e+02,8.276380615234375000e+02,8.276376342773437500e+02,-2.083772781708188727e+07
3.563000000000000167e+00,1.893620583159387749e-01,4.398068450098657767e-01,-1.252412920648105638e-02,-1.122966983565232280e-04,1.807198955852684641e-04,-1.324730921119232629e-06,9.147349596023559570e-01,5.217058658599853516e+00,-4.921919345855712891e+00,-1.893620583159387749e-01,-4.398068450098657767e-01,1.252412920648105638e-02,0.000000000000000000e+00,0.000000000000000000e+00,0.000000000000000000e+00,0.000000000000000000e+00,0.000000000000000000e+00,0.000000000000000000e+00,0.000000000000000000e+00,8.276376953125000000e+02,8.276380004882812500e+02,8.276380004882812500e+02,8.276376953125000000e+02,-2.083772804652678967e+07
3.564000000000000057e+00,1.892496409832686577e-01,4.399875371313588523e-01,-1.252584056017489074e-02,-1.124173326701172204e-04,1.806921214930756747e-04,-1.711353693834363754e-06,9.147403240203857422e-01,5.217080116271972656e+00,-4.921939373016357422e+00,-1.892496409832686577e-01,-4.399875371313588523e-01,1.252584056017489074e-02,0.000000000000000000e+00,0.000000000000000000e+00,0.000000000000000000e+00,0.000000000000000000e+00,0.000000000000000000e+00,0.000000000000000000e+00,0.000000000000000000e+00,8.276377563476562500e+02,8.276378784179687500e+02,8.276379394531250000e+02,8.276377563476562500e+02,-2.083772827608814463e+07
3.564999999999999947e+00,1.891371051158379502e-01,4.401681752522280666e-01,-1.252795039104681769e-02,-1.125358674307075368e-04,1.806381208692142692e-04,-2.109830871926954288e-06,9.147453308105468750e-01,5.217101097106933594e+00,-4.921957969665527344e+00,-1.891371051158379502e-01,-4.401681752522280666e-01,1.252795039104681769e-02,0.000000000000000000e+00,0.000000000000000000e+00,0.000000000000000000e+00,0.000000000000000000e+00,0.000000000000000000e+00,0.000000000000000000e+00,0.000000000000000000e+00,8.276378173828125000e+02,8.276378173828125000e+02,8.276378173828125000e+02,8.276378173828125000e+02,-2.083772850576595962e+07
3.565999999999999837e+00,1.890244641043690721e-01,4.403487860340115079e-01,-1.253047046695682232e-02,-1.126410114688780606e-04,1.806107817834412543e-04,-2.520075910004623831e-06,9.147504568099975586e-01,5.217123985290527344e+00,-4.921977519989013672e+00,-1.890244641043690721e-01,-4.403487860340115079e-01,1.253047046695682232e-02,0.000000000000000000e+00,0.000000000000000000e+00,0.000000000000000000e+00,0.000000000000000000e+00,0.000000000000000000e+00,0.000000000000000000e+00,0.000000000000000000e+00,8.276378784179687500e+02,8.276377563476562500e+02,8.276377563476562500e+02,8.276378784179687500e+02,-2.083772873556027189e+07
3.567000000000000171e+00,1.889117313105907747e-01,4.405293694683092287e-01,-1.253340584148101254e-02,-1.127327937782973688e-04,1.805834342977208351e-04,-2.935374524190223489e-06,9.147558212280273438e-01,5.217146396636962891e+00,-4.921997547149658203e+00,-1.889117313105907747e-01,-4.405293694683092287e-01,1.253340584148101254e-02,0.000000000000000000e+00,0.000000000000000000e+00,0.000000000000000000e+00,0.000000000000000000e+00,0.000000000000000000e+00,0.000000000000000000e+00,0.000000000000000000e+00,8.276379394531250000e+02,8.276376953125000000e+02,8.276376953125000000e+02,8.276379394531250000e+02,-2.083772896547112614e+07
3.568000000000000060e+00,1.887989200930569045e-01,4.407099255481150002e-01,-1.253676073449952293e-02,-1.128112175338702450e-04,1.805560798057714855e-04,-3.354893018510385350e-06,9.147608280181884766e-01,5.217166900634765625e+00,-4.922016143798828125e+00,-1.887989200930569045e-01,-4.407099255481150002e-01,1.253676073449952293e-02,0.000000000000000000e+00,0.000000000000000000e+00,0.000000000000000000e+00,0.000000000000000000e+00,0.000000000000000000e+00,0.000000000000000000e+00,0.000000000000000000e+00,8.276380004882812500e+02,8.276376342773437500e+02,8.276376342773437500e+02,8.276380004882812500e+02,-2.083772919549856707e+07
3.568999999999999950e+00,1.886860304569519531e-01,4.408904542733048659e-01,-1.254053597952408186e-02,-1.128896361049513963e-04,1.805287251898657352e-04,-3.775245024558934737e-06,9.147659540176391602e-01,5.217186927795410156e+00,-4.922035217285156250e+00,-1.886860304569519531e-01,-4.408904542733048659e-01,1.254053597952408186e-02,0.000000000000000000e+00,0.000000000000000000e+00,0.000000000000000000e+00,0.000000000000000000e+00,0.000000000000000000e+00,0.000000000000000000e+00,0.000000000000000000e+00,8.276381225585937500e+02,8.276375732421875000e+02,8.276375732421875000e+02,8.276380615234375000e+02,-2.083772942564264312e+07
3.569999999999999840e+00,1.885730890725454967e-01,4.410709556478666915e-01,-1.254472834386520172e-02,-1.129413844064564021e-04,1.805013745618255783e-04,-4.192364341119858562e-06,9.147713184356689453e-01,5.217208862304687500e+00,-4.922055244445800781e+00,-1.885730890725454967e-01,-4.410709556478666915e-01,1.254472834386520172e-02,0.000000000000000000e+00,0.000000000000000000e+00,0.000000000000000000e+00,0.000000000000000000e+00,0.000000000000000000e+00,0.000000000000000000e+00,0.000000000000000000e+00,8.276381835937500000e+02,8.276375122070312500e+02,8.276375122070312500e+02,8.276381225585937500e+02,-2.083772965590341017e+07
3.571000000000000174e+00,1.884600959193271086e-01,4.412514296826381965e-01,-1.254933199091467881e-02,-1.129931532183880982e-04,1.804740347715050319e-04,-4.603647049477091469e-06,9.147759675979614258e-01,5.217230796813964844e+00,-4.922075271606445312e+00,-1.884600959193271086e-01,-4.412514296826381965e-01,1.254933199091467881e-02,0.000000000000000000e+00,0.000000000000000000e+00,0.000000000000000000e+00,0.000000000000000000e+00,0.000000000000000000e+00,0.000000000000000000e+00,0.000000000000000000e+00,8.276382446289062500e+02,8.276374511718750000e+02,8.276374511718750000e+02,8.276381835937500000e+02,-2.083772988628092781e+07
3.572000000000000064e+00,1.883470776516713852e-01,4.414319030707758995e-01,-1.255433872939551790e-02,-1.130182676557234256e-04,1.804733881377029725e-04,-5.006738480839087457e-06,9.147809743881225586e-01,5.217250823974609375e+00,-4.922091960906982422e+00,-1.883470776516713852e-01,-4.414319030707758995e-01,1.255433872939551790e-02,0.000000000000000000e+00,0.000000000000000000e+00,0.000000000000000000e+00,0.000000000000000000e+00,0.000000000000000000e+00,0.000000000000000000e+00,0.000000000000000000e+00,8.276383056640625000e+02,8.276373901367187500e+02,8.276373901367187500e+02,8.276382446289062500e+02,-2.083773011677528545e+07
3.572999999999999954e+00,1.882340342264926247e-01,4.416123758326491733e-01,-1.255973688627990553e-02,-1.130434251787604261e-04,1.804727618732737682e-04,-5.398156884387633747e-06,9.147864580154418945e-01,5.217273235321044922e+00,-4.922111988067626953e+00,-1.882340342264926247e-01,-4.416123758326491733e-01,1.255973688627990553e-02,0.000000000000000000e+00,0.000000000000000000e+00,0.000000000000000000e+00,0.000000000000000000e+00,0.000000000000000000e+00,0.000000000000000000e+00,0.000000000000000000e+00,8.276383056640625000e+02,8.276373291015625000e+02,8.276373291015625000e+02,8.276383056640625000e+02,-2.083773034738657624e+07
3.573999999999999844e+00,1.881209922590408867e-01,4.417928213130499215e-01,-1.256550984488921663e-02,-1.130419674517380013e-04,1.804454804007482593e-04,-5.772958609311096279e-06,9.147912263870239258e-01,5.217293739318847656e+00,-4.922132492065429688e+00,-1.881209922590408867e-01,-4.417928213130499215e-01,1.256550984488921663e-02,0.000000000000000000e+00,0.000000000000000000e+00,0.000000000000000000e+00,0.000000000000000000e+00,0.000000000000000000e+00,0.000000000000000000e+00,0.000000000000000000e+00,8.276383666992187500e+02,8.276372680664062500e+02,8.276372680664062500e+02,8.276383666992187500e+02,-2.083773057811487466e+07
3.575000000000000178e+00,1.880079650341935915e-01,4.419732929010350420e-01,-1.257164106878678501e-02,-1.130272248472952157e-04,1.804715879851204186e-04,-6.131223897568385817e-06,9.147961139678955078e-01,5.217316150665283203e+00,-4.922151565551757812e+00,-1.880079650341935915e-01,-4.419732929010350420e-01,1.257164106878678501e-02,0.000000000000000000e+00,0.000000000000000000e+00,0.000000000000000000e+00,0.000000000000000000e+00,0.000000000000000000e+00,0.000000000000000000e+00,0.000000000000000000e+00,8.276384277343750000e+02,8.276372070312500000e+02,8.276372070312500000e+02,8.276384277343750000e+02,-2.083773080896030739e+07
3.576000000000000068e+00,1.878949412762917492e-01,4.421537375931527403e-01,-1.257810979694456120e-02,-1.130237579018422700e-04,1.804446921176983132e-04,-6.468728157776187926e-06,9.148014783859252930e-01,5.217338085174560547e+00,-4.922169685363769531e+00,-1.878949412762917492e-01,-4.421537375931527403e-01,1.257810979694456120e-02,0.000000000000000000e+00,0.000000000000000000e+00,0.000000000000000000e+00,0.000000000000000000e+00,0.000000000000000000e+00,0.000000000000000000e+00,0.000000000000000000e+00,8.276384887695312500e+02,8.276372070312500000e+02,8.276372070312500000e+02,8.276384887695312500e+02,-2.083773103992295265e+07
3.576999999999999957e+00,1.877819833186491760e-01,4.423342081264125536e-01,-1.258489425069793388e-02,-1.129579576425732146e-04,1.804705332598133261e-04,-6.784453753372679530e-06,9.148066043853759766e-01,5.217357635498046875e+00,-4.922189235687255859e+00,-1.877819833186491760e-01,-4.423342081264125536e-01,1.258489425069793388e-02,0.000000000000000000e+00,0.000000000000000000e+00,0.000000000000000000e+00,0.000000000000000000e+00,0.000000000000000000e+00,0.000000000000000000e+00,0.000000000000000000e+00,8.276384887695312500e+02,8.276371459960937500e+02,8.276371459960937500e+02,8.276384887695312500e+02,-2.083773127100295573e+07
3.577999999999999847e+00,1.876690665223672838e-01,4.425147048808542039e-01,-1.259196786920524502e-02,-1.129167962818922177e-04,1.804967544416502534e-04,-7.073618507311141279e-06,9.148116111755371094e-01,5.217379093170166016e+00,-4.922208309173583984e+00,-1.876690665223672838e-01,-4.425147048808542039e-01,1.259196786920524502e-02,0.000000000000000000e+00,0.000000000000000000e+00,0.000000000000000000e+00,0.000000000000000000e+00,0.000000000000000000e+00,0.000000000000000000e+00,0.000000000000000000e+00,8.276385498046875000e+02,8.276371459960937500e+02,8.276371459960937500e+02,8.276385498046875000e+02,-2.083773150220045447e+07
3.579000000000000181e+00,1.875562174634269330e-01,4.426952012172356010e-01,-1.259930403098681595e-02,-1.128490589403507993e-04,1.804963363813971711e-04,-7.336161781570926799e-06,9.148167371749877930e-01,5.217400550842285156e+00,-4.922226905822753906e+00,-1.875562174634269330e-01,-4.426952012172356010e-01,1.259930403098681595e-02,0.000000000000000000e+00,0.000000000000000000e+00,0.000000000000000000e+00,0.000000000000000000e+00,0.000000000000000000e+00,0.000000000000000000e+00,0.000000000000000000e+00,8.276385498046875000e+02,8.276370849609375000e+02,8.276370849609375000e+02,8.276385498046875000e+02,-2.083773173351557180e+07
3.580000000000000071e+00,1.874434493712824612e-01,4.428757505473644995e-01,-1.260687202540044898e-02,-1.127680921444718098e-04,1.805493301288985108e-04,-7.567994413633025164e-06,9.148216247558593750e-01,5.217420578002929688e+00,-4.922246456146240234e+00,-1.874434493712824612e-01,-4.428757505473644995e-01,1.260687202540044898e-02,0.000000000000000000e+00,0.000000000000000000e+00,0.000000000000000000e+00,0.000000000000000000e+00,0.000000000000000000e+00,0.000000000000000000e+00,0.000000000000000000e+00,8.276386108398437500e+02,8.276370849609375000e+02,8.276370849609375000e+02,8.276386108398437500e+02,-2.083773196494848281e+07
3.580999999999999961e+00,1.873307754646600654e-01,4.430562995576097785e-01,-1.261464180085084853e-02,-1.126739066223958474e-04,1.805490102452789181e-04,-7.769775450399557526e-06,9.148262739181518555e-01,5.217441082000732422e+00,-4.922264575958251953e+00,-1.873307754646600654e-01,-4.430562995576097785e-01,1.261464180085084853e-02,0.000000000000000000e+00,0.000000000000000000e+00,0.000000000000000000e+00,0.000000000000000000e+00,0.000000000000000000e+00,0.000000000000000000e+00,0.000000000000000000e+00,8.276386108398437500e+02,8.276370849609375000e+02,8.276370849609375000e+02,8.276386108398437500e+02,-2.083773219649931416e+07
3.581999999999999851e+00,1.872181956223968047e-01,4.432369016650029581e-01,-1.262258009380728789e-02,-1.125798422632606766e-04,1.806021073931796117e-04,-7.938292956439357839e-06,9.148316383361816406e-01,5.217464447021484375e+00,-4.922284126281738281e+00,-1.872181956223968047e-01,-4.432369016650029581e-01,1.262258009380728789e-02,0.000000000000000000e+00,0.000000000000000000e+00,0.000000000000000000e+00,0.000000000000000000e+00,0.000000000000000000e+00,0.000000000000000000e+00,0.000000000000000000e+00,8.276386108398437500e+02,8.276370239257812500e+02,8.276370239257812500e+02,8.276386108398437500e+02,-2.083773242816824839e+07
3.583000000000000185e+00,1.871057363906997728e-01,4.434175302420671483e-01,-1.263065277919715734e-02,-1.124592316970318695e-04,1.806285770641902211e-04,-8.072685389869452277e-06,9.148366451263427734e-01,5.217485904693603516e+00,-4.922302722930908203e+00,-1.871057363906997728e-01,-4.434175302420671483e-01,1.263065277919715734e-02,0.000000000000000000e+00,0.000000000000000000e+00,0.000000000000000000e+00,0.000000000000000000e+00,0.000000000000000000e+00,0.000000000000000000e+00,0.000000000000000000e+00,8.276386108398437500e+02,8.276370239257812500e+02,8.276370239257812500e+02,8.276386108398437500e+02,-2.083773265995544568e+07
3.584000000000000075e+00,1.869933976413197807e-01,4.435982120259359118e-01,-1.263882571607266928e-02,-1.123387493799921089e-04,1.806817838687635458e-04,-8.172936875511932486e-06,9.148415327072143555e-01,5.217504501342773438e+00,-4.922321319580078125e+00,-1.869933976413197807e-01,-4.435982120259359118e-01,1.263882571607266928e-02,0.000000000000000000e+00,0.000000000000000000e+00,0.000000000000000000e+00,0.000000000000000000e+00,0.000000000000000000e+00,0.000000000000000000e+00,0.000000000000000000e+00,8.276386108398437500e+02,8.276370239257812500e+02,8.276370239257812500e+02,8.276386108398437500e+02,-2.083773289186108857e+07
3.584999999999999964e+00,1.868811792292114915e-01,4.437789203957058226e-01,-1.264706217494182723e-02,-1.122184121082892005e-04,1.807083697699107816e-04,-8.236458869157955998e-06,9.148467779159545898e-01,5.217527389526367188e+00,-4.922340393066406250e+00,-1.868811792292114915e-01,-4.437789203957058226e-01,1.264706217494182723e-02,0.000000000000000000e+00,0.000000000000000000e+00,0.000000000000000000e+00,0.000000000000000000e+00,0.000000000000000000e+00,0.000000000000000000e+00,0.000000000000000000e+00,8.276386108398437500e+02,8.276370239257812500e+02,8.276370849609375000e+02,8.276386108398437500e+02,-2.083773312388534099e+07
3.585999999999999854e+00,1.867691076936767725e-01,4.439596554085407654e-01,-1.265532557330933949e-02,-1.120715355347190467e-04,1.807350128349427543e-04,-8.263398367512261866e-06,9.148517847061157227e-01,5.217548370361328125e+00,-4.922360420227050781e+00,-1.867691076936767725e-01,-4.439596554085407654e-01,1.265532557330933949e-02,0.000000000000000000e+00,0.000000000000000000e+00,0.000000000000000000e+00,0.000000000000000000e+00,0.000000000000000000e+00,0.000000000000000000e+00,0.000000000000000000e+00,8.276386108398437500e+02,8.276370849609375000e+02,8.276370849609375000e+02,8.276386108398437500e+02,-2.083773335602837428e+07
3.587000000000000188e+00,1.866571829060253707e-01,4.441404704835028583e-01,-1.266358097997943508e-02,-1.119247876514017914e-04,1.808150749620929254e-04,-8.255406670095583044e-06,9.148566722869873047e-01,5.217570304870605469e+00,-4.922378540039062500e+00,-1.866571829060253707e-01,-4.441404704835028583e-01,1.266358097997943508e-02,0.000000000000000000e+00,0.000000000000000000e+00,0.000000000000000000e+00,0.000000000000000000e+00,0.000000000000000000e+00,0.000000000000000000e+00,0.000000000000000000e+00,8.276385498046875000e+02,8.276370849609375000e+02,8.276370849609375000e+02,8.276385498046875000e+02,-2.083773358829040080e+07
3.588000000000000078e+00,1.865454047106051838e-01,4.443213123209769910e-01,-1.267178995454590514e-02,-1.117781954201868544e-04,1.808418374741327384e-04,-8.208974566470059187e-06,9.148616790771484375e-01,5.217590332031250000e+00,-4.922398090362548828e+00,-1.865454047106051838e-01,-4.443213123209769910e-01,1.267178995454590514e-02,0.000000000000000000e+00,0.000000000000000000e+00,0.000000000000000000e+00,0.000000000000000000e+00,0.000000000000000000e+00,0.000000000000000000e+00,0.000000000000000000e+00,8.276385498046875000e+02,8.276370849609375000e+02,8.276370849609375000e+02,8.276385498046875000e+02,-2.083773382067159191e+07
3.588999999999999968e+00,1.864337752125025671e-01,4.445022078406741795e-01,-1.267991773854226442e-02,-1.116294981026166866e-04,1.808955196971884227e-04,-8.127783996359286278e-06,9.148666858673095703e-01,5.217610359191894531e+00,-4.922416210174560547e+00,-1.864337752125025671e-01,-4.445022078406741795e-01,1.267991773854226442e-02,0.000000000000000000e+00,0.000000000000000000e+00,0.000000000000000000e+00,0.000000000000000000e+00,0.000000000000000000e+00,0.000000000000000000e+00,0.000000000000000000e+00,8.276385498046875000e+02,8.276371459960937500e+02,8.276371459960937500e+02,8.276384887695312500e+02,-2.083773405317213759e+07
3.589999999999999858e+00,1.863223164846253832e-01,4.446831567231905868e-01,-1.268792815040252139e-02,-1.114587278771839163e-04,1.809488825164073944e-04,-8.010411860256971828e-06,9.148719310760498047e-01,5.217633724212646484e+00,-4.922436237335205078e+00,-1.863223164846253832e-01,-4.446831567231905868e-01,1.268792815040252139e-02,0.000000000000000000e+00,0.000000000000000000e+00,0.000000000000000000e+00,0.000000000000000000e+00,0.000000000000000000e+00,0.000000000000000000e+00,0.000000000000000000e+00,8.276384887695312500e+02,8.276372070312500000e+02,8.276372070312500000e+02,8.276384887695312500e+02,-2.083773428579223529e+07
3.591000000000000192e+00,1.862110172874092695e-01,4.448641592164332970e-01,-1.269578800452878312e-02,-1.112991972161136989e-04,1.810024932427101163e-04,-7.859854126261722751e-06,9.148768186569213867e-01,5.217654228210449219e+00,-4.922455310821533203e+00,-1.862110172874092695e-01,-4.448641592164332970e-01,1.269578800452878312e-02,0.000000000000000000e+00,0.000000000000000000e+00,0.000000000000000000e+00,0.000000000000000000e+00,0.000000000000000000e+00,0.000000000000000000e+00,0.000000000000000000e+00,8.276384277343750000e+02,8.276372070312500000e+02,8.276372070312500000e+02,8.276384277343750000e+02,-2.083773451853208244e+07
3.592000000000000082e+00,1.860998774841438885e-01,4.450452153767909258e-01,-1.270346228270761643e-02,-1.111398032653809764e-04,1.810561603576288370e-04,-7.674278178833315867e-06,9.148819446563720703e-01,5.217675685882568359e+00,-4.922473907470703125e+00,-1.860998774841438885e-01,-4.450452153767909258e-01,1.270346228270761643e-02,0.000000000000000000e+00,0.000000000000000000e+00,0.000000000000000000e+00,0.000000000000000000e+00,0.000000000000000000e+00,0.000000000000000000e+00,0.000000000000000000e+00,8.276384277343750000e+02,8.276372680664062500e+02,8.276372680664062500e+02,8.276383666992187500e+02,-2.083773475139186904e+07
3.592999999999999972e+00,1.859888969543199433e-01,4.452263519361012167e-01,-1.271091934518641178e-02,-1.109805298239452398e-04,1.811365593102909344e-04,-7.457062478795351002e-06,9.148870706558227539e-01,5.217696189880371094e+00,-4.922494411468505859e+00,-1.859888969543199433e-01,-4.452263519361012167e-01,1.271091934518641178e-02,0.000000000000000000e+00,0.000000000000000000e+00,0.000000000000000000e+00,0.000000000000000000e+00,0.000000000000000000e+00,0.000000000000000000e+00,0.000000000000000000e+00,8.276383666992187500e+02,8.276373291015625000e+02,8.276373291015625000e+02,8.276383666992187500e+02,-2.083773498437181115e+07
3.593999999999999861e+00,1.858780889138859360e-01,4.454075155789956053e-01,-1.271812914158426157e-02,-1.108080404340072711e-04,1.811636428943885768e-04,-7.209796397849785321e-06,9.148918390274047852e-01,5.217717647552490234e+00,-4.922513961791992188e+00,-1.858780889138859360e-01,-4.454075155789956053e-01,1.271812914158426157e-02,0.000000000000000000e+00,0.000000000000000000e+00,0.000000000000000000e+00,0.000000000000000000e+00,0.000000000000000000e+00,0.000000000000000000e+00,0.000000000000000000e+00,8.276383056640625000e+02,8.276373901367187500e+02,8.276373901367187500e+02,8.276383056640625000e+02,-2.083773521747208014e+07
3.595000000000000195e+00,1.857674265672858704e-01,4.455887330371638977e-01,-1.272506159604045069e-02,-1.106623466000655753e-04,1.812174581682923780e-04,-6.932454456189118819e-06,9.148975610733032227e-01,5.217740535736083984e+00,-4.922532558441162109e+00,-1.857674265672858704e-01,-4.455887330371638977e-01,1.272506159604045069e-02,0.000000000000000000e+00,0.000000000000000000e+00,0.000000000000000000e+00,0.000000000000000000e+00,0.000000000000000000e+00,0.000000000000000000e+00,0.000000000000000000e+00,8.276382446289062500e+02,8.276374511718750000e+02,8.276374511718750000e+02,8.276382446289062500e+02,-2.083773545069286227e+07
3.596000000000000085e+00,1.856569231597193503e-01,4.457700043475464335e-01,-1.273169258132065586e-02,-1.105034075665201065e-04,1.812713103825358552e-04,-6.630985280205170529e-06,9.149023294448852539e-01,5.217761516571044922e+00,-4.922551631927490234e+00,-1.856569231597193503e-01,-4.457700043475464335e-01,1.273169258132065586e-02,0.000000000000000000e+00,0.000000000000000000e+00,0.000000000000000000e+00,0.000000000000000000e+00,0.000000000000000000e+00,0.000000000000000000e+00,0.000000000000000000e+00,8.276381835937500000e+02,8.276375122070312500e+02,8.276375122070312500e+02,8.276381835937500000e+02,-2.083773568403434753e+07
3.596999999999999975e+00,1.855465785859294892e-01,4.459513295524373810e-01,-1.273799541701007600e-02,-1.103445737898611778e-04,1.813252048909475000e-04,-6.302835689420138721e-06,9.149074554443359375e-01,5.217782497406005859e+00,-4.922571659088134766e+00,-1.855465785859294892e-01,-4.459513295524373810e-01,1.273799541701007600e-02,0.000000000000000000e+00,0.000000000000000000e+00,0.000000000000000000e+00,0.000000000000000000e+00,0.000000000000000000e+00,0.000000000000000000e+00,0.000000000000000000e+00,8.276381225585937500e+02,8.276375732421875000e+02,8.276375732421875000e+02,8.276381225585937500e+02,-2.083773591749672592e+07
3.597999999999999865e+00,1.854363660820756154e-01,4.461327086873877468e-01,-1.274394915527928517e-02,-1.102125038538737112e-04,1.813791349503657280e-04,-5.953738269209168932e-06,9.149124622344970703e-01,5.217803478240966797e+00,-4.922589302062988281e+00,-1.854363660820756154e-01,-4.461327086873877468e-01,1.274394915527928517e-02,0.000000000000000000e+00,0.000000000000000000e+00,0.000000000000000000e+00,0.000000000000000000e+00,0.000000000000000000e+00,0.000000000000000000e+00,0.000000000000000000e+00,8.276380615234375000e+02,8.276376342773437500e+02,8.276376342773437500e+02,8.276380615234375000e+02,-2.083773615108017251e+07
3.599000000000000199e+00,1.853262989156325979e-01,4.463141417796314125e-01,-1.274953550535667945e-02,-1.100671664430175056e-04,1.814330922436657723e-04,-5.586350077394289237e-06,9.149175882339477539e-01,5.217825889587402344e+00,-4.922609806060791016e+00,-1.853262989156325979e-01,-4.463141417796314125e-01,1.274953550535667945e-02,0.000000000000000000e+00,0.000000000000000000e+00,0.000000000000000000e+00,0.000000000000000000e+00,0.000000000000000000e+00,0.000000000000000000e+00,0.000000000000000000e+00,8.276380004882812500e+02,8.276376953125000000e+02,8.276376953125000000e+02,8.276380004882812500e+02,-2.083773638478487357e+07
3.600000000000000089e+00,1.852163503320256588e-01,4.464956021781876783e-01,-1.275473681122711415e-02,-1.099485836069391542e-04,1.814603985562657229e-04,-5.201305870434699830e-06,9.149229526519775391e-01,5.217845916748046875e+00,-4.922629833221435547e+00,-1.852163503320256588e-01,-4.464956021781876783e-01,1.275473681122711415e-02,0.000000000000000000e+00,0.000000000000000000e+00,0.000000000000000000e+00,0.000000000000000000e+00,0.000000000000000000e+00,0.000000000000000000e+00,0.000000000000000000e+00,8.276379394531250000e+02,8.276377563476562500e+02,8.276377563476562500e+02,8.276379394531250000e+02,-2.083773661861097440e+07
3.600999999999999979e+00,1.851065202776521201e-01,4.466771165858249848e-01,-1.275953894220832087e-02,-1.098300543735386547e-04,1.815144076373065296e-04,-4.802130981206714777e-06,9.149279594421386719e-01,5.217868804931640625e+00,-4.922649383544921875e+00,-1.851065202776521201e-01,-4.466771165858249848e-01,1.275953894220832087e-02,0.000000000000000000e+00,0.000000000000000000e+00,0.000000000000000000e+00,0.000000000000000000e+00,0.000000000000000000e+00,0.000000000000000000e+00,0.000000000000000000e+00,8.276378784179687500e+02,8.276378173828125000e+02,8.276378173828125000e+02,8.276378173828125000e+02,-2.083773685255865008e+07
3.601999999999999869e+00,1.849967843469200734e-01,4.468586316998018892e-01,-1.276393191415473895e-02,-1.097359307320466826e-04,1.815151139769044519e-04,-4.392971946418078311e-06,9.149332046508789062e-01,5.217892646789550781e+00,-4.922668457031250000e+00,-1.849967843469200734e-01,-4.468586316998018892e-01,1.276393191415473895e-02,0.000000000000000000e+00,0.000000000000000000e+00,0.000000000000000000e+00,0.000000000000000000e+00,0.000000000000000000e+00,0.000000000000000000e+00,0.000000000000000000e+00,8.276377563476562500e+02,8.276378784179687500e+02,8.276378784179687500e+02,8.276377563476562500e+02,-2.083773708662801608e+07
3.603000000000000203e+00,1.848871645629333871e-01,4.470402007937901989e-01,-1.276790965880079259e-02,-1.096197839866863699e-04,1.815690939883096711e-04,-3.977744646053646416e-06,9.149380922317504883e-01,5.217911720275878906e+00,-4.922688007354736328e+00,-1.848871645629333871e-01,-4.470402007937901989e-01,1.276790965880079259e-02,0.000000000000000000e+00,0.000000000000000000e+00,0.000000000000000000e+00,0.000000000000000000e+00,0.000000000000000000e+00,0.000000000000000000e+00,0.000000000000000000e+00,8.276376953125000000e+02,8.276379394531250000e+02,8.276379394531250000e+02,8.276376953125000000e+02,-2.083773732081924006e+07
3.604000000000000092e+00,1.847776365334148907e-01,4.472218239324346478e-01,-1.277146561353238556e-02,-1.095280295184963837e-04,1.816231386444489004e-04,-3.555954731592966822e-06,9.149438142776489258e-01,5.217934608459472656e+00,-4.922707557678222656e+00,-1.847776365334148907e-01,-4.472218239324346478e-01,1.277146561353238556e-02,0.000000000000000000e+00,0.000000000000000000e+00,0.000000000000000000e+00,0.000000000000000000e+00,0.000000000000000000e+00,0.000000000000000000e+00,0.000000000000000000e+00,8.276376342773437500e+02,8.276380004882812500e+02,8.276380004882812500e+02,8.276376342773437500e+02,-2.083773755513248593e+07
3.604999999999999982e+00,1.846681735715239858e-01,4.474034477539823862e-01,-1.277460042214950860e-02,-1.094629618909048752e-04,1.816238215477383733e-04,-3.134808617123036045e-06,9.149484634399414062e-01,5.217957496643066406e+00,-4.922727584838867188e+00,-1.846681735715239858e-01,-4.474034477539823862e-01,1.277460042214950860e-02,0.000000000000000000e+00,0.000000000000000000e+00,0.000000000000000000e+00,0.000000000000000000e+00,0.000000000000000000e+00,0.000000000000000000e+00,0.000000000000000000e+00,8.276375732421875000e+02,8.276380615234375000e+02,8.276380615234375000e+02,8.276375732421875000e+02,-2.083773778956785426e+07
3.605999999999999872e+00,1.845587756787371858e-01,4.475850989382245682e-01,-1.277731412794489048e-02,-1.093978927868000106e-04,1.816511842421819622e-04,-2.713705795381882169e-06,9.149539470672607422e-01,5.217978000640869141e+00,-4.922747135162353516e+00,-1.845587756787371858e-01,-4.475850989382245682e-01,1.277731412794489048e-02,0.000000000000000000e+00,0.000000000000000000e+00,0.000000000000000000e+00,0.000000000000000000e+00,0.000000000000000000e+00,0.000000000000000000e+00,0.000000000000000000e+00,8.276375122070312500e+02,8.276381225585937500e+02,8.276381225585937500e+02,8.276375122070312500e+02,-2.083773802412547544e+07
3.607000000000000206e+00,1.844494161981988234e-01,4.477668041583722780e-01,-1.277961250631754440e-02,-1.093594805383624191e-04,1.817052201477098450e-04,-2.298378372653925306e-06,9.149595499038696289e-01,5.218000888824462891e+00,-4.922767639160156250e+00,-1.844494161981988234e-01,-4.477668041583722780e-01,1.277961250631754440e-02,0.000000000000000000e+00,0.000000000000000000e+00,0.000000000000000000e+00,0.000000000000000000e+00,0.000000000000000000e+00,0.000000000000000000e+00,0.000000000000000000e+00,8.276374511718750000e+02,8.276381835937500000e+02,8.276381835937500000e+02,8.276374511718750000e+02,-2.083773825880549103e+07
3.608000000000000096e+00,1.843401084871828521e-01,4.479484566744129648e-01,-1.278150377541638696e-02,-1.093077110159712539e-04,1.816525160406867734e-04,-1.891269098842560115e-06,9.149645566940307617e-01,5.218023300170898438e+00,-4.922786235809326172e+00,-1.843401084871828521e-01,-4.479484566744129648e-01,1.278150377541638696e-02,0.000000000000000000e+00,0.000000000000000000e+00,0.000000000000000000e+00,0.000000000000000000e+00,0.000000000000000000e+00,0.000000000000000000e+00,0.000000000000000000e+00,8.276373901367187500e+02,8.276382446289062500e+02,8.276382446289062500e+02,8.276373901367187500e+02,-2.083773849360795319e+07
3.608999999999999986e+00,1.842308125783474748e-01,4.481301631959844212e-01,-1.278299878997853425e-02,-1.092959088353773200e-04,1.817065215714563919e-04,-1.495014562147289894e-06,9.149698019027709961e-01,5.218044757843017578e+00,-4.922807693481445312e+00,-1.842308125783474748e-01,-4.481301631959844212e-01,1.278299878997853425e-02,0.000000000000000000e+00,0.000000000000000000e+00,0.000000000000000000e+00,0.000000000000000000e+00,0.000000000000000000e+00,0.000000000000000000e+00,0.000000000000000000e+00,8.276373291015625000e+02,8.276383056640625000e+02,8.276383056640625000e+02,8.276373291015625000e+02,-2.083773872853299230e+07
3.609999999999999876e+00,1.841215151809946771e-01,4.483118703372455660e-01,-1.278411241994663501e-02,-1.092973973527977538e-04,1.817071412611448444e-04,-1.113629968100757206e-06,9.149752855300903320e-01,5.218066692352294922e+00,-4.922826290130615234e+00,-1.841215151809946771e-01,-4.483118703372455660e-01,1.278411241994663501e-02,0.000000000000000000e+00,0.000000000000000000e+00,0.000000000000000000e+00,0.000000000000000000e+00,0.000000000000000000e+00,0.000000000000000000e+00,0.000000000000000000e+00,8.276372680664062500e+02,8.276383666992187500e+02,8.276383666992187500e+02,8.276372680664062500e+02,-2.083773896358069032e+07
3.611000000000000210e+00,1.840122163553134516e-01,4.484935780716756137e-01,-1.278486050713958586e-02,-1.092988256812255088e-04,1.817077344300477293e-04,-7.480871929508442486e-07,9.149806499481201172e-01,5.218090057373046875e+00,-4.922845840454101562e+00,-1.840122163553134516e-01,-4.484935780716756137e-01,1.278486050713958586e-02,0.000000000000000000e+00,0.000000000000000000e+00,0.000000000000000000e+00,0.000000000000000000e+00,0.000000000000000000e+00,0.000000000000000000e+00,0.000000000000000000e+00,8.276372680664062500e+02,8.276384277343750000e+02,8.276384277343750000e+02,8.276372070312500000e+02,-2.083773919875112921e+07
3.612000000000000099e+00,1.839029028438749769e-01,4.486752863648547085e-01,-1.278526467761155125e-02,-1.093135114384746753e-04,1.817082931790947598e-04,-4.041704719653926858e-07,9.149860143661499023e-01,5.218111991882324219e+00,-4.922866821289062500e+00,-1.839029028438749769e-01,-4.486752863648547085e-01,1.278526467761155125e-02,0.000000000000000000e+00,0.000000000000000000e+00,0.000000000000000000e+00,0.000000000000000000e+00,0.000000000000000000e+00,0.000000000000000000e+00,0.000000000000000000e+00,8.276372070312500000e+02,8.276384887695312500e+02,8.276384887695312500e+02,8.276372070312500000e+02,-2.083773943404438347e+07
3.612999999999999989e+00,1.837935347017109478e-01,4.488569951879287645e-01,-1.278534478525602744e-02,-1.093681421640291251e-04,1.817088230740560029e-04,-8.010764447619056483e-08,9.149911403656005859e-01,5.218134403228759766e+00,-4.922887325286865234e+00,-1.837935347017109478e-01,-4.488569951879287645e-01,1.278534478525602744e-02,0.000000000000000000e+00,0.000000000000000000e+00,0.000000000000000000e+00,0.000000000000000000e+00,0.000000000000000000e+00,0.000000000000000000e+00,0.000000000000000000e+00,8.276371459960937500e+02,8.276384887695312500e+02,8.276384887695312500e+02,8.276371459960937500e+02,-2.083773966946051270e+07
3.613999999999999879e+00,1.836841387060177688e-01,4.490386511323934404e-01,-1.278512752975394760e-02,-1.093959956931789268e-04,1.816559444646759225e-04,2.172555020798355718e-07,9.149962663650512695e-01,5.218156337738037109e+00,-4.922906875610351562e+00,-1.836841387060177688e-01,-4.490386511323934404e-01,1.278512752975394760e-02,0.000000000000000000e+00,0.000000000000000000e+00,0.000000000000000000e+00,0.000000000000000000e+00,0.000000000000000000e+00,0.000000000000000000e+00,0.000000000000000000e+00,8.276371459960937500e+02,8.276385498046875000e+02,8.276385498046875000e+02,8.276371459960937500e+02,-2.083773990499954671e+07
3.615000000000000213e+00,1.835746506655419052e-01,4.492202807447423507e-01,-1.278463874932854981e-02,-1.094880404758635795e-04,1.816296123489102854e-04,4.887804253977945379e-07,9.150018692016601562e-01,5.218177318572998047e+00,-4.922926425933837891e+00,-1.835746506655419052e-01,-4.492202807447423507e-01,1.278463874932854981e-02,0.000000000000000000e+00,0.000000000000000000e+00,0.000000000000000000e+00,0.000000000000000000e+00,0.000000000000000000e+00,0.000000000000000000e+00,0.000000000000000000e+00,8.276370849609375000e+02,8.276385498046875000e+02,8.276385498046875000e+02,8.276370849609375000e+02,-2.083774014066150784e+07
3.616000000000000103e+00,1.834651192560591004e-01,4.494019375203044953e-01,-1.278390833511857012e-02,-1.095314094828048201e-04,1.816567755621445457e-04,7.304142099796850918e-07,9.150069952011108398e-01,5.218200683593750000e+00,-4.922947883605957031e+00,-1.834651192560591004e-01,-4.494019375203044953e-01,1.278390833511857012e-02,0.000000000000000000e+00,0.000000000000000000e+00,0.000000000000000000e+00,0.000000000000000000e+00,0.000000000000000000e+00,0.000000000000000000e+00,0.000000000000000000e+00,8.276370849609375000e+02,8.276386108398437500e+02,8.276386108398437500e+02,8.276370849609375000e+02,-2.083774037644648924e+07
3.616999999999999993e+00,1.833554802858463340e-01,4.495835412845778922e-01,-1.278296695656130216e-02,-1.096389702127664734e-04,1.816037642733969726e-04,9.413785572679606029e-07,9.150124788284301758e-01,5.218222618103027344e+00,-4.922966480255126953e+00,-1.833554802858463340e-01,-4.495835412845778922e-01,1.278296695656130216e-02,0.000000000000000000e+00,0.000000000000000000e+00,0.000000000000000000e+00,0.000000000000000000e+00,0.000000000000000000e+00,0.000000000000000000e+00,0.000000000000000000e+00,8.276370849609375000e+02,8.276386108398437500e+02,8.276386108398437500e+02,8.276370239257812500e+02,-2.083774061235448718e+07
3.617999999999999883e+00,1.832457605663607714e-01,4.497651453455109860e-01,-1.278184648711400313e-02,-1.097197194855625835e-04,1.816040609330937805e-04,1.120469447299030086e-06,9.150178432464599609e-01,5.218245506286621094e+00,-4.922987461090087891e+00,-1.832457605663607714e-01,-4.497651453455109860e-01,1.278184648711400313e-02,0.000000000000000000e+00,0.000000000000000000e+00,0.000000000000000000e+00,0.000000000000000000e+00,0.000000000000000000e+00,0.000000000000000000e+00,0.000000000000000000e+00,8.276370239257812500e+02,8.276386108398437500e+02,8.276386108398437500e+02,8.276370239257812500e+02,-2.083774084838555753e+07
3.619000000000000217e+00,1.831359201953502991e-01,4.499466429281488433e-01,-1.278058078357015119e-02,-1.098403710104722819e-04,1.814975826378573132e-04,1.265703543851942614e-06,9.150233268737792969e-01,5.218267440795898438e+00,-4.923007965087890625e+00,-1.831359201953502991e-01,-4.499466429281488433e-01,1.278058078357015119e-02,0.000000000000000000e+00,0.000000000000000000e+00,0.000000000000000000e+00,0.000000000000000000e+00,0.000000000000000000e+00,0.000000000000000000e+00,0.000000000000000000e+00,8.276370239257812500e+02,8.276386108398437500e+02,8.276386108398437500e+02,8.276370239257812500e+02,-2.083774108453964815e+07
3.620000000000000107e+00,1.830259593272784147e-01,4.501281940635397105e-01,-1.277920428660012965e-02,-1.099608680718844322e-04,1.815511353908672021e-04,1.376496970021540145e-06,9.150282144546508789e-01,5.218290328979492188e+00,-4.923028469085693359e+00,-1.830259593272784147e-01,-4.501281940635397105e-01,1.277920428660012965e-02,0.000000000000000000e+00,0.000000000000000000e+00,0.000000000000000000e+00,0.000000000000000000e+00,0.000000000000000000e+00,0.000000000000000000e+00,0.000000000000000000e+00,8.276370239257812500e+02,8.276386108398437500e+02,8.276386108398437500e+02,8.276370239257812500e+02,-2.083774132081684843e+07
3.620999999999999996e+00,1.829158647443453745e-01,4.503096386081660851e-01,-1.277775337368796879e-02,-1.100945829330401970e-04,1.814445446263746042e-04,1.450912912160859380e-06,9.150339365005493164e-01,5.218312263488769531e+00,-4.923047065734863281e+00,-1.829158647443453745e-01,-4.503096386081660851e-01,1.277775337368796879e-02,0.000000000000000000e+00,0.000000000000000000e+00,0.000000000000000000e+00,0.000000000000000000e+00,0.000000000000000000e+00,0.000000000000000000e+00,0.000000000000000000e+00,8.276370239257812500e+02,8.276386108398437500e+02,8.276386108398437500e+02,8.276370239257812500e+02,-2.083774155721710250e+07
3.621999999999999886e+00,1.828056499416300107e-01,4.504910832272667198e-01,-1.277626411995434925e-02,-1.102148027153637688e-04,1.814446191006346965e-04,1.489253733619536058e-06,9.150390625000000000e-01,5.218331813812255859e+00,-4.923067092895507812e+00,-1.828056499416300107e-01,-4.504910832272667198e-01,1.277626411995434925e-02,0.000000000000000000e+00,0.000000000000000000e+00,0.000000000000000000e+00,0.000000000000000000e+00,0.000000000000000000e+00,0.000000000000000000e+00,0.000000000000000000e+00,8.276370849609375000e+02,8.276386108398437500e+02,8.276386108398437500e+02,8.276370239257812500e+02,-2.083774179374045879e+07
3.623000000000000220e+00,1.826952750276064352e-01,4.506724211424212867e-01,-1.277477288351852938e-02,-1.103749140235754655e-04,1.813379151545668755e-04,1.491236435819873196e-06,9.150439500808715820e-01,5.218355655670166016e+00,-4.923087596893310547e+00,-1.826952750276064352e-01,-4.506724211424212867e-01,1.277477288351852938e-02,0.000000000000000000e+00,0.000000000000000000e+00,0.000000000000000000e+00,0.000000000000000000e+00,0.000000000000000000e+00,0.000000000000000000e+00,0.000000000000000000e+00,8.276370849609375000e+02,8.276386108398437500e+02,8.276386108398437500e+02,8.276370849609375000e+02,-2.083774203038684651e+07
3.624000000000000110e+00,1.825847668383809019e-01,4.508537590177478793e-01,-1.277331579170952643e-02,-1.105081892255332932e-04,1.813378753265926235e-04,1.457091809002955540e-06,9.150499105453491211e-01,5.218378543853759766e+00,-4.923108100891113281e+00,-1.825847668383809019e-01,-4.508537590177478793e-01,1.277331579170952643e-02,0.000000000000000000e+00,0.000000000000000000e+00,0.000000000000000000e+00,0.000000000000000000e+00,0.000000000000000000e+00,0.000000000000000000e+00,0.000000000000000000e+00,8.276370849609375000e+02,8.276385498046875000e+02,8.276385498046875000e+02,8.276370849609375000e+02,-2.083774226715631410e+07
3.625000000000000000e+00,1.824740854898402043e-01,4.510350434371259709e-01,-1.277192928771342904e-02,-1.106813485406976660e-04,1.812844193780915880e-04,1.386503996097382396e-06,9.150550365447998047e-01,5.218401908874511719e+00,-4.923127174377441406e+00,-1.824740854898402043e-01,-4.510350434371259709e-01,1.277192928771342904e-02,0.000000000000000000e+00,0.000000000000000000e+00,0.000000000000000000e+00,0.000000000000000000e+00,0.000000000000000000e+00,0.000000000000000000e+00,0.000000000000000000e+00,8.276371459960937500e+02,8.276385498046875000e+02,8.276385498046875000e+02,8.276371459960937500e+02,-2.083774250404883921e+07
3.625999999999999890e+00,1.823632578046422703e-01,4.512162743409084964e-01,-1.277064932854448526e-02,-1.108276851979339561e-04,1.812309037825254876e-04,1.279959168943786696e-06,9.150604009628295898e-01,5.218421936035156250e+00,-4.923147201538085938e+00,-1.823632578046422703e-01,-4.512162743409084964e-01,1.277064932854448526e-02,0.000000000000000000e+00,0.000000000000000000e+00,0.000000000000000000e+00,0.000000000000000000e+00,0.000000000000000000e+00,0.000000000000000000e+00,0.000000000000000000e+00,8.276371459960937500e+02,8.276384887695312500e+02,8.276384887695312500e+02,8.276371459960937500e+02,-2.083774274106441438e+07
3.626999999999999780e+00,1.822522705806649823e-01,4.513974516751234067e-01,-1.276951087994791789e-02,-1.109872239772879965e-04,1.811773342149103350e-04,1.138448596567365190e-06,9.150658845901489258e-01,5.218444347381591797e+00,-4.923166751861572266e+00,-1.822522705806649823e-01,-4.513974516751234067e-01,1.276951087994791789e-02,0.000000000000000000e+00,0.000000000000000000e+00,0.000000000000000000e+00,0.000000000000000000e+00,0.000000000000000000e+00,0.000000000000000000e+00,0.000000000000000000e+00,8.276372070312500000e+02,8.276384887695312500e+02,8.276384887695312500e+02,8.276372070312500000e+02,-2.083774297820302472e+07
3.628000000000000114e+00,1.821410997524989250e-01,4.515785484717887988e-01,-1.276854568794584706e-02,-1.111708281660572784e-04,1.810967966653920236e-04,9.651920020708332215e-07,9.150711297988891602e-01,5.218467235565185547e+00,-4.923187732696533203e+00,-1.821410997524989250e-01,-4.515785484717887988e-01,1.276854568794584706e-02,0.000000000000000000e+00,0.000000000000000000e+00,0.000000000000000000e+00,0.000000000000000000e+00,0.000000000000000000e+00,0.000000000000000000e+00,0.000000000000000000e+00,8.276372680664062500e+02,8.276384277343750000e+02,8.276384277343750000e+02,8.276372680664062500e+02,-2.083774321546462551e+07
3.629000000000000004e+00,1.820297938508236291e-01,4.517596184997644815e-01,-1.276778947875827769e-02,-1.113059016752959707e-04,1.810700279756827236e-04,7.562091875693705001e-07,9.150761365890502930e-01,5.218490123748779297e+00,-4.923205375671386719e+00,-1.820297938508236291e-01,-4.517596184997644815e-01,1.276778947875827769e-02,0.000000000000000000e+00,0.000000000000000000e+00,0.000000000000000000e+00,0.000000000000000000e+00,0.000000000000000000e+00,0.000000000000000000e+00,0.000000000000000000e+00,8.276372680664062500e+02,8.276383666992187500e+02,8.276383666992187500e+02,8.276372680664062500e+02,-2.083774345284923911e+07
3.629999999999999893e+00,1.819183154433457461e-01,4.519405814467911675e-01,-1.276727052585731846e-02,-1.114784074778829570e-04,1.809629470266860274e-04,5.189529009592269704e-07,9.150816202163696289e-01,5.218512058258056641e+00,-4.923226833343505859e+00,-1.819183154433457461e-01,-4.519405814467911675e-01,1.276727052585731846e-02,0.000000000000000000e+00,0.000000000000000000e+00,0.000000000000000000e+00,0.000000000000000000e+00,0.000000000000000000e+00,0.000000000000000000e+00,0.000000000000000000e+00,8.276373291015625000e+02,8.276383056640625000e+02,8.276383056640625000e+02,8.276373291015625000e+02,-2.083774369035680592e+07
3.630999999999999783e+00,1.818066780073777922e-01,4.521215439872841024e-01,-1.276701990077814229e-02,-1.116374359679539463e-04,1.809625404929349202e-04,2.506250791761699404e-07,9.150866270065307617e-01,5.218532562255859375e+00,-4.923247337341308594e+00,-1.818066780073777922e-01,-4.521215439872841024e-01,1.276701990077814229e-02,0.000000000000000000e+00,0.000000000000000000e+00,0.000000000000000000e+00,0.000000000000000000e+00,0.000000000000000000e+00,0.000000000000000000e+00,0.000000000000000000e+00,8.276373901367187500e+02,8.276382446289062500e+02,8.276382446289062500e+02,8.276373901367187500e+02,-2.083774392798736319e+07
3.632000000000000117e+00,1.816948816392613963e-01,4.523024527190280253e-01,-1.276706336533671438e-02,-1.117963681163958167e-04,1.809087317439228570e-04,-4.346455857208442186e-08,9.150918722152709961e-01,5.218555927276611328e+00,-4.923265457153320312e+00,-1.816948816392613963e-01,-4.523024527190280253e-01,1.276706336533671438e-02,0.000000000000000000e+00,0.000000000000000000e+00,0.000000000000000000e+00,0.000000000000000000e+00,0.000000000000000000e+00,0.000000000000000000e+00,0.000000000000000000e+00,8.276374511718750000e+02,8.276381835937500000e+02,8.276381835937500000e+02,8.276374511718750000e+02,-2.083774416574089974e+07
3.633000000000000007e+00,1.815829397797318057e-01,4.524833076018571210e-01,-1.276742598508650087e-02,-1.119418595295906815e-04,1.808548828290956756e-04,-3.626197497864913633e-07,9.150973558425903320e-01,5.218575477600097656e+00,-4.923286437988281250e+00,-1.815829397797318057e-01,-4.524833076018571210e-01,1.276742598508650087e-02,0.000000000000000000e+00,0.000000000000000000e+00,0.000000000000000000e+00,0.000000000000000000e+00,0.000000000000000000e+00,0.000000000000000000e+00,0.000000000000000000e+00,8.276375122070312500e+02,8.276381225585937500e+02,8.276381225585937500e+02,8.276375122070312500e+02,-2.083774440361741558e+07
3.633999999999999897e+00,1.814708525192252897e-01,4.526641086010685378e-01,-1.276813027162185255e-02,-1.120872605065159622e-04,1.808009992114167908e-04,-7.042865353516780669e-07,9.151024818420410156e-01,5.218598365783691406e+00,-4.923305988311767578e+00,-1.814708525192252897e-01,-4.526641086010685378e-01,1.276813027162185255e-02,0.000000000000000000e+00,0.000000000000000000e+00,0.000000000000000000e+00,0.000000000000000000e+00,0.000000000000000000e+00,0.000000000000000000e+00,0.000000000000000000e+00,8.276375732421875000e+02,8.276380615234375000e+02,8.276380615234375000e+02,8.276375732421875000e+02,-2.083774464161690697e+07
3.634999999999999787e+00,1.813586332892523911e-01,4.528449090453218195e-01,-1.276919720622211873e-02,-1.122192299728985709e-04,1.808004442532817890e-04,-1.066934600266189470e-06,9.151073694229125977e-01,5.218620300292968750e+00,-4.923325538635253906e+00,-1.813586332892523911e-01,-4.528449090453218195e-01,1.276919720622211873e-02,0.000000000000000000e+00,0.000000000000000000e+00,0.000000000000000000e+00,0.000000000000000000e+00,0.000000000000000000e+00,0.000000000000000000e+00,0.000000000000000000e+00,8.276376342773437500e+02,8.276380004882812500e+02,8.276380004882812500e+02,8.276376342773437500e+02,-2.083774487973942608e+07
3.636000000000000121e+00,1.812462821402585356e-01,4.530256021865664007e-01,-1.277064246119456736e-02,-1.123511489938555652e-04,1.806931412445811347e-04,-1.445254972448628550e-06,9.151129722595214844e-01,5.218644142150878906e+00,-4.923344135284423828e+00,-1.812462821402585356e-01,-4.530256021865664007e-01,1.277064246119456736e-02,0.000000000000000000e+00,0.000000000000000000e+00,0.000000000000000000e+00,0.000000000000000000e+00,0.000000000000000000e+00,0.000000000000000000e+00,0.000000000000000000e+00,8.276376953125000000e+02,8.276379394531250000e+02,8.276379394531250000e+02,8.276376953125000000e+02,-2.083774511798492819e+07
3.637000000000000011e+00,1.811337991403320635e-01,4.532062413642404808e-01,-1.277248112874346253e-02,-1.124829999264720382e-04,1.806391776740801092e-04,-1.838667548895167592e-06,9.151177406311035156e-01,5.218664169311523438e+00,-4.923363208770751953e+00,-1.811337991403320635e-01,-4.532062413642404808e-01,1.277248112874346253e-02,0.000000000000000000e+00,0.000000000000000000e+00,0.000000000000000000e+00,0.000000000000000000e+00,0.000000000000000000e+00,0.000000000000000000e+00,0.000000000000000000e+00,8.276378173828125000e+02,8.276378784179687500e+02,8.276378784179687500e+02,8.276377563476562500e+02,-2.083774535635341331e+07
3.637999999999999901e+00,1.810212110223151372e-01,4.533868799216245193e-01,-1.277472423752618047e-02,-1.125881180169263640e-04,1.806385573840385561e-04,-2.243108782717939675e-06,9.151231050491333008e-01,5.218685150146484375e+00,-4.923383235931396484e+00,-1.810212110223151372e-01,-4.533868799216245193e-01,1.277472423752618047e-02,0.000000000000000000e+00,0.000000000000000000e+00,0.000000000000000000e+00,0.000000000000000000e+00,0.000000000000000000e+00,0.000000000000000000e+00,0.000000000000000000e+00,8.276378784179687500e+02,8.276378173828125000e+02,8.276378173828125000e+02,8.276378784179687500e+02,-2.083774559484494850e+07
3.638999999999999790e+00,1.809085311616946135e-01,4.535675178453584810e-01,-1.277738017769354181e-02,-1.126798606205237085e-04,1.806379237339617028e-04,-2.655940167361342530e-06,9.151284694671630859e-01,5.218705654144287109e+00,-4.923402309417724609e+00,-1.809085311616946135e-01,-4.535675178453584810e-01,1.277738017769354181e-02,0.000000000000000000e+00,0.000000000000000000e+00,0.000000000000000000e+00,0.000000000000000000e+00,0.000000000000000000e+00,0.000000000000000000e+00,0.000000000000000000e+00,8.276379394531250000e+02,8.276377563476562500e+02,8.276377563476562500e+02,8.276379394531250000e+02,-2.083774583345960081e+07
3.640000000000000124e+00,1.807957354556039564e-01,4.537480213573483190e-01,-1.278045384483762412e-02,-1.127957060906570330e-04,1.805035119898379392e-04,-3.073667144082303793e-06,9.151332378387451172e-01,5.218728542327880859e+00,-4.923422813415527344e+00,-1.807957354556039564e-01,-4.537480213573483190e-01,1.278045384483762412e-02,0.000000000000000000e+00,0.000000000000000000e+00,0.000000000000000000e+00,0.000000000000000000e+00,0.000000000000000000e+00,0.000000000000000000e+00,0.000000000000000000e+00,8.276380004882812500e+02,8.276376953125000000e+02,8.276376953125000000e+02,8.276380004882812500e+02,-2.083774607219730690e+07
3.641000000000000014e+00,1.806828854985670640e-01,4.539285512615054974e-01,-1.278394783756667784e-02,-1.128499570368923788e-04,1.805299041571784002e-04,-3.493992729053721491e-06,9.151383638381958008e-01,5.218749523162841797e+00,-4.923439979553222656e+00,-1.806828854985670640e-01,-4.539285512615054974e-01,1.278394783756667784e-02,0.000000000000000000e+00,0.000000000000000000e+00,0.000000000000000000e+00,0.000000000000000000e+00,0.000000000000000000e+00,0.000000000000000000e+00,0.000000000000000000e+00,8.276380615234375000e+02,8.276375732421875000e+02,8.276376342773437500e+02,8.276380615234375000e+02,-2.083774631105817109e+07
3.641999999999999904e+00,1.805699705156977863e-01,4.541090805210918346e-01,-1.278786227045242314e-02,-1.129149828692777024e-04,1.805292595863372540e-04,-3.914432885745305901e-06,9.151436090469360352e-01,5.218771457672119141e+00,-4.923460483551025391e+00,-1.805699705156977863e-01,-4.541090805210918346e-01,1.278786227045242314e-02,0.000000000000000000e+00,0.000000000000000000e+00,0.000000000000000000e+00,0.000000000000000000e+00,0.000000000000000000e+00,0.000000000000000000e+00,0.000000000000000000e+00,8.276381225585937500e+02,8.276375122070312500e+02,8.276375122070312500e+02,8.276381225585937500e+02,-2.083774655004227161e+07
3.642999999999999794e+00,1.804570038161544265e-01,4.542895557844127130e-01,-1.279219044174108137e-02,-1.129666995433598053e-04,1.804752633208783763e-04,-4.328171288658227978e-06,9.151487350463867188e-01,5.218792438507080078e+00,-4.923480033874511719e+00,-1.804570038161544265e-01,-4.542895557844127130e-01,1.279219044174108137e-02,0.000000000000000000e+00,0.000000000000000000e+00,0.000000000000000000e+00,0.000000000000000000e+00,0.000000000000000000e+00,0.000000000000000000e+00,0.000000000000000000e+00,8.276381835937500000e+02,8.276374511718750000e+02,8.276374511718750000e+02,8.276381835937500000e+02,-2.083774678914964199e+07
3.644000000000000128e+00,1.803439987262699384e-01,4.544700304225195997e-01,-1.279692665185869389e-02,-1.130050898844880969e-04,1.804746381068866867e-04,-4.736210117612521531e-06,9.151537418365478516e-01,5.218813419342041016e+00,-4.923497200012207031e+00,-1.803439987262699384e-01,-4.544700304225195997e-01,1.279692665185869389e-02,0.000000000000000000e+00,0.000000000000000000e+00,0.000000000000000000e+00,0.000000000000000000e+00,0.000000000000000000e+00,0.000000000000000000e+00,0.000000000000000000e+00,8.276382446289062500e+02,8.276373901367187500e+02,8.276373901367187500e+02,8.276382446289062500e+02,-2.083774702838036790e+07
3.645000000000000018e+00,1.802309685422309182e-01,4.546505044535755213e-01,-1.280205928063112182e-02,-1.130301840390202095e-04,1.804740310559216354e-04,-5.132628772427927366e-06,9.151588678359985352e-01,5.218834877014160156e+00,-4.923518657684326172e+00,-1.802309685422309182e-01,-4.546505044535755213e-01,1.280205928063112182e-02,0.000000000000000000e+00,0.000000000000000000e+00,0.000000000000000000e+00,0.000000000000000000e+00,0.000000000000000000e+00,0.000000000000000000e+00,0.000000000000000000e+00,8.276383056640625000e+02,8.276373291015625000e+02,8.276373901367187500e+02,8.276383056640625000e+02,-2.083774726773454249e+07
3.645999999999999908e+00,1.801179265568417787e-01,4.548309778970056061e-01,-1.280757587418512172e-02,-1.130419853891395654e-04,1.804734434300847568e-04,-5.516593553999901700e-06,9.151641130447387695e-01,5.218856811523437500e+00,-4.923536777496337891e+00,-1.801179265568417787e-01,-4.548309778970056061e-01,1.280757587418512172e-02,0.000000000000000000e+00,0.000000000000000000e+00,0.000000000000000000e+00,0.000000000000000000e+00,0.000000000000000000e+00,0.000000000000000000e+00,0.000000000000000000e+00,8.276383666992187500e+02,8.276373291015625000e+02,8.276373291015625000e+02,8.276383666992187500e+02,-2.083774750721226260e+07
3.646999999999999797e+00,1.800048860462748757e-01,4.550114507787306195e-01,-1.281345980982009393e-02,-1.130405105669030075e-04,1.804728817250134121e-04,-5.883935634972206619e-06,9.151690006256103516e-01,5.218878269195556641e+00,-4.923555374145507812e+00,-1.800048860462748757e-01,-4.550114507787306195e-01,1.281345980982009393e-02,0.000000000000000000e+00,0.000000000000000000e+00,0.000000000000000000e+00,0.000000000000000000e+00,0.000000000000000000e+00,0.000000000000000000e+00,0.000000000000000000e+00,8.276384277343750000e+02,8.276372680664062500e+02,8.276372680664062500e+02,8.276384277343750000e+02,-2.083774774681362510e+07
3.648000000000000131e+00,1.798918736172401556e-01,4.551919231271189248e-01,-1.281969201656680234e-02,-1.130124290347200855e-04,1.804723483883052815e-04,-6.232206746708407463e-06,9.151741266250610352e-01,5.218898296356201172e+00,-4.923574924468994141e+00,-1.798918736172401556e-01,-4.551919231271189248e-01,1.281969201656680234e-02,0.000000000000000000e+00,0.000000000000000000e+00,0.000000000000000000e+00,0.000000000000000000e+00,0.000000000000000000e+00,0.000000000000000000e+00,0.000000000000000000e+00,8.276384277343750000e+02,8.276372070312500000e+02,8.276372070312500000e+02,8.276384277343750000e+02,-2.083774798653874174e+07
3.649000000000000021e+00,1.797788891852313553e-01,4.553723949772001123e-01,-1.282625081624371235e-02,-1.129844320088002618e-04,1.804718500811874904e-04,-6.558799676910018195e-06,9.151791334152221680e-01,5.218919754028320312e+00,-4.923594474792480469e+00,-1.797788891852313553e-01,-4.553723949772001123e-01,1.282625081624371235e-02,0.000000000000000000e+00,0.000000000000000000e+00,0.000000000000000000e+00,0.000000000000000000e+00,0.000000000000000000e+00,0.000000000000000000e+00,0.000000000000000000e+00,8.276384887695312500e+02,8.276371459960937500e+02,8.276371459960937500e+02,8.276384887695312500e+02,-2.083774822638772056e+07
3.649999999999999911e+00,1.796659459962399175e-01,4.555528663664278333e-01,-1.283311208235798397e-02,-1.129431889914378484e-04,1.804713892277209908e-04,-6.861266114271610816e-06,9.151842594146728516e-01,5.218941211700439453e+00,-4.923613071441650391e+00,-1.796659459962399175e-01,-4.555528663664278333e-01,1.283311208235798397e-02,0.000000000000000000e+00,0.000000000000000000e+00,0.000000000000000000e+00,0.000000000000000000e+00,0.000000000000000000e+00,0.000000000000000000e+00,0.000000000000000000e+00,8.276385498046875000e+02,8.276371459960937500e+02,8.276371459960937500e+02,8.276385498046875000e+02,-2.083774846636067703e+07
3.650999999999999801e+00,1.795530706267366716e-01,4.557333373346628691e-01,-1.284024924021022994e-02,-1.128753695032458371e-04,1.804709682350358335e-04,-7.137157852245973322e-06,9.151889085769653320e-01,5.218960762023925781e+00,-4.923633098602294922e+00,-1.795530706267366716e-01,-4.557333373346628691e-01,1.284024924021022994e-02,0.000000000000000000e+00,0.000000000000000000e+00,0.000000000000000000e+00,0.000000000000000000e+00,0.000000000000000000e+00,0.000000000000000000e+00,0.000000000000000000e+00,8.276385498046875000e+02,8.276370849609375000e+02,8.276370849609375000e+02,8.276385498046875000e+02,-2.083774870645773038e+07
3.652000000000000135e+00,1.794402629688956752e-01,4.559138612904496957e-01,-1.284763319139349026e-02,-1.128076578409964448e-04,1.805239557868265621e-04,-7.383951183260323292e-06,9.151942729949951172e-01,5.218983173370361328e+00,-4.923651695251464844e+00,-1.794402629688956752e-01,-4.559138612904496957e-01,1.284763319139349026e-02,0.000000000000000000e+00,0.000000000000000000e+00,0.000000000000000000e+00,0.000000000000000000e+00,0.000000000000000000e+00,0.000000000000000000e+00,0.000000000000000000e+00,8.276385498046875000e+02,8.276370849609375000e+02,8.276370849609375000e+02,8.276385498046875000e+02,-2.083774894667904824e+07
3.653000000000000025e+00,1.793275255624152409e-01,4.560944110914507132e-01,-1.285523408310444878e-02,-1.127374064804342879e-04,1.805498010010175847e-04,-7.600891710958512792e-06,9.151991605758666992e-01,5.219003677368164062e+00,-4.923669815063476562e+00,-1.793275255624152409e-01,-4.560944110914507132e-01,1.285523408310444878e-02,0.000000000000000000e+00,0.000000000000000000e+00,0.000000000000000000e+00,0.000000000000000000e+00,0.000000000000000000e+00,0.000000000000000000e+00,0.000000000000000000e+00,8.276386108398437500e+02,8.276370849609375000e+02,8.276370849609375000e+02,8.276386108398437500e+02,-2.083774918702477962e+07
3.653999999999999915e+00,1.792148929909642141e-01,4.562749877895049821e-01,-1.286302081460531654e-02,-1.126325714510267861e-04,1.805766980542689026e-04,-7.786731500867768996e-06,9.152041673660278320e-01,5.219025135040283203e+00,-4.923688888549804688e+00,-1.792148929909642141e-01,-4.562749877895049821e-01,1.286302081460531654e-02,0.000000000000000000e+00,0.000000000000000000e+00,0.000000000000000000e+00,0.000000000000000000e+00,0.000000000000000000e+00,0.000000000000000000e+00,0.000000000000000000e+00,8.276386108398437500e+02,8.276370239257812500e+02,8.276370849609375000e+02,8.276386108398437500e+02,-2.083774942749508098e+07
3.654999999999999805e+00,1.791023811147685885e-01,4.564556176212440919e-01,-1.287095866780106276e-02,-1.125118761956256375e-04,1.806298317391097363e-04,-7.937853195746219503e-06,9.152092933654785156e-01,5.219045162200927734e+00,-4.923707485198974609e+00,-1.791023811147685885e-01,-4.564556176212440919e-01,1.287095866780106276e-02,0.000000000000000000e+00,0.000000000000000000e+00,0.000000000000000000e+00,0.000000000000000000e+00,0.000000000000000000e+00,0.000000000000000000e+00,0.000000000000000000e+00,8.276386108398437500e+02,8.276370239257812500e+02,8.276370239257812500e+02,8.276386108398437500e+02,-2.083774966809013486e+07
3.656000000000000139e+00,1.789899764540745786e-01,4.566362472785307491e-01,-1.287901415524161063e-02,-1.124046606940098947e-04,1.806296572866572525e-04,-8.055487440547862144e-06,9.152140617370605469e-01,5.219067573547363281e+00,-4.923727035522460938e+00,-1.789899764540745786e-01,-4.566362472785307491e-01,1.287901415524161063e-02,0.000000000000000000e+00,0.000000000000000000e+00,0.000000000000000000e+00,0.000000000000000000e+00,0.000000000000000000e+00,0.000000000000000000e+00,0.000000000000000000e+00,8.276386108398437500e+02,8.276370239257812500e+02,8.276370239257812500e+02,8.276386108398437500e+02,-2.083774990881007910e+07
3.657000000000000028e+00,1.788776922107614964e-01,4.568169301795830806e-01,-1.288715072757872816e-02,-1.122842433130821771e-04,1.806829010523314238e-04,-8.136572337117536913e-06,9.152190685272216797e-01,5.219088554382324219e+00,-4.923745632171630859e+00,-1.788776922107614964e-01,-4.568169301795830806e-01,1.288715072757872816e-02,0.000000000000000000e+00,0.000000000000000000e+00,0.000000000000000000e+00,0.000000000000000000e+00,0.000000000000000000e+00,0.000000000000000000e+00,0.000000000000000000e+00,8.276386108398437500e+02,8.276370239257812500e+02,8.276370239257812500e+02,8.276386108398437500e+02,-2.083775014965509251e+07
3.657999999999999918e+00,1.787655549267223032e-01,4.569976663763965496e-01,-1.289533347278780037e-02,-1.121372840391932080e-04,1.807361968134690855e-04,-8.182745209072209147e-06,9.152243137359619141e-01,5.219109535217285156e+00,-4.923765182495117188e+00,-1.787655549267223032e-01,-4.569976663763965496e-01,1.289533347278780037e-02,0.000000000000000000e+00,0.000000000000000000e+00,0.000000000000000000e+00,0.000000000000000000e+00,0.000000000000000000e+00,0.000000000000000000e+00,0.000000000000000000e+00,8.276386108398437500e+02,8.276370849609375000e+02,8.276370849609375000e+02,8.276386108398437500e+02,-2.083775039062537253e+07
3.658999999999999808e+00,1.786535644524908650e-01,4.571784559275585691e-01,-1.290352487120990412e-02,-1.119904742314381529e-04,1.807895511620194462e-04,-8.191398422103743360e-06,9.152295589447021484e-01,5.219130516052246094e+00,-4.923783779144287109e+00,-1.786535644524908650e-01,-4.571784559275585691e-01,1.290352487120990412e-02,0.000000000000000000e+00,0.000000000000000000e+00,0.000000000000000000e+00,0.000000000000000000e+00,0.000000000000000000e+00,0.000000000000000000e+00,0.000000000000000000e+00,8.276386108398437500e+02,8.276370849609375000e+02,8.276370849609375000e+02,8.276386108398437500e+02,-2.083775063172110915e+07
3.660000000000000142e+00,1.785417073044395231e-01,4.573592988903325551e-01,-1.291168901749979551e-02,-1.118571480513419480e-04,1.808429627739860379e-04,-8.164146289891399677e-06,9.152344465255737305e-01,5.219153404235839844e+00,-4.923803806304931641e+00,-1.785417073044395231e-01,-4.573592988903325551e-01,1.291168901749979551e-02,0.000000000000000000e+00,0.000000000000000000e+00,0.000000000000000000e+00,0.000000000000000000e+00,0.000000000000000000e+00,0.000000000000000000e+00,0.000000000000000000e+00,8.276385498046875000e+02,8.276370849609375000e+02,8.276370849609375000e+02,8.276385498046875000e+02,-2.083775087294248864e+07
3.661000000000000032e+00,1.784300100101148812e-01,4.575401419568153605e-01,-1.291978924908609820e-02,-1.116972943246419270e-04,1.808430664828053480e-04,-8.100231586302686360e-06,9.152394533157348633e-01,5.219173431396484375e+00,-4.923822402954101562e+00,-1.784300100101148812e-01,-4.575401419568153605e-01,1.291978924908609820e-02,0.000000000000000000e+00,0.000000000000000000e+00,0.000000000000000000e+00,0.000000000000000000e+00,0.000000000000000000e+00,0.000000000000000000e+00,0.000000000000000000e+00,8.276385498046875000e+02,8.276371459960937500e+02,8.276371459960937500e+02,8.276385498046875000e+02,-2.083775111428966001e+07
3.661999999999999922e+00,1.783184724400336540e-01,4.577210919066931338e-01,-1.292778988030352308e-02,-1.115375700812271109e-04,1.809499498777733528e-04,-8.000631217424877817e-06,9.152446985244750977e-01,5.219193458557128906e+00,-4.923842430114746094e+00,-1.783184724400336540e-01,-4.577210919066931338e-01,1.292778988030352308e-02,0.000000000000000000e+00,0.000000000000000000e+00,0.000000000000000000e+00,0.000000000000000000e+00,0.000000000000000000e+00,0.000000000000000000e+00,0.000000000000000000e+00,8.276384887695312500e+02,8.276371459960937500e+02,8.276371459960937500e+02,8.276384887695312500e+02,-2.083775135576286167e+07
3.662999999999999812e+00,1.782070944501217558e-01,4.579020954307296831e-01,-1.293565664345853496e-02,-1.113779899118982897e-04,1.810035240365492903e-04,-7.866763155011877173e-06,9.152495861053466797e-01,5.219215393066406250e+00,-4.923861026763916016e+00,-1.782070944501217558e-01,-4.579020954307296831e-01,1.293565664345853496e-02,0.000000000000000000e+00,0.000000000000000000e+00,0.000000000000000000e+00,0.000000000000000000e+00,0.000000000000000000e+00,0.000000000000000000e+00,0.000000000000000000e+00,8.276384887695312500e+02,8.276372070312500000e+02,8.276372070312500000e+02,8.276384887695312500e+02,-2.083775159736229107e+07
3.664000000000000146e+00,1.780958758927416452e-01,4.580830992208465569e-01,-1.294335443727954137e-02,-1.112185573801105498e-04,1.810037901168737307e-04,-7.697793821006410075e-06,9.152548313140869141e-01,5.219236850738525391e+00,-4.923881053924560547e+00,-1.780958758927416452e-01,-4.580830992208465569e-01,1.294335443727954137e-02,0.000000000000000000e+00,0.000000000000000000e+00,0.000000000000000000e+00,0.000000000000000000e+00,0.000000000000000000e+00,0.000000000000000000e+00,0.000000000000000000e+00,8.276384277343750000e+02,8.276372680664062500e+02,8.276372680664062500e+02,8.276384277343750000e+02,-2.083775183908808976e+07
3.665000000000000036e+00,1.779848299883476370e-01,4.582642100510215255e-01,-1.295085013048081525e-02,-1.110459043940081880e-04,1.811108301749686511e-04,-7.495693201273884165e-06,9.152597188949584961e-01,5.219259262084960938e+00,-4.923899173736572266e+00,-1.779848299883476370e-01,-4.582642100510215255e-01,1.295085013048081525e-02,0.000000000000000000e+00,0.000000000000000000e+00,0.000000000000000000e+00,0.000000000000000000e+00,0.000000000000000000e+00,0.000000000000000000e+00,0.000000000000000000e+00,8.276383666992187500e+02,8.276372680664062500e+02,8.276372680664062500e+02,8.276383666992187500e+02,-2.083775208094049990e+07
3.665999999999999925e+00,1.778739193248079775e-01,4.584452939171967945e-01,-1.295811353865732561e-02,-1.109106635396595042e-04,1.810838661752689482e-04,-7.263408176510360859e-06,9.152649641036987305e-01,5.219279289245605469e+00,-4.923918724060058594e+00,-1.778739193248079775e-01,-4.584452939171967945e-01,1.295811353865732561e-02,0.000000000000000000e+00,0.000000000000000000e+00,0.000000000000000000e+00,0.000000000000000000e+00,0.000000000000000000e+00,0.000000000000000000e+00,0.000000000000000000e+00,8.276383056640625000e+02,8.276373291015625000e+02,8.276373291015625000e+02,8.276383056640625000e+02,-2.083775232291962951e+07
3.666999999999999815e+00,1.777631916744882301e-01,4.586265122331726340e-01,-1.296511471075168301e-02,-1.107276503197474060e-04,1.812183159758395945e-04,-7.001172094357396847e-06,9.152697324752807617e-01,5.219300746917724609e+00,-4.923936367034912109e+00,-1.777631916744882301e-01,-4.586265122331726340e-01,1.296511471075168301e-02,0.000000000000000000e+00,0.000000000000000000e+00,0.000000000000000000e+00,0.000000000000000000e+00,0.000000000000000000e+00,0.000000000000000000e+00,0.000000000000000000e+00,8.276382446289062500e+02,8.276373901367187500e+02,8.276373901367187500e+02,8.276382446289062500e+02,-2.083775256502575427e+07
3.668000000000000149e+00,1.776526096319606118e-01,4.588077843649492338e-01,-1.297182521328515796e-02,-1.105820425276182739e-04,1.812721317765997320e-04,-6.710502533474951847e-06,9.152748584747314453e-01,5.219322681427001953e+00,-4.923957347869873047e+00,-1.776526096319606118e-01,-4.588077843649492338e-01,1.297182521328515796e-02,0.000000000000000000e+00,0.000000000000000000e+00,0.000000000000000000e+00,0.000000000000000000e+00,0.000000000000000000e+00,0.000000000000000000e+00,0.000000000000000000e+00,8.276381835937500000e+02,8.276374511718750000e+02,8.276374511718750000e+02,8.276381835937500000e+02,-2.083775280725905672e+07
3.669000000000000039e+00,1.775421864325480437e-01,4.589890569856146518e-01,-1.297822083777657419e-02,-1.104231994125681737e-04,1.812726206654180494e-04,-6.395624491416229684e-06,9.152799844741821289e-01,5.219344139099121094e+00,-4.923976898193359375e+00,-1.775421864325480437e-01,-4.589890569856146518e-01,1.297822083777657419e-02,0.000000000000000000e+00,0.000000000000000000e+00,0.000000000000000000e+00,0.000000000000000000e+00,0.000000000000000000e+00,0.000000000000000000e+00,0.000000000000000000e+00,8.276381225585937500e+02,8.276375122070312500e+02,8.276375122070312500e+02,8.276381225585937500e+02,-2.083775304961967468e+07
3.669999999999999929e+00,1.774319086547058166e-01,4.591704368559456073e-01,-1.298427835099150336e-02,-1.102777778422270316e-04,1.813798703309554838e-04,-6.057513214929172163e-06,9.152849912643432617e-01,5.219365596771240234e+00,-4.923994064331054688e+00,-1.774319086547058166e-01,-4.591704368559456073e-01,1.298427835099150336e-02,0.000000000000000000e+00,0.000000000000000000e+00,0.000000000000000000e+00,0.000000000000000000e+00,0.000000000000000000e+00,0.000000000000000000e+00,0.000000000000000000e+00,8.276380615234375000e+02,8.276375732421875000e+02,8.276375732421875000e+02,8.276380615234375000e+02,-2.083775329210783914e+07
3.670999999999999819e+00,1.773217761992013086e-01,4.593518172830466373e-01,-1.298997674343929480e-02,-1.101324555045080089e-04,1.813804271010299729e-04,-5.698392447791439386e-06,9.152904748916625977e-01,5.219386577606201172e+00,-4.924016475677490234e+00,-1.773217761992013086e-01,-4.593518172830466373e-01,1.298997674343929480e-02,0.000000000000000000e+00,0.000000000000000000e+00,0.000000000000000000e+00,0.000000000000000000e+00,0.000000000000000000e+00,0.000000000000000000e+00,0.000000000000000000e+00,8.276380004882812500e+02,8.276376342773437500e+02,8.276376342773437500e+02,8.276380004882812500e+02,-2.083775353472368419e+07
3.672000000000000153e+00,1.772117623166486466e-01,4.595332516591558170e-01,-1.299529764816975859e-02,-1.100138825526619790e-04,1.814343761091796736e-04,-5.320904730463787979e-06,9.152953624725341797e-01,5.219408988952636719e+00,-4.924033641815185547e+00,-1.772117623166486466e-01,-4.595332516591558170e-01,1.299529764816975859e-02,0.000000000000000000e+00,0.000000000000000000e+00,0.000000000000000000e+00,0.000000000000000000e+00,0.000000000000000000e+00,0.000000000000000000e+00,0.000000000000000000e+00,8.276379394531250000e+02,8.276376953125000000e+02,8.276376953125000000e+02,8.276379394531250000e+02,-2.083775377746738121e+07
3.673000000000000043e+00,1.771018802889803012e-01,4.597147400036429854e-01,-1.300022694479056017e-02,-1.098820276683454278e-04,1.814883444871684404e-04,-4.929296620801576490e-06,9.153006076812744141e-01,5.219429969787597656e+00,-4.924054145812988281e+00,-1.771018802889803012e-01,-4.597147400036429854e-01,1.300022694479056017e-02,0.000000000000000000e+00,0.000000000000000000e+00,0.000000000000000000e+00,0.000000000000000000e+00,0.000000000000000000e+00,0.000000000000000000e+00,0.000000000000000000e+00,8.276378784179687500e+02,8.276377563476562500e+02,8.276377563476562500e+02,8.276378784179687500e+02,-2.083775402033910528e+07
3.673999999999999932e+00,1.769921033829817136e-01,4.598962823375424835e-01,-1.300475201992928181e-02,-1.097769059985875817e-04,1.815423338994981428e-04,-4.525075138721648682e-06,9.153057336807250977e-01,5.219451904296875000e+00,-4.924074649810791016e+00,-1.769921033829817136e-01,-4.598962823375424835e-01,1.300475201992928181e-02,0.000000000000000000e+00,0.000000000000000000e+00,0.000000000000000000e+00,0.000000000000000000e+00,0.000000000000000000e+00,0.000000000000000000e+00,0.000000000000000000e+00,8.276378173828125000e+02,8.276378173828125000e+02,8.276378784179687500e+02,8.276378173828125000e+02,-2.083775426333902404e+07
3.674999999999999822e+00,1.768824448967953045e-01,4.600778253090390679e-01,-1.300886450720572032e-02,-1.096584861864091653e-04,1.815429714965843822e-04,-4.112487276438508976e-06,9.153112173080444336e-01,5.219473361968994141e+00,-4.924093723297119141e+00,-1.768824448967953045e-01,-4.600778253090390679e-01,1.300886450720572032e-02,0.000000000000000000e+00,0.000000000000000000e+00,0.000000000000000000e+00,0.000000000000000000e+00,0.000000000000000000e+00,0.000000000000000000e+00,0.000000000000000000e+00,8.276377563476562500e+02,8.276379394531250000e+02,8.276379394531250000e+02,8.276377563476562500e+02,-2.083775450646726042e+07
3.676000000000000156e+00,1.767728647869703240e-01,4.602594222936007839e-01,-1.301255765853471906e-02,-1.095801098249804539e-04,1.815969845617160239e-04,-3.693151328998736660e-06,9.153165817260742188e-01,5.219496726989746094e+00,-4.924113750457763672e+00,-1.767728647869703240e-01,-4.602594222936007839e-01,1.301255765853471906e-02,0.000000000000000000e+00,0.000000000000000000e+00,0.000000000000000000e+00,0.000000000000000000e+00,0.000000000000000000e+00,0.000000000000000000e+00,0.000000000000000000e+00,8.276376953125000000e+02,8.276380004882812500e+02,8.276380004882812500e+02,8.276376953125000000e+02,-2.083775474972396716e+07
3.677000000000000046e+00,1.766633763787008871e-01,4.604410732937297968e-01,-1.301582819258792316e-02,-1.094884082694369543e-04,1.816510001290128073e-04,-3.270534053204099401e-06,9.153212308883666992e-01,5.219518184661865234e+00,-4.924132823944091797e+00,-1.766633763787008871e-01,-4.604410732937297968e-01,1.301582819258792316e-02,0.000000000000000000e+00,0.000000000000000000e+00,0.000000000000000000e+00,0.000000000000000000e+00,0.000000000000000000e+00,0.000000000000000000e+00,0.000000000000000000e+00,8.276376342773437500e+02,8.276380615234375000e+02,8.276380615234375000e+02,8.276376342773437500e+02,-2.083775499310930818e+07
3.677999999999999936e+00,1.765539291273624800e-01,4.606226974906282301e-01,-1.301867680032862788e-02,-1.094472513384070478e-04,1.816241968984333433e-04,-2.848607740704722779e-06,9.153270721435546875e-01,5.219540119171142578e+00,-4.924153804779052734e+00,-1.765539291273624800e-01,-4.606226974906282301e-01,1.301867680032862788e-02,0.000000000000000000e+00,0.000000000000000000e+00,0.000000000000000000e+00,0.000000000000000000e+00,0.000000000000000000e+00,0.000000000000000000e+00,0.000000000000000000e+00,8.276375732421875000e+02,8.276381225585937500e+02,8.276381225585937500e+02,8.276375732421875000e+02,-2.083775523662335426e+07
3.678999999999999826e+00,1.764445574291489127e-01,4.608043497814342526e-01,-1.302110750419899904e-02,-1.093716982135672922e-04,1.816522908060225205e-04,-2.430703870371156428e-06,9.153317213058471680e-01,5.219561576843261719e+00,-4.924170970916748047e+00,-1.764445574291489127e-01,-4.608043497814342526e-01,1.302110750419899904e-02,0.000000000000000000e+00,0.000000000000000000e+00,0.000000000000000000e+00,0.000000000000000000e+00,0.000000000000000000e+00,0.000000000000000000e+00,0.000000000000000000e+00,8.276375122070312500e+02,8.276381835937500000e+02,8.276381835937500000e+02,8.276374511718750000e+02,-2.083775548026623577e+07
3.680000000000000160e+00,1.763352241111052487e-01,4.609860560719517553e-01,-1.302312704986582914e-02,-1.093333180436639740e-04,1.817062905175026444e-04,-2.019545666830102615e-06,9.153372049331665039e-01,5.219583511352539062e+00,-4.924192428588867188e+00,-1.763352241111052487e-01,-4.609860560719517553e-01,1.302312704986582914e-02,0.000000000000000000e+00,0.000000000000000000e+00,0.000000000000000000e+00,0.000000000000000000e+00,0.000000000000000000e+00,0.000000000000000000e+00,0.000000000000000000e+00,8.276374511718750000e+02,8.276382446289062500e+02,8.276382446289062500e+02,8.276373901367187500e+02,-2.083775572403809428e+07
3.681000000000000050e+00,1.762259158568484085e-01,4.611677096228884443e-01,-1.302474522476224604e-02,-1.093082542568402094e-04,1.816535509366890011e-04,-1.618174896416899045e-06,9.153428077697753906e-01,5.219606876373291016e+00,-4.924213886260986328e+00,-1.762259158568484085e-01,-4.611677096228884443e-01,1.302474522476224604e-02,0.000000000000000000e+00,0.000000000000000000e+00,0.000000000000000000e+00,0.000000000000000000e+00,0.000000000000000000e+00,0.000000000000000000e+00,0.000000000000000000e+00,8.276373901367187500e+02,8.276383056640625000e+02,8.276383056640625000e+02,8.276373901367187500e+02,-2.083775596793896705e+07
3.681999999999999940e+00,1.761166327222209449e-01,4.613494171406123390e-01,-1.302597303248297957e-02,-1.092831346274636406e-04,1.817075177238947070e-04,-1.227807720733525843e-06,9.153478145599365234e-01,5.219628334045410156e+00,-4.924231529235839844e+00,-1.761166327222209449e-01,-4.613494171406123390e-01,1.302597303248297957e-02,0.000000000000000000e+00,0.000000000000000000e+00,0.000000000000000000e+00,0.000000000000000000e+00,0.000000000000000000e+00,0.000000000000000000e+00,0.000000000000000000e+00,8.276373291015625000e+02,8.276383666992187500e+02,8.276383666992187500e+02,8.276373291015625000e+02,-2.083775621196899563e+07
3.682999999999999829e+00,1.760073347470786642e-01,4.615311252393402008e-01,-1.302682773917348061e-02,-1.092979751422806789e-04,1.817080987278618665e-04,-8.547066905010419768e-07,9.153531789779663086e-01,5.219650268554687500e+00,-4.924252033233642578e+00,-1.760073347470786642e-01,-4.615311252393402008e-01,1.302682773917348061e-02,0.000000000000000000e+00,0.000000000000000000e+00,0.000000000000000000e+00,0.000000000000000000e+00,0.000000000000000000e+00,0.000000000000000000e+00,0.000000000000000000e+00,8.276372680664062500e+02,8.276384277343750000e+02,8.276384277343750000e+02,8.276372680664062500e+02,-2.083775645612825453e+07
3.684000000000000163e+00,1.758980220035559483e-01,4.617128338898589535e-01,-1.302732768796034495e-02,-1.093127435227159161e-04,1.817086505187526235e-04,-4.999487868643376354e-07,9.153583049774169922e-01,5.219671726226806641e+00,-4.924271106719970703e+00,-1.758980220035559483e-01,-4.617128338898589535e-01,1.302732768796034495e-02,0.000000000000000000e+00,0.000000000000000000e+00,0.000000000000000000e+00,0.000000000000000000e+00,0.000000000000000000e+00,0.000000000000000000e+00,0.000000000000000000e+00,8.276372070312500000e+02,8.276384277343750000e+02,8.276384277343750000e+02,8.276372070312500000e+02,-2.083775670041682199e+07
3.685000000000000053e+00,1.757886945706254311e-01,4.618945430604681768e-01,-1.302749288953741237e-02,-1.093274329305171655e-04,1.817091706092233139e-04,-1.652015770674253314e-07,9.153635501861572266e-01,5.219693183898925781e+00,-4.924291610717773438e+00,-1.757886945706254311e-01,-4.618945430604681768e-01,1.302749288953741237e-02,0.000000000000000000e+00,0.000000000000000000e+00,0.000000000000000000e+00,0.000000000000000000e+00,0.000000000000000000e+00,0.000000000000000000e+00,0.000000000000000000e+00,8.276371459960937500e+02,8.276384887695312500e+02,8.276384887695312500e+02,8.276371459960937500e+02,-2.083775694483477250e+07
3.685999999999999943e+00,1.756793125258031829e-01,4.620762527161785815e-01,-1.302734819590692199e-02,-1.093820448222482256e-04,1.817096557104047605e-04,1.446936304903834181e-07,9.153689146041870117e-01,5.219716072082519531e+00,-4.924311637878417969e+00,-1.756793125258031829e-01,-4.620762527161785815e-01,1.302734819590692199e-02,0.000000000000000000e+00,0.000000000000000000e+00,0.000000000000000000e+00,0.000000000000000000e+00,0.000000000000000000e+00,0.000000000000000000e+00,0.000000000000000000e+00,8.276371459960937500e+02,8.276385498046875000e+02,8.276385498046875000e+02,8.276371459960937500e+02,-2.083775718938216940e+07
3.686999999999999833e+00,1.755698759580993085e-01,4.622579094569770897e-01,-1.302691770465893434e-02,-1.094365677038744433e-04,1.816567407985081317e-04,4.304912479876493725e-07,9.153742790222167969e-01,5.219739437103271484e+00,-4.924331665039062500e+00,-1.755698759580993085e-01,-4.622579094569770897e-01,1.302691770465893434e-02,0.000000000000000000e+00,0.000000000000000000e+00,0.000000000000000000e+00,0.000000000000000000e+00,0.000000000000000000e+00,0.000000000000000000e+00,0.000000000000000000e+00,8.276370849609375000e+02,8.276385498046875000e+02,8.276385498046875000e+02,8.276370849609375000e+02,-2.083775743405902758e+07
3.688000000000000167e+00,1.754603716537581626e-01,4.624395665996261506e-01,-1.302623145979116617e-02,-1.095043043411458861e-04,1.816571426490609653e-04,6.862448677681654008e-07,9.153797626495361328e-01,5.219761848449707031e+00,-4.924353122711181641e+00,-1.754603716537581626e-01,-4.624395665996261506e-01,1.302623145979116617e-02,0.000000000000000000e+00,0.000000000000000000e+00,0.000000000000000000e+00,0.000000000000000000e+00,0.000000000000000000e+00,0.000000000000000000e+00,0.000000000000000000e+00,8.276370849609375000e+02,8.276385498046875000e+02,8.276386108398437500e+02,8.276370849609375000e+02,-2.083775767886540666e+07
3.689000000000000057e+00,1.753507863817359569e-01,4.626211707380911697e-01,-1.302531850777421604e-02,-1.095852720222056931e-04,1.816041384650191048e-04,9.129520169501303961e-07,9.153850078582763672e-01,5.219783782958984375e+00,-4.924372673034667969e+00,-1.753507863817359569e-01,-4.626211707380911697e-01,1.302531850777421604e-02,0.000000000000000000e+00,0.000000000000000000e+00,0.000000000000000000e+00,0.000000000000000000e+00,0.000000000000000000e+00,0.000000000000000000e+00,0.000000000000000000e+00,8.276370849609375000e+02,8.276386108398437500e+02,8.276386108398437500e+02,8.276370849609375000e+02,-2.083775792380131036e+07
3.689999999999999947e+00,1.752410964897679058e-01,4.628027476009134444e-01,-1.302420899198868630e-02,-1.096898919680511231e-04,1.815768628222746983e-04,1.109515785529743837e-06,9.153903722763061523e-01,5.219807147979736328e+00,-4.924392223358154297e+00,-1.752410964897679058e-01,-4.628027476009134444e-01,1.302420899198868630e-02,0.000000000000000000e+00,0.000000000000000000e+00,0.000000000000000000e+00,0.000000000000000000e+00,0.000000000000000000e+00,0.000000000000000000e+00,0.000000000000000000e+00,8.276370239257812500e+02,8.276386108398437500e+02,8.276386108398437500e+02,8.276370239257812500e+02,-2.083775816886676475e+07
3.690999999999999837e+00,1.751313096618164478e-01,4.629842989368898598e-01,-1.302293926365998347e-02,-1.097868279514579992e-04,1.815513359764153734e-04,1.269728328702826592e-06,9.153959751129150391e-01,5.219828128814697266e+00,-4.924413204193115234e+00,-1.751313096618164478e-01,-4.629842989368898598e-01,1.302293926365998347e-02,0.000000000000000000e+00,0.000000000000000000e+00,0.000000000000000000e+00,0.000000000000000000e+00,0.000000000000000000e+00,0.000000000000000000e+00,0.000000000000000000e+00,8.276370239257812500e+02,8.276386108398437500e+02,8.276386108398437500e+02,8.276370239257812500e+02,-2.083775841406179965e+07
3.692000000000000171e+00,1.750214155868139998e-01,4.631658504816517086e-01,-1.302154118733534795e-02,-1.098940750024479662e-04,1.815515447618487599e-04,1.398076324635524892e-06,9.154011011123657227e-01,5.219851016998291016e+00,-4.924431800842285156e+00,-1.750214155868139998e-01,-4.631658504816517086e-01,1.302154118733534795e-02,0.000000000000000000e+00,0.000000000000000000e+00,0.000000000000000000e+00,0.000000000000000000e+00,0.000000000000000000e+00,0.000000000000000000e+00,0.000000000000000000e+00,8.276370239257812500e+02,8.276386108398437500e+02,8.276386108398437500e+02,8.276370239257812500e+02,-2.083775865938645974e+07
3.693000000000000060e+00,1.749113877138437911e-01,4.633472954587918857e-01,-1.302005034421921219e-02,-1.100278729702086622e-04,1.814449771401771550e-04,1.490843116135759372e-06,9.154062271118164062e-01,5.219871997833251953e+00,-4.924453735351562500e+00,-1.749113877138437911e-01,-4.633472954587918857e-01,1.302005034421921219e-02,0.000000000000000000e+00,0.000000000000000000e+00,0.000000000000000000e+00,0.000000000000000000e+00,0.000000000000000000e+00,0.000000000000000000e+00,0.000000000000000000e+00,8.276370239257812500e+02,8.276386108398437500e+02,8.276386108398437500e+02,8.276370239257812500e+02,-2.083775890484069288e+07
3.693999999999999950e+00,1.748012395455565415e-01,4.635287405348556544e-01,-1.301850363733563984e-02,-1.101481682872496037e-04,1.814450760637686955e-04,1.546706883572349089e-06,9.154113531112670898e-01,5.219894886016845703e+00,-4.924472808837890625e+00,-1.748012395455565415e-01,-4.635287405348556544e-01,1.301850363733563984e-02,0.000000000000000000e+00,0.000000000000000000e+00,0.000000000000000000e+00,0.000000000000000000e+00,0.000000000000000000e+00,0.000000000000000000e+00,0.000000000000000000e+00,8.276370239257812500e+02,8.276386108398437500e+02,8.276386108398437500e+02,8.276370239257812500e+02,-2.083775915042454004e+07
3.694999999999999840e+00,1.746909311979579493e-01,4.637101322972400630e-01,-1.301693667538968320e-02,-1.103083475985922046e-04,1.813917623844085725e-04,1.566961945956638069e-06,9.154168367385864258e-01,5.219916820526123047e+00,-4.924491405487060547e+00,-1.746909311979579493e-01,-4.637101322972400630e-01,1.301693667538968320e-02,0.000000000000000000e+00,0.000000000000000000e+00,0.000000000000000000e+00,0.000000000000000000e+00,0.000000000000000000e+00,0.000000000000000000e+00,0.000000000000000000e+00,8.276370849609375000e+02,8.276386108398437500e+02,8.276386108398437500e+02,8.276370849609375000e+02,-2.083775939613799006e+07
3.696000000000000174e+00,1.745804895076910890e-01,4.638915240492433867e-01,-1.301538633360680569e-02,-1.104416902668603484e-04,1.813917520033236919e-04,1.550341782877509567e-06,9.154222011566162109e-01,5.219939708709716797e+00,-4.924510955810546875e+00,-1.745804895076910890e-01,-4.638915240492433867e-01,1.301538633360680569e-02,0.000000000000000000e+00,0.000000000000000000e+00,0.000000000000000000e+00,0.000000000000000000e+00,0.000000000000000000e+00,0.000000000000000000e+00,0.000000000000000000e+00,8.276370849609375000e+02,8.276385498046875000e+02,8.276385498046875000e+02,8.276370849609375000e+02,-2.083775964198108390e+07
3.697000000000000064e+00,1.744699012653475045e-01,4.640728090135675665e-01,-1.301388824735114601e-02,-1.105882423435844419e-04,1.812849643241798425e-04,1.498086255659683563e-06,9.154276847839355469e-01,5.219960212707519531e+00,-4.924532890319824219e+00,-1.744699012653475045e-01,-4.640728090135675665e-01,1.301388824735114601e-02,0.000000000000000000e+00,0.000000000000000000e+00,0.000000000000000000e+00,0.000000000000000000e+00,0.000000000000000000e+00,0.000000000000000000e+00,0.000000000000000000e+00,8.276370849609375000e+02,8.276385498046875000e+02,8.276385498046875000e+02,8.276370849609375000e+02,-2.083775988795376197e+07
3.697999999999999954e+00,1.743591532862692195e-01,4.642540404980893820e-01,-1.301247912990515301e-02,-1.107479790782850415e-04,1.812314845218154780e-04,1.409117445992993933e-06,9.154326915740966797e-01,5.219983100891113281e+00,-4.924552440643310547e+00,-1.743591532862692195e-01,-4.642540404980893820e-01,1.301247912990515301e-02,0.000000000000000000e+00,0.000000000000000000e+00,0.000000000000000000e+00,0.000000000000000000e+00,0.000000000000000000e+00,0.000000000000000000e+00,0.000000000000000000e+00,8.276371459960937500e+02,8.276384887695312500e+02,8.276385498046875000e+02,8.276371459960937500e+02,-2.083776013405601680e+07
3.698999999999999844e+00,1.742482323758871576e-01,4.644352718146353975e-01,-1.301119319291619766e-02,-1.109209103820618658e-04,1.812313165460155417e-04,1.285936988955349580e-06,9.154381752014160156e-01,5.220005512237548828e+00,-4.924571037292480469e+00,-1.742482323758871576e-01,-4.644352718146353975e-01,1.301119319291619766e-02,0.000000000000000000e+00,0.000000000000000000e+00,0.000000000000000000e+00,0.000000000000000000e+00,0.000000000000000000e+00,0.000000000000000000e+00,0.000000000000000000e+00,8.276372070312500000e+02,8.276384887695312500e+02,8.276384887695312500e+02,8.276372070312500000e+02,-2.083776038028787449e+07
3.700000000000000178e+00,1.741371653472366943e-01,4.646163961820158894e-01,-1.301006623409358201e-02,-1.110670286504633619e-04,1.811243673804918686e-04,1.126958822615653499e-06,9.154433012008666992e-01,5.220028877258300781e+00,-4.924592018127441406e+00,-1.741371653472366943e-01,-4.646163961820158894e-01,1.301006623409358201e-02,0.000000000000000000e+00,0.000000000000000000e+00,0.000000000000000000e+00,0.000000000000000000e+00,0.000000000000000000e+00,0.000000000000000000e+00,0.000000000000000000e+00,8.276372070312500000e+02,8.276384277343750000e+02,8.276384277343750000e+02,8.276372070312500000e+02,-2.083776062664928287e+07
3.701000000000000068e+00,1.740259256588364833e-01,4.647974669162921457e-01,-1.300913074348606507e-02,-1.112396884002109232e-04,1.810707342762563066e-04,9.354906075169366897e-07,9.154486656188964844e-01,5.220048904418945312e+00,-4.924610137939453125e+00,-1.740259256588364833e-01,-4.647974669162921457e-01,1.300913074348606507e-02,0.000000000000000000e+00,0.000000000000000000e+00,0.000000000000000000e+00,0.000000000000000000e+00,0.000000000000000000e+00,0.000000000000000000e+00,0.000000000000000000e+00,8.276372680664062500e+02,8.276383666992187500e+02,8.276383666992187500e+02,8.276372680664062500e+02,-2.083776087314022705e+07
3.701999999999999957e+00,1.739145164246177488e-01,4.649785096137653007e-01,-1.300841780607455214e-02,-1.114092342187344986e-04,1.810426974731549343e-04,7.129374115129316625e-07,9.154543876647949219e-01,5.220072746276855469e+00,-4.924632549285888672e+00,-1.739145164246177488e-01,-4.649785096137653007e-01,1.300841780607455214e-02,0.000000000000000000e+00,0.000000000000000000e+00,0.000000000000000000e+00,0.000000000000000000e+00,0.000000000000000000e+00,0.000000000000000000e+00,0.000000000000000000e+00,8.276373291015625000e+02,8.276383666992187500e+02,8.276383666992187500e+02,8.276373291015625000e+02,-2.083776111976071820e+07
3.702999999999999847e+00,1.738029584863866051e-01,4.651594729282882423e-01,-1.300795874193780635e-02,-1.115579382311437939e-04,1.809633145229416762e-04,4.590641367457903854e-07,9.154593944549560547e-01,5.220093727111816406e+00,-4.924650192260742188e+00,-1.738029584863866051e-01,-4.651594729282882423e-01,1.300795874193780635e-02,0.000000000000000000e+00,0.000000000000000000e+00,0.000000000000000000e+00,0.000000000000000000e+00,0.000000000000000000e+00,0.000000000000000000e+00,0.000000000000000000e+00,8.276373901367187500e+02,8.276383056640625000e+02,8.276383056640625000e+02,8.276373901367187500e+02,-2.083776136651073024e+07
3.704000000000000181e+00,1.736912416047356189e-01,4.653404358357924875e-01,-1.300778132783591071e-02,-1.117168816509861440e-04,1.809629075042451518e-04,1.774141018956454374e-07,9.154644012451171875e-01,5.220115184783935547e+00,-4.924671173095703125e+00,-1.736912416047356189e-01,-4.653404358357924875e-01,1.300778132783591071e-02,0.000000000000000000e+00,0.000000000000000000e+00,0.000000000000000000e+00,0.000000000000000000e+00,0.000000000000000000e+00,0.000000000000000000e+00,0.000000000000000000e+00,8.276374511718750000e+02,8.276382446289062500e+02,8.276382446289062500e+02,8.276374511718750000e+02,-2.083776161339030042e+07
3.705000000000000071e+00,1.735793792125021606e-01,4.655212915723102585e-01,-1.300791130269331360e-02,-1.118623922334582854e-04,1.808557365177709819e-04,-1.299748574028897208e-07,9.154696464538574219e-01,5.220138072967529297e+00,-4.924690723419189453e+00,-1.735793792125021606e-01,-4.655212915723102585e-01,1.300791130269331360e-02,0.000000000000000000e+00,0.000000000000000000e+00,0.000000000000000000e+00,0.000000000000000000e+00,0.000000000000000000e+00,0.000000000000000000e+00,0.000000000000000000e+00,8.276375122070312500e+02,8.276381835937500000e+02,8.276381835937500000e+02,8.276375122070312500e+02,-2.083776186039938033e+07
3.705999999999999961e+00,1.734673580761249001e-01,4.657021468303302880e-01,-1.300837128578023576e-02,-1.120211363772605218e-04,1.808552580200295523e-04,-4.599830869221610552e-07,9.154752492904663086e-01,5.220158576965332031e+00,-4.924710273742675781e+00,-1.734673580761249001e-01,-4.657021468303302880e-01,1.300837128578023576e-02,0.000000000000000000e+00,0.000000000000000000e+00,0.000000000000000000e+00,0.000000000000000000e+00,0.000000000000000000e+00,0.000000000000000000e+00,0.000000000000000000e+00,8.276375732421875000e+02,8.276381225585937500e+02,8.276381225585937500e+02,8.276375732421875000e+02,-2.083776210753801093e+07
3.706999999999999851e+00,1.733552049591710609e-01,4.658828948484268762e-01,-1.300918456916800095e-02,-1.121531169538392270e-04,1.807480180965881367e-04,-8.132833877651929333e-07,9.154801368713378906e-01,5.220181941986083984e+00,-4.924730300903320312e+00,-1.733552049591710609e-01,-4.658828948484268762e-01,1.300918456916800095e-02,0.000000000000000000e+00,0.000000000000000000e+00,0.000000000000000000e+00,0.000000000000000000e+00,0.000000000000000000e+00,0.000000000000000000e+00,0.000000000000000000e+00,8.276376342773437500e+02,8.276380615234375000e+02,8.276380615234375000e+02,8.276376342773437500e+02,-2.083776235480614752e+07
3.708000000000000185e+00,1.732429066046267396e-01,4.660636423280988261e-01,-1.301036793546334405e-02,-1.122983545443212439e-04,1.807474796719499288e-04,-1.183366295343102337e-06,9.154852628707885742e-01,5.220201969146728516e+00,-4.924748897552490234e+00,-1.732429066046267396e-01,-4.660636423280988261e-01,1.301036793546334405e-02,0.000000000000000000e+00,0.000000000000000000e+00,0.000000000000000000e+00,0.000000000000000000e+00,0.000000000000000000e+00,0.000000000000000000e+00,0.000000000000000000e+00,8.276376953125000000e+02,8.276380004882812500e+02,8.276380004882812500e+02,8.276376953125000000e+02,-2.083776260220384225e+07
3.709000000000000075e+00,1.731304897562241374e-01,4.662443358802749738e-01,-1.301193808753005679e-02,-1.124168484026022430e-04,1.806935521761476870e-04,-1.570152066712737771e-06,9.154906272888183594e-01,5.220224380493164062e+00,-4.924769878387451172e+00,-1.731304897562241374e-01,-4.662443358802749738e-01,1.301193808753005679e-02,0.000000000000000000e+00,0.000000000000000000e+00,0.000000000000000000e+00,0.000000000000000000e+00,0.000000000000000000e+00,0.000000000000000000e+00,0.000000000000000000e+00,8.276377563476562500e+02,8.276378784179687500e+02,8.276378784179687500e+02,8.276377563476562500e+02,-2.083776284973109886e+07
3.709999999999999964e+00,1.730179678106780194e-01,4.664249754845303242e-01,-1.301390841981979116e-02,-1.125219455461179408e-04,1.806396042553504167e-04,-1.970332289734366693e-06,9.154958724975585938e-01,5.220246315002441406e+00,-4.924788475036621094e+00,-1.730179678106780194e-01,-4.664249754845303242e-01,1.301390841981979116e-02,0.000000000000000000e+00,0.000000000000000000e+00,0.000000000000000000e+00,0.000000000000000000e+00,0.000000000000000000e+00,0.000000000000000000e+00,0.000000000000000000e+00,8.276378173828125000e+02,8.276378173828125000e+02,8.276378173828125000e+02,8.276378173828125000e+02,-2.083776309738793597e+07
3.710999999999999854e+00,1.729053274702795351e-01,4.666056144930264549e-01,-1.301628729611466889e-02,-1.126403403984843621e-04,1.806390084961306819e-04,-2.378876294877735331e-06,9.155008792877197266e-01,5.220268249511718750e+00,-4.924807548522949219e+00,-1.729053274702795351e-01,-4.666056144930264549e-01,1.301628729611466889e-02,0.000000000000000000e+00,0.000000000000000000e+00,0.000000000000000000e+00,0.000000000000000000e+00,0.000000000000000000e+00,0.000000000000000000e+00,0.000000000000000000e+00,8.276378784179687500e+02,8.276377563476562500e+02,8.276377563476562500e+02,8.276378784179687500e+02,-2.083776334517441317e+07
3.712000000000000188e+00,1.727925954312161672e-01,4.667861461698161185e-01,-1.301908133375590318e-02,-1.127320390633679281e-04,1.805316767896636421e-04,-2.794037641234287106e-06,9.155061244964599609e-01,5.220289230346679688e+00,-4.924827098846435547e+00,-1.727925954312161672e-01,-4.667861461698161185e-01,1.301908133375590318e-02,0.000000000000000000e+00,0.000000000000000000e+00,0.000000000000000000e+00,0.000000000000000000e+00,0.000000000000000000e+00,0.000000000000000000e+00,0.000000000000000000e+00,8.276379394531250000e+02,8.276376953125000000e+02,8.276376953125000000e+02,8.276379394531250000e+02,-2.083776359309049696e+07
3.713000000000000078e+00,1.726797717369674967e-01,4.669667305949596892e-01,-1.302229577680722589e-02,-1.128236942486704475e-04,1.805844251435706482e-04,-3.214443051322707356e-06,9.155111312866210938e-01,5.220310688018798828e+00,-4.924845218658447266e+00,-1.726797717369674967e-01,-4.669667305949596892e-01,1.302229577680722589e-02,0.000000000000000000e+00,0.000000000000000000e+00,0.000000000000000000e+00,0.000000000000000000e+00,0.000000000000000000e+00,0.000000000000000000e+00,0.000000000000000000e+00,8.276380004882812500e+02,8.276376342773437500e+02,8.276376342773437500e+02,8.276380004882812500e+02,-2.083776384113630652e+07
3.713999999999999968e+00,1.725668727737762753e-01,4.671472331964670044e-01,-1.302592983811662330e-02,-1.128989631912213909e-04,1.805026015073152301e-04,-3.634061309397418338e-06,9.155166149139404297e-01,5.220334529876708984e+00,-4.924866676330566406e+00,-1.725668727737762753e-01,-4.671472331964670044e-01,1.302592983811662330e-02,0.000000000000000000e+00,0.000000000000000000e+00,0.000000000000000000e+00,0.000000000000000000e+00,0.000000000000000000e+00,0.000000000000000000e+00,0.000000000000000000e+00,8.276381225585937500e+02,8.276375732421875000e+02,8.276375732421875000e+02,8.276380615234375000e+02,-2.083776408931184560e+07
3.714999999999999858e+00,1.724539324430003073e-01,4.673277096606749392e-01,-1.302998170556482309e-02,-1.129403307759679898e-04,1.804764642079348391e-04,-4.051867448199783506e-06,9.155213832855224609e-01,5.220353126525878906e+00,-4.924884319305419922e+00,-1.724539324430003073e-01,-4.673277096606749392e-01,1.302998170556482309e-02,0.000000000000000000e+00,0.000000000000000000e+00,0.000000000000000000e+00,0.000000000000000000e+00,0.000000000000000000e+00,0.000000000000000000e+00,0.000000000000000000e+00,8.276381835937500000e+02,8.276375122070312500e+02,8.276375122070312500e+02,8.276381835937500000e+02,-2.083776433761717379e+07
3.716000000000000192e+00,1.723409404402822531e-01,4.675081855243507500e-01,-1.303444488867207263e-02,-1.129920027180542075e-04,1.804758636758108103e-04,-4.463183107249538151e-06,9.155266284942626953e-01,5.220373153686523438e+00,-4.924903869628906250e+00,-1.723409404402822531e-01,-4.675081855243507500e-01,1.303444488867207263e-02,0.000000000000000000e+00,0.000000000000000000e+00,0.000000000000000000e+00,0.000000000000000000e+00,0.000000000000000000e+00,0.000000000000000000e+00,0.000000000000000000e+00,8.276382446289062500e+02,8.276374511718750000e+02,8.276374511718750000e+02,8.276382446289062500e+02,-2.083776458605237305e+07
3.717000000000000082e+00,1.722279234147132132e-01,4.676886607983768984e-01,-1.303931115828592044e-02,-1.130170255690399195e-04,1.804752740261483801e-04,-4.866269613847812314e-06,9.155315160751342773e-01,5.220396041870117188e+00,-4.924922943115234375e+00,-1.722279234147132132e-01,-4.676886607983768984e-01,1.303931115828592044e-02,0.000000000000000000e+00,0.000000000000000000e+00,0.000000000000000000e+00,0.000000000000000000e+00,0.000000000000000000e+00,0.000000000000000000e+00,0.000000000000000000e+00,8.276383056640625000e+02,8.276373901367187500e+02,8.276373901367187500e+02,8.276382446289062500e+02,-2.083776483461753651e+07
3.717999999999999972e+00,1.721148813137237388e-01,4.678691355039841793e-01,-1.304456717377968332e-02,-1.130421009894744255e-04,1.804747056072808498e-04,-5.256015493762880575e-06,9.155365228652954102e-01,5.220416545867919922e+00,-4.924942970275878906e+00,-1.721148813137237388e-01,-4.678691355039841793e-01,1.304456717377968332e-02,0.000000000000000000e+00,0.000000000000000000e+00,0.000000000000000000e+00,0.000000000000000000e+00,0.000000000000000000e+00,0.000000000000000000e+00,0.000000000000000000e+00,8.276383056640625000e+02,8.276373291015625000e+02,8.276373291015625000e+02,8.276383056640625000e+02,-2.083776508331275731e+07
3.718999999999999861e+00,1.720018407658444326e-01,4.680496096594762290e-01,-1.305019970350938287e-02,-1.130405478793061747e-04,1.804741554920497038e-04,-5.632529729699548016e-06,9.155415296554565430e-01,5.220438003540039062e+00,-4.924961090087890625e+00,-1.720018407658444326e-01,-4.680496096594762290e-01,1.305019970350938287e-02,0.000000000000000000e+00,0.000000000000000000e+00,0.000000000000000000e+00,0.000000000000000000e+00,0.000000000000000000e+00,0.000000000000000000e+00,0.000000000000000000e+00,8.276383666992187500e+02,8.276372680664062500e+02,8.276372680664062500e+02,8.276383666992187500e+02,-2.083776533213813603e+07
3.720000000000000195e+00,1.718888150384893232e-01,4.682300832920391342e-01,-1.305619045878502783e-02,-1.130257273551094066e-04,1.804736325629052729e-04,-5.990755275644965572e-06,9.155467748641967773e-01,5.220459938049316406e+00,-4.924980640411376953e+00,-1.718888150384893232e-01,-4.682300832920391342e-01,1.305619045878502783e-02,0.000000000000000000e+00,0.000000000000000000e+00,0.000000000000000000e+00,0.000000000000000000e+00,0.000000000000000000e+00,0.000000000000000000e+00,0.000000000000000000e+00,8.276384277343750000e+02,8.276372070312500000e+02,8.276372070312500000e+02,8.276384277343750000e+02,-2.083776558109377697e+07
3.721000000000000085e+00,1.717758173816691103e-01,4.684105030704011075e-01,-1.306251856958296625e-02,-1.129976568202128995e-04,1.804197783619732043e-04,-6.328110797938421572e-06,9.155517816543579102e-01,5.220481872558593750e+00,-4.924998760223388672e+00,-1.717758173816691103e-01,-4.684105030704011075e-01,1.306251856958296625e-02,0.000000000000000000e+00,0.000000000000000000e+00,0.000000000000000000e+00,0.000000000000000000e+00,0.000000000000000000e+00,0.000000000000000000e+00,0.000000000000000000e+00,8.276384887695312500e+02,8.276372070312500000e+02,8.276372070312500000e+02,8.276384887695312500e+02,-2.083776583017973602e+07
3.721999999999999975e+00,1.716628610632904561e-01,4.685910291154726792e-01,-1.306916098487514652e-02,-1.129563183786541636e-04,1.805260450715717724e-04,-6.642415292180264830e-06,9.155569076538085938e-01,5.220502853393554688e+00,-4.925018787384033203e+00,-1.716628610632904561e-01,-4.685910291154726792e-01,1.306916098487514652e-02,0.000000000000000000e+00,0.000000000000000000e+00,0.000000000000000000e+00,0.000000000000000000e+00,0.000000000000000000e+00,0.000000000000000000e+00,0.000000000000000000e+00,8.276384887695312500e+02,8.276371459960937500e+02,8.276371459960937500e+02,8.276384887695312500e+02,-2.083776607939622924e+07
3.722999999999999865e+00,1.715499459647269742e-01,4.687715013779741313e-01,-1.307609328496025028e-02,-1.129150985634819193e-04,1.804722625014520965e-04,-6.932300085103759724e-06,9.155620336532592773e-01,5.220523834228515625e+00,-4.925037384033203125e+00,-1.715499459647269742e-01,-4.687715013779741313e-01,1.307609328496025028e-02,0.000000000000000000e+00,0.000000000000000000e+00,0.000000000000000000e+00,0.000000000000000000e+00,0.000000000000000000e+00,0.000000000000000000e+00,0.000000000000000000e+00,8.276385498046875000e+02,8.276371459960937500e+02,8.276371459960937500e+02,8.276385498046875000e+02,-2.083776632874331623e+07
3.724000000000000199e+00,1.714370986632408056e-01,4.689520266237853785e-01,-1.308328655680048025e-02,-1.128473014861686163e-04,1.805252458112471814e-04,-7.193271840229970016e-06,9.155671596527099609e-01,5.220545291900634766e+00,-4.925056457519531250e+00,-1.714370986632408056e-01,-4.689520266237853785e-01,1.308328655680048025e-02,0.000000000000000000e+00,0.000000000000000000e+00,0.000000000000000000e+00,0.000000000000000000e+00,0.000000000000000000e+00,0.000000000000000000e+00,0.000000000000000000e+00,8.276385498046875000e+02,8.276370849609375000e+02,8.276370849609375000e+02,8.276385498046875000e+02,-2.083776657822117209e+07
3.725000000000000089e+00,1.713243323809432173e-01,4.691325515312167460e-01,-1.309071326048424216e-02,-1.127662822975883383e-04,1.805249074313675095e-04,-7.426703683761914920e-06,9.155720472335815430e-01,5.220565319061279297e+00,-4.925075531005859375e+00,-1.713243323809432173e-01,-4.691325515312167460e-01,1.309071326048424216e-02,0.000000000000000000e+00,0.000000000000000000e+00,0.000000000000000000e+00,0.000000000000000000e+00,0.000000000000000000e+00,0.000000000000000000e+00,0.000000000000000000e+00,8.276386108398437500e+02,8.276370849609375000e+02,8.276370849609375000e+02,8.276386108398437500e+02,-2.083776682782991603e+07
3.725999999999999979e+00,1.712116501279948022e-01,4.693131015362155822e-01,-1.309833944056977388e-02,-1.126822529484150515e-04,1.805500049988362221e-04,-7.626180085531716890e-06,9.155771732330322266e-01,5.220586299896240234e+00,-4.925096035003662109e+00,-1.712116501279948022e-01,-4.693131015362155822e-01,1.309833944056977388e-02,0.000000000000000000e+00,0.000000000000000000e+00,0.000000000000000000e+00,0.000000000000000000e+00,0.000000000000000000e+00,0.000000000000000000e+00,0.000000000000000000e+00,8.276386108398437500e+02,8.276370849609375000e+02,8.276370849609375000e+02,8.276386108398437500e+02,-2.083776707756970078e+07
3.726999999999999869e+00,1.710990721792058356e-01,4.694936792642229739e-01,-1.310613481124814350e-02,-1.125779487889666530e-04,1.805777280073916913e-04,-7.795370678369620276e-06,9.155819416046142578e-01,5.220606803894042969e+00,-4.925113201141357422e+00,-1.710990721792058356e-01,-4.694936792642229739e-01,1.310613481124814350e-02,0.000000000000000000e+00,0.000000000000000000e+00,0.000000000000000000e+00,0.000000000000000000e+00,0.000000000000000000e+00,0.000000000000000000e+00,0.000000000000000000e+00,8.276386108398437500e+02,8.276370239257812500e+02,8.276370239257812500e+02,8.276386108398437500e+02,-2.083776732744067907e+07
3.728000000000000203e+00,1.709866148747893333e-01,4.696743101614846982e-01,-1.311406463843723530e-02,-1.124573044165022573e-04,1.806308972617243214e-04,-7.929827189091798179e-06,9.155871868133544922e-01,5.220629692077636719e+00,-4.925133228302001953e+00,-1.709866148747893333e-01,-4.696743101614846982e-01,1.311406463843723530e-02,0.000000000000000000e+00,0.000000000000000000e+00,0.000000000000000000e+00,0.000000000000000000e+00,0.000000000000000000e+00,0.000000000000000000e+00,0.000000000000000000e+00,8.276386108398437500e+02,8.276370239257812500e+02,8.276370239257812500e+02,8.276386108398437500e+02,-2.083776757744303718e+07
3.729000000000000092e+00,1.708742780718010279e-01,4.698549942805789192e-01,-1.312209390365455877e-02,-1.123368029883053953e-04,1.806841190942209963e-04,-8.029265217323472426e-06,9.155919551849365234e-01,5.220650196075439453e+00,-4.925151824951171875e+00,-1.708742780718010279e-01,-4.698549942805789192e-01,1.312209390365455877e-02,0.000000000000000000e+00,0.000000000000000000e+00,0.000000000000000000e+00,0.000000000000000000e+00,0.000000000000000000e+00,0.000000000000000000e+00,0.000000000000000000e+00,8.276386108398437500e+02,8.276370239257812500e+02,8.276370239257812500e+02,8.276386108398437500e+02,-2.083776782757696137e+07
3.729999999999999982e+00,1.707620749571572283e-01,4.700356783116010351e-01,-1.313018672975964016e-02,-1.122031146437996174e-04,1.806840310221158319e-04,-8.092826105081385446e-06,9.155970811843872070e-01,5.220670223236083984e+00,-4.925169944763183594e+00,-1.707620749571572283e-01,-4.700356783116010351e-01,1.313018672975964016e-02,0.000000000000000000e+00,0.000000000000000000e+00,0.000000000000000000e+00,0.000000000000000000e+00,0.000000000000000000e+00,0.000000000000000000e+00,0.000000000000000000e+00,8.276386108398437500e+02,8.276370239257812500e+02,8.276370849609375000e+02,8.276386108398437500e+02,-2.083776807784258947e+07
3.730999999999999872e+00,1.706500053948086792e-01,4.702164690336086972e-01,-1.313830659000068610e-02,-1.120695623485490344e-04,1.807907220076621080e-04,-8.119860241045939730e-06,9.156020879745483398e-01,5.220692157745361328e+00,-4.925189495086669922e+00,-1.706500053948086792e-01,-4.702164690336086972e-01,1.313830659000068610e-02,0.000000000000000000e+00,0.000000000000000000e+00,0.000000000000000000e+00,0.000000000000000000e+00,0.000000000000000000e+00,0.000000000000000000e+00,0.000000000000000000e+00,8.276386108398437500e+02,8.276370849609375000e+02,8.276370849609375000e+02,8.276386108398437500e+02,-2.083776832824015617e+07
3.732000000000000206e+00,1.705380825606976347e-01,4.703972597755078922e-01,-1.314641669400967022e-02,-1.119228341110445335e-04,1.807907418991949733e-04,-8.110104008984125867e-06,9.156067371368408203e-01,5.220711708068847656e+00,-4.925207614898681641e+00,-1.705380825606976347e-01,-4.703972597755078922e-01,1.314641669400967022e-02,0.000000000000000000e+00,0.000000000000000000e+00,0.000000000000000000e+00,0.000000000000000000e+00,0.000000000000000000e+00,0.000000000000000000e+00,0.000000000000000000e+00,8.276385498046875000e+02,8.276370849609375000e+02,8.276370849609375000e+02,8.276385498046875000e+02,-2.083776857876980305e+07
3.733000000000000096e+00,1.704263063180716242e-01,4.705781039514483899e-01,-1.315448210301132896e-02,-1.117762426260104913e-04,1.808441759404977311e-04,-8.065409001658738197e-06,9.156121015548706055e-01,5.220735073089599609e+00,-4.925228595733642578e+00,-1.704263063180716242e-01,-4.705781039514483899e-01,1.315448210301132896e-02,0.000000000000000000e+00,0.000000000000000000e+00,0.000000000000000000e+00,0.000000000000000000e+00,0.000000000000000000e+00,0.000000000000000000e+00,0.000000000000000000e+00,8.276385498046875000e+02,8.276370849609375000e+02,8.276370849609375000e+02,8.276385498046875000e+02,-2.083776882943172008e+07
3.733999999999999986e+00,1.703146898497573947e-01,4.707590016168085589e-01,-1.316246451830597845e-02,-1.116164683142295555e-04,1.808976653601690465e-04,-7.982415294649491955e-06,9.156172275543212891e-01,5.220755100250244141e+00,-4.925245285034179688e+00,-1.703146898497573947e-01,-4.707590016168085589e-01,1.316246451830597845e-02,0.000000000000000000e+00,0.000000000000000000e+00,0.000000000000000000e+00,0.000000000000000000e+00,0.000000000000000000e+00,0.000000000000000000e+00,0.000000000000000000e+00,8.276385498046875000e+02,8.276371459960937500e+02,8.276371459960937500e+02,8.276384887695312500e+02,-2.083776908022610098e+07
3.734999999999999876e+00,1.702032330254159009e-01,4.709400061829836504e-01,-1.317033066848209352e-02,-1.114568243414937321e-04,1.810045661750914192e-04,-7.866150176115069281e-06,9.156223535537719727e-01,5.220776557922363281e+00,-4.925266742706298828e+00,-1.702032330254159009e-01,-4.709400061829836504e-01,1.317033066848209352e-02,0.000000000000000000e+00,0.000000000000000000e+00,0.000000000000000000e+00,0.000000000000000000e+00,0.000000000000000000e+00,0.000000000000000000e+00,0.000000000000000000e+00,8.276384887695312500e+02,8.276372070312500000e+02,8.276372070312500000e+02,8.276384887695312500e+02,-2.083776933115318790e+07
3.736000000000000210e+00,1.700919356828852758e-01,4.711210109785140543e-01,-1.317804454271867542e-02,-1.112973425306251762e-04,1.810047955304039391e-04,-7.713874236581902410e-06,9.156271219253540039e-01,5.220798015594482422e+00,-4.925285816192626953e+00,-1.700919356828852758e-01,-4.711210109785140543e-01,1.317804454271867542e-02,0.000000000000000000e+00,0.000000000000000000e+00,0.000000000000000000e+00,0.000000000000000000e+00,0.000000000000000000e+00,0.000000000000000000e+00,0.000000000000000000e+00,8.276384277343750000e+02,8.276372070312500000e+02,8.276372070312500000e+02,8.276384277343750000e+02,-2.083776958221312240e+07
3.737000000000000099e+00,1.699808110319851739e-01,4.713020694130756749e-01,-1.318557292452045629e-02,-1.111246509001018179e-04,1.810584345616206292e-04,-7.528381801780864579e-06,9.156324863433837891e-01,5.220819950103759766e+00,-4.925303936004638672e+00,-1.699808110319851739e-01,-4.713020694130756749e-01,1.318557292452045629e-02,0.000000000000000000e+00,0.000000000000000000e+00,0.000000000000000000e+00,0.000000000000000000e+00,0.000000000000000000e+00,0.000000000000000000e+00,0.000000000000000000e+00,8.276384277343750000e+02,8.276372680664062500e+02,8.276372680664062500e+02,8.276383666992187500e+02,-2.083776983340609819e+07
3.737999999999999989e+00,1.698698221382867191e-01,4.714831534313666528e-01,-1.319288327626305830e-02,-1.109888936984548824e-04,1.810840182909778662e-04,-7.310351742602014258e-06,9.156376123428344727e-01,5.220840454101562500e+00,-4.925323486328125000e+00,-1.698698221382867191e-01,-4.714831534313666528e-01,1.319288327626305830e-02,0.000000000000000000e+00,0.000000000000000000e+00,0.000000000000000000e+00,0.000000000000000000e+00,0.000000000000000000e+00,0.000000000000000000e+00,0.000000000000000000e+00,8.276383666992187500e+02,8.276373291015625000e+02,8.276373291015625000e+02,8.276383666992187500e+02,-2.083777008473227173e+07
3.738999999999999879e+00,1.697590158055957421e-01,4.716643192738961821e-01,-1.319994634730101493e-02,-1.108063326909769497e-04,1.811658425295292751e-04,-7.063071037956628051e-06,9.156424999237060547e-01,5.220861911773681641e+00,-4.925342559814453125e+00,-1.697590158055957421e-01,-4.716643192738961821e-01,1.319994634730101493e-02,0.000000000000000000e+00,0.000000000000000000e+00,0.000000000000000000e+00,0.000000000000000000e+00,0.000000000000000000e+00,0.000000000000000000e+00,0.000000000000000000e+00,8.276383056640625000e+02,8.276373901367187500e+02,8.276373901367187500e+02,8.276383056640625000e+02,-2.083777033619186282e+07
3.740000000000000213e+00,1.696483684467975095e-01,4.718455388895305691e-01,-1.320673299043725359e-02,-1.106473587982326201e-04,1.812196156343870435e-04,-6.786643136238654228e-06,9.156473875045776367e-01,5.220883846282958984e+00,-4.925361633300781250e+00,-1.696483684467975095e-01,-4.718455388895305691e-01,1.320673299043725359e-02,0.000000000000000000e+00,0.000000000000000000e+00,0.000000000000000000e+00,0.000000000000000000e+00,0.000000000000000000e+00,0.000000000000000000e+00,0.000000000000000000e+00,8.276382446289062500e+02,8.276374511718750000e+02,8.276374511718750000e+02,8.276382446289062500e+02,-2.083777058778506145e+07
3.741000000000000103e+00,1.695378666100875453e-01,4.720268123183631870e-01,-1.321321647022390480e-02,-1.105018367099641630e-04,1.812734288326178778e-04,-6.483479786651216714e-06,9.156526327133178711e-01,5.220905303955078125e+00,-4.925380706787109375e+00,-1.695378666100875453e-01,-4.720268123183631870e-01,1.321321647022390480e-02,0.000000000000000000e+00,0.000000000000000000e+00,0.000000000000000000e+00,0.000000000000000000e+00,0.000000000000000000e+00,0.000000000000000000e+00,0.000000000000000000e+00,8.276381835937500000e+02,8.276375122070312500e+02,8.276375122070312500e+02,8.276381835937500000e+02,-2.083777083951205015e+07
3.741999999999999993e+00,1.694275235315554629e-01,4.722081395950098459e-01,-1.321937182864599269e-02,-1.103430785320824725e-04,1.813272766466589303e-04,-6.155358422087892079e-06,9.156581163406372070e-01,5.220925807952880859e+00,-4.925401687622070312e+00,-1.694275235315554629e-01,-4.722081395950098459e-01,1.321937182864599269e-02,0.000000000000000000e+00,0.000000000000000000e+00,0.000000000000000000e+00,0.000000000000000000e+00,0.000000000000000000e+00,0.000000000000000000e+00,0.000000000000000000e+00,8.276381225585937500e+02,8.276375732421875000e+02,8.276375732421875000e+02,8.276381225585937500e+02,-2.083777109137301520e+07
3.742999999999999883e+00,1.693173124459664836e-01,4.723895207509752336e-01,-1.322517894548095631e-02,-1.102110855889792962e-04,1.813811559653877303e-04,-5.807116834963613194e-06,9.156631231307983398e-01,5.220947742462158203e+00,-4.925422191619873047e+00,-1.693173124459664836e-01,-4.723895207509752336e-01,1.322517894548095631e-02,0.000000000000000000e+00,0.000000000000000000e+00,0.000000000000000000e+00,0.000000000000000000e+00,0.000000000000000000e+00,0.000000000000000000e+00,0.000000000000000000e+00,8.276380615234375000e+02,8.276376342773437500e+02,8.276376342773437500e+02,8.276380615234375000e+02,-2.083777134336813167e+07
3.744000000000000217e+00,1.692072466063083980e-01,4.725709558145487765e-01,-1.323061703160716314e-02,-1.100658396580855847e-04,1.814350635735428874e-04,-5.438086126206831405e-06,9.156681299209594727e-01,5.220969200134277344e+00,-4.925440311431884766e+00,-1.692072466063083980e-01,-4.725709558145487765e-01,1.323061703160716314e-02,0.000000000000000000e+00,0.000000000000000000e+00,0.000000000000000000e+00,0.000000000000000000e+00,0.000000000000000000e+00,0.000000000000000000e+00,0.000000000000000000e+00,8.276380004882812500e+02,8.276376953125000000e+02,8.276376953125000000e+02,8.276380004882812500e+02,-2.083777159549758211e+07
3.745000000000000107e+00,1.690972992677248210e-01,4.727524448097092935e-01,-1.323567096935305762e-02,-1.099473385835769701e-04,1.814889951605169749e-04,-5.053937745894479527e-06,9.156732559204101562e-01,5.220991611480712891e+00,-4.925459384918212891e+00,-1.690972992677248210e-01,-4.727524448097092935e-01,1.323567096935305762e-02,0.000000000000000000e+00,0.000000000000000000e+00,0.000000000000000000e+00,0.000000000000000000e+00,0.000000000000000000e+00,0.000000000000000000e+00,0.000000000000000000e+00,8.276379394531250000e+02,8.276377563476562500e+02,8.276377563476562500e+02,8.276379394531250000e+02,-2.083777184776153415e+07
3.745999999999999996e+00,1.689874703593163274e-01,4.729339343953058439e-01,-1.324032567222895550e-02,-1.098289084084935752e-04,1.814895855965503735e-04,-4.654702875897878678e-06,9.156783819198608398e-01,5.221011638641357422e+00,-4.925478458404541016e+00,-1.689874703593163274e-01,-4.729339343953058439e-01,1.324032567222895550e-02,0.000000000000000000e+00,0.000000000000000000e+00,0.000000000000000000e+00,0.000000000000000000e+00,0.000000000000000000e+00,0.000000000000000000e+00,0.000000000000000000e+00,8.276378784179687500e+02,8.276378173828125000e+02,8.276378173828125000e+02,8.276378173828125000e+02,-2.083777210016011074e+07
3.746999999999999886e+00,1.688777598484619280e-01,4.731154779458487947e-01,-1.324457204787084404e-02,-1.097105108543994234e-04,1.815435505429507934e-04,-4.246375641888538999e-06,9.156837463378906250e-01,5.221035003662109375e+00,-4.925498485565185547e+00,-1.688777598484619280e-01,-4.731154779458487947e-01,1.324457204787084404e-02,0.000000000000000000e+00,0.000000000000000000e+00,0.000000000000000000e+00,0.000000000000000000e+00,0.000000000000000000e+00,0.000000000000000000e+00,0.000000000000000000e+00,8.276377563476562500e+02,8.276378784179687500e+02,8.276378784179687500e+02,8.276377563476562500e+02,-2.083777235269348323e+07
3.748000000000000220e+00,1.687681410175931596e-01,4.732970754753542675e-01,-1.324840164862044201e-02,-1.096188308687684465e-04,1.815975295054728100e-04,-3.829600749597969478e-06,9.156888723373413086e-01,5.221057415008544922e+00,-4.925517082214355469e+00,-1.687681410175931596e-01,-4.732970754753542675e-01,1.324840164862044201e-02,0.000000000000000000e+00,0.000000000000000000e+00,0.000000000000000000e+00,0.000000000000000000e+00,0.000000000000000000e+00,0.000000000000000000e+00,0.000000000000000000e+00,8.276376953125000000e+02,8.276379394531250000e+02,8.276379394531250000e+02,8.276376953125000000e+02,-2.083777260536181182e+07
3.749000000000000110e+00,1.686586004997651933e-01,4.734786736280547914e-01,-1.325181017207663174e-02,-1.095405178279662550e-04,1.815981527005239293e-04,-3.408523456189735401e-06,9.156942367553710938e-01,5.221078395843505859e+00,-4.925538063049316406e+00,-1.686586004997651933e-01,-4.734786736280547914e-01,1.325181017207663174e-02,0.000000000000000000e+00,0.000000000000000000e+00,0.000000000000000000e+00,0.000000000000000000e+00,0.000000000000000000e+00,0.000000000000000000e+00,0.000000000000000000e+00,8.276376342773437500e+02,8.276380004882812500e+02,8.276380004882812500e+02,8.276376342773437500e+02,-2.083777285816520080e+07
3.750000000000000000e+00,1.685491415940188198e-01,4.736602975302945384e-01,-1.325479616997425787e-02,-1.094589057463735138e-04,1.816239022397470038e-04,-2.985997897626130326e-06,9.156997203826904297e-01,5.221100330352783203e+00,-4.925559043884277344e+00,-1.685491415940188198e-01,-4.736602975302945384e-01,1.325479616997425787e-02,0.000000000000000000e+00,0.000000000000000000e+00,0.000000000000000000e+00,0.000000000000000000e+00,0.000000000000000000e+00,0.000000000000000000e+00,0.000000000000000000e+00,8.276375732421875000e+02,8.276380615234375000e+02,8.276380615234375000e+02,8.276375732421875000e+02,-2.083777311110378057e+07
3.750999999999999890e+00,1.684397310252944702e-01,4.738419502812337147e-01,-1.325736167409024072e-02,-1.094105687243496217e-04,1.816527509391763218e-04,-2.565504115982844557e-06,9.157043695449829102e-01,5.221122741699218750e+00,-4.925576686859130859e+00,-1.684397310252944702e-01,-4.738419502812337147e-01,1.325736167409024072e-02,0.000000000000000000e+00,0.000000000000000000e+00,0.000000000000000000e+00,0.000000000000000000e+00,0.000000000000000000e+00,0.000000000000000000e+00,0.000000000000000000e+00,8.276375122070312500e+02,8.276381225585937500e+02,8.276381225585937500e+02,8.276375122070312500e+02,-2.083777336417767406e+07
3.751999999999999780e+00,1.683303854505970587e-01,4.740236036434021250e-01,-1.325951271687720451e-02,-1.093455746974114629e-04,1.816533621684102151e-04,-2.151042786963791587e-06,9.157098531723022461e-01,5.221144676208496094e+00,-4.925598144531250000e+00,-1.683303854505970587e-01,-4.740236036434021250e-01,1.325951271687720451e-02,0.000000000000000000e+00,0.000000000000000000e+00,0.000000000000000000e+00,0.000000000000000000e+00,0.000000000000000000e+00,0.000000000000000000e+00,0.000000000000000000e+00,8.276374511718750000e+02,8.276381835937500000e+02,8.276381835937500000e+02,8.276374511718750000e+02,-2.083777361738698557e+07
3.753000000000000114e+00,1.682210648843625589e-01,4.742053109711522607e-01,-1.326125671546106791e-02,-1.093205662344998164e-04,1.817073277501357609e-04,-1.743998583863398677e-06,9.157149791717529297e-01,5.221167087554931641e+00,-4.925616264343261719e+00,-1.682210648843625589e-01,-4.742053109711522607e-01,1.326125671546106791e-02,0.000000000000000000e+00,0.000000000000000000e+00,0.000000000000000000e+00,0.000000000000000000e+00,0.000000000000000000e+00,0.000000000000000000e+00,0.000000000000000000e+00,8.276373901367187500e+02,8.276382446289062500e+02,8.276382446289062500e+02,8.276373901367187500e+02,-2.083777387073184922e+07
3.754000000000000004e+00,1.681117693623808140e-01,4.743870188852608027e-01,-1.326260443061267127e-02,-1.092955219817448587e-04,1.817079141085420346e-04,-1.347715151603368078e-06,9.157202243804931641e-01,5.221189022064208984e+00,-4.925637245178222656e+00,-1.681117693623808140e-01,-4.743870188852608027e-01,1.326260443061267127e-02,0.000000000000000000e+00,0.000000000000000000e+00,0.000000000000000000e+00,0.000000000000000000e+00,0.000000000000000000e+00,0.000000000000000000e+00,0.000000000000000000e+00,8.276373291015625000e+02,8.276383056640625000e+02,8.276383056640625000e+02,8.276373291015625000e+02,-2.083777412421235815e+07
3.754999999999999893e+00,1.680024856043233761e-01,4.745687273640619153e-01,-1.326357081528686810e-02,-1.092837580574379519e-04,1.817084788011125163e-04,-9.663846741968240561e-07,9.157253503799438477e-01,5.221210002899169922e+00,-4.925656318664550781e+00,-1.680024856043233761e-01,-4.745687273640619153e-01,1.326357081528686810e-02,0.000000000000000000e+00,0.000000000000000000e+00,0.000000000000000000e+00,0.000000000000000000e+00,0.000000000000000000e+00,0.000000000000000000e+00,0.000000000000000000e+00,8.276372680664062500e+02,8.276383666992187500e+02,8.276383666992187500e+02,8.276372680664062500e+02,-2.083777437782859430e+07
3.755999999999999783e+00,1.678931869928110832e-01,4.747504363861899113e-01,-1.326417160086721531e-02,-1.092986115122929203e-04,1.817090221279960005e-04,-6.007855803472073042e-07,9.157308340072631836e-01,5.221231460571289062e+00,-4.925676345825195312e+00,-1.678931869928110832e-01,-4.747504363861899113e-01,1.326417160086721531e-02,0.000000000000000000e+00,0.000000000000000000e+00,0.000000000000000000e+00,0.000000000000000000e+00,0.000000000000000000e+00,0.000000000000000000e+00,0.000000000000000000e+00,8.276372680664062500e+02,8.276384277343750000e+02,8.276384277343750000e+02,8.276372070312500000e+02,-2.083777463158063218e+07
3.757000000000000117e+00,1.677838602682049651e-01,4.749320925581634878e-01,-1.326442833214133005e-02,-1.093267246061180309e-04,1.816561719735765301e-04,-2.567312741147409483e-07,9.157360792160034180e-01,5.221254825592041016e+00,-4.925697326660156250e+00,-1.677838602682049651e-01,-4.749320925581634878e-01,1.326442833214133005e-02,0.000000000000000000e+00,0.000000000000000000e+00,0.000000000000000000e+00,0.000000000000000000e+00,0.000000000000000000e+00,0.000000000000000000e+00,0.000000000000000000e+00,8.276372070312500000e+02,8.276384887695312500e+02,8.276384887695312500e+02,8.276372070312500000e+02,-2.083777488546849415e+07
3.758000000000000007e+00,1.676745055330483292e-01,4.751138025716312163e-01,-1.326436284380755858e-02,-1.093547351566359627e-04,1.817100134677285261e-04,6.548833377147122992e-08,9.157415628433227539e-01,5.221278190612792969e+00,-4.925716876983642578e+00,-1.676745055330483292e-01,-4.751138025716312163e-01,1.326436284380755858e-02,0.000000000000000000e+00,0.000000000000000000e+00,0.000000000000000000e+00,0.000000000000000000e+00,0.000000000000000000e+00,0.000000000000000000e+00,0.000000000000000000e+00,8.276371459960937500e+02,8.276384887695312500e+02,8.276384887695312500e+02,8.276371459960937500e+02,-2.083777513949230313e+07
3.758999999999999897e+00,1.675650961906029746e-01,4.752954596689110689e-01,-1.326399904841031249e-02,-1.094093424453546071e-04,1.816570972798525752e-04,3.637953972460833407e-07,9.157470464706420898e-01,5.221299171447753906e+00,-4.925736904144287109e+00,-1.675650961906029746e-01,-4.752954596689110689e-01,1.326399904841031249e-02,0.000000000000000000e+00,0.000000000000000000e+00,0.000000000000000000e+00,0.000000000000000000e+00,0.000000000000000000e+00,0.000000000000000000e+00,0.000000000000000000e+00,8.276371459960937500e+02,8.276385498046875000e+02,8.276385498046875000e+02,8.276371459960937500e+02,-2.083777539365207404e+07
3.759999999999999787e+00,1.674556323607675756e-01,4.754771171711275057e-01,-1.326336453875372016e-02,-1.094638298353989292e-04,1.816575022164368391e-04,6.345096565923274978e-07,9.157524108886718750e-01,5.221322059631347656e+00,-4.925756931304931641e+00,-1.674556323607675756e-01,-4.754771171711275057e-01,1.326336453875372016e-02,0.000000000000000000e+00,0.000000000000000000e+00,0.000000000000000000e+00,0.000000000000000000e+00,0.000000000000000000e+00,0.000000000000000000e+00,0.000000000000000000e+00,8.276370849609375000e+02,8.276385498046875000e+02,8.276385498046875000e+02,8.276370849609375000e+02,-2.083777564794787019e+07
3.761000000000000121e+00,1.673460775106530296e-01,4.756587466843397172e-01,-1.326248763712727270e-02,-1.095548501145460207e-04,1.816295132122114353e-04,8.769016264474627231e-07,9.157571792602539062e-01,5.221344470977783203e+00,-4.925776481628417969e+00,-1.673460775106530296e-01,-4.756587466843397172e-01,1.326248763712727270e-02,0.000000000000000000e+00,0.000000000000000000e+00,0.000000000000000000e+00,0.000000000000000000e+00,0.000000000000000000e+00,0.000000000000000000e+00,0.000000000000000000e+00,8.276370849609375000e+02,8.276386108398437500e+02,8.276386108398437500e+02,8.276370849609375000e+02,-2.083777590237971768e+07
3.762000000000000011e+00,1.672364383690715384e-01,4.758403514982912919e-01,-1.326140055808204717e-02,-1.096391415814912396e-04,1.816048139515746840e-04,1.087079045225536333e-06,9.157629013061523438e-01,5.221365928649902344e+00,-4.925796985626220703e+00,-1.672364383690715384e-01,-4.758403514982912919e-01,1.326140055808204717e-02,0.000000000000000000e+00,0.000000000000000000e+00,0.000000000000000000e+00,0.000000000000000000e+00,0.000000000000000000e+00,0.000000000000000000e+00,0.000000000000000000e+00,8.276370849609375000e+02,8.276386108398437500e+02,8.276386108398437500e+02,8.276370239257812500e+02,-2.083777615694765002e+07
3.762999999999999901e+00,1.671267050957196965e-01,4.760219565856932400e-01,-1.326013431384527597e-02,-1.097332733518419090e-04,1.816050874019481398e-04,1.266244236771199572e-06,9.157680273056030273e-01,5.221388816833496094e+00,-4.925817489624023438e+00,-1.671267050957196965e-01,-4.760219565856932400e-01,1.326013431384527597e-02,0.000000000000000000e+00,0.000000000000000000e+00,0.000000000000000000e+00,0.000000000000000000e+00,0.000000000000000000e+00,0.000000000000000000e+00,0.000000000000000000e+00,8.276370239257812500e+02,8.276386108398437500e+02,8.276386108398437500e+02,8.276370239257812500e+02,-2.083777641165171936e+07
3.763999999999999790e+00,1.670168644803838032e-01,4.762034551721165410e-01,-1.325872371174282964e-02,-1.098406153358932880e-04,1.814985864233009671e-04,1.410602102446326112e-06,9.157735109329223633e-01,5.221409797668457031e+00,-4.925837039947509766e+00,-1.670168644803838032e-01,-4.762034551721165410e-01,1.325872371174282964e-02,0.000000000000000000e+00,0.000000000000000000e+00,0.000000000000000000e+00,0.000000000000000000e+00,0.000000000000000000e+00,0.000000000000000000e+00,0.000000000000000000e+00,8.276370239257812500e+02,8.276386108398437500e+02,8.276386108398437500e+02,8.276370239257812500e+02,-2.083777666649187729e+07
3.765000000000000124e+00,1.669069033487933507e-01,4.763850072941485103e-01,-1.325720394843450146e-02,-1.099611315904525100e-04,1.815521220319693541e-04,1.519763308328175855e-06,9.157789945602416992e-01,5.221434593200683594e+00,-4.925858974456787109e+00,-1.669069033487933507e-01,-4.763850072941485103e-01,1.325720394843450146e-02,0.000000000000000000e+00,0.000000000000000000e+00,0.000000000000000000e+00,0.000000000000000000e+00,0.000000000000000000e+00,0.000000000000000000e+00,0.000000000000000000e+00,8.276370239257812500e+02,8.276386108398437500e+02,8.276386108398437500e+02,8.276370239257812500e+02,-2.083777692146822065e+07
3.766000000000000014e+00,1.667968218211694775e-01,4.765664528151952184e-01,-1.325560897508555949e-02,-1.100815276238731322e-04,1.814455210467080803e-04,1.594973348941972069e-06,9.157840013504028320e-01,5.221456527709960938e+00,-4.925876140594482422e+00,-1.667968218211694775e-01,-4.765664528151952184e-01,1.325560897508555949e-02,0.000000000000000000e+00,0.000000000000000000e+00,0.000000000000000000e+00,0.000000000000000000e+00,0.000000000000000000e+00,0.000000000000000000e+00,0.000000000000000000e+00,8.276370239257812500e+02,8.276386108398437500e+02,8.276386108398437500e+02,8.276370239257812500e+02,-2.083777717658069730e+07
3.766999999999999904e+00,1.666865933828698410e-01,4.767478984089727478e-01,-1.325397552231566758e-02,-1.102284382996365775e-04,1.814455937775294458e-04,1.633452769891907685e-06,9.157896041870117188e-01,5.221478462219238281e+00,-4.925896644592285156e+00,-1.666865933828698410e-01,-4.767478984089727478e-01,1.325397552231566758e-02,0.000000000000000000e+00,0.000000000000000000e+00,0.000000000000000000e+00,0.000000000000000000e+00,0.000000000000000000e+00,0.000000000000000000e+00,0.000000000000000000e+00,8.276370849609375000e+02,8.276386108398437500e+02,8.276386108398437500e+02,8.276370239257812500e+02,-2.083777743182934448e+07
3.767999999999999794e+00,1.665762181755894578e-01,4.769292372964794025e-01,-1.325234095441636846e-02,-1.103752072803831918e-04,1.813388875066546113e-04,1.634567899299124716e-06,9.157948493957519531e-01,5.221501350402832031e+00,-4.925918102264404297e+00,-1.665762181755894578e-01,-4.769292372964794025e-01,1.325234095441636846e-02,0.000000000000000000e+00,0.000000000000000000e+00,0.000000000000000000e+00,0.000000000000000000e+00,0.000000000000000000e+00,0.000000000000000000e+00,0.000000000000000000e+00,8.276370849609375000e+02,8.276386108398437500e+02,8.276386108398437500e+02,8.276370849609375000e+02,-2.083777768721410260e+07
3.769000000000000128e+00,1.664656963628809994e-01,4.771105761500064601e-01,-1.325074127890919426e-02,-1.105218127084584001e-04,1.813388535270576973e-04,1.599675507174200262e-06,9.158000946044921875e-01,5.221522331237792969e+00,-4.925937652587890625e+00,-1.664656963628809994e-01,-4.771105761500064601e-01,1.325074127890919426e-02,0.000000000000000000e+00,0.000000000000000000e+00,0.000000000000000000e+00,0.000000000000000000e+00,0.000000000000000000e+00,0.000000000000000000e+00,0.000000000000000000e+00,8.276370849609375000e+02,8.276385498046875000e+02,8.276385498046875000e+02,8.276370849609375000e+02,-2.083777794273501635e+07
3.770000000000000018e+00,1.663550280871024523e-01,4.772918615554372912e-01,-1.324921227027562286e-02,-1.106682757785470983e-04,1.812854054308310481e-04,1.529008633571402043e-06,9.158055782318115234e-01,5.221545219421386719e+00,-4.925957202911376953e+00,-1.663550280871024523e-01,-4.772918615554372912e-01,1.324921227027562286e-02,0.000000000000000000e+00,0.000000000000000000e+00,0.000000000000000000e+00,0.000000000000000000e+00,0.000000000000000000e+00,0.000000000000000000e+00,0.000000000000000000e+00,8.276371459960937500e+02,8.276385498046875000e+02,8.276385498046875000e+02,8.276371459960937500e+02,-2.083777819839207456e+07
3.770999999999999908e+00,1.662441868167734427e-01,4.774730934638993229e-01,-1.324778966952157994e-02,-1.108412703290095891e-04,1.812319084620317433e-04,1.422600754042921412e-06,9.158107042312622070e-01,5.221566200256347656e+00,-4.925977230072021484e+00,-1.662441868167734427e-01,-4.774730934638993229e-01,1.324778966952157994e-02,0.000000000000000000e+00,0.000000000000000000e+00,0.000000000000000000e+00,0.000000000000000000e+00,0.000000000000000000e+00,0.000000000000000000e+00,0.000000000000000000e+00,8.276371459960937500e+02,8.276384887695312500e+02,8.276384887695312500e+02,8.276371459960937500e+02,-2.083777845418526232e+07
3.771999999999999797e+00,1.661331993724392830e-01,4.776542184598316365e-01,-1.324650852870418866e-02,-1.109874443341596351e-04,1.811249959323135705e-04,1.281140817391279718e-06,9.158160686492919922e-01,5.221588134765625000e+00,-4.925997734069824219e+00,-1.661331993724392830e-01,-4.776542184598316365e-01,1.324650852870418866e-02,0.000000000000000000e+00,0.000000000000000000e+00,0.000000000000000000e+00,0.000000000000000000e+00,0.000000000000000000e+00,0.000000000000000000e+00,0.000000000000000000e+00,8.276372070312500000e+02,8.276384887695312500e+02,8.276384887695312500e+02,8.276372070312500000e+02,-2.083777871011452377e+07
3.773000000000000131e+00,1.660220293343042386e-01,4.778353147394104328e-01,-1.324540149409233689e-02,-1.111700381350444466e-04,1.810962795787962598e-04,1.107034611851770434e-06,9.158214330673217773e-01,5.221610546112060547e+00,-4.926015853881835938e+00,-1.660220293343042386e-01,-4.778353147394104328e-01,1.324540149409233689e-02,0.000000000000000000e+00,0.000000000000000000e+00,0.000000000000000000e+00,0.000000000000000000e+00,0.000000000000000000e+00,0.000000000000000000e+00,0.000000000000000000e+00,8.276372680664062500e+02,8.276384277343750000e+02,8.276384277343750000e+02,8.276372680664062500e+02,-2.083777896617986634e+07
3.774000000000000021e+00,1.659107099711124855e-01,4.780163858456747406e-01,-1.324450422487257265e-02,-1.113193631917530624e-04,1.810711062643077796e-04,8.972692197642406775e-07,9.158265590667724609e-01,5.221633434295654297e+00,-4.926036357879638672e+00,-1.659107099711124855e-01,-4.780163858456747406e-01,1.324450422487257265e-02,0.000000000000000000e+00,0.000000000000000000e+00,0.000000000000000000e+00,0.000000000000000000e+00,0.000000000000000000e+00,0.000000000000000000e+00,0.000000000000000000e+00,8.276372680664062500e+02,8.276383666992187500e+02,8.276383666992187500e+02,8.276372680664062500e+02,-2.083777922238131240e+07
3.774999999999999911e+00,1.657992315029222230e-01,4.781974032657976825e-01,-1.324384432082619835e-02,-1.114784681902625252e-04,1.810174201229419744e-04,6.599040463742961160e-07,9.158316850662231445e-01,5.221654415130615234e+00,-4.926056385040283203e+00,-1.657992315029222230e-01,-4.781974032657976825e-01,1.324384432082619835e-02,0.000000000000000000e+00,0.000000000000000000e+00,0.000000000000000000e+00,0.000000000000000000e+00,0.000000000000000000e+00,0.000000000000000000e+00,0.000000000000000000e+00,8.276373291015625000e+02,8.276383056640625000e+02,8.276383056640625000e+02,8.276373291015625000e+02,-2.083777947871885449e+07
3.775999999999999801e+00,1.656875940596445607e-01,4.783783669558799856e-01,-1.324345263138657774e-02,-1.116374432776623404e-04,1.809636900823030636e-04,3.916894396206044293e-07,9.158371686935424805e-01,5.221675872802734375e+00,-4.926075458526611328e+00,-1.656875940596445607e-01,-4.783783669558799856e-01,1.324345263138657774e-02,0.000000000000000000e+00,0.000000000000000000e+00,0.000000000000000000e+00,0.000000000000000000e+00,0.000000000000000000e+00,0.000000000000000000e+00,0.000000000000000000e+00,8.276373901367187500e+02,8.276382446289062500e+02,8.276382446289062500e+02,8.276373901367187500e+02,-2.083777973519248515e+07
3.777000000000000135e+00,1.655758110945776684e-01,4.785592768767051308e-01,-1.324335589278496234e-02,-1.117829650668922259e-04,1.809099208251452318e-04,9.673860161540925873e-08,9.158425331115722656e-01,5.221698760986328125e+00,-4.926096439361572266e+00,-1.655758110945776684e-01,-4.785592768767051308e-01,1.324335589278496234e-02,0.000000000000000000e+00,0.000000000000000000e+00,0.000000000000000000e+00,0.000000000000000000e+00,0.000000000000000000e+00,0.000000000000000000e+00,0.000000000000000000e+00,8.276374511718750000e+02,8.276381835937500000e+02,8.276381835937500000e+02,8.276374511718750000e+02,-2.083777999180220068e+07
3.778000000000000025e+00,1.654638560289255766e-01,4.787401329971575081e-01,-1.324357817277727577e-02,-1.119550656520917897e-04,1.808561204523773114e-04,-2.222799923134316513e-07,9.158475399017333984e-01,5.221720218658447266e+00,-4.926115512847900391e+00,-1.654638560289255766e-01,-4.787401329971575081e-01,1.324357817277727577e-02,0.000000000000000000e+00,0.000000000000000000e+00,0.000000000000000000e+00,0.000000000000000000e+00,0.000000000000000000e+00,0.000000000000000000e+00,0.000000000000000000e+00,8.276375122070312500e+02,8.276381225585937500e+02,8.276381225585937500e+02,8.276375122070312500e+02,-2.083778024854799733e+07
3.778999999999999915e+00,1.653517689835788673e-01,4.789209352801149233e-01,-1.324414298395812026e-02,-1.120870453467093242e-04,1.808022829574151835e-04,-5.648111808444905568e-07,9.158529043197631836e-01,5.221742153167724609e+00,-4.926134586334228516e+00,-1.653517689835788673e-01,-4.789209352801149233e-01,1.324414298395812026e-02,0.000000000000000000e+00,0.000000000000000000e+00,0.000000000000000000e+00,0.000000000000000000e+00,0.000000000000000000e+00,0.000000000000000000e+00,0.000000000000000000e+00,8.276375732421875000e+02,8.276380615234375000e+02,8.276380615234375000e+02,8.276375732421875000e+02,-2.083778050542987511e+07
3.779999999999999805e+00,1.652395500403331663e-01,4.791016836989419603e-01,-1.324506950291964684e-02,-1.122189432457010305e-04,1.807484188270369607e-04,-9.265189615265817524e-07,9.158579111099243164e-01,5.221764087677001953e+00,-4.926153659820556641e+00,-1.652395500403331663e-01,-4.791016836989419603e-01,1.324506950291964684e-02,0.000000000000000000e+00,0.000000000000000000e+00,0.000000000000000000e+00,0.000000000000000000e+00,0.000000000000000000e+00,0.000000000000000000e+00,0.000000000000000000e+00,8.276376342773437500e+02,8.276380004882812500e+02,8.276380004882812500e+02,8.276376342773437500e+02,-2.083778076244783774e+07
3.781000000000000139e+00,1.651271859335242675e-01,4.792823782309451053e-01,-1.324637518288791435e-02,-1.123641068088987449e-04,1.806945320031450031e-04,-1.305679968267511870e-06,9.158632755279541016e-01,5.221787452697753906e+00,-4.926174163818359375e+00,-1.651271859335242675e-01,-4.792823782309451053e-01,1.324637518288791435e-02,0.000000000000000000e+00,0.000000000000000000e+00,0.000000000000000000e+00,0.000000000000000000e+00,0.000000000000000000e+00,0.000000000000000000e+00,0.000000000000000000e+00,8.276376953125000000e+02,8.276379394531250000e+02,8.276379394531250000e+02,8.276376953125000000e+02,-2.083778101960188895e+07
3.782000000000000028e+00,1.650147167531957060e-01,4.794630722146552282e-01,-1.324807444207309198e-02,-1.124691803285615688e-04,1.806939837101229074e-04,-1.699259185177631748e-06,9.158684015274047852e-01,5.221806049346923828e+00,-4.926193714141845703e+00,-1.650147167531957060e-01,-4.794630722146552282e-01,1.324807444207309198e-02,0.000000000000000000e+00,0.000000000000000000e+00,0.000000000000000000e+00,0.000000000000000000e+00,0.000000000000000000e+00,0.000000000000000000e+00,0.000000000000000000e+00,8.276378173828125000e+02,8.276378784179687500e+02,8.276378784179687500e+02,8.276378173828125000e+02,-2.083778127689209580e+07
3.782999999999999918e+00,1.649021291988339577e-01,4.796437122749098170e-01,-1.325017798648907286e-02,-1.125875543617482766e-04,1.806400602545887857e-04,-2.103544415980873605e-06,9.158735275268554688e-01,5.221828460693359375e+00,-4.926213741302490234e+00,-1.649021291988339577e-01,-4.796437122749098170e-01,1.325017798648907286e-02,0.000000000000000000e+00,0.000000000000000000e+00,0.000000000000000000e+00,0.000000000000000000e+00,0.000000000000000000e+00,0.000000000000000000e+00,0.000000000000000000e+00,8.276378784179687500e+02,8.276378173828125000e+02,8.276378173828125000e+02,8.276378784179687500e+02,-2.083778153431846574e+07
3.783999999999999808e+00,1.647894268322313560e-01,4.798242697964791303e-01,-1.325269429443630929e-02,-1.127023666026016890e-04,1.805575215693133728e-04,-2.516307947236437470e-06,9.158786535263061523e-01,5.221851348876953125e+00,-4.926232814788818359e+00,-1.647894268322313560e-01,-4.798242697964791303e-01,1.325269429443630929e-02,0.000000000000000000e+00,0.000000000000000000e+00,0.000000000000000000e+00,0.000000000000000000e+00,0.000000000000000000e+00,0.000000000000000000e+00,0.000000000000000000e+00,8.276379394531250000e+02,8.276377563476562500e+02,8.276377563476562500e+02,8.276379394531250000e+02,-2.083778179188098386e+07
3.785000000000000142e+00,1.646766559989774892e-01,4.800048019644784225e-01,-1.325562914372808293e-02,-1.127708332538668312e-04,1.805321679992921702e-04,-2.934849291773636293e-06,9.158837795257568359e-01,5.221871852874755859e+00,-4.926251411437988281e+00,-1.646766559989774892e-01,-4.800048019644784225e-01,1.325562914372808293e-02,0.000000000000000000e+00,0.000000000000000000e+00,0.000000000000000000e+00,0.000000000000000000e+00,0.000000000000000000e+00,0.000000000000000000e+00,0.000000000000000000e+00,8.276380004882812500e+02,8.276376953125000000e+02,8.276376953125000000e+02,8.276380004882812500e+02,-2.083778204957970604e+07
3.786000000000000032e+00,1.645637935522120954e-01,4.801853335492052288e-01,-1.325898430768573596e-02,-1.128624467653938090e-04,1.805315847268063045e-04,-3.355163957653034545e-06,9.158889055252075195e-01,5.221893310546875000e+00,-4.926272392272949219e+00,-1.645637935522120954e-01,-4.801853335492052288e-01,1.325898430768573596e-02,0.000000000000000000e+00,0.000000000000000000e+00,0.000000000000000000e+00,0.000000000000000000e+00,0.000000000000000000e+00,0.000000000000000000e+00,0.000000000000000000e+00,8.276380615234375000e+02,8.276375732421875000e+02,8.276376342773437500e+02,8.276380615234375000e+02,-2.083778230741470307e+07
3.786999999999999922e+00,1.644508795122376910e-01,4.803658645487194345e-01,-1.326275911989460536e-02,-1.129140399744044121e-04,1.805309995142057033e-04,-3.774812208869396390e-06,9.158937931060791016e-01,5.221915721893310547e+00,-4.926289558410644531e+00,-1.644508795122376910e-01,-4.803658645487194345e-01,1.326275911989460536e-02,0.000000000000000000e+00,0.000000000000000000e+00,0.000000000000000000e+00,0.000000000000000000e+00,0.000000000000000000e+00,0.000000000000000000e+00,0.000000000000000000e+00,8.276381225585937500e+02,8.276375122070312500e+02,8.276375122070312500e+02,8.276381225585937500e+02,-2.083778256538606063e+07
3.787999999999999812e+00,1.643379138529124650e-01,4.805463416092379259e-01,-1.326694850082352738e-02,-1.129656593252259533e-04,1.804770605184913279e-04,-4.189380928922015190e-06,9.158989191055297852e-01,5.221935749053955078e+00,-4.926309108734130859e+00,-1.643379138529124650e-01,-4.805463416092379259e-01,1.326694850082352738e-02,0.000000000000000000e+00,0.000000000000000000e+00,0.000000000000000000e+00,0.000000000000000000e+00,0.000000000000000000e+00,0.000000000000000000e+00,0.000000000000000000e+00,8.276381835937500000e+02,8.276374511718750000e+02,8.276374511718750000e+02,8.276381835937500000e+02,-2.083778282349380851e+07
3.789000000000000146e+00,1.642249098924535300e-01,4.807268181034851651e-01,-1.327154507887146756e-02,-1.130039604589350155e-04,1.804764942472392164e-04,-4.596578047940183542e-06,9.159039258956909180e-01,5.221956253051757812e+00,-4.926328659057617188e+00,-1.642249098924535300e-01,-4.807268181034851651e-01,1.327154507887146756e-02,0.000000000000000000e+00,0.000000000000000000e+00,0.000000000000000000e+00,0.000000000000000000e+00,0.000000000000000000e+00,0.000000000000000000e+00,0.000000000000000000e+00,8.276382446289062500e+02,8.276373901367187500e+02,8.276373901367187500e+02,8.276382446289062500e+02,-2.083778308173803613e+07
3.790000000000000036e+00,1.641118809313961702e-01,4.809072940455333955e-01,-1.327653890445652449e-02,-1.130289610573598225e-04,1.804759420482304755e-04,-4.993825585056926863e-06,9.159096479415893555e-01,5.221978187561035156e+00,-4.926349639892578125e+00,-1.641118809313961702e-01,-4.809072940455333955e-01,1.327653890445652449e-02,0.000000000000000000e+00,0.000000000000000000e+00,0.000000000000000000e+00,0.000000000000000000e+00,0.000000000000000000e+00,0.000000000000000000e+00,0.000000000000000000e+00,8.276383056640625000e+02,8.276373291015625000e+02,8.276373901367187500e+02,8.276383056640625000e+02,-2.083778334011883661e+07
3.790999999999999925e+00,1.639988402527107203e-01,4.810877694553781780e-01,-1.328191585915710834e-02,-1.130406786854498691e-04,1.804754098447824973e-04,-5.376954700583858049e-06,9.159145355224609375e-01,5.222000122070312500e+00,-4.926366806030273438e+00,-1.639988402527107203e-01,-4.810877694553781780e-01,1.328191585915710834e-02,0.000000000000000000e+00,0.000000000000000000e+00,0.000000000000000000e+00,0.000000000000000000e+00,0.000000000000000000e+00,0.000000000000000000e+00,0.000000000000000000e+00,8.276383666992187500e+02,8.276373291015625000e+02,8.276373291015625000e+02,8.276383666992187500e+02,-2.083778359863630682e+07
3.791999999999999815e+00,1.638858011322754660e-01,4.812682443553408795e-01,-1.328766015706508812e-02,-1.130391204352543255e-04,1.804748999627014960e-04,-5.744297907979770135e-06,9.159193038940429688e-01,5.222022533416748047e+00,-4.926384925842285156e+00,-1.638858011322754660e-01,-4.812682443553408795e-01,1.328766015706508812e-02,0.000000000000000000e+00,0.000000000000000000e+00,0.000000000000000000e+00,0.000000000000000000e+00,0.000000000000000000e+00,0.000000000000000000e+00,0.000000000000000000e+00,8.276384277343750000e+02,8.276372680664062500e+02,8.276372680664062500e+02,8.276384277343750000e+02,-2.083778385729054734e+07
3.793000000000000149e+00,1.637727901724644608e-01,4.814487187709747817e-01,-1.329375273326835645e-02,-1.130109598110051738e-04,1.804744156339022076e-04,-6.092576203268335044e-06,9.159245491027832031e-01,5.222042083740234375e+00,-4.926405906677246094e+00,-1.637727901724644608e-01,-4.814487187709747817e-01,1.329375273326835645e-02,0.000000000000000000e+00,0.000000000000000000e+00,0.000000000000000000e+00,0.000000000000000000e+00,0.000000000000000000e+00,0.000000000000000000e+00,0.000000000000000000e+00,8.276384277343750000e+02,8.276372070312500000e+02,8.276372070312500000e+02,8.276384277343750000e+02,-2.083778411608166620e+07
3.794000000000000039e+00,1.636598072838042206e-01,4.816291927342598589e-01,-1.330017190952111246e-02,-1.129828886602401994e-04,1.804739632850771436e-04,-6.419176252756009227e-06,9.159291982650756836e-01,5.222062110900878906e+00,-4.926423072814941406e+00,-1.636598072838042206e-01,-4.816291927342598589e-01,1.330017190952111246e-02,0.000000000000000000e+00,0.000000000000000000e+00,0.000000000000000000e+00,0.000000000000000000e+00,0.000000000000000000e+00,0.000000000000000000e+00,0.000000000000000000e+00,8.276384887695312500e+02,8.276371459960937500e+02,8.276371459960937500e+02,8.276384887695312500e+02,-2.083778437500977144e+07
3.794999999999999929e+00,1.635468657032690676e-01,4.818096662803785235e-01,-1.330689272853076421e-02,-1.129415805351530189e-04,1.804735461186646184e-04,-6.720819009651754494e-06,9.159346818923950195e-01,5.222084522247314453e+00,-4.926441669464111328e+00,-1.635468657032690676e-01,-4.818096662803785235e-01,1.330689272853076421e-02,0.000000000000000000e+00,0.000000000000000000e+00,0.000000000000000000e+00,0.000000000000000000e+00,0.000000000000000000e+00,0.000000000000000000e+00,0.000000000000000000e+00,8.276385498046875000e+02,8.276371459960937500e+02,8.276371459960937500e+02,8.276385498046875000e+02,-2.083778463407497481e+07
3.795999999999999819e+00,1.634339822664758468e-01,4.819901107132456008e-01,-1.331388870280191331e-02,-1.128834367932207705e-04,1.804444328670773423e-04,-6.995974271149091317e-06,9.159399271011352539e-01,5.222107410430908203e+00,-4.926463127136230469e+00,-1.634339822664758468e-01,-4.819901107132456008e-01,1.331388870280191331e-02,0.000000000000000000e+00,0.000000000000000000e+00,0.000000000000000000e+00,0.000000000000000000e+00,0.000000000000000000e+00,0.000000000000000000e+00,0.000000000000000000e+00,8.276385498046875000e+02,8.276370849609375000e+02,8.276370849609375000e+02,8.276385498046875000e+02,-2.083778489327736944e+07
3.797000000000000153e+00,1.633211763424265717e-01,4.821706368884692839e-01,-1.332113223112547408e-02,-1.128059240492751414e-04,1.805261752236830830e-04,-7.243528323560774473e-06,9.159444570541381836e-01,5.222127437591552734e+00,-4.926481723785400391e+00,-1.633211763424265717e-01,-4.821706368884692839e-01,1.332113223112547408e-02,0.000000000000000000e+00,0.000000000000000000e+00,0.000000000000000000e+00,0.000000000000000000e+00,0.000000000000000000e+00,0.000000000000000000e+00,0.000000000000000000e+00,8.276385498046875000e+02,8.276370849609375000e+02,8.276370849609375000e+02,8.276385498046875000e+02,-2.083778515261715278e+07
3.798000000000000043e+00,1.632084647421276069e-01,4.823512161264383868e-01,-1.332859265756153842e-02,-1.127116002989647647e-04,1.805792379691029126e-04,-7.460426436064343525e-06,9.159498214721679688e-01,5.222148418426513672e+00,-4.926499843597412109e+00,-1.632084647421276069e-01,-4.823512161264383868e-01,1.332859265756153842e-02,0.000000000000000000e+00,0.000000000000000000e+00,0.000000000000000000e+00,0.000000000000000000e+00,0.000000000000000000e+00,0.000000000000000000e+00,0.000000000000000000e+00,8.276386108398437500e+02,8.276370849609375000e+02,8.276370849609375000e+02,8.276386108398437500e+02,-2.083778541209450364e+07
3.798999999999999932e+00,1.630958339854148842e-01,4.825317951121148585e-01,-1.333623816638859587e-02,-1.126307567127227127e-04,1.805789856764716816e-04,-7.645508827057445611e-06,9.159547090530395508e-01,5.222167491912841797e+00,-4.926517963409423828e+00,-1.630958339854148842e-01,-4.825317951121148585e-01,1.333623816638859587e-02,0.000000000000000000e+00,0.000000000000000000e+00,0.000000000000000000e+00,0.000000000000000000e+00,0.000000000000000000e+00,0.000000000000000000e+00,0.000000000000000000e+00,8.276386108398437500e+02,8.276370239257812500e+02,8.276370849609375000e+02,8.276386108398437500e+02,-2.083778567170954496e+07
3.799999999999999822e+00,1.629833239581541249e-01,4.827124272524327409e-01,-1.334403481740067260e-02,-1.125100272607593155e-04,1.806321403178823282e-04,-7.796651012076730169e-06,9.159597158432006836e-01,5.222189903259277344e+00,-4.926537990570068359e+00,-1.629833239581541249e-01,-4.827124272524327409e-01,1.334403481740067260e-02,0.000000000000000000e+00,0.000000000000000000e+00,0.000000000000000000e+00,0.000000000000000000e+00,0.000000000000000000e+00,0.000000000000000000e+00,0.000000000000000000e+00,8.276386108398437500e+02,8.276370239257812500e+02,8.276370239257812500e+02,8.276386108398437500e+02,-2.083778593146245927e+07
3.801000000000000156e+00,1.628709211692238867e-01,4.828930592356431295e-01,-1.335194829370433926e-02,-1.124027889302381400e-04,1.806319832103886469e-04,-7.913476303666663880e-06,9.159646034240722656e-01,5.222211360931396484e+00,-4.926557540893554688e+00,-1.628709211692238867e-01,-4.828930592356431295e-01,1.335194829370433926e-02,0.000000000000000000e+00,0.000000000000000000e+00,0.000000000000000000e+00,0.000000000000000000e+00,0.000000000000000000e+00,0.000000000000000000e+00,0.000000000000000000e+00,8.276386108398437500e+02,8.276370239257812500e+02,8.276370239257812500e+02,8.276386108398437500e+02,-2.083778619135337695e+07
3.802000000000000046e+00,1.627586521564299005e-01,4.830737444722451590e-01,-1.335994293142376069e-02,-1.122690127939862670e-04,1.806852366020295086e-04,-7.994637719421424094e-06,9.159702062606811523e-01,5.222231388092041016e+00,-4.926575183868408203e+00,-1.627586521564299005e-01,-4.830737444722451590e-01,1.335994293142376069e-02,0.000000000000000000e+00,0.000000000000000000e+00,0.000000000000000000e+00,0.000000000000000000e+00,0.000000000000000000e+00,0.000000000000000000e+00,0.000000000000000000e+00,8.276386108398437500e+02,8.276370239257812500e+02,8.276370239257812500e+02,8.276386108398437500e+02,-2.083778645138248801e+07
3.802999999999999936e+00,1.626465167689655211e-01,4.832544830133237990e-01,-1.336798287829565023e-02,-1.121353874643793436e-04,1.807385410786399582e-04,-8.039946871889538937e-06,9.159748554229736328e-01,5.222253799438476562e+00,-4.926596164703369141e+00,-1.626465167689655211e-01,-4.832544830133237990e-01,1.336798287829565023e-02,0.000000000000000000e+00,0.000000000000000000e+00,0.000000000000000000e+00,0.000000000000000000e+00,0.000000000000000000e+00,0.000000000000000000e+00,0.000000000000000000e+00,8.276386108398437500e+02,8.276370849609375000e+02,8.276370849609375000e+02,8.276386108398437500e+02,-2.083778671154997498e+07
3.803999999999999826e+00,1.625345148557982289e-01,4.834352749098242974e-01,-1.337603228205327607e-02,-1.120019131672922441e-04,1.807918965004984280e-04,-8.049403757625847589e-06,9.159797430038452148e-01,5.222273349761962891e+00,-4.926612377166748047e+00,-1.625345148557982289e-01,-4.834352749098242974e-01,1.337603228205327607e-02,0.000000000000000000e+00,0.000000000000000000e+00,0.000000000000000000e+00,0.000000000000000000e+00,0.000000000000000000e+00,0.000000000000000000e+00,0.000000000000000000e+00,8.276386108398437500e+02,8.276370849609375000e+02,8.276370849609375000e+02,8.276386108398437500e+02,-2.083778697185602784e+07
3.805000000000000160e+00,1.624226729363321409e-01,4.836161202131379344e-01,-1.338405290168069063e-02,-1.118419194660880134e-04,1.808453033136370181e-04,-8.020619627414557473e-06,9.159851074218750000e-01,5.222296714782714844e+00,-4.926633358001708984e+00,-1.624226729363321409e-01,-4.836161202131379344e-01,1.338405290168069063e-02,0.000000000000000000e+00,0.000000000000000000e+00,0.000000000000000000e+00,0.000000000000000000e+00,0.000000000000000000e+00,0.000000000000000000e+00,0.000000000000000000e+00,8.276385498046875000e+02,8.276370849609375000e+02,8.276370849609375000e+02,8.276385498046875000e+02,-2.083778723230083659e+07
3.806000000000000050e+00,1.623109775147882905e-01,4.837969656119879835e-01,-1.339200958682695668e-02,-1.116954215438503706e-04,1.808453988500491327e-04,-7.956685146266045949e-06,9.159898757934570312e-01,5.222317695617675781e+00,-4.926652908325195312e+00,-1.623109775147882905e-01,-4.837969656119879835e-01,1.339200958682695668e-02,0.000000000000000000e+00,0.000000000000000000e+00,0.000000000000000000e+00,0.000000000000000000e+00,0.000000000000000000e+00,0.000000000000000000e+00,0.000000000000000000e+00,8.276385498046875000e+02,8.276371459960937500e+02,8.276371459960937500e+02,8.276385498046875000e+02,-2.083778749288453907e+07
3.806999999999999940e+00,1.621994321332810296e-01,4.839778890293086611e-01,-1.339986676890569071e-02,-1.115453815072608990e-04,1.809234173206775154e-04,-7.857182078734037400e-06,9.159947633743286133e-01,5.222337245941162109e+00,-4.926670074462890625e+00,-1.621994321332810296e-01,-4.839778890293086611e-01,1.339986676890569071e-02,0.000000000000000000e+00,0.000000000000000000e+00,0.000000000000000000e+00,0.000000000000000000e+00,0.000000000000000000e+00,0.000000000000000000e+00,0.000000000000000000e+00,8.276384887695312500e+02,8.276371459960937500e+02,8.276371459960937500e+02,8.276384887695312500e+02,-2.083778775360734761e+07
3.807999999999999829e+00,1.620880693057743793e-01,4.841588948409116799e-01,-1.340758925792023652e-02,-1.113628275066502749e-04,1.810058116030188735e-04,-7.722489014545808050e-06,9.160001277923583984e-01,5.222360134124755859e+00,-4.926690578460693359e+00,-1.620880693057743793e-01,-4.841588948409116799e-01,1.340758925792023652e-02,0.000000000000000000e+00,0.000000000000000000e+00,0.000000000000000000e+00,0.000000000000000000e+00,0.000000000000000000e+00,0.000000000000000000e+00,0.000000000000000000e+00,8.276384887695312500e+02,8.276372070312500000e+02,8.276372070312500000e+02,8.276384887695312500e+02,-2.083778801446948946e+07
3.809000000000000163e+00,1.619768525309119300e-01,4.843399008956437157e-01,-1.341514275744795995e-02,-1.112167748624492969e-04,1.810060547320357927e-04,-7.553499527723425699e-06,9.160051345825195312e-01,5.222380638122558594e+00,-4.926708698272705078e+00,-1.619768525309119300e-01,-4.843399008956437157e-01,1.341514275744795995e-02,0.000000000000000000e+00,0.000000000000000000e+00,0.000000000000000000e+00,0.000000000000000000e+00,0.000000000000000000e+00,0.000000000000000000e+00,0.000000000000000000e+00,8.276384277343750000e+02,8.276372680664062500e+02,8.276372680664062500e+02,8.276384277343750000e+02,-2.083778827547109500e+07
3.810000000000000053e+00,1.618657950218976294e-01,4.845210139630536927e-01,-1.342249412409799066e-02,-1.110575090143006705e-04,1.811130674099770133e-04,-7.351366650030707883e-06,9.160102605819702148e-01,5.222402572631835938e+00,-4.926729202270507812e+00,-1.618657950218976294e-01,-4.845210139630536927e-01,1.342249412409799066e-02,0.000000000000000000e+00,0.000000000000000000e+00,0.000000000000000000e+00,0.000000000000000000e+00,0.000000000000000000e+00,0.000000000000000000e+00,0.000000000000000000e+00,8.276383666992187500e+02,8.276372680664062500e+02,8.276372680664062500e+02,8.276383666992187500e+02,-2.083778853661240637e+07
3.810999999999999943e+00,1.617549099734917895e-01,4.847021273601170299e-01,-1.342961241388488866e-02,-1.108850484058399033e-04,1.811133970633371781e-04,-7.118289786898004956e-06,9.160151481628417969e-01,5.222423076629638672e+00,-4.926747798919677734e+00,-1.617549099734917895e-01,-4.847021273601170299e-01,1.342961241388488866e-02,0.000000000000000000e+00,0.000000000000000000e+00,0.000000000000000000e+00,0.000000000000000000e+00,0.000000000000000000e+00,0.000000000000000000e+00,0.000000000000000000e+00,8.276383056640625000e+02,8.276373291015625000e+02,8.276373291015625000e+02,8.276383056640625000e+02,-2.083778879789356515e+07
3.811999999999999833e+00,1.616441839349208043e-01,4.848833478532246222e-01,-1.343646853939465223e-02,-1.107260385709851747e-04,1.812204931075922509e-04,-6.856125509763569270e-06,9.160203933715820312e-01,5.222444534301757812e+00,-4.926767826080322266e+00,-1.616441839349208043e-01,-4.848833478532246222e-01,1.343646853939465223e-02,0.000000000000000000e+00,0.000000000000000000e+00,0.000000000000000000e+00,0.000000000000000000e+00,0.000000000000000000e+00,0.000000000000000000e+00,0.000000000000000000e+00,8.276382446289062500e+02,8.276373901367187500e+02,8.276373901367187500e+02,8.276382446289062500e+02,-2.083778905931480601e+07
3.813000000000000167e+00,1.615336167812720103e-01,4.850646221181342255e-01,-1.344303491085289612e-02,-1.105671536487939921e-04,1.812742649096032999e-04,-6.566371458243888681e-06,9.160252809524536133e-01,5.222464561462402344e+00,-4.926785945892333984e+00,-1.615336167812720103e-01,-4.850646221181342255e-01,1.344303491085289612e-02,0.000000000000000000e+00,0.000000000000000000e+00,0.000000000000000000e+00,0.000000000000000000e+00,0.000000000000000000e+00,0.000000000000000000e+00,0.000000000000000000e+00,8.276381835937500000e+02,8.276374511718750000e+02,8.276374511718750000e+02,8.276381835937500000e+02,-2.083778932087631896e+07
3.814000000000000057e+00,1.614231950503657587e-01,4.852458968308058784e-01,-1.344928471597940482e-02,-1.104217309062516250e-04,1.812747126716529600e-04,-6.249805126508703457e-06,9.160304069519042969e-01,5.222487449645996094e+00,-4.926806449890136719e+00,-1.614231950503657587e-01,-4.852458968308058784e-01,1.344928471597940482e-02,0.000000000000000000e+00,0.000000000000000000e+00,0.000000000000000000e+00,0.000000000000000000e+00,0.000000000000000000e+00,0.000000000000000000e+00,0.000000000000000000e+00,8.276381225585937500e+02,8.276375122070312500e+02,8.276375122070312500e+02,8.276381225585937500e+02,-2.083778958257823065e+07
3.814999999999999947e+00,1.613129186633080192e-01,4.854272787452805216e-01,-1.345519642743363796e-02,-1.102763870577394556e-04,1.813819144746431355e-04,-5.911711454233137264e-06,9.160355329513549805e-01,5.222509860992431641e+00,-4.926825046539306641e+00,-1.613129186633080192e-01,-4.854272787452805216e-01,1.345519642743363796e-02,0.000000000000000000e+00,0.000000000000000000e+00,0.000000000000000000e+00,0.000000000000000000e+00,0.000000000000000000e+00,0.000000000000000000e+00,0.000000000000000000e+00,8.276380615234375000e+02,8.276375732421875000e+02,8.276375732421875000e+02,8.276380615234375000e+02,-2.083778984442077205e+07
3.815999999999999837e+00,1.612027741751163035e-01,4.856086611668912201e-01,-1.346074899412129378e-02,-1.101444881917157392e-04,1.813824216106985077e-04,-5.552566687655816069e-06,9.160410165786743164e-01,5.222531795501708984e+00,-4.926845073699951172e+00,-1.612027741751163035e-01,-4.856086611668912201e-01,1.346074899412129378e-02,0.000000000000000000e+00,0.000000000000000000e+00,0.000000000000000000e+00,0.000000000000000000e+00,0.000000000000000000e+00,0.000000000000000000e+00,0.000000000000000000e+00,8.276380004882812500e+02,8.276376342773437500e+02,8.276376342773437500e+02,8.276380004882812500e+02,-2.083779010640406981e+07
3.817000000000000171e+00,1.610927748541602922e-01,4.857900974811124595e-01,-1.346592420503053139e-02,-1.099993209560112817e-04,1.814363142212394031e-04,-5.175210909237615287e-06,9.160456657409667969e-01,5.222551822662353516e+00,-4.926864147186279297e+00,-1.610927748541602922e-01,-4.857900974811124595e-01,1.346592420503053139e-02,0.000000000000000000e+00,0.000000000000000000e+00,0.000000000000000000e+00,0.000000000000000000e+00,0.000000000000000000e+00,0.000000000000000000e+00,0.000000000000000000e+00,8.276379394531250000e+02,8.276376953125000000e+02,8.276376953125000000e+02,8.276379394531250000e+02,-2.083779036852830276e+07
3.818000000000000060e+00,1.609828843616409044e-01,4.859715587426783334e-01,-1.347070617714346032e-02,-1.098904925193877613e-04,1.814612615658739436e-04,-4.781972112928925545e-06,9.160511493682861328e-01,5.222573757171630859e+00,-4.926883697509765625e+00,-1.609828843616409044e-01,-4.859715587426783334e-01,1.347070617714346032e-02,0.000000000000000000e+00,0.000000000000000000e+00,0.000000000000000000e+00,0.000000000000000000e+00,0.000000000000000000e+00,0.000000000000000000e+00,0.000000000000000000e+00,8.276378784179687500e+02,8.276377563476562500e+02,8.276377563476562500e+02,8.276378784179687500e+02,-2.083779063079360873e+07
3.818999999999999950e+00,1.608731218405405616e-01,4.861531028912740027e-01,-1.347508559585298103e-02,-1.097625211003427914e-04,1.815441485956692524e-04,-4.379418709520715991e-06,9.160562753677368164e-01,5.222596168518066406e+00,-4.926903724670410156e+00,-1.608731218405405616e-01,-4.861531028912740027e-01,1.347508559585298103e-02,0.000000000000000000e+00,0.000000000000000000e+00,0.000000000000000000e+00,0.000000000000000000e+00,0.000000000000000000e+00,0.000000000000000000e+00,0.000000000000000000e+00,8.276378173828125000e+02,8.276378784179687500e+02,8.276378784179687500e+02,8.276378173828125000e+02,-2.083779089320018888e+07
3.819999999999999840e+00,1.607634509593372230e-01,4.863346476231024118e-01,-1.347905150599313512e-02,-1.096708812033386771e-04,1.815447318284091338e-04,-3.965910140154085828e-06,9.160615205764770508e-01,5.222619056701660156e+00,-4.926923751831054688e+00,-1.607634509593372230e-01,-4.863346476231024118e-01,1.347905150599313512e-02,0.000000000000000000e+00,0.000000000000000000e+00,0.000000000000000000e+00,0.000000000000000000e+00,0.000000000000000000e+00,0.000000000000000000e+00,0.000000000000000000e+00,8.276377563476562500e+02,8.276379394531250000e+02,8.276379394531250000e+02,8.276377563476562500e+02,-2.083779115574815124e+07
3.821000000000000174e+00,1.606538716949781620e-01,4.865162463085581646e-01,-1.348259731258628219e-02,-1.095792643590609572e-04,1.815986854557527508e-04,-3.545806593147071695e-06,9.160667657852172852e-01,5.222639560699462891e+00,-4.926943302154541016e+00,-1.606538716949781620e-01,-4.865162463085581646e-01,1.348259731258628219e-02,0.000000000000000000e+00,0.000000000000000000e+00,0.000000000000000000e+00,0.000000000000000000e+00,0.000000000000000000e+00,0.000000000000000000e+00,0.000000000000000000e+00,8.276376953125000000e+02,8.276380004882812500e+02,8.276380004882812500e+02,8.276376953125000000e+02,-2.083779141843765602e+07
3.822000000000000064e+00,1.605443840419303880e-01,4.866978989475997386e-01,-1.348572218210452624e-02,-1.094876530477739696e-04,1.816526390415740266e-04,-3.124869518244047240e-06,9.160717725753784180e-01,5.222661972045898438e+00,-4.926962375640869141e+00,-1.605443840419303880e-01,-4.866978989475997386e-01,1.348572218210452624e-02,0.000000000000000000e+00,0.000000000000000000e+00,0.000000000000000000e+00,0.000000000000000000e+00,0.000000000000000000e+00,0.000000000000000000e+00,0.000000000000000000e+00,8.276376342773437500e+02,8.276380615234375000e+02,8.276380615234375000e+02,8.276376342773437500e+02,-2.083779168126886338e+07
3.822999999999999954e+00,1.604349612989603713e-01,4.868794988186765371e-01,-1.348842501807075156e-02,-1.094227429700167509e-04,1.815998710767985358e-04,-2.702835966225322628e-06,9.160770177841186523e-01,5.222684383392333984e+00,-4.926983356475830078e+00,-1.604349612989603713e-01,-4.868794988186765371e-01,1.348842501807075156e-02,0.000000000000000000e+00,0.000000000000000000e+00,0.000000000000000000e+00,0.000000000000000000e+00,0.000000000000000000e+00,0.000000000000000000e+00,0.000000000000000000e+00,8.276375732421875000e+02,8.276381225585937500e+02,8.276381225585937500e+02,8.276375122070312500e+02,-2.083779194424182549e+07
3.823999999999999844e+00,1.603255901628693469e-01,4.870612060029723134e-01,-1.349071015735958320e-02,-1.093711360910243346e-04,1.817071842957762584e-04,-2.285139288831644633e-06,9.160822629928588867e-01,5.222705841064453125e+00,-4.927002906799316406e+00,-1.603255901628693469e-01,-4.870612060029723134e-01,1.349071015735958320e-02,0.000000000000000000e+00,0.000000000000000000e+00,0.000000000000000000e+00,0.000000000000000000e+00,0.000000000000000000e+00,0.000000000000000000e+00,0.000000000000000000e+00,8.276375122070312500e+02,8.276381835937500000e+02,8.276381835937500000e+02,8.276374511718750000e+02,-2.083779220735673979e+07
3.825000000000000178e+00,1.602162572941735752e-01,4.872428604058874901e-01,-1.349258315558928521e-02,-1.093328686957717455e-04,1.816544029151767603e-04,-1.872998229702008133e-06,9.160872697830200195e-01,5.222727775573730469e+00,-4.927021503448486328e+00,-1.602162572941735752e-01,-4.872428604058874901e-01,1.349258315558928521e-02,0.000000000000000000e+00,0.000000000000000000e+00,0.000000000000000000e+00,0.000000000000000000e+00,0.000000000000000000e+00,0.000000000000000000e+00,0.000000000000000000e+00,8.276374511718750000e+02,8.276382446289062500e+02,8.276382446289062500e+02,8.276373901367187500e+02,-2.083779247061364353e+07
3.826000000000000068e+00,1.601069494108747493e-01,4.874245687370900026e-01,-1.349405494480461314e-02,-1.093078832988259030e-04,1.817083312025125075e-04,-1.471789215327923284e-06,9.160931110382080078e-01,5.222750663757324219e+00,-4.927041530609130859e+00,-1.601069494108747493e-01,-4.874245687370900026e-01,1.349405494480461314e-02,0.000000000000000000e+00,0.000000000000000000e+00,0.000000000000000000e+00,0.000000000000000000e+00,0.000000000000000000e+00,0.000000000000000000e+00,0.000000000000000000e+00,8.276373901367187500e+02,8.276383056640625000e+02,8.276383056640625000e+02,8.276373901367187500e+02,-2.083779273401267827e+07
3.826999999999999957e+00,1.599976532164346654e-01,4.876062776172212510e-01,-1.349513790036953320e-02,-1.092961944400838714e-04,1.817088801312483071e-04,-1.082955564920065616e-06,9.160982370376586914e-01,5.222770690917968750e+00,-4.927061557769775391e+00,-1.599976532164346654e-01,-4.876062776172212510e-01,1.349513790036953320e-02,0.000000000000000000e+00,0.000000000000000000e+00,0.000000000000000000e+00,0.000000000000000000e+00,0.000000000000000000e+00,0.000000000000000000e+00,0.000000000000000000e+00,8.276373291015625000e+02,8.276383666992187500e+02,8.276383666992187500e+02,8.276373291015625000e+02,-2.083779299755392969e+07
3.827999999999999847e+00,1.598883554287262310e-01,4.877879870268923557e-01,-1.349584613987467839e-02,-1.092977877084344573e-04,1.817094096711047158e-04,-7.082395051451889634e-07,9.161033630371093750e-01,5.222793102264404297e+00,-4.927083015441894531e+00,-1.598883554287262310e-01,-4.877879870268923557e-01,1.349584613987467839e-02,0.000000000000000000e+00,0.000000000000000000e+00,0.000000000000000000e+00,0.000000000000000000e+00,0.000000000000000000e+00,0.000000000000000000e+00,0.000000000000000000e+00,8.276372680664062500e+02,8.276384277343750000e+02,8.276384277343750000e+02,8.276372680664062500e+02,-2.083779326123747230e+07
3.829000000000000181e+00,1.597790466143652055e-01,4.879696678486601380e-01,-1.349619974401929275e-02,-1.093088143610254637e-04,1.816808217677823301e-04,-3.536041446143556310e-07,9.161088466644287109e-01,5.222815990447998047e+00,-4.927102088928222656e+00,-1.597790466143652055e-01,-4.879696678486601380e-01,1.349619974401929275e-02,0.000000000000000000e+00,0.000000000000000000e+00,0.000000000000000000e+00,0.000000000000000000e+00,0.000000000000000000e+00,0.000000000000000000e+00,0.000000000000000000e+00,8.276372070312500000e+02,8.276384277343750000e+02,8.276384277343750000e+02,8.276372070312500000e+02,-2.083779352506336197e+07
3.830000000000000071e+00,1.596697058823194626e-01,4.881513782219264463e-01,-1.349622008091278143e-02,-1.093407320457429055e-04,1.817103732663083449e-04,-2.033689348868161773e-08,9.161140918731689453e-01,5.222838401794433594e+00,-4.927121639251708984e+00,-1.596697058823194626e-01,-4.881513782219264463e-01,1.349622008091278143e-02,0.000000000000000000e+00,0.000000000000000000e+00,0.000000000000000000e+00,0.000000000000000000e+00,0.000000000000000000e+00,0.000000000000000000e+00,0.000000000000000000e+00,8.276371459960937500e+02,8.276384887695312500e+02,8.276384887695312500e+02,8.276371459960937500e+02,-2.083779378903169185e+07
3.830999999999999961e+00,1.595603237963719168e-01,4.883330356745001488e-01,-1.349592965807320383e-02,-1.093820859475458374e-04,1.816574525737024715e-04,2.904228395776004001e-07,9.161194562911987305e-01,5.222860336303710938e+00,-4.927143096923828125e+00,-1.595603237963719168e-01,-4.883330356745001488e-01,1.349592965807320383e-02,0.000000000000000000e+00,0.000000000000000000e+00,0.000000000000000000e+00,0.000000000000000000e+00,0.000000000000000000e+00,0.000000000000000000e+00,0.000000000000000000e+00,8.276371459960937500e+02,8.276385498046875000e+02,8.276385498046875000e+02,8.276371459960937500e+02,-2.083779405314248428e+07
3.831999999999999851e+00,1.594508871354098911e-01,4.885146935321247885e-01,-1.349535517402378898e-02,-1.094366609620256447e-04,1.816578576246397070e-04,5.744840494148473198e-07,9.161248207092285156e-01,5.222884178161621094e+00,-4.927162170410156250e+00,-1.594508871354098911e-01,-4.885146935321247885e-01,1.349535517402378898e-02,0.000000000000000000e+00,0.000000000000000000e+00,0.000000000000000000e+00,0.000000000000000000e+00,0.000000000000000000e+00,0.000000000000000000e+00,0.000000000000000000e+00,8.276370849609375000e+02,8.276385498046875000e+02,8.276385498046875000e+02,8.276370849609375000e+02,-2.083779431739579886e+07
3.833000000000000185e+00,1.593413826748094619e-01,4.886963517572350257e-01,-1.349452408650611730e-02,-1.095044606004291765e-04,1.816582251102372147e-04,8.310875176716775448e-07,9.161300659179687500e-01,5.222904682159423828e+00,-4.927181720733642578e+00,-1.593413826748094619e-01,-4.886963517572350257e-01,1.349452408650611730e-02,0.000000000000000000e+00,0.000000000000000000e+00,0.000000000000000000e+00,0.000000000000000000e+00,0.000000000000000000e+00,0.000000000000000000e+00,0.000000000000000000e+00,8.276370849609375000e+02,8.276385498046875000e+02,8.276386108398437500e+02,8.276370849609375000e+02,-2.083779458179170266e+07
3.834000000000000075e+00,1.592317838565005805e-01,4.888779569469710040e-01,-1.349346705717391001e-02,-1.095988183088814072e-04,1.816051897359782785e-04,1.057029332207290451e-06,9.161354303359985352e-01,5.222928047180175781e+00,-4.927202224731445312e+00,-1.592317838565005805e-01,-4.888779569469710040e-01,1.349346705717391001e-02,0.000000000000000000e+00,0.000000000000000000e+00,0.000000000000000000e+00,0.000000000000000000e+00,0.000000000000000000e+00,0.000000000000000000e+00,0.000000000000000000e+00,8.276370849609375000e+02,8.276386108398437500e+02,8.276386108398437500e+02,8.276370849609375000e+02,-2.083779484633019567e+07
3.834999999999999964e+00,1.591221041553636528e-01,4.890595624197841551e-01,-1.349221423310701523e-02,-1.096797011369277097e-04,1.816054728131510920e-04,1.252824066894780985e-06,9.161403179168701172e-01,5.222949981689453125e+00,-4.927221298217773438e+00,-1.591221041553636528e-01,-4.890595624197841551e-01,1.349221423310701523e-02,0.000000000000000000e+00,0.000000000000000000e+00,0.000000000000000000e+00,0.000000000000000000e+00,0.000000000000000000e+00,0.000000000000000000e+00,0.000000000000000000e+00,8.276370239257812500e+02,8.276386108398437500e+02,8.276386108398437500e+02,8.276370239257812500e+02,-2.083779511101133376e+07
3.835999999999999854e+00,1.590123170315155543e-01,4.892411147672596772e-01,-1.349080044484673307e-02,-1.097871238480985223e-04,1.815523474755220690e-04,1.413788260282156095e-06,9.161460399627685547e-01,5.222971916198730469e+00,-4.927242279052734375e+00,-1.590123170315155543e-01,-4.892411147672596772e-01,1.349080044484673307e-02,0.000000000000000000e+00,0.000000000000000000e+00,0.000000000000000000e+00,0.000000000000000000e+00,0.000000000000000000e+00,0.000000000000000000e+00,0.000000000000000000e+00,8.276370239257812500e+02,8.276386108398437500e+02,8.276386108398437500e+02,8.276370239257812500e+02,-2.083779537583512068e+07
3.837000000000000188e+00,1.589024226374288751e-01,4.894226673038068465e-01,-1.348925995130331908e-02,-1.098943940866792257e-04,1.815525365471692965e-04,1.540493543413998245e-06,9.161514043807983398e-01,5.222994327545166016e+00,-4.927261829376220703e+00,-1.589024226374288751e-01,-4.894226673038068465e-01,1.348925995130331908e-02,0.000000000000000000e+00,0.000000000000000000e+00,0.000000000000000000e+00,0.000000000000000000e+00,0.000000000000000000e+00,0.000000000000000000e+00,0.000000000000000000e+00,8.276370239257812500e+02,8.276386108398437500e+02,8.276386108398437500e+02,8.276370239257812500e+02,-2.083779564080160856e+07
3.838000000000000078e+00,1.587923944300974055e-01,4.896041666224263400e-01,-1.348762674913132377e-02,-1.100282073314695630e-04,1.814993186194935326e-04,1.633202171995307150e-06,9.161565303802490234e-01,5.223015785217285156e+00,-4.927280902862548828e+00,-1.587923944300974055e-01,-4.896041666224263400e-01,1.348762674913132377e-02,0.000000000000000000e+00,0.000000000000000000e+00,0.000000000000000000e+00,0.000000000000000000e+00,0.000000000000000000e+00,0.000000000000000000e+00,0.000000000000000000e+00,8.276370239257812500e+02,8.276386108398437500e+02,8.276386108398437500e+02,8.276370239257812500e+02,-2.083779590591078997e+07
3.838999999999999968e+00,1.586822325623236107e-01,4.897856126732167414e-01,-1.348593669061573345e-02,-1.101618677737947749e-04,1.814460507904014364e-04,1.690058515590314725e-06,9.161620140075683594e-01,5.223038196563720703e+00,-4.927302360534667969e+00,-1.586822325623236107e-01,-4.897856126732167414e-01,1.348593669061573345e-02,0.000000000000000000e+00,0.000000000000000000e+00,0.000000000000000000e+00,0.000000000000000000e+00,0.000000000000000000e+00,0.000000000000000000e+00,0.000000000000000000e+00,8.276370239257812500e+02,8.276386108398437500e+02,8.276386108398437500e+02,8.276370239257812500e+02,-2.083779617116265744e+07
3.839999999999999858e+00,1.585719277494260504e-01,4.899669761965826931e-01,-1.348422736607253654e-02,-1.103048128975603337e-04,1.813635233659516288e-04,1.709324543196916180e-06,9.161673784255981445e-01,5.223061084747314453e+00,-4.927321434020996094e+00,-1.585719277494260504e-01,-4.899669761965826931e-01,1.348422736607253654e-02,0.000000000000000000e+00,0.000000000000000000e+00,0.000000000000000000e+00,0.000000000000000000e+00,0.000000000000000000e+00,0.000000000000000000e+00,0.000000000000000000e+00,8.276370849609375000e+02,8.276386108398437500e+02,8.276386108398437500e+02,8.276370849609375000e+02,-2.083779643655717745e+07
3.841000000000000192e+00,1.584614857003200927e-01,4.901483155486351384e-01,-1.348253442990651925e-02,-1.104420491059576737e-04,1.813393520524453351e-04,1.692936166017289246e-06,9.161727428436279297e-01,5.223083972930908203e+00,-4.927342414855957031e+00,-1.584614857003200927e-01,-4.901483155486351384e-01,1.348253442990651925e-02,0.000000000000000000e+00,0.000000000000000000e+00,0.000000000000000000e+00,0.000000000000000000e+00,0.000000000000000000e+00,0.000000000000000000e+00,0.000000000000000000e+00,8.276370849609375000e+02,8.276385498046875000e+02,8.276385498046875000e+02,8.276370849609375000e+02,-2.083779670209436864e+07
3.842000000000000082e+00,1.583508837835968797e-01,4.903296014823642635e-01,-1.348089541520218482e-02,-1.106019167232130673e-04,1.812859337291250483e-04,1.639014704334432193e-06,9.161779880523681641e-01,5.223104000091552734e+00,-4.927361965179443359e+00,-1.583508837835968797e-01,-4.903296014823642635e-01,1.348089541520218482e-02,0.000000000000000000e+00,0.000000000000000000e+00,0.000000000000000000e+00,0.000000000000000000e+00,0.000000000000000000e+00,0.000000000000000000e+00,0.000000000000000000e+00,8.276370849609375000e+02,8.276385498046875000e+02,8.276385498046875000e+02,8.276370849609375000e+02,-2.083779696777422354e+07
3.842999999999999972e+00,1.582401354864605425e-01,4.905108339492409986e-01,-1.347934456366919713e-02,-1.107482971363371593e-04,1.812324668767351099e-04,1.550851532987687631e-06,9.161834716796875000e-01,5.223127365112304688e+00,-4.927381992340087891e+00,-1.582401354864605425e-01,-4.905108339492409986e-01,1.347934456366919713e-02,0.000000000000000000e+00,0.000000000000000000e+00,0.000000000000000000e+00,0.000000000000000000e+00,0.000000000000000000e+00,0.000000000000000000e+00,0.000000000000000000e+00,8.276371459960937500e+02,8.276384887695312500e+02,8.276385498046875000e+02,8.276371459960937500e+02,-2.083779723359673470e+07
3.843999999999999861e+00,1.581292142924120847e-01,4.906920662641592878e-01,-1.347791852079515892e-02,-1.109211940484577941e-04,1.812323149182892834e-04,1.426042874038205288e-06,9.161887168884277344e-01,5.223148822784423828e+00,-4.927402019500732422e+00,-1.581292142924120847e-01,-4.906920662641592878e-01,1.347791852079515892e-02,0.000000000000000000e+00,0.000000000000000000e+00,0.000000000000000000e+00,0.000000000000000000e+00,0.000000000000000000e+00,0.000000000000000000e+00,0.000000000000000000e+00,8.276372070312500000e+02,8.276384887695312500e+02,8.276384887695312500e+02,8.276372070312500000e+02,-2.083779749956194311e+07
3.845000000000000195e+00,1.580181470152719203e-01,4.908731916528367711e-01,-1.347665143794005670e-02,-1.110672771401643999e-04,1.811253886774832900e-04,1.267082855102227845e-06,9.161940813064575195e-01,5.223172187805175781e+00,-4.927422046661376953e+00,-1.580181470152719203e-01,-4.908731916528367711e-01,1.347665143794005670e-02,0.000000000000000000e+00,0.000000000000000000e+00,0.000000000000000000e+00,0.000000000000000000e+00,0.000000000000000000e+00,0.000000000000000000e+00,0.000000000000000000e+00,8.276372070312500000e+02,8.276384277343750000e+02,8.276384277343750000e+02,8.276372070312500000e+02,-2.083779776566978917e+07
3.846000000000000085e+00,1.579069071211265940e-01,4.910542634361872993e-01,-1.347557579163977115e-02,-1.112398941453263124e-04,1.810717833505282037e-04,1.075646300285545975e-06,9.161992073059082031e-01,5.223194122314453125e+00,-4.927441596984863281e+00,-1.579069071211265940e-01,-4.910542634361872993e-01,1.347557579163977115e-02,0.000000000000000000e+00,0.000000000000000000e+00,0.000000000000000000e+00,0.000000000000000000e+00,0.000000000000000000e+00,0.000000000000000000e+00,0.000000000000000000e+00,8.276372680664062500e+02,8.276383666992187500e+02,8.276383666992187500e+02,8.276372680664062500e+02,-2.083779803192026168e+07
3.846999999999999975e+00,1.577955080981187086e-01,4.912353349307875816e-01,-1.347472422963262063e-02,-1.113990230078854005e-04,1.810714946002822678e-04,8.515620071505164423e-07,9.162043333053588867e-01,5.223215579986572266e+00,-4.927461147308349609e+00,-1.577955080981187086e-01,-4.912353349307875816e-01,1.347472422963262063e-02,0.000000000000000000e+00,0.000000000000000000e+00,0.000000000000000000e+00,0.000000000000000000e+00,0.000000000000000000e+00,0.000000000000000000e+00,0.000000000000000000e+00,8.276373291015625000e+02,8.276383666992187500e+02,8.276383666992187500e+02,8.276373291015625000e+02,-2.083779829831340536e+07
3.847999999999999865e+00,1.576839367173951956e-01,4.914162993740917584e-01,-1.347412572944028941e-02,-1.115713807235130250e-04,1.809644433041768252e-04,5.985001923312222027e-07,9.162095785140991211e-01,5.223235607147216797e+00,-4.927479743957519531e+00,-1.576839367173951956e-01,-4.914162993740917584e-01,1.347412572944028941e-02,0.000000000000000000e+00,0.000000000000000000e+00,0.000000000000000000e+00,0.000000000000000000e+00,0.000000000000000000e+00,0.000000000000000000e+00,0.000000000000000000e+00,8.276373901367187500e+02,8.276383056640625000e+02,8.276383056640625000e+02,8.276373901367187500e+02,-2.083779856484916061e+07
3.849000000000000199e+00,1.575722197902278687e-01,4.915972100871635053e-01,-1.347380882720834207e-02,-1.117169271673268405e-04,1.809107130717468870e-04,3.169022319473441263e-07,9.162153005599975586e-01,5.223258972167968750e+00,-4.927500247955322266e+00,-1.575722197902278687e-01,-4.915972100871635053e-01,1.347380882720834207e-02,0.000000000000000000e+00,0.000000000000000000e+00,0.000000000000000000e+00,0.000000000000000000e+00,0.000000000000000000e+00,0.000000000000000000e+00,0.000000000000000000e+00,8.276374511718750000e+02,8.276382446289062500e+02,8.276382446289062500e+02,8.276374511718750000e+02,-2.083779883152752370e+07
3.850000000000000089e+00,1.574603574360921854e-01,4.917781203976004378e-01,-1.347379944318060144e-02,-1.118623541356833506e-04,1.809103104369325088e-04,9.384027740630407344e-09,9.162198305130004883e-01,5.223281383514404297e+00,-4.927520751953125000e+00,-1.574603574360921854e-01,-4.917781203976004378e-01,1.347379944318060144e-02,0.000000000000000000e+00,0.000000000000000000e+00,0.000000000000000000e+00,0.000000000000000000e+00,0.000000000000000000e+00,0.000000000000000000e+00,0.000000000000000000e+00,8.276375122070312500e+02,8.276381835937500000e+02,8.276381835937500000e+02,8.276375122070312500e+02,-2.083779909834855050e+07
3.850999999999999979e+00,1.573483270297266479e-01,4.919588942249490393e-01,-1.347412078961105625e-02,-1.120304063655375160e-04,1.807738273486014791e-04,-3.213464304548108164e-07,9.162257909774780273e-01,5.223305225372314453e+00,-4.927539825439453125e+00,-1.573483270297266479e-01,-4.919588942249490393e-01,1.347412078961105625e-02,0.000000000000000000e+00,0.000000000000000000e+00,0.000000000000000000e+00,0.000000000000000000e+00,0.000000000000000000e+00,0.000000000000000000e+00,0.000000000000000000e+00,8.276375732421875000e+02,8.276381225585937500e+02,8.276381225585937500e+02,8.276375732421875000e+02,-2.083779936531215161e+07
3.851999999999999869e+00,1.572361741155105519e-01,4.921396969025970680e-01,-1.347479549761787000e-02,-1.121529142160959669e-04,1.808026776480287090e-04,-6.747080068137539799e-07,9.162306785583496094e-01,5.223325252532958984e+00,-4.927559852600097656e+00,-1.572361741155105519e-01,-4.921396969025970680e-01,1.347479549761787000e-02,0.000000000000000000e+00,0.000000000000000000e+00,0.000000000000000000e+00,0.000000000000000000e+00,0.000000000000000000e+00,0.000000000000000000e+00,0.000000000000000000e+00,8.276376342773437500e+02,8.276380615234375000e+02,8.276380615234375000e+02,8.276376342773437500e+02,-2.083779963241841644e+07
3.853000000000000203e+00,1.571238760439354898e-01,4.923204457313317128e-01,-1.347584101647202048e-02,-1.122980715750621084e-04,1.807488287346448175e-04,-1.045518854150481736e-06,9.162356853485107422e-01,5.223345756530761719e+00,-4.927579879760742188e+00,-1.571238760439354898e-01,-4.923204457313317128e-01,1.347584101647202048e-02,0.000000000000000000e+00,0.000000000000000000e+00,0.000000000000000000e+00,0.000000000000000000e+00,0.000000000000000000e+00,0.000000000000000000e+00,0.000000000000000000e+00,8.276376953125000000e+02,8.276380004882812500e+02,8.276380004882812500e+02,8.276376953125000000e+02,-2.083779989966734871e+07
3.854000000000000092e+00,1.570114595552746517e-01,4.925010873264313305e-01,-1.347727239528820169e-02,-1.124164886608380876e-04,1.806415950996176356e-04,-1.431378816181202995e-06,9.162410497665405273e-01,5.223368167877197266e+00,-4.927597045898437500e+00,-1.570114595552746517e-01,-4.925010873264313305e-01,1.347727239528820169e-02,0.000000000000000000e+00,0.000000000000000000e+00,0.000000000000000000e+00,0.000000000000000000e+00,0.000000000000000000e+00,0.000000000000000000e+00,0.000000000000000000e+00,8.276377563476562500e+02,8.276378784179687500e+02,8.276378784179687500e+02,8.276377563476562500e+02,-2.083780016705890372e+07
3.854999999999999982e+00,1.568989247375313367e-01,4.926817817553370005e-01,-1.347910486142024113e-02,-1.125348177433149743e-04,1.806944289056700015e-04,-1.832466132039439755e-06,9.162464141845703125e-01,5.223390102386474609e+00,-4.927618026733398438e+00,-1.568989247375313367e-01,-4.926817817553370005e-01,1.347910486142024113e-02,0.000000000000000000e+00,0.000000000000000000e+00,0.000000000000000000e+00,0.000000000000000000e+00,0.000000000000000000e+00,0.000000000000000000e+00,0.000000000000000000e+00,8.276378173828125000e+02,8.276378173828125000e+02,8.276378173828125000e+02,8.276378173828125000e+02,-2.083780043459320068e+07
3.855999999999999872e+00,1.567862849438340367e-01,4.928623689206413361e-01,-1.348134575635092335e-02,-1.126397936973000391e-04,1.805871653043356062e-04,-2.240894930682219011e-06,9.162515401840209961e-01,5.223412990570068359e+00,-4.927639007568359375e+00,-1.567862849438340367e-01,-4.928623689206413361e-01,1.348134575635092335e-02,0.000000000000000000e+00,0.000000000000000000e+00,0.000000000000000000e+00,0.000000000000000000e+00,0.000000000000000000e+00,0.000000000000000000e+00,0.000000000000000000e+00,8.276378784179687500e+02,8.276377563476562500e+02,8.276377563476562500e+02,8.276378784179687500e+02,-2.083780070227020234e+07
3.857000000000000206e+00,1.566735535634544152e-01,4.930429555363742278e-01,-1.348400278747645745e-02,-1.127313803796214930e-04,1.805866157328916977e-04,-2.657031125534101146e-06,9.162566661834716797e-01,5.223433017730712891e+00,-4.927657127380371094e+00,-1.566735535634544152e-01,-4.930429555363742278e-01,1.348400278747645745e-02,0.000000000000000000e+00,0.000000000000000000e+00,0.000000000000000000e+00,0.000000000000000000e+00,0.000000000000000000e+00,0.000000000000000000e+00,0.000000000000000000e+00,8.276379394531250000e+02,8.276376953125000000e+02,8.276376953125000000e+02,8.276379394531250000e+02,-2.083780097008997947e+07
3.858000000000000096e+00,1.565607306054872527e-01,4.932234882369340712e-01,-1.348707921654492166e-02,-1.128229579671624627e-04,1.805327005598433843e-04,-3.076429068464212047e-06,9.162615537643432617e-01,5.223454475402832031e+00,-4.927675724029541016e+00,-1.565607306054872527e-01,-4.932234882369340712e-01,1.348707921654492166e-02,0.000000000000000000e+00,0.000000000000000000e+00,0.000000000000000000e+00,0.000000000000000000e+00,0.000000000000000000e+00,0.000000000000000000e+00,0.000000000000000000e+00,8.276380004882812500e+02,8.276376342773437500e+02,8.276376342773437500e+02,8.276380004882812500e+02,-2.083780123805255070e+07
3.858999999999999986e+00,1.564478427639622582e-01,4.934040203817333103e-01,-1.349057606491494560e-02,-1.128878415249945366e-04,1.805321447992391803e-04,-3.496848370023938890e-06,9.162667989730834961e-01,5.223475933074951172e+00,-4.927694797515869141e+00,-1.564478427639622582e-01,-4.934040203817333103e-01,1.349057606491494560e-02,0.000000000000000000e+00,0.000000000000000000e+00,0.000000000000000000e+00,0.000000000000000000e+00,0.000000000000000000e+00,0.000000000000000000e+00,0.000000000000000000e+00,8.276381225585937500e+02,8.276375732421875000e+02,8.276375732421875000e+02,8.276380615234375000e+02,-2.083780150615800172e+07
3.859999999999999876e+00,1.563349033671172228e-01,4.935845519750808319e-01,-1.349449005462732484e-02,-1.129393968450354002e-04,1.805315933475215573e-04,-3.913989712379245534e-06,9.162716865539550781e-01,5.223496913909912109e+00,-4.927714347839355469e+00,-1.563349033671172228e-01,-4.935845519750808319e-01,1.349449005462732484e-02,0.000000000000000000e+00,0.000000000000000000e+00,0.000000000000000000e+00,0.000000000000000000e+00,0.000000000000000000e+00,0.000000000000000000e+00,0.000000000000000000e+00,8.276381835937500000e+02,8.276375122070312500e+02,8.276375122070312500e+02,8.276381835937500000e+02,-2.083780177440641448e+07
3.861000000000000210e+00,1.562219123845426938e-01,4.937650296638834146e-01,-1.349881527613353525e-02,-1.129909825745289975e-04,1.804776888025827475e-04,-4.325221506210411015e-06,9.162771701812744141e-01,5.223517417907714844e+00,-4.927733421325683594e+00,-1.562219123845426938e-01,-4.937650296638834146e-01,1.349881527613353525e-02,0.000000000000000000e+00,0.000000000000000000e+00,0.000000000000000000e+00,0.000000000000000000e+00,0.000000000000000000e+00,0.000000000000000000e+00,0.000000000000000000e+00,8.276382446289062500e+02,8.276374511718750000e+02,8.276374511718750000e+02,8.276382446289062500e+02,-2.083780204279782251e+07
3.862000000000000099e+00,1.561088871691368452e-01,4.939454773765049600e-01,-1.350354281451944874e-02,-1.130252154058486447e-04,1.804477126215453531e-04,-4.727538385913485075e-06,9.162821769714355469e-01,5.223540306091308594e+00,-4.927752017974853516e+00,-1.561088871691368452e-01,-4.939454773765049600e-01,1.350354281451944874e-02,0.000000000000000000e+00,0.000000000000000000e+00,0.000000000000000000e+00,0.000000000000000000e+00,0.000000000000000000e+00,0.000000000000000000e+00,0.000000000000000000e+00,8.276383056640625000e+02,8.276373901367187500e+02,8.276373901367187500e+02,8.276382446289062500e+02,-2.083780231133228913e+07
3.862999999999999989e+00,1.559958462715134164e-01,4.941259006451514391e-01,-1.350866161943185470e-02,-1.130408976234287266e-04,1.804232686464790625e-04,-5.118804912405960916e-06,9.162870645523071289e-01,5.223561286926269531e+00,-4.927772998809814453e+00,-1.559958462715134164e-01,-4.941259006451514391e-01,1.350866161943185470e-02,0.000000000000000000e+00,0.000000000000000000e+00,0.000000000000000000e+00,0.000000000000000000e+00,0.000000000000000000e+00,0.000000000000000000e+00,0.000000000000000000e+00,8.276383056640625000e+02,8.276373291015625000e+02,8.276373291015625000e+02,8.276383056640625000e+02,-2.083780258000988141e+07
3.863999999999999879e+00,1.558828203567915460e-01,4.943063767787289620e-01,-1.351415623629055249e-02,-1.130259147218704019e-04,1.804761335775229014e-04,-5.494616858697787265e-06,9.162924289703369141e-01,5.223581790924072266e+00,-4.927790641784667969e+00,-1.558828203567915460e-01,-4.943063767787289620e-01,1.351415623629055249e-02,0.000000000000000000e+00,0.000000000000000000e+00,0.000000000000000000e+00,0.000000000000000000e+00,0.000000000000000000e+00,0.000000000000000000e+00,0.000000000000000000e+00,8.276383666992187500e+02,8.276372680664062500e+02,8.276372680664062500e+02,8.276383666992187500e+02,-2.083780284883076325e+07
3.865000000000000213e+00,1.557697826591133705e-01,4.944868524439787194e-01,-1.352000813398367488e-02,-1.130376976781755083e-04,1.804756652497574443e-04,-5.851897693122387611e-06,9.162973165512084961e-01,5.223603248596191406e+00,-4.927810192108154297e+00,-1.557697826591133705e-01,-4.944868524439787194e-01,1.352000813398367488e-02,0.000000000000000000e+00,0.000000000000000000e+00,0.000000000000000000e+00,0.000000000000000000e+00,0.000000000000000000e+00,0.000000000000000000e+00,0.000000000000000000e+00,8.276384277343750000e+02,8.276372070312500000e+02,8.276372070312500000e+02,8.276384277343750000e+02,-2.083780311779502779e+07
3.866000000000000103e+00,1.556567864562695969e-01,4.946673276631493588e-01,-1.352619753198018235e-02,-1.129962028437736521e-04,1.804752191706393560e-04,-6.189397996507473021e-06,9.163023233413696289e-01,5.223624706268310547e+00,-4.927829742431640625e+00,-1.556567864562695969e-01,-4.946673276631493588e-01,1.352619753198018235e-02,0.000000000000000000e+00,0.000000000000000000e+00,0.000000000000000000e+00,0.000000000000000000e+00,0.000000000000000000e+00,0.000000000000000000e+00,0.000000000000000000e+00,8.276384887695312500e+02,8.276372070312500000e+02,8.276372070312500000e+02,8.276384887695312500e+02,-2.083780338690278679e+07
3.866999999999999993e+00,1.555438316526349118e-01,4.948478024677814280e-01,-1.353270191827768767e-02,-1.129548036346850193e-04,1.804748046320692190e-04,-6.504386297505326819e-06,9.163074493408203125e-01,5.223646640777587891e+00,-4.927848815917968750e+00,-1.555438316526349118e-01,-4.948478024677814280e-01,1.353270191827768767e-02,0.000000000000000000e+00,0.000000000000000000e+00,0.000000000000000000e+00,0.000000000000000000e+00,0.000000000000000000e+00,0.000000000000000000e+00,0.000000000000000000e+00,8.276384887695312500e+02,8.276371459960937500e+02,8.276371459960937500e+02,8.276384887695312500e+02,-2.083780365615415201e+07
3.867999999999999883e+00,1.554309181380338911e-01,4.950282768938481515e-01,-1.353949544572770336e-02,-1.129135146010207258e-04,1.804744260667234812e-04,-6.793527450015685032e-06,9.163123369216918945e-01,5.223667621612548828e+00,-4.927866458892822266e+00,-1.554309181380338911e-01,-4.950282768938481515e-01,1.353949544572770336e-02,0.000000000000000000e+00,0.000000000000000000e+00,0.000000000000000000e+00,0.000000000000000000e+00,0.000000000000000000e+00,0.000000000000000000e+00,0.000000000000000000e+00,8.276385498046875000e+02,8.276371459960937500e+02,8.276371459960937500e+02,8.276385498046875000e+02,-2.083780392554923519e+07
3.869000000000000217e+00,1.553180858204354919e-01,4.952088043384110239e-01,-1.354655001119234488e-02,-1.128323175983991788e-04,1.805274445628723967e-04,-7.054565464641518457e-06,9.163174629211425781e-01,5.223689079284667969e+00,-4.927886962890625000e+00,-1.553180858204354919e-01,-4.952088043384110239e-01,1.354655001119234488e-02,0.000000000000000000e+00,0.000000000000000000e+00,0.000000000000000000e+00,0.000000000000000000e+00,0.000000000000000000e+00,0.000000000000000000e+00,0.000000000000000000e+00,8.276385498046875000e+02,8.276370849609375000e+02,8.276370849609375000e+02,8.276385498046875000e+02,-2.083780419508821145e+07
3.870000000000000107e+00,1.552053212306514218e-01,4.953893314798133440e-01,-1.355383713615929304e-02,-1.127645897840701128e-04,1.805271414023201793e-04,-7.287124966948166360e-06,9.163224697113037109e-01,5.223709106445312500e+00,-4.927906513214111328e+00,-1.552053212306514218e-01,-4.953893314798133440e-01,1.355383713615929304e-02,0.000000000000000000e+00,0.000000000000000000e+00,0.000000000000000000e+00,0.000000000000000000e+00,0.000000000000000000e+00,0.000000000000000000e+00,0.000000000000000000e+00,8.276386108398437500e+02,8.276370849609375000e+02,8.276370849609375000e+02,8.276386108398437500e+02,-2.083780446477119997e+07
3.870999999999999996e+00,1.550926509176492607e-01,4.955699117220253580e-01,-1.356132449100605659e-02,-1.126703130021611265e-04,1.805802422120139639e-04,-7.487354846763549787e-06,9.163274765014648438e-01,5.223730564117431641e+00,-4.927924156188964844e+00,-1.550926509176492607e-01,-4.955699117220253580e-01,1.356132449100605659e-02,0.000000000000000000e+00,0.000000000000000000e+00,0.000000000000000000e+00,0.000000000000000000e+00,0.000000000000000000e+00,0.000000000000000000e+00,0.000000000000000000e+00,8.276386108398437500e+02,8.276370849609375000e+02,8.276370849609375000e+02,8.276386108398437500e+02,-2.083780473459837586e+07
3.871999999999999886e+00,1.549800747380539745e-01,4.957504917461562077e-01,-1.356898031991290478e-02,-1.125761795952862077e-04,1.805800241308497256e-04,-7.655828906848183291e-06,9.163327217102050781e-01,5.223752498626708984e+00,-4.927944183349609375e+00,-1.549800747380539745e-01,-4.957504917461562077e-01,1.356898031991290478e-02,0.000000000000000000e+00,0.000000000000000000e+00,0.000000000000000000e+00,0.000000000000000000e+00,0.000000000000000000e+00,0.000000000000000000e+00,0.000000000000000000e+00,8.276386108398437500e+02,8.276370239257812500e+02,8.276370239257812500e+02,8.276386108398437500e+02,-2.083780500456986576e+07
3.873000000000000220e+00,1.548676100020613677e-01,4.959310953974152003e-01,-1.357676902268815759e-02,-1.124647359926067569e-04,1.806036512589925813e-04,-7.788702775252814847e-06,9.163373708724975586e-01,5.223772048950195312e+00,-4.927961826324462891e+00,-1.548676100020613677e-01,-4.959310953974152003e-01,1.357676902268815759e-02,0.000000000000000000e+00,0.000000000000000000e+00,0.000000000000000000e+00,0.000000000000000000e+00,0.000000000000000000e+00,0.000000000000000000e+00,0.000000000000000000e+00,8.276386108398437500e+02,8.276370239257812500e+02,8.276370239257812500e+02,8.276386108398437500e+02,-2.083780527468582243e+07
3.874000000000000110e+00,1.547552750241072694e-01,4.961117818353130149e-01,-1.358465795266052857e-02,-1.123349779540983029e-04,1.806864378978145780e-04,-7.888929972370978261e-06,9.163423776626586914e-01,5.223792076110839844e+00,-4.927980422973632812e+00,-1.547552750241072694e-01,-4.961117818353130149e-01,1.358465795266052857e-02,0.000000000000000000e+00,0.000000000000000000e+00,0.000000000000000000e+00,0.000000000000000000e+00,0.000000000000000000e+00,0.000000000000000000e+00,0.000000000000000000e+00,8.276386108398437500e+02,8.276370239257812500e+02,8.276370239257812500e+02,8.276386108398437500e+02,-2.083780554494646192e+07
3.875000000000000000e+00,1.546430737521495014e-01,4.962925215569962689e-01,-1.359260971261344250e-02,-1.122012719577680784e-04,1.807397216832540288e-04,-7.951759952913931007e-06,9.163477420806884766e-01,5.223816394805908203e+00,-4.928000450134277344e+00,-1.546430737521495014e-01,-4.962925215569962689e-01,1.359260971261344250e-02,0.000000000000000000e+00,0.000000000000000000e+00,0.000000000000000000e+00,0.000000000000000000e+00,0.000000000000000000e+00,0.000000000000000000e+00,0.000000000000000000e+00,8.276386108398437500e+02,8.276370239257812500e+02,8.276370849609375000e+02,8.276386108398437500e+02,-2.083780581535196677e+07
3.875999999999999890e+00,1.545310060238902217e-01,4.964732612486510988e-01,-1.360058837818333387e-02,-1.120677282592796864e-04,1.807396916548298371e-04,-7.978665569891366105e-06,9.163526296615600586e-01,5.223835945129394531e+00,-4.928020477294921875e+00,-1.545310060238902217e-01,-4.964732612486510988e-01,1.360058837818333387e-02,0.000000000000000000e+00,0.000000000000000000e+00,0.000000000000000000e+00,0.000000000000000000e+00,0.000000000000000000e+00,0.000000000000000000e+00,0.000000000000000000e+00,8.276386108398437500e+02,8.276370849609375000e+02,8.276370849609375000e+02,8.276386108398437500e+02,-2.083780608590247482e+07
3.876999999999999780e+00,1.544190983689729124e-01,4.966540543190418044e-01,-1.360855745105240926e-02,-1.119076549173092516e-04,1.807930703907056902e-04,-7.969072869075388699e-06,9.163578748703002930e-01,5.223856925964355469e+00,-4.928038120269775391e+00,-1.544190983689729124e-01,-4.966540543190418044e-01,1.360855745105240926e-02,0.000000000000000000e+00,0.000000000000000000e+00,0.000000000000000000e+00,0.000000000000000000e+00,0.000000000000000000e+00,0.000000000000000000e+00,0.000000000000000000e+00,8.276385498046875000e+02,8.276370849609375000e+02,8.276370849609375000e+02,8.276385498046875000e+02,-2.083780635659817606e+07
3.878000000000000114e+00,1.543073239543231723e-01,4.968349541828173677e-01,-1.361648020148630879e-02,-1.117744146497401392e-04,1.808998637755632188e-04,-7.922750433899533595e-06,9.163626432418823242e-01,5.223878383636474609e+00,-4.928057193756103516e+00,-1.543073239543231723e-01,-4.968349541828173677e-01,1.361648020148630879e-02,0.000000000000000000e+00,0.000000000000000000e+00,0.000000000000000000e+00,0.000000000000000000e+00,0.000000000000000000e+00,0.000000000000000000e+00,0.000000000000000000e+00,8.276385498046875000e+02,8.276370849609375000e+02,8.276370849609375000e+02,8.276385498046875000e+02,-2.083780662743930519e+07
3.879000000000000004e+00,1.541957092945457630e-01,4.970158541592897272e-01,-1.362432158273797940e-02,-1.116146597774092530e-04,1.808999764723595582e-04,-7.841381251670609398e-06,9.163674116134643555e-01,5.223900794982910156e+00,-4.928076267242431641e+00,-1.541957092945457630e-01,-4.970158541592897272e-01,1.362432158273797940e-02,0.000000000000000000e+00,0.000000000000000000e+00,0.000000000000000000e+00,0.000000000000000000e+00,0.000000000000000000e+00,0.000000000000000000e+00,0.000000000000000000e+00,8.276385498046875000e+02,8.276371459960937500e+02,8.276371459960937500e+02,8.276384887695312500e+02,-2.083780689842600375e+07
3.879999999999999893e+00,1.540842675779844906e-01,4.971968076583019869e-01,-1.363204503868991127e-02,-1.114417165612724414e-04,1.809534990122596554e-04,-7.723455951931870733e-06,9.163727760314941406e-01,5.223920345306396484e+00,-4.928095817565917969e+00,-1.540842675779844906e-01,-4.971968076583019869e-01,1.363204503868991127e-02,0.000000000000000000e+00,0.000000000000000000e+00,0.000000000000000000e+00,0.000000000000000000e+00,0.000000000000000000e+00,0.000000000000000000e+00,0.000000000000000000e+00,8.276384887695312500e+02,8.276372070312500000e+02,8.276372070312500000e+02,8.276384887695312500e+02,-2.083780716955846176e+07
3.880999999999999783e+00,1.539729719744583336e-01,4.973778147284145801e-01,-1.363961626895297298e-02,-1.112956035261569721e-04,1.810070701125932047e-04,-7.571230263061709542e-06,9.163780212402343750e-01,5.223942279815673828e+00,-4.928114414215087891e+00,-1.539729719744583336e-01,-4.973778147284145801e-01,1.363961626895297298e-02,0.000000000000000000e+00,0.000000000000000000e+00,0.000000000000000000e+00,0.000000000000000000e+00,0.000000000000000000e+00,0.000000000000000000e+00,0.000000000000000000e+00,8.276384277343750000e+02,8.276372070312500000e+02,8.276372070312500000e+02,8.276384277343750000e+02,-2.083780744083686918e+07
3.882000000000000117e+00,1.538618356754476169e-01,4.975588754135307212e-01,-1.364700114674877694e-02,-1.111362990107167548e-04,1.810606851161411512e-04,-7.384877795803962419e-06,9.163829088211059570e-01,5.223963260650634766e+00,-4.928134441375732422e+00,-1.538618356754476169e-01,-4.975588754135307212e-01,1.364700114674877694e-02,0.000000000000000000e+00,0.000000000000000000e+00,0.000000000000000000e+00,0.000000000000000000e+00,0.000000000000000000e+00,0.000000000000000000e+00,0.000000000000000000e+00,8.276384277343750000e+02,8.276372680664062500e+02,8.276372680664062500e+02,8.276383666992187500e+02,-2.083780771226140857e+07
3.883000000000000007e+00,1.537508718867046098e-01,4.977399897529458106e-01,-1.365416888052476199e-02,-1.109637887430070524e-04,1.811143394150893648e-04,-7.167733775985049571e-06,9.163877964019775391e-01,5.223984241485595703e+00,-4.928153991699218750e+00,-1.537508718867046098e-01,-4.977399897529458106e-01,1.365416888052476199e-02,0.000000000000000000e+00,0.000000000000000000e+00,0.000000000000000000e+00,0.000000000000000000e+00,0.000000000000000000e+00,0.000000000000000000e+00,0.000000000000000000e+00,8.276383666992187500e+02,8.276373291015625000e+02,8.276373291015625000e+02,8.276383666992187500e+02,-2.083780798383227363e+07
3.883999999999999897e+00,1.536400579781856401e-01,4.979211281083543716e-01,-1.366108778837675682e-02,-1.108139085189696615e-04,1.811383554085610470e-04,-6.918907851994823832e-06,9.163932800292968750e-01,5.224006175994873047e+00,-4.928172588348388672e+00,-1.536400579781856401e-01,-4.979211281083543716e-01,1.366108778837675682e-02,0.000000000000000000e+00,0.000000000000000000e+00,0.000000000000000000e+00,0.000000000000000000e+00,0.000000000000000000e+00,0.000000000000000000e+00,0.000000000000000000e+00,8.276383056640625000e+02,8.276373901367187500e+02,8.276373901367187500e+02,8.276383056640625000e+02,-2.083780825554961711e+07
3.884999999999999787e+00,1.535294121371646725e-01,4.981023498683024298e-01,-1.366773023694711417e-02,-1.106458410209676391e-04,1.812217599480581143e-04,-6.642448570357353810e-06,9.163981676101684570e-01,5.224027633666992188e+00,-4.928192138671875000e+00,-1.535294121371646725e-01,-4.981023498683024298e-01,1.366773023694711417e-02,0.000000000000000000e+00,0.000000000000000000e+00,0.000000000000000000e+00,0.000000000000000000e+00,0.000000000000000000e+00,0.000000000000000000e+00,0.000000000000000000e+00,8.276382446289062500e+02,8.276374511718750000e+02,8.276374511718750000e+02,8.276382446289062500e+02,-2.083780852741365507e+07
3.886000000000000121e+00,1.534189117519862977e-01,4.982836253972472429e-01,-1.367407038115252792e-02,-1.105003851783747937e-04,1.812755289448131357e-04,-6.340144205413747458e-06,9.164034128189086914e-01,5.224050045013427734e+00,-4.928211212158203125e+00,-1.534189117519862977e-01,-4.982836253972472429e-01,1.367407038115252792e-02,0.000000000000000000e+00,0.000000000000000000e+00,0.000000000000000000e+00,0.000000000000000000e+00,0.000000000000000000e+00,0.000000000000000000e+00,0.000000000000000000e+00,8.276381835937500000e+02,8.276375122070312500e+02,8.276375122070312500e+02,8.276381835937500000e+02,-2.083780879942457005e+07
3.887000000000000011e+00,1.533085700457897660e-01,4.984649547284612514e-01,-1.368008159838336735e-02,-1.103417061965317192e-04,1.813293312140085156e-04,-6.011217230839430159e-06,9.164080619812011719e-01,5.224070072174072266e+00,-4.928231716156005859e+00,-1.533085700457897660e-01,-4.984649547284612514e-01,1.368008159838336735e-02,0.000000000000000000e+00,0.000000000000000000e+00,0.000000000000000000e+00,0.000000000000000000e+00,0.000000000000000000e+00,0.000000000000000000e+00,0.000000000000000000e+00,8.276381225585937500e+02,8.276375732421875000e+02,8.276375732421875000e+02,8.276381225585937500e+02,-2.083780907158254460e+07
3.887999999999999901e+00,1.531983735929456636e-01,4.986463378881161868e-01,-1.368574465408006237e-02,-1.101964528441023994e-04,1.813831596549353442e-04,-5.663055696695021290e-06,9.164134263992309570e-01,5.224091529846191406e+00,-4.928249835968017578e+00,-1.531983735929456636e-01,-4.986463378881161868e-01,1.368574465408006237e-02,0.000000000000000000e+00,0.000000000000000000e+00,0.000000000000000000e+00,0.000000000000000000e+00,0.000000000000000000e+00,0.000000000000000000e+00,0.000000000000000000e+00,8.276380615234375000e+02,8.276376342773437500e+02,8.276376342773437500e+02,8.276380615234375000e+02,-2.083780934388775751e+07
3.888999999999999790e+00,1.530882956198136025e-01,4.988277749060587851e-01,-1.369103858794895948e-02,-1.100779731320611354e-04,1.814370179425983665e-04,-5.293933868897107708e-06,9.164187908172607422e-01,5.224114418029785156e+00,-4.928268909454345703e+00,-1.530882956198136025e-01,-4.988277749060587851e-01,1.369103858794895948e-02,0.000000000000000000e+00,0.000000000000000000e+00,0.000000000000000000e+00,0.000000000000000000e+00,0.000000000000000000e+00,0.000000000000000000e+00,0.000000000000000000e+00,8.276380004882812500e+02,8.276376953125000000e+02,8.276376953125000000e+02,8.276380004882812500e+02,-2.083780961634037644e+07
3.890000000000000124e+00,1.529783627332861606e-01,4.990092658004326442e-01,-1.369594684084273623e-02,-1.099328865274418199e-04,1.814908943738591240e-04,-4.908252893776748893e-06,9.164237976074218750e-01,5.224136352539062500e+00,-4.928289890289306641e+00,-1.529783627332861606e-01,-4.990092658004326442e-01,1.369594684084273623e-02,0.000000000000000000e+00,0.000000000000000000e+00,0.000000000000000000e+00,0.000000000000000000e+00,0.000000000000000000e+00,0.000000000000000000e+00,0.000000000000000000e+00,8.276379394531250000e+02,8.276377563476562500e+02,8.276377563476562500e+02,8.276379394531250000e+02,-2.083780988894058391e+07
3.891000000000000014e+00,1.528685348514921827e-01,4.991907572279064009e-01,-1.370045749464156651e-02,-1.098278817939779550e-04,1.814914274737566835e-04,-4.510653798830283057e-06,9.164289236068725586e-01,5.224158287048339844e+00,-4.928308963775634766e+00,-1.528685348514921827e-01,-4.991907572279064009e-01,1.370045749464156651e-02,0.000000000000000000e+00,0.000000000000000000e+00,0.000000000000000000e+00,0.000000000000000000e+00,0.000000000000000000e+00,0.000000000000000000e+00,0.000000000000000000e+00,8.276378784179687500e+02,8.276378173828125000e+02,8.276378173828125000e+02,8.276378173828125000e+02,-2.083781016168848798e+07
3.891999999999999904e+00,1.527588252696150395e-01,4.993723025636878088e-01,-1.370455900616854121e-02,-1.097095818771431919e-04,1.815453357814078572e-04,-4.101511526974702115e-06,9.164340496063232422e-01,5.224176883697509766e+00,-4.928328990936279297e+00,-1.527588252696150395e-01,-4.993723025636878088e-01,1.370455900616854121e-02,0.000000000000000000e+00,0.000000000000000000e+00,0.000000000000000000e+00,0.000000000000000000e+00,0.000000000000000000e+00,0.000000000000000000e+00,0.000000000000000000e+00,8.276377563476562500e+02,8.276378784179687500e+02,8.276378784179687500e+02,8.276377563476562500e+02,-2.083781043458425999e+07
3.892999999999999794e+00,1.526492072717447468e-01,4.995539018196224479e-01,-1.370824375541020504e-02,-1.096179978702926938e-04,1.815992559346391033e-04,-3.684749241663828889e-06,9.164391756057739258e-01,5.224199771881103516e+00,-4.928347587585449219e+00,-1.526492072717447468e-01,-4.995539018196224479e-01,1.370824375541020504e-02,0.000000000000000000e+00,0.000000000000000000e+00,0.000000000000000000e+00,0.000000000000000000e+00,0.000000000000000000e+00,0.000000000000000000e+00,0.000000000000000000e+00,8.276376953125000000e+02,8.276379394531250000e+02,8.276379394531250000e+02,8.276376953125000000e+02,-2.083781070762805641e+07
3.894000000000000128e+00,1.525396717416766523e-01,4.997354718490722991e-01,-1.371150672493358716e-02,-1.095355300680944666e-04,1.815700294498512335e-04,-3.262969523382119874e-06,9.164445400238037109e-01,5.224221706390380859e+00,-4.928368091583251953e+00,-1.525396717416766523e-01,-4.997354718490722991e-01,1.371150672493358716e-02,0.000000000000000000e+00,0.000000000000000000e+00,0.000000000000000000e+00,0.000000000000000000e+00,0.000000000000000000e+00,0.000000000000000000e+00,0.000000000000000000e+00,8.276376342773437500e+02,8.276380004882812500e+02,8.276380004882812500e+02,8.276376342773437500e+02,-2.083781098081995547e+07
3.895000000000000018e+00,1.524302101801852105e-01,4.999171255848935957e-01,-1.371434775733382759e-02,-1.094615614914418167e-04,1.816537358212966247e-04,-2.841032400240431355e-06,9.164497852325439453e-01,5.224244117736816406e+00,-4.928388595581054688e+00,-1.524302101801852105e-01,-4.999171255848935957e-01,1.371434775733382759e-02,0.000000000000000000e+00,0.000000000000000000e+00,0.000000000000000000e+00,0.000000000000000000e+00,0.000000000000000000e+00,0.000000000000000000e+00,0.000000000000000000e+00,8.276375732421875000e+02,8.276380615234375000e+02,8.276380615234375000e+02,8.276375732421875000e+02,-2.083781125416013971e+07
3.895999999999999908e+00,1.523208134972395544e-01,5.000987798812837060e-01,-1.371676933943899966e-02,-1.093966829456560763e-04,1.816542963901102148e-04,-2.421582105172070953e-06,9.164547920227050781e-01,5.224266529083251953e+00,-4.928406238555908203e+00,-1.523208134972395544e-01,-5.000987798812837060e-01,1.371676933943899966e-02,0.000000000000000000e+00,0.000000000000000000e+00,0.000000000000000000e+00,0.000000000000000000e+00,0.000000000000000000e+00,0.000000000000000000e+00,0.000000000000000000e+00,8.276375122070312500e+02,8.276381225585937500e+02,8.276381225585937500e+02,8.276375122070312500e+02,-2.083781152764870971e+07
3.896999999999999797e+00,1.522114550277879619e-01,5.002804347345422009e-01,-1.371877552397490069e-02,-1.093584694515925548e-04,1.816548532584949527e-04,-2.006184535901026078e-06,9.164601564407348633e-01,5.224288463592529297e+00,-4.928426742553710938e+00,-1.522114550277879619e-01,-5.002804347345422009e-01,1.371877552397490069e-02,0.000000000000000000e+00,0.000000000000000000e+00,0.000000000000000000e+00,0.000000000000000000e+00,0.000000000000000000e+00,0.000000000000000000e+00,0.000000000000000000e+00,8.276374511718750000e+02,8.276381835937500000e+02,8.276381835937500000e+02,8.276374511718750000e+02,-2.083781180128575489e+07
3.898000000000000131e+00,1.521021481505762107e-01,5.004621434943350433e-01,-1.372037394435488868e-02,-1.093068772117511411e-04,1.817087597928424003e-04,-1.598420379987988693e-06,9.164655208587646484e-01,5.224310874938964844e+00,-4.928447246551513672e+00,-1.521021481505762107e-01,-5.004621434943350433e-01,1.372037394435488868e-02,0.000000000000000000e+00,0.000000000000000000e+00,0.000000000000000000e+00,0.000000000000000000e+00,0.000000000000000000e+00,0.000000000000000000e+00,0.000000000000000000e+00,8.276373901367187500e+02,8.276382446289062500e+02,8.276382446289062500e+02,8.276373901367187500e+02,-2.083781207507142425e+07
3.899000000000000021e+00,1.519928395521138731e-01,5.006438527855580078e-01,-1.372157763722021973e-02,-1.093085984623376472e-04,1.817092912229645307e-04,-1.203692865331049133e-06,9.164708852767944336e-01,5.224332809448242188e+00,-4.928467273712158203e+00,-1.519928395521138731e-01,-5.006438527855580078e-01,1.372157763722021973e-02,0.000000000000000000e+00,0.000000000000000000e+00,0.000000000000000000e+00,0.000000000000000000e+00,0.000000000000000000e+00,0.000000000000000000e+00,0.000000000000000000e+00,8.276373291015625000e+02,8.276383056640625000e+02,8.276383056640625000e+02,8.276373291015625000e+02,-2.083781234900579602e+07
3.899999999999999911e+00,1.518835559664456214e-01,5.008255625874734607e-01,-1.372239922595142395e-02,-1.092835856682516926e-04,1.817098019154528288e-04,-8.215887312042202684e-07,9.164762496948242188e-01,5.224355220794677734e+00,-4.928487300872802734e+00,-1.518835559664456214e-01,-5.008255625874734607e-01,1.372239922595142395e-02,0.000000000000000000e+00,0.000000000000000000e+00,0.000000000000000000e+00,0.000000000000000000e+00,0.000000000000000000e+00,0.000000000000000000e+00,0.000000000000000000e+00,8.276372680664062500e+02,8.276383666992187500e+02,8.276383666992187500e+02,8.276372680664062500e+02,-2.083781262308895960e+07
3.900999999999999801e+00,1.517742574427450586e-01,5.010072195169283926e-01,-1.372285680819895597e-02,-1.092985237005628107e-04,1.816569294549319480e-04,-4.575822475320207028e-07,9.164813756942749023e-01,5.224376678466796875e+00,-4.928506851196289062e+00,-1.517742574427450586e-01,-5.010072195169283926e-01,1.372285680819895597e-02,0.000000000000000000e+00,0.000000000000000000e+00,0.000000000000000000e+00,0.000000000000000000e+00,0.000000000000000000e+00,0.000000000000000000e+00,0.000000000000000000e+00,8.276372680664062500e+02,8.276384277343750000e+02,8.276384277343750000e+02,8.276372070312500000e+02,-2.083781289732093737e+07
3.902000000000000135e+00,1.516649307371603084e-01,5.011889302737048135e-01,-1.372296964418289432e-02,-1.093267055847502167e-04,1.817107567764209008e-04,-1.128359839383530350e-07,9.164867401123046875e-01,5.224400043487548828e+00,-4.928526878356933594e+00,-1.516649307371603084e-01,-5.011889302737048135e-01,1.372296964418289432e-02,0.000000000000000000e+00,0.000000000000000000e+00,0.000000000000000000e+00,0.000000000000000000e+00,0.000000000000000000e+00,0.000000000000000000e+00,0.000000000000000000e+00,8.276372070312500000e+02,8.276384887695312500e+02,8.276384887695312500e+02,8.276372070312500000e+02,-2.083781317170185223e+07
3.903000000000000025e+00,1.515555759355832477e-01,5.013706414658241073e-01,-1.372275934138645834e-02,-1.093548015770606785e-04,1.817111921192937629e-04,2.103027964359821533e-07,9.164921045303344727e-01,5.224421501159667969e+00,-4.928547859191894531e+00,-1.515555759355832477e-01,-5.013706414658241073e-01,1.372275934138645834e-02,0.000000000000000000e+00,0.000000000000000000e+00,0.000000000000000000e+00,0.000000000000000000e+00,0.000000000000000000e+00,0.000000000000000000e+00,0.000000000000000000e+00,8.276371459960937500e+02,8.276384887695312500e+02,8.276384887695312500e+02,8.276371459960937500e+02,-2.083781344623177871e+07
3.903999999999999915e+00,1.514461664646781502e-01,5.015522996978158954e-01,-1.372225239343342028e-02,-1.094094709050974501e-04,1.816582319917880994e-04,5.069479530380588406e-07,9.164975881576538086e-01,5.224443912506103516e+00,-4.928566455841064453e+00,-1.514461664646781502e-01,-5.015522996978158954e-01,1.372225239343342028e-02,0.000000000000000000e+00,0.000000000000000000e+00,0.000000000000000000e+00,0.000000000000000000e+00,0.000000000000000000e+00,0.000000000000000000e+00,0.000000000000000000e+00,8.276371459960937500e+02,8.276385498046875000e+02,8.276385498046875000e+02,8.276371459960937500e+02,-2.083781372091072798e+07
3.904999999999999805e+00,1.513366800858776950e-01,5.017339283907910064e-01,-1.372147388133752172e-02,-1.094863788004551974e-04,1.816286929751109724e-04,7.785120958985619621e-07,9.165027141571044922e-01,5.224466800689697266e+00,-4.928587436676025391e+00,-1.513366800858776950e-01,-5.017339283907910064e-01,1.372147388133752172e-02,0.000000000000000000e+00,0.000000000000000000e+00,0.000000000000000000e+00,0.000000000000000000e+00,0.000000000000000000e+00,0.000000000000000000e+00,0.000000000000000000e+00,8.276370849609375000e+02,8.276385498046875000e+02,8.276385498046875000e+02,8.276370849609375000e+02,-2.083781399573873356e+07
3.906000000000000139e+00,1.512271349699239320e-01,5.019155873091083464e-01,-1.372045537790398187e-02,-1.095451159537630392e-04,1.816589183173400457e-04,1.018503433539846847e-06,9.165080785751342773e-01,5.224487781524658203e+00,-4.928607463836669922e+00,-1.512271349699239320e-01,-5.019155873091083464e-01,1.372045537790398187e-02,0.000000000000000000e+00,0.000000000000000000e+00,0.000000000000000000e+00,0.000000000000000000e+00,0.000000000000000000e+00,0.000000000000000000e+00,0.000000000000000000e+00,8.276370849609375000e+02,8.276386108398437500e+02,8.276386108398437500e+02,8.276370849609375000e+02,-2.083781427071588859e+07
3.907000000000000028e+00,1.511175088720529969e-01,5.020971931558373402e-01,-1.371922515799380189e-02,-1.096260978709351352e-04,1.816058467289938250e-04,1.230219910179977671e-06,9.165132045745849609e-01,5.224509716033935547e+00,-4.928626060485839844e+00,-1.511175088720529969e-01,-5.020971931558373402e-01,1.371922515799380189e-02,0.000000000000000000e+00,0.000000000000000000e+00,0.000000000000000000e+00,0.000000000000000000e+00,0.000000000000000000e+00,0.000000000000000000e+00,0.000000000000000000e+00,8.276370849609375000e+02,8.276386108398437500e+02,8.276386108398437500e+02,8.276370239257812500e+02,-2.083781454584219679e+07
3.907999999999999918e+00,1.510077752598380785e-01,5.022787458883769540e-01,-1.371781728965997503e-02,-1.097336122149183968e-04,1.815527325396137925e-04,1.407868333826861607e-06,9.165186882019042969e-01,5.224533557891845703e+00,-4.928647518157958984e+00,-1.510077752598380785e-01,-5.022787458883769540e-01,1.371781728965997503e-02,0.000000000000000000e+00,0.000000000000000000e+00,0.000000000000000000e+00,0.000000000000000000e+00,0.000000000000000000e+00,0.000000000000000000e+00,0.000000000000000000e+00,8.276370239257812500e+02,8.276386108398437500e+02,8.276386108398437500e+02,8.276370239257812500e+02,-2.083781482111766189e+07
3.908999999999999808e+00,1.508979209453552295e-01,5.024602988261774872e-01,-1.371626513585536174e-02,-1.098543144828489915e-04,1.815529378005331651e-04,1.552153804613293220e-06,9.165239334106445312e-01,5.224555015563964844e+00,-4.928667068481445312e+00,-1.508979209453552295e-01,-5.024602988261774872e-01,1.371626513585536174e-02,0.000000000000000000e+00,0.000000000000000000e+00,0.000000000000000000e+00,0.000000000000000000e+00,0.000000000000000000e+00,0.000000000000000000e+00,0.000000000000000000e+00,8.276370239257812500e+02,8.276386108398437500e+02,8.276386108398437500e+02,8.276370239257812500e+02,-2.083781509654233232e+07
3.910000000000000142e+00,1.507879594111883048e-01,5.026417985599923588e-01,-1.371460286946854859e-02,-1.099615341669246682e-04,1.814997338148716111e-04,1.662266386813146535e-06,9.165294170379638672e-01,5.224576950073242188e+00,-4.928685665130615234e+00,-1.507879594111883048e-01,-5.026417985599923588e-01,1.371460286946854859e-02,0.000000000000000000e+00,0.000000000000000000e+00,0.000000000000000000e+00,0.000000000000000000e+00,0.000000000000000000e+00,0.000000000000000000e+00,0.000000000000000000e+00,8.276370239257812500e+02,8.276386108398437500e+02,8.276386108398437500e+02,8.276370239257812500e+02,-2.083781537211620808e+07
3.911000000000000032e+00,1.506778641401808339e-01,5.028232984077628531e-01,-1.371286629613532176e-02,-1.100952710074709628e-04,1.814998477704943269e-04,1.736573333226826277e-06,9.165349006652832031e-01,5.224600315093994141e+00,-4.928707599639892578e+00,-1.506778641401808339e-01,-5.028232984077628531e-01,1.371286629613532176e-02,0.000000000000000000e+00,0.000000000000000000e+00,0.000000000000000000e+00,0.000000000000000000e+00,0.000000000000000000e+00,0.000000000000000000e+00,0.000000000000000000e+00,8.276370239257812500e+02,8.276386108398437500e+02,8.276386108398437500e+02,8.276370239257812500e+02,-2.083781564783933759e+07
3.911999999999999922e+00,1.505676352820586872e-01,5.030046915952947062e-01,-1.371109279521933247e-02,-1.102288581221466668e-04,1.813931875318530729e-04,1.773500915989295601e-06,9.165399074554443359e-01,5.224621295928955078e+00,-4.928727149963378906e+00,-1.505676352820586872e-01,-5.030046915952947062e-01,1.371109279521933247e-02,0.000000000000000000e+00,0.000000000000000000e+00,0.000000000000000000e+00,0.000000000000000000e+00,0.000000000000000000e+00,0.000000000000000000e+00,0.000000000000000000e+00,8.276370849609375000e+02,8.276386108398437500e+02,8.276386108398437500e+02,8.276370239257812500e+02,-2.083781592371166497e+07
3.912999999999999812e+00,1.504572730050390272e-01,5.031860848012131848e-01,-1.370931752573205722e-02,-1.103622770196599490e-04,1.813932059184786283e-04,1.775269487275243918e-06,9.165453910827636719e-01,5.224644184112548828e+00,-4.928745746612548828e+00,-1.504572730050390272e-01,-5.031860848012131848e-01,1.370931752573205722e-02,0.000000000000000000e+00,0.000000000000000000e+00,0.000000000000000000e+00,0.000000000000000000e+00,0.000000000000000000e+00,0.000000000000000000e+00,0.000000000000000000e+00,8.276370849609375000e+02,8.276386108398437500e+02,8.276386108398437500e+02,8.276370849609375000e+02,-2.083781619973323867e+07
3.914000000000000146e+00,1.503467507743850018e-01,5.033673712557305002e-01,-1.370757691625691319e-02,-1.105222306540254440e-04,1.812864545173153985e-04,1.740609475144039298e-06,9.165507555007934570e-01,5.224666595458984375e+00,-4.928766727447509766e+00,-1.503467507743850018e-01,-5.033673712557305002e-01,1.370757691625691319e-02,0.000000000000000000e+00,0.000000000000000000e+00,0.000000000000000000e+00,0.000000000000000000e+00,0.000000000000000000e+00,0.000000000000000000e+00,0.000000000000000000e+00,8.276370849609375000e+02,8.276385498046875000e+02,8.276385498046875000e+02,8.276370849609375000e+02,-2.083781647590399161e+07
3.915000000000000036e+00,1.502360598183473672e-01,5.035486276185278109e-01,-1.370590784923483331e-02,-1.106909560376345691e-04,1.812563627973107216e-04,1.669067022079875895e-06,9.165562391281127930e-01,5.224688529968261719e+00,-4.928787231445312500e+00,-1.502360598183473672e-01,-5.035486276185278109e-01,1.370590784923483331e-02,0.000000000000000000e+00,0.000000000000000000e+00,0.000000000000000000e+00,0.000000000000000000e+00,0.000000000000000000e+00,0.000000000000000000e+00,0.000000000000000000e+00,8.276371459960937500e+02,8.276385498046875000e+02,8.276385498046875000e+02,8.276371459960937500e+02,-2.083781675222393870e+07
3.915999999999999925e+00,1.501252181896498561e-01,5.037298605037789923e-01,-1.370434599447143201e-02,-1.108416286975111298e-04,1.812328852511813082e-04,1.561854763401301915e-06,9.165611267089843750e-01,5.224709987640380859e+00,-4.928807735443115234e+00,-1.501252181896498561e-01,-5.037298605037789923e-01,1.370434599447143201e-02,0.000000000000000000e+00,0.000000000000000000e+00,0.000000000000000000e+00,0.000000000000000000e+00,0.000000000000000000e+00,0.000000000000000000e+00,0.000000000000000000e+00,8.276371459960937500e+02,8.276384887695312500e+02,8.276384887695312500e+02,8.276371459960937500e+02,-2.083781702869310230e+07
3.916999999999999815e+00,1.500142304254248327e-01,5.039110398593040774e-01,-1.370292565139134659e-02,-1.109877642250234331e-04,1.811793555250851284e-04,1.420343080085414988e-06,9.165667295455932617e-01,5.224732398986816406e+00,-4.928826808929443359e+00,-1.500142304254248327e-01,-5.039110398593040774e-01,1.370292565139134659e-02,0.000000000000000000e+00,0.000000000000000000e+00,0.000000000000000000e+00,0.000000000000000000e+00,0.000000000000000000e+00,0.000000000000000000e+00,0.000000000000000000e+00,8.276372070312500000e+02,8.276384887695312500e+02,8.276384887695312500e+02,8.276372070312500000e+02,-2.083781730531147867e+07
3.918000000000000149e+00,1.499030699954568835e-01,5.040921656438452914e-01,-1.370168088734869012e-02,-1.111604299679491703e-04,1.811257845412139744e-04,1.244764042656471004e-06,9.165718555450439453e-01,5.224754810333251953e+00,-4.928845882415771484e+00,-1.499030699954568835e-01,-5.040921656438452914e-01,1.370168088734869012e-02,0.000000000000000000e+00,0.000000000000000000e+00,0.000000000000000000e+00,0.000000000000000000e+00,0.000000000000000000e+00,0.000000000000000000e+00,0.000000000000000000e+00,8.276372680664062500e+02,8.276384277343750000e+02,8.276384277343750000e+02,8.276372680664062500e+02,-2.083781758207905665e+07
3.919000000000000039e+00,1.497917503770085090e-01,5.042731844515456752e-01,-1.370064420824873910e-02,-1.113196184483744577e-04,1.810188077003838103e-04,1.036679099951018368e-06,9.165768623352050781e-01,5.224776268005371094e+00,-4.928866386413574219e+00,-1.497917503770085090e-01,-5.042731844515456752e-01,1.370064420824873910e-02,0.000000000000000000e+00,0.000000000000000000e+00,0.000000000000000000e+00,0.000000000000000000e+00,0.000000000000000000e+00,0.000000000000000000e+00,0.000000000000000000e+00,8.276372680664062500e+02,8.276383666992187500e+02,8.276383666992187500e+02,8.276372680664062500e+02,-2.083781785899577662e+07
3.919999999999999929e+00,1.496802717251463077e-01,5.044542029663520166e-01,-1.369984743713524404e-02,-1.114786518622012945e-04,1.810185148063414573e-04,7.967711134950622442e-07,9.165822267532348633e-01,5.224797248840332031e+00,-4.928886413574218750e+00,-1.496802717251463077e-01,-5.044542029663520166e-01,1.369984743713524404e-02,0.000000000000000000e+00,0.000000000000000000e+00,0.000000000000000000e+00,0.000000000000000000e+00,0.000000000000000000e+00,0.000000000000000000e+00,0.000000000000000000e+00,8.276373291015625000e+02,8.276383056640625000e+02,8.276383056640625000e+02,8.276373291015625000e+02,-2.083781813606169075e+07
3.920999999999999819e+00,1.495686208105649617e-01,5.046351677933147428e-01,-1.369931712596412186e-02,-1.116509145813460169e-04,1.809648269627261996e-04,5.303111711221775160e-07,9.165875911712646484e-01,5.224820137023925781e+00,-4.928905963897705078e+00,-1.495686208105649617e-01,-5.046351677933147428e-01,1.369931712596412186e-02,0.000000000000000000e+00,0.000000000000000000e+00,0.000000000000000000e+00,0.000000000000000000e+00,0.000000000000000000e+00,0.000000000000000000e+00,0.000000000000000000e+00,8.276373901367187500e+02,8.276382446289062500e+02,8.276382446289062500e+02,8.276373901367187500e+02,-2.083781841327678785e+07
3.922000000000000153e+00,1.494568244443542360e-01,5.048160788921297604e-01,-1.369908257417882212e-02,-1.117963662107257505e-04,1.809110988150175459e-04,2.345517852997414110e-07,9.165925979614257812e-01,5.224843502044677734e+00,-4.928925037384033203e+00,-1.494568244443542360e-01,-5.048160788921297604e-01,1.369908257417882212e-02,0.000000000000000000e+00,0.000000000000000000e+00,0.000000000000000000e+00,0.000000000000000000e+00,0.000000000000000000e+00,0.000000000000000000e+00,0.000000000000000000e+00,8.276374511718750000e+02,8.276381835937500000e+02,8.276381835937500000e+02,8.276374511718750000e+02,-2.083781869064106792e+07
3.923000000000000043e+00,1.493448827344705243e-01,5.049969362321631294e-01,-1.369916796108633372e-02,-1.119417098837116598e-04,1.808573400333690628e-04,-8.538690751160038506e-08,9.165983200073242188e-01,5.224864482879638672e+00,-4.928946971893310547e+00,-1.493448827344705243e-01,-5.049969362321631294e-01,1.369916796108633372e-02,0.000000000000000000e+00,0.000000000000000000e+00,0.000000000000000000e+00,0.000000000000000000e+00,0.000000000000000000e+00,0.000000000000000000e+00,0.000000000000000000e+00,8.276375122070312500e+02,8.276381225585937500e+02,8.276381225585937500e+02,8.276375122070312500e+02,-2.083781896815453470e+07
3.923999999999999932e+00,1.492327957816701189e-01,5.051777397850484297e-01,-1.369959579842283670e-02,-1.120869528004053706e-04,1.808035528853002560e-04,-4.278373365029786157e-07,9.166034460067749023e-01,5.224884986877441406e+00,-4.928964614868164062e+00,-1.492327957816701189e-01,-5.051777397850484297e-01,1.369959579842283670e-02,0.000000000000000000e+00,0.000000000000000000e+00,0.000000000000000000e+00,0.000000000000000000e+00,0.000000000000000000e+00,0.000000000000000000e+00,0.000000000000000000e+00,8.276375732421875000e+02,8.276380615234375000e+02,8.276380615234375000e+02,8.276375732421875000e+02,-2.083781924581718817e+07
3.924999999999999822e+00,1.491205636721416039e-01,5.053584895268485866e-01,-1.370038526277948983e-02,-1.122321095285150339e-04,1.807497418001569045e-04,-7.894643566531273082e-07,9.166084527969360352e-01,5.224906921386718750e+00,-4.928984642028808594e+00,-1.491205636721416039e-01,-5.053584895268485866e-01,1.370038526277948983e-02,0.000000000000000000e+00,0.000000000000000000e+00,0.000000000000000000e+00,0.000000000000000000e+00,0.000000000000000000e+00,0.000000000000000000e+00,0.000000000000000000e+00,8.276376342773437500e+02,8.276380004882812500e+02,8.276380004882812500e+02,8.276376342773437500e+02,-2.083781952362903580e+07
3.926000000000000156e+00,1.490082042915838179e-01,5.055391552971566504e-01,-1.370155403716076005e-02,-1.123593805577860483e-04,1.806657703080638555e-04,-1.168774381270221152e-06,9.166136980056762695e-01,5.224928855895996094e+00,-4.929003238677978516e+00,-1.490082042915838179e-01,-5.055391552971566504e-01,1.370155403716076005e-02,0.000000000000000000e+00,0.000000000000000000e+00,0.000000000000000000e+00,0.000000000000000000e+00,0.000000000000000000e+00,0.000000000000000000e+00,0.000000000000000000e+00,8.276376953125000000e+02,8.276379394531250000e+02,8.276379394531250000e+02,8.276376953125000000e+02,-2.083781980159005150e+07
3.927000000000000046e+00,1.488957221267626085e-01,5.057198507031560597e-01,-1.370311619345886481e-02,-1.124821648212093184e-04,1.806954059994092532e-04,-1.562156298104758201e-06,9.166194200515747070e-01,5.224952220916748047e+00,-4.929022789001464844e+00,-1.488957221267626085e-01,-5.057198507031560597e-01,1.370311619345886481e-02,0.000000000000000000e+00,0.000000000000000000e+00,0.000000000000000000e+00,0.000000000000000000e+00,0.000000000000000000e+00,0.000000000000000000e+00,0.000000000000000000e+00,8.276378173828125000e+02,8.276378784179687500e+02,8.276378784179687500e+02,8.276378173828125000e+02,-2.083782007970033213e+07
3.927999999999999936e+00,1.487831350165148281e-01,5.059004388781868089e-01,-1.370508343950965074e-02,-1.125871102477804531e-04,1.805881750307491984e-04,-1.967246050785936839e-06,9.166243076324462891e-01,5.224970817565917969e+00,-4.929042816162109375e+00,-1.487831350165148281e-01,-5.059004388781868089e-01,1.370508343950965074e-02,0.000000000000000000e+00,0.000000000000000000e+00,0.000000000000000000e+00,0.000000000000000000e+00,0.000000000000000000e+00,0.000000000000000000e+00,0.000000000000000000e+00,8.276378784179687500e+02,8.276378173828125000e+02,8.276378173828125000e+02,8.276378784179687500e+02,-2.083782035795983672e+07
3.928999999999999826e+00,1.486704430214720596e-01,5.060810798997373849e-01,-1.370746432097701313e-02,-1.126919950427685002e-04,1.806410215505760419e-04,-2.380881467362386261e-06,9.166293144226074219e-01,5.224994182586669922e+00,-4.929061412811279297e+00,-1.486704430214720596e-01,-5.060810798997373849e-01,1.370746432097701313e-02,0.000000000000000000e+00,0.000000000000000000e+00,0.000000000000000000e+00,0.000000000000000000e+00,0.000000000000000000e+00,0.000000000000000000e+00,0.000000000000000000e+00,8.276379394531250000e+02,8.276377563476562500e+02,8.276377563476562500e+02,8.276379394531250000e+02,-2.083782063636869192e+07
3.930000000000000160e+00,1.485576728213743314e-01,5.062616136734926497e-01,-1.371026291625780658e-02,-1.127702000977282015e-04,1.805337737552648036e-04,-2.798595280793444995e-06,9.166344404220581055e-01,5.225016117095947266e+00,-4.929081916809082031e+00,-1.485576728213743314e-01,-5.062616136734926497e-01,1.371026291625780658e-02,0.000000000000000000e+00,0.000000000000000000e+00,0.000000000000000000e+00,0.000000000000000000e+00,0.000000000000000000e+00,0.000000000000000000e+00,0.000000000000000000e+00,8.276380004882812500e+02,8.276376953125000000e+02,8.276376953125000000e+02,8.276380004882812500e+02,-2.083782091492686793e+07
3.931000000000000050e+00,1.484448111032080075e-01,5.064421469237118112e-01,-1.371348180614636800e-02,-1.128617181663238433e-04,1.805332502191614452e-04,-3.218889888561421442e-06,9.166395664215087891e-01,5.225036621093750000e+00,-4.929100513458251953e+00,-1.484448111032080075e-01,-5.064421469237118112e-01,1.371348180614636800e-02,0.000000000000000000e+00,0.000000000000000000e+00,0.000000000000000000e+00,0.000000000000000000e+00,0.000000000000000000e+00,0.000000000000000000e+00,0.000000000000000000e+00,8.276380615234375000e+02,8.276375732421875000e+02,8.276375732421875000e+02,8.276380615234375000e+02,-2.083782119363443926e+07
3.931999999999999940e+00,1.483318978871802085e-01,5.066226796481669847e-01,-1.371712033339780000e-02,-1.129132160277990238e-04,1.805327244551735433e-04,-3.638527251432002729e-06,9.166448116302490234e-01,5.225058555603027344e+00,-4.929119110107421875e+00,-1.483318978871802085e-01,-5.066226796481669847e-01,1.371712033339780000e-02,0.000000000000000000e+00,0.000000000000000000e+00,0.000000000000000000e+00,0.000000000000000000e+00,0.000000000000000000e+00,0.000000000000000000e+00,0.000000000000000000e+00,8.276381225585937500e+02,8.276375122070312500e+02,8.276375122070312500e+02,8.276381225585937500e+02,-2.083782147249149159e+07
3.932999999999999829e+00,1.482189331458379777e-01,5.068031584922014776e-01,-1.372117342596578492e-02,-1.129647413422307789e-04,1.804788440344928802e-04,-4.053092567984917238e-06,9.166494607925415039e-01,5.225079059600830078e+00,-4.929138183593750000e+00,-1.482189331458379777e-01,-5.068031584922014776e-01,1.372117342596578492e-02,0.000000000000000000e+00,0.000000000000000000e+00,0.000000000000000000e+00,0.000000000000000000e+00,0.000000000000000000e+00,0.000000000000000000e+00,0.000000000000000000e+00,8.276381835937500000e+02,8.276374511718750000e+02,8.276374511718750000e+02,8.276381835937500000e+02,-2.083782175149805471e+07
3.934000000000000163e+00,1.481059301958755070e-01,5.069836368275963956e-01,-1.372563370778518040e-02,-1.130029499624707334e-04,1.804783353949179769e-04,-4.460281819395478520e-06,9.166549444198608398e-01,5.225101947784423828e+00,-4.929158210754394531e+00,-1.481059301958755070e-01,-5.069836368275963956e-01,1.372563370778518040e-02,0.000000000000000000e+00,0.000000000000000000e+00,0.000000000000000000e+00,0.000000000000000000e+00,0.000000000000000000e+00,0.000000000000000000e+00,0.000000000000000000e+00,8.276382446289062500e+02,8.276373901367187500e+02,8.276373901367187500e+02,8.276382446289062500e+02,-2.083782203065422177e+07
3.935000000000000053e+00,1.479929023318770354e-01,5.071641146680355705e-01,-1.373049039851373561e-02,-1.130278639984716449e-04,1.804778404391749191e-04,-4.856690728555212999e-06,9.166601896286010742e-01,5.225123882293701172e+00,-4.929177761077880859e+00,-1.479929023318770354e-01,-5.071641146680355705e-01,1.373049039851373561e-02,0.000000000000000000e+00,0.000000000000000000e+00,0.000000000000000000e+00,0.000000000000000000e+00,0.000000000000000000e+00,0.000000000000000000e+00,0.000000000000000000e+00,8.276383056640625000e+02,8.276373291015625000e+02,8.276373901367187500e+02,8.276383056640625000e+02,-2.083782230996008590e+07
3.935999999999999943e+00,1.478798540300474973e-01,5.073445617870985247e-01,-1.373573027060705914e-02,-1.130483018295380671e-04,1.804471190629541866e-04,-5.239872093323535984e-06,9.166649580001831055e-01,5.225143432617187500e+00,-4.929196834564208984e+00,-1.478798540300474973e-01,-5.073445617870985247e-01,1.373573027060705914e-02,0.000000000000000000e+00,0.000000000000000000e+00,0.000000000000000000e+00,0.000000000000000000e+00,0.000000000000000000e+00,0.000000000000000000e+00,0.000000000000000000e+00,8.276383666992187500e+02,8.276373291015625000e+02,8.276373291015625000e+02,8.276383666992187500e+02,-2.083782258941571042e+07
3.936999999999999833e+00,1.477668161802629943e-01,5.075249853171854841e-01,-1.374133819755268132e-02,-1.130378497845030417e-04,1.804235300869594383e-04,-5.607926945622176973e-06,9.166699647903442383e-01,5.225163459777832031e+00,-4.929215908050537109e+00,-1.477668161802629943e-01,-5.075249853171854841e-01,1.374133819755268132e-02,0.000000000000000000e+00,0.000000000000000000e+00,0.000000000000000000e+00,0.000000000000000000e+00,0.000000000000000000e+00,0.000000000000000000e+00,0.000000000000000000e+00,8.276384277343750000e+02,8.276372680664062500e+02,8.276372680664062500e+02,8.276384277343750000e+02,-2.083782286902117729e+07
3.938000000000000167e+00,1.476538065738269845e-01,5.077054617754115373e-01,-1.374729364516963717e-02,-1.130096064360097685e-04,1.804764582260531824e-04,-5.955447616955850121e-06,9.166749715805053711e-01,5.225184917449951172e+00,-4.929234027862548828e+00,-1.476538065738269845e-01,-5.077054617754115373e-01,1.374729364516963717e-02,0.000000000000000000e+00,0.000000000000000000e+00,0.000000000000000000e+00,0.000000000000000000e+00,0.000000000000000000e+00,0.000000000000000000e+00,0.000000000000000000e+00,8.276384277343750000e+02,8.276372070312500000e+02,8.276372070312500000e+02,8.276384277343750000e+02,-2.083782314877664670e+07
3.939000000000000057e+00,1.475408251126791304e-01,5.078859378272546632e-01,-1.375357569998413541e-02,-1.129814611478541231e-04,1.804760518431258731e-04,-6.282054814498241879e-06,9.166803359985351562e-01,5.225207805633544922e+00,-4.929254055023193359e+00,-1.475408251126791304e-01,-5.078859378272546632e-01,1.375357569998413541e-02,0.000000000000000000e+00,0.000000000000000000e+00,0.000000000000000000e+00,0.000000000000000000e+00,0.000000000000000000e+00,0.000000000000000000e+00,0.000000000000000000e+00,8.276384887695312500e+02,8.276371459960937500e+02,8.276371459960937500e+02,8.276384887695312500e+02,-2.083782342868222669e+07
3.939999999999999947e+00,1.474278983687334343e-01,5.080664135027957995e-01,-1.376015946683451993e-02,-1.129267439456960176e-04,1.804756755411363045e-04,-6.583766850384517588e-06,9.166848659515380859e-01,5.225227355957031250e+00,-4.929273128509521484e+00,-1.474278983687334343e-01,-5.080664135027957995e-01,1.376015946683451993e-02,0.000000000000000000e+00,0.000000000000000000e+00,0.000000000000000000e+00,0.000000000000000000e+00,0.000000000000000000e+00,0.000000000000000000e+00,0.000000000000000000e+00,8.276385498046875000e+02,8.276371459960937500e+02,8.276371459960937500e+02,8.276385498046875000e+02,-2.083782370873803273e+07
3.940999999999999837e+00,1.473150262323963122e-01,5.082469421995888803e-01,-1.376701833349241316e-02,-1.128721363371221198e-04,1.805286967930808117e-04,-6.858866657893231134e-06,9.166899919509887695e-01,5.225249290466308594e+00,-4.929291248321533203e+00,-1.473150262323963122e-01,-5.082469421995888803e-01,1.376701833349241316e-02,0.000000000000000000e+00,0.000000000000000000e+00,0.000000000000000000e+00,0.000000000000000000e+00,0.000000000000000000e+00,0.000000000000000000e+00,0.000000000000000000e+00,8.276385498046875000e+02,8.276370849609375000e+02,8.276370849609375000e+02,8.276385498046875000e+02,-2.083782398894423619e+07
3.942000000000000171e+00,1.472022219162050227e-01,5.084274705898622626e-01,-1.377412477565472838e-02,-1.128043161912894998e-04,1.805283902733822998e-04,-7.106442162315221300e-06,9.166954755783081055e-01,5.225270271301269531e+00,-4.929310321807861328e+00,-1.472022219162050227e-01,-5.084274705898622626e-01,1.377412477565472838e-02,0.000000000000000000e+00,0.000000000000000000e+00,0.000000000000000000e+00,0.000000000000000000e+00,0.000000000000000000e+00,0.000000000000000000e+00,0.000000000000000000e+00,8.276385498046875000e+02,8.276370849609375000e+02,8.276370849609375000e+02,8.276385498046875000e+02,-2.083782426930094883e+07
3.943000000000000060e+00,1.470894986213387157e-01,5.086079987134607405e-01,-1.378144716895409426e-02,-1.127232948663070555e-04,1.805281235984779187e-04,-7.322393299365875796e-06,9.167003631591796875e-01,5.225291252136230469e+00,-4.929330348968505859e+00,-1.470894986213387157e-01,-5.086079987134607405e-01,1.378144716895409426e-02,0.000000000000000000e+00,0.000000000000000000e+00,0.000000000000000000e+00,0.000000000000000000e+00,0.000000000000000000e+00,0.000000000000000000e+00,0.000000000000000000e+00,8.276386108398437500e+02,8.276370849609375000e+02,8.276370849609375000e+02,8.276386108398437500e+02,-2.083782454980829358e+07
3.943999999999999950e+00,1.469768828967514818e-01,5.087885799709579437e-01,-1.378895401686757588e-02,-1.126157245872339008e-04,1.805812574972032181e-04,-7.506847913481620727e-06,9.167053699493408203e-01,5.225312709808349609e+00,-4.929349422454833984e+00,-1.469768828967514818e-01,-5.087885799709579437e-01,1.378895401686757588e-02,0.000000000000000000e+00,0.000000000000000000e+00,0.000000000000000000e+00,0.000000000000000000e+00,0.000000000000000000e+00,0.000000000000000000e+00,0.000000000000000000e+00,8.276386108398437500e+02,8.276370239257812500e+02,8.276370239257812500e+02,8.276386108398437500e+02,-2.083782483046645299e+07
3.944999999999999840e+00,1.468643745951881407e-01,5.089692144056083833e-01,-1.379661196826433879e-02,-1.125083015633410177e-04,1.806344346504396015e-04,-7.657951396762910368e-06,9.167103767395019531e-01,5.225333690643310547e+00,-4.929367542266845703e+00,-1.468643745951881407e-01,-5.089692144056083833e-01,1.379661196826433879e-02,0.000000000000000000e+00,0.000000000000000000e+00,0.000000000000000000e+00,0.000000000000000000e+00,0.000000000000000000e+00,0.000000000000000000e+00,0.000000000000000000e+00,8.276386108398437500e+02,8.276370239257812500e+02,8.276370239257812500e+02,8.276386108398437500e+02,-2.083782511127560586e+07
3.946000000000000174e+00,1.467519735654786439e-01,5.091499020616022664e-01,-1.380438683822274998e-02,-1.124010297094968358e-04,1.806876559938830340e-04,-7.774869958411187443e-06,9.167152643203735352e-01,5.225354194641113281e+00,-4.929387569427490234e+00,-1.467519735654786439e-01,-5.091499020616022664e-01,1.380438683822274998e-02,0.000000000000000000e+00,0.000000000000000000e+00,0.000000000000000000e+00,0.000000000000000000e+00,0.000000000000000000e+00,0.000000000000000000e+00,0.000000000000000000e+00,8.276386108398437500e+02,8.276370239257812500e+02,8.276370239257812500e+02,8.276386108398437500e+02,-2.083782539223593101e+07
3.947000000000000064e+00,1.466396975820843107e-01,5.093305592601422571e-01,-1.381224120623219392e-02,-1.122759833943332008e-04,1.806571985399907376e-04,-7.854368009443946086e-06,9.167203903198242188e-01,5.225374698638916016e+00,-4.929405689239501953e+00,-1.466396975820843107e-01,-5.093305592601422571e-01,1.381224120623219392e-02,0.000000000000000000e+00,0.000000000000000000e+00,0.000000000000000000e+00,0.000000000000000000e+00,0.000000000000000000e+00,0.000000000000000000e+00,0.000000000000000000e+00,8.276386108398437500e+02,8.276370239257812500e+02,8.276370239257812500e+02,8.276386108398437500e+02,-2.083782567334752902e+07
3.947999999999999954e+00,1.465275639776618677e-01,5.095113001190082480e-01,-1.382014169058656122e-02,-1.121336044224430228e-04,1.807408588659908943e-04,-7.900484354367298678e-06,9.167253971099853516e-01,5.225396156311035156e+00,-4.929424762725830078e+00,-1.465275639776618677e-01,-5.095113001190082480e-01,1.382014169058656122e-02,0.000000000000000000e+00,0.000000000000000000e+00,0.000000000000000000e+00,0.000000000000000000e+00,0.000000000000000000e+00,0.000000000000000000e+00,0.000000000000000000e+00,8.276386108398437500e+02,8.276370849609375000e+02,8.276370849609375000e+02,8.276386108398437500e+02,-2.083782595461061597e+07
3.948999999999999844e+00,1.464155771788762384e-01,5.096920409714149613e-01,-1.382805081222854282e-02,-1.119867987856293379e-04,1.807408524067133371e-04,-7.909121641981597950e-06,9.167304039001464844e-01,5.225418090820312500e+00,-4.929442882537841797e+00,-1.464155771788762384e-01,-5.096920409714149613e-01,1.382805081222854282e-02,0.000000000000000000e+00,0.000000000000000000e+00,0.000000000000000000e+00,0.000000000000000000e+00,0.000000000000000000e+00,0.000000000000000000e+00,0.000000000000000000e+00,8.276386108398437500e+02,8.276370849609375000e+02,8.276370849609375000e+02,8.276386108398437500e+02,-2.083782623602532968e+07
3.950000000000000178e+00,1.463037370372356760e-01,5.098728885889634022e-01,-1.383593202163909200e-02,-1.118401416405623294e-04,1.808476175484408088e-04,-7.881209410549178118e-06,9.167351722717285156e-01,5.225440025329589844e+00,-4.929463863372802734e+00,-1.463037370372356760e-01,-5.098728885889634022e-01,1.383593202163909200e-02,0.000000000000000000e+00,0.000000000000000000e+00,0.000000000000000000e+00,0.000000000000000000e+00,0.000000000000000000e+00,0.000000000000000000e+00,0.000000000000000000e+00,8.276385498046875000e+02,8.276370849609375000e+02,8.276370849609375000e+02,8.276385498046875000e+02,-2.083782651759190857e+07
3.951000000000000068e+00,1.461920433819756671e-01,5.100537896559389495e-01,-1.384374856438737311e-02,-1.116936552600089616e-04,1.809010669755473089e-04,-7.816542748281113395e-06,9.167402982711791992e-01,5.225460529327392578e+00,-4.929481506347656250e+00,-1.461920433819756671e-01,-5.100537896559389495e-01,1.384374856438737311e-02,0.000000000000000000e+00,0.000000000000000000e+00,0.000000000000000000e+00,0.000000000000000000e+00,0.000000000000000000e+00,0.000000000000000000e+00,0.000000000000000000e+00,8.276385498046875000e+02,8.276371459960937500e+02,8.276371459960937500e+02,8.276385498046875000e+02,-2.083782679931053892e+07
3.951999999999999957e+00,1.460805227270844109e-01,5.102346908523425206e-01,-1.385146463884076064e-02,-1.115206548912561768e-04,1.809011964035711628e-04,-7.716074453387525289e-06,9.167455434799194336e-01,5.225481986999511719e+00,-4.929501056671142578e+00,-1.460805227270844109e-01,-5.102346908523425206e-01,1.385146463884076064e-02,0.000000000000000000e+00,0.000000000000000000e+00,0.000000000000000000e+00,0.000000000000000000e+00,0.000000000000000000e+00,0.000000000000000000e+00,0.000000000000000000e+00,8.276384887695312500e+02,8.276371459960937500e+02,8.276371459960937500e+02,8.276384887695312500e+02,-2.083782708118136227e+07
3.952999999999999847e+00,1.459691482532566864e-01,5.104156989492434349e-01,-1.385904607779745584e-02,-1.113744738277244739e-04,1.810080969009142393e-04,-7.581438956695205067e-06,9.167505502700805664e-01,5.225502967834472656e+00,-4.929520606994628906e+00,-1.459691482532566864e-01,-5.104156989492434349e-01,1.385904607779745584e-02,0.000000000000000000e+00,0.000000000000000000e+00,0.000000000000000000e+00,0.000000000000000000e+00,0.000000000000000000e+00,0.000000000000000000e+00,0.000000000000000000e+00,8.276384887695312500e+02,8.276372070312500000e+02,8.276372070312500000e+02,8.276384887695312500e+02,-2.083782736320461333e+07
3.954000000000000181e+00,1.458579331371118171e-01,5.105967606268456693e-01,-1.386645785399223847e-02,-1.112151161448693415e-04,1.810616776022344609e-04,-7.411776194782629390e-06,9.167555570602416992e-01,5.225524902343750000e+00,-4.929539680480957031e+00,-1.458579331371118171e-01,-5.105967606268456693e-01,1.386645785399223847e-02,0.000000000000000000e+00,0.000000000000000000e+00,0.000000000000000000e+00,0.000000000000000000e+00,0.000000000000000000e+00,0.000000000000000000e+00,0.000000000000000000e+00,8.276384277343750000e+02,8.276372680664062500e+02,8.276372680664062500e+02,8.276384277343750000e+02,-2.083782764538048208e+07
3.955000000000000071e+00,1.457468905699026984e-01,5.107778225609688194e-01,-1.387366827559778810e-02,-1.110425672091186478e-04,1.810619341231500812e-04,-7.210421605549632851e-06,9.167609214782714844e-01,5.225545883178710938e+00,-4.929558277130126953e+00,-1.457468905699026984e-01,-5.107778225609688194e-01,1.387366827559778810e-02,0.000000000000000000e+00,0.000000000000000000e+00,0.000000000000000000e+00,0.000000000000000000e+00,0.000000000000000000e+00,0.000000000000000000e+00,0.000000000000000000e+00,8.276383666992187500e+02,8.276372680664062500e+02,8.276372680664062500e+02,8.276383666992187500e+02,-2.083782792770910263e+07
3.955999999999999961e+00,1.456360070797790840e-01,5.109589915186483200e-01,-1.388064490202799671e-02,-1.108834901236144255e-04,1.811689576795005863e-04,-6.976626430208604512e-06,9.167656898498535156e-01,5.225565910339355469e+00,-4.929577350616455078e+00,-1.456360070797790840e-01,-5.109589915186483200e-01,1.388064490202799671e-02,0.000000000000000000e+00,0.000000000000000000e+00,0.000000000000000000e+00,0.000000000000000000e+00,0.000000000000000000e+00,0.000000000000000000e+00,0.000000000000000000e+00,8.276383056640625000e+02,8.276373291015625000e+02,8.276373291015625000e+02,8.276383056640625000e+02,-2.083782821019071341e+07
3.956999999999999851e+00,1.455252738575869009e-01,5.111401837053575203e-01,-1.388735769421075433e-02,-1.107332221921830673e-04,1.811921867092003424e-04,-6.712792182757623682e-06,9.167705774307250977e-01,5.225587844848632812e+00,-4.929595947265625000e+00,-1.455252738575869009e-01,-5.111401837053575203e-01,1.388735769421075433e-02,0.000000000000000000e+00,0.000000000000000000e+00,0.000000000000000000e+00,0.000000000000000000e+00,0.000000000000000000e+00,0.000000000000000000e+00,0.000000000000000000e+00,8.276382446289062500e+02,8.276373901367187500e+02,8.276373901367187500e+02,8.276382446289062500e+02,-2.083782849282546341e+07
3.958000000000000185e+00,1.454147081232866068e-01,5.113214067178802891e-01,-1.389378148149042654e-02,-1.105657343002941495e-04,1.812230125227687338e-04,-6.423787279672202311e-06,9.167758226394653320e-01,5.225609779357910156e+00,-4.929617404937744141e+00,-1.454147081232866068e-01,-5.113214067178802891e-01,1.389378148149042654e-02,0.000000000000000000e+00,0.000000000000000000e+00,0.000000000000000000e+00,0.000000000000000000e+00,0.000000000000000000e+00,0.000000000000000000e+00,0.000000000000000000e+00,8.276381835937500000e+02,8.276374511718750000e+02,8.276374511718750000e+02,8.276381835937500000e+02,-2.083782877561352029e+07
3.959000000000000075e+00,1.453042877534002630e-01,5.115027368578529687e-01,-1.389988887068409687e-02,-1.104203698863437388e-04,1.813301399726796603e-04,-6.107389193670334504e-06,9.167809486389160156e-01,5.225629806518554688e+00,-4.929635047912597656e+00,-1.453042877534002630e-01,-5.115027368578529687e-01,1.389988887068409687e-02,0.000000000000000000e+00,0.000000000000000000e+00,0.000000000000000000e+00,0.000000000000000000e+00,0.000000000000000000e+00,0.000000000000000000e+00,0.000000000000000000e+00,8.276381225585937500e+02,8.276375122070312500e+02,8.276375122070312500e+02,8.276381225585937500e+02,-2.083782905855511129e+07
3.959999999999999964e+00,1.451940126348781890e-01,5.116840674269913514e-01,-1.390565804827596265e-02,-1.102751185220740560e-04,1.813305691383826357e-04,-5.769177591865778942e-06,9.167859554290771484e-01,5.225652694702148438e+00,-4.929653644561767578e+00,-1.451940126348781890e-01,-5.116840674269913514e-01,1.390565804827596265e-02,0.000000000000000000e+00,0.000000000000000000e+00,0.000000000000000000e+00,0.000000000000000000e+00,0.000000000000000000e+00,0.000000000000000000e+00,0.000000000000000000e+00,8.276380615234375000e+02,8.276375732421875000e+02,8.276375732421875000e+02,8.276380615234375000e+02,-2.083782934165036306e+07
3.960999999999999854e+00,1.450838826729402564e-01,5.118654518151937172e-01,-1.391106657031695656e-02,-1.101299619379325634e-04,1.813843882023657983e-04,-5.408522040993915536e-06,9.167910814285278320e-01,5.225674629211425781e+00,-4.929674625396728516e+00,-1.450838826729402564e-01,-5.118654518151937172e-01,1.391106657031695656e-02,0.000000000000000000e+00,0.000000000000000000e+00,0.000000000000000000e+00,0.000000000000000000e+00,0.000000000000000000e+00,0.000000000000000000e+00,0.000000000000000000e+00,8.276380004882812500e+02,8.276376342773437500e+02,8.276376342773437500e+02,8.276380004882812500e+02,-2.083782962489945441e+07
3.962000000000000188e+00,1.449738844655597547e-01,5.120469434043352086e-01,-1.391609943712538572e-02,-1.099982073805017002e-04,1.814915891414914384e-04,-5.032866808429153904e-06,9.167962074279785156e-01,5.225696086883544922e+00,-4.929693698883056641e+00,-1.449738844655597547e-01,-5.120469434043352086e-01,1.391609943712538572e-02,0.000000000000000000e+00,0.000000000000000000e+00,0.000000000000000000e+00,0.000000000000000000e+00,0.000000000000000000e+00,0.000000000000000000e+00,0.000000000000000000e+00,8.276379394531250000e+02,8.276376953125000000e+02,8.276376953125000000e+02,8.276379394531250000e+02,-2.083782990830261260e+07
3.963000000000000078e+00,1.448640045772768559e-01,5.122284354921763372e-01,-1.392073894472677098e-02,-1.098798882828988521e-04,1.814920878411285798e-04,-4.639507601385262081e-06,9.168016910552978516e-01,5.225717067718505859e+00,-4.929713726043701172e+00,-1.448640045772768559e-01,-5.122284354921763372e-01,1.392073894472677098e-02,0.000000000000000000e+00,0.000000000000000000e+00,0.000000000000000000e+00,0.000000000000000000e+00,0.000000000000000000e+00,0.000000000000000000e+00,0.000000000000000000e+00,8.276378784179687500e+02,8.276377563476562500e+02,8.276377563476562500e+02,8.276378784179687500e+02,-2.083783019185994938e+07
3.963999999999999968e+00,1.447542429577554635e-01,5.124099280912578491e-01,-1.392497425441820667e-02,-1.097616195213924062e-04,1.814925990815119405e-04,-4.235309691435693025e-06,9.168068170547485352e-01,5.225738048553466797e+00,-4.929733753204345703e+00,-1.447542429577554635e-01,-5.124099280912578491e-01,1.392497425441820667e-02,0.000000000000000000e+00,0.000000000000000000e+00,0.000000000000000000e+00,0.000000000000000000e+00,0.000000000000000000e+00,0.000000000000000000e+00,0.000000000000000000e+00,8.276378173828125000e+02,8.276378784179687500e+02,8.276378784179687500e+02,8.276378173828125000e+02,-2.083783047557158023e+07
3.964999999999999858e+00,1.446445729012695580e-01,5.125915279388425505e-01,-1.392879704439218581e-02,-1.096700564859054428e-04,1.815998475847013793e-04,-3.822789973979140443e-06,9.168119430541992188e-01,5.225760936737060547e+00,-4.929752349853515625e+00,-1.446445729012695580e-01,-5.125915279388425505e-01,1.392879704439218581e-02,0.000000000000000000e+00,0.000000000000000000e+00,0.000000000000000000e+00,0.000000000000000000e+00,0.000000000000000000e+00,0.000000000000000000e+00,0.000000000000000000e+00,8.276377563476562500e+02,8.276379394531250000e+02,8.276379394531250000e+02,8.276377563476562500e+02,-2.083783075943771750e+07
3.966000000000000192e+00,1.445350076981508358e-01,5.127731283168318610e-01,-1.393219973557379386e-02,-1.095652031187221986e-04,1.816003779893105019e-04,-3.402691181608047399e-06,9.168174266815185547e-01,5.225783824920654297e+00,-4.929772853851318359e+00,-1.445350076981508358e-01,-5.127731283168318610e-01,1.393219973557379386e-02,0.000000000000000000e+00,0.000000000000000000e+00,0.000000000000000000e+00,0.000000000000000000e+00,0.000000000000000000e+00,0.000000000000000000e+00,0.000000000000000000e+00,8.276376953125000000e+02,8.276380004882812500e+02,8.276380004882812500e+02,8.276376953125000000e+02,-2.083783104345847294e+07
3.967000000000000082e+00,1.444254987157921610e-01,5.129546986530743036e-01,-1.393518052339721806e-02,-1.095089823586747890e-04,1.815703362424425649e-04,-2.980787823424202454e-06,9.168224334716796875e-01,5.225805282592773438e+00,-4.929791927337646484e+00,-1.444254987157921610e-01,-5.129546986530743036e-01,1.393518052339721806e-02,0.000000000000000000e+00,0.000000000000000000e+00,0.000000000000000000e+00,0.000000000000000000e+00,0.000000000000000000e+00,0.000000000000000000e+00,0.000000000000000000e+00,8.276376342773437500e+02,8.276380615234375000e+02,8.276380615234375000e+02,8.276376342773437500e+02,-2.083783132763390988e+07
3.967999999999999972e+00,1.443160765129061218e-01,5.131363534507079605e-01,-1.393774028540022830e-02,-1.094222028860392104e-04,1.816547976336568837e-04,-2.559762003010238041e-06,9.168276786804199219e-01,5.225827217102050781e+00,-4.929811477661132812e+00,-1.443160765129061218e-01,-5.131363534507079605e-01,1.393774028540022830e-02,0.000000000000000000e+00,0.000000000000000000e+00,0.000000000000000000e+00,0.000000000000000000e+00,0.000000000000000000e+00,0.000000000000000000e+00,0.000000000000000000e+00,8.276375732421875000e+02,8.276381225585937500e+02,8.276381225585937500e+02,8.276375122070312500e+02,-2.083783161196421832e+07
3.968999999999999861e+00,1.442067058022746262e-01,5.133180087792048596e-01,-1.393988137826412607e-02,-1.093707106314956157e-04,1.816553284968991377e-04,-2.141092863897769982e-06,9.168331623077392578e-01,5.225849628448486328e+00,-4.929831981658935547e+00,-1.442067058022746262e-01,-5.133180087792048596e-01,1.393988137826412607e-02,0.000000000000000000e+00,0.000000000000000000e+00,0.000000000000000000e+00,0.000000000000000000e+00,0.000000000000000000e+00,0.000000000000000000e+00,0.000000000000000000e+00,8.276375122070312500e+02,8.276381835937500000e+02,8.276381835937500000e+02,8.276374511718750000e+02,-2.083783189644949138e+07
3.970000000000000195e+00,1.440973732822830866e-01,5.134997179918971977e-01,-1.394161131370359047e-02,-1.093325199915395896e-04,1.817092126923380846e-04,-1.729935439464397318e-06,9.168381690979003906e-01,5.225871086120605469e+00,-4.929852008819580078e+00,-1.440973732822830866e-01,-5.134997179918971977e-01,1.394161131370359047e-02,0.000000000000000000e+00,0.000000000000000000e+00,0.000000000000000000e+00,0.000000000000000000e+00,0.000000000000000000e+00,0.000000000000000000e+00,0.000000000000000000e+00,8.276374511718750000e+02,8.276382446289062500e+02,8.276382446289062500e+02,8.276373901367187500e+02,-2.083783218108987436e+07
3.971000000000000085e+00,1.439880656403937642e-01,5.136813743517564257e-01,-1.394293990309255875e-02,-1.093076418893224044e-04,1.816563598592280115e-04,-1.328589388968279272e-06,9.168431758880615234e-01,5.225893497467041016e+00,-4.929871082305908203e+00,-1.439880656403937642e-01,-5.136813743517564257e-01,1.394293990309255875e-02,0.000000000000000000e+00,0.000000000000000000e+00,0.000000000000000000e+00,0.000000000000000000e+00,0.000000000000000000e+00,0.000000000000000000e+00,0.000000000000000000e+00,8.276373901367187500e+02,8.276383056640625000e+02,8.276383056640625000e+02,8.276373901367187500e+02,-2.083783246588539705e+07
3.971999999999999975e+00,1.438787696011865624e-01,5.138630845693692439e-01,-1.394387889405657860e-02,-1.092960392072017672e-04,1.817102176128182478e-04,-9.389909640198507157e-07,9.168485403060913086e-01,5.225915431976318359e+00,-4.929891109466552734e+00,-1.438787696011865624e-01,-5.138630845693692439e-01,1.394387889405657860e-02,0.000000000000000000e+00,0.000000000000000000e+00,0.000000000000000000e+00,0.000000000000000000e+00,0.000000000000000000e+00,0.000000000000000000e+00,0.000000000000000000e+00,8.276373291015625000e+02,8.276383666992187500e+02,8.276383666992187500e+02,8.276373291015625000e+02,-2.083783275083619729e+07
3.972999999999999865e+00,1.437694718933132665e-01,5.140447952607956061e-01,-1.394444566913422869e-02,-1.092977078732959573e-04,1.817106914263622031e-04,-5.667750776500862786e-07,9.168543815612792969e-01,5.225938320159912109e+00,-4.929912090301513672e+00,-1.437694718933132665e-01,-5.140447952607956061e-01,1.394444566913422869e-02,0.000000000000000000e+00,0.000000000000000000e+00,0.000000000000000000e+00,0.000000000000000000e+00,0.000000000000000000e+00,0.000000000000000000e+00,0.000000000000000000e+00,8.276372680664062500e+02,8.276384277343750000e+02,8.276384277343750000e+02,8.276372680664062500e+02,-2.083783303594235703e+07
3.974000000000000199e+00,1.436601725898360438e-01,5.142265064040763001e-01,-1.394465690405144453e-02,-1.092993034772227201e-04,1.817111432806939320e-04,-2.112349172158495270e-07,9.168592691421508789e-01,5.225958347320556641e+00,-4.929930686950683594e+00,-1.436601725898360438e-01,-5.142265064040763001e-01,1.394465690405144453e-02,0.000000000000000000e+00,0.000000000000000000e+00,0.000000000000000000e+00,0.000000000000000000e+00,0.000000000000000000e+00,0.000000000000000000e+00,0.000000000000000000e+00,8.276372070312500000e+02,8.276384277343750000e+02,8.276384277343750000e+02,8.276372070312500000e+02,-2.083783332120395452e+07
3.975000000000000089e+00,1.435508317681800927e-01,5.144082179746524153e-01,-1.394453493138381531e-02,-1.093408216559510482e-04,1.817115705761152000e-04,1.219726676292276490e-07,9.168645143508911133e-01,5.225981712341308594e+00,-4.929951190948486328e+00,-1.435508317681800927e-01,-5.144082179746524153e-01,1.394453493138381531e-02,0.000000000000000000e+00,0.000000000000000000e+00,0.000000000000000000e+00,0.000000000000000000e+00,0.000000000000000000e+00,0.000000000000000000e+00,0.000000000000000000e+00,8.276371459960937500e+02,8.276384887695312500e+02,8.276384887695312500e+02,8.276371459960937500e+02,-2.083783360662106052e+07
3.975999999999999979e+00,1.434414495204613393e-01,5.145898765809794329e-01,-1.394410219630206130e-02,-1.093822477187533782e-04,1.816586063270175799e-04,4.327350817540098760e-07,9.168697595596313477e-01,5.226002216339111328e+00,-4.929970741271972656e+00,-1.434414495204613393e-01,-5.145898765809794329e-01,1.394410219630206130e-02,0.000000000000000000e+00,0.000000000000000000e+00,0.000000000000000000e+00,0.000000000000000000e+00,0.000000000000000000e+00,0.000000000000000000e+00,0.000000000000000000e+00,8.276371459960937500e+02,8.276385498046875000e+02,8.276385498046875000e+02,8.276371459960937500e+02,-2.083783389219368994e+07
3.976999999999999869e+00,1.433320040920569027e-01,5.147715048678593863e-01,-1.394338459412347575e-02,-1.094454284044366066e-04,1.816282868799534711e-04,7.176021785855468682e-07,9.168756008148193359e-01,5.226025581359863281e+00,-4.929990291595458984e+00,-1.433320040920569027e-01,-5.147715048678593863e-01,1.394338459412347575e-02,0.000000000000000000e+00,0.000000000000000000e+00,0.000000000000000000e+00,0.000000000000000000e+00,0.000000000000000000e+00,0.000000000000000000e+00,0.000000000000000000e+00,8.276370849609375000e+02,8.276385498046875000e+02,8.276385498046875000e+02,8.276370849609375000e+02,-2.083783417792187259e+07
3.978000000000000203e+00,1.432224860137399636e-01,5.149531641611819754e-01,-1.394241193896887318e-02,-1.095180783169391603e-04,1.816592933225891215e-04,9.726551546025696826e-07,9.168806076049804688e-01,5.226049900054931641e+00,-4.930011272430419922e+00,-1.432224860137399636e-01,-5.149531641611819754e-01,1.394241193896887318e-02,0.000000000000000000e+00,0.000000000000000000e+00,0.000000000000000000e+00,0.000000000000000000e+00,0.000000000000000000e+00,0.000000000000000000e+00,0.000000000000000000e+00,8.276370849609375000e+02,8.276385498046875000e+02,8.276386108398437500e+02,8.276370849609375000e+02,-2.083783446380570531e+07
3.979000000000000092e+00,1.431129002062122846e-01,5.151347703846727022e-01,-1.394121344728184268e-02,-1.095858075276789911e-04,1.816062234907267481e-04,1.198491687030497910e-06,9.168859720230102539e-01,5.226070880889892578e+00,-4.930031299591064453e+00,-1.431129002062122846e-01,-5.151347703846727022e-01,1.394121344728184268e-02,0.000000000000000000e+00,0.000000000000000000e+00,0.000000000000000000e+00,0.000000000000000000e+00,0.000000000000000000e+00,0.000000000000000000e+00,0.000000000000000000e+00,8.276370849609375000e+02,8.276386108398437500e+02,8.276386108398437500e+02,8.276370849609375000e+02,-2.083783474984519556e+07
3.979999999999999982e+00,1.430032201332281372e-01,5.153163768647244236e-01,-1.393981991572494118e-02,-1.096800729841473920e-04,1.816064800517214195e-04,1.393531556901500545e-06,9.168912172317504883e-01,5.226092815399169922e+00,-4.930050849914550781e+00,-1.430032201332281372e-01,-5.153163768647244236e-01,1.393981991572494118e-02,0.000000000000000000e+00,0.000000000000000000e+00,0.000000000000000000e+00,0.000000000000000000e+00,0.000000000000000000e+00,0.000000000000000000e+00,0.000000000000000000e+00,8.276370239257812500e+02,8.276386108398437500e+02,8.276386108398437500e+02,8.276370239257812500e+02,-2.083783503604040295e+07
3.980999999999999872e+00,1.428934325996061572e-01,5.154979301972854033e-01,-1.393826540249994313e-02,-1.097875336219800158e-04,1.815533325609797188e-04,1.554513224998055332e-06,9.168964624404907227e-01,5.226114749908447266e+00,-4.930071353912353516e+00,-1.428934325996061572e-01,-5.154979301972854033e-01,1.393826540249994313e-02,0.000000000000000000e+00,0.000000000000000000e+00,0.000000000000000000e+00,0.000000000000000000e+00,0.000000000000000000e+00,0.000000000000000000e+00,0.000000000000000000e+00,8.276370239257812500e+02,8.276386108398437500e+02,8.276386108398437500e+02,8.276370239257812500e+02,-2.083783532239132747e+07
3.982000000000000206e+00,1.427835244251605407e-01,5.156794837032925294e-01,-1.393658409908934970e-02,-1.099081744456165133e-04,1.815535060071260531e-04,1.681303410593429359e-06,9.169018268585205078e-01,5.226138114929199219e+00,-4.930092334747314453e+00,-1.427835244251605407e-01,-5.156794837032925294e-01,1.393658409908934970e-02,0.000000000000000000e+00,0.000000000000000000e+00,0.000000000000000000e+00,0.000000000000000000e+00,0.000000000000000000e+00,0.000000000000000000e+00,0.000000000000000000e+00,8.276370239257812500e+02,8.276386108398437500e+02,8.276386108398437500e+02,8.276370239257812500e+02,-2.083783560889802128e+07
3.983000000000000096e+00,1.426734957521604008e-01,5.158609306139311235e-01,-1.393481089095535350e-02,-1.100286730001398539e-04,1.814469106385940833e-04,1.773208133996201363e-06,9.169074296951293945e-01,5.226160526275634766e+00,-4.930112361907958984e+00,-1.426734957521604008e-01,-5.158609306139311235e-01,1.393481089095535350e-02,0.000000000000000000e+00,0.000000000000000000e+00,0.000000000000000000e+00,0.000000000000000000e+00,0.000000000000000000e+00,0.000000000000000000e+00,0.000000000000000000e+00,8.276370239257812500e+02,8.276386108398437500e+02,8.276386108398437500e+02,8.276370239257812500e+02,-2.083783589556042477e+07
3.983999999999999986e+00,1.425633334157522525e-01,5.160423776107607718e-01,-1.393298170358652638e-02,-1.101623364081483203e-04,1.814469968296483771e-04,1.829187368827117632e-06,9.169126749038696289e-01,5.226181983947753906e+00,-4.930131435394287109e+00,-1.425633334157522525e-01,-5.160423776107607718e-01,1.393298170358652638e-02,0.000000000000000000e+00,0.000000000000000000e+00,0.000000000000000000e+00,0.000000000000000000e+00,0.000000000000000000e+00,0.000000000000000000e+00,0.000000000000000000e+00,8.276370239257812500e+02,8.276386108398437500e+02,8.276386108398437500e+02,8.276370239257812500e+02,-2.083783618237859383e+07
3.984999999999999876e+00,1.424530375773097879e-01,5.162237712845592075e-01,-1.393113399038416016e-02,-1.102958384424645999e-04,1.813936737984356284e-04,1.847713202366221830e-06,9.169179201126098633e-01,5.226204872131347656e+00,-4.930150985717773438e+00,-1.424530375773097879e-01,-5.162237712845592075e-01,1.393113399038416016e-02,0.000000000000000000e+00,0.000000000000000000e+00,0.000000000000000000e+00,0.000000000000000000e+00,0.000000000000000000e+00,0.000000000000000000e+00,0.000000000000000000e+00,8.276370849609375000e+02,8.276386108398437500e+02,8.276386108398437500e+02,8.276370849609375000e+02,-2.083783646935252100e+07
3.986000000000000210e+00,1.423425817168830487e-01,5.164051649583547565e-01,-1.392930188230988471e-02,-1.104558604267391608e-04,1.813936737955490486e-04,1.832108074275445864e-06,9.169231653213500977e-01,5.226226806640625000e+00,-4.930171489715576172e+00,-1.423425817168830487e-01,-5.164051649583547565e-01,1.392930188230988471e-02,0.000000000000000000e+00,0.000000000000000000e+00,0.000000000000000000e+00,0.000000000000000000e+00,0.000000000000000000e+00,0.000000000000000000e+00,0.000000000000000000e+00,8.276370849609375000e+02,8.276385498046875000e+02,8.276385498046875000e+02,8.276370849609375000e+02,-2.083783675648225099e+07
3.987000000000000099e+00,1.422319708629190549e-01,5.165864210640406240e-01,-1.392752370219671118e-02,-1.106108539639938382e-04,1.812561056858674746e-04,1.778180113173530308e-06,9.169285297393798828e-01,5.226250648498535156e+00,-4.930192470550537109e+00,-1.422319708629190549e-01,-5.165864210640406240e-01,1.392752370219671118e-02,0.000000000000000000e+00,0.000000000000000000e+00,0.000000000000000000e+00,0.000000000000000000e+00,0.000000000000000000e+00,0.000000000000000000e+00,0.000000000000000000e+00,8.276370849609375000e+02,8.276385498046875000e+02,8.276385498046875000e+02,8.276370849609375000e+02,-2.083783704376769066e+07
3.987999999999999989e+00,1.421212221321757063e-01,5.167676544972346075e-01,-1.392583528523175587e-02,-1.107487307433485668e-04,1.812334331939835508e-04,1.688416964955308242e-06,9.169338941574096680e-01,5.226272106170654297e+00,-4.930210590362548828e+00,-1.421212221321757063e-01,-5.167676544972346075e-01,1.392583528523175587e-02,0.000000000000000000e+00,0.000000000000000000e+00,0.000000000000000000e+00,0.000000000000000000e+00,0.000000000000000000e+00,0.000000000000000000e+00,0.000000000000000000e+00,8.276371459960937500e+02,8.276384887695312500e+02,8.276385498046875000e+02,8.276371459960937500e+02,-2.083783733120886981e+07
3.988999999999999879e+00,1.420103005209857050e-01,5.169488344356042431e-01,-1.392427073757304505e-02,-1.109216111900013235e-04,1.811799383696355292e-04,1.564547658710821465e-06,9.169392585754394531e-01,5.226294517517089844e+00,-4.930231094360351562e+00,-1.420103005209857050e-01,-5.169488344356042431e-01,1.392427073757304505e-02,0.000000000000000000e+00,0.000000000000000000e+00,0.000000000000000000e+00,0.000000000000000000e+00,0.000000000000000000e+00,0.000000000000000000e+00,0.000000000000000000e+00,8.276372070312500000e+02,8.276384887695312500e+02,8.276384887695312500e+02,8.276372070312500000e+02,-2.083783761880577728e+07
3.990000000000000213e+00,1.418992195397621725e-01,5.171300141960221142e-01,-1.392286603782741383e-02,-1.110809812235324934e-04,1.811797604178710941e-04,1.404699745631218799e-06,9.169445037841796875e-01,5.226315975189208984e+00,-4.930252552032470703e+00,-1.418992195397621725e-01,-5.171300141960221142e-01,1.392286603782741383e-02,0.000000000000000000e+00,0.000000000000000000e+00,0.000000000000000000e+00,0.000000000000000000e+00,0.000000000000000000e+00,0.000000000000000000e+00,0.000000000000000000e+00,8.276372070312500000e+02,8.276384277343750000e+02,8.276384277343750000e+02,8.276372070312500000e+02,-2.083783790655846521e+07
3.991000000000000103e+00,1.417879793213021045e-01,5.173110870138502015e-01,-1.392165357075866514e-02,-1.112402184600680410e-04,1.810728178280873735e-04,1.212467068748696031e-06,9.169498682022094727e-01,5.226337909698486328e+00,-4.930270195007324219e+00,-1.417879793213021045e-01,-5.173110870138502015e-01,1.392165357075866514e-02,0.000000000000000000e+00,0.000000000000000000e+00,0.000000000000000000e+00,0.000000000000000000e+00,0.000000000000000000e+00,0.000000000000000000e+00,0.000000000000000000e+00,8.276372680664062500e+02,8.276383666992187500e+02,8.276383666992187500e+02,8.276372680664062500e+02,-2.083783819446687028e+07
3.991999999999999993e+00,1.416765800169784983e-01,5.174921062129294036e-01,-1.392066508595029249e-02,-1.113993043236061187e-04,1.810191990792020533e-04,9.884848083726444079e-07,9.169551134109497070e-01,5.226360321044921875e+00,-4.930291652679443359e+00,-1.416765800169784983e-01,-5.174921062129294036e-01,1.392066508595029249e-02,0.000000000000000000e+00,0.000000000000000000e+00,0.000000000000000000e+00,0.000000000000000000e+00,0.000000000000000000e+00,0.000000000000000000e+00,0.000000000000000000e+00,8.276373291015625000e+02,8.276383666992187500e+02,8.276383666992187500e+02,8.276373291015625000e+02,-2.083783848253098875e+07
3.992999999999999883e+00,1.415650217596842175e-01,5.176730717578751362e-01,-1.391992976540668871e-02,-1.115582572942808159e-04,1.809655449457325815e-04,7.353205436037846265e-07,9.169600009918212891e-01,5.226379871368408203e+00,-4.930311203002929688e+00,-1.415650217596842175e-01,-5.176730717578751362e-01,1.391992976540668871e-02,0.000000000000000000e+00,0.000000000000000000e+00,0.000000000000000000e+00,0.000000000000000000e+00,0.000000000000000000e+00,0.000000000000000000e+00,0.000000000000000000e+00,8.276373901367187500e+02,8.276383056640625000e+02,8.276383056640625000e+02,8.276373901367187500e+02,-2.083783877075081691e+07
3.994000000000000217e+00,1.414532913492184962e-01,5.178540369774111696e-01,-1.391947679680487389e-02,-1.117304104657212971e-04,1.809652195360333948e-04,4.529686018148182391e-07,9.169654846191406250e-01,5.226403713226318359e+00,-4.930328845977783203e+00,-1.414532913492184962e-01,-5.178540369774111696e-01,1.391947679680487389e-02,0.000000000000000000e+00,0.000000000000000000e+00,0.000000000000000000e+00,0.000000000000000000e+00,0.000000000000000000e+00,0.000000000000000000e+00,0.000000000000000000e+00,8.276374511718750000e+02,8.276382446289062500e+02,8.276382446289062500e+02,8.276374511718750000e+02,-2.083783905912640691e+07
3.995000000000000107e+00,1.413414289072009999e-01,5.180348951119932988e-01,-1.391933124211595929e-02,-1.118624420174962886e-04,1.808581345821291819e-04,1.455546889145981071e-07,9.169709682464599609e-01,5.226424694061279297e+00,-4.930350780487060547e+00,-1.413414289072009999e-01,-5.180348951119932988e-01,1.391933124211595929e-02,0.000000000000000000e+00,0.000000000000000000e+00,0.000000000000000000e+00,0.000000000000000000e+00,0.000000000000000000e+00,0.000000000000000000e+00,0.000000000000000000e+00,8.276375122070312500e+02,8.276381835937500000e+02,8.276381835937500000e+02,8.276375122070312500e+02,-2.083783934765770659e+07
3.995999999999999996e+00,1.412294078778764950e-01,5.182157528607236330e-01,-1.391951729195307907e-02,-1.120210293245049726e-04,1.808577487303342224e-04,-1.860498371197838452e-07,9.169763326644897461e-01,5.226447582244873047e+00,-4.930369853973388672e+00,-1.412294078778764950e-01,-5.182157528607236330e-01,1.391951729195307907e-02,0.000000000000000000e+00,0.000000000000000000e+00,0.000000000000000000e+00,0.000000000000000000e+00,0.000000000000000000e+00,0.000000000000000000e+00,0.000000000000000000e+00,8.276375732421875000e+02,8.276381225585937500e+02,8.276381225585937500e+02,8.276375732421875000e+02,-2.083783963634477183e+07
3.996999999999999886e+00,1.411172332790647244e-01,5.183964725704511833e-01,-1.392005576115915369e-02,-1.121745988117706094e-04,1.807197097275503594e-04,-5.384692060746154585e-07,9.169811010360717773e-01,5.226467609405517578e+00,-4.930388450622558594e+00,-1.411172332790647244e-01,-5.183964725704511833e-01,1.392005576115915369e-02,0.000000000000000000e+00,0.000000000000000000e+00,0.000000000000000000e+00,0.000000000000000000e+00,0.000000000000000000e+00,0.000000000000000000e+00,0.000000000000000000e+00,8.276376342773437500e+02,8.276380615234375000e+02,8.276380615234375000e+02,8.276376342773437500e+02,-2.083783992518751696e+07
3.998000000000000220e+00,1.410049353692069407e-01,5.185772227352551944e-01,-1.392096593408730099e-02,-1.122979098577836510e-04,1.807501648040110709e-04,-9.101729281472958899e-07,9.169867038726806641e-01,5.226490974426269531e+00,-4.930408954620361328e+00,-1.410049353692069407e-01,-5.185772227352551944e-01,1.392096593408730099e-02,0.000000000000000000e+00,0.000000000000000000e+00,0.000000000000000000e+00,0.000000000000000000e+00,0.000000000000000000e+00,0.000000000000000000e+00,0.000000000000000000e+00,8.276376953125000000e+02,8.276380004882812500e+02,8.276380004882812500e+02,8.276376953125000000e+02,-2.083784021418603882e+07
3.999000000000000110e+00,1.408925191406412147e-01,5.187579190825453157e-01,-1.392226285519073022e-02,-1.124162285657259730e-04,1.806963472901212953e-04,-1.296921103429229949e-06,9.169918298721313477e-01,5.226512432098388672e+00,-4.930427551269531250e+00,-1.408925191406412147e-01,-5.187579190825453157e-01,1.392226285519073022e-02,0.000000000000000000e+00,0.000000000000000000e+00,0.000000000000000000e+00,0.000000000000000000e+00,0.000000000000000000e+00,0.000000000000000000e+00,0.000000000000000000e+00,8.276377563476562500e+02,8.276378784179687500e+02,8.276378784179687500e+02,8.276377563476562500e+02,-2.083784050334034860e+07
4.000000000000000000e+00,1.407799846518291709e-01,5.189385615981070288e-01,-1.392395903091691971e-02,-1.125344888120438647e-04,1.806425155617130685e-04,-1.696175726189491639e-06,9.169963598251342773e-01,5.226532936096191406e+00,-4.930447578430175781e+00,-1.407799846518291709e-01,-5.189385615981070288e-01,1.392395903091691971e-02,0.000000000000000000e+00,0.000000000000000000e+00,0.000000000000000000e+00,0.000000000000000000e+00,0.000000000000000000e+00,0.000000000000000000e+00,0.000000000000000000e+00,8.276378173828125000e+02,8.276378173828125000e+02,8.276378173828125000e+02,8.276378173828125000e+02,-2.083784079265046120e+07
4.001000000000000334e+00,1.406673452906319621e-01,5.191191502692992232e-01,-1.392606452678761368e-02,-1.126393611972087427e-04,1.805886711921944610e-04,-2.105495870693974148e-06,9.170018434524536133e-01,5.226554870605468750e+00,-4.930466651916503906e+00,-1.406673452906319621e-01,-5.191191502692992232e-01,1.392606452678761368e-02,0.000000000000000000e+00,0.000000000000000000e+00,0.000000000000000000e+00,0.000000000000000000e+00,0.000000000000000000e+00,0.000000000000000000e+00,0.000000000000000000e+00,8.276378784179687500e+02,8.276377563476562500e+02,8.276377563476562500e+02,8.276378784179687500e+02,-2.083784108211639151e+07
4.001999999999999780e+00,1.405546144410141085e-01,5.192997384490445345e-01,-1.392858697258594035e-02,-1.127308496178536235e-04,1.805881797453112725e-04,-2.522445798326666822e-06,9.170073270797729492e-01,5.226577758789062500e+00,-4.930486679077148438e+00,-1.405546144410141085e-01,-5.192997384490445345e-01,1.392858697258594035e-02,0.000000000000000000e+00,0.000000000000000000e+00,0.000000000000000000e+00,0.000000000000000000e+00,0.000000000000000000e+00,0.000000000000000000e+00,0.000000000000000000e+00,8.276379394531250000e+02,8.276376953125000000e+02,8.276376953125000000e+02,8.276379394531250000e+02,-2.083784137173821405e+07
4.003000000000000114e+00,1.404417921089030075e-01,5.194802727730627456e-01,-1.393152880378298319e-02,-1.128223321111010424e-04,1.805343240182111231e-04,-2.941831197042846235e-06,9.170124530792236328e-01,5.226598739624023438e+00,-4.930505275726318359e+00,-1.404417921089030075e-01,-5.194802727730627456e-01,1.393152880378298319e-02,0.000000000000000000e+00,0.000000000000000000e+00,0.000000000000000000e+00,0.000000000000000000e+00,0.000000000000000000e+00,0.000000000000000000e+00,0.000000000000000000e+00,8.276380004882812500e+02,8.276376342773437500e+02,8.276376342773437500e+02,8.276380004882812500e+02,-2.083784166151595116e+07
4.003999999999999559e+00,1.403289049887405937e-01,5.196608066009430482e-01,-1.393489104035677308e-02,-1.128871201624137566e-04,1.805338278803025887e-04,-3.362236573789881278e-06,9.170175790786743164e-01,5.226620197296142578e+00,-4.930525779724121094e+00,-1.403289049887405937e-01,-5.196608066009430482e-01,1.393489104035677308e-02,0.000000000000000000e+00,0.000000000000000000e+00,0.000000000000000000e+00,0.000000000000000000e+00,0.000000000000000000e+00,0.000000000000000000e+00,0.000000000000000000e+00,8.276381225585937500e+02,8.276375732421875000e+02,8.276375732421875000e+02,8.276380615234375000e+02,-2.083784195144968852e+07
4.004999999999999893e+00,1.402159664042506304e-01,5.198413399374883781e-01,-1.393866957360757886e-02,-1.129385844899633007e-04,1.805333365453298811e-04,-3.778533250805779509e-06,9.170225858688354492e-01,5.226641654968261719e+00,-4.930544853210449219e+00,-1.402159664042506304e-01,-5.198413399374883781e-01,1.393866957360757886e-02,0.000000000000000000e+00,0.000000000000000000e+00,0.000000000000000000e+00,0.000000000000000000e+00,0.000000000000000000e+00,0.000000000000000000e+00,0.000000000000000000e+00,8.276381835937500000e+02,8.276375122070312500e+02,8.276375122070312500e+02,8.276381835937500000e+02,-2.083784224153951183e+07
4.006000000000000227e+00,1.401029763348791701e-01,5.200218194255529225e-01,-1.394286100283412266e-02,-1.129900693714602777e-04,1.804794880645443911e-04,-4.191429226543808007e-06,9.170275926589965820e-01,5.226662158966064453e+00,-4.930561542510986328e+00,-1.401029763348791701e-01,-5.200218194255529225e-01,1.394286100283412266e-02,0.000000000000000000e+00,0.000000000000000000e+00,0.000000000000000000e+00,0.000000000000000000e+00,0.000000000000000000e+00,0.000000000000000000e+00,0.000000000000000000e+00,8.276382446289062500e+02,8.276374511718750000e+02,8.276374511718750000e+02,8.276382446289062500e+02,-2.083784253178545088e+07
4.006999999999999673e+00,1.399899530777608814e-01,5.202022674313460104e-01,-1.394745304786625464e-02,-1.130232571182887558e-04,1.804480057930879511e-04,-4.592045032131980564e-06,9.170328378677368164e-01,5.226684570312500000e+00,-4.930582523345947266e+00,-1.399899530777608814e-01,-5.202022674313460104e-01,1.394745304786625464e-02,0.000000000000000000e+00,0.000000000000000000e+00,0.000000000000000000e+00,0.000000000000000000e+00,0.000000000000000000e+00,0.000000000000000000e+00,0.000000000000000000e+00,8.276383056640625000e+02,8.276373901367187500e+02,8.276373901367187500e+02,8.276382446289062500e+02,-2.083784282218756899e+07
4.008000000000000007e+00,1.398769132659366254e-01,5.203826926133392483e-01,-1.395243639077674985e-02,-1.130398118242559313e-04,1.804251819932378709e-04,-4.983342910495208722e-06,9.170380830764770508e-01,5.226705551147460938e+00,-4.930603027343750000e+00,-1.398769132659366254e-01,-5.203826926133392483e-01,1.395243639077674985e-02,0.000000000000000000e+00,0.000000000000000000e+00,0.000000000000000000e+00,0.000000000000000000e+00,0.000000000000000000e+00,0.000000000000000000e+00,0.000000000000000000e+00,8.276383056640625000e+02,8.276373291015625000e+02,8.276373291015625000e+02,8.276383056640625000e+02,-2.083784311274593696e+07
4.009000000000000341e+00,1.397638885225540029e-01,5.205631707133842045e-01,-1.395779554241472625e-02,-1.130247433826225834e-04,1.804781000449562356e-04,-5.359151637976400373e-06,9.170424938201904297e-01,5.226725578308105469e+00,-4.930619716644287109e+00,-1.397638885225540029e-01,-5.205631707133842045e-01,1.395779554241472625e-02,0.000000000000000000e+00,0.000000000000000000e+00,0.000000000000000000e+00,0.000000000000000000e+00,0.000000000000000000e+00,0.000000000000000000e+00,0.000000000000000000e+00,8.276383666992187500e+02,8.276372680664062500e+02,8.276372680664062500e+02,8.276383666992187500e+02,-2.083784340346071497e+07
4.009999999999999787e+00,1.396508654217758494e-01,5.207436483930139026e-01,-1.396351286741113681e-02,-1.130231007781534736e-04,1.804776796296980734e-04,-5.717324996410561022e-06,9.170482158660888672e-01,5.226748466491699219e+00,-4.930640697479248047e+00,-1.396508654217758494e-01,-5.207436483930139026e-01,1.396351286741113681e-02,0.000000000000000000e+00,0.000000000000000000e+00,0.000000000000000000e+00,0.000000000000000000e+00,0.000000000000000000e+00,0.000000000000000000e+00,0.000000000000000000e+00,8.276384277343750000e+02,8.276372070312500000e+02,8.276372070312500000e+02,8.276384277343750000e+02,-2.083784369433200732e+07
4.011000000000000121e+00,1.395378572073963930e-01,5.209241256781246276e-01,-1.396956674794198536e-02,-1.130082143794564065e-04,1.804772851107250276e-04,-6.053880530848543273e-06,9.170529842376708984e-01,5.226767539978027344e+00,-4.930658817291259766e+00,-1.395378572073963930e-01,-5.209241256781246276e-01,1.396956674794198536e-02,0.000000000000000000e+00,0.000000000000000000e+00,0.000000000000000000e+00,0.000000000000000000e+00,0.000000000000000000e+00,0.000000000000000000e+00,0.000000000000000000e+00,8.276384887695312500e+02,8.276372070312500000e+02,8.276372070312500000e+02,8.276384887695312500e+02,-2.083784398535991460e+07
4.011999999999999567e+00,1.394249038005957175e-01,5.211046025924320757e-01,-1.397593485381386225e-02,-1.129534068006754488e-04,1.804769143074480553e-04,-6.368105871876889035e-06,9.170581102371215820e-01,5.226789474487304688e+00,-4.930677890777587891e+00,-1.394249038005957175e-01,-5.211046025924320757e-01,1.397593485381386225e-02,0.000000000000000000e+00,0.000000000000000000e+00,0.000000000000000000e+00,0.000000000000000000e+00,0.000000000000000000e+00,0.000000000000000000e+00,0.000000000000000000e+00,8.276384887695312500e+02,8.276371459960937500e+02,8.276371459960937500e+02,8.276384887695312500e+02,-2.083784427654455230e+07
4.012999999999999901e+00,1.393120050890661044e-01,5.212850791672541950e-01,-1.398259217164767726e-02,-1.128987115296131716e-04,1.804765748221193178e-04,-6.657317833815012964e-06,9.170629978179931641e-01,5.226810932159423828e+00,-4.930696487426757812e+00,-1.393120050890661044e-01,-5.212850791672541950e-01,1.398259217164767726e-02,0.000000000000000000e+00,0.000000000000000000e+00,0.000000000000000000e+00,0.000000000000000000e+00,0.000000000000000000e+00,0.000000000000000000e+00,0.000000000000000000e+00,8.276385498046875000e+02,8.276371459960937500e+02,8.276371459960937500e+02,8.276385498046875000e+02,-2.083784456788603216e+07
4.014000000000000234e+00,1.391991609563584531e-01,5.214656087993184697e-01,-1.398951125160617474e-02,-1.128441327076512568e-04,1.805296320642746366e-04,-6.919079958497484362e-06,9.170683622360229492e-01,5.226831912994384766e+00,-4.930715084075927734e+00,-1.391991609563584531e-01,-5.214656087993184697e-01,1.398951125160617474e-02,0.000000000000000000e+00,0.000000000000000000e+00,0.000000000000000000e+00,0.000000000000000000e+00,0.000000000000000000e+00,0.000000000000000000e+00,0.000000000000000000e+00,8.276385498046875000e+02,8.276370849609375000e+02,8.276370849609375000e+02,8.276385498046875000e+02,-2.083784485938452557e+07
4.014999999999999680e+00,1.390864112778467943e-01,5.216461381596825264e-01,-1.399666136096373685e-02,-1.127496785116588462e-04,1.805293603640567568e-04,-7.150109357562106638e-06,9.170731306076049805e-01,5.226852893829345703e+00,-4.930735588073730469e+00,-1.390864112778467943e-01,-5.216461381596825264e-01,1.399666136096373685e-02,0.000000000000000000e+00,0.000000000000000000e+00,0.000000000000000000e+00,0.000000000000000000e+00,0.000000000000000000e+00,0.000000000000000000e+00,0.000000000000000000e+00,8.276386108398437500e+02,8.276370849609375000e+02,8.276370849609375000e+02,8.276386108398437500e+02,-2.083784515104015544e+07
4.016000000000000014e+00,1.389737425846797048e-01,5.218267206494292543e-01,-1.400401248784204598e-02,-1.126686931670894953e-04,1.805824897467278589e-04,-7.351126878309133250e-06,9.170780181884765625e-01,5.226873874664306641e+00,-4.930754184722900391e+00,-1.389737425846797048e-01,-5.218267206494292543e-01,1.400401248784204598e-02,0.000000000000000000e+00,0.000000000000000000e+00,0.000000000000000000e+00,0.000000000000000000e+00,0.000000000000000000e+00,0.000000000000000000e+00,0.000000000000000000e+00,8.276386108398437500e+02,8.276370849609375000e+02,8.276370849609375000e+02,8.276386108398437500e+02,-2.083784544285309687e+07
4.017000000000000348e+00,1.388611597859365221e-01,5.220072718292735336e-01,-1.401153047947945735e-02,-1.125827987431826660e-04,1.805511798442793747e-04,-7.517991637411361450e-06,9.170831441879272461e-01,5.226895332336425781e+00,-4.930771827697753906e+00,-1.388611597859365221e-01,-5.220072718292735336e-01,1.401153047947945735e-02,0.000000000000000000e+00,0.000000000000000000e+00,0.000000000000000000e+00,0.000000000000000000e+00,0.000000000000000000e+00,0.000000000000000000e+00,0.000000000000000000e+00,8.276386108398437500e+02,8.276370239257812500e+02,8.276370239257812500e+02,8.276386108398437500e+02,-2.083784573482343182e+07
4.017999999999999794e+00,1.387487059646552168e-01,5.221879073231304735e-01,-1.401918209796763036e-02,-1.124538212813053217e-04,1.806354938569398882e-04,-7.651618488173014820e-06,9.170881509780883789e-01,5.226917266845703125e+00,-4.930792331695556641e+00,-1.387487059646552168e-01,-5.221879073231304735e-01,1.401918209796763036e-02,0.000000000000000000e+00,0.000000000000000000e+00,0.000000000000000000e+00,0.000000000000000000e+00,0.000000000000000000e+00,0.000000000000000000e+00,0.000000000000000000e+00,8.276386108398437500e+02,8.276370239257812500e+02,8.276370239257812500e+02,8.276386108398437500e+02,-2.083784602695138380e+07
4.019000000000000128e+00,1.386363860301851880e-01,5.223685960646765603e-01,-1.402693325599000361e-02,-1.123199344700287483e-04,1.806887415460867174e-04,-7.751158022373250134e-06,9.170933961868286133e-01,5.226936817169189453e+00,-4.930810451507568359e+00,-1.386363860301851880e-01,-5.223685960646765603e-01,1.402693325599000361e-02,0.000000000000000000e+00,0.000000000000000000e+00,0.000000000000000000e+00,0.000000000000000000e+00,0.000000000000000000e+00,0.000000000000000000e+00,0.000000000000000000e+00,8.276386108398437500e+02,8.276370239257812500e+02,8.276370239257812500e+02,8.276386108398437500e+02,-2.083784631923713535e+07
4.019999999999999574e+00,1.385241864750517415e-01,5.225493381000706483e-01,-1.403474720648855215e-02,-1.121995551334464825e-04,1.807420353940880631e-04,-7.813950498548535850e-06,9.170984029769897461e-01,5.226957798004150391e+00,-4.930830955505371094e+00,-1.385241864750517415e-01,-5.225493381000706483e-01,1.403474720648855215e-02,0.000000000000000000e+00,0.000000000000000000e+00,0.000000000000000000e+00,0.000000000000000000e+00,0.000000000000000000e+00,0.000000000000000000e+00,0.000000000000000000e+00,8.276386108398437500e+02,8.276370239257812500e+02,8.276370849609375000e+02,8.276386108398437500e+02,-2.083784661168086901e+07
4.020999999999999908e+00,1.384121204692470297e-01,5.227300801087227944e-01,-1.404258809327740484e-02,-1.120660058047118213e-04,1.807420086521460689e-04,-7.840886788852696743e-06,9.171034097671508789e-01,5.226980209350585938e+00,-4.930849552154541016e+00,-1.384121204692470297e-01,-5.227300801087227944e-01,1.404258809327740484e-02,0.000000000000000000e+00,0.000000000000000000e+00,0.000000000000000000e+00,0.000000000000000000e+00,0.000000000000000000e+00,0.000000000000000000e+00,0.000000000000000000e+00,8.276386108398437500e+02,8.276370849609375000e+02,8.276370849609375000e+02,8.276386108398437500e+02,-2.083784690428271517e+07
4.022000000000000242e+00,1.383002011897648265e-01,5.229108754968654349e-01,-1.405041852186694230e-02,-1.119192794822032599e-04,1.807953881426405118e-04,-7.830428589537460904e-06,9.171080589294433594e-01,5.227001190185546875e+00,-4.930868148803710938e+00,-1.383002011897648265e-01,-5.229108754968654349e-01,1.405041852186694230e-02,0.000000000000000000e+00,0.000000000000000000e+00,0.000000000000000000e+00,0.000000000000000000e+00,0.000000000000000000e+00,0.000000000000000000e+00,0.000000000000000000e+00,8.276385498046875000e+02,8.276370849609375000e+02,8.276370849609375000e+02,8.276385498046875000e+02,-2.083784719704286009e+07
4.022999999999999687e+00,1.381884418135609638e-01,5.230917243060945188e-01,-1.405820270077649294e-02,-1.117593762038626704e-04,1.808488092290838622e-04,-7.784178909550631964e-06,9.171135425567626953e-01,5.227022171020507812e+00,-4.930887222290039062e+00,-1.381884418135609638e-01,-5.230917243060945188e-01,1.405820270077649294e-02,0.000000000000000000e+00,0.000000000000000000e+00,0.000000000000000000e+00,0.000000000000000000e+00,0.000000000000000000e+00,0.000000000000000000e+00,0.000000000000000000e+00,8.276385498046875000e+02,8.276370849609375000e+02,8.276370849609375000e+02,8.276385498046875000e+02,-2.083784748996149004e+07
4.024000000000000021e+00,1.380768421728989503e-01,5.232726265804309440e-01,-1.406590394389587058e-02,-1.115996406620134440e-04,1.809022743364252506e-04,-7.701243119377643165e-06,9.171184301376342773e-01,5.227042198181152344e+00,-4.930905818939208984e+00,-1.380768421728989503e-01,-5.232726265804309440e-01,1.406590394389587058e-02,0.000000000000000000e+00,0.000000000000000000e+00,0.000000000000000000e+00,0.000000000000000000e+00,0.000000000000000000e+00,0.000000000000000000e+00,0.000000000000000000e+00,8.276385498046875000e+02,8.276371459960937500e+02,8.276371459960937500e+02,8.276384887695312500e+02,-2.083784778303879499e+07
4.025000000000000355e+00,1.379653887780114552e-01,5.234536357247931981e-01,-1.407348806987232005e-02,-1.114533948874951719e-04,1.810091443622541263e-04,-7.584125976449473949e-06,9.171231985092163086e-01,5.227064132690429688e+00,-4.930924892425537109e+00,-1.379653887780114552e-01,-5.234536357247931981e-01,1.407348806987232005e-02,0.000000000000000000e+00,0.000000000000000000e+00,0.000000000000000000e+00,0.000000000000000000e+00,0.000000000000000000e+00,0.000000000000000000e+00,0.000000000000000000e+00,8.276384887695312500e+02,8.276372070312500000e+02,8.276372070312500000e+02,8.276384887695312500e+02,-2.083784807627501711e+07
4.025999999999999801e+00,1.378541081309743455e-01,5.236346450538248432e-01,-1.408091921951497988e-02,-1.112806470371097145e-04,1.810093290316450165e-04,-7.431149642659826138e-06,9.171283245086669922e-01,5.227085590362548828e+00,-4.930944919586181641e+00,-1.378541081309743455e-01,-5.236346450538248432e-01,1.408091921951497988e-02,0.000000000000000000e+00,0.000000000000000000e+00,0.000000000000000000e+00,0.000000000000000000e+00,0.000000000000000000e+00,0.000000000000000000e+00,0.000000000000000000e+00,8.276384277343750000e+02,8.276372070312500000e+02,8.276372070312500000e+02,8.276384277343750000e+02,-2.083784836967028677e+07
4.027000000000000135e+00,1.377429652020257245e-01,5.238156767477055720e-01,-1.408816401591561109e-02,-1.111429289486209893e-04,1.810316938807288167e-04,-7.244796400631206557e-06,9.171334505081176758e-01,5.227108001708984375e+00,-4.930963993072509766e+00,-1.377429652020257245e-01,-5.238156767477055720e-01,1.408816401591561109e-02,0.000000000000000000e+00,0.000000000000000000e+00,0.000000000000000000e+00,0.000000000000000000e+00,0.000000000000000000e+00,0.000000000000000000e+00,0.000000000000000000e+00,8.276384277343750000e+02,8.276372680664062500e+02,8.276372680664062500e+02,8.276383666992187500e+02,-2.083784866322474927e+07
4.027999999999999581e+00,1.376320029387529120e-01,5.239967932800406736e-01,-1.409519083404593351e-02,-1.109622632728124447e-04,1.811165323351016099e-04,-7.026818130322423639e-06,9.171385765075683594e-01,5.227129459381103516e+00,-4.930982589721679688e+00,-1.376320029387529120e-01,-5.239967932800406736e-01,1.409519083404593351e-02,0.000000000000000000e+00,0.000000000000000000e+00,0.000000000000000000e+00,0.000000000000000000e+00,0.000000000000000000e+00,0.000000000000000000e+00,0.000000000000000000e+00,8.276383666992187500e+02,8.276373291015625000e+02,8.276373291015625000e+02,8.276383666992187500e+02,-2.083784895693863183e+07
4.028999999999999915e+00,1.375211996528365732e-01,5.241779634735019844e-01,-1.410196962915121442e-02,-1.108032859163388117e-04,1.811701934613108023e-04,-6.778795105280913114e-06,9.171433448791503906e-01,5.227149486541748047e+00,-4.931002616882324219e+00,-1.375211996528365732e-01,-5.241779634735019844e-01,1.410196962915121442e-02,0.000000000000000000e+00,0.000000000000000000e+00,0.000000000000000000e+00,0.000000000000000000e+00,0.000000000000000000e+00,0.000000000000000000e+00,0.000000000000000000e+00,8.276383056640625000e+02,8.276373901367187500e+02,8.276373901367187500e+02,8.276383056640625000e+02,-2.083784925081211329e+07
4.030000000000000249e+00,1.374105552133884356e-01,5.243591873613234755e-01,-1.410847205299140504e-02,-1.106444394481376214e-04,1.812238878214911253e-04,-6.502423840190618698e-06,9.171487092971801758e-01,5.227171421051025391e+00,-4.931021213531494141e+00,-1.374105552133884356e-01,-5.243591873613234755e-01,1.410847205299140504e-02,0.000000000000000000e+00,0.000000000000000000e+00,0.000000000000000000e+00,0.000000000000000000e+00,0.000000000000000000e+00,0.000000000000000000e+00,0.000000000000000000e+00,8.276382446289062500e+02,8.276374511718750000e+02,8.276374511718750000e+02,8.276382446289062500e+02,-2.083784954484537989e+07
4.030999999999999694e+00,1.373000694893399543e-01,5.245404649766315375e-01,-1.411466975732360123e-02,-1.104857240484813374e-04,1.812776153080619679e-04,-6.197704332196185550e-06,9.171540737152099609e-01,5.227192878723144531e+00,-4.931039810180664062e+00,-1.373000694893399543e-01,-5.245404649766315375e-01,1.411466975732360123e-02,0.000000000000000000e+00,0.000000000000000000e+00,0.000000000000000000e+00,0.000000000000000000e+00,0.000000000000000000e+00,0.000000000000000000e+00,0.000000000000000000e+00,8.276381835937500000e+02,8.276375122070312500e+02,8.276375122070312500e+02,8.276381835937500000e+02,-2.083784983903861046e+07
4.032000000000000028e+00,1.371897290393260249e-01,5.247217963460346635e-01,-1.412054100312385568e-02,-1.103404500139293365e-04,1.813313694031259971e-04,-5.871245800254457081e-06,9.171589612960815430e-01,5.227213859558105469e+00,-4.931060314178466797e+00,-1.371897290393260249e-01,-5.247217963460346635e-01,1.412054100312385568e-02,0.000000000000000000e+00,0.000000000000000000e+00,0.000000000000000000e+00,0.000000000000000000e+00,0.000000000000000000e+00,0.000000000000000000e+00,0.000000000000000000e+00,8.276381225585937500e+02,8.276375732421875000e+02,8.276375732421875000e+02,8.276381225585937500e+02,-2.083785013339198381e+07
4.033000000000000362e+00,1.370795204103837373e-01,5.249031814990539058e-01,-1.412606154991468028e-02,-1.102086289422876675e-04,1.813851530192422956e-04,-5.520546790824601424e-06,9.171642065048217773e-01,5.227235794067382812e+00,-4.931080341339111328e+00,-1.370795204103837373e-01,-5.249031814990539058e-01,1.412606154991468028e-02,0.000000000000000000e+00,0.000000000000000000e+00,0.000000000000000000e+00,0.000000000000000000e+00,0.000000000000000000e+00,0.000000000000000000e+00,0.000000000000000000e+00,8.276380615234375000e+02,8.276376342773437500e+02,8.276376342773437500e+02,8.276380615234375000e+02,-2.083785042790567502e+07
4.033999999999999808e+00,1.369694568612850050e-01,5.250846204540091655e-01,-1.413121394970814730e-02,-1.100635490987322829e-04,1.814389549552597458e-04,-5.152399793467016265e-06,9.171689748764038086e-01,5.227256774902343750e+00,-4.931098937988281250e+00,-1.369694568612850050e-01,-5.250846204540091655e-01,1.413121394970814730e-02,0.000000000000000000e+00,0.000000000000000000e+00,0.000000000000000000e+00,0.000000000000000000e+00,0.000000000000000000e+00,0.000000000000000000e+00,0.000000000000000000e+00,8.276380004882812500e+02,8.276376953125000000e+02,8.276376953125000000e+02,8.276380004882812500e+02,-2.083785072257985547e+07
4.035000000000000142e+00,1.368595249619072307e-01,5.252660598698010164e-01,-1.413598056846985390e-02,-1.099318993777742559e-04,1.814394157918508554e-04,-4.766618761706600815e-06,9.171744585037231445e-01,5.227279186248779297e+00,-4.931117534637451172e+00,-1.368595249619072307e-01,-5.252660598698010164e-01,1.413598056846985390e-02,0.000000000000000000e+00,0.000000000000000000e+00,0.000000000000000000e+00,0.000000000000000000e+00,0.000000000000000000e+00,0.000000000000000000e+00,0.000000000000000000e+00,8.276379394531250000e+02,8.276377563476562500e+02,8.276377563476562500e+02,8.276379394531250000e+02,-2.083785101741464436e+07
4.035999999999999588e+00,1.367496979904913867e-01,5.254476064873704333e-01,-1.414034973894742579e-02,-1.098269714158439658e-04,1.815466175694169237e-04,-4.369170477571890365e-06,9.171793460845947266e-01,5.227300643920898438e+00,-4.931138038635253906e+00,-1.367496979904913867e-01,-5.254476064873704333e-01,1.414034973894742579e-02,0.000000000000000000e+00,0.000000000000000000e+00,0.000000000000000000e+00,0.000000000000000000e+00,0.000000000000000000e+00,0.000000000000000000e+00,0.000000000000000000e+00,8.276378173828125000e+02,8.276378173828125000e+02,8.276378173828125000e+02,8.276378173828125000e+02,-2.083785131241026148e+07
4.036999999999999922e+00,1.366399810727865483e-01,5.256291222617732739e-01,-1.414430808249210816e-02,-1.097169177048384903e-04,1.815157744028406128e-04,-3.958343544682371706e-06,9.171849489212036133e-01,5.227322578430175781e+00,-4.931158065795898438e+00,-1.366399810727865483e-01,-5.256291222617732739e-01,1.414430808249210816e-02,0.000000000000000000e+00,0.000000000000000000e+00,0.000000000000000000e+00,0.000000000000000000e+00,0.000000000000000000e+00,0.000000000000000000e+00,0.000000000000000000e+00,8.276377563476562500e+02,8.276378784179687500e+02,8.276378784179687500e+02,8.276377563476562500e+02,-2.083785160756678134e+07
4.038000000000000256e+00,1.365303637829337613e-01,5.258106698563487225e-01,-1.414785041813016765e-02,-1.096172898527869588e-04,1.815475945754485565e-04,-3.542335638059487812e-06,9.171897172927856445e-01,5.227344512939453125e+00,-4.931176185607910156e+00,-1.365303637829337613e-01,-5.258106698563487225e-01,1.414785041813016765e-02,0.000000000000000000e+00,0.000000000000000000e+00,0.000000000000000000e+00,0.000000000000000000e+00,0.000000000000000000e+00,0.000000000000000000e+00,0.000000000000000000e+00,8.276376953125000000e+02,8.276379394531250000e+02,8.276379394531250000e+02,8.276376953125000000e+02,-2.083785190288434550e+07
4.038999999999999702e+00,1.364208379674631821e-01,5.259923246785459527e-01,-1.415097189908114117e-02,-1.095258154705791576e-04,1.816548221972302812e-04,-3.121480950973518076e-06,9.171950817108154297e-01,5.227366447448730469e+00,-4.931197643280029297e+00,-1.364208379674631821e-01,-5.259923246785459527e-01,1.415097189908114117e-02,0.000000000000000000e+00,0.000000000000000000e+00,0.000000000000000000e+00,0.000000000000000000e+00,0.000000000000000000e+00,0.000000000000000000e+00,0.000000000000000000e+00,8.276376342773437500e+02,8.276380004882812500e+02,8.276380004882812500e+02,8.276376342773437500e+02,-2.083785219836316630e+07
4.040000000000000036e+00,1.363113769168302902e-01,5.261739266437955864e-01,-1.415367137843642417e-02,-1.094610506328919097e-04,1.816019652496336789e-04,-2.699479355283002091e-06,9.172004461288452148e-01,5.227388381958007812e+00,-4.931218624114990234e+00,-1.363113769168302902e-01,-5.261739266437955864e-01,1.415367137843642417e-02,0.000000000000000000e+00,0.000000000000000000e+00,0.000000000000000000e+00,0.000000000000000000e+00,0.000000000000000000e+00,0.000000000000000000e+00,0.000000000000000000e+00,8.276375732421875000e+02,8.276380615234375000e+02,8.276380615234375000e+02,8.276375732421875000e+02,-2.083785249400328472e+07
4.041000000000000369e+00,1.362019806516201470e-01,5.263555824739060141e-01,-1.415595065124104768e-02,-1.093962652101432287e-04,1.816558301104276296e-04,-2.279272804623505566e-06,9.172058105468750000e-01,5.227409839630126953e+00,-4.931235790252685547e+00,-1.362019806516201470e-01,-5.263555824739060141e-01,1.415595065124104768e-02,0.000000000000000000e+00,0.000000000000000000e+00,0.000000000000000000e+00,0.000000000000000000e+00,0.000000000000000000e+00,0.000000000000000000e+00,0.000000000000000000e+00,8.276375122070312500e+02,8.276381225585937500e+02,8.276381225585937500e+02,8.276375122070312500e+02,-2.083785278980485350e+07
4.041999999999999815e+00,1.360926358521613866e-01,5.265372921633120207e-01,-1.415781465905656053e-02,-1.093447994587604111e-04,1.817096894060066248e-04,-1.864007815512852551e-06,9.172109365463256836e-01,5.227433681488037109e+00,-4.931256771087646484e+00,-1.360926358521613866e-01,-5.265372921633120207e-01,1.415781465905656053e-02,0.000000000000000000e+00,0.000000000000000000e+00,0.000000000000000000e+00,0.000000000000000000e+00,0.000000000000000000e+00,0.000000000000000000e+00,0.000000000000000000e+00,8.276374511718750000e+02,8.276381835937500000e+02,8.276381835937500000e+02,8.276374511718750000e+02,-2.083785308576802164e+07
4.043000000000000149e+00,1.359833158623773575e-01,5.267189489780879086e-01,-1.415927232415391430e-02,-1.093199897840291257e-04,1.816568147758879093e-04,-1.457665097353774697e-06,9.172161817550659180e-01,5.227453231811523438e+00,-4.931278228759765625e+00,-1.359833158623773575e-01,-5.267189489780879086e-01,1.415927232415391430e-02,0.000000000000000000e+00,0.000000000000000000e+00,0.000000000000000000e+00,0.000000000000000000e+00,0.000000000000000000e+00,0.000000000000000000e+00,0.000000000000000000e+00,8.276373901367187500e+02,8.276382446289062500e+02,8.276382446289062500e+02,8.276373901367187500e+02,-2.083785338189281896e+07
4.043999999999999595e+00,1.358740207412758305e-01,5.269006596302252543e-01,-1.416033377897611342e-02,-1.092951211015269486e-04,1.817106521373457184e-04,-1.061454822199117687e-06,9.172216653823852539e-01,5.227475643157958984e+00,-4.931295394897460938e+00,-1.358740207412758305e-01,-5.269006596302252543e-01,1.416033377897611342e-02,0.000000000000000000e+00,0.000000000000000000e+00,0.000000000000000000e+00,0.000000000000000000e+00,0.000000000000000000e+00,0.000000000000000000e+00,0.000000000000000000e+00,8.276373291015625000e+02,8.276383056640625000e+02,8.276383056640625000e+02,8.276373291015625000e+02,-2.083785367817938700e+07
4.044999999999999929e+00,1.357647238672098355e-01,5.270823707414653558e-01,-1.416101384562625833e-02,-1.092968740659949756e-04,1.817111112401015305e-04,-6.800666501449031953e-07,9.172269105911254883e-01,5.227498531341552734e+00,-4.931317329406738281e+00,-1.357647238672098355e-01,-5.270823707414653558e-01,1.416101384562625833e-02,0.000000000000000000e+00,0.000000000000000000e+00,0.000000000000000000e+00,0.000000000000000000e+00,0.000000000000000000e+00,0.000000000000000000e+00,0.000000000000000000e+00,8.276372680664062500e+02,8.276383666992187500e+02,8.276383666992187500e+02,8.276372680664062500e+02,-2.083785397462780774e+07
4.046000000000000263e+00,1.356554253189317383e-01,5.272640822900016566e-01,-1.416133003364548892e-02,-1.092985482780972628e-04,1.817115485363007821e-04,-3.161880192305982495e-07,9.172320365905761719e-01,5.227521896362304688e+00,-4.931335449218750000e+00,-1.356554253189317383e-01,-5.272640822900016566e-01,1.416133003364548892e-02,0.000000000000000000e+00,0.000000000000000000e+00,0.000000000000000000e+00,0.000000000000000000e+00,0.000000000000000000e+00,0.000000000000000000e+00,0.000000000000000000e+00,8.276372680664062500e+02,8.276384277343750000e+02,8.276384277343750000e+02,8.276372070312500000e+02,-2.083785427123815939e+07
4.046999999999999709e+00,1.355460904261261701e-01,5.274457628148587762e-01,-1.416130059042443844e-02,-1.093348928055681846e-04,1.816805248571196074e-04,2.944322105048746696e-08,9.172376394271850586e-01,5.227542877197265625e+00,-4.931354522705078125e+00,-1.355460904261261701e-01,-5.274457628148587762e-01,1.416130059042443844e-02,0.000000000000000000e+00,0.000000000000000000e+00,0.000000000000000000e+00,0.000000000000000000e+00,0.000000000000000000e+00,0.000000000000000000e+00,0.000000000000000000e+00,8.276372070312500000e+02,8.276384887695312500e+02,8.276384887695312500e+02,8.276372070312500000e+02,-2.083785456801047549e+07
4.048000000000000043e+00,1.354367354447494343e-01,5.276274217949619150e-01,-1.416095041258358042e-02,-1.093549813767358270e-04,1.816589801031387452e-04,3.501778408580152879e-07,9.172428846359252930e-01,5.227564811706542969e+00,-4.931376457214355469e+00,-1.354367354447494343e-01,-5.276274217949619150e-01,1.416095041258358042e-02,0.000000000000000000e+00,0.000000000000000000e+00,0.000000000000000000e+00,0.000000000000000000e+00,0.000000000000000000e+00,0.000000000000000000e+00,0.000000000000000000e+00,8.276371459960937500e+02,8.276384887695312500e+02,8.276384887695312500e+02,8.276371459960937500e+02,-2.083785486494481191e+07
4.049000000000000377e+00,1.353273257323646395e-01,5.278091345004247703e-01,-1.416030204263995194e-02,-1.094097123847947994e-04,1.817127054628553395e-04,6.483699436284767748e-07,9.172478914260864258e-01,5.227586269378662109e+00,-4.931396007537841797e+00,-1.353273257323646395e-01,-5.278091345004247703e-01,1.416030204263995194e-02,0.000000000000000000e+00,0.000000000000000000e+00,0.000000000000000000e+00,0.000000000000000000e+00,0.000000000000000000e+00,0.000000000000000000e+00,0.000000000000000000e+00,8.276371459960937500e+02,8.276385498046875000e+02,8.276385498046875000e+02,8.276371459960937500e+02,-2.083785516204129532e+07
4.049999999999999822e+00,1.352178480664184557e-01,5.279907941725290321e-01,-1.415938447519840548e-02,-1.094776659461837998e-04,1.816596721042618157e-04,9.175674415464601941e-07,9.172533750534057617e-01,5.227609634399414062e+00,-4.931415557861328125e+00,-1.352178480664184557e-01,-5.279907941725290321e-01,1.415938447519840548e-02,0.000000000000000000e+00,0.000000000000000000e+00,0.000000000000000000e+00,0.000000000000000000e+00,0.000000000000000000e+00,0.000000000000000000e+00,0.000000000000000000e+00,8.276370849609375000e+02,8.276385498046875000e+02,8.276385498046875000e+02,8.276370849609375000e+02,-2.083785545929992944e+07
4.051000000000000156e+00,1.351083025724540976e-01,5.281724007780753682e-01,-1.415822522511901368e-02,-1.095454939643580872e-04,1.816066055463361195e-04,1.159250079391799249e-06,9.172586202621459961e-01,5.227632045745849609e+00,-4.931435585021972656e+00,-1.351083025724540976e-01,-5.281724007780753682e-01,1.415822522511901368e-02,0.000000000000000000e+00,0.000000000000000000e+00,0.000000000000000000e+00,0.000000000000000000e+00,0.000000000000000000e+00,0.000000000000000000e+00,0.000000000000000000e+00,8.276370849609375000e+02,8.276386108398437500e+02,8.276386108398437500e+02,8.276370849609375000e+02,-2.083785575672072172e+07
4.051999999999999602e+00,1.349986627176974485e-01,5.283540076457102774e-01,-1.415685508235393561e-02,-1.096398547566490578e-04,1.816068676349091859e-04,1.370142765078075087e-06,9.172639846801757812e-01,5.227653980255126953e+00,-4.931457519531250000e+00,-1.349986627176974485e-01,-5.283540076457102774e-01,1.415685508235393561e-02,0.000000000000000000e+00,0.000000000000000000e+00,0.000000000000000000e+00,0.000000000000000000e+00,0.000000000000000000e+00,0.000000000000000000e+00,0.000000000000000000e+00,8.276370849609375000e+02,8.276386108398437500e+02,8.276386108398437500e+02,8.276370239257812500e+02,-2.083785605430373549e+07
4.052999999999999936e+00,1.348889286513581531e-01,5.285355613720897905e-01,-1.415530816889963572e-02,-1.097340663392953886e-04,1.815537263795130585e-04,1.546913454299886359e-06,9.172695875167846680e-01,5.227675914764404297e+00,-4.931476593017578125e+00,-1.348889286513581531e-01,-5.285355613720897905e-01,1.415530816889963572e-02,0.000000000000000000e+00,0.000000000000000000e+00,0.000000000000000000e+00,0.000000000000000000e+00,0.000000000000000000e+00,0.000000000000000000e+00,0.000000000000000000e+00,8.276370239257812500e+02,8.276386108398437500e+02,8.276386108398437500e+02,8.276370239257812500e+02,-2.083785635204897076e+07
4.054000000000000270e+00,1.347790871855784056e-01,5.287171152835506982e-01,-1.415361616974701760e-02,-1.098414657797475158e-04,1.815539114609077131e-04,1.691999152618126057e-06,9.172748327255249023e-01,5.227699279785156250e+00,-4.931496143341064453e+00,-1.347790871855784056e-01,-5.287171152835506982e-01,1.415361616974701760e-02,0.000000000000000000e+00,0.000000000000000000e+00,0.000000000000000000e+00,0.000000000000000000e+00,0.000000000000000000e+00,0.000000000000000000e+00,0.000000000000000000e+00,8.276370239257812500e+02,8.276386108398437500e+02,8.276386108398437500e+02,8.276370239257812500e+02,-2.083785664995648712e+07
4.054999999999999716e+00,1.346691251408692058e-01,5.288986159756353667e-01,-1.415181564673143218e-02,-1.099620447091997910e-04,1.815006920846684579e-04,1.800523015585420161e-06,9.172798395156860352e-01,5.227721691131591797e+00,-4.931516170501708984e+00,-1.346691251408692058e-01,-5.288986159756353667e-01,1.415181564673143218e-02,0.000000000000000000e+00,0.000000000000000000e+00,0.000000000000000000e+00,0.000000000000000000e+00,0.000000000000000000e+00,0.000000000000000000e+00,0.000000000000000000e+00,8.276370239257812500e+02,8.276386108398437500e+02,8.276386108398437500e+02,8.276370239257812500e+02,-2.083785694802628085e+07
4.056000000000000050e+00,1.345590213246617428e-01,5.290800852341701610e-01,-1.414993997955256433e-02,-1.101038162074630122e-04,1.814692585347943421e-04,1.875667178867848617e-06,9.172853231430053711e-01,5.227743148803710938e+00,-4.931537628173828125e+00,-1.345590213246617428e-01,-5.290800852341701610e-01,1.414993997955256433e-02,0.000000000000000000e+00,0.000000000000000000e+00,0.000000000000000000e+00,0.000000000000000000e+00,0.000000000000000000e+00,0.000000000000000000e+00,0.000000000000000000e+00,8.276370239257812500e+02,8.276386108398437500e+02,8.276386108398437500e+02,8.276370239257812500e+02,-2.083785724625836685e+07
4.057000000000000384e+00,1.344487785942493629e-01,5.292614793563158448e-01,-1.414802811396551237e-02,-1.102427304123798635e-04,1.813941221456838448e-04,1.911865587051961302e-06,9.172904491424560547e-01,5.227765083312988281e+00,-4.931556224822998047e+00,-1.344487785942493629e-01,-5.292614793563158448e-01,1.414802811396551237e-02,0.000000000000000000e+00,0.000000000000000000e+00,0.000000000000000000e+00,0.000000000000000000e+00,0.000000000000000000e+00,0.000000000000000000e+00,0.000000000000000000e+00,8.276370849609375000e+02,8.276386108398437500e+02,8.276386108398437500e+02,8.276370239257812500e+02,-2.083785754465272278e+07
4.057999999999999829e+00,1.343384024474435223e-01,5.294428734964031769e-01,-1.414611528297260445e-02,-1.103761468058406248e-04,1.813941400873320120e-04,1.912830992907912919e-06,9.172956943511962891e-01,5.227786540985107422e+00,-4.931575298309326172e+00,-1.343384024474435223e-01,-5.294428734964031769e-01,1.414611528297260445e-02,0.000000000000000000e+00,0.000000000000000000e+00,0.000000000000000000e+00,0.000000000000000000e+00,0.000000000000000000e+00,0.000000000000000000e+00,0.000000000000000000e+00,8.276370849609375000e+02,8.276386108398437500e+02,8.276386108398437500e+02,8.276370849609375000e+02,-2.083785784320939705e+07
4.059000000000000163e+00,1.342278796982223632e-01,5.296241608880000173e-01,-1.414423798582055587e-02,-1.105227492211591223e-04,1.812873915968404859e-04,1.877297152048582052e-06,9.173012971878051758e-01,5.227808952331542969e+00,-4.931596279144287109e+00,-1.342278796982223632e-01,-5.296241608880000173e-01,1.414423798582055587e-02,0.000000000000000000e+00,0.000000000000000000e+00,0.000000000000000000e+00,0.000000000000000000e+00,0.000000000000000000e+00,0.000000000000000000e+00,0.000000000000000000e+00,8.276370849609375000e+02,8.276385498046875000e+02,8.276385498046875000e+02,8.276370849609375000e+02,-2.083785814192833379e+07
4.059999999999999609e+00,1.341171971867584078e-01,5.298054482158848222e-01,-1.414243213848465595e-02,-1.106825114639553576e-04,1.812873278848048386e-04,1.805847335899918304e-06,9.173065423965454102e-01,5.227832317352294922e+00,-4.931615829467773438e+00,-1.341171971867584078e-01,-5.298054482158848222e-01,1.414243213848465595e-02,0.000000000000000000e+00,0.000000000000000000e+00,0.000000000000000000e+00,0.000000000000000000e+00,0.000000000000000000e+00,0.000000000000000000e+00,0.000000000000000000e+00,8.276371459960937500e+02,8.276385498046875000e+02,8.276385498046875000e+02,8.276371459960937500e+02,-2.083785844080957770e+07
4.060999999999999943e+00,1.340063684124240539e-01,5.299866820742540341e-01,-1.414073359236905740e-02,-1.108287743343538967e-04,1.812338583692119087e-04,1.698546115598553730e-06,9.173117876052856445e-01,5.227853775024414062e+00,-4.931636333465576172e+00,-1.340063684124240539e-01,-5.299866820742540341e-01,1.414073359236905740e-02,0.000000000000000000e+00,0.000000000000000000e+00,0.000000000000000000e+00,0.000000000000000000e+00,0.000000000000000000e+00,0.000000000000000000e+00,0.000000000000000000e+00,8.276371459960937500e+02,8.276384887695312500e+02,8.276384887695312500e+02,8.276371459960937500e+02,-2.083785873985312879e+07
4.062000000000000277e+00,1.338953668564097643e-01,5.301678624256636052e-01,-1.413917724265497354e-02,-1.110015560142896263e-04,1.811803514095711165e-04,1.556349714083860025e-06,9.173172712326049805e-01,5.227877140045166016e+00,-4.931655883789062500e+00,-1.338953668564097643e-01,-5.301678624256636052e-01,1.413917724265497354e-02,0.000000000000000000e+00,0.000000000000000000e+00,0.000000000000000000e+00,0.000000000000000000e+00,0.000000000000000000e+00,0.000000000000000000e+00,0.000000000000000000e+00,8.276372070312500000e+02,8.276384887695312500e+02,8.276384887695312500e+02,8.276372070312500000e+02,-2.083785903905897588e+07
4.062999999999999723e+00,1.337842060069654171e-01,5.303489358674977616e-01,-1.413779643962390087e-02,-1.111608494443472317e-04,1.810734418341564123e-04,1.380803031072672105e-06,9.173225164413452148e-01,5.227898120880126953e+00,-4.931674480438232422e+00,-1.337842060069654171e-01,-5.303489358674977616e-01,1.413779643962390087e-02,0.000000000000000000e+00,0.000000000000000000e+00,0.000000000000000000e+00,0.000000000000000000e+00,0.000000000000000000e+00,0.000000000000000000e+00,0.000000000000000000e+00,8.276372680664062500e+02,8.276384277343750000e+02,8.276384277343750000e+02,8.276372680664062500e+02,-2.083785933842705935e+07
4.064000000000000057e+00,1.336728726935604017e-01,5.305300090880126218e-01,-1.413662459734019335e-02,-1.113333134050153994e-04,1.810732205148601892e-04,1.171842283707522081e-06,9.173276424407958984e-01,5.227920532226562500e+00,-4.931695938110351562e+00,-1.336728726935604017e-01,-5.305300090880126218e-01,1.413662459734019335e-02,0.000000000000000000e+00,0.000000000000000000e+00,0.000000000000000000e+00,0.000000000000000000e+00,0.000000000000000000e+00,0.000000000000000000e+00,0.000000000000000000e+00,8.276372680664062500e+02,8.276383666992187500e+02,8.276383666992187500e+02,8.276372680664062500e+02,-2.083785963795743138e+07
4.065000000000000391e+00,1.335613937300878518e-01,5.307110286871683513e-01,-1.413569179271320642e-02,-1.114789634725499301e-04,1.810195991557295159e-04,9.328046269869300078e-07,9.173330068588256836e-01,5.227941989898681641e+00,-4.931715965270996094e+00,-1.335613937300878518e-01,-5.307110286871683513e-01,1.413569179271320642e-02,0.000000000000000000e+00,0.000000000000000000e+00,0.000000000000000000e+00,0.000000000000000000e+00,0.000000000000000000e+00,0.000000000000000000e+00,0.000000000000000000e+00,8.276373291015625000e+02,8.276383056640625000e+02,8.276383056640625000e+02,8.276373291015625000e+02,-2.083785993765009195e+07
4.065999999999999837e+00,1.334497479616544580e-01,5.308919629874333523e-01,-1.413502634036651814e-02,-1.116457684333937994e-04,1.809343002650010135e-04,6.654523466882722449e-07,9.173384904861450195e-01,5.227964401245117188e+00,-4.931735038757324219e+00,-1.334497479616544580e-01,-5.308919629874333523e-01,1.413502634036651814e-02,0.000000000000000000e+00,0.000000000000000000e+00,0.000000000000000000e+00,0.000000000000000000e+00,0.000000000000000000e+00,0.000000000000000000e+00,0.000000000000000000e+00,8.276373901367187500e+02,8.276382446289062500e+02,8.276382446289062500e+02,8.276373901367187500e+02,-2.083786023750500381e+07
4.067000000000000171e+00,1.333379514135089872e-01,5.310728218769061870e-01,-1.413465647018491249e-02,-1.117965481454707977e-04,1.808588894728346830e-04,3.698701816056554348e-07,9.173436164855957031e-01,5.227985858917236328e+00,-4.931754589080810547e+00,-1.333379514135089872e-01,-5.310728218769061870e-01,1.413465647018491249e-02,0.000000000000000000e+00,0.000000000000000000e+00,0.000000000000000000e+00,0.000000000000000000e+00,0.000000000000000000e+00,0.000000000000000000e+00,0.000000000000000000e+00,8.276374511718750000e+02,8.276381835937500000e+02,8.276381835937500000e+02,8.276374511718750000e+02,-2.083786053752214462e+07
4.067999999999999616e+00,1.332259962645561402e-01,5.312536804164361692e-01,-1.413460734778259481e-02,-1.119551489528469723e-04,1.808585395299822096e-04,4.912240231767783794e-08,9.173491001129150391e-01,5.228008747100830078e+00,-4.931775569915771484e+00,-1.332259962645561402e-01,-5.312536804164361692e-01,1.413460734778259481e-02,0.000000000000000000e+00,0.000000000000000000e+00,0.000000000000000000e+00,0.000000000000000000e+00,0.000000000000000000e+00,0.000000000000000000e+00,0.000000000000000000e+00,8.276375122070312500e+02,8.276381225585937500e+02,8.276381225585937500e+02,8.276375122070312500e+02,-2.083786083770157024e+07
4.068999999999999950e+00,1.331139092907409893e-01,5.314344852161145827e-01,-1.413490071262461095e-02,-1.120869738151508699e-04,1.808047996784134526e-04,-2.933648420161416581e-07,9.173538684844970703e-01,5.228031158447265625e+00,-4.931795120239257812e+00,-1.331139092907409893e-01,-5.314344852161145827e-01,1.413490071262461095e-02,0.000000000000000000e+00,0.000000000000000000e+00,0.000000000000000000e+00,0.000000000000000000e+00,0.000000000000000000e+00,0.000000000000000000e+00,0.000000000000000000e+00,8.276375732421875000e+02,8.276380615234375000e+02,8.276380615234375000e+02,8.276375732421875000e+02,-2.083786113804329187e+07
4.070000000000000284e+00,1.330016772458444962e-01,5.316152362553078214e-01,-1.413555651332639752e-02,-1.122320448964930772e-04,1.807510391932387606e-04,-6.558007017865713495e-07,9.173591136932373047e-01,5.228051185607910156e+00,-4.931813240051269531e+00,-1.330016772458444962e-01,-5.316152362553078214e-01,1.413555651332639752e-02,0.000000000000000000e+00,0.000000000000000000e+00,0.000000000000000000e+00,0.000000000000000000e+00,0.000000000000000000e+00,0.000000000000000000e+00,0.000000000000000000e+00,8.276376342773437500e+02,8.276380004882812500e+02,8.276380004882812500e+02,8.276376342773437500e+02,-2.083786143854731321e+07
4.070999999999999730e+00,1.328893135570800854e-01,5.317959868767231368e-01,-1.413659154906513060e-02,-1.123636887644108295e-04,1.807506214153153934e-04,-1.035035738733078303e-06,9.173642396926879883e-01,5.228073596954345703e+00,-4.931833744049072266e+00,-1.328893135570800854e-01,-5.317959868767231368e-01,1.413659154906513060e-02,0.000000000000000000e+00,0.000000000000000000e+00,0.000000000000000000e+00,0.000000000000000000e+00,0.000000000000000000e+00,0.000000000000000000e+00,0.000000000000000000e+00,8.276376953125000000e+02,8.276379394531250000e+02,8.276379394531250000e+02,8.276376953125000000e+02,-2.083786173921369761e+07
4.072000000000000064e+00,1.327768449584915134e-01,5.319766303368369531e-01,-1.413801999369228984e-02,-1.124685985885720552e-04,1.806434601138162677e-04,-1.428444627159242142e-06,9.173696041107177734e-01,5.228095054626464844e+00,-4.931852340698242188e+00,-1.327768449584915134e-01,-5.319766303368369531e-01,1.413801999369228984e-02,0.000000000000000000e+00,0.000000000000000000e+00,0.000000000000000000e+00,0.000000000000000000e+00,0.000000000000000000e+00,0.000000000000000000e+00,0.000000000000000000e+00,8.276378173828125000e+02,8.276378784179687500e+02,8.276378784179687500e+02,8.276378173828125000e+02,-2.083786204004240781e+07
4.073000000000000398e+00,1.326642448435612076e-01,5.321572733505725017e-01,-1.413985435372789104e-02,-1.126001149303057502e-04,1.806430137355485854e-04,-1.834360035601195760e-06,9.173748493194580078e-01,5.228115558624267578e+00,-4.931871891021728516e+00,-1.326642448435612076e-01,-5.321572733505725017e-01,1.413985435372789104e-02,0.000000000000000000e+00,0.000000000000000000e+00,0.000000000000000000e+00,0.000000000000000000e+00,0.000000000000000000e+00,0.000000000000000000e+00,0.000000000000000000e+00,8.276378784179687500e+02,8.276378173828125000e+02,8.276378173828125000e+02,8.276378784179687500e+02,-2.083786234103350714e+07
4.073999999999999844e+00,1.325515665965566470e-01,5.323378625435465361e-01,-1.414210065119386912e-02,-1.126782470045606388e-04,1.805891929740344182e-04,-2.246297465978083774e-06,9.173800945281982422e-01,5.228137493133544922e+00,-4.931891918182373047e+00,-1.325515665965566470e-01,-5.323378625435465361e-01,1.414210065119386912e-02,0.000000000000000000e+00,0.000000000000000000e+00,0.000000000000000000e+00,0.000000000000000000e+00,0.000000000000000000e+00,0.000000000000000000e+00,0.000000000000000000e+00,8.276379394531250000e+02,8.276377563476562500e+02,8.276377563476562500e+02,8.276379394531250000e+02,-2.083786264218702540e+07
4.075000000000000178e+00,1.324387835729465279e-01,5.325183979114608279e-01,-1.414476626601851930e-02,-1.127830236101190486e-04,1.805353679142918111e-04,-2.665614824650178183e-06,9.173849821090698242e-01,5.228157520294189453e+00,-4.931910991668701172e+00,-1.324387835729465279e-01,-5.325183979114608279e-01,1.414476626601851930e-02,0.000000000000000000e+00,0.000000000000000000e+00,0.000000000000000000e+00,0.000000000000000000e+00,0.000000000000000000e+00,0.000000000000000000e+00,0.000000000000000000e+00,8.276380004882812500e+02,8.276376953125000000e+02,8.276376953125000000e+02,8.276380004882812500e+02,-2.083786294350297377e+07
4.075999999999999623e+00,1.323259279206159544e-01,5.326989010598445207e-01,-1.414785063902288323e-02,-1.128556523305734860e-04,1.805031483836927464e-04,-3.084373004363927251e-06,9.173902273178100586e-01,5.228182315826416016e+00,-4.931931495666503906e+00,-1.323259279206159544e-01,-5.326989010598445207e-01,1.414785063902288323e-02,0.000000000000000000e+00,0.000000000000000000e+00,0.000000000000000000e+00,0.000000000000000000e+00,0.000000000000000000e+00,0.000000000000000000e+00,0.000000000000000000e+00,8.276380615234375000e+02,8.276375732421875000e+02,8.276375732421875000e+02,8.276380615234375000e+02,-2.083786324498140439e+07
4.076999999999999957e+00,1.322130020747080414e-01,5.328794354878414463e-01,-1.415135532093669997e-02,-1.129258459079129917e-04,1.805344279969256505e-04,-3.504681913816740102e-06,9.173952341079711914e-01,5.228202342987060547e+00,-4.931949138641357422e+00,-1.322130020747080414e-01,-5.328794354878414463e-01,1.415135532093669997e-02,0.000000000000000000e+00,0.000000000000000000e+00,0.000000000000000000e+00,0.000000000000000000e+00,0.000000000000000000e+00,0.000000000000000000e+00,0.000000000000000000e+00,8.276381225585937500e+02,8.276375122070312500e+02,8.276375122070312500e+02,8.276381225585937500e+02,-2.083786354662243649e+07
4.078000000000000291e+00,1.321000381420915915e-01,5.330599160914515355e-01,-1.415527546060862431e-02,-1.129639326164499913e-04,1.804806036100892186e-04,-3.920139671924338653e-06,9.174005985260009766e-01,5.228223800659179688e+00,-4.931968688964843750e+00,-1.321000381420915915e-01,-5.330599160914515355e-01,1.415527546060862431e-02,0.000000000000000000e+00,0.000000000000000000e+00,0.000000000000000000e+00,0.000000000000000000e+00,0.000000000000000000e+00,0.000000000000000000e+00,0.000000000000000000e+00,8.276381835937500000e+02,8.276374511718750000e+02,8.276374511718750000e+02,8.276381835937500000e+02,-2.083786384842610359e+07
4.078999999999999737e+00,1.319870360894923600e-01,5.332403962450156243e-01,-1.415960194791061541e-02,-1.130020525992314617e-04,1.804801535640887522e-04,-4.326487301991102652e-06,9.174052476882934570e-01,5.228244304656982422e+00,-4.931987762451171875e+00,-1.319870360894923600e-01,-5.332403962450156243e-01,1.415960194791061541e-02,0.000000000000000000e+00,0.000000000000000000e+00,0.000000000000000000e+00,0.000000000000000000e+00,0.000000000000000000e+00,0.000000000000000000e+00,0.000000000000000000e+00,8.276382446289062500e+02,8.276373901367187500e+02,8.276373901367187500e+02,8.276382446289062500e+02,-2.083786415039249510e+07
4.080000000000000071e+00,1.318740092168039779e-01,5.334208759587172333e-01,-1.416432567310334407e-02,-1.130268726883820740e-04,1.804797137016089792e-04,-4.723725192728664424e-06,9.174106121063232422e-01,5.228267192840576172e+00,-4.932006835937500000e+00,-1.318740092168039779e-01,-5.334208759587172333e-01,1.416432567310334407e-02,0.000000000000000000e+00,0.000000000000000000e+00,0.000000000000000000e+00,0.000000000000000000e+00,0.000000000000000000e+00,0.000000000000000000e+00,0.000000000000000000e+00,8.276383056640625000e+02,8.276373291015625000e+02,8.276373901367187500e+02,8.276383056640625000e+02,-2.083786445252170786e+07
4.081000000000000405e+00,1.317609708005671176e-01,5.336013552484504263e-01,-1.416943252379095075e-02,-1.130384162368602841e-04,1.804792897331930490e-04,-5.106850687606676042e-06,9.174156188964843750e-01,5.228288173675537109e+00,-4.932027339935302734e+00,-1.317609708005671176e-01,-5.336013552484504263e-01,1.416943252379095075e-02,0.000000000000000000e+00,0.000000000000000000e+00,0.000000000000000000e+00,0.000000000000000000e+00,0.000000000000000000e+00,0.000000000000000000e+00,0.000000000000000000e+00,8.276383666992187500e+02,8.276373291015625000e+02,8.276373291015625000e+02,8.276383666992187500e+02,-2.083786475481383875e+07
4.081999999999999851e+00,1.316479474462564081e-01,5.337818341313451675e-01,-1.417490594843489465e-02,-1.130233543107095340e-04,1.804788828947412327e-04,-5.473424643943902712e-06,9.174206256866455078e-01,5.228308677673339844e+00,-4.932044506072998047e+00,-1.316479474462564081e-01,-5.337818341313451675e-01,1.417490594843489465e-02,0.000000000000000000e+00,0.000000000000000000e+00,0.000000000000000000e+00,0.000000000000000000e+00,0.000000000000000000e+00,0.000000000000000000e+00,0.000000000000000000e+00,8.276384277343750000e+02,8.276372680664062500e+02,8.276372680664062500e+02,8.276384277343750000e+02,-2.083786505726899579e+07
4.083000000000000185e+00,1.315349390626649462e-01,5.339622592669758250e-01,-1.418072754240638084e-02,-1.130083835914619250e-04,1.804251356306574294e-04,-5.821593971486183072e-06,9.174257516860961914e-01,5.228328704833984375e+00,-4.932063579559326172e+00,-1.315349390626649462e-01,-5.339622592669758250e-01,1.418072754240638084e-02,0.000000000000000000e+00,0.000000000000000000e+00,0.000000000000000000e+00,0.000000000000000000e+00,0.000000000000000000e+00,0.000000000000000000e+00,0.000000000000000000e+00,8.276384277343750000e+02,8.276372070312500000e+02,8.276372070312500000e+02,8.276384277343750000e+02,-2.083786535988722369e+07
4.083999999999999631e+00,1.314219589020887979e-01,5.341427374057102773e-01,-1.418687497839888310e-02,-1.129801605761482364e-04,1.804781387344522869e-04,-6.147435992502267577e-06,9.174307584762573242e-01,5.228349685668945312e+00,-4.932082176208496094e+00,-1.314219589020887979e-01,-5.341427374057102773e-01,1.418687497839888310e-02,0.000000000000000000e+00,0.000000000000000000e+00,0.000000000000000000e+00,0.000000000000000000e+00,0.000000000000000000e+00,0.000000000000000000e+00,0.000000000000000000e+00,8.276384887695312500e+02,8.276371459960937500e+02,8.276371459960937500e+02,8.276384887695312500e+02,-2.083786566266868636e+07
4.084999999999999964e+00,1.313090123710821955e-01,5.343232367242620739e-01,-1.419332332918785654e-02,-1.129465310066024575e-04,1.804993185517966836e-04,-6.448350788973433723e-06,9.174355268478393555e-01,5.228372097015380859e+00,-4.932102680206298828e+00,-1.313090123710821955e-01,-5.343232367242620739e-01,1.419332332918785654e-02,0.000000000000000000e+00,0.000000000000000000e+00,0.000000000000000000e+00,0.000000000000000000e+00,0.000000000000000000e+00,0.000000000000000000e+00,0.000000000000000000e+00,8.276385498046875000e+02,8.276371459960937500e+02,8.276371459960937500e+02,8.276385498046875000e+02,-2.083786596561351418e+07
4.086000000000000298e+00,1.311961416694874538e-01,5.345037142147884834e-01,-1.420004836804150683e-02,-1.128707015947416625e-04,1.804774905264094897e-04,-6.725038853650291970e-06,9.174410104751586914e-01,5.228393077850341797e+00,-4.932121276855468750e+00,-1.311961416694874538e-01,-5.345037142147884834e-01,1.420004836804150683e-02,0.000000000000000000e+00,0.000000000000000000e+00,0.000000000000000000e+00,0.000000000000000000e+00,0.000000000000000000e+00,0.000000000000000000e+00,0.000000000000000000e+00,8.276385498046875000e+02,8.276370849609375000e+02,8.276370849609375000e+02,8.276385498046875000e+02,-2.083786626872180402e+07
4.086999999999999744e+00,1.310833521845054250e-01,5.346842447963409128e-01,-1.420701945442058751e-02,-1.127894849820287870e-04,1.805305815524294033e-04,-6.971086379080684847e-06,9.174461364746093750e-01,5.228414058685302734e+00,-4.932139396667480469e+00,-1.310833521845054250e-01,-5.346842447963409128e-01,1.420701945442058751e-02,0.000000000000000000e+00,0.000000000000000000e+00,0.000000000000000000e+00,0.000000000000000000e+00,0.000000000000000000e+00,0.000000000000000000e+00,0.000000000000000000e+00,8.276386108398437500e+02,8.276370849609375000e+02,8.276370849609375000e+02,8.276385498046875000e+02,-2.083786657199373096e+07
4.088000000000000078e+00,1.309706304290519929e-01,5.348647751429492780e-01,-1.421420644877315238e-02,-1.127217554534321042e-04,1.805303466083651998e-04,-7.186994352564868294e-06,9.174506664276123047e-01,5.228435993194580078e+00,-4.932159423828125000e+00,-1.309706304290519929e-01,-5.348647751429492780e-01,1.421420644877315238e-02,0.000000000000000000e+00,0.000000000000000000e+00,0.000000000000000000e+00,0.000000000000000000e+00,0.000000000000000000e+00,0.000000000000000000e+00,0.000000000000000000e+00,8.276386108398437500e+02,8.276370849609375000e+02,8.276370849609375000e+02,8.276386108398437500e+02,-2.083786687542940676e+07
4.089000000000000412e+00,1.308580162931851365e-01,5.350454120117746903e-01,-1.422157797634726432e-02,-1.126141358668564241e-04,1.806368688254123001e-04,-7.371527574111941261e-06,9.174561500549316406e-01,5.228456974029541016e+00,-4.932178497314453125e+00,-1.308580162931851365e-01,-5.350454120117746903e-01,1.422157797634726432e-02,0.000000000000000000e+00,0.000000000000000000e+00,0.000000000000000000e+00,0.000000000000000000e+00,0.000000000000000000e+00,0.000000000000000000e+00,0.000000000000000000e+00,8.276386108398437500e+02,8.276370239257812500e+02,8.276370239257812500e+02,8.276386108398437500e+02,-2.083786717902907357e+07
4.089999999999999858e+00,1.307455095995786742e-01,5.352259953536919745e-01,-1.422910050281259685e-02,-1.125066936064622602e-04,1.805833419172842014e-04,-7.522526465332524115e-06,9.174610376358032227e-01,5.228477954864501953e+00,-4.932196617126464844e+00,-1.307455095995786742e-01,-5.352259953536919745e-01,1.422910050281259685e-02,0.000000000000000000e+00,0.000000000000000000e+00,0.000000000000000000e+00,0.000000000000000000e+00,0.000000000000000000e+00,0.000000000000000000e+00,0.000000000000000000e+00,8.276386108398437500e+02,8.276370239257812500e+02,8.276370239257812500e+02,8.276386108398437500e+02,-2.083786748279279470e+07
4.091000000000000192e+00,1.306331235484385622e-01,5.354066852951326894e-01,-1.423673925477042003e-02,-1.123860511401120199e-04,1.806899414407148186e-04,-7.638751957823181060e-06,9.174658060073852539e-01,5.228496551513671875e+00,-4.932216167449951172e+00,-1.306331235484385622e-01,-5.354066852951326894e-01,1.423673925477042003e-02,0.000000000000000000e+00,0.000000000000000000e+00,0.000000000000000000e+00,0.000000000000000000e+00,0.000000000000000000e+00,0.000000000000000000e+00,0.000000000000000000e+00,8.276386108398437500e+02,8.276370239257812500e+02,8.276370239257812500e+02,8.276386108398437500e+02,-2.083786778672081232e+07
4.091999999999999638e+00,1.305208579577873396e-01,5.355873751521061932e-01,-1.424445825776275362e-02,-1.122655906512226576e-04,1.806898569735038151e-04,-7.719002992333592883e-06,9.174711704254150391e-01,5.228520393371582031e+00,-4.932235240936279297e+00,-1.305208579577873396e-01,-5.355873751521061932e-01,1.424445825776275362e-02,0.000000000000000000e+00,0.000000000000000000e+00,0.000000000000000000e+00,0.000000000000000000e+00,0.000000000000000000e+00,0.000000000000000000e+00,0.000000000000000000e+00,8.276386108398437500e+02,8.276370239257812500e+02,8.276370239257812500e+02,8.276386108398437500e+02,-2.083786809081324935e+07
4.092999999999999972e+00,1.304087260085394495e-01,5.357681183265854408e-01,-1.425222178258523688e-02,-1.121319492478900504e-04,1.807431744792475925e-04,-7.763524822483255927e-06,9.174760580062866211e-01,5.228539943695068359e+00,-4.932254314422607422e+00,-1.304087260085394495e-01,-5.357681183265854408e-01,1.425222178258523688e-02,0.000000000000000000e+00,0.000000000000000000e+00,0.000000000000000000e+00,0.000000000000000000e+00,0.000000000000000000e+00,0.000000000000000000e+00,0.000000000000000000e+00,8.276386108398437500e+02,8.276370849609375000e+02,8.276370849609375000e+02,8.276386108398437500e+02,-2.083786839507028833e+07
4.094000000000000306e+00,1.302967408664133242e-01,5.359488614952649943e-01,-1.425999397836655996e-02,-1.119851421261253144e-04,1.807431686795535342e-04,-7.772195781323085195e-06,9.174810647964477539e-01,5.228560924530029297e+00,-4.932271957397460938e+00,-1.302967408664133242e-01,-5.359488614952649943e-01,1.425999397836655996e-02,0.000000000000000000e+00,0.000000000000000000e+00,0.000000000000000000e+00,0.000000000000000000e+00,0.000000000000000000e+00,0.000000000000000000e+00,0.000000000000000000e+00,8.276386108398437500e+02,8.276370849609375000e+02,8.276370849609375000e+02,8.276386108398437500e+02,-2.083786869949205965e+07
4.094999999999999751e+00,1.301848946150169495e-01,5.361296794678408473e-01,-1.426773663253217903e-02,-1.118462513963747185e-04,1.808179725758529699e-04,-7.742654165619061724e-06,9.174859523773193359e-01,5.228583812713623047e+00,-4.932292461395263672e+00,-1.301848946150169495e-01,-5.361296794678408473e-01,1.426773663253217903e-02,0.000000000000000000e+00,0.000000000000000000e+00,0.000000000000000000e+00,0.000000000000000000e+00,0.000000000000000000e+00,0.000000000000000000e+00,0.000000000000000000e+00,8.276385498046875000e+02,8.276370849609375000e+02,8.276370849609375000e+02,8.276385498046875000e+02,-2.083786900407876819e+07
4.096000000000000085e+00,1.300732159380305342e-01,5.363105828260309460e-01,-1.427541552206953133e-02,-1.116786769864153150e-04,1.809033581900987286e-04,-7.678889537352309724e-06,9.174907207489013672e-01,5.228604316711425781e+00,-4.932312488555908203e+00,-1.300732159380305342e-01,-5.363105828260309460e-01,1.427541552206953133e-02,0.000000000000000000e+00,0.000000000000000000e+00,0.000000000000000000e+00,0.000000000000000000e+00,0.000000000000000000e+00,0.000000000000000000e+00,0.000000000000000000e+00,8.276385498046875000e+02,8.276371459960937500e+02,8.276371459960937500e+02,8.276385498046875000e+02,-2.083786930883063748e+07
4.097000000000000419e+00,1.299616835565755579e-01,5.364914863020115998e-01,-1.428299385785821753e-02,-1.115323814549762371e-04,1.809034759806538162e-04,-7.578335788686191288e-06,9.174960851669311523e-01,5.228625774383544922e+00,-4.932329654693603516e+00,-1.299616835565755579e-01,-5.364914863020115998e-01,1.428299385785821753e-02,0.000000000000000000e+00,0.000000000000000000e+00,0.000000000000000000e+00,0.000000000000000000e+00,0.000000000000000000e+00,0.000000000000000000e+00,0.000000000000000000e+00,8.276384887695312500e+02,8.276371459960937500e+02,8.276371459960937500e+02,8.276384887695312500e+02,-2.083786961374779418e+07
4.097999999999999865e+00,1.298503240025326022e-01,5.366724966570829425e-01,-1.429043686748059788e-02,-1.113595540429557218e-04,1.810103550713426657e-04,-7.443009622380356016e-06,9.175010919570922852e-01,5.228646278381347656e+00,-4.932350635528564453e+00,-1.298503240025326022e-01,-5.366724966570829425e-01,1.429043686748059788e-02,0.000000000000000000e+00,0.000000000000000000e+00,0.000000000000000000e+00,0.000000000000000000e+00,0.000000000000000000e+00,0.000000000000000000e+00,0.000000000000000000e+00,8.276384887695312500e+02,8.276372070312500000e+02,8.276372070312500000e+02,8.276384887695312500e+02,-2.083786991883048788e+07
4.099000000000000199e+00,1.297391237669378583e-01,5.368535605685272882e-01,-1.429771024302296280e-02,-1.112002355947439014e-04,1.810639114443457487e-04,-7.273375542364915458e-06,9.175062179565429688e-01,5.228668689727783203e+00,-4.932368278503417969e+00,-1.297391237669378583e-01,-5.368535605685272882e-01,1.429771024302296280e-02,0.000000000000000000e+00,0.000000000000000000e+00,0.000000000000000000e+00,0.000000000000000000e+00,0.000000000000000000e+00,0.000000000000000000e+00,0.000000000000000000e+00,8.276384277343750000e+02,8.276372680664062500e+02,8.276372680664062500e+02,8.276384277343750000e+02,-2.083787022407889739e+07
4.099999999999999645e+00,1.296280693484134772e-01,5.370346247116077887e-01,-1.430478134427120782e-02,-1.110544185243811377e-04,1.810641430805004504e-04,-7.071101248245018067e-06,9.175114631652832031e-01,5.228691101074218750e+00,-4.932388305664062500e+00,-1.296280693484134772e-01,-5.370346247116077887e-01,1.430478134427120782e-02,0.000000000000000000e+00,0.000000000000000000e+00,0.000000000000000000e+00,0.000000000000000000e+00,0.000000000000000000e+00,0.000000000000000000e+00,0.000000000000000000e+00,8.276383666992187500e+02,8.276372680664062500e+02,8.276372680664062500e+02,8.276383666992187500e+02,-2.083787052949314937e+07
4.100999999999999979e+00,1.295172006345250704e-01,5.372157958418709578e-01,-1.431161879631857523e-02,-1.108687138884068002e-04,1.811711302631691112e-04,-6.837452047367409413e-06,9.175164699554443359e-01,5.228710174560546875e+00,-4.932407855987548828e+00,-1.295172006345250704e-01,-5.372157958418709578e-01,1.431161879631857523e-02,0.000000000000000000e+00,0.000000000000000000e+00,0.000000000000000000e+00,0.000000000000000000e+00,0.000000000000000000e+00,0.000000000000000000e+00,0.000000000000000000e+00,8.276383056640625000e+02,8.276373291015625000e+02,8.276373291015625000e+02,8.276383056640625000e+02,-2.083787083507348970e+07
4.102000000000000313e+00,1.294064774577738941e-01,5.373970206337603805e-01,-1.431819316900704783e-02,-1.107231767511762666e-04,1.812247918894227539e-04,-6.574372688472607251e-06,9.175214767456054688e-01,5.228730201721191406e+00,-4.932426452636718750e+00,-1.294064774577738941e-01,-5.373970206337603805e-01,1.431819316900704783e-02,0.000000000000000000e+00,0.000000000000000000e+00,0.000000000000000000e+00,0.000000000000000000e+00,0.000000000000000000e+00,0.000000000000000000e+00,0.000000000000000000e+00,8.276382446289062500e+02,8.276373901367187500e+02,8.276373901367187500e+02,8.276382446289062500e+02,-2.083787114082009345e+07
4.102999999999999758e+00,1.292959130210016294e-01,5.375782457533430092e-01,-1.432447695005602609e-02,-1.105644367722646848e-04,1.812251195826286576e-04,-6.283781048978254180e-06,9.175264835357666016e-01,5.228754043579101562e+00,-4.932445049285888672e+00,-1.292959130210016294e-01,-5.375782457533430092e-01,1.432447695005602609e-02,0.000000000000000000e+00,0.000000000000000000e+00,0.000000000000000000e+00,0.000000000000000000e+00,0.000000000000000000e+00,0.000000000000000000e+00,0.000000000000000000e+00,8.276381835937500000e+02,8.276374511718750000e+02,8.276374511718750000e+02,8.276381835937500000e+02,-2.083787144673308730e+07
4.104000000000000092e+00,1.291854861835279866e-01,5.377595458994945954e-01,-1.433044436633304150e-02,-1.104268374736427916e-04,1.813001461515861834e-04,-5.967416277015413772e-06,9.175316095352172852e-01,5.228774547576904297e+00,-4.932465076446533203e+00,-1.291854861835279866e-01,-5.377595458994945954e-01,1.433044436633304150e-02,0.000000000000000000e+00,0.000000000000000000e+00,0.000000000000000000e+00,0.000000000000000000e+00,0.000000000000000000e+00,0.000000000000000000e+00,0.000000000000000000e+00,8.276381225585937500e+02,8.276375122070312500e+02,8.276375122070312500e+02,8.276381225585937500e+02,-2.083787175281266868e+07
4.105000000000000426e+00,1.290752122144498137e-01,5.379408784729406978e-01,-1.433607275362427415e-02,-1.102739690781728843e-04,1.813325734461024297e-04,-5.628387291232647693e-06,9.175366163253784180e-01,5.228796482086181641e+00,-4.932484149932861328e+00,-1.290752122144498137e-01,-5.379408784729406978e-01,1.433607275362427415e-02,0.000000000000000000e+00,0.000000000000000000e+00,0.000000000000000000e+00,0.000000000000000000e+00,0.000000000000000000e+00,0.000000000000000000e+00,0.000000000000000000e+00,8.276380615234375000e+02,8.276375732421875000e+02,8.276375732421875000e+02,8.276380615234375000e+02,-2.083787205905899033e+07
4.105999999999999872e+00,1.289650833228449256e-01,5.381222648133748843e-01,-1.434134134409937450e-02,-1.101288916048881461e-04,1.813863404341864438e-04,-5.268590475100351500e-06,9.175419807434082031e-01,5.228818893432617188e+00,-4.932504177093505859e+00,-1.289650833228449256e-01,-5.381222648133748843e-01,1.434134134409937450e-02,0.000000000000000000e+00,0.000000000000000000e+00,0.000000000000000000e+00,0.000000000000000000e+00,0.000000000000000000e+00,0.000000000000000000e+00,0.000000000000000000e+00,8.276380004882812500e+02,8.276376342773437500e+02,8.276376342773437500e+02,8.276380004882812500e+02,-2.083787236547222733e+07
4.107000000000000206e+00,1.288550860955240684e-01,5.383037583026692996e-01,-1.434623345988916138e-02,-1.099972273208571494e-04,1.814934892944153333e-04,-4.892115789786877222e-06,9.175473451614379883e-01,5.228839874267578125e+00,-4.932524681091308594e+00,-1.288550860955240684e-01,-5.383037583026692996e-01,1.434623345988916138e-02,0.000000000000000000e+00,0.000000000000000000e+00,0.000000000000000000e+00,0.000000000000000000e+00,0.000000000000000000e+00,0.000000000000000000e+00,0.000000000000000000e+00,8.276379394531250000e+02,8.276376953125000000e+02,8.276376953125000000e+02,8.276379394531250000e+02,-2.083787267205261067e+07
4.107999999999999652e+00,1.287452070890845179e-01,5.384851988722983984e-01,-1.435073218264249807e-02,-1.098790064395505084e-04,1.814405696290988246e-04,-4.498722753336695246e-06,9.175523519515991211e-01,5.228861331939697266e+00,-4.932542800903320312e+00,-1.287452070890845179e-01,-5.384851988722983984e-01,1.435073218264249807e-02,0.000000000000000000e+00,0.000000000000000000e+00,0.000000000000000000e+00,0.000000000000000000e+00,0.000000000000000000e+00,0.000000000000000000e+00,0.000000000000000000e+00,8.276378784179687500e+02,8.276377563476562500e+02,8.276377563476562500e+02,8.276378784179687500e+02,-2.083787297880019248e+07
4.108999999999999986e+00,1.286354462772107687e-01,5.386667466201012777e-01,-1.435482768755286416e-02,-1.097608118737491978e-04,1.815477478028793001e-04,-4.095504910366087881e-06,9.175575971603393555e-01,5.228883743286132812e+00,-4.932562828063964844e+00,-1.286354462772107687e-01,-5.386667466201012777e-01,1.435482768755286416e-02,0.000000000000000000e+00,0.000000000000000000e+00,0.000000000000000000e+00,0.000000000000000000e+00,0.000000000000000000e+00,0.000000000000000000e+00,0.000000000000000000e+00,8.276378173828125000e+02,8.276378784179687500e+02,8.276378784179687500e+02,8.276378173828125000e+02,-2.083787328571519628e+07
4.110000000000000320e+00,1.285257902512848549e-01,5.388482948334886169e-01,-1.435850895294618797e-02,-1.096560259259138359e-04,1.815482133873391746e-04,-3.681265393323807089e-06,9.175624847412109375e-01,5.228903293609619141e+00,-4.932580471038818359e+00,-1.285257902512848549e-01,-5.388482948334886169e-01,1.435850895294618797e-02,0.000000000000000000e+00,0.000000000000000000e+00,0.000000000000000000e+00,0.000000000000000000e+00,0.000000000000000000e+00,0.000000000000000000e+00,0.000000000000000000e+00,8.276377563476562500e+02,8.276379394531250000e+02,8.276379394531250000e+02,8.276377563476562500e+02,-2.083787359279772639e+07
4.110999999999999766e+00,1.284162123159000024e-01,5.390298968817247571e-01,-1.436177174472360804e-02,-1.095779353848524984e-04,1.816020482361402344e-04,-3.262791777420073758e-06,9.175678491592407227e-01,5.228926658630371094e+00,-4.932601451873779297e+00,-1.284162123159000024e-01,-5.390298968817247571e-01,1.436177174472360804e-02,0.000000000000000000e+00,0.000000000000000000e+00,0.000000000000000000e+00,0.000000000000000000e+00,0.000000000000000000e+00,0.000000000000000000e+00,0.000000000000000000e+00,8.276376953125000000e+02,8.276380004882812500e+02,8.276380004882812500e+02,8.276376953125000000e+02,-2.083787390004793927e+07
4.112000000000000099e+00,1.283067257901355507e-01,5.392115527666712094e-01,-1.436461195689957455e-02,-1.094865257644517254e-04,1.816558849464522396e-04,-2.840212175966513874e-06,9.175732135772705078e-01,5.228949546813964844e+00,-4.932621955871582031e+00,-1.283067257901355507e-01,-5.392115527666712094e-01,1.436461195689957455e-02,0.000000000000000000e+00,0.000000000000000000e+00,0.000000000000000000e+00,0.000000000000000000e+00,0.000000000000000000e+00,0.000000000000000000e+00,0.000000000000000000e+00,8.276376342773437500e+02,8.276380615234375000e+02,8.276380615234375000e+02,8.276376342773437500e+02,-2.083787420746599510e+07
4.113000000000000433e+00,1.281973039909397871e-01,5.393932091258607509e-01,-1.436703107191972077e-02,-1.094217991957635583e-04,1.816563591895414831e-04,-2.419115020146217487e-06,9.175782203674316406e-01,5.228970527648925781e+00,-4.932641983032226562e+00,-1.281973039909397871e-01,-5.393932091258607509e-01,1.436703107191972077e-02,0.000000000000000000e+00,0.000000000000000000e+00,0.000000000000000000e+00,0.000000000000000000e+00,0.000000000000000000e+00,0.000000000000000000e+00,0.000000000000000000e+00,8.276375732421875000e+02,8.276381225585937500e+02,8.276381225585937500e+02,8.276375122070312500e+02,-2.083787451505199075e+07
4.113999999999999879e+00,1.280879259604983389e-01,5.395748337925487803e-01,-1.436903154186830282e-02,-1.093780304414482263e-04,1.816246666880294569e-04,-2.000469948582050961e-06,9.175838232040405273e-01,5.228992938995361328e+00,-4.932661056518554688e+00,-1.280879259604983389e-01,-5.395748337925487803e-01,1.436903154186830282e-02,0.000000000000000000e+00,0.000000000000000000e+00,0.000000000000000000e+00,0.000000000000000000e+00,0.000000000000000000e+00,0.000000000000000000e+00,0.000000000000000000e+00,8.276375122070312500e+02,8.276381835937500000e+02,8.276381835937500000e+02,8.276374511718750000e+02,-2.083787482280597836e+07
4.115000000000000213e+00,1.279785936518249290e-01,5.397564910766203816e-01,-1.437062078161924911e-02,-1.093323086734099281e-04,1.816572840716013104e-04,-1.589239750946283558e-06,9.175891876220703125e-01,5.229014873504638672e+00,-4.932680130004882812e+00,-1.279785936518249290e-01,-5.397564910766203816e-01,1.437062078161924911e-02,0.000000000000000000e+00,0.000000000000000000e+00,0.000000000000000000e+00,0.000000000000000000e+00,0.000000000000000000e+00,0.000000000000000000e+00,0.000000000000000000e+00,8.276374511718750000e+02,8.276382446289062500e+02,8.276382446289062500e+02,8.276373901367187500e+02,-2.083787513072808459e+07
4.115999999999999659e+00,1.278692861435304640e-01,5.399382021764227435e-01,-1.437180880698189778e-02,-1.093075082944650056e-04,1.817110998023618862e-04,-1.188025362648670313e-06,9.175940752029418945e-01,5.229036331176757812e+00,-4.932701110839843750e+00,-1.278692861435304640e-01,-5.399382021764227435e-01,1.437180880698189778e-02,0.000000000000000000e+00,0.000000000000000000e+00,0.000000000000000000e+00,0.000000000000000000e+00,0.000000000000000000e+00,0.000000000000000000e+00,0.000000000000000000e+00,8.276373901367187500e+02,8.276383056640625000e+02,8.276383056640625000e+02,8.276373901367187500e+02,-2.083787543881845102e+07
4.116999999999999993e+00,1.277599901444411989e-01,5.401199137158825270e-01,-1.437260800228163174e-02,-1.092959990892650168e-04,1.817115394597834666e-04,-7.991952997339624165e-07,9.175994396209716797e-01,5.229059696197509766e+00,-4.932722091674804688e+00,-1.277599901444411989e-01,-5.401199137158825270e-01,1.437260800228163174e-02,0.000000000000000000e+00,0.000000000000000000e+00,0.000000000000000000e+00,0.000000000000000000e+00,0.000000000000000000e+00,0.000000000000000000e+00,0.000000000000000000e+00,8.276373291015625000e+02,8.276383666992187500e+02,8.276383666992187500e+02,8.276373291015625000e+02,-2.083787574707715958e+07
4.118000000000000327e+00,1.276506923867213594e-01,5.403016256778541138e-01,-1.437303414666530818e-02,-1.092977577198395167e-04,1.817119619715867884e-04,-4.261443836764411408e-07,9.176045656204223633e-01,5.229080677032470703e+00,-4.932740211486816406e+00,-1.276506923867213594e-01,-5.403016256778541138e-01,1.437303414666530818e-02,0.000000000000000000e+00,0.000000000000000000e+00,0.000000000000000000e+00,0.000000000000000000e+00,0.000000000000000000e+00,0.000000000000000000e+00,0.000000000000000000e+00,8.276372680664062500e+02,8.276384277343750000e+02,8.276384277343750000e+02,8.276372680664062500e+02,-2.083787605550428852e+07
4.118999999999999773e+00,1.275413796144325707e-01,5.404833380424707290e-01,-1.437310552056901732e-02,-1.093127722887887732e-04,1.817123646166152184e-04,-7.137390370913487825e-08,9.176104068756103516e-01,5.229103088378906250e+00,-4.932760238647460938e+00,-1.275413796144325707e-01,-5.404833380424707290e-01,1.437310552056901732e-02,0.000000000000000000e+00,0.000000000000000000e+00,0.000000000000000000e+00,0.000000000000000000e+00,0.000000000000000000e+00,0.000000000000000000e+00,0.000000000000000000e+00,8.276372070312500000e+02,8.276384277343750000e+02,8.276384277343750000e+02,8.276372070312500000e+02,-2.083787636409991607e+07
4.120000000000000107e+00,1.274320385799548871e-01,5.406649974236259482e-01,-1.437284368007224825e-02,-1.093410344776835075e-04,1.816593811552191795e-04,2.618404967690696195e-07,9.176150560379028320e-01,5.229125976562500000e+00,-4.932780742645263672e+00,-1.274320385799548871e-01,-5.406649974236259482e-01,1.437284368007224825e-02,0.000000000000000000e+00,0.000000000000000000e+00,0.000000000000000000e+00,0.000000000000000000e+00,0.000000000000000000e+00,0.000000000000000000e+00,0.000000000000000000e+00,8.276371459960937500e+02,8.276384887695312500e+02,8.276384887695312500e+02,8.276371459960937500e+02,-2.083787667286405712e+07
4.121000000000000441e+00,1.273226560662752971e-01,5.408467105212491077e-01,-1.437227202711540384e-02,-1.093825136795900654e-04,1.817130976231595696e-04,5.716529568444012055e-07,9.176206588745117188e-01,5.229146957397460938e+00,-4.932800769805908203e+00,-1.273226560662752971e-01,-5.408467105212491077e-01,1.437227202711540384e-02,0.000000000000000000e+00,0.000000000000000000e+00,0.000000000000000000e+00,0.000000000000000000e+00,0.000000000000000000e+00,0.000000000000000000e+00,0.000000000000000000e+00,8.276371459960937500e+02,8.276385498046875000e+02,8.276385498046875000e+02,8.276371459960937500e+02,-2.083787698179684207e+07
4.121999999999999886e+00,1.272132188382058271e-01,5.410283705821740119e-01,-1.437141622718179218e-02,-1.094372280694699828e-04,1.816600609249041653e-04,8.557999336116645095e-07,9.176261425018310547e-01,5.229169845581054688e+00,-4.932819843292236328e+00,-1.272132188382058271e-01,-5.410283705821740119e-01,1.437141622718179218e-02,0.000000000000000000e+00,0.000000000000000000e+00,0.000000000000000000e+00,0.000000000000000000e+00,0.000000000000000000e+00,0.000000000000000000e+00,0.000000000000000000e+00,8.276370849609375000e+02,8.276385498046875000e+02,8.276385498046875000e+02,8.276370849609375000e+02,-2.083787729089828208e+07
4.123000000000000220e+00,1.271037061229746967e-01,5.412099986774873139e-01,-1.437030380452262134e-02,-1.095127152311303753e-04,1.816280953133020404e-04,1.112422659170844708e-06,9.176311492919921875e-01,5.229191780090332031e+00,-4.932839870452880859e+00,-1.271037061229746967e-01,-5.412099986774873139e-01,1.437030380452262134e-02,0.000000000000000000e+00,0.000000000000000000e+00,0.000000000000000000e+00,0.000000000000000000e+00,0.000000000000000000e+00,0.000000000000000000e+00,0.000000000000000000e+00,8.276370849609375000e+02,8.276385498046875000e+02,8.276386108398437500e+02,8.276370849609375000e+02,-2.083787760016840324e+07
4.123999999999999666e+00,1.269941065231310617e-01,5.413916059247424473e-01,-1.436896623159750370e-02,-1.095995998436349872e-04,1.816072472551333306e-04,1.337572925117630485e-06,9.176365137100219727e-01,5.229215145111083984e+00,-4.932861804962158203e+00,-1.269941065231310617e-01,-5.413916059247424473e-01,1.436896623159750370e-02,0.000000000000000000e+00,0.000000000000000000e+00,0.000000000000000000e+00,0.000000000000000000e+00,0.000000000000000000e+00,0.000000000000000000e+00,0.000000000000000000e+00,8.276370849609375000e+02,8.276386108398437500e+02,8.276386108398437500e+02,8.276370849609375000e+02,-2.083787790960724279e+07
4.125000000000000000e+00,1.268844259608108427e-01,5.415732133982533725e-01,-1.436743532733851525e-02,-1.096805623202190549e-04,1.816074735109252103e-04,1.530904258988455280e-06,9.176421165466308594e-01,5.229238033294677734e+00,-4.932879924774169922e+00,-1.268844259608108427e-01,-5.415732133982533725e-01,1.436743532733851525e-02,0.000000000000000000e+00,0.000000000000000000e+00,0.000000000000000000e+00,0.000000000000000000e+00,0.000000000000000000e+00,0.000000000000000000e+00,0.000000000000000000e+00,8.276370239257812500e+02,8.276386108398437500e+02,8.276386108398437500e+02,8.276370239257812500e+02,-2.083787821921486780e+07
4.126000000000000334e+00,1.267746378959896114e-01,5.417547677030292164e-01,-1.436574259012064932e-02,-1.097880648212312682e-04,1.815543047758438888e-04,1.692737217865933341e-06,9.176474809646606445e-01,5.229259014129638672e+00,-4.932900428771972656e+00,-1.267746378959896114e-01,-5.417547677030292164e-01,1.436574259012064932e-02,0.000000000000000000e+00,0.000000000000000000e+00,0.000000000000000000e+00,0.000000000000000000e+00,0.000000000000000000e+00,0.000000000000000000e+00,0.000000000000000000e+00,8.276370239257812500e+02,8.276386108398437500e+02,8.276386108398437500e+02,8.276370239257812500e+02,-2.083787852899127826e+07
4.126999999999999780e+00,1.266647291567741529e-01,5.419362688005938677e-01,-1.436392380948606044e-02,-1.099087392154585174e-04,1.815010975646513813e-04,1.818780634588873513e-06,9.176523685455322266e-01,5.229280948638916016e+00,-4.932920932769775391e+00,-1.266647291567741529e-01,-5.419362688005938677e-01,1.436392380948606044e-02,0.000000000000000000e+00,0.000000000000000000e+00,0.000000000000000000e+00,0.000000000000000000e+00,0.000000000000000000e+00,0.000000000000000000e+00,0.000000000000000000e+00,8.276370239257812500e+02,8.276386108398437500e+02,8.276386108398437500e+02,8.276370239257812500e+02,-2.083787883893647417e+07
4.128000000000000114e+00,1.265546999118178084e-01,5.421177700154574675e-01,-1.436201322945905232e-02,-1.100292449563444741e-04,1.815012148635997136e-04,1.910580027008126902e-06,9.176579713821411133e-01,5.229303836822509766e+00,-4.932940959930419922e+00,-1.265546999118178084e-01,-5.421177700154574675e-01,1.436201322945905232e-02,0.000000000000000000e+00,0.000000000000000000e+00,0.000000000000000000e+00,0.000000000000000000e+00,0.000000000000000000e+00,0.000000000000000000e+00,0.000000000000000000e+00,8.276370239257812500e+02,8.276386108398437500e+02,8.276386108398437500e+02,8.276370239257812500e+02,-2.083787914905051142e+07
4.128999999999999559e+00,1.264445369860913992e-01,5.422992179458838713e-01,-1.436004741414502808e-02,-1.101629257264091777e-04,1.814479304264038362e-04,1.965815314024232929e-06,9.176634550094604492e-01,5.229326725006103516e+00,-4.932962417602539062e+00,-1.264445369860913992e-01,-5.422992179458838713e-01,1.436004741414502808e-02,0.000000000000000000e+00,0.000000000000000000e+00,0.000000000000000000e+00,0.000000000000000000e+00,0.000000000000000000e+00,0.000000000000000000e+00,0.000000000000000000e+00,8.276370239257812500e+02,8.276386108398437500e+02,8.276386108398437500e+02,8.276370239257812500e+02,-2.083787945933338627e+07
4.129999999999999893e+00,1.263342272083766704e-01,5.424806125538043089e-01,-1.435806215290965672e-02,-1.103097777147288294e-04,1.813946079204376005e-04,1.985261235371363342e-06,9.176685810089111328e-01,5.229347229003906250e+00,-4.932981014251708984e+00,-1.263342272083766704e-01,-5.424806125538043089e-01,1.435806215290965672e-02,0.000000000000000000e+00,0.000000000000000000e+00,0.000000000000000000e+00,0.000000000000000000e+00,0.000000000000000000e+00,0.000000000000000000e+00,0.000000000000000000e+00,8.276370849609375000e+02,8.276386108398437500e+02,8.276386108398437500e+02,8.276370849609375000e+02,-2.083787976978509128e+07
4.131000000000000227e+00,1.262237707562648414e-01,5.426619537978492058e-01,-1.435609496579920950e-02,-1.104564521118289733e-04,1.813412440448969321e-04,1.967187110447216059e-06,9.176738262176513672e-01,5.229371070861816406e+00,-4.933001041412353516e+00,-1.262237707562648414e-01,-5.426619537978492058e-01,1.435609496579920950e-02,0.000000000000000000e+00,0.000000000000000000e+00,0.000000000000000000e+00,0.000000000000000000e+00,0.000000000000000000e+00,0.000000000000000000e+00,0.000000000000000000e+00,8.276370849609375000e+02,8.276385498046875000e+02,8.276385498046875000e+02,8.276370849609375000e+02,-2.083788008040562645e+07
4.131999999999999673e+00,1.261131602826242593e-01,5.428432092813150200e-01,-1.435418005149865367e-02,-1.106104736405821853e-04,1.812554834658142155e-04,1.914914300555833893e-06,9.176791906356811523e-01,5.229392528533935547e+00,-4.933021545410156250e+00,-1.261131602826242593e-01,-5.428432092813150200e-01,1.435418005149865367e-02,0.000000000000000000e+00,0.000000000000000000e+00,0.000000000000000000e+00,0.000000000000000000e+00,0.000000000000000000e+00,0.000000000000000000e+00,0.000000000000000000e+00,8.276370849609375000e+02,8.276385498046875000e+02,8.276385498046875000e+02,8.276370849609375000e+02,-2.083788039119494706e+07
4.133000000000000007e+00,1.260023976576457316e-01,5.430244436703746125e-01,-1.435235650691919947e-02,-1.107626249785276240e-04,1.812343890595924378e-04,1.823544579454203229e-06,9.176843166351318359e-01,5.229414463043212891e+00,-4.933040142059326172e+00,-1.260023976576457316e-01,-5.430244436703746125e-01,1.435235650691919947e-02,0.000000000000000000e+00,0.000000000000000000e+00,0.000000000000000000e+00,0.000000000000000000e+00,0.000000000000000000e+00,0.000000000000000000e+00,0.000000000000000000e+00,8.276371459960937500e+02,8.276384887695312500e+02,8.276384887695312500e+02,8.276371459960937500e+02,-2.083788070215308666e+07
4.134000000000000341e+00,1.258914888647920116e-01,5.432056245787225679e-01,-1.435065776004606879e-02,-1.109087928537200174e-04,1.811809083479554161e-04,1.698746873130679846e-06,9.176898002624511719e-01,5.229436874389648438e+00,-4.933060646057128906e+00,-1.258914888647920116e-01,-5.432056245787225679e-01,1.435065776004606879e-02,0.000000000000000000e+00,0.000000000000000000e+00,0.000000000000000000e+00,0.000000000000000000e+00,0.000000000000000000e+00,0.000000000000000000e+00,0.000000000000000000e+00,8.276372070312500000e+02,8.276384887695312500e+02,8.276384887695312500e+02,8.276372070312500000e+02,-2.083788101328004524e+07
4.134999999999999787e+00,1.257804073929011390e-01,5.433868053350352501e-01,-1.434911792792079206e-02,-1.110814718908725851e-04,1.811807563126821563e-04,1.539832125276724417e-06,9.176952838897705078e-01,5.229460239410400391e+00,-4.933080196380615234e+00,-1.257804073929011390e-01,-5.433868053350352501e-01,1.434911792792079206e-02,0.000000000000000000e+00,0.000000000000000000e+00,0.000000000000000000e+00,0.000000000000000000e+00,0.000000000000000000e+00,0.000000000000000000e+00,0.000000000000000000e+00,8.276372070312500000e+02,8.276384277343750000e+02,8.276384277343750000e+02,8.276372070312500000e+02,-2.083788132457587495e+07
4.136000000000000121e+00,1.256691533898517954e-01,5.435678791770617302e-01,-1.434777107793276142e-02,-1.112540030493436305e-04,1.810738420264801363e-04,1.346849988030640599e-06,9.177001714706420898e-01,5.229481220245361328e+00,-4.933100223541259766e+00,-1.256691533898517954e-01,-5.435678791770617302e-01,1.434777107793276142e-02,0.000000000000000000e+00,0.000000000000000000e+00,0.000000000000000000e+00,0.000000000000000000e+00,0.000000000000000000e+00,0.000000000000000000e+00,0.000000000000000000e+00,8.276372680664062500e+02,8.276383666992187500e+02,8.276383666992187500e+02,8.276372680664062500e+02,-2.083788163604050875e+07
4.136999999999999567e+00,1.255577536918357773e-01,5.437488994309928048e-01,-1.434664824502989919e-02,-1.113996980160181227e-04,1.810202539310745706e-04,1.122832902862233584e-06,9.177056550979614258e-01,5.229502677917480469e+00,-4.933120727539062500e+00,-1.255577536918357773e-01,-5.437488994309928048e-01,1.434664824502989919e-02,0.000000000000000000e+00,0.000000000000000000e+00,0.000000000000000000e+00,0.000000000000000000e+00,0.000000000000000000e+00,0.000000000000000000e+00,0.000000000000000000e+00,8.276373291015625000e+02,8.276383666992187500e+02,8.276383666992187500e+02,8.276373291015625000e+02,-2.083788194767395034e+07
4.137999999999999901e+00,1.254461817610152130e-01,5.439298660678386632e-01,-1.434577931851732831e-02,-1.115719308205642690e-04,1.809666368458584529e-04,8.689265125708806048e-07,9.177110195159912109e-01,5.229525089263916016e+00,-4.933141231536865234e+00,-1.254461817610152130e-01,-5.439298660678386632e-01,1.434577931851732831e-02,0.000000000000000000e+00,0.000000000000000000e+00,0.000000000000000000e+00,0.000000000000000000e+00,0.000000000000000000e+00,0.000000000000000000e+00,0.000000000000000000e+00,8.276373901367187500e+02,8.276383056640625000e+02,8.276383056640625000e+02,8.276373901367187500e+02,-2.083788225947619602e+07
4.139000000000000234e+00,1.253344644181262069e-01,5.441108324176854305e-01,-1.434519199801199789e-02,-1.117173428890061437e-04,1.809663498467672937e-04,5.873205053304186851e-07,9.177161455154418945e-01,5.229545116424560547e+00,-4.933159351348876953e+00,-1.253344644181262069e-01,-5.441108324176854305e-01,1.434519199801199789e-02,0.000000000000000000e+00,0.000000000000000000e+00,0.000000000000000000e+00,0.000000000000000000e+00,0.000000000000000000e+00,0.000000000000000000e+00,0.000000000000000000e+00,8.276374511718750000e+02,8.276382446289062500e+02,8.276382446289062500e+02,8.276374511718750000e+02,-2.083788257144730538e+07
4.139999999999999680e+00,1.252225884394787270e-01,5.442916917276545696e-01,-1.434491361776453998e-02,-1.118759786474798901e-04,1.808593099691391259e-04,2.783802474579100128e-07,9.177210330963134766e-01,5.229568481445312500e+00,-4.933179378509521484e+00,-1.252225884394787270e-01,-5.442916917276545696e-01,1.434491361776453998e-02,0.000000000000000000e+00,0.000000000000000000e+00,0.000000000000000000e+00,0.000000000000000000e+00,0.000000000000000000e+00,0.000000000000000000e+00,0.000000000000000000e+00,8.276375122070312500e+02,8.276381835937500000e+02,8.276381835937500000e+02,8.276375122070312500e+02,-2.083788288358722255e+07
4.141000000000000014e+00,1.251105598283567266e-01,5.444724648797644173e-01,-1.434496599184137064e-02,-1.120286111220003544e-04,1.807731521098476790e-04,-5.237407683066075403e-08,9.177269935607910156e-01,5.229589939117431641e+00,-4.933198928833007812e+00,-1.251105598283567266e-01,-5.444724648797644173e-01,1.434496599184137064e-02,0.000000000000000000e+00,0.000000000000000000e+00,0.000000000000000000e+00,0.000000000000000000e+00,0.000000000000000000e+00,0.000000000000000000e+00,0.000000000000000000e+00,8.276375732421875000e+02,8.276381225585937500e+02,8.276381225585937500e+02,8.276375732421875000e+02,-2.083788319589591771e+07
4.142000000000000348e+00,1.249983936102426058e-01,5.446532701139003008e-01,-1.434537249580637372e-02,-1.121662181141208636e-04,1.808052341358834525e-04,-4.065039650030799478e-07,9.177320003509521484e-01,5.229610919952392578e+00,-4.933218002319335938e+00,-1.249983936102426058e-01,-5.446532701139003008e-01,1.434537249580637372e-02,0.000000000000000000e+00,0.000000000000000000e+00,0.000000000000000000e+00,0.000000000000000000e+00,0.000000000000000000e+00,0.000000000000000000e+00,0.000000000000000000e+00,8.276376342773437500e+02,8.276380615234375000e+02,8.276380615234375000e+02,8.276376342773437500e+02,-2.083788350837349147e+07
4.142999999999999794e+00,1.248861090763902226e-01,5.448339682390062055e-01,-1.434614982937088175e-02,-1.122845338523831282e-04,1.806981251059047722e-04,-7.773335645080287071e-07,9.177371263504028320e-01,5.229634284973144531e+00,-4.933237552642822266e+00,-1.248861090763902226e-01,-5.448339682390062055e-01,1.434614982937088175e-02,0.000000000000000000e+00,0.000000000000000000e+00,0.000000000000000000e+00,0.000000000000000000e+00,0.000000000000000000e+00,0.000000000000000000e+00,0.000000000000000000e+00,8.276376953125000000e+02,8.276380004882812500e+02,8.276380004882812500e+02,8.276376953125000000e+02,-2.083788382101989537e+07
4.144000000000000128e+00,1.247736796375379237e-01,5.450146659673950067e-01,-1.434731382383961154e-02,-1.124294388522989463e-04,1.806977283888011598e-04,-1.163994468729792620e-06,9.177421331405639648e-01,5.229655742645263672e+00,-4.933257102966308594e+00,-1.247736796375379237e-01,-5.450146659673950067e-01,1.434731382383961154e-02,0.000000000000000000e+00,0.000000000000000000e+00,0.000000000000000000e+00,0.000000000000000000e+00,0.000000000000000000e+00,0.000000000000000000e+00,0.000000000000000000e+00,8.276377563476562500e+02,8.276378784179687500e+02,8.276378784179687500e+02,8.276377563476562500e+02,-2.083788413383519650e+07
4.144999999999999574e+00,1.246611453735365638e-01,5.451953099182738072e-01,-1.434887795148508463e-02,-1.125342640013599071e-04,1.806439508788004744e-04,-1.564127645473090134e-06,9.177473783493041992e-01,5.229676246643066406e+00,-4.933277606964111328e+00,-1.246611453735365638e-01,-5.451953099182738072e-01,1.434887795148508463e-02,0.000000000000000000e+00,0.000000000000000000e+00,0.000000000000000000e+00,0.000000000000000000e+00,0.000000000000000000e+00,0.000000000000000000e+00,0.000000000000000000e+00,8.276378173828125000e+02,8.276378173828125000e+02,8.276378173828125000e+02,8.276378173828125000e+02,-2.083788444681941345e+07
4.145999999999999908e+00,1.245485063414019100e-01,5.453759534445922208e-01,-1.435085227558476582e-02,-1.126390321346537604e-04,1.806435263184136275e-04,-1.974324099681193379e-06,9.177523851394653320e-01,5.229698657989501953e+00,-4.933296203613281250e+00,-1.245485063414019100e-01,-5.453759534445922208e-01,1.435085227558476582e-02,0.000000000000000000e+00,0.000000000000000000e+00,0.000000000000000000e+00,0.000000000000000000e+00,0.000000000000000000e+00,0.000000000000000000e+00,0.000000000000000000e+00,8.276378784179687500e+02,8.276377563476562500e+02,8.276377563476562500e+02,8.276378784179687500e+02,-2.083788475997262076e+07
4.147000000000000242e+00,1.244357759000629532e-01,5.455565431779036967e-01,-1.435324180389142487e-02,-1.127304413389568216e-04,1.805897333114758752e-04,-2.389528306659047252e-06,9.177575111389160156e-01,5.229720592498779297e+00,-4.933314323425292969e+00,-1.244357759000629532e-01,-5.455565431779036967e-01,1.435324180389142487e-02,0.000000000000000000e+00,0.000000000000000000e+00,0.000000000000000000e+00,0.000000000000000000e+00,0.000000000000000000e+00,0.000000000000000000e+00,0.000000000000000000e+00,8.276379394531250000e+02,8.276376953125000000e+02,8.276376953125000000e+02,8.276379394531250000e+02,-2.083788507329484075e+07
4.147999999999999687e+00,1.243229540753000850e-01,5.457370791140154775e-01,-1.435605153890580007e-02,-1.128218247628681725e-04,1.805359361117808703e-04,-2.809735014375203122e-06,9.177626371383666992e-01,5.229741573333740234e+00,-4.933334827423095703e+00,-1.243229540753000850e-01,-5.457370791140154775e-01,1.435605153890580007e-02,0.000000000000000000e+00,0.000000000000000000e+00,0.000000000000000000e+00,0.000000000000000000e+00,0.000000000000000000e+00,0.000000000000000000e+00,0.000000000000000000e+00,8.276380004882812500e+02,8.276376342773437500e+02,8.276376342773437500e+02,8.276380004882812500e+02,-2.083788538678609207e+07
4.149000000000000021e+00,1.242100675579855540e-01,5.459176146136095475e-01,-1.435928166543446079e-02,-1.128865173145310319e-04,1.805354995940700036e-04,-3.230126528660712260e-06,9.177681207656860352e-01,5.229763984680175781e+00,-4.933354377746582031e+00,-1.242100675579855540e-01,-5.459176146136095475e-01,1.435928166543446079e-02,0.000000000000000000e+00,0.000000000000000000e+00,0.000000000000000000e+00,0.000000000000000000e+00,0.000000000000000000e+00,0.000000000000000000e+00,0.000000000000000000e+00,8.276381225585937500e+02,8.276375732421875000e+02,8.276375732421875000e+02,8.276381225585937500e+02,-2.083788570044646412e+07
4.150000000000000355e+00,1.240971296634090365e-01,5.460980963182073822e-01,-1.436292801993751395e-02,-1.129378945765174835e-04,1.804817045978346357e-04,-3.646354503053159113e-06,9.177731275558471680e-01,5.229784011840820312e+00,-4.933374404907226562e+00,-1.240971296634090365e-01,-5.460980963182073822e-01,1.436292801993751395e-02,0.000000000000000000e+00,0.000000000000000000e+00,0.000000000000000000e+00,0.000000000000000000e+00,0.000000000000000000e+00,0.000000000000000000e+00,0.000000000000000000e+00,8.276381835937500000e+02,8.276375122070312500e+02,8.276375122070312500e+02,8.276381835937500000e+02,-2.083788601427598670e+07
4.150999999999999801e+00,1.239841329989640473e-01,5.462785450322900083e-01,-1.436698650388834250e-02,-1.129966644449892366e-04,1.804487140826260827e-04,-4.058483950828556397e-06,9.177780151367187500e-01,5.229805469512939453e+00,-4.933393001556396484e+00,-1.239841329989640473e-01,-5.462785450322900083e-01,1.436698650388834250e-02,0.000000000000000000e+00,0.000000000000000000e+00,0.000000000000000000e+00,0.000000000000000000e+00,0.000000000000000000e+00,0.000000000000000000e+00,0.000000000000000000e+00,8.276382446289062500e+02,8.276374511718750000e+02,8.276374511718750000e+02,8.276382446289062500e+02,-2.083788632827471197e+07
4.152000000000000135e+00,1.238711189714139377e-01,5.464590258817401125e-01,-1.437144721322186278e-02,-1.130140275501095859e-04,1.804808494501042304e-04,-4.460709333520274100e-06,9.177832603454589844e-01,5.229827404022216797e+00,-4.933412551879882812e+00,-1.238711189714139377e-01,-5.464590258817401125e-01,1.437144721322186278e-02,0.000000000000000000e+00,0.000000000000000000e+00,0.000000000000000000e+00,0.000000000000000000e+00,0.000000000000000000e+00,0.000000000000000000e+00,0.000000000000000000e+00,8.276383056640625000e+02,8.276373901367187500e+02,8.276373901367187500e+02,8.276382446289062500e+02,-2.083788664244277030e+07
4.152999999999999581e+00,1.237580801380248618e-01,5.466395063272072585e-01,-1.437629848768700973e-02,-1.130388333890758323e-04,1.804804454671460334e-04,-4.851274465146951376e-06,9.177883863449096680e-01,5.229847431182861328e+00,-4.933431148529052734e+00,-1.237580801380248618e-01,-5.466395063272072585e-01,1.437629848768700973e-02,0.000000000000000000e+00,0.000000000000000000e+00,0.000000000000000000e+00,0.000000000000000000e+00,0.000000000000000000e+00,0.000000000000000000e+00,0.000000000000000000e+00,8.276383056640625000e+02,8.276373291015625000e+02,8.276373291015625000e+02,8.276383056640625000e+02,-2.083788695678026229e+07
4.153999999999999915e+00,1.236450430989019661e-01,5.468199330210835596e-01,-1.438152455480852000e-02,-1.130370391228957550e-04,1.804266938763010586e-04,-5.226067121510274971e-06,9.177933931350708008e-01,5.229869365692138672e+00,-4.933450222015380859e+00,-1.236450430989019661e-01,-5.468199330210835596e-01,1.438152455480852000e-02,0.000000000000000000e+00,0.000000000000000000e+00,0.000000000000000000e+00,0.000000000000000000e+00,0.000000000000000000e+00,0.000000000000000000e+00,0.000000000000000000e+00,8.276383666992187500e+02,8.276372680664062500e+02,8.276372680664062500e+02,8.276383666992187500e+02,-2.083788727128722519e+07
4.155000000000000249e+00,1.235320211319431011e-01,5.470004127061284249e-01,-1.438710891787849458e-02,-1.130219669588650167e-04,1.804796850448653345e-04,-5.584363069974576654e-06,9.177987575531005859e-01,5.229890823364257812e+00,-4.933469295501708984e+00,-1.235320211319431011e-01,-5.470004127061284249e-01,1.438710891787849458e-02,0.000000000000000000e+00,0.000000000000000000e+00,0.000000000000000000e+00,0.000000000000000000e+00,0.000000000000000000e+00,0.000000000000000000e+00,0.000000000000000000e+00,8.276384277343750000e+02,8.276372070312500000e+02,8.276372070312500000e+02,8.276384277343750000e+02,-2.083788758596382663e+07
4.155999999999999694e+00,1.234190274724744629e-01,5.471808920415915933e-01,-1.439303073818542708e-02,-1.129936594686381524e-04,1.804793354631684110e-04,-5.921820306932501499e-06,9.178035259246826172e-01,5.229912281036376953e+00,-4.933489322662353516e+00,-1.234190274724744629e-01,-5.471808920415915933e-01,1.439303073818542708e-02,0.000000000000000000e+00,0.000000000000000000e+00,0.000000000000000000e+00,0.000000000000000000e+00,0.000000000000000000e+00,0.000000000000000000e+00,0.000000000000000000e+00,8.276384887695312500e+02,8.276372070312500000e+02,8.276372070312500000e+02,8.276384887695312500e+02,-2.083788790081017092e+07
4.157000000000000028e+00,1.233060753472803861e-01,5.473613710528663079e-01,-1.439926589966084025e-02,-1.129521251940768245e-04,1.804790112747145514e-04,-6.235161475413170118e-06,9.178084135055541992e-01,5.229932308197021484e+00,-4.933505535125732422e+00,-1.233060753472803861e-01,-5.473613710528663079e-01,1.439926589966084025e-02,0.000000000000000000e+00,0.000000000000000000e+00,0.000000000000000000e+00,0.000000000000000000e+00,0.000000000000000000e+00,0.000000000000000000e+00,0.000000000000000000e+00,8.276384887695312500e+02,8.276371459960937500e+02,8.276371459960937500e+02,8.276384887695312500e+02,-2.083788821582636982e+07
4.158000000000000362e+00,1.231931779829943119e-01,5.475418497652470018e-01,-1.440579028631741587e-02,-1.128973642860742199e-04,1.804787123806939064e-04,-6.524386656575620336e-06,9.178136587142944336e-01,5.229952812194824219e+00,-4.933525085449218750e+00,-1.231931779829943119e-01,-5.475418497652470018e-01,1.440579028631741587e-02,0.000000000000000000e+00,0.000000000000000000e+00,0.000000000000000000e+00,0.000000000000000000e+00,0.000000000000000000e+00,0.000000000000000000e+00,0.000000000000000000e+00,8.276385498046875000e+02,8.276371459960937500e+02,8.276371459960937500e+02,8.276385498046875000e+02,-2.083788853101253137e+07
4.158999999999999808e+00,1.230803485897193489e-01,5.477223815719505229e-01,-1.441257483691217069e-02,-1.128293932749629969e-04,1.805318067035210916e-04,-6.784550594754815145e-06,9.178187847137451172e-01,5.229975700378417969e+00,-4.933544158935546875e+00,-1.230803485897193489e-01,-5.477223815719505229e-01,1.441257483691217069e-02,0.000000000000000000e+00,0.000000000000000000e+00,0.000000000000000000e+00,0.000000000000000000e+00,0.000000000000000000e+00,0.000000000000000000e+00,0.000000000000000000e+00,8.276385498046875000e+02,8.276370849609375000e+02,8.276370849609375000e+02,8.276385498046875000e+02,-2.083788884636883438e+07
4.160000000000000142e+00,1.229675797040317431e-01,5.479028804807668518e-01,-1.441959115469070886e-02,-1.127688856876057910e-04,1.804989088163289068e-04,-7.016317778538172512e-06,9.178236722946166992e-01,5.229995727539062500e+00,-4.933565139770507812e+00,-1.229675797040317431e-01,-5.479028804807668518e-01,1.441959115469070886e-02,0.000000000000000000e+00,0.000000000000000000e+00,0.000000000000000000e+00,0.000000000000000000e+00,0.000000000000000000e+00,0.000000000000000000e+00,0.000000000000000000e+00,8.276386108398437500e+02,8.276370849609375000e+02,8.276370849609375000e+02,8.276386108398437500e+02,-2.083788916189534962e+07
4.160999999999999588e+00,1.228549125142803233e-01,5.480834651964359150e-01,-1.442680772171994925e-02,-1.126671897514197607e-04,1.805847156690632005e-04,-7.216567029240394948e-06,9.178285598754882812e-01,5.230017185211181641e+00,-4.933582782745361328e+00,-1.228549125142803233e-01,-5.480834651964359150e-01,1.442680772171994925e-02,0.000000000000000000e+00,0.000000000000000000e+00,0.000000000000000000e+00,0.000000000000000000e+00,0.000000000000000000e+00,0.000000000000000000e+00,0.000000000000000000e+00,8.276386108398437500e+02,8.276370849609375000e+02,8.276370849609375000e+02,8.276386108398437500e+02,-2.083788947759229690e+07
4.161999999999999922e+00,1.227423528706863970e-01,5.482640497401187751e-01,-1.443419203678341332e-02,-1.125596435939263396e-04,1.805845436828601436e-04,-7.384315063464069739e-06,9.178335666656494141e-01,5.230039119720458984e+00,-4.933602809906005859e+00,-1.227423528706863970e-01,-5.482640497401187751e-01,1.443419203678341332e-02,0.000000000000000000e+00,0.000000000000000000e+00,0.000000000000000000e+00,0.000000000000000000e+00,0.000000000000000000e+00,0.000000000000000000e+00,0.000000000000000000e+00,8.276386108398437500e+02,8.276370239257812500e+02,8.276370239257812500e+02,8.276386108398437500e+02,-2.083788979345979542e+07
4.163000000000000256e+00,1.226299006179721179e-01,5.484446875115077669e-01,-1.444170997215163225e-02,-1.124522527142790551e-04,1.806377713889917302e-04,-7.517935368218930936e-06,9.178385734558105469e-01,5.230059146881103516e+00,-4.933619976043701172e+00,-1.226299006179721179e-01,-5.484446875115077669e-01,1.444170997215163225e-02,0.000000000000000000e+00,0.000000000000000000e+00,0.000000000000000000e+00,0.000000000000000000e+00,0.000000000000000000e+00,0.000000000000000000e+00,0.000000000000000000e+00,8.276386108398437500e+02,8.276370239257812500e+02,8.276370239257812500e+02,8.276386108398437500e+02,-2.083789010949802771e+07
4.163999999999999702e+00,1.225175822705054374e-01,5.486253785451729037e-01,-1.444932663668596282e-02,-1.123183474666805681e-04,1.806910336651368354e-04,-7.616664534330561120e-06,9.178436994552612305e-01,5.230081081390380859e+00,-4.933640003204345703e+00,-1.225175822705054374e-01,-5.486253785451729037e-01,1.444932663668596282e-02,0.000000000000000000e+00,0.000000000000000000e+00,0.000000000000000000e+00,0.000000000000000000e+00,0.000000000000000000e+00,0.000000000000000000e+00,0.000000000000000000e+00,8.276386108398437500e+02,8.276370239257812500e+02,8.276370239257812500e+02,8.276386108398437500e+02,-2.083789042570717633e+07
4.165000000000000036e+00,1.224053843123649038e-01,5.488061228821635718e-01,-1.445700528014739333e-02,-1.121979581405335713e-04,1.807443369906680530e-04,-7.678643461430517680e-06,9.178487062454223633e-01,5.230102539062500000e+00,-4.933660030364990234e+00,-1.224053843123649038e-01,-5.488061228821635718e-01,1.445700528014739333e-02,0.000000000000000000e+00,0.000000000000000000e+00,0.000000000000000000e+00,0.000000000000000000e+00,0.000000000000000000e+00,0.000000000000000000e+00,0.000000000000000000e+00,8.276386108398437500e+02,8.276370239257812500e+02,8.276370849609375000e+02,8.276386108398437500e+02,-2.083789074208742008e+07
4.166000000000000369e+00,1.222933332459225642e-01,5.489868671949923451e-01,-1.446471012069902411e-02,-1.120510664423396419e-04,1.807443128287733458e-04,-7.704840551630773304e-06,9.178537130355834961e-01,5.230123519897460938e+00,-4.933677673339843750e+00,-1.222933332459225642e-01,-5.489868671949923451e-01,1.446471012069902411e-02,0.000000000000000000e+00,0.000000000000000000e+00,0.000000000000000000e+00,0.000000000000000000e+00,0.000000000000000000e+00,0.000000000000000000e+00,0.000000000000000000e+00,8.276386108398437500e+02,8.276370849609375000e+02,8.276370849609375000e+02,8.276386108398437500e+02,-2.083789105863888934e+07
4.166999999999999815e+00,1.221814155623467818e-01,5.491676648870785771e-01,-1.447240446526495278e-02,-1.119176835757823563e-04,1.807976920862319758e-04,-7.694344565928670776e-06,9.178588390350341797e-01,5.230143547058105469e+00,-4.933697223663330078e+00,-1.221814155623467818e-01,-5.491676648870785771e-01,1.447240446526495278e-02,0.000000000000000000e+00,0.000000000000000000e+00,0.000000000000000000e+00,0.000000000000000000e+00,0.000000000000000000e+00,0.000000000000000000e+00,0.000000000000000000e+00,8.276385498046875000e+02,8.276370849609375000e+02,8.276370849609375000e+02,8.276385498046875000e+02,-2.083789137536176294e+07
4.168000000000000149e+00,1.220696577786706954e-01,5.493485693559682081e-01,-1.448005264613550468e-02,-1.117577836760863530e-04,1.809044688896310760e-04,-7.648180870551898880e-06,9.178636074066162109e-01,5.230164527893066406e+00,-4.933716297149658203e+00,-1.220696577786706954e-01,-5.493485693559682081e-01,1.448005264613550468e-02,0.000000000000000000e+00,0.000000000000000000e+00,0.000000000000000000e+00,0.000000000000000000e+00,0.000000000000000000e+00,0.000000000000000000e+00,0.000000000000000000e+00,8.276385498046875000e+02,8.276370849609375000e+02,8.276370849609375000e+02,8.276385498046875000e+02,-2.083789169225628674e+07
4.168999999999999595e+00,1.219580524382755382e-01,5.495294411584064065e-01,-1.448761703444268086e-02,-1.116053403951572376e-04,1.808718024381983369e-04,-7.564388307176178605e-06,9.178688526153564453e-01,5.230185508728027344e+00,-4.933734416961669922e+00,-1.219580524382755382e-01,-5.495294411584064065e-01,1.448761703444268086e-02,0.000000000000000000e+00,0.000000000000000000e+00,0.000000000000000000e+00,0.000000000000000000e+00,0.000000000000000000e+00,0.000000000000000000e+00,0.000000000000000000e+00,8.276385498046875000e+02,8.276371459960937500e+02,8.276371459960937500e+02,8.276384887695312500e+02,-2.083789200932255015e+07
4.169999999999999929e+00,1.218466005770106747e-01,5.497103991984112481e-01,-1.449506426145527431e-02,-1.114518612648635054e-04,1.809580400048416138e-04,-7.447227012593454765e-06,9.178739786148071289e-01,5.230207920074462891e+00,-4.933753967285156250e+00,-1.218466005770106747e-01,-5.497103991984112481e-01,1.449506426145527431e-02,0.000000000000000000e+00,0.000000000000000000e+00,0.000000000000000000e+00,0.000000000000000000e+00,0.000000000000000000e+00,0.000000000000000000e+00,0.000000000000000000e+00,8.276384887695312500e+02,8.276372070312500000e+02,8.276372070312500000e+02,8.276384887695312500e+02,-2.083789232656077296e+07
4.171000000000000263e+00,1.217353214316568566e-01,5.498914107644337079e-01,-1.450235777447586236e-02,-1.112791453538181097e-04,1.810115660224598244e-04,-7.293513020588046625e-06,9.178792238235473633e-01,5.230228900909423828e+00,-4.933773994445800781e+00,-1.217353214316568566e-01,-5.498914107644337079e-01,1.450235777447586236e-02,0.000000000000000000e+00,0.000000000000000000e+00,0.000000000000000000e+00,0.000000000000000000e+00,0.000000000000000000e+00,0.000000000000000000e+00,0.000000000000000000e+00,8.276384277343750000e+02,8.276372070312500000e+02,8.276372070312500000e+02,8.276384277343750000e+02,-2.083789264397114515e+07
4.171999999999999709e+00,1.216242015087073414e-01,5.500724758912266532e-01,-1.450946582603179075e-02,-1.111199229495152263e-04,1.810651267929452857e-04,-7.108051555928390774e-06,9.178838729858398438e-01,5.230250835418701172e+00,-4.933791637420654297e+00,-1.216242015087073414e-01,-5.500724758912266532e-01,1.450946582603179075e-02,0.000000000000000000e+00,0.000000000000000000e+00,0.000000000000000000e+00,0.000000000000000000e+00,0.000000000000000000e+00,0.000000000000000000e+00,0.000000000000000000e+00,8.276384277343750000e+02,8.276372680664062500e+02,8.276372680664062500e+02,8.276383666992187500e+02,-2.083789296155384555e+07
4.173000000000000043e+00,1.215132406511461871e-01,5.502535946126867472e-01,-1.451635589883337220e-02,-1.109608575611542580e-04,1.811187214600940010e-04,-6.890072801581451079e-06,9.178891181945800781e-01,5.230270862579345703e+00,-4.933811664581298828e+00,-1.215132406511461871e-01,-5.502535946126867472e-01,1.451635589883337220e-02,0.000000000000000000e+00,0.000000000000000000e+00,0.000000000000000000e+00,0.000000000000000000e+00,0.000000000000000000e+00,0.000000000000000000e+00,0.000000000000000000e+00,8.276383666992187500e+02,8.276373291015625000e+02,8.276373291015625000e+02,8.276383666992187500e+02,-2.083789327930905670e+07
4.174000000000000377e+00,1.214024387057566351e-01,5.504347669617033478e-01,-1.452299630937912978e-02,-1.108019453895520146e-04,1.811723490166006201e-04,-6.640410545757577387e-06,9.178946018218994141e-01,5.230294227600097656e+00,-4.933832168579101562e+00,-1.214024387057566351e-01,-5.504347669617033478e-01,1.452299630937912978e-02,0.000000000000000000e+00,0.000000000000000000e+00,0.000000000000000000e+00,0.000000000000000000e+00,0.000000000000000000e+00,0.000000000000000000e+00,0.000000000000000000e+00,8.276383056640625000e+02,8.276373901367187500e+02,8.276373901367187500e+02,8.276383056640625000e+02,-2.083789359723695740e+07
4.174999999999999822e+00,1.212917955431599831e-01,5.506159929657532537e-01,-1.452936037691474058e-02,-1.106431625966519672e-04,1.812260040499058533e-04,-6.364067535610806736e-06,9.178994894027709961e-01,5.230314254760742188e+00,-4.933848857879638672e+00,-1.212917955431599831e-01,-5.506159929657532537e-01,1.452936037691474058e-02,0.000000000000000000e+00,0.000000000000000000e+00,0.000000000000000000e+00,0.000000000000000000e+00,0.000000000000000000e+00,0.000000000000000000e+00,0.000000000000000000e+00,8.276382446289062500e+02,8.276374511718750000e+02,8.276374511718750000e+02,8.276382446289062500e+02,-2.083789391533773020e+07
4.176000000000000156e+00,1.211813110257923681e-01,5.507972726539743791e-01,-1.453541975309947595e-02,-1.104845173676149983e-04,1.812796882211253902e-04,-6.059376184735371096e-06,9.179044961929321289e-01,5.230336189270019531e+00,-4.933870315551757812e+00,-1.211813110257923681e-01,-5.507972726539743791e-01,1.453541975309947595e-02,0.000000000000000000e+00,0.000000000000000000e+00,0.000000000000000000e+00,0.000000000000000000e+00,0.000000000000000000e+00,0.000000000000000000e+00,0.000000000000000000e+00,8.276381835937500000e+02,8.276375122070312500e+02,8.276375122070312500e+02,8.276381835937500000e+02,-2.083789423361155391e+07
4.176999999999999602e+00,1.210709717032754651e-01,5.509786060508605754e-01,-1.454115186198544872e-02,-1.103393225169030378e-04,1.813333968861963186e-04,-5.732108885972767021e-06,9.179096221923828125e-01,5.230357170104980469e+00,-4.933887958526611328e+00,-1.210709717032754651e-01,-5.509786060508605754e-01,1.454115186198544872e-02,0.000000000000000000e+00,0.000000000000000000e+00,0.000000000000000000e+00,0.000000000000000000e+00,0.000000000000000000e+00,0.000000000000000000e+00,0.000000000000000000e+00,8.276381225585937500e+02,8.276375732421875000e+02,8.276375732421875000e+02,8.276381225585937500e+02,-2.083789455205860361e+07
4.177999999999999936e+00,1.209607702598987089e-01,5.511599603252134161e-01,-1.454653335931448827e-02,-1.102014433767561918e-04,1.813542743528406831e-04,-5.381497329039544586e-06,9.179148674011230469e-01,5.230379104614257812e+00,-4.933907985687255859e+00,-1.209607702598987089e-01,-5.511599603252134161e-01,1.454653335931448827e-02,0.000000000000000000e+00,0.000000000000000000e+00,0.000000000000000000e+00,0.000000000000000000e+00,0.000000000000000000e+00,0.000000000000000000e+00,0.000000000000000000e+00,8.276380615234375000e+02,8.276376342773437500e+02,8.276376342773437500e+02,8.276380615234375000e+02,-2.083789487067901343e+07
4.179000000000000270e+00,1.208507076793779722e-01,5.513414011950000804e-01,-1.455154666865974937e-02,-1.100625805207366970e-04,1.814408697866642939e-04,-5.013309345261104943e-06,9.179199934005737305e-01,5.230401039123535156e+00,-4.933928012847900391e+00,-1.208507076793779722e-01,-5.513414011950000804e-01,1.455154666865974937e-02,0.000000000000000000e+00,0.000000000000000000e+00,0.000000000000000000e+00,0.000000000000000000e+00,0.000000000000000000e+00,0.000000000000000000e+00,0.000000000000000000e+00,8.276380004882812500e+02,8.276376953125000000e+02,8.276376953125000000e+02,8.276380004882812500e+02,-2.083789518947299570e+07
4.179999999999999716e+00,1.207407766672512206e-01,5.515228958335318676e-01,-1.455617428258046409e-02,-1.099310121267516038e-04,1.814946385317872668e-04,-4.627613920714715445e-06,9.179247617721557617e-01,5.230422019958496094e+00,-4.933947563171386719e+00,-1.207407766672512206e-01,-5.515228958335318676e-01,1.455617428258046409e-02,0.000000000000000000e+00,0.000000000000000000e+00,0.000000000000000000e+00,0.000000000000000000e+00,0.000000000000000000e+00,0.000000000000000000e+00,0.000000000000000000e+00,8.276379394531250000e+02,8.276377563476562500e+02,8.276377563476562500e+02,8.276379394531250000e+02,-2.083789550844071805e+07
4.181000000000000050e+00,1.206309504724894371e-01,5.517043908934222696e-01,-1.456040350990822456e-02,-1.098261947617834577e-04,1.814950598904019330e-04,-4.229227327760473609e-06,9.179302453994750977e-01,5.230443000793457031e+00,-4.933968067169189453e+00,-1.206309504724894371e-01,-5.517043908934222696e-01,1.456040350990822456e-02,0.000000000000000000e+00,0.000000000000000000e+00,0.000000000000000000e+00,0.000000000000000000e+00,0.000000000000000000e+00,0.000000000000000000e+00,0.000000000000000000e+00,8.276378173828125000e+02,8.276378173828125000e+02,8.276378173828125000e+02,8.276378173828125000e+02,-2.083789582758228481e+07
4.182000000000000384e+00,1.205212423892910445e-01,5.518859397459590088e-01,-1.456422363229361618e-02,-1.097080831983926474e-04,1.815488525367392469e-04,-3.820122385391616637e-06,9.179351329803466797e-01,5.230465888977050781e+00,-4.933986186981201172e+00,-1.205212423892910445e-01,-5.518859397459590088e-01,1.456422363229361618e-02,0.000000000000000000e+00,0.000000000000000000e+00,0.000000000000000000e+00,0.000000000000000000e+00,0.000000000000000000e+00,0.000000000000000000e+00,0.000000000000000000e+00,8.276377563476562500e+02,8.276378784179687500e+02,8.276378784179687500e+02,8.276377563476562500e+02,-2.083789614689786360e+07
4.182999999999999829e+00,1.204116256905724824e-01,5.520674890384157374e-01,-1.456762696127132835e-02,-1.096166987185620556e-04,1.815492924567285726e-04,-3.403328977712172243e-06,9.179407358169555664e-01,5.230489253997802734e+00,-4.934006690979003906e+00,-1.204116256905724824e-01,-5.520674890384157374e-01,1.456762696127132835e-02,0.000000000000000000e+00,0.000000000000000000e+00,0.000000000000000000e+00,0.000000000000000000e+00,0.000000000000000000e+00,0.000000000000000000e+00,0.000000000000000000e+00,8.276376953125000000e+02,8.276379394531250000e+02,8.276379394531250000e+02,8.276376953125000000e+02,-2.083789646638755128e+07
4.184000000000000163e+00,1.203021003734725952e-01,5.522491454984534975e-01,-1.457061027431947285e-02,-1.095253170998872205e-04,1.816564600377601479e-04,-2.983313048144503599e-06,9.179457426071166992e-01,5.230509757995605469e+00,-4.934026241302490234e+00,-1.203021003734725952e-01,-5.522491454984534975e-01,1.457061027431947285e-02,0.000000000000000000e+00,0.000000000000000000e+00,0.000000000000000000e+00,0.000000000000000000e+00,0.000000000000000000e+00,0.000000000000000000e+00,0.000000000000000000e+00,8.276376342773437500e+02,8.276380004882812500e+02,8.276380004882812500e+02,8.276376342773437500e+02,-2.083789678605156764e+07
4.184999999999999609e+00,1.201926397157345727e-01,5.524307490435714785e-01,-1.457316993953085109e-02,-1.094606577380224932e-04,1.816035451179809357e-04,-2.559665211378236993e-06,9.179512262344360352e-01,5.230530738830566406e+00,-4.934044837951660156e+00,-1.201926397157345727e-01,-5.524307490435714785e-01,1.457316993953085109e-02,0.000000000000000000e+00,0.000000000000000000e+00,0.000000000000000000e+00,0.000000000000000000e+00,0.000000000000000000e+00,0.000000000000000000e+00,0.000000000000000000e+00,8.276375732421875000e+02,8.276380615234375000e+02,8.276380615234375000e+02,8.276375732421875000e+02,-2.083789710588994622e+07
4.185999999999999943e+00,1.200832437466210906e-01,5.526124063944264364e-01,-1.457530940454106541e-02,-1.093959691134821499e-04,1.816573508549579330e-04,-2.139465010214322560e-06,9.179564714431762695e-01,5.230554103851318359e+00,-4.934066295623779297e+00,-1.200832437466210906e-01,-5.526124063944264364e-01,1.457530940454106541e-02,0.000000000000000000e+00,0.000000000000000000e+00,0.000000000000000000e+00,0.000000000000000000e+00,0.000000000000000000e+00,0.000000000000000000e+00,0.000000000000000000e+00,8.276375122070312500e+02,8.276381225585937500e+02,8.276381225585937500e+02,8.276375122070312500e+02,-2.083789742590284348e+07
4.187000000000000277e+00,1.199738920085722665e-01,5.527940845930738867e-01,-1.457703444106346440e-02,-1.093517380488240320e-04,1.816781986474502730e-04,-1.725036522398984418e-06,9.179614782333374023e-01,5.230575561523437500e+00,-4.934086322784423828e+00,-1.199738920085722665e-01,-5.527940845930738867e-01,1.457703444106346440e-02,0.000000000000000000e+00,0.000000000000000000e+00,0.000000000000000000e+00,0.000000000000000000e+00,0.000000000000000000e+00,0.000000000000000000e+00,0.000000000000000000e+00,8.276374511718750000e+02,8.276381835937500000e+02,8.276381835937500000e+02,8.276374511718750000e+02,-2.083789774609036744e+07
4.187999999999999723e+00,1.198645721277702969e-01,5.529757428029429267e-01,-1.457835148000452725e-02,-1.093198808019696378e-04,1.816582098690400215e-04,-1.317038941062859125e-06,9.179668426513671875e-01,5.230598926544189453e+00,-4.934104919433593750e+00,-1.198645721277702969e-01,-5.529757428029429267e-01,1.457835148000452725e-02,0.000000000000000000e+00,0.000000000000000000e+00,0.000000000000000000e+00,0.000000000000000000e+00,0.000000000000000000e+00,0.000000000000000000e+00,0.000000000000000000e+00,8.276373901367187500e+02,8.276382446289062500e+02,8.276382446289062500e+02,8.276373901367187500e+02,-2.083789806645258516e+07
4.189000000000000057e+00,1.197552770363524421e-01,5.531574547919980711e-01,-1.457927480732628366e-02,-1.092950914178547617e-04,1.817119890551444072e-04,-9.233273217564008650e-07,9.179718494415283203e-01,5.230618000030517578e+00,-4.934123516082763672e+00,-1.197552770363524421e-01,-5.531574547919980711e-01,1.457927480732628366e-02,0.000000000000000000e+00,0.000000000000000000e+00,0.000000000000000000e+00,0.000000000000000000e+00,0.000000000000000000e+00,0.000000000000000000e+00,0.000000000000000000e+00,8.276373291015625000e+02,8.276383056640625000e+02,8.276383056640625000e+02,8.276373291015625000e+02,-2.083789838698963821e+07
4.190000000000000391e+00,1.196459800998141143e-01,5.533391671875087514e-01,-1.457981591139748817e-02,-1.092969365383278380e-04,1.817123955106803024e-04,-5.411040712045150913e-07,9.179774522781372070e-01,5.230641365051269531e+00,-4.934145450592041016e+00,-1.196459800998141143e-01,-5.533391671875087514e-01,1.457981591139748817e-02,0.000000000000000000e+00,0.000000000000000000e+00,0.000000000000000000e+00,0.000000000000000000e+00,0.000000000000000000e+00,0.000000000000000000e+00,0.000000000000000000e+00,8.276372680664062500e+02,8.276383666992187500e+02,8.276383666992187500e+02,8.276372680664062500e+02,-2.083789870770160481e+07
4.190999999999999837e+00,1.195366814049436399e-01,5.535208799692602488e-01,-1.457999313560862965e-02,-1.092986948704743888e-04,1.817127817514974097e-04,-1.772242111414829013e-07,9.179829359054565430e-01,5.230664253234863281e+00,-4.934166431427001953e+00,-1.195366814049436399e-01,-5.535208799692602488e-01,1.457999313560862965e-02,0.000000000000000000e+00,0.000000000000000000e+00,0.000000000000000000e+00,0.000000000000000000e+00,0.000000000000000000e+00,0.000000000000000000e+00,0.000000000000000000e+00,8.276372680664062500e+02,8.276384277343750000e+02,8.276384277343750000e+02,8.276372070312500000e+02,-2.083789902858856320e+07
4.192000000000000171e+00,1.194273543652993458e-01,5.537025931186309036e-01,-1.457982636200870485e-02,-1.093270396442941328e-04,1.817131493706547474e-04,1.667735999247993428e-07,9.179879426956176758e-01,5.230686187744140625e+00,-4.934185504913330078e+00,-1.194273543652993458e-01,-5.537025931186309036e-01,1.457982636200870485e-02,0.000000000000000000e+00,0.000000000000000000e+00,0.000000000000000000e+00,0.000000000000000000e+00,0.000000000000000000e+00,0.000000000000000000e+00,0.000000000000000000e+00,8.276372070312500000e+02,8.276384887695312500e+02,8.276384887695312500e+02,8.276372070312500000e+02,-2.083789934965058789e+07
4.192999999999999616e+00,1.193179990764343112e-01,5.538842532493858384e-01,-1.457933721337221523e-02,-1.093552888650345389e-04,1.816601307549348121e-04,4.891486364896197037e-07,9.179933071136474609e-01,5.230709075927734375e+00,-4.934204578399658203e+00,-1.193179990764343112e-01,-5.538842532493858384e-01,1.457933721337221523e-02,0.000000000000000000e+00,0.000000000000000000e+00,0.000000000000000000e+00,0.000000000000000000e+00,0.000000000000000000e+00,0.000000000000000000e+00,0.000000000000000000e+00,8.276371459960937500e+02,8.276384887695312500e+02,8.276384887695312500e+02,8.276371459960937500e+02,-2.083789967088769749e+07
4.193999999999999950e+00,1.192085889920148217e-01,5.540659136988164146e-01,-1.457855229764282515e-02,-1.094100844194895172e-04,1.816604494305762429e-04,7.849157293900871357e-07,9.179984331130981445e-01,5.230729579925537109e+00,-4.934225559234619141e+00,-1.192085889920148217e-01,-5.540659136988164146e-01,1.457855229764282515e-02,0.000000000000000000e+00,0.000000000000000000e+00,0.000000000000000000e+00,0.000000000000000000e+00,0.000000000000000000e+00,0.000000000000000000e+00,0.000000000000000000e+00,8.276371459960937500e+02,8.276385498046875000e+02,8.276385498046875000e+02,8.276371459960937500e+02,-2.083789999229995534e+07
4.195000000000000284e+00,1.190991108909146140e-01,5.542475744417258987e-01,-1.457749656377738644e-02,-1.094781011002077253e-04,1.816607429094840853e-04,1.055733865438709951e-06,9.180039167404174805e-01,5.230753421783447266e+00,-4.934245109558105469e+00,-1.190991108909146140e-01,-5.542475744417258987e-01,1.457749656377738644e-02,0.000000000000000000e+00,0.000000000000000000e+00,0.000000000000000000e+00,0.000000000000000000e+00,0.000000000000000000e+00,0.000000000000000000e+00,0.000000000000000000e+00,8.276370849609375000e+02,8.276385498046875000e+02,8.276385498046875000e+02,8.276370849609375000e+02,-2.083790031388743222e+07
4.195999999999999730e+00,1.189895578287146066e-01,5.544292023973313999e-01,-1.457619919343009461e-02,-1.095530622000073784e-04,1.816279556055011568e-04,1.297370347291826320e-06,9.180094003677368164e-01,5.230774402618408203e+00,-4.934265136718750000e+00,-1.189895578287146066e-01,-5.544292023973313999e-01,1.457619919343009461e-02,0.000000000000000000e+00,0.000000000000000000e+00,0.000000000000000000e+00,0.000000000000000000e+00,0.000000000000000000e+00,0.000000000000000000e+00,0.000000000000000000e+00,8.276370849609375000e+02,8.276386108398437500e+02,8.276386108398437500e+02,8.276370849609375000e+02,-2.083790063565015420e+07
4.197000000000000064e+00,1.188799174438009421e-01,5.546108102612747892e-01,-1.457469168729920092e-02,-1.096403849136645681e-04,1.816078639433893471e-04,1.507506130893690455e-06,9.180145263671875000e-01,5.230796813964843750e+00,-4.934284687042236328e+00,-1.188799174438009421e-01,-5.546108102612747892e-01,1.457469168729920092e-02,0.000000000000000000e+00,0.000000000000000000e+00,0.000000000000000000e+00,0.000000000000000000e+00,0.000000000000000000e+00,0.000000000000000000e+00,0.000000000000000000e+00,8.276370849609375000e+02,8.276386108398437500e+02,8.276386108398437500e+02,8.276370239257812500e+02,-2.083790095758816227e+07
4.198000000000000398e+00,1.187701828098278456e-01,5.547923649586412598e-01,-1.457300822976707010e-02,-1.097346339730964626e-04,1.815546973664705632e-04,1.683457532130824830e-06,9.180198907852172852e-01,5.230818748474121094e+00,-4.934304714202880859e+00,-1.187701828098278456e-01,-5.547923649586412598e-01,1.457300822976707010e-02,0.000000000000000000e+00,0.000000000000000000e+00,0.000000000000000000e+00,0.000000000000000000e+00,0.000000000000000000e+00,0.000000000000000000e+00,0.000000000000000000e+00,8.276370239257812500e+02,8.276386108398437500e+02,8.276386108398437500e+02,8.276370239257812500e+02,-2.083790127970146015e+07
4.198999999999999844e+00,1.186603274055894747e-01,5.549739198220917658e-01,-1.457118043076364305e-02,-1.098554042383709239e-04,1.815548634505059766e-04,1.827799003427041380e-06,9.180253744125366211e-01,5.230842113494873047e+00,-4.934325695037841797e+00,-1.186603274055894747e-01,-5.549739198220917658e-01,1.457118043076364305e-02,0.000000000000000000e+00,0.000000000000000000e+00,0.000000000000000000e+00,0.000000000000000000e+00,0.000000000000000000e+00,0.000000000000000000e+00,0.000000000000000000e+00,8.276370239257812500e+02,8.276386108398437500e+02,8.276386108398437500e+02,8.276370239257812500e+02,-2.083790160199010372e+07
4.200000000000000178e+00,1.185503647331695859e-01,5.551554214506712048e-01,-1.456924331830781669e-02,-1.099626724198887739e-04,1.815016285794390782e-04,1.937112455826367485e-06,9.180307388305664062e-01,5.230863571166992188e+00,-4.934345245361328125e+00,-1.185503647331695859e-01,-5.551554214506712048e-01,1.456924331830781669e-02,0.000000000000000000e+00,0.000000000000000000e+00,0.000000000000000000e+00,0.000000000000000000e+00,0.000000000000000000e+00,0.000000000000000000e+00,0.000000000000000000e+00,8.276370239257812500e+02,8.276386108398437500e+02,8.276386108398437500e+02,8.276370239257812500e+02,-2.083790192445409670e+07
4.200999999999999623e+00,1.184402682884346664e-01,5.553368698094223177e-01,-1.456723344958776346e-02,-1.100964447349195297e-04,1.814483587511128704e-04,2.009868720053223368e-06,9.180357456207275391e-01,5.230886459350585938e+00,-4.934364795684814453e+00,-1.184402682884346664e-01,-5.553368698094223177e-01,1.456723344958776346e-02,0.000000000000000000e+00,0.000000000000000000e+00,0.000000000000000000e+00,0.000000000000000000e+00,0.000000000000000000e+00,0.000000000000000000e+00,0.000000000000000000e+00,8.276370239257812500e+02,8.276386108398437500e+02,8.276386108398437500e+02,8.276370239257812500e+02,-2.083790224709343538e+07
4.201999999999999957e+00,1.183300249001014853e-01,5.555182648636176612e-01,-1.456518577871825440e-02,-1.102433883331810360e-04,1.813950541953435192e-04,2.047670869509063407e-06,9.180413484573364258e-01,5.230908870697021484e+00,-4.934384822845458984e+00,-1.183300249001014853e-01,-5.555182648636176612e-01,1.456518577871825440e-02,0.000000000000000000e+00,0.000000000000000000e+00,0.000000000000000000e+00,0.000000000000000000e+00,0.000000000000000000e+00,0.000000000000000000e+00,0.000000000000000000e+00,8.276370849609375000e+02,8.276386108398437500e+02,8.276386108398437500e+02,8.276370239257812500e+02,-2.083790256990811601e+07
4.203000000000000291e+00,1.182196480941873629e-01,5.556996599363949185e-01,-1.456313711186274160e-02,-1.103768059141224667e-04,1.813950727772573046e-04,2.048666855512804030e-06,9.180470705032348633e-01,5.230931282043457031e+00,-4.934406280517578125e+00,-1.182196480941873629e-01,-5.556996599363949185e-01,1.456313711186274160e-02,0.000000000000000000e+00,0.000000000000000000e+00,0.000000000000000000e+00,0.000000000000000000e+00,0.000000000000000000e+00,0.000000000000000000e+00,0.000000000000000000e+00,8.276370849609375000e+02,8.276386108398437500e+02,8.276386108398437500e+02,8.276370849609375000e+02,-2.083790289289819822e+07
4.203999999999999737e+00,1.181091247084537360e-01,5.558810016271610310e-01,-1.456112568301890474e-02,-1.105233857336268555e-04,1.813416907661125066e-04,2.011428843836857161e-06,9.180519580841064453e-01,5.230952262878417969e+00,-4.934424877166748047e+00,-1.181091247084537360e-01,-5.558810016271610310e-01,1.456112568301890474e-02,0.000000000000000000e+00,0.000000000000000000e+00,0.000000000000000000e+00,0.000000000000000000e+00,0.000000000000000000e+00,0.000000000000000000e+00,0.000000000000000000e+00,8.276370849609375000e+02,8.276385498046875000e+02,8.276385498046875000e+02,8.276370849609375000e+02,-2.083790321606367826e+07
4.205000000000000071e+00,1.179984345314021438e-01,5.560622033935569419e-01,-1.455918472365438053e-02,-1.106901770515922312e-04,1.812017663959109015e-04,1.940959364524208475e-06,9.180572032928466797e-01,5.230973720550537109e+00,-4.934446334838867188e+00,-1.179984345314021438e-01,-5.560622033935569419e-01,1.455918472365438053e-02,0.000000000000000000e+00,0.000000000000000000e+00,0.000000000000000000e+00,0.000000000000000000e+00,0.000000000000000000e+00,0.000000000000000000e+00,0.000000000000000000e+00,8.276371459960937500e+02,8.276385498046875000e+02,8.276385498046875000e+02,8.276371459960937500e+02,-2.083790353940445185e+07
4.206000000000000405e+00,1.178875918217741486e-01,5.562434382050757131e-01,-1.455735269766107037e-02,-1.108427096279951396e-04,1.812348115187711883e-04,1.832025993310157364e-06,9.180626869201660156e-01,5.230997085571289062e+00,-4.934463500976562500e+00,-1.178875918217741486e-01,-5.562434382050757131e-01,1.455735269766107037e-02,0.000000000000000000e+00,0.000000000000000000e+00,0.000000000000000000e+00,0.000000000000000000e+00,0.000000000000000000e+00,0.000000000000000000e+00,0.000000000000000000e+00,8.276371459960937500e+02,8.276384887695312500e+02,8.276384887695312500e+02,8.276371459960937500e+02,-2.083790386292061582e+07
4.206999999999999851e+00,1.177765897026206848e-01,5.564246195288098384e-01,-1.455566290104315028e-02,-1.110021191534638074e-04,1.811813237341253213e-04,1.689796617920097388e-06,9.180679321289062500e-01,5.231019973754882812e+00,-4.934485912322998047e+00,-1.177765897026206848e-01,-5.564246195288098384e-01,1.455566290104315028e-02,0.000000000000000000e+00,0.000000000000000000e+00,0.000000000000000000e+00,0.000000000000000000e+00,0.000000000000000000e+00,0.000000000000000000e+00,0.000000000000000000e+00,8.276372070312500000e+02,8.276384887695312500e+02,8.276384887695312500e+02,8.276372070312500000e+02,-2.083790418661216646e+07
4.208000000000000185e+00,1.176654149883315792e-01,5.566056939698568184e-01,-1.455414856521086188e-02,-1.111747142891056361e-04,1.810744410469800059e-04,1.514335832288396522e-06,9.180729389190673828e-01,5.231042861938476562e+00,-4.934504985809326172e+00,-1.176654149883315792e-01,-5.566056939698568184e-01,1.455414856521086188e-02,0.000000000000000000e+00,0.000000000000000000e+00,0.000000000000000000e+00,0.000000000000000000e+00,0.000000000000000000e+00,0.000000000000000000e+00,0.000000000000000000e+00,8.276372680664062500e+02,8.276384277343750000e+02,8.276384277343750000e+02,8.276372680664062500e+02,-2.083790451047903672e+07
4.208999999999999631e+00,1.175540945424059236e-01,5.567867682158424980e-01,-1.455284411448675569e-02,-1.113204459256555978e-04,1.810742459856795605e-04,1.304450724106190340e-06,9.180785417556762695e-01,5.231063365936279297e+00,-4.934524536132812500e+00,-1.175540945424059236e-01,-5.567867682158424980e-01,1.455284411448675569e-02,0.000000000000000000e+00,0.000000000000000000e+00,0.000000000000000000e+00,0.000000000000000000e+00,0.000000000000000000e+00,0.000000000000000000e+00,0.000000000000000000e+00,8.276372680664062500e+02,8.276383666992187500e+02,8.276383666992187500e+02,8.276372680664062500e+02,-2.083790483452129364e+07
4.209999999999999964e+00,1.174426018186865567e-01,5.569677888780286690e-01,-1.455177854645318611e-02,-1.114927237193669152e-04,1.810206621861709664e-04,1.065568033569580519e-06,9.180837869644165039e-01,5.231086730957031250e+00,-4.934544086456298828e+00,-1.174426018186865567e-01,-5.569677888780286690e-01,1.455177854645318611e-02,0.000000000000000000e+00,0.000000000000000000e+00,0.000000000000000000e+00,0.000000000000000000e+00,0.000000000000000000e+00,0.000000000000000000e+00,0.000000000000000000e+00,8.276373291015625000e+02,8.276383056640625000e+02,8.276383056640625000e+02,8.276373291015625000e+02,-2.083790515873892978e+07
4.211000000000000298e+00,1.173309636416036694e-01,5.571487559239927112e-01,-1.455098117293327983e-02,-1.116381770828872577e-04,1.809670459640422280e-04,7.973735199062748080e-07,9.180886745452880859e-01,5.231108665466308594e+00,-4.934564113616943359e+00,-1.173309636416036694e-01,-5.571487559239927112e-01,1.455098117293327983e-02,0.000000000000000000e+00,0.000000000000000000e+00,0.000000000000000000e+00,0.000000000000000000e+00,0.000000000000000000e+00,0.000000000000000000e+00,0.000000000000000000e+00,8.276373901367187500e+02,8.276382446289062500e+02,8.276382446289062500e+02,8.276373901367187500e+02,-2.083790548313195258e+07
4.211999999999999744e+00,1.172191668020232669e-01,5.573296159644436365e-01,-1.455048022278632516e-02,-1.117968395804025405e-04,1.808600404509252968e-04,5.009501469546706609e-07,9.180941581726074219e-01,5.231129169464111328e+00,-4.934584140777587891e+00,-1.172191668020232669e-01,-5.573296159644436365e-01,1.455048022278632516e-02,0.000000000000000000e+00,0.000000000000000000e+00,0.000000000000000000e+00,0.000000000000000000e+00,0.000000000000000000e+00,0.000000000000000000e+00,0.000000000000000000e+00,8.276374511718750000e+02,8.276381835937500000e+02,8.276381835937500000e+02,8.276374511718750000e+02,-2.083790580770030245e+07
4.213000000000000078e+00,1.171072114300735073e-01,5.575104757018416457e-01,-1.455029915105112218e-02,-1.119553719497595745e-04,1.808597373980092016e-04,1.810717352029866944e-07,9.180995225906372070e-01,5.231151103973388672e+00,-4.934602737426757812e+00,-1.171072114300735073e-01,-5.575104757018416457e-01,1.455029915105112218e-02,0.000000000000000000e+00,0.000000000000000000e+00,0.000000000000000000e+00,0.000000000000000000e+00,0.000000000000000000e+00,0.000000000000000000e+00,0.000000000000000000e+00,8.276375122070312500e+02,8.276381225585937500e+02,8.276381225585937500e+02,8.276375122070312500e+02,-2.083790613244404271e+07
4.214000000000000412e+00,1.169951173412059064e-01,5.576912485048808321e-01,-1.455045971130841317e-02,-1.120940888676008607e-04,1.807728030391864138e-04,-1.605602572909980985e-07,9.181047677993774414e-01,5.231173515319824219e+00,-4.934623718261718750e+00,-1.169951173412059064e-01,-5.576912485048808321e-01,1.455045971130841317e-02,0.000000000000000000e+00,0.000000000000000000e+00,0.000000000000000000e+00,0.000000000000000000e+00,0.000000000000000000e+00,0.000000000000000000e+00,0.000000000000000000e+00,8.276375732421875000e+02,8.276380615234375000e+02,8.276380615234375000e+02,8.276375732421875000e+02,-2.083790645736314356e+07
4.214999999999999858e+00,1.168828852434260629e-01,5.578720008307750389e-01,-1.455098434965858278e-02,-1.122320977798435537e-04,1.807523258942067557e-04,-5.246383501696094687e-07,9.181098937988281250e-01,5.231195449829101562e+00,-4.934642791748046875e+00,-1.168828852434260629e-01,-5.578720008307750389e-01,1.455098434965858278e-02,0.000000000000000000e+00,0.000000000000000000e+00,0.000000000000000000e+00,0.000000000000000000e+00,0.000000000000000000e+00,0.000000000000000000e+00,0.000000000000000000e+00,8.276376342773437500e+02,8.276380004882812500e+02,8.276380004882812500e+02,8.276376342773437500e+02,-2.083790678245765343e+07
4.216000000000000192e+00,1.167705215801580210e-01,5.580526994303103283e-01,-1.455188813929203344e-02,-1.123636632680419245e-04,1.806985995352894392e-04,-9.037896334506551055e-07,9.181151390075683594e-01,5.231215476989746094e+00,-4.934662342071533203e+00,-1.167705215801580210e-01,-5.580526994303103283e-01,1.455188813929203344e-02,0.000000000000000000e+00,0.000000000000000000e+00,0.000000000000000000e+00,0.000000000000000000e+00,0.000000000000000000e+00,0.000000000000000000e+00,0.000000000000000000e+00,8.276376953125000000e+02,8.276379394531250000e+02,8.276379394531250000e+02,8.276376953125000000e+02,-2.083790710772757977e+07
4.216999999999999638e+00,1.166580397705191535e-01,5.582333976512813267e-01,-1.455318537365908951e-02,-1.124818096388674471e-04,1.806982209709984133e-04,-1.297234367056074311e-06,9.181199073791503906e-01,5.231238842010498047e+00,-4.934680938720703125e+00,-1.166580397705191535e-01,-5.582333976512813267e-01,1.455318537365908951e-02,0.000000000000000000e+00,0.000000000000000000e+00,0.000000000000000000e+00,0.000000000000000000e+00,0.000000000000000000e+00,0.000000000000000000e+00,0.000000000000000000e+00,8.276378173828125000e+02,8.276378784179687500e+02,8.276378784179687500e+02,8.276378173828125000e+02,-2.083790743317300081e+07
4.217999999999999972e+00,1.165454532104485269e-01,5.584140421177902214e-01,-1.455488856975807772e-02,-1.125865600706266179e-04,1.806444665088946522e-04,-1.703196098988210561e-06,9.181255102157592773e-01,5.231258392333984375e+00,-4.934700489044189453e+00,-1.165454532104485269e-01,-5.584140421177902214e-01,1.455488856975807772e-02,0.000000000000000000e+00,0.000000000000000000e+00,0.000000000000000000e+00,0.000000000000000000e+00,0.000000000000000000e+00,0.000000000000000000e+00,0.000000000000000000e+00,8.276378784179687500e+02,8.276378173828125000e+02,8.276378173828125000e+02,8.276378784179687500e+02,-2.083790775879393145e+07
4.219000000000000306e+00,1.164327619343738796e-01,5.585946328242658021e-01,-1.455700439762007761e-02,-1.126912760746473507e-04,1.805907064755807312e-04,-2.115827861999888815e-06,9.181303977966308594e-01,5.231281280517578125e+00,-4.934719562530517578e+00,-1.164327619343738796e-01,-5.585946328242658021e-01,1.455700439762007761e-02,0.000000000000000000e+00,0.000000000000000000e+00,0.000000000000000000e+00,0.000000000000000000e+00,0.000000000000000000e+00,0.000000000000000000e+00,0.000000000000000000e+00,8.276379394531250000e+02,8.276377563476562500e+02,8.276377563476562500e+02,8.276379394531250000e+02,-2.083790808459039032e+07
4.219999999999999751e+00,1.163199793174737040e-01,5.587751697635366943e-01,-1.455953959233178066e-02,-1.127826169001755474e-04,1.805369392708922049e-04,-2.535194711703048220e-06,9.181356430053710938e-01,5.231303215026855469e+00,-4.934739112854003906e+00,-1.163199793174737040e-01,-5.587751697635366943e-01,1.455953959233178066e-02,0.000000000000000000e+00,0.000000000000000000e+00,0.000000000000000000e+00,0.000000000000000000e+00,0.000000000000000000e+00,0.000000000000000000e+00,0.000000000000000000e+00,8.276380004882812500e+02,8.276376342773437500e+02,8.276376953125000000e+02,8.276380004882812500e+02,-2.083790841056239977e+07
4.221000000000000085e+00,1.162071320507143818e-01,5.589557062963198542e-01,-1.456249433801337645e-02,-1.128472667593222178e-04,1.805365327831598421e-04,-2.954745681595788431e-06,9.181408882141113281e-01,5.231324195861816406e+00,-4.934760093688964844e+00,-1.162071320507143818e-01,-5.589557062963198542e-01,1.456249433801337645e-02,0.000000000000000000e+00,0.000000000000000000e+00,0.000000000000000000e+00,0.000000000000000000e+00,0.000000000000000000e+00,0.000000000000000000e+00,0.000000000000000000e+00,8.276380615234375000e+02,8.276375732421875000e+02,8.276375732421875000e+02,8.276380615234375000e+02,-2.083790873671004549e+07
4.222000000000000419e+00,1.160942201279359792e-01,5.591362424255532648e-01,-1.456586696680298165e-02,-1.129119227784025625e-04,1.805361292334106693e-04,-3.372628789605203181e-06,9.181457757949829102e-01,5.231346130371093750e+00,-4.934777259826660156e+00,-1.160942201279359792e-01,-5.591362424255532648e-01,1.456586696680298165e-02,0.000000000000000000e+00,0.000000000000000000e+00,0.000000000000000000e+00,0.000000000000000000e+00,0.000000000000000000e+00,0.000000000000000000e+00,0.000000000000000000e+00,8.276381225585937500e+02,8.276375122070312500e+02,8.276375122070312500e+02,8.276381225585937500e+02,-2.083790906303341687e+07
4.222999999999999865e+00,1.159812366263790473e-01,5.593166914512442967e-01,-1.456965492202322993e-02,-1.129835015569319312e-04,1.804490256910318280e-04,-3.787955220248273580e-06,9.181510210037231445e-01,5.231367111206054688e+00,-4.934797763824462891e+00,-1.159812366263790473e-01,-5.593166914512442967e-01,1.456965492202322993e-02,0.000000000000000000e+00,0.000000000000000000e+00,0.000000000000000000e+00,0.000000000000000000e+00,0.000000000000000000e+00,0.000000000000000000e+00,0.000000000000000000e+00,8.276381835937500000e+02,8.276374511718750000e+02,8.276374511718750000e+02,8.276381835937500000e+02,-2.083790938953249902e+07
4.224000000000000199e+00,1.158682353617642574e-01,5.594971734105239625e-01,-1.457385178423977953e-02,-1.130012646147898758e-04,1.804819592796658156e-04,-4.196862216549607227e-06,9.181563854217529297e-01,5.231388568878173828e+00,-4.934816360473632812e+00,-1.158682353617642574e-01,-5.594971734105239625e-01,1.457385178423977953e-02,0.000000000000000000e+00,0.000000000000000000e+00,0.000000000000000000e+00,0.000000000000000000e+00,0.000000000000000000e+00,0.000000000000000000e+00,0.000000000000000000e+00,8.276382446289062500e+02,8.276373901367187500e+02,8.276373901367187500e+02,8.276382446289062500e+02,-2.083790971620742977e+07
4.224999999999999645e+00,1.157552093551069278e-01,5.596776549886410823e-01,-1.457844337822223647e-02,-1.130260066573296474e-04,1.804815781171198452e-04,-4.591593982456940171e-06,9.181611537933349609e-01,5.231409549713134766e+00,-4.934835910797119141e+00,-1.157552093551069278e-01,-5.596776549886410823e-01,1.457844337822223647e-02,0.000000000000000000e+00,0.000000000000000000e+00,0.000000000000000000e+00,0.000000000000000000e+00,0.000000000000000000e+00,0.000000000000000000e+00,0.000000000000000000e+00,8.276383056640625000e+02,8.276373291015625000e+02,8.276373291015625000e+02,8.276383056640625000e+02,-2.083791004305830598e+07
4.225999999999999979e+00,1.156421852332248229e-01,5.598580828308621360e-01,-1.458341977477754965e-02,-1.130241218821048665e-04,1.804278422210536803e-04,-4.976396555313178371e-06,9.181660413742065430e-01,5.231430053710937500e+00,-4.934854984283447266e+00,-1.156421852332248229e-01,-5.598580828308621360e-01,1.458341977477754965e-02,0.000000000000000000e+00,0.000000000000000000e+00,0.000000000000000000e+00,0.000000000000000000e+00,0.000000000000000000e+00,0.000000000000000000e+00,0.000000000000000000e+00,8.276383666992187500e+02,8.276373291015625000e+02,8.276373291015625000e+02,8.276383666992187500e+02,-2.083791037008516863e+07
4.227000000000000313e+00,1.155291495827299453e-01,5.600385636839135817e-01,-1.458876267325397678e-02,-1.130356504948776264e-04,1.804808530514456777e-04,-5.342898476427132559e-06,9.181714057922363281e-01,5.231452465057373047e+00,-4.934873580932617188e+00,-1.155291495827299453e-01,-5.600385636839135817e-01,1.458876267325397678e-02,0.000000000000000000e+00,0.000000000000000000e+00,0.000000000000000000e+00,0.000000000000000000e+00,0.000000000000000000e+00,0.000000000000000000e+00,0.000000000000000000e+00,8.276384277343750000e+02,8.276372680664062500e+02,8.276372680664062500e+02,8.276384277343750000e+02,-2.083791069728817791e+07
4.227999999999999758e+00,1.154161423220738114e-01,5.602190442013936789e-01,-1.459445220425854318e-02,-1.130072606561338677e-04,1.804805174800971912e-04,-5.689531004566400485e-06,9.181764125823974609e-01,5.231472969055175781e+00,-4.934892654418945312e+00,-1.154161423220738114e-01,-5.602190442013936789e-01,1.459445220425854318e-02,0.000000000000000000e+00,0.000000000000000000e+00,0.000000000000000000e+00,0.000000000000000000e+00,0.000000000000000000e+00,0.000000000000000000e+00,0.000000000000000000e+00,8.276384277343750000e+02,8.276372070312500000e+02,8.276372070312500000e+02,8.276384277343750000e+02,-2.083791102466743812e+07
4.229000000000000092e+00,1.153031633550284374e-01,5.603995244044497337e-01,-1.460046835692120973e-02,-1.129789670453740236e-04,1.804802030560548332e-04,-6.016152662666543471e-06,9.181813001632690430e-01,5.231493473052978516e+00,-4.934912681579589844e+00,-1.153031633550284374e-01,-5.603995244044497337e-01,1.460046835692120973e-02,0.000000000000000000e+00,0.000000000000000000e+00,0.000000000000000000e+00,0.000000000000000000e+00,0.000000000000000000e+00,0.000000000000000000e+00,0.000000000000000000e+00,8.276384887695312500e+02,8.276371459960937500e+02,8.276371459960937500e+02,8.276384887695312500e+02,-2.083791135222305730e+07
4.230000000000000426e+00,1.151902392421906424e-01,5.605800043159049340e-01,-1.460678624814152650e-02,-1.129241128377950210e-04,1.804799114552002592e-04,-6.317891220316770862e-06,9.181860685348510742e-01,5.231513977050781250e+00,-4.934931278228759766e+00,-1.151902392421906424e-01,-5.605800043159049340e-01,1.460678624814152650e-02,0.000000000000000000e+00,0.000000000000000000e+00,0.000000000000000000e+00,0.000000000000000000e+00,0.000000000000000000e+00,0.000000000000000000e+00,0.000000000000000000e+00,8.276385498046875000e+02,8.276371459960937500e+02,8.276371459960937500e+02,8.276385498046875000e+02,-2.083791167995514721e+07
4.230999999999999872e+00,1.150773698544160506e-01,5.607604839634225957e-01,-1.461337919682697759e-02,-1.128693877745917673e-04,1.804796475176617676e-04,-6.592948685451086033e-06,9.181917905807495117e-01,5.231537342071533203e+00,-4.934951305389404297e+00,-1.150773698544160506e-01,-5.607604839634225957e-01,1.461337919682697759e-02,0.000000000000000000e+00,0.000000000000000000e+00,0.000000000000000000e+00,0.000000000000000000e+00,0.000000000000000000e+00,0.000000000000000000e+00,0.000000000000000000e+00,8.276385498046875000e+02,8.276370849609375000e+02,8.276370849609375000e+02,8.276385498046875000e+02,-2.083791200786381960e+07
4.232000000000000206e+00,1.149645748866984368e-01,5.609409833003610180e-01,-1.462021653304116861e-02,-1.127949677176137699e-04,1.804993369384222390e-04,-6.837336214191025441e-06,9.181963205337524414e-01,5.231556892395019531e+00,-4.934968948364257812e+00,-1.149645748866984368e-01,-5.609409833003610180e-01,1.462021653304116861e-02,0.000000000000000000e+00,0.000000000000000000e+00,0.000000000000000000e+00,0.000000000000000000e+00,0.000000000000000000e+00,0.000000000000000000e+00,0.000000000000000000e+00,8.276386108398437500e+02,8.276370849609375000e+02,8.276370849609375000e+02,8.276385498046875000e+02,-2.083791233594921231e+07
4.232999999999999652e+00,1.148518545641709354e-01,5.611215692207345285e-01,-1.462727151813473896e-02,-1.127203225275014153e-04,1.805859203735105112e-04,-7.054985093570345644e-06,9.182013273239135742e-01,5.231579303741455078e+00,-4.934987545013427734e+00,-1.148518545641709354e-01,-5.611215692207345285e-01,1.462727151813473896e-02,0.000000000000000000e+00,0.000000000000000000e+00,0.000000000000000000e+00,0.000000000000000000e+00,0.000000000000000000e+00,0.000000000000000000e+00,0.000000000000000000e+00,8.276386108398437500e+02,8.276370849609375000e+02,8.276370849609375000e+02,8.276386108398437500e+02,-2.083791266421153396e+07
4.233999999999999986e+00,1.147392418839218026e-01,5.613021549646365349e-01,-1.463451010559457810e-02,-1.126126802491328460e-04,1.805857439020064348e-04,-7.238587459839143645e-06,9.182068109512329102e-01,5.231600284576416016e+00,-4.935008049011230469e+00,-1.147392418839218026e-01,-5.613021549646365349e-01,1.463451010559457810e-02,0.000000000000000000e+00,0.000000000000000000e+00,0.000000000000000000e+00,0.000000000000000000e+00,0.000000000000000000e+00,0.000000000000000000e+00,0.000000000000000000e+00,8.276386108398437500e+02,8.276370239257812500e+02,8.276370239257812500e+02,8.276386108398437500e+02,-2.083791299265090749e+07
4.235000000000000320e+00,1.146267366991734482e-01,5.614827939270100599e-01,-1.464190066528967861e-02,-1.125051847483543588e-04,1.806389623735249472e-04,-7.390559695100509807e-06,9.182114601135253906e-01,5.231621265411376953e+00,-4.935025691986083984e+00,-1.146267366991734482e-01,-5.614827939270100599e-01,1.464190066528967861e-02,0.000000000000000000e+00,0.000000000000000000e+00,0.000000000000000000e+00,0.000000000000000000e+00,0.000000000000000000e+00,0.000000000000000000e+00,0.000000000000000000e+00,8.276386108398437500e+02,8.276370239257812500e+02,8.276370239257812500e+02,8.276386108398437500e+02,-2.083791332126750797e+07
4.235999999999999766e+00,1.145143521557667882e-01,5.616634327822028760e-01,-1.464940485506882953e-02,-1.123845434066600424e-04,1.806388551928161945e-04,-7.504189779150918782e-06,9.182165861129760742e-01,5.231641769409179688e+00,-4.935044765472412109e+00,-1.145143521557667882e-01,-5.616634327822028760e-01,1.464940485506882953e-02,0.000000000000000000e+00,0.000000000000000000e+00,0.000000000000000000e+00,0.000000000000000000e+00,0.000000000000000000e+00,0.000000000000000000e+00,0.000000000000000000e+00,8.276386108398437500e+02,8.276370239257812500e+02,8.276370239257812500e+02,8.276386108398437500e+02,-2.083791365006146207e+07
4.237000000000000099e+00,1.144020881065003492e-01,5.618441249248881109e-01,-1.465699104475138258e-02,-1.122640492664389589e-04,1.806921426852348134e-04,-7.586189682553048930e-06,9.182217121124267578e-01,5.231664180755615234e+00,-4.935064315795898438e+00,-1.144020881065003492e-01,-5.618441249248881109e-01,1.465699104475138258e-02,0.000000000000000000e+00,0.000000000000000000e+00,0.000000000000000000e+00,0.000000000000000000e+00,0.000000000000000000e+00,0.000000000000000000e+00,0.000000000000000000e+00,8.276386108398437500e+02,8.276370239257812500e+02,8.276370239257812500e+02,8.276386108398437500e+02,-2.083791397903294861e+07
4.238000000000000433e+00,1.142899710369067318e-01,5.620248703918957478e-01,-1.466461934355687245e-02,-1.121170695936174466e-04,1.807454670076369396e-04,-7.628298805489874823e-06,9.182267189025878906e-01,5.231684207916259766e+00,-4.935083389282226562e+00,-1.142899710369067318e-01,-5.620248703918957478e-01,1.466461934355687245e-02,0.000000000000000000e+00,0.000000000000000000e+00,0.000000000000000000e+00,0.000000000000000000e+00,0.000000000000000000e+00,0.000000000000000000e+00,0.000000000000000000e+00,8.276386108398437500e+02,8.276370849609375000e+02,8.276370849609375000e+02,8.276386108398437500e+02,-2.083791430818215385e+07
4.238999999999999879e+00,1.141779874510326920e-01,5.622056692165168235e-01,-1.467225800243741884e-02,-1.119835858740397816e-04,1.807988246210756600e-04,-7.638658880546392305e-06,9.182314872741699219e-01,5.231705665588378906e+00,-4.935101509094238281e+00,-1.141779874510326920e-01,-5.622056692165168235e-01,1.467225800243741884e-02,0.000000000000000000e+00,0.000000000000000000e+00,0.000000000000000000e+00,0.000000000000000000e+00,0.000000000000000000e+00,0.000000000000000000e+00,0.000000000000000000e+00,8.276386108398437500e+02,8.276370849609375000e+02,8.276370849609375000e+02,8.276386108398437500e+02,-2.083791463750925660e+07
4.240000000000000213e+00,1.140661504932325848e-01,5.623865214369291321e-01,-1.467986706527653687e-02,-1.118369578001071618e-04,1.808522204123086397e-04,-7.609062839118024835e-06,9.182369709014892578e-01,5.231725692749023438e+00,-4.935121536254882812e+00,-1.140661504932325848e-01,-5.623865214369291321e-01,1.467986706527653687e-02,0.000000000000000000e+00,0.000000000000000000e+00,0.000000000000000000e+00,0.000000000000000000e+00,0.000000000000000000e+00,0.000000000000000000e+00,0.000000000000000000e+00,8.276385498046875000e+02,8.276370849609375000e+02,8.276370849609375000e+02,8.276385498046875000e+02,-2.083791496701444313e+07
4.240999999999999659e+00,1.139544665282137131e-01,5.625673401911160942e-01,-1.468740901592064697e-02,-1.116839650188716782e-04,1.808187541869621384e-04,-7.541950644110104185e-06,9.182420969009399414e-01,5.231748104095458984e+00,-4.935140609741210938e+00,-1.139544665282137131e-01,-5.625673401911160942e-01,1.468740901592064697e-02,0.000000000000000000e+00,0.000000000000000000e+00,0.000000000000000000e+00,0.000000000000000000e+00,0.000000000000000000e+00,0.000000000000000000e+00,0.000000000000000000e+00,8.276385498046875000e+02,8.276371459960937500e+02,8.276371459960937500e+02,8.276385498046875000e+02,-2.083791529669779539e+07
4.241999999999999993e+00,1.138429489900731617e-01,5.627482992946202245e-01,-1.469485229340548177e-02,-1.115175381405514310e-04,1.809591035041302476e-04,-7.443277484834795454e-06,9.182469844818115234e-01,5.231770515441894531e+00,-4.935160160064697266e+00,-1.138429489900731617e-01,-5.627482992946202245e-01,1.469485229340548177e-02,0.000000000000000000e+00,0.000000000000000000e+00,0.000000000000000000e+00,0.000000000000000000e+00,0.000000000000000000e+00,0.000000000000000000e+00,0.000000000000000000e+00,8.276384887695312500e+02,8.276371459960937500e+02,8.276371459960937500e+02,8.276384887695312500e+02,-2.083791562655960023e+07
4.243000000000000327e+00,1.137315908880715265e-01,5.629292585348198985e-01,-1.470215926349530307e-02,-1.113581020016352063e-04,1.809592401996740207e-04,-7.306970089821299141e-06,9.182521104812622070e-01,5.231791019439697266e+00,-4.935179710388183594e+00,-1.137315908880715265e-01,-5.629292585348198985e-01,1.470215926349530307e-02,0.000000000000000000e+00,0.000000000000000000e+00,0.000000000000000000e+00,0.000000000000000000e+00,0.000000000000000000e+00,0.000000000000000000e+00,0.000000000000000000e+00,8.276384887695312500e+02,8.276372070312500000e+02,8.276372070312500000e+02,8.276384887695312500e+02,-2.083791595659997687e+07
4.243999999999999773e+00,1.136203920811270640e-01,5.631103246681995467e-01,-1.470929834881991652e-02,-1.111988069444624916e-04,1.810661333796481642e-04,-7.139085324613450578e-06,9.182567596435546875e-01,5.231811046600341797e+00,-4.935198307037353516e+00,-1.136203920811270640e-01,-5.631103246681995467e-01,1.470929834881991652e-02,0.000000000000000000e+00,0.000000000000000000e+00,0.000000000000000000e+00,0.000000000000000000e+00,0.000000000000000000e+00,0.000000000000000000e+00,0.000000000000000000e+00,8.276384277343750000e+02,8.276372680664062500e+02,8.276372680664062500e+02,8.276384277343750000e+02,-2.083791628681917116e+07
4.245000000000000107e+00,1.135093523804893839e-01,5.632914443678054273e-01,-1.471623280995354617e-02,-1.110397006376800944e-04,1.811196996058805908e-04,-6.934461133629651886e-06,9.182618856430053711e-01,5.231831550598144531e+00,-4.935217380523681641e+00,-1.135093523804893839e-01,-5.632914443678054273e-01,1.471623280995354617e-02,0.000000000000000000e+00,0.000000000000000000e+00,0.000000000000000000e+00,0.000000000000000000e+00,0.000000000000000000e+00,0.000000000000000000e+00,0.000000000000000000e+00,8.276383666992187500e+02,8.276372680664062500e+02,8.276372680664062500e+02,8.276383666992187500e+02,-2.083791661721736193e+07
4.246000000000000441e+00,1.133984716381654656e-01,5.634725642982908456e-01,-1.472293424560480214e-02,-1.108807423239183132e-04,1.811199304854183012e-04,-6.701435651255971404e-06,9.182672500610351562e-01,5.231853961944580078e+00,-4.935235500335693359e+00,-1.133984716381654656e-01,-5.634725642982908456e-01,1.472293424560480214e-02,0.000000000000000000e+00,0.000000000000000000e+00,0.000000000000000000e+00,0.000000000000000000e+00,0.000000000000000000e+00,0.000000000000000000e+00,0.000000000000000000e+00,8.276383056640625000e+02,8.276373291015625000e+02,8.276373291015625000e+02,8.276383056640625000e+02,-2.083791694779467210e+07
4.246999999999999886e+00,1.132877497124797905e-01,5.636537912157814079e-01,-1.472937107808279175e-02,-1.107219256856750711e-04,1.812269174905623004e-04,-6.436832477989609669e-06,9.182722568511962891e-01,5.231875419616699219e+00,-4.935254573822021484e+00,-1.132877497124797905e-01,-5.636537912157814079e-01,1.472937107808279175e-02,0.000000000000000000e+00,0.000000000000000000e+00,0.000000000000000000e+00,0.000000000000000000e+00,0.000000000000000000e+00,0.000000000000000000e+00,0.000000000000000000e+00,8.276382446289062500e+02,8.276373901367187500e+02,8.276373901367187500e+02,8.276382446289062500e+02,-2.083791727855133638e+07
4.248000000000000220e+00,1.131771864638370650e-01,5.638350184186495806e-01,-1.473551818840556152e-02,-1.105632486427254868e-04,1.812272028681727321e-04,-6.147110322769766544e-06,9.182771444320678711e-01,5.231896400451660156e+00,-4.935275077819824219e+00,-1.131771864638370650e-01,-5.638350184186495806e-01,1.473551818840556152e-02,0.000000000000000000e+00,0.000000000000000000e+00,0.000000000000000000e+00,0.000000000000000000e+00,0.000000000000000000e+00,0.000000000000000000e+00,0.000000000000000000e+00,8.276381835937500000e+02,8.276374511718750000e+02,8.276374511718750000e+02,8.276381835937500000e+02,-2.083791760948747396e+07
4.248999999999999666e+00,1.130667750396142368e-01,5.640163190375366842e-01,-1.474134815591725788e-02,-1.104114242228282361e-04,1.813006188871035818e-04,-5.829967511696357296e-06,9.182821512222290039e-01,5.231918811798095703e+00,-4.935294628143310547e+00,-1.130667750396142368e-01,-5.640163190375366842e-01,1.474134815591725788e-02,0.000000000000000000e+00,0.000000000000000000e+00,0.000000000000000000e+00,0.000000000000000000e+00,0.000000000000000000e+00,0.000000000000000000e+00,0.000000000000000000e+00,8.276381225585937500e+02,8.276375122070312500e+02,8.276375122070312500e+02,8.276381225585937500e+02,-2.083791794060328603e+07
4.250000000000000000e+00,1.129565021036526840e-01,5.641976536021415800e-01,-1.474683908872629137e-02,-1.102729359615528537e-04,1.813345646048958315e-04,-5.490932809033496897e-06,9.182872772216796875e-01,5.231940269470214844e+00,-4.935312747955322266e+00,-1.129565021036526840e-01,-5.641976536021415800e-01,1.474683908872629137e-02,0.000000000000000000e+00,0.000000000000000000e+00,0.000000000000000000e+00,0.000000000000000000e+00,0.000000000000000000e+00,0.000000000000000000e+00,0.000000000000000000e+00,8.276380615234375000e+02,8.276375732421875000e+02,8.276375732421875000e+02,8.276380615234375000e+02,-2.083791827189891785e+07
4.251000000000000334e+00,1.128463741699996248e-01,5.643790952455109977e-01,-1.475197030226313953e-02,-1.101279336530591735e-04,1.814416433694177044e-04,-5.131213536848158729e-06,9.182925224304199219e-01,5.231962680816650391e+00,-4.935332775115966797e+00,-1.128463741699996248e-01,-5.643790952455109977e-01,1.475197030226313953e-02,0.000000000000000000e+00,0.000000000000000000e+00,0.000000000000000000e+00,0.000000000000000000e+00,0.000000000000000000e+00,0.000000000000000000e+00,0.000000000000000000e+00,8.276380004882812500e+02,8.276376342773437500e+02,8.276376342773437500e+02,8.276380004882812500e+02,-2.083791860337460414e+07
4.251999999999999780e+00,1.127363777987898941e-01,5.645605372591071536e-01,-1.475672495008917978e-02,-1.099963712097307145e-04,1.814420135961558600e-04,-4.754647826040250824e-06,9.182980060577392578e-01,5.231983661651611328e+00,-4.935353755950927734e+00,-1.127363777987898941e-01,-5.645605372591071536e-01,1.475672495008917978e-02,0.000000000000000000e+00,0.000000000000000000e+00,0.000000000000000000e+00,0.000000000000000000e+00,0.000000000000000000e+00,0.000000000000000000e+00,0.000000000000000000e+00,8.276379394531250000e+02,8.276376953125000000e+02,8.276376953125000000e+02,8.276379394531250000e+02,-2.083791893503045663e+07
4.253000000000000114e+00,1.126265129137035276e-01,5.647420330209783623e-01,-1.476108640948590664e-02,-1.098648850863664928e-04,1.814957618712087495e-04,-4.361459396726857785e-06,9.183028936386108398e-01,5.232004642486572266e+00,-4.935370922088623047e+00,-1.126265129137035276e-01,-5.647420330209783623e-01,1.476108640948590664e-02,0.000000000000000000e+00,0.000000000000000000e+00,0.000000000000000000e+00,0.000000000000000000e+00,0.000000000000000000e+00,0.000000000000000000e+00,0.000000000000000000e+00,8.276378784179687500e+02,8.276377563476562500e+02,8.276377563476562500e+02,8.276378784179687500e+02,-2.083791926686664298e+07
4.253999999999999559e+00,1.125167527662450928e-01,5.649235291819733051e-01,-1.476504282375134224e-02,-1.097601474584347647e-04,1.814961609949428123e-04,-3.956414265435595490e-06,9.183080196380615234e-01,5.232025623321533203e+00,-4.935391902923583984e+00,-1.125167527662450928e-01,-5.649235291819733051e-01,1.476504282375134224e-02,0.000000000000000000e+00,0.000000000000000000e+00,0.000000000000000000e+00,0.000000000000000000e+00,0.000000000000000000e+00,0.000000000000000000e+00,0.000000000000000000e+00,8.276378173828125000e+02,8.276378784179687500e+02,8.276378784179687500e+02,8.276378173828125000e+02,-2.083791959888326377e+07
4.254999999999999893e+00,1.124070839961830021e-01,5.651051324746585447e-01,-1.476858756211083153e-02,-1.096687700620907480e-04,1.816032926852395590e-04,-3.544738359489291168e-06,9.183133840560913086e-01,5.232048511505126953e+00,-4.935411453247070312e+00,-1.124070839961830021e-01,-5.651051324746585447e-01,1.476858756211083153e-02,0.000000000000000000e+00,0.000000000000000000e+00,0.000000000000000000e+00,0.000000000000000000e+00,0.000000000000000000e+00,0.000000000000000000e+00,0.000000000000000000e+00,8.276377563476562500e+02,8.276379394531250000e+02,8.276379394531250000e+02,8.276377563476562500e+02,-2.083791993108053878e+07
4.256000000000000227e+00,1.122975198776243605e-01,5.652867361804456703e-01,-1.477171058016297014e-02,-1.095641185586415656e-04,1.816037057871255911e-04,-3.123018052138618050e-06,9.183186292648315430e-01,5.232070446014404297e+00,-4.935431003570556641e+00,-1.122975198776243605e-01,-5.652867361804456703e-01,1.477171058016297014e-02,0.000000000000000000e+00,0.000000000000000000e+00,0.000000000000000000e+00,0.000000000000000000e+00,0.000000000000000000e+00,0.000000000000000000e+00,0.000000000000000000e+00,8.276376953125000000e+02,8.276380004882812500e+02,8.276380004882812500e+02,8.276376953125000000e+02,-2.083792026345856860e+07
4.256999999999999673e+00,1.121880337353577256e-01,5.654683402997958686e-01,-1.477441341429496999e-02,-1.094861422666348894e-04,1.816041193501982676e-04,-2.702834131999842793e-06,9.183242321014404297e-01,5.232093811035156250e+00,-4.935451507568359375e+00,-1.121880337353577256e-01,-5.654683402997958686e-01,1.477441341429496999e-02,0.000000000000000000e+00,0.000000000000000000e+00,0.000000000000000000e+00,0.000000000000000000e+00,0.000000000000000000e+00,0.000000000000000000e+00,0.000000000000000000e+00,8.276376342773437500e+02,8.276380615234375000e+02,8.276380615234375000e+02,8.276376342773437500e+02,-2.083792059601745009e+07
4.258000000000000007e+00,1.120785922090824643e-01,5.656499644815029537e-01,-1.477669347003188194e-02,-1.094415262752612694e-04,1.816241817070851639e-04,-2.280055736911951181e-06,9.183290004730224609e-01,5.232114315032958984e+00,-4.935471057891845703e+00,-1.120785922090824643e-01,-5.656499644815029537e-01,1.477669347003188194e-02,0.000000000000000000e+00,0.000000000000000000e+00,0.000000000000000000e+00,0.000000000000000000e+00,0.000000000000000000e+00,0.000000000000000000e+00,0.000000000000000000e+00,8.276375732421875000e+02,8.276381225585937500e+02,8.276381225585937500e+02,8.276375122070312500e+02,-2.083792092875729501e+07
4.259000000000000341e+00,1.119692286840196227e-01,5.658316227788173780e-01,-1.477855749226154175e-02,-1.093635250628416378e-04,1.816582973144242885e-04,-1.864022229659811902e-06,9.183342456817626953e-01,5.232136726379394531e+00,-4.935489177703857422e+00,-1.119692286840196227e-01,-5.658316227788173780e-01,1.477855749226154175e-02,0.000000000000000000e+00,0.000000000000000000e+00,0.000000000000000000e+00,0.000000000000000000e+00,0.000000000000000000e+00,0.000000000000000000e+00,0.000000000000000000e+00,8.276375122070312500e+02,8.276381835937500000e+02,8.276381835937500000e+02,8.276374511718750000e+02,-2.083792126167823374e+07
4.259999999999999787e+00,1.118598964855819916e-01,5.660133348465217207e-01,-1.478000949089926068e-02,-1.093321984376310896e-04,1.817120677043426724e-04,-1.451998637718929230e-06,9.183396100997924805e-01,5.232157707214355469e+00,-4.935511112213134766e+00,-1.118598964855819916e-01,-5.660133348465217207e-01,1.478000949089926068e-02,0.000000000000000000e+00,0.000000000000000000e+00,0.000000000000000000e+00,0.000000000000000000e+00,0.000000000000000000e+00,0.000000000000000000e+00,0.000000000000000000e+00,8.276374511718750000e+02,8.276382446289062500e+02,8.276382446289062500e+02,8.276373901367187500e+02,-2.083792159478041530e+07
4.261000000000000121e+00,1.117505889755787962e-01,5.661949939489571149e-01,-1.478105933419122248e-02,-1.093075100031953850e-04,1.816591024353941819e-04,-1.049843291961796710e-06,9.183448553085327148e-01,5.232181072235107422e+00,-4.935529708862304688e+00,-1.117505889755787962e-01,-5.661949939489571149e-01,1.478105933419122248e-02,0.000000000000000000e+00,0.000000000000000000e+00,0.000000000000000000e+00,0.000000000000000000e+00,0.000000000000000000e+00,0.000000000000000000e+00,0.000000000000000000e+00,8.276373901367187500e+02,8.276383056640625000e+02,8.276383056640625000e+02,8.276373901367187500e+02,-2.083792192806386203e+07
4.261999999999999567e+00,1.116412995629850052e-01,5.663767067983740411e-01,-1.478172043428742713e-02,-1.092894125937909910e-04,1.817128494169262254e-04,-6.611000962046531537e-07,9.183503389358520508e-01,5.232202053070068359e+00,-4.935549259185791016e+00,-1.116412995629850052e-01,-5.663767067983740411e-01,1.478172043428742713e-02,0.000000000000000000e+00,0.000000000000000000e+00,0.000000000000000000e+00,0.000000000000000000e+00,0.000000000000000000e+00,0.000000000000000000e+00,0.000000000000000000e+00,8.276373291015625000e+02,8.276383666992187500e+02,8.276383666992187500e+02,8.276373291015625000e+02,-2.083792226152871549e+07
4.262999999999999901e+00,1.115320016393036157e-01,5.665584200179757390e-01,-1.478200928300304855e-02,-1.092979236813895749e-04,1.817132196016979506e-04,-2.888487156214175622e-07,9.183553457260131836e-01,5.232224464416503906e+00,-4.935569763183593750e+00,-1.115320016393036157e-01,-5.665584200179757390e-01,1.478200928300304855e-02,0.000000000000000000e+00,0.000000000000000000e+00,0.000000000000000000e+00,0.000000000000000000e+00,0.000000000000000000e+00,0.000000000000000000e+00,0.000000000000000000e+00,8.276372680664062500e+02,8.276384277343750000e+02,8.276384277343750000e+02,8.276372680664062500e+02,-2.083792259517505392e+07
4.264000000000000234e+00,1.114226886231252378e-01,5.667401335897038761e-01,-1.478194419073866964e-02,-1.093130161783778531e-04,1.817135717281370688e-04,6.509226437891035832e-08,9.183607101440429688e-01,5.232246398925781250e+00,-4.935590267181396484e+00,-1.114226886231252378e-01,-5.667401335897038761e-01,1.478194419073866964e-02,0.000000000000000000e+00,0.000000000000000000e+00,0.000000000000000000e+00,0.000000000000000000e+00,0.000000000000000000e+00,0.000000000000000000e+00,0.000000000000000000e+00,8.276372070312500000e+02,8.276384277343750000e+02,8.276384277343750000e+02,8.276372070312500000e+02,-2.083792292900295556e+07
4.264999999999999680e+00,1.113133472633926896e-01,5.669217941319917298e-01,-1.478154505050213730e-02,-1.093413597325482156e-04,1.816605422878536658e-04,3.991402365323415413e-07,9.183660745620727539e-01,5.232270240783691406e+00,-4.935609340667724609e+00,-1.113133472633926896e-01,-5.669217941319917298e-01,1.478154505050213730e-02,0.000000000000000000e+00,0.000000000000000000e+00,0.000000000000000000e+00,0.000000000000000000e+00,0.000000000000000000e+00,0.000000000000000000e+00,0.000000000000000000e+00,8.276371459960937500e+02,8.276384887695312500e+02,8.276384887695312500e+02,8.276371459960937500e+02,-2.083792326301243156e+07
4.266000000000000014e+00,1.112039643568924763e-01,5.671035083468582982e-01,-1.478083691384685615e-02,-1.093829065002133172e-04,1.817142148665684687e-04,7.081366552811468873e-07,9.183712005615234375e-01,5.232291221618652344e+00,-4.935628890991210938e+00,-1.112039643568924763e-01,-5.671035083468582982e-01,1.478083691384685615e-02,0.000000000000000000e+00,0.000000000000000000e+00,0.000000000000000000e+00,0.000000000000000000e+00,0.000000000000000000e+00,0.000000000000000000e+00,0.000000000000000000e+00,8.276371459960937500e+02,8.276385498046875000e+02,8.276385498046875000e+02,8.276371459960937500e+02,-2.083792359720361605e+07
4.267000000000000348e+00,1.110945133819782049e-01,5.672851356709076587e-01,-1.477984374327176269e-02,-1.094509749142713595e-04,1.816273240493604391e-04,9.931705750934605170e-07,9.183765649795532227e-01,5.232314586639404297e+00,-4.935649871826171875e+00,-1.110945133819782049e-01,-5.672851356709076587e-01,1.477984374327176269e-02,0.000000000000000000e+00,0.000000000000000000e+00,0.000000000000000000e+00,0.000000000000000000e+00,0.000000000000000000e+00,0.000000000000000000e+00,0.000000000000000000e+00,8.276370849609375000e+02,8.276385498046875000e+02,8.276385498046875000e+02,8.276370849609375000e+02,-2.083792393157647550e+07
4.267999999999999794e+00,1.109850010490891908e-01,5.674667436962620437e-01,-1.477859555101498565e-02,-1.095123328890140746e-04,1.816080253543850276e-04,1.248192256777039266e-06,9.183819293975830078e-01,5.232336044311523438e+00,-4.935670375823974609e+00,-1.109850010490891908e-01,-5.674667436962620437e-01,1.477859555101498565e-02,0.000000000000000000e+00,0.000000000000000000e+00,0.000000000000000000e+00,0.000000000000000000e+00,0.000000000000000000e+00,0.000000000000000000e+00,0.000000000000000000e+00,8.276370849609375000e+02,8.276385498046875000e+02,8.276386108398437500e+02,8.276370849609375000e+02,-2.083792426613105834e+07
4.269000000000000128e+00,1.108754075643964832e-01,5.676484053144286168e-01,-1.477712321019373012e-02,-1.095934846927076878e-04,1.816616181665731133e-04,1.472340821255524457e-06,9.183874130249023438e-01,5.232358455657958984e+00,-4.935688495635986328e+00,-1.108754075643964832e-01,-5.676484053144286168e-01,1.477712321019373012e-02,0.000000000000000000e+00,0.000000000000000000e+00,0.000000000000000000e+00,0.000000000000000000e+00,0.000000000000000000e+00,0.000000000000000000e+00,0.000000000000000000e+00,8.276370849609375000e+02,8.276386108398437500e+02,8.276386108398437500e+02,8.276370849609375000e+02,-2.083792460086749122e+07
4.269999999999999574e+00,1.107657197036387847e-01,5.678299604106639142e-01,-1.477545484807851577e-02,-1.096878607576984299e-04,1.815550962352974196e-04,1.668362115214358510e-06,9.183926582336425781e-01,5.232379913330078125e+00,-4.935709953308105469e+00,-1.107657197036387847e-01,-5.678299604106639142e-01,1.477545484807851577e-02,0.000000000000000000e+00,0.000000000000000000e+00,0.000000000000000000e+00,0.000000000000000000e+00,0.000000000000000000e+00,0.000000000000000000e+00,0.000000000000000000e+00,8.276370239257812500e+02,8.276386108398437500e+02,8.276386108398437500e+02,8.276370239257812500e+02,-2.083792493578571454e+07
4.270999999999999908e+00,1.106559243223103756e-01,5.680115156762378659e-01,-1.477362718857063752e-02,-1.097953813284091584e-04,1.815552655739516297e-04,1.827659507878248712e-06,9.183981418609619141e-01,5.232402324676513672e+00,-4.935730934143066406e+00,-1.106559243223103756e-01,-5.680115156762378659e-01,1.477362718857063752e-02,0.000000000000000000e+00,0.000000000000000000e+00,0.000000000000000000e+00,0.000000000000000000e+00,0.000000000000000000e+00,0.000000000000000000e+00,0.000000000000000000e+00,8.276370239257812500e+02,8.276386108398437500e+02,8.276386108398437500e+02,8.276370239257812500e+02,-2.083792527088579163e+07
4.272000000000000242e+00,1.105460149146609145e-01,5.681930710793678951e-01,-1.477167354982094997e-02,-1.099094076494611105e-04,1.815554031300292692e-04,1.953638749687541809e-06,9.184036254882812500e-01,5.232424259185791016e+00,-4.935750007629394531e+00,-1.105460149146609145e-01,-5.681930710793678951e-01,1.477167354982094997e-02,0.000000000000000000e+00,0.000000000000000000e+00,0.000000000000000000e+00,0.000000000000000000e+00,0.000000000000000000e+00,0.000000000000000000e+00,0.000000000000000000e+00,8.276370239257812500e+02,8.276386108398437500e+02,8.276386108398437500e+02,8.276370239257812500e+02,-2.083792560616778210e+07
4.272999999999999687e+00,1.104359849681358779e-01,5.683745198611960259e-01,-1.476962881446971555e-02,-1.100299465250365039e-04,1.814487818281307341e-04,2.044735351234422405e-06,9.184089899063110352e-01,5.232447147369384766e+00,-4.935768127441406250e+00,-1.104359849681358779e-01,-5.683745198611960259e-01,1.476962881446971555e-02,0.000000000000000000e+00,0.000000000000000000e+00,0.000000000000000000e+00,0.000000000000000000e+00,0.000000000000000000e+00,0.000000000000000000e+00,0.000000000000000000e+00,8.276370239257812500e+02,8.276386108398437500e+02,8.276386108398437500e+02,8.276370239257812500e+02,-2.083792594163162634e+07
4.274000000000000021e+00,1.103258146685300867e-01,5.685559687142341945e-01,-1.476752967283872023e-02,-1.101702996057912776e-04,1.814488530381686004e-04,2.099141630995324248e-06,9.184139966964721680e-01,5.232470512390136719e+00,-4.935790061950683594e+00,-1.103258146685300867e-01,-5.685559687142341945e-01,1.476752967283872023e-02,0.000000000000000000e+00,0.000000000000000000e+00,0.000000000000000000e+00,0.000000000000000000e+00,0.000000000000000000e+00,0.000000000000000000e+00,0.000000000000000000e+00,8.276370239257812500e+02,8.276386108398437500e+02,8.276386108398437500e+02,8.276370239257812500e+02,-2.083792627727738023e+07
4.275000000000000355e+00,1.102155042786151229e-01,5.687373303408891356e-01,-1.476540861017627826e-02,-1.103103899149637801e-04,1.813616266549411549e-04,2.121062662441969282e-06,9.184193611145019531e-01,5.232491493225097656e+00,-4.935810565948486328e+00,-1.102155042786151229e-01,-5.687373303408891356e-01,1.476540861017627826e-02,0.000000000000000000e+00,0.000000000000000000e+00,0.000000000000000000e+00,0.000000000000000000e+00,0.000000000000000000e+00,0.000000000000000000e+00,0.000000000000000000e+00,8.276370849609375000e+02,8.276386108398437500e+02,8.276386108398437500e+02,8.276370849609375000e+02,-2.083792661310500652e+07
4.275999999999999801e+00,1.101050471312027129e-01,5.689186724962345121e-01,-1.476330891146710074e-02,-1.104571474124099728e-04,1.813421553453764545e-04,2.099698709177519329e-06,9.184246063232421875e-01,5.232513904571533203e+00,-4.935829639434814453e+00,-1.101050471312027129e-01,-5.689186724962345121e-01,1.476330891146710074e-02,0.000000000000000000e+00,0.000000000000000000e+00,0.000000000000000000e+00,0.000000000000000000e+00,0.000000000000000000e+00,0.000000000000000000e+00,0.000000000000000000e+00,8.276370849609375000e+02,8.276385498046875000e+02,8.276385498046875000e+02,8.276370849609375000e+02,-2.083792694911453873e+07
4.277000000000000135e+00,1.099944434823123263e-01,5.690999612581658651e-01,-1.476126144581472836e-02,-1.106036488903866521e-04,1.812887619313530152e-04,2.047465652372376654e-06,9.184300899505615234e-01,5.232536792755126953e+00,-4.935848712921142578e+00,-1.099944434823123263e-01,-5.690999612581658651e-01,1.476126144581472836e-02,0.000000000000000000e+00,0.000000000000000000e+00,0.000000000000000000e+00,0.000000000000000000e+00,0.000000000000000000e+00,0.000000000000000000e+00,0.000000000000000000e+00,8.276370849609375000e+02,8.276385498046875000e+02,8.276385498046875000e+02,8.276370849609375000e+02,-2.083792728530597687e+07
4.277999999999999581e+00,1.098836735116458102e-01,5.692811965925559381e-01,-1.475930446778146027e-02,-1.107699706665160599e-04,1.812353343900729996e-04,1.956978033268094719e-06,9.184350967407226562e-01,5.232557296752929688e+00,-4.935870170593261719e+00,-1.098836735116458102e-01,-5.692811965925559381e-01,1.475930446778146027e-02,0.000000000000000000e+00,0.000000000000000000e+00,0.000000000000000000e+00,0.000000000000000000e+00,0.000000000000000000e+00,0.000000000000000000e+00,0.000000000000000000e+00,8.276371459960937500e+02,8.276384887695312500e+02,8.276384887695312500e+02,8.276371459960937500e+02,-2.083792762167931721e+07
4.278999999999999915e+00,1.097727507420189208e-01,5.694624318272866192e-01,-1.475747311360101933e-02,-1.109227696268894059e-04,1.812352347306811495e-04,1.831354180440933344e-06,9.184404611587524414e-01,5.232579708099365234e+00,-4.935889720916748047e+00,-1.097727507420189208e-01,-5.694624318272866192e-01,1.475747311360101933e-02,0.000000000000000000e+00,0.000000000000000000e+00,0.000000000000000000e+00,0.000000000000000000e+00,0.000000000000000000e+00,0.000000000000000000e+00,0.000000000000000000e+00,8.276372070312500000e+02,8.276384887695312500e+02,8.276384887695312500e+02,8.276372070312500000e+02,-2.083792795823461935e+07
4.280000000000000249e+00,1.096616686624767439e-01,5.696435602044459534e-01,-1.475580226640108711e-02,-1.110820795421768592e-04,1.811283771593341640e-04,1.670847199932226634e-06,9.184458255767822266e-01,5.232602596282958984e+00,-4.935909271240234375e+00,-1.096616686624767439e-01,-5.696435602044459534e-01,1.475580226640108711e-02,0.000000000000000000e+00,0.000000000000000000e+00,0.000000000000000000e+00,0.000000000000000000e+00,0.000000000000000000e+00,0.000000000000000000e+00,0.000000000000000000e+00,8.276372070312500000e+02,8.276384277343750000e+02,8.276384277343750000e+02,8.276372070312500000e+02,-2.083792829497181997e+07
4.280999999999999694e+00,1.095504207686051751e-01,5.698246350578557440e-01,-1.475432362786353348e-02,-1.112478938715688592e-04,1.810748534097905704e-04,1.478638537553630949e-06,9.184511899948120117e-01,5.232625007629394531e+00,-4.935929298400878906e+00,-1.095504207686051751e-01,-5.698246350578557440e-01,1.475432362786353348e-02,0.000000000000000000e+00,0.000000000000000000e+00,0.000000000000000000e+00,0.000000000000000000e+00,0.000000000000000000e+00,0.000000000000000000e+00,0.000000000000000000e+00,8.276372680664062500e+02,8.276383666992187500e+02,8.276383666992187500e+02,8.276372680664062500e+02,-2.083792863189091906e+07
4.282000000000000028e+00,1.094390138892800818e-01,5.700056563570051749e-01,-1.475306891472161902e-02,-1.114068793250932998e-04,1.810212991494308810e-04,1.254713141914456931e-06,9.184563159942626953e-01,5.232645988464355469e+00,-4.935948371887207031e+00,-1.094390138892800818e-01,-5.700056563570051749e-01,1.475306891472161902e-02,0.000000000000000000e+00,0.000000000000000000e+00,0.000000000000000000e+00,0.000000000000000000e+00,0.000000000000000000e+00,0.000000000000000000e+00,0.000000000000000000e+00,8.276373291015625000e+02,8.276383666992187500e+02,8.276383666992187500e+02,8.276373291015625000e+02,-2.083792896899191663e+07
4.283000000000000362e+00,1.093274481749163390e-01,5.701866240739259517e-01,-1.475206814297573901e-02,-1.115657143637427406e-04,1.809677169207768443e-04,1.000771745880008057e-06,9.184616804122924805e-01,5.232668399810791016e+00,-4.935969829559326172e+00,-1.093274481749163390e-01,-5.701866240739259517e-01,1.475206814297573901e-02,0.000000000000000000e+00,0.000000000000000000e+00,0.000000000000000000e+00,0.000000000000000000e+00,0.000000000000000000e+00,0.000000000000000000e+00,0.000000000000000000e+00,8.276373901367187500e+02,8.276383056640625000e+02,8.276383056640625000e+02,8.276373901367187500e+02,-2.083792930627481639e+07
4.283999999999999808e+00,1.092157172781298563e-01,5.703675575446580659e-01,-1.475135053271437596e-02,-1.117308967864827363e-04,1.809334707321141877e-04,7.176102613630497284e-07,9.184670448303222656e-01,5.232689857482910156e+00,-4.935989856719970703e+00,-1.092157172781298563e-01,-5.703675575446580659e-01,1.475135053271437596e-02,0.000000000000000000e+00,0.000000000000000000e+00,0.000000000000000000e+00,0.000000000000000000e+00,0.000000000000000000e+00,0.000000000000000000e+00,0.000000000000000000e+00,8.276374511718750000e+02,8.276382446289062500e+02,8.276382446289062500e+02,8.276374511718750000e+02,-2.083792964373964071e+07
4.285000000000000142e+00,1.091038343191457205e-01,5.705484180092589286e-01,-1.475094102137600345e-02,-1.118829589841358052e-04,1.808604646008626915e-04,4.095113383725118572e-07,9.184720516204833984e-01,5.232711791992187500e+00,-4.936007976531982422e+00,-1.091038343191457205e-01,-5.705484180092589286e-01,1.475094102137600345e-02,0.000000000000000000e+00,0.000000000000000000e+00,0.000000000000000000e+00,0.000000000000000000e+00,0.000000000000000000e+00,0.000000000000000000e+00,0.000000000000000000e+00,8.276375122070312500e+02,8.276381835937500000e+02,8.276381835937500000e+02,8.276375122070312500e+02,-2.083792998138637468e+07
4.285999999999999588e+00,1.089918129304398992e-01,5.707292248170446891e-01,-1.475086392599274203e-02,-1.120213887058213453e-04,1.808068077857605260e-04,7.709538326142184594e-08,9.184774160385131836e-01,5.232734203338623047e+00,-4.936028003692626953e+00,-1.089918129304398992e-01,-5.707292248170446891e-01,1.475086392599274203e-02,0.000000000000000000e+00,0.000000000000000000e+00,0.000000000000000000e+00,0.000000000000000000e+00,0.000000000000000000e+00,0.000000000000000000e+00,0.000000000000000000e+00,8.276375732421875000e+02,8.276381225585937500e+02,8.276381225585937500e+02,8.276375732421875000e+02,-2.083793031921502575e+07
4.286999999999999922e+00,1.088796465505413869e-01,5.709100313136326044e-01,-1.475113927471752295e-02,-1.121663798985123028e-04,1.808064965879152552e-04,-2.753487247809244254e-07,9.184827804565429688e-01,5.232756137847900391e+00,-4.936048507690429688e+00,-1.088796465505413869e-01,-5.709100313136326044e-01,1.475113927471752295e-02,0.000000000000000000e+00,0.000000000000000000e+00,0.000000000000000000e+00,0.000000000000000000e+00,0.000000000000000000e+00,0.000000000000000000e+00,0.000000000000000000e+00,8.276376342773437500e+02,8.276380615234375000e+02,8.276380615234375000e+02,8.276376342773437500e+02,-2.083793065722566471e+07
4.288000000000000256e+00,1.087673552766784957e-01,5.710907307529697885e-01,-1.475178707617174310e-02,-1.122912738628911722e-04,1.806994393371841312e-04,-6.478014542201510073e-07,9.184879064559936523e-01,5.232777595520019531e+00,-4.936067581176757812e+00,-1.087673552766784957e-01,-5.710907307529697885e-01,1.475178707617174310e-02,0.000000000000000000e+00,0.000000000000000000e+00,0.000000000000000000e+00,0.000000000000000000e+00,0.000000000000000000e+00,0.000000000000000000e+00,0.000000000000000000e+00,8.276376953125000000e+02,8.276380004882812500e+02,8.276380004882812500e+02,8.276376953125000000e+02,-2.083793099541823938e+07
4.288999999999999702e+00,1.086549325303177577e-01,5.712714298483922981e-01,-1.475282240654506374e-02,-1.124227463607380129e-04,1.806990954225096147e-04,-1.035330373320639263e-06,9.184929132461547852e-01,5.232798099517822266e+00,-4.936085700988769531e+00,-1.086549325303177577e-01,-5.712714298483922981e-01,1.475282240654506374e-02,0.000000000000000000e+00,0.000000000000000000e+00,0.000000000000000000e+00,0.000000000000000000e+00,0.000000000000000000e+00,0.000000000000000000e+00,0.000000000000000000e+00,8.276377563476562500e+02,8.276378784179687500e+02,8.276378784179687500e+02,8.276377563476562500e+02,-2.083793133379282430e+07
4.290000000000000036e+00,1.085423917045983538e-01,5.714520752255267677e-01,-1.475425695424201905e-02,-1.125408257194038253e-04,1.806453771344695980e-04,-1.434547696955307261e-06,9.184982776641845703e-01,5.232820034027099609e+00,-4.936105728149414062e+00,-1.085423917045983538e-01,-5.714520752255267677e-01,1.475425695424201905e-02,0.000000000000000000e+00,0.000000000000000000e+00,0.000000000000000000e+00,0.000000000000000000e+00,0.000000000000000000e+00,0.000000000000000000e+00,0.000000000000000000e+00,8.276378173828125000e+02,8.276378173828125000e+02,8.276378173828125000e+02,8.276378173828125000e+02,-2.083793167234943807e+07
4.291000000000000369e+00,1.084297528700336466e-01,5.716327202364334115e-01,-1.475610087484239413e-02,-1.126388345647072464e-04,1.806450109066437548e-04,-1.843920600375081875e-06,9.185035228729248047e-01,5.232841968536376953e+00,-4.936125755310058594e+00,-1.084297528700336466e-01,-5.716327202364334115e-01,1.475610087484239413e-02,0.000000000000000000e+00,0.000000000000000000e+00,0.000000000000000000e+00,0.000000000000000000e+00,0.000000000000000000e+00,0.000000000000000000e+00,0.000000000000000000e+00,8.276378784179687500e+02,8.276377563476562500e+02,8.276377563476562500e+02,8.276378784179687500e+02,-2.083793201108815894e+07
4.291999999999999815e+00,1.083170095945462930e-01,5.718132240652851195e-01,-1.475835988969597529e-02,-1.127432754873536336e-04,1.805038288517080147e-04,-2.259014853581153837e-06,9.185086488723754883e-01,5.232863426208496094e+00,-4.936143875122070312e+00,-1.083170095945462930e-01,-5.718132240652851195e-01,1.475835988969597529e-02,0.000000000000000000e+00,0.000000000000000000e+00,0.000000000000000000e+00,0.000000000000000000e+00,0.000000000000000000e+00,0.000000000000000000e+00,0.000000000000000000e+00,8.276379394531250000e+02,8.276376953125000000e+02,8.276376953125000000e+02,8.276379394531250000e+02,-2.083793235000890493e+07
4.293000000000000149e+00,1.082041948498430189e-01,5.719938149540121364e-01,-1.476104094759243465e-02,-1.128147447032740169e-04,1.805908887270168961e-04,-2.681057896459365653e-06,9.185136556625366211e-01,5.232886314392089844e+00,-4.936162948608398438e+00,-1.082041948498430189e-01,-5.719938149540121364e-01,1.476104094759243465e-02,0.000000000000000000e+00,0.000000000000000000e+00,0.000000000000000000e+00,0.000000000000000000e+00,0.000000000000000000e+00,0.000000000000000000e+00,0.000000000000000000e+00,8.276380615234375000e+02,8.276376342773437500e+02,8.276376342773437500e+02,8.276380004882812500e+02,-2.083793268911186606e+07
4.293999999999999595e+00,1.080913088183023812e-01,5.721742987418116932e-01,-1.476414141511508266e-02,-1.128860315406376991e-04,1.804837877995568718e-04,-3.100467522648003849e-06,9.185187816619873047e-01,5.232906818389892578e+00,-4.936182498931884766e+00,-1.080913088183023812e-01,-5.721742987418116932e-01,1.476414141511508266e-02,0.000000000000000000e+00,0.000000000000000000e+00,0.000000000000000000e+00,0.000000000000000000e+00,0.000000000000000000e+00,0.000000000000000000e+00,0.000000000000000000e+00,8.276381225585937500e+02,8.276375732421875000e+02,8.276375732421875000e+02,8.276381225585937500e+02,-2.083793302839700505e+07
4.294999999999999929e+00,1.079783648488572695e-01,5.723548355198845305e-01,-1.476765817488965259e-02,-1.129439694451117582e-04,1.805367780728373006e-04,-3.516759774569930275e-06,9.185236692428588867e-01,5.232926845550537109e+00,-4.936201095581054688e+00,-1.079783648488572695e-01,-5.723548355198845305e-01,1.476765817488965259e-02,0.000000000000000000e+00,0.000000000000000000e+00,0.000000000000000000e+00,0.000000000000000000e+00,0.000000000000000000e+00,0.000000000000000000e+00,0.000000000000000000e+00,8.276381835937500000e+02,8.276375122070312500e+02,8.276375122070312500e+02,8.276381835937500000e+02,-2.083793336786447465e+07
4.296000000000000263e+00,1.078653762522753801e-01,5.725353185653030419e-01,-1.477158785732655966e-02,-1.129885965818894222e-04,1.804830454185113453e-04,-3.929682436907069865e-06,9.185290336608886719e-01,5.232949256896972656e+00,-4.936222553253173828e+00,-1.078653762522753801e-01,-5.725353185653030419e-01,1.477158785732655966e-02,0.000000000000000000e+00,0.000000000000000000e+00,0.000000000000000000e+00,0.000000000000000000e+00,0.000000000000000000e+00,0.000000000000000000e+00,0.000000000000000000e+00,8.276382446289062500e+02,8.276374511718750000e+02,8.276374511718750000e+02,8.276382446289062500e+02,-2.083793370751430467e+07
4.296999999999999709e+00,1.077523629908858638e-01,5.727158012506042839e-01,-1.477591893958031879e-02,-1.130132613895162841e-04,1.804826853012420074e-04,-4.331082253759138689e-06,9.185341596603393555e-01,5.232970237731933594e+00,-4.936240673065185547e+00,-1.077523629908858638e-01,-5.727158012506042839e-01,1.477591893958031879e-02,0.000000000000000000e+00,0.000000000000000000e+00,0.000000000000000000e+00,0.000000000000000000e+00,0.000000000000000000e+00,0.000000000000000000e+00,0.000000000000000000e+00,8.276383056640625000e+02,8.276373901367187500e+02,8.276373901367187500e+02,8.276382446289062500e+02,-2.083793404734659195e+07
4.298000000000000043e+00,1.076393316792885607e-01,5.728962302227157410e-01,-1.478064139915265078e-02,-1.130313115973030635e-04,1.804289721114571421e-04,-4.722459572331985656e-06,9.185391664505004883e-01,5.232992172241210938e+00,-4.936260223388671875e+00,-1.076393316792885607e-01,-5.728962302227157410e-01,1.478064139915265078e-02,0.000000000000000000e+00,0.000000000000000000e+00,0.000000000000000000e+00,0.000000000000000000e+00,0.000000000000000000e+00,0.000000000000000000e+00,0.000000000000000000e+00,8.276383056640625000e+02,8.276373291015625000e+02,8.276373291015625000e+02,8.276383056640625000e+02,-2.083793438736137748e+07
4.299000000000000377e+00,1.075263022539555413e-01,5.730767122231733568e-01,-1.478573709310117279e-02,-1.130294253330194065e-04,1.804820004576157544e-04,-5.095693948522009298e-06,9.185438156127929688e-01,5.233012199401855469e+00,-4.936277866363525391e+00,-1.075263022539555413e-01,-5.730767122231733568e-01,1.478573709310117279e-02,0.000000000000000000e+00,0.000000000000000000e+00,0.000000000000000000e+00,0.000000000000000000e+00,0.000000000000000000e+00,0.000000000000000000e+00,0.000000000000000000e+00,8.276383666992187500e+02,8.276372680664062500e+02,8.276372680664062500e+02,8.276383666992187500e+02,-2.083793472755881771e+07
4.299999999999999822e+00,1.074132813126402880e-01,5.732571939019226459e-01,-1.479119266384163953e-02,-1.130209413152533093e-04,1.804816787492891095e-04,-5.455570740466736401e-06,9.185489416122436523e-01,5.233033657073974609e+00,-4.936296939849853516e+00,-1.074132813126402880e-01,-5.732571939019226459e-01,1.479119266384163953e-02,0.000000000000000000e+00,0.000000000000000000e+00,0.000000000000000000e+00,0.000000000000000000e+00,0.000000000000000000e+00,0.000000000000000000e+00,0.000000000000000000e+00,8.276384277343750000e+02,8.276372070312500000e+02,8.276372070312500000e+02,8.276384277343750000e+02,-2.083793506793902069e+07
4.301000000000000156e+00,1.073002823515523951e-01,5.734376410990189576e-01,-1.479698234775693975e-02,-1.129989610878928685e-04,1.804471970963117400e-04,-5.789683915300228301e-06,9.185544252395629883e-01,5.233056068420410156e+00,-4.936318397521972656e+00,-1.073002823515523951e-01,-5.734376410990189576e-01,1.479698234775693975e-02,0.000000000000000000e+00,0.000000000000000000e+00,0.000000000000000000e+00,0.000000000000000000e+00,0.000000000000000000e+00,0.000000000000000000e+00,0.000000000000000000e+00,8.276384887695312500e+02,8.276372070312500000e+02,8.276372070312500000e+02,8.276384887695312500e+02,-2.083793540850204974e+07
4.301999999999999602e+00,1.071873314023880780e-01,5.736181221855931600e-01,-1.480308790032630432e-02,-1.129509491643171382e-04,1.804810865742023651e-04,-6.105552569364569582e-06,9.185591936111450195e-01,5.233077526092529297e+00,-4.936334133148193359e+00,-1.071873314023880780e-01,-5.736181221855931600e-01,1.480308790032630432e-02,0.000000000000000000e+00,0.000000000000000000e+00,0.000000000000000000e+00,0.000000000000000000e+00,0.000000000000000000e+00,0.000000000000000000e+00,0.000000000000000000e+00,8.276384887695312500e+02,8.276371459960937500e+02,8.276371459960937500e+02,8.276384887695312500e+02,-2.083793574924805388e+07
4.302999999999999936e+00,1.070744285968969894e-01,5.737986030170431073e-01,-1.480948015653680769e-02,-1.129028054910885537e-04,1.804808314499473099e-04,-6.392256210503363678e-06,9.185642004013061523e-01,5.233097076416015625e+00,-4.936356067657470703e+00,-1.070744285968969894e-01,-5.737986030170431073e-01,1.480948015653680769e-02,0.000000000000000000e+00,0.000000000000000000e+00,0.000000000000000000e+00,0.000000000000000000e+00,0.000000000000000000e+00,0.000000000000000000e+00,0.000000000000000000e+00,8.276385498046875000e+02,8.276371459960937500e+02,8.276371459960937500e+02,8.276385498046875000e+02,-2.083793609017714486e+07
4.304000000000000270e+00,1.069616005086047317e-01,5.739791369754992933e-01,-1.481613595395705682e-02,-1.128280882922577666e-04,1.805339584561860278e-04,-6.655797420249132124e-06,9.185692071914672852e-01,5.233118057250976562e+00,-4.936373710632324219e+00,-1.069616005086047317e-01,-5.739791369754992933e-01,1.481613595395705682e-02,0.000000000000000000e+00,0.000000000000000000e+00,0.000000000000000000e+00,0.000000000000000000e+00,0.000000000000000000e+00,0.000000000000000000e+00,0.000000000000000000e+00,8.276385498046875000e+02,8.276370849609375000e+02,8.276370849609375000e+02,8.276385498046875000e+02,-2.083793643128949776e+07
4.304999999999999716e+00,1.068488469556464066e-01,5.741596707315256287e-01,-1.482302022357652460e-02,-1.127535529583251206e-04,1.805337560263353680e-04,-6.884269619467781043e-06,9.185743331909179688e-01,5.233139991760253906e+00,-4.936392784118652344e+00,-1.068488469556464066e-01,-5.741596707315256287e-01,1.482302022357652460e-02,0.000000000000000000e+00,0.000000000000000000e+00,0.000000000000000000e+00,0.000000000000000000e+00,0.000000000000000000e+00,0.000000000000000000e+00,0.000000000000000000e+00,8.276386108398437500e+02,8.276370849609375000e+02,8.276370849609375000e+02,8.276386108398437500e+02,-2.083793677258522436e+07
4.306000000000000050e+00,1.067361878241244733e-01,5.743402576709635277e-01,-1.483010643445135078e-02,-1.126591315219332978e-04,1.805869394378989412e-04,-7.086210874826179285e-06,9.185794591903686523e-01,5.233160495758056641e+00,-4.936411857604980469e+00,-1.067361878241244733e-01,-5.743402576709635277e-01,1.483010643445135078e-02,0.000000000000000000e+00,0.000000000000000000e+00,0.000000000000000000e+00,0.000000000000000000e+00,0.000000000000000000e+00,0.000000000000000000e+00,0.000000000000000000e+00,8.276386108398437500e+02,8.276370849609375000e+02,8.276370849609375000e+02,8.276386108398437500e+02,-2.083793711406450346e+07
4.307000000000000384e+00,1.066236296021358110e-01,5.745208444632841083e-01,-1.483735955120648806e-02,-1.125582219886622770e-04,1.805867923205806136e-04,-7.253116755137276050e-06,9.185843467712402344e-01,5.233180999755859375e+00,-4.936430454254150391e+00,-1.066236296021358110e-01,-5.745208444632841083e-01,1.483735955120648806e-02,0.000000000000000000e+00,0.000000000000000000e+00,0.000000000000000000e+00,0.000000000000000000e+00,0.000000000000000000e+00,0.000000000000000000e+00,0.000000000000000000e+00,8.276386108398437500e+02,8.276370239257812500e+02,8.276370239257812500e+02,8.276386108398437500e+02,-2.083793745572745055e+07
4.307999999999999829e+00,1.065111854632315447e-01,5.747014845026655605e-01,-1.484474467157631365e-02,-1.124441389042662998e-04,1.806400393814522332e-04,-7.385120369825595721e-06,9.185895919799804688e-01,5.233202457427978516e+00,-4.936450004577636719e+00,-1.065111854632315447e-01,-5.747014845026655605e-01,1.484474467157631365e-02,0.000000000000000000e+00,0.000000000000000000e+00,0.000000000000000000e+00,0.000000000000000000e+00,0.000000000000000000e+00,0.000000000000000000e+00,0.000000000000000000e+00,8.276386108398437500e+02,8.276370239257812500e+02,8.276370239257812500e+02,8.276386108398437500e+02,-2.083793779757424444e+07
4.309000000000000163e+00,1.063988619110922129e-01,5.748821778195921661e-01,-1.485222847763830595e-02,-1.123235521393317615e-04,1.806933169266056183e-04,-7.483806061992295811e-06,9.185945987701416016e-01,5.233223915100097656e+00,-4.936467647552490234e+00,-1.063988619110922129e-01,-5.748821778195921661e-01,1.485222847763830595e-02,0.000000000000000000e+00,0.000000000000000000e+00,0.000000000000000000e+00,0.000000000000000000e+00,0.000000000000000000e+00,0.000000000000000000e+00,0.000000000000000000e+00,8.276386108398437500e+02,8.276370239257812500e+02,8.276370239257812500e+02,8.276386108398437500e+02,-2.083793813960506767e+07
4.309999999999999609e+00,1.062866657725609759e-01,5.750628368034726989e-01,-1.485977511384393816e-02,-1.121961385312369996e-04,1.806589838805328085e-04,-7.546636205632215044e-06,9.185994863510131836e-01,5.233245849609375000e+00,-4.936487674713134766e+00,-1.062866657725609759e-01,-5.750628368034726989e-01,1.485977511384393816e-02,0.000000000000000000e+00,0.000000000000000000e+00,0.000000000000000000e+00,0.000000000000000000e+00,0.000000000000000000e+00,0.000000000000000000e+00,0.000000000000000000e+00,8.276386108398437500e+02,8.276370239257812500e+02,8.276370849609375000e+02,8.276386108398437500e+02,-2.083793848182000220e+07
4.310999999999999943e+00,1.061746095309718668e-01,5.752436367640565429e-01,-1.486734636521467104e-02,-1.120562415891090957e-04,1.807999605838439550e-04,-7.571251370732876018e-06,9.186043739318847656e-01,5.233265399932861328e+00,-4.936506748199462891e+00,-1.061746095309718668e-01,-5.752436367640565429e-01,1.486734636521467104e-02,0.000000000000000000e+00,0.000000000000000000e+00,0.000000000000000000e+00,0.000000000000000000e+00,0.000000000000000000e+00,0.000000000000000000e+00,0.000000000000000000e+00,8.276386108398437500e+02,8.276370849609375000e+02,8.276370849609375000e+02,8.276386108398437500e+02,-2.083793882421933115e+07
4.312000000000000277e+00,1.060627066770864352e-01,5.754244367360094037e-01,-1.487490802831194225e-02,-1.119028538854316412e-04,1.807999719528607940e-04,-7.561663097271215106e-06,9.186094999313354492e-01,5.233288288116455078e+00,-4.936525344848632812e+00,-1.060627066770864352e-01,-5.754244367360094037e-01,1.487490802831194225e-02,0.000000000000000000e+00,0.000000000000000000e+00,0.000000000000000000e+00,0.000000000000000000e+00,0.000000000000000000e+00,0.000000000000000000e+00,0.000000000000000000e+00,8.276385498046875000e+02,8.276370849609375000e+02,8.276370849609375000e+02,8.276385498046875000e+02,-2.083793916680317372e+07
4.312999999999999723e+00,1.059509503555081111e-01,5.756052901183937864e-01,-1.488242176524873228e-02,-1.117563215783240471e-04,1.808533823843827548e-04,-7.513736936790027521e-06,9.186147451400756836e-01,5.233307838439941406e+00,-4.936545372009277344e+00,-1.059509503555081111e-01,-5.756052901183937864e-01,1.488242176524873228e-02,0.000000000000000000e+00,0.000000000000000000e+00,0.000000000000000000e+00,0.000000000000000000e+00,0.000000000000000000e+00,0.000000000000000000e+00,0.000000000000000000e+00,8.276385498046875000e+02,8.276370849609375000e+02,8.276370849609375000e+02,8.276385498046875000e+02,-2.083793950957171246e+07
4.314000000000000057e+00,1.058393537391736222e-01,5.757861969401559810e-01,-1.488985429181175803e-02,-1.115966163344889184e-04,1.809068217621945251e-04,-7.432526563025745880e-06,9.186191558837890625e-01,5.233328819274902344e+00,-4.936564445495605469e+00,-1.058393537391736222e-01,-5.757861969401559810e-01,1.488985429181175803e-02,0.000000000000000000e+00,0.000000000000000000e+00,0.000000000000000000e+00,0.000000000000000000e+00,0.000000000000000000e+00,0.000000000000000000e+00,0.000000000000000000e+00,8.276385498046875000e+02,8.276371459960937500e+02,8.276371459960937500e+02,8.276384887695312500e+02,-2.083793985252513364e+07
4.315000000000000391e+00,1.057279099645605930e-01,5.759671572372299098e-01,-1.489716722051648810e-02,-1.114437746130292339e-04,1.809602970739287997e-04,-7.312928704730076168e-06,9.186247587203979492e-01,5.233351230621337891e+00,-4.936583042144775391e+00,-1.057279099645605930e-01,-5.759671572372299098e-01,1.489716722051648810e-02,0.000000000000000000e+00,0.000000000000000000e+00,0.000000000000000000e+00,0.000000000000000000e+00,0.000000000000000000e+00,0.000000000000000000e+00,0.000000000000000000e+00,8.276384887695312500e+02,8.276372070312500000e+02,8.276372070312500000e+02,8.276384887695312500e+02,-2.083794019566361606e+07
4.315999999999999837e+00,1.056166322041615646e-01,5.761481710382855281e-01,-1.490432726721525707e-02,-1.112777603990283692e-04,1.810138010556183730e-04,-7.160046698768962603e-06,9.186294078826904297e-01,5.233371734619140625e+00,-4.936602592468261719e+00,-1.056166322041615646e-01,-5.761481710382855281e-01,1.490432726721525707e-02,0.000000000000000000e+00,0.000000000000000000e+00,0.000000000000000000e+00,0.000000000000000000e+00,0.000000000000000000e+00,0.000000000000000000e+00,0.000000000000000000e+00,8.276384277343750000e+02,8.276372070312500000e+02,8.276372070312500000e+02,8.276384277343750000e+02,-2.083794053898734227e+07
4.317000000000000171e+00,1.055055136107673069e-01,5.763292383759067716e-01,-1.491129937960425020e-02,-1.111185933942576698e-04,1.810673376212434960e-04,-6.972112388993131904e-06,9.186346530914306641e-01,5.233392715454101562e+00,-4.936621665954589844e+00,-1.055055136107673069e-01,-5.763292383759067716e-01,1.491129937960425020e-02,0.000000000000000000e+00,0.000000000000000000e+00,0.000000000000000000e+00,0.000000000000000000e+00,0.000000000000000000e+00,0.000000000000000000e+00,0.000000000000000000e+00,8.276384277343750000e+02,8.276372680664062500e+02,8.276372680664062500e+02,8.276383666992187500e+02,-2.083794088249649480e+07
4.317999999999999616e+00,1.053945544327820893e-01,5.765103782740340632e-01,-1.491805276679335733e-02,-1.109591779852175941e-04,1.811398981272915876e-04,-6.753387189107132316e-06,9.186396598815917969e-01,5.233414173126220703e+00,-4.936640262603759766e+00,-1.053945544327820893e-01,-5.765103782740340632e-01,1.491805276679335733e-02,0.000000000000000000e+00,0.000000000000000000e+00,0.000000000000000000e+00,0.000000000000000000e+00,0.000000000000000000e+00,0.000000000000000000e+00,0.000000000000000000e+00,8.276383666992187500e+02,8.276373291015625000e+02,8.276373291015625000e+02,8.276383666992187500e+02,-2.083794122619127110e+07
4.318999999999999950e+00,1.052837603945048633e-01,5.766915527540813491e-01,-1.492455899561067820e-02,-1.107940382772260035e-04,1.811744800472858685e-04,-6.506228817320866553e-06,9.186450242996215820e-01,5.233435153961181641e+00,-4.936660289764404297e+00,-1.052837603945048633e-01,-5.766915527540813491e-01,1.492455899561067820e-02,0.000000000000000000e+00,0.000000000000000000e+00,0.000000000000000000e+00,0.000000000000000000e+00,0.000000000000000000e+00,0.000000000000000000e+00,0.000000000000000000e+00,8.276383056640625000e+02,8.276373901367187500e+02,8.276373901367187500e+02,8.276383056640625000e+02,-2.083794157007183135e+07
4.320000000000000284e+00,1.051731183966026356e-01,5.768727808522314815e-01,-1.493078720849821094e-02,-1.106419979022277289e-04,1.812280981501324106e-04,-6.228212887532738606e-06,9.186500310897827148e-01,5.233458995819091797e+00,-4.936677932739257812e+00,-1.051731183966026356e-01,-5.768727808522314815e-01,1.493078720849821094e-02,0.000000000000000000e+00,0.000000000000000000e+00,0.000000000000000000e+00,0.000000000000000000e+00,0.000000000000000000e+00,0.000000000000000000e+00,0.000000000000000000e+00,8.276382446289062500e+02,8.276374511718750000e+02,8.276374511718750000e+02,8.276382446289062500e+02,-2.083794191413835064e+07
4.320999999999999730e+00,1.050626349737740634e-01,5.770540625912641275e-01,-1.493671075816374941e-02,-1.104834228285722642e-04,1.812817390326459943e-04,-5.923549665538471731e-06,9.186550378799438477e-01,5.233479499816894531e+00,-4.936699867248535156e+00,-1.050626349737740634e-01,-5.770540625912641275e-01,1.493671075816374941e-02,0.000000000000000000e+00,0.000000000000000000e+00,0.000000000000000000e+00,0.000000000000000000e+00,0.000000000000000000e+00,0.000000000000000000e+00,0.000000000000000000e+00,8.276381835937500000e+02,8.276375122070312500e+02,8.276375122070312500e+02,8.276381835937500000e+02,-2.083794225839100406e+07
4.322000000000000064e+00,1.049523033450125709e-01,5.772353979909565780e-01,-1.494230793291897140e-02,-1.103316287614924951e-04,1.813353996924504941e-04,-5.597174755221992482e-06,9.186601638793945312e-01,5.233501434326171875e+00,-4.936717987060546875e+00,-1.049523033450125709e-01,-5.772353979909565780e-01,1.494230793291897140e-02,0.000000000000000000e+00,0.000000000000000000e+00,0.000000000000000000e+00,0.000000000000000000e+00,0.000000000000000000e+00,0.000000000000000000e+00,0.000000000000000000e+00,8.276381225585937500e+02,8.276375732421875000e+02,8.276375732421875000e+02,8.276381225585937500e+02,-2.083794260282996669e+07
4.323000000000000398e+00,1.048421100419974911e-01,5.774167870748950770e-01,-1.494755365223949563e-02,-1.101933030150797910e-04,1.813890839384990628e-04,-5.245719320524228069e-06,9.186654090881347656e-01,5.233520984649658203e+00,-4.936737060546875000e+00,-1.048421100419974911e-01,-5.774167870748950770e-01,1.494755365223949563e-02,0.000000000000000000e+00,0.000000000000000000e+00,0.000000000000000000e+00,0.000000000000000000e+00,0.000000000000000000e+00,0.000000000000000000e+00,0.000000000000000000e+00,8.276380615234375000e+02,8.276376342773437500e+02,8.276376342773437500e+02,8.276380615234375000e+02,-2.083794294745540991e+07
4.323999999999999844e+00,1.047320482925389457e-01,5.775981764967784704e-01,-1.495242949061812050e-02,-1.100617494585454104e-04,1.813894218833933536e-04,-4.875838378624874903e-06,9.186707735061645508e-01,5.233543872833251953e+00,-4.936756134033203125e+00,-1.047320482925389457e-01,-5.775981764967784704e-01,1.495242949061812050e-02,0.000000000000000000e+00,0.000000000000000000e+00,0.000000000000000000e+00,0.000000000000000000e+00,0.000000000000000000e+00,0.000000000000000000e+00,0.000000000000000000e+00,8.276380004882812500e+02,8.276376953125000000e+02,8.276376953125000000e+02,8.276380004882812500e+02,-2.083794329226744175e+07
4.325000000000000178e+00,1.046221180430237235e-01,5.777796729934271402e-01,-1.495692220558736754e-02,-1.099302495152221226e-04,1.814964966486698472e-04,-4.492714969247038614e-06,9.186758995056152344e-01,5.233565807342529297e+00,-4.936776638031005859e+00,-1.046221180430237235e-01,-5.777796729934271402e-01,1.495692220558736754e-02,0.000000000000000000e+00,0.000000000000000000e+00,0.000000000000000000e+00,0.000000000000000000e+00,0.000000000000000000e+00,0.000000000000000000e+00,0.000000000000000000e+00,8.276379394531250000e+02,8.276377563476562500e+02,8.276377563476562500e+02,8.276379394531250000e+02,-2.083794363726628944e+07
4.325999999999999623e+00,1.045122929558735675e-01,5.779611354041399585e-01,-1.496101406270030840e-02,-1.098250871501560422e-04,1.814624107128182118e-04,-4.091857112940855412e-06,9.186809062957763672e-01,5.233587265014648438e+00,-4.936795711517333984e+00,-1.045122929558735675e-01,-5.779611354041399585e-01,1.496101406270030840e-02,0.000000000000000000e+00,0.000000000000000000e+00,0.000000000000000000e+00,0.000000000000000000e+00,0.000000000000000000e+00,0.000000000000000000e+00,0.000000000000000000e+00,8.276378173828125000e+02,8.276378173828125000e+02,8.276378173828125000e+02,8.276378173828125000e+02,-2.083794398245201632e+07
4.326999999999999957e+00,1.044025854432508033e-01,5.781426859920602013e-01,-1.496469682611805026e-02,-1.097075126227642361e-04,1.815505879202428119e-04,-3.682763417741860557e-06,9.186861515045166016e-01,5.233609199523925781e+00,-4.936815738677978516e+00,-1.044025854432508033e-01,-5.781426859920602013e-01,1.496469682611805026e-02,0.000000000000000000e+00,0.000000000000000000e+00,0.000000000000000000e+00,0.000000000000000000e+00,0.000000000000000000e+00,0.000000000000000000e+00,0.000000000000000000e+00,8.276377563476562500e+02,8.276378784179687500e+02,8.276378784179687500e+02,8.276377563476562500e+02,-2.083794432782482356e+07
4.328000000000000291e+00,1.042929759055317152e-01,5.783242903214798059e-01,-1.496796456599570543e-02,-1.096095377190881015e-04,1.816043294196045821e-04,-3.267739877655176373e-06,9.186915159225463867e-01,5.233630657196044922e+00,-4.936835289001464844e+00,-1.042929759055317152e-01,-5.783242903214798059e-01,1.496796456599570543e-02,0.000000000000000000e+00,0.000000000000000000e+00,0.000000000000000000e+00,0.000000000000000000e+00,0.000000000000000000e+00,0.000000000000000000e+00,0.000000000000000000e+00,8.276376953125000000e+02,8.276379394531250000e+02,8.276379394531250000e+02,8.276376953125000000e+02,-2.083794467338487133e+07
4.328999999999999737e+00,1.041834442798394572e-01,5.785058950384316390e-01,-1.497080879501839351e-02,-1.095316256922579390e-04,1.816047169518331117e-04,-2.844229022688077313e-06,9.186965227127075195e-01,5.233653068542480469e+00,-4.936854362487792969e+00,-1.041834442798394572e-01,-5.785058950384316390e-01,1.497080879501839351e-02,0.000000000000000000e+00,0.000000000000000000e+00,0.000000000000000000e+00,0.000000000000000000e+00,0.000000000000000000e+00,0.000000000000000000e+00,0.000000000000000000e+00,8.276376342773437500e+02,8.276380004882812500e+02,8.276380004882812500e+02,8.276376342773437500e+02,-2.083794501913225651e+07
4.330000000000000071e+00,1.040739905887134442e-01,5.786875535015405525e-01,-1.497323289727636557e-02,-1.094536911260129974e-04,1.816584631089135371e-04,-2.424102257972057806e-06,9.187018871307373047e-01,5.233675479888916016e+00,-4.936874866485595703e+00,-1.040739905887134442e-01,-5.786875535015405525e-01,1.497323289727636557e-02,0.000000000000000000e+00,0.000000000000000000e+00,0.000000000000000000e+00,0.000000000000000000e+00,0.000000000000000000e+00,0.000000000000000000e+00,0.000000000000000000e+00,8.276375732421875000e+02,8.276380615234375000e+02,8.276380615234375000e+02,8.276375732421875000e+02,-2.083794536506713554e+07
4.331000000000000405e+00,1.039645948113422230e-01,5.788692123492531483e-01,-1.497523672334645159e-02,-1.093957773712211923e-04,1.816588477125957724e-04,-2.003826070086020539e-06,9.187068939208984375e-01,5.233696460723876953e+00,-4.936894893646240234e+00,-1.039645948113422230e-01,-5.788692123492531483e-01,1.497523672334645159e-02,0.000000000000000000e+00,0.000000000000000000e+00,0.000000000000000000e+00,0.000000000000000000e+00,0.000000000000000000e+00,0.000000000000000000e+00,0.000000000000000000e+00,8.276375122070312500e+02,8.276381225585937500e+02,8.276381225585937500e+02,8.276375122070312500e+02,-2.083794571118959412e+07
4.331999999999999851e+00,1.038552436302685733e-01,5.790508715775152249e-01,-1.497682520882840512e-02,-1.093511810736497170e-04,1.816592282620765886e-04,-1.588485481953533229e-06,9.187124967575073242e-01,5.233719825744628906e+00,-4.936914920806884766e+00,-1.038552436302685733e-01,-5.790508715775152249e-01,1.497682520882840512e-02,0.000000000000000000e+00,0.000000000000000000e+00,0.000000000000000000e+00,0.000000000000000000e+00,0.000000000000000000e+00,0.000000000000000000e+00,0.000000000000000000e+00,8.276374511718750000e+02,8.276381835937500000e+02,8.276382446289062500e+02,8.276374511718750000e+02,-2.083794605749972165e+07
4.333000000000000185e+00,1.037459304230026330e-01,5.792325845413122121e-01,-1.497800670655411587e-02,-1.093132072659402931e-04,1.817129637969872036e-04,-1.181497725710745073e-06,9.187177419662475586e-01,5.233740329742431641e+00,-4.936934947967529297e+00,-1.037459304230026330e-01,-5.792325845413122121e-01,1.497800670655411587e-02,0.000000000000000000e+00,0.000000000000000000e+00,0.000000000000000000e+00,0.000000000000000000e+00,0.000000000000000000e+00,0.000000000000000000e+00,0.000000000000000000e+00,8.276373901367187500e+02,8.276382446289062500e+02,8.276382446289062500e+02,8.276373901367187500e+02,-2.083794640399766713e+07
4.333999999999999631e+00,1.036366285497359457e-01,5.794142445065435520e-01,-1.497879265800304734e-02,-1.093018732666872772e-04,1.816599652313399815e-04,-7.859514489314683994e-07,9.187228679656982422e-01,5.233762264251708984e+00,-4.936953067779541016e+00,-1.036366285497359457e-01,-5.794142445065435520e-01,1.497879265800304734e-02,0.000000000000000000e+00,0.000000000000000000e+00,0.000000000000000000e+00,0.000000000000000000e+00,0.000000000000000000e+00,0.000000000000000000e+00,0.000000000000000000e+00,8.276373291015625000e+02,8.276383056640625000e+02,8.276383056640625000e+02,8.276373291015625000e+02,-2.083794675068344921e+07
4.334999999999999964e+00,1.035273319334943654e-01,5.795959236352631327e-01,-1.497919730664533204e-02,-1.092966162415803799e-04,1.816791287195806959e-04,-4.046486422847050957e-07,9.187281131744384766e-01,5.233784198760986328e+00,-4.936974525451660156e+00,-1.035273319334943654e-01,-5.795959236352631327e-01,1.497919730664533204e-02,0.000000000000000000e+00,0.000000000000000000e+00,0.000000000000000000e+00,0.000000000000000000e+00,0.000000000000000000e+00,0.000000000000000000e+00,0.000000000000000000e+00,8.276372680664062500e+02,8.276383666992187500e+02,8.276383666992187500e+02,8.276372680664062500e+02,-2.083794709755716845e+07
4.336000000000000298e+00,1.034180263070053618e-01,5.797776376390482156e-01,-1.497923886826810214e-02,-1.093056264890035489e-04,1.817140037850828449e-04,-4.156162277009489703e-08,9.187333583831787109e-01,5.233807086944580078e+00,-4.936994552612304688e+00,-1.034180263070053618e-01,-5.797776376390482156e-01,1.497923886826810214e-02,0.000000000000000000e+00,0.000000000000000000e+00,0.000000000000000000e+00,0.000000000000000000e+00,0.000000000000000000e+00,0.000000000000000000e+00,0.000000000000000000e+00,8.276372680664062500e+02,8.276384277343750000e+02,8.276384277343750000e+02,8.276372070312500000e+02,-2.083794744461894408e+07
4.336999999999999744e+00,1.033087055968800738e-01,5.799593519606418557e-01,-1.497893649224989188e-02,-1.093207101252879898e-04,1.817143215936400935e-04,3.023760182102597227e-07,9.187387228012084961e-01,5.233829498291015625e+00,-4.937014102935791016e+00,-1.033087055968800738e-01,-5.799593519606418557e-01,1.497893649224989188e-02,0.000000000000000000e+00,0.000000000000000000e+00,0.000000000000000000e+00,0.000000000000000000e+00,0.000000000000000000e+00,0.000000000000000000e+00,0.000000000000000000e+00,8.276372070312500000e+02,8.276384887695312500e+02,8.276384887695312500e+02,8.276372070312500000e+02,-2.083794779186885059e+07
4.338000000000000078e+00,1.031993432220457002e-01,5.801410132200367498e-01,-1.497831167391794858e-02,-1.093623748343736102e-04,1.816612593948940813e-04,6.248183319432915050e-07,9.187442064285278320e-01,5.233852863311767578e+00,-4.937034130096435547e+00,-1.031993432220457002e-01,-5.801410132200367498e-01,1.497831167391794858e-02,0.000000000000000000e+00,0.000000000000000000e+00,0.000000000000000000e+00,0.000000000000000000e+00,0.000000000000000000e+00,0.000000000000000000e+00,0.000000000000000000e+00,8.276371459960937500e+02,8.276384887695312500e+02,8.276384887695312500e+02,8.276371459960937500e+02,-2.083794813930689916e+07
4.339000000000000412e+00,1.030899259830545256e-01,5.803226747568890342e-01,-1.497739107519604866e-02,-1.094172389911746146e-04,1.816615368522844776e-04,9.205987218999234223e-07,9.187494516372680664e-01,5.233874320983886719e+00,-4.937055110931396484e+00,-1.030899259830545256e-01,-5.803226747568890342e-01,1.497739107519604866e-02,0.000000000000000000e+00,0.000000000000000000e+00,0.000000000000000000e+00,0.000000000000000000e+00,0.000000000000000000e+00,0.000000000000000000e+00,0.000000000000000000e+00,8.276371459960937500e+02,8.276385498046875000e+02,8.276385498046875000e+02,8.276371459960937500e+02,-2.083794848693316057e+07
4.339999999999999858e+00,1.029804540052148831e-01,5.805043365478914641e-01,-1.497619970965536479e-02,-1.094719778396424648e-04,1.816617910024298510e-04,1.191365540683872459e-06,9.187546968460083008e-01,5.233896255493164062e+00,-4.937073230743408203e+00,-1.029804540052148831e-01,-5.805043365478914641e-01,1.497619970965536479e-02,0.000000000000000000e+00,0.000000000000000000e+00,0.000000000000000000e+00,0.000000000000000000e+00,0.000000000000000000e+00,0.000000000000000000e+00,0.000000000000000000e+00,8.276370849609375000e+02,8.276385498046875000e+02,8.276385498046875000e+02,8.276370849609375000e+02,-2.083794883474770561e+07
4.341000000000000192e+00,1.028709007663097252e-01,5.806859985672128133e-01,-1.497476912602048113e-02,-1.095532389051578903e-04,1.816620193213491774e-04,1.430583634883658695e-06,9.187599420547485352e-01,5.233917236328125000e+00,-4.937093734741210938e+00,-1.028709007663097252e-01,-5.806859985672128133e-01,1.497476912602048113e-02,0.000000000000000000e+00,0.000000000000000000e+00,0.000000000000000000e+00,0.000000000000000000e+00,0.000000000000000000e+00,0.000000000000000000e+00,0.000000000000000000e+00,8.276370849609375000e+02,8.276386108398437500e+02,8.276386108398437500e+02,8.276370849609375000e+02,-2.083794918275060132e+07
4.341999999999999638e+00,1.027612597308284192e-01,5.808676074267177247e-01,-1.497312759115027904e-02,-1.096410354813059929e-04,1.816088595049114573e-04,1.641534870202090990e-06,9.187655448913574219e-01,5.233940124511718750e+00,-4.937114715576171875e+00,-1.027612597308284192e-01,-5.808676074267177247e-01,1.497312759115027904e-02,0.000000000000000000e+00,0.000000000000000000e+00,0.000000000000000000e+00,0.000000000000000000e+00,0.000000000000000000e+00,0.000000000000000000e+00,0.000000000000000000e+00,8.276370849609375000e+02,8.276386108398437500e+02,8.276386108398437500e+02,8.276370239257812500e+02,-2.083794953094185144e+07
4.342999999999999972e+00,1.026515116203883526e-01,5.810491284604860640e-01,-1.497130919514812371e-02,-1.097481104400666041e-04,1.815210337683392794e-04,1.818396002155331370e-06,9.187709093093872070e-01,5.233963012695312500e+00,-4.937135219573974609e+00,-1.026515116203883526e-01,-5.810491284604860640e-01,1.497130919514812371e-02,0.000000000000000000e+00,0.000000000000000000e+00,0.000000000000000000e+00,0.000000000000000000e+00,0.000000000000000000e+00,0.000000000000000000e+00,0.000000000000000000e+00,8.276370239257812500e+02,8.276386108398437500e+02,8.276386108398437500e+02,8.276370239257812500e+02,-2.083794987932141498e+07
4.344000000000000306e+00,1.025416554967790578e-01,5.812306842647202432e-01,-1.496934732491048831e-02,-1.098561236092948645e-04,1.815558042341791634e-04,1.961870237635401915e-06,9.187761545181274414e-01,5.233985900878906250e+00,-4.937154769897460938e+00,-1.025416554967790578e-01,-5.812306842647202432e-01,1.496934732491048831e-02,0.000000000000000000e+00,0.000000000000000000e+00,0.000000000000000000e+00,0.000000000000000000e+00,0.000000000000000000e+00,0.000000000000000000e+00,0.000000000000000000e+00,8.276370239257812500e+02,8.276386108398437500e+02,8.276386108398437500e+02,8.276370239257812500e+02,-2.083795022788939625e+07
4.344999999999999751e+00,1.024316854085459555e-01,5.814121868200102794e-01,-1.496727609002399678e-02,-1.099700882331022811e-04,1.815025552900362271e-04,2.071234886491524207e-06,9.187812805175781250e-01,5.234007358551025391e+00,-4.937175273895263672e+00,-1.024316854085459555e-01,-5.814121868200102794e-01,1.496727609002399678e-02,0.000000000000000000e+00,0.000000000000000000e+00,0.000000000000000000e+00,0.000000000000000000e+00,0.000000000000000000e+00,0.000000000000000000e+00,0.000000000000000000e+00,8.276370239257812500e+02,8.276386108398437500e+02,8.276386108398437500e+02,8.276370239257812500e+02,-2.083795057664579526e+07
4.346000000000000085e+00,1.023215882090898199e-01,5.815936360934950144e-01,-1.496513377696213377e-02,-1.100971994561356082e-04,1.814492734847350519e-04,2.142313061863007628e-06,9.187868833541870117e-01,5.234029293060302734e+00,-4.937193393707275391e+00,-1.023215882090898199e-01,-5.815936360934950144e-01,1.496513377696213377e-02,0.000000000000000000e+00,0.000000000000000000e+00,0.000000000000000000e+00,0.000000000000000000e+00,0.000000000000000000e+00,0.000000000000000000e+00,0.000000000000000000e+00,8.276370239257812500e+02,8.276386108398437500e+02,8.276386108398437500e+02,8.276370239257812500e+02,-2.083795092559061572e+07
4.347000000000000419e+00,1.022113507266534937e-01,5.817750320569184952e-01,-1.496295366934762699e-02,-1.102374824363261396e-04,1.813959634234807439e-04,2.180107614506779368e-06,9.187917709350585938e-01,5.234051704406738281e+00,-4.937214374542236328e+00,-1.022113507266534937e-01,-5.817750320569184952e-01,1.496295366934762699e-02,0.000000000000000000e+00,0.000000000000000000e+00,0.000000000000000000e+00,0.000000000000000000e+00,0.000000000000000000e+00,0.000000000000000000e+00,0.000000000000000000e+00,8.276370849609375000e+02,8.276386108398437500e+02,8.276386108398437500e+02,8.276370849609375000e+02,-2.083795127472385392e+07
4.347999999999999865e+00,1.021009664931610411e-01,5.819564280397533373e-01,-1.496077413502421537e-02,-1.103842334924526325e-04,1.813959828348421510e-04,2.179534323411627672e-06,9.187974929809570312e-01,5.234074115753173828e+00,-4.937233924865722656e+00,-1.021009664931610411e-01,-5.819564280397533373e-01,1.496077413502421537e-02,0.000000000000000000e+00,0.000000000000000000e+00,0.000000000000000000e+00,0.000000000000000000e+00,0.000000000000000000e+00,0.000000000000000000e+00,0.000000000000000000e+00,8.276370849609375000e+02,8.276386108398437500e+02,8.276386108398437500e+02,8.276370849609375000e+02,-2.083795162404556945e+07
4.349000000000000199e+00,1.019904356711321958e-01,5.821377172850585868e-01,-1.495863009749596149e-02,-1.105308220288453436e-04,1.812892453052494801e-04,2.144037528253872615e-06,9.188027381896972656e-01,5.234095573425292969e+00,-4.937253475189208984e+00,-1.019904356711321958e-01,-5.821377172850585868e-01,1.495863009749596149e-02,0.000000000000000000e+00,0.000000000000000000e+00,0.000000000000000000e+00,0.000000000000000000e+00,0.000000000000000000e+00,0.000000000000000000e+00,0.000000000000000000e+00,8.276370849609375000e+02,8.276385498046875000e+02,8.276385498046875000e+02,8.276370849609375000e+02,-2.083795197355570272e+07
4.349999999999999645e+00,1.018797517921751217e-01,5.823190064869717686e-01,-1.495655830457436573e-02,-1.106838789570741000e-04,1.812892019131817634e-04,2.071792921595760895e-06,9.188081026077270508e-01,5.234119892120361328e+00,-4.937273979187011719e+00,-1.018797517921751217e-01,-5.823190064869717686e-01,1.495655830457436573e-02,0.000000000000000000e+00,0.000000000000000000e+00,0.000000000000000000e+00,0.000000000000000000e+00,0.000000000000000000e+00,0.000000000000000000e+00,0.000000000000000000e+00,8.276371459960937500e+02,8.276385498046875000e+02,8.276385498046875000e+02,8.276371459960937500e+02,-2.083795232325430959e+07
4.350999999999999979e+00,1.017688956169271880e-01,5.825001541683627604e-01,-1.495459275156967201e-02,-1.108561752479336748e-04,1.811476813909917993e-04,1.965553004693726402e-06,9.188132286071777344e-01,5.234140872955322266e+00,-4.937293052673339844e+00,-1.017688956169271880e-01,-5.825001541683627604e-01,1.495459275156967201e-02,0.000000000000000000e+00,0.000000000000000000e+00,0.000000000000000000e+00,0.000000000000000000e+00,0.000000000000000000e+00,0.000000000000000000e+00,0.000000000000000000e+00,8.276371459960937500e+02,8.276384887695312500e+02,8.276384887695312500e+02,8.276371459960937500e+02,-2.083795267314128578e+07
4.352000000000000313e+00,1.016578928183665964e-01,5.826813364546119534e-01,-1.495277200894509426e-02,-1.110027985605915868e-04,1.811822862491929698e-04,1.820742624577750823e-06,9.188184738159179688e-01,5.234162807464599609e+00,-4.937314987182617188e+00,-1.016578928183665964e-01,-5.826813364546119534e-01,1.495277200894509426e-02,0.000000000000000000e+00,0.000000000000000000e+00,0.000000000000000000e+00,0.000000000000000000e+00,0.000000000000000000e+00,0.000000000000000000e+00,0.000000000000000000e+00,8.276372070312500000e+02,8.276384887695312500e+02,8.276384887695312500e+02,8.276372070312500000e+02,-2.083795302321673930e+07
4.352999999999999758e+00,1.015467241501804563e-01,5.828624652440437259e-01,-1.495112845189367108e-02,-1.111686681861401294e-04,1.811287894317725744e-04,1.643557051423175097e-06,9.188237190246582031e-01,5.234184265136718750e+00,-4.937332153320312500e+00,-1.015467241501804563e-01,-5.828624652440437259e-01,1.495112845189367108e-02,0.000000000000000000e+00,0.000000000000000000e+00,0.000000000000000000e+00,0.000000000000000000e+00,0.000000000000000000e+00,0.000000000000000000e+00,0.000000000000000000e+00,8.276372680664062500e+02,8.276384277343750000e+02,8.276384277343750000e+02,8.276372680664062500e+02,-2.083795337348066643e+07
4.354000000000000092e+00,1.014353964286209414e-01,5.830434871468749281e-01,-1.494969208302842148e-02,-1.113277215595148695e-04,1.810219028312021194e-04,1.436368865249601501e-06,9.188294410705566406e-01,5.234206199645996094e+00,-4.937353610992431641e+00,-1.014353964286209414e-01,-5.830434871468749281e-01,1.494969208302842148e-02,0.000000000000000000e+00,0.000000000000000000e+00,0.000000000000000000e+00,0.000000000000000000e+00,0.000000000000000000e+00,0.000000000000000000e+00,0.000000000000000000e+00,8.276372680664062500e+02,8.276383666992187500e+02,8.276383666992187500e+02,8.276372680664062500e+02,-2.083795372393300757e+07
4.355000000000000426e+00,1.013239031778954274e-01,5.832245088594091298e-01,-1.494849798196012589e-02,-1.114932507255139704e-04,1.810217125342017397e-04,1.194101068295594370e-06,9.188344478607177734e-01,5.234229087829589844e+00,-4.937373161315917969e+00,-1.013239031778954274e-01,-5.832245088594091298e-01,1.494849798196012589e-02,0.000000000000000000e+00,0.000000000000000000e+00,0.000000000000000000e+00,0.000000000000000000e+00,0.000000000000000000e+00,0.000000000000000000e+00,0.000000000000000000e+00,8.276373291015625000e+02,8.276383056640625000e+02,8.276383056640625000e+02,8.276373291015625000e+02,-2.083795407457382604e+07
4.355999999999999872e+00,1.012122578595601174e-01,5.834054769956916742e-01,-1.494757118246854873e-02,-1.116453183353099954e-04,1.809681362825443784e-04,9.267994915771599063e-07,9.188396930694580078e-01,5.234250545501708984e+00,-4.937393188476562500e+00,-1.012122578595601174e-01,-5.834054769956916742e-01,1.494757118246854873e-02,0.000000000000000000e+00,0.000000000000000000e+00,0.000000000000000000e+00,0.000000000000000000e+00,0.000000000000000000e+00,0.000000000000000000e+00,0.000000000000000000e+00,8.276373901367187500e+02,8.276382446289062500e+02,8.276382446289062500e+02,8.276373901367187500e+02,-2.083795442540312931e+07
4.357000000000000206e+00,1.011004539488780524e-01,5.835863915323494799e-01,-1.494693999908301880e-02,-1.118039106820650774e-04,1.809145366578057690e-04,6.311833855299209262e-07,9.188450574874877930e-01,5.234272480010986328e+00,-4.937412261962890625e+00,-1.011004539488780524e-01,-5.835863915323494799e-01,1.494693999908301880e-02,0.000000000000000000e+00,0.000000000000000000e+00,0.000000000000000000e+00,0.000000000000000000e+00,0.000000000000000000e+00,0.000000000000000000e+00,0.000000000000000000e+00,8.276374511718750000e+02,8.276381835937500000e+02,8.276381835937500000e+02,8.276374511718750000e+02,-2.083795477642091736e+07
4.357999999999999652e+00,1.009885049077419994e-01,5.837671990836289515e-01,-1.494662946592449290e-02,-1.119490411360529736e-04,1.808075512794715678e-04,3.105331585259024640e-07,9.188501834869384766e-01,5.234294891357421875e+00,-4.937433242797851562e+00,-1.009885049077419994e-01,-5.837671990836289515e-01,1.494662946592449290e-02,0.000000000000000000e+00,0.000000000000000000e+00,0.000000000000000000e+00,0.000000000000000000e+00,0.000000000000000000e+00,0.000000000000000000e+00,0.000000000000000000e+00,8.276375122070312500e+02,8.276381225585937500e+02,8.276381225585937500e+02,8.276375122070312500e+02,-2.083795512762714177e+07
4.358999999999999986e+00,1.008764042016200291e-01,5.839480063565930523e-01,-1.494666298908896296e-02,-1.121007061219703171e-04,1.808072729641008181e-04,-3.352316447005621036e-08,9.188551902770996094e-01,5.234316825866699219e+00,-4.937451362609863281e+00,-1.008764042016200291e-01,-5.839480063565930523e-01,1.494666298908896296e-02,0.000000000000000000e+00,0.000000000000000000e+00,0.000000000000000000e+00,0.000000000000000000e+00,0.000000000000000000e+00,0.000000000000000000e+00,0.000000000000000000e+00,8.276375732421875000e+02,8.276380615234375000e+02,8.276380615234375000e+02,8.276375732421875000e+02,-2.083795547902186587e+07
4.360000000000000320e+00,1.007641659188874134e-01,5.841287251529573288e-01,-1.494705643844235383e-02,-1.122382827326157129e-04,1.807187963642764572e-04,-3.934493533908761664e-07,9.188603162765502930e-01,5.234336853027343750e+00,-4.937471389770507812e+00,-1.007641659188874134e-01,-5.841287251529573288e-01,1.494705643844235383e-02,0.000000000000000000e+00,0.000000000000000000e+00,0.000000000000000000e+00,0.000000000000000000e+00,0.000000000000000000e+00,0.000000000000000000e+00,0.000000000000000000e+00,8.276376342773437500e+02,8.276380004882812500e+02,8.276380004882812500e+02,8.276376342773437500e+02,-2.083795583060506359e+07
4.360999999999999766e+00,1.006518088437464015e-01,5.843094250830387359e-01,-1.494783157924428098e-02,-1.123570751410118973e-04,1.806999300814071674e-04,-7.751408019271432970e-07,9.188662767410278320e-01,5.234359741210937500e+00,-4.937490940093994141e+00,-1.006518088437464015e-01,-5.843094250830387359e-01,1.494783157924428098e-02,0.000000000000000000e+00,0.000000000000000000e+00,0.000000000000000000e+00,0.000000000000000000e+00,0.000000000000000000e+00,0.000000000000000000e+00,0.000000000000000000e+00,8.276376953125000000e+02,8.276379394531250000e+02,8.276379394531250000e+02,8.276376953125000000e+02,-2.083795618237679079e+07
4.362000000000000099e+00,1.005393270453296545e-01,5.844901246907392434e-01,-1.494900093846017290e-02,-1.124817984167469920e-04,1.806996077005074142e-04,-1.169359215891924153e-06,9.188710451126098633e-01,5.234381675720214844e+00,-4.937508583068847656e+00,-1.005393270453296545e-01,-5.844901246907392434e-01,1.494900093846017290e-02,0.000000000000000000e+00,0.000000000000000000e+00,0.000000000000000000e+00,0.000000000000000000e+00,0.000000000000000000e+00,0.000000000000000000e+00,0.000000000000000000e+00,8.276378173828125000e+02,8.276378784179687500e+02,8.276378784179687500e+02,8.276378173828125000e+02,-2.083795653433712572e+07
4.363000000000000433e+00,1.004267339104460144e-01,5.846707172394954855e-01,-1.495057616298969654e-02,-1.125931348836400891e-04,1.805925487562420884e-04,-1.575224529523633343e-06,9.188759326934814453e-01,5.234403133392333984e+00,-4.937531471252441406e+00,-1.004267339104460144e-01,-5.846707172394954855e-01,1.495057616298969654e-02,0.000000000000000000e+00,0.000000000000000000e+00,0.000000000000000000e+00,0.000000000000000000e+00,0.000000000000000000e+00,0.000000000000000000e+00,0.000000000000000000e+00,8.276378784179687500e+02,8.276378173828125000e+02,8.276378173828125000e+02,8.276378784179687500e+02,-2.083795688648602366e+07
4.363999999999999879e+00,1.003140428311564553e-01,5.848513094488234643e-01,-1.495256408474718822e-02,-1.126910792895591262e-04,1.805922093279788143e-04,-1.987921757491684094e-06,9.188812971115112305e-01,5.234423637390136719e+00,-4.937549114227294922e+00,-1.003140428311564553e-01,-5.848513094488234643e-01,1.495256408474718822e-02,0.000000000000000000e+00,0.000000000000000000e+00,0.000000000000000000e+00,0.000000000000000000e+00,0.000000000000000000e+00,0.000000000000000000e+00,0.000000000000000000e+00,8.276379394531250000e+02,8.276377563476562500e+02,8.276377563476562500e+02,8.276379394531250000e+02,-2.083795723882356286e+07
4.365000000000000213e+00,1.002012671756957740e-01,5.850319013138987057e-01,-1.495496977418478771e-02,-1.127756554606812456e-04,1.805918650752413868e-04,-2.405689437599486946e-06,9.188863039016723633e-01,5.234446525573730469e+00,-4.937568664550781250e+00,-1.002012671756957740e-01,-5.850319013138987057e-01,1.495496977418478771e-02,0.000000000000000000e+00,0.000000000000000000e+00,0.000000000000000000e+00,0.000000000000000000e+00,0.000000000000000000e+00,0.000000000000000000e+00,0.000000000000000000e+00,8.276380004882812500e+02,8.276376342773437500e+02,8.276376953125000000e+02,8.276380004882812500e+02,-2.083795759134983271e+07
4.365999999999999659e+00,1.000884136257603474e-01,5.852124394692932441e-01,-1.495779655346600977e-02,-1.128535499354266225e-04,1.805381553945384354e-04,-2.826779281222061013e-06,9.188915491104125977e-01,5.234467029571533203e+00,-4.937588214874267578e+00,-1.000884136257603474e-01,-5.852124394692932441e-01,1.495779655346600977e-02,0.000000000000000000e+00,0.000000000000000000e+00,0.000000000000000000e+00,0.000000000000000000e+00,0.000000000000000000e+00,0.000000000000000000e+00,0.000000000000000000e+00,8.276380615234375000e+02,8.276375732421875000e+02,8.276375732421875000e+02,8.276380615234375000e+02,-2.083795794406485930e+07
4.366999999999999993e+00,9.997549551556314529e-02,5.853929239160288178e-01,-1.496104282297288680e-02,-1.129181101972021040e-04,1.804844467355737336e-04,-3.246269506877036415e-06,9.188967943191528320e-01,5.234488487243652344e+00,-4.937607288360595703e+00,-9.997549551556314529e-02,-5.853929239160288178e-01,1.496104282297288680e-02,0.000000000000000000e+00,0.000000000000000000e+00,0.000000000000000000e+00,0.000000000000000000e+00,0.000000000000000000e+00,0.000000000000000000e+00,0.000000000000000000e+00,8.276381225585937500e+02,8.276375122070312500e+02,8.276375122070312500e+02,8.276381225585937500e+02,-2.083794829696866870e+07
4.368000000000000327e+00,9.986252690006680588e-02,5.855734264777001652e-01,-1.496470291371511038e-02,-1.129686154963394085e-04,1.805025616713473724e-04,-3.660090742223578997e-06,9.189020395278930664e-01,5.234509944915771484e+00,-4.937626838684082031e+00,-9.986252690006680588e-02,-5.855734264777001652e-01,1.496470291371511038e-02,0.000000000000000000e+00,0.000000000000000000e+00,0.000000000000000000e+00,0.000000000000000000e+00,0.000000000000000000e+00,0.000000000000000000e+00,0.000000000000000000e+00,8.276381835937500000e+02,8.276374511718750000e+02,8.276374511718750000e+02,8.276381835937500000e+02,-2.083794865006137267e+07
4.368999999999999773e+00,9.974952629622663158e-02,5.857539102360115324e-01,-1.496877015127552266e-02,-1.130006038401742963e-04,1.804837583113672039e-04,-4.067237560412273467e-06,9.189066886901855469e-01,5.234530925750732422e+00,-4.937644004821777344e+00,-9.974952629622663158e-02,-5.857539102360115324e-01,1.496877015127552266e-02,0.000000000000000000e+00,0.000000000000000000e+00,0.000000000000000000e+00,0.000000000000000000e+00,0.000000000000000000e+00,0.000000000000000000e+00,0.000000000000000000e+00,8.276382446289062500e+02,8.276373901367187500e+02,8.276373901367187500e+02,8.276382446289062500e+02,-2.083794900334304944e+07
4.370000000000000107e+00,9.963650104939868191e-02,5.859343403031588293e-01,-1.497323540458235513e-02,-1.130252468279496769e-04,1.804300671472969242e-04,-4.465253306832478453e-06,9.189118146896362305e-01,5.234552383422851562e+00,-4.937664508819580078e+00,-9.963650104939868191e-02,-5.859343403031588293e-01,1.497323540458235513e-02,0.000000000000000000e+00,0.000000000000000000e+00,0.000000000000000000e+00,0.000000000000000000e+00,0.000000000000000000e+00,0.000000000000000000e+00,0.000000000000000000e+00,8.276383056640625000e+02,8.276373291015625000e+02,8.276373291015625000e+02,8.276383056640625000e+02,-2.083794935681373253e+07
4.371000000000000441e+00,9.952347110265810648e-02,5.861148234181192684e-01,-1.497808219305332873e-02,-1.130299467405754266e-04,1.804831149604391172e-04,-4.846788470973598106e-06,9.189170598983764648e-01,5.234573364257812500e+00,-4.937683105468750000e+00,-9.952347110265810648e-02,-5.861148234181192684e-01,1.497808219305332873e-02,0.000000000000000000e+00,0.000000000000000000e+00,0.000000000000000000e+00,0.000000000000000000e+00,0.000000000000000000e+00,0.000000000000000000e+00,0.000000000000000000e+00,8.276383666992187500e+02,8.276373291015625000e+02,8.276373291015625000e+02,8.276383666992187500e+02,-2.083794971047358215e+07
4.371999999999999886e+00,9.941044304370726115e-02,5.862953062312711294e-01,-1.498329549594108225e-02,-1.130280589508453337e-04,1.804828131518609879e-04,-5.213302887753512582e-06,9.189219474792480469e-01,5.234594345092773438e+00,-4.937702178955078125e+00,-9.941044304370726115e-02,-5.862953062312711294e-01,1.498329549594108225e-02,0.000000000000000000e+00,0.000000000000000000e+00,0.000000000000000000e+00,0.000000000000000000e+00,0.000000000000000000e+00,0.000000000000000000e+00,0.000000000000000000e+00,8.276384277343750000e+02,8.276372680664062500e+02,8.276372680664062500e+02,8.276384277343750000e+02,-2.083795006432270259e+07
4.373000000000000220e+00,9.929743678383028127e-02,5.864757353941263407e-01,-1.498885702584493856e-02,-1.130062598769798754e-04,1.804291628552112670e-04,-5.561529903856318735e-06,9.189271926879882812e-01,5.234616279602050781e+00,-4.937722206115722656e+00,-9.929743678383028127e-02,-5.864757353941263407e-01,1.498885702584493856e-02,0.000000000000000000e+00,0.000000000000000000e+00,0.000000000000000000e+00,0.000000000000000000e+00,0.000000000000000000e+00,0.000000000000000000e+00,0.000000000000000000e+00,8.276384277343750000e+02,8.276372070312500000e+02,8.276372070312500000e+02,8.276384277343750000e+02,-2.083795041836113855e+07
4.373999999999999666e+00,9.918445889943795779e-02,5.866562176514791283e-01,-1.499474523110049494e-02,-1.129778843923234799e-04,1.804822573527875562e-04,-5.888205255556375195e-06,9.189320802688598633e-01,5.234635829925537109e+00,-4.937739849090576172e+00,-9.918445889943795779e-02,-5.866562176514791283e-01,1.499474523110049494e-02,0.000000000000000000e+00,0.000000000000000000e+00,0.000000000000000000e+00,0.000000000000000000e+00,0.000000000000000000e+00,0.000000000000000000e+00,0.000000000000000000e+00,8.276384887695312500e+02,8.276371459960937500e+02,8.276371459960937500e+02,8.276384887695312500e+02,-2.083795077258905396e+07
4.375000000000000000e+00,9.907153593694310867e-02,5.868367530239743113e-01,-1.500093356688375623e-02,-1.129229624948491217e-04,1.805353724951830330e-04,-6.188335783261292300e-06,9.189370870590209961e-01,5.234658718109130859e+00,-4.937760353088378906e+00,-9.907153593694310867e-02,-5.868367530239743113e-01,1.500093356688375623e-02,0.000000000000000000e+00,0.000000000000000000e+00,0.000000000000000000e+00,0.000000000000000000e+00,0.000000000000000000e+00,0.000000000000000000e+00,0.000000000000000000e+00,8.276385498046875000e+02,8.276371459960937500e+02,8.276371459960937500e+02,8.276385498046875000e+02,-2.083795112700662762e+07
4.376000000000000334e+00,9.895866186020019217e-02,5.870171998168172145e-01,-1.500739606273304716e-02,-1.128740767429164960e-04,1.804467928429032142e-04,-6.462495849290927907e-06,9.189420938491821289e-01,5.234679222106933594e+00,-4.937779426574707031e+00,-9.895866186020019217e-02,-5.870171998168172145e-01,1.500739606273304716e-02,0.000000000000000000e+00,0.000000000000000000e+00,0.000000000000000000e+00,0.000000000000000000e+00,0.000000000000000000e+00,0.000000000000000000e+00,0.000000000000000000e+00,8.276385498046875000e+02,8.276370849609375000e+02,8.276370849609375000e+02,8.276385498046875000e+02,-2.083795148161385953e+07
4.376999999999999780e+00,9.884587500839027430e-02,5.871977347512045142e-01,-1.501410465966666365e-02,-1.127868518099178763e-04,1.805349343872997281e-04,-6.708596933616486901e-06,9.189473390579223633e-01,5.234699726104736328e+00,-4.937797069549560547e+00,-9.884587500839027430e-02,-5.871977347512045142e-01,1.501410465966666365e-02,0.000000000000000000e+00,0.000000000000000000e+00,0.000000000000000000e+00,0.000000000000000000e+00,0.000000000000000000e+00,0.000000000000000000e+00,0.000000000000000000e+00,8.276386108398437500e+02,8.276370849609375000e+02,8.276370849609375000e+02,8.276385498046875000e+02,-2.083795183641096950e+07
4.378000000000000114e+00,9.873316932889654451e-02,5.873782695086871009e-01,-1.502103009886598950e-02,-1.127056794937297823e-04,1.805347574825866275e-04,-6.925439199325852946e-06,9.189523458480834961e-01,5.234720706939697266e+00,-4.937817573547363281e+00,-9.873316932889654451e-02,-5.873782695086871009e-01,1.502103009886598950e-02,0.000000000000000000e+00,0.000000000000000000e+00,0.000000000000000000e+00,0.000000000000000000e+00,0.000000000000000000e+00,0.000000000000000000e+00,0.000000000000000000e+00,8.276386108398437500e+02,8.276370849609375000e+02,8.276370849609375000e+02,8.276386108398437500e+02,-2.083795219139806926e+07
4.378999999999999559e+00,9.862055800019162155e-02,5.875588574798185082e-01,-1.502813914333287794e-02,-1.126113287049229639e-04,1.805879711314073433e-04,-7.109044466888439495e-06,9.189572334289550781e-01,5.234742164611816406e+00,-4.937835693359375000e+00,-9.862055800019162155e-02,-5.875588574798185082e-01,1.502813914333287794e-02,0.000000000000000000e+00,0.000000000000000000e+00,0.000000000000000000e+00,0.000000000000000000e+00,0.000000000000000000e+00,0.000000000000000000e+00,0.000000000000000000e+00,8.276386108398437500e+02,8.276370239257812500e+02,8.276370239257812500e+02,8.276386108398437500e+02,-2.083795254657534137e+07
4.379999999999999893e+00,9.850805418428991433e-02,5.877394986935172705e-01,-1.503539684236691876e-02,-1.125038159017072159e-04,1.806412136987622929e-04,-7.257699034040818176e-06,9.189624786376953125e-01,5.234763622283935547e+00,-4.937854766845703125e+00,-9.850805418428991433e-02,-5.877394986935172705e-01,1.503539684236691876e-02,0.000000000000000000e+00,0.000000000000000000e+00,0.000000000000000000e+00,0.000000000000000000e+00,0.000000000000000000e+00,0.000000000000000000e+00,0.000000000000000000e+00,8.276386108398437500e+02,8.276370239257812500e+02,8.276370239257812500e+02,8.276386108398437500e+02,-2.083795290194296092e+07
4.381000000000000227e+00,9.839567105238841704e-02,5.879201398127587019e-01,-1.504277153460279945e-02,-1.123831319014972907e-04,1.806411192414314471e-04,-7.374692235880692115e-06,9.189673662185668945e-01,5.234785079956054688e+00,-4.937874317169189453e+00,-9.839567105238841704e-02,-5.879201398127587019e-01,1.504277153460279945e-02,0.000000000000000000e+00,0.000000000000000000e+00,0.000000000000000000e+00,0.000000000000000000e+00,0.000000000000000000e+00,0.000000000000000000e+00,0.000000000000000000e+00,8.276386108398437500e+02,8.276370239257812500e+02,8.276370239257812500e+02,8.276386108398437500e+02,-2.083795325750104338e+07
4.381999999999999673e+00,9.828341510256123625e-02,5.881008875943418701e-01,-1.505022665958346238e-02,-1.122559498271807898e-04,1.807477815831681767e-04,-7.455124980662933276e-06,9.189724922180175781e-01,5.234805583953857422e+00,-4.937891483306884766e+00,-9.828341510256123625e-02,-5.881008875943418701e-01,1.505022665958346238e-02,0.000000000000000000e+00,0.000000000000000000e+00,0.000000000000000000e+00,0.000000000000000000e+00,0.000000000000000000e+00,0.000000000000000000e+00,0.000000000000000000e+00,8.276386108398437500e+02,8.276370239257812500e+02,8.276370239257812500e+02,8.276386108398437500e+02,-2.083795361324983463e+07
4.383000000000000007e+00,9.817129946362695980e-02,5.882816353437391177e-01,-1.505772383982755674e-02,-1.121156389342764514e-04,1.807477493972475813e-04,-7.497180244094361901e-06,9.189773797988891602e-01,5.234827041625976562e+00,-4.937911510467529297e+00,-9.817129946362695980e-02,-5.882816353437391177e-01,1.505772383982755674e-02,0.000000000000000000e+00,0.000000000000000000e+00,0.000000000000000000e+00,0.000000000000000000e+00,0.000000000000000000e+00,0.000000000000000000e+00,0.000000000000000000e+00,8.276386108398437500e+02,8.276370849609375000e+02,8.276370849609375000e+02,8.276386108398437500e+02,-2.083795396918945760e+07
4.384000000000000341e+00,9.805931729413655540e-02,5.884623830904112118e-01,-1.506522968990483928e-02,-1.119821694904044040e-04,1.807477466720941450e-04,-7.505850077282535948e-06,9.189827442169189453e-01,5.234848976135253906e+00,-4.937932014465332031e+00,-9.805931729413655540e-02,-5.884623830904112118e-01,1.506522968990483928e-02,0.000000000000000000e+00,0.000000000000000000e+00,0.000000000000000000e+00,0.000000000000000000e+00,0.000000000000000000e+00,0.000000000000000000e+00,0.000000000000000000e+00,8.276386108398437500e+02,8.276370849609375000e+02,8.276370849609375000e+02,8.276386108398437500e+02,-2.083795432532002404e+07
4.384999999999999787e+00,9.794748258995519818e-02,5.886432025021423042e-01,-1.507270518161932422e-02,-1.118347041813572140e-04,1.808194117310923943e-04,-7.475491714484944206e-06,9.189873933792114258e-01,5.234869956970214844e+00,-4.937949180603027344e+00,-9.794748258995519818e-02,-5.886432025021423042e-01,1.507270518161932422e-02,0.000000000000000000e+00,0.000000000000000000e+00,0.000000000000000000e+00,0.000000000000000000e+00,0.000000000000000000e+00,0.000000000000000000e+00,0.000000000000000000e+00,8.276385498046875000e+02,8.276370849609375000e+02,8.276370849609375000e+02,8.276385498046875000e+02,-2.083795468164173886e+07
4.386000000000000121e+00,9.783580683741517625e-02,5.888241104116115343e-01,-1.508011698670576849e-02,-1.116757525400219331e-04,1.809079094692300771e-04,-7.411805086444261947e-06,9.189927577972412109e-01,5.234889507293701172e+00,-4.937969207763671875e+00,-9.783580683741517625e-02,-5.888241104116115343e-01,1.508011698670576849e-02,0.000000000000000000e+00,0.000000000000000000e+00,0.000000000000000000e+00,0.000000000000000000e+00,0.000000000000000000e+00,0.000000000000000000e+00,0.000000000000000000e+00,8.276385498046875000e+02,8.276371459960937500e+02,8.276371459960937500e+02,8.276385498046875000e+02,-2.083795503815482557e+07
4.386999999999999567e+00,9.772429066989787860e-02,5.890050184085283691e-01,-1.508742753939525637e-02,-1.115161675172976485e-04,1.809079969168347901e-04,-7.310552689487881395e-06,9.189978837966918945e-01,5.234912872314453125e+00,-4.937988281250000000e+00,-9.772429066989787860e-02,-5.890050184085283691e-01,1.508742753939525637e-02,0.000000000000000000e+00,0.000000000000000000e+00,0.000000000000000000e+00,0.000000000000000000e+00,0.000000000000000000e+00,0.000000000000000000e+00,0.000000000000000000e+00,8.276384887695312500e+02,8.276371459960937500e+02,8.276371459960937500e+02,8.276384887695312500e+02,-2.083795539485940337e+07
4.387999999999999901e+00,9.761293392233079402e-02,5.891860332482704576e-01,-1.509460191212935905e-02,-1.113567475670845797e-04,1.810148397420885402e-04,-7.174372734102679727e-06,9.190026521682739258e-01,5.234932899475097656e+00,-4.938006877899169922e+00,-9.761293392233079402e-02,-5.891860332482704576e-01,1.509460191212935905e-02,0.000000000000000000e+00,0.000000000000000000e+00,0.000000000000000000e+00,0.000000000000000000e+00,0.000000000000000000e+00,0.000000000000000000e+00,0.000000000000000000e+00,8.276384887695312500e+02,8.276372070312500000e+02,8.276372070312500000e+02,8.276384887695312500e+02,-2.083795575175571814e+07
4.389000000000000234e+00,9.750173641481942044e-02,5.893671015958238391e-01,-1.510160670798451656e-02,-1.111975075113735834e-04,1.810683475533814146e-04,-7.004795855157508466e-06,9.190078973770141602e-01,5.234956264495849609e+00,-4.938025951385498047e+00,-9.750173641481942044e-02,-5.893671015958238391e-01,1.510160670798451656e-02,0.000000000000000000e+00,0.000000000000000000e+00,0.000000000000000000e+00,0.000000000000000000e+00,0.000000000000000000e+00,0.000000000000000000e+00,0.000000000000000000e+00,8.276384277343750000e+02,8.276372680664062500e+02,8.276372680664062500e+02,8.276384277343750000e+02,-2.083795610884394497e+07
4.389999999999999680e+00,9.739070463762587726e-02,5.895481701151887854e-01,-1.510840856455881488e-02,-1.110317771935431796e-04,1.810685193649463898e-04,-6.801856574298326130e-06,9.190126657485961914e-01,5.234974861145019531e+00,-4.938045501708984375e+00,-9.739070463762587726e-02,-5.895481701151887854e-01,1.510840856455881488e-02,0.000000000000000000e+00,0.000000000000000000e+00,0.000000000000000000e+00,0.000000000000000000e+00,0.000000000000000000e+00,0.000000000000000000e+00,0.000000000000000000e+00,8.276383666992187500e+02,8.276372680664062500e+02,8.276372680664062500e+02,8.276383666992187500e+02,-2.083795646612420306e+07
4.391000000000000014e+00,9.727983177183069374e-02,5.897293455593795031e-01,-1.511497585485859288e-02,-1.108728657951835173e-04,1.811754441907176272e-04,-6.567290299777997498e-06,9.190176725387573242e-01,5.234997749328613281e+00,-4.938064575195312500e+00,-9.727983177183069374e-02,-5.897293455593795031e-01,1.511497585485859288e-02,0.000000000000000000e+00,0.000000000000000000e+00,0.000000000000000000e+00,0.000000000000000000e+00,0.000000000000000000e+00,0.000000000000000000e+00,0.000000000000000000e+00,8.276383056640625000e+02,8.276373291015625000e+02,8.276373291015625000e+02,8.276383056640625000e+02,-2.083795682359673083e+07
4.392000000000000348e+00,9.716911764633424931e-02,5.899105212272164334e-01,-1.512127847193044279e-02,-1.107141254964444377e-04,1.811756678369302875e-04,-6.302617071849911379e-06,9.190227985382080078e-01,5.235018253326416016e+00,-4.938084602355957031e+00,-9.716911764633424931e-02,-5.899105212272164334e-01,1.512127847193044279e-02,0.000000000000000000e+00,0.000000000000000000e+00,0.000000000000000000e+00,0.000000000000000000e+00,0.000000000000000000e+00,0.000000000000000000e+00,0.000000000000000000e+00,8.276382446289062500e+02,8.276373901367187500e+02,8.276373901367187500e+02,8.276382446289062500e+02,-2.083795718126164377e+07
4.392999999999999794e+00,9.705854969546375000e-02,5.900917686911694160e-01,-1.512729058698431689e-02,-1.105679508704993097e-04,1.812474639529826348e-04,-6.012115053874098058e-06,9.190279245376586914e-01,5.235039710998535156e+00,-4.938103199005126953e+00,-9.705854969546375000e-02,-5.900917686911694160e-01,1.512729058698431689e-02,0.000000000000000000e+00,0.000000000000000000e+00,0.000000000000000000e+00,0.000000000000000000e+00,0.000000000000000000e+00,0.000000000000000000e+00,0.000000000000000000e+00,8.276381835937500000e+02,8.276374511718750000e+02,8.276374511718750000e+02,8.276381835937500000e+02,-2.083795753911913559e+07
4.394000000000000128e+00,9.694814599474216310e-02,5.902730515861159821e-01,-1.513298553862400982e-02,-1.104037007215868949e-04,1.812828949465661310e-04,-5.694951639692927281e-06,9.190331697463989258e-01,5.235062122344970703e+00,-4.938122749328613281e+00,-9.694814599474216310e-02,-5.902730515861159821e-01,1.513298553862400982e-02,0.000000000000000000e+00,0.000000000000000000e+00,0.000000000000000000e+00,0.000000000000000000e+00,0.000000000000000000e+00,0.000000000000000000e+00,0.000000000000000000e+00,8.276381225585937500e+02,8.276375122070312500e+02,8.276375122070312500e+02,8.276381225585937500e+02,-2.083795789716936275e+07
4.394999999999999574e+00,9.683788065659805488e-02,5.904544414926156115e-01,-1.513834243224611818e-02,-1.102653381441082159e-04,1.813899064996293831e-04,-5.356893622108366282e-06,9.190381765365600586e-01,5.235082626342773438e+00,-4.938142299652099609e+00,-9.683788065659805488e-02,-5.904544414926156115e-01,1.513834243224611818e-02,0.000000000000000000e+00,0.000000000000000000e+00,0.000000000000000000e+00,0.000000000000000000e+00,0.000000000000000000e+00,0.000000000000000000e+00,0.000000000000000000e+00,8.276380615234375000e+02,8.276375732421875000e+02,8.276375732421875000e+02,8.276380615234375000e+02,-2.083795825541255623e+07
4.395999999999999908e+00,9.672775355220586402e-02,5.906358317020463655e-01,-1.514333949916562422e-02,-1.101271043921908666e-04,1.813902094307540125e-04,-4.997066919506035210e-06,9.190434217453002930e-01,5.235105514526367188e+00,-4.938160896301269531e+00,-9.672775355220586402e-02,-5.906358317020463655e-01,1.514333949916562422e-02,0.000000000000000000e+00,0.000000000000000000e+00,0.000000000000000000e+00,0.000000000000000000e+00,0.000000000000000000e+00,0.000000000000000000e+00,0.000000000000000000e+00,8.276380004882812500e+02,8.276376342773437500e+02,8.276376342773437500e+02,8.276380004882812500e+02,-2.083795861384882033e+07
4.397000000000000242e+00,9.661776459303443587e-02,5.908172755917666663e-01,-1.514795844159597983e-02,-1.099889591714281467e-04,1.814438897203007883e-04,-4.618942430355613138e-06,9.190487861633300781e-01,5.235126495361328125e+00,-4.938180446624755859e+00,-9.661776459303443587e-02,-5.908172755917666663e-01,1.514795844159597983e-02,0.000000000000000000e+00,0.000000000000000000e+00,0.000000000000000000e+00,0.000000000000000000e+00,0.000000000000000000e+00,0.000000000000000000e+00,0.000000000000000000e+00,8.276379394531250000e+02,8.276376953125000000e+02,8.276376953125000000e+02,8.276379394531250000e+02,-2.083795897247832641e+07
4.397999999999999687e+00,9.650789368875255236e-02,5.909987731758632457e-01,-1.515218414846902610e-02,-1.098709042818835080e-04,1.814975840965793452e-04,-4.225706873046269907e-06,9.190536737442016602e-01,5.235148429870605469e+00,-4.938199996948242188e+00,-9.650789368875255236e-02,-5.909987731758632457e-01,1.515218414846902610e-02,0.000000000000000000e+00,0.000000000000000000e+00,0.000000000000000000e+00,0.000000000000000000e+00,0.000000000000000000e+00,0.000000000000000000e+00,0.000000000000000000e+00,8.276378784179687500e+02,8.276377563476562500e+02,8.276377563476562500e+02,8.276378784179687500e+02,-2.083795933130123839e+07
4.399000000000000021e+00,9.639813411550074429e-02,5.911803244624598275e-01,-1.515600658019357339e-02,-1.097595732518080736e-04,1.815512865965818179e-04,-3.822431724547284415e-06,9.190591573715209961e-01,5.235170364379882812e+00,-4.938220500946044922e+00,-9.639813411550074429e-02,-5.911803244624598275e-01,1.515600658019357339e-02,0.000000000000000000e+00,0.000000000000000000e+00,0.000000000000000000e+00,0.000000000000000000e+00,0.000000000000000000e+00,0.000000000000000000e+00,0.000000000000000000e+00,8.276378173828125000e+02,8.276378784179687500e+02,8.276378784179687500e+02,8.276378173828125000e+02,-2.083795969031772017e+07
4.400000000000000355e+00,9.628847247122040987e-02,5.913618760975315469e-01,-1.515941561776202283e-02,-1.096616442803344249e-04,1.815516350717194527e-04,-3.409037568449443945e-06,9.190644025802612305e-01,5.235190868377685547e+00,-4.938240051269531250e+00,-9.628847247122040987e-02,-5.913618760975315469e-01,1.515941561776202283e-02,0.000000000000000000e+00,0.000000000000000000e+00,0.000000000000000000e+00,0.000000000000000000e+00,0.000000000000000000e+00,0.000000000000000000e+00,0.000000000000000000e+00,8.276377563476562500e+02,8.276379394531250000e+02,8.276379394531250000e+02,8.276377563476562500e+02,-2.083796004952786490e+07
4.400999999999999801e+00,9.617890299900640205e-02,5.915434461872385308e-01,-1.516240376194536929e-02,-1.095694722140078126e-04,1.815700897069838504e-04,-2.988144183346461147e-06,9.190694093704223633e-01,5.235213756561279297e+00,-4.938259601593017578e+00,-9.617890299900640205e-02,-5.915434461872385308e-01,1.516240376194536929e-02,0.000000000000000000e+00,0.000000000000000000e+00,0.000000000000000000e+00,0.000000000000000000e+00,0.000000000000000000e+00,0.000000000000000000e+00,0.000000000000000000e+00,8.276376953125000000e+02,8.276380004882812500e+02,8.276380004882812500e+02,8.276376953125000000e+02,-2.083796040893179178e+07
4.402000000000000135e+00,9.606941046203648638e-02,5.917250518838028661e-01,-1.516497091100771875e-02,-1.094925369699156770e-04,1.816056965643353394e-04,-2.567149062349463606e-06,9.190744161605834961e-01,5.235236644744873047e+00,-4.938280582427978516e+00,-9.606941046203648638e-02,-5.917250518838028661e-01,1.516497091100771875e-02,0.000000000000000000e+00,0.000000000000000000e+00,0.000000000000000000e+00,0.000000000000000000e+00,0.000000000000000000e+00,0.000000000000000000e+00,0.000000000000000000e+00,8.276376342773437500e+02,8.276380615234375000e+02,8.276380615234375000e+02,8.276376342773437500e+02,-2.083796076852963492e+07
4.402999999999999581e+00,9.595998913126575769e-02,5.919067112985985091e-01,-1.516711623606471250e-02,-1.094213307707286864e-04,1.816594147956429595e-04,-2.145325056993746538e-06,9.190801382064819336e-01,5.235258579254150391e+00,-4.938297748565673828e+00,-9.595998913126575769e-02,-5.919067112985985091e-01,1.516711623606471250e-02,0.000000000000000000e+00,0.000000000000000000e+00,0.000000000000000000e+00,0.000000000000000000e+00,0.000000000000000000e+00,0.000000000000000000e+00,0.000000000000000000e+00,8.276375732421875000e+02,8.276381225585937500e+02,8.276381225585937500e+02,8.276375122070312500e+02,-2.083796112832155079e+07
4.403999999999999915e+00,9.585061901164387832e-02,5.920883710658293442e-01,-1.516884459190513505e-02,-1.093701196218793692e-04,1.816597672308351008e-04,-1.728355840422551859e-06,9.190853834152221680e-01,5.235280036926269531e+00,-4.938319206237792969e+00,-9.585061901164387832e-02,-5.920883710658293442e-01,1.516884459190513505e-02,0.000000000000000000e+00,0.000000000000000000e+00,0.000000000000000000e+00,0.000000000000000000e+00,0.000000000000000000e+00,0.000000000000000000e+00,0.000000000000000000e+00,8.276375122070312500e+02,8.276381835937500000e+02,8.276381835937500000e+02,8.276374511718750000e+02,-2.083796148830762506e+07
4.405000000000000249e+00,9.574128679404099451e-02,5.922700845448047868e-01,-1.517016095726083508e-02,-1.093322176028838077e-04,1.817134789754426549e-04,-1.316365355700024886e-06,9.190902709960937500e-01,5.235301971435546875e+00,-4.938339233398437500e+00,-9.574128679404099451e-02,-5.922700845448047868e-01,1.517016095726083508e-02,0.000000000000000000e+00,0.000000000000000000e+00,0.000000000000000000e+00,0.000000000000000000e+00,0.000000000000000000e+00,0.000000000000000000e+00,0.000000000000000000e+00,8.276374511718750000e+02,8.276382446289062500e+02,8.276382446289062500e+02,8.276373901367187500e+02,-2.083796184848800674e+07
4.405999999999999694e+00,9.563197917195563613e-02,5.924517450017676712e-01,-1.517107517942482831e-02,-1.093076220853583802e-04,1.816604569628843535e-04,-9.142221639932279764e-07,9.190953969955444336e-01,5.235322475433349609e+00,-4.938358783721923828e+00,-9.563197917195563613e-02,-5.924517450017676712e-01,1.517107517942482831e-02,0.000000000000000000e+00,0.000000000000000000e+00,0.000000000000000000e+00,0.000000000000000000e+00,0.000000000000000000e+00,0.000000000000000000e+00,0.000000000000000000e+00,8.276373901367187500e+02,8.276383056640625000e+02,8.276383056640625000e+02,8.276373901367187500e+02,-2.083796220886271447e+07
4.407000000000000028e+00,9.552268289584447958e-02,5.926334591507235183e-01,-1.517160228716331327e-02,-1.092962761111565539e-04,1.817141489558471434e-04,-5.271077384849665037e-07,9.191008806228637695e-01,5.235344886779785156e+00,-4.938377380371093750e+00,-9.552268289584447958e-02,-5.926334591507235183e-01,1.517160228716331327e-02,0.000000000000000000e+00,0.000000000000000000e+00,0.000000000000000000e+00,0.000000000000000000e+00,0.000000000000000000e+00,0.000000000000000000e+00,0.000000000000000000e+00,8.276373291015625000e+02,8.276383666992187500e+02,8.276383666992187500e+02,8.276373291015625000e+02,-2.083796256943189353e+07
4.408000000000000362e+00,9.541339136337204097e-02,5.928151736159620322e-01,-1.517175720963648625e-02,-1.092915324724386128e-04,1.817144652385138670e-04,-1.549224731729748061e-07,9.191061258316040039e-01,5.235367298126220703e+00,-4.938397884368896484e+00,-9.541339136337204097e-02,-5.928151736159620322e-01,1.517175720963648625e-02,0.000000000000000000e+00,0.000000000000000000e+00,0.000000000000000000e+00,0.000000000000000000e+00,0.000000000000000000e+00,0.000000000000000000e+00,0.000000000000000000e+00,8.276372680664062500e+02,8.276384277343750000e+02,8.276384277343750000e+02,8.276372680664062500e+02,-2.083796293019562215e+07
4.408999999999999808e+00,9.530407230143250752e-02,5.929968530381382052e-01,-1.517155560976000787e-02,-1.093190619395334462e-04,1.816794221761730554e-04,2.015998764783727415e-07,9.191114902496337891e-01,5.235391139984130859e+00,-4.938418865203857422e+00,-9.530407230143250752e-02,-5.929968530381382052e-01,1.517155560976000787e-02,0.000000000000000000e+00,0.000000000000000000e+00,0.000000000000000000e+00,0.000000000000000000e+00,0.000000000000000000e+00,0.000000000000000000e+00,0.000000000000000000e+00,8.276372070312500000e+02,8.276384277343750000e+02,8.276384277343750000e+02,8.276372070312500000e+02,-2.083796329115393385e+07
4.410000000000000142e+00,9.519473050977950157e-02,5.931785147195891561e-01,-1.517102250461282477e-02,-1.093417916530059486e-04,1.816616814509508515e-04,5.331051471831049771e-07,9.191167354583740234e-01,5.235412597656250000e+00,-4.938437461853027344e+00,-9.519473050977950157e-02,-5.931785147195891561e-01,1.517102250461282477e-02,0.000000000000000000e+00,0.000000000000000000e+00,0.000000000000000000e+00,0.000000000000000000e+00,0.000000000000000000e+00,0.000000000000000000e+00,0.000000000000000000e+00,8.276371459960937500e+02,8.276384887695312500e+02,8.276384887695312500e+02,8.276371459960937500e+02,-2.083796365230688080e+07
4.410999999999999588e+00,9.508534042082500415e-02,5.933602300328988388e-01,-1.517017868313501675e-02,-1.093900889544974220e-04,1.817153133096827133e-04,8.438214778080238565e-07,9.191220998764038086e-01,5.235434055328369141e+00,-4.938458919525146484e+00,-9.508534042082500415e-02,-5.933602300328988388e-01,1.517017868313501675e-02,0.000000000000000000e+00,0.000000000000000000e+00,0.000000000000000000e+00,0.000000000000000000e+00,0.000000000000000000e+00,0.000000000000000000e+00,0.000000000000000000e+00,8.276371459960937500e+02,8.276385498046875000e+02,8.276385498046875000e+02,8.276371459960937500e+02,-2.083796401365460083e+07
4.411999999999999922e+00,9.497589550267820924e-02,5.935418922272192033e-01,-1.516905403837176189e-02,-1.094449181467949117e-04,1.816621943203644562e-04,1.124644763254856183e-06,9.191277027130126953e-01,5.235456943511962891e+00,-4.938477516174316406e+00,-9.497589550267820924e-02,-5.935418922272192033e-01,1.516905403837176189e-02,0.000000000000000000e+00,0.000000000000000000e+00,0.000000000000000000e+00,0.000000000000000000e+00,0.000000000000000000e+00,0.000000000000000000e+00,0.000000000000000000e+00,8.276370849609375000e+02,8.276385498046875000e+02,8.276385498046875000e+02,8.276370849609375000e+02,-2.083796437519710138e+07
4.413000000000000256e+00,9.486638253420318079e-02,5.937235012841398651e-01,-1.516767184737699385e-02,-1.095129684750284493e-04,1.816090569206618710e-04,1.382190994768037196e-06,9.191327095031738281e-01,5.235478878021240234e+00,-4.938499450683593750e+00,-9.486638253420318079e-02,-5.937235012841398651e-01,1.516767184737699385e-02,0.000000000000000000e+00,0.000000000000000000e+00,0.000000000000000000e+00,0.000000000000000000e+00,0.000000000000000000e+00,0.000000000000000000e+00,0.000000000000000000e+00,8.276370849609375000e+02,8.276385498046875000e+02,8.276386108398437500e+02,8.276370849609375000e+02,-2.083796473693438619e+07
4.413999999999999702e+00,9.475678836176680553e-02,5.939051639030415997e-01,-1.516606548115564251e-02,-1.095941724363752590e-04,1.816626189017345183e-04,1.606366221351337997e-06,9.191379547119140625e-01,5.235501289367675781e+00,-4.938518524169921875e+00,-9.475678836176680553e-02,-5.939051639030415997e-01,1.516606548115564251e-02,0.000000000000000000e+00,0.000000000000000000e+00,0.000000000000000000e+00,0.000000000000000000e+00,0.000000000000000000e+00,0.000000000000000000e+00,0.000000000000000000e+00,8.276370849609375000e+02,8.276386108398437500e+02,8.276386108398437500e+02,8.276370849609375000e+02,-2.083796509886658937e+07
4.415000000000000036e+00,9.464709311417073001e-02,5.940867199707420276e-01,-1.516426638712251376e-02,-1.096952475960755180e-04,1.815560677004279810e-04,1.799094033128750825e-06,9.191435575485229492e-01,5.235524177551269531e+00,-4.938539028167724609e+00,-9.464709311417073001e-02,-5.940867199707420276e-01,1.516426638712251376e-02,0.000000000000000000e+00,0.000000000000000000e+00,0.000000000000000000e+00,0.000000000000000000e+00,0.000000000000000000e+00,0.000000000000000000e+00,0.000000000000000000e+00,8.276370239257812500e+02,8.276386108398437500e+02,8.276386108398437500e+02,8.276370239257812500e+02,-2.083796546099364758e+07
4.416000000000000369e+00,9.453729697030914536e-02,5.942682761865377694e-01,-1.516230633763283007e-02,-1.097961438615846497e-04,1.815562157957417710e-04,1.960049489683687862e-06,9.191488027572631836e-01,5.235546112060546875e+00,-4.938559055328369141e+00,-9.453729697030914536e-02,-5.942682761865377694e-01,1.516230633763283007e-02,0.000000000000000000e+00,0.000000000000000000e+00,0.000000000000000000e+00,0.000000000000000000e+00,0.000000000000000000e+00,0.000000000000000000e+00,0.000000000000000000e+00,8.276370239257812500e+02,8.276386108398437500e+02,8.276386108398437500e+02,8.276370239257812500e+02,-2.083796582331562787e+07
4.416999999999999815e+00,9.442738114647161729e-02,5.944497970883901861e-01,-1.516021940799366398e-02,-1.099158238375280705e-04,1.815209018524166495e-04,2.086929639166096306e-06,9.191540479660034180e-01,5.235567092895507812e+00,-4.938579082489013672e+00,-9.442738114647161729e-02,-5.944497970883901861e-01,1.516021940799366398e-02,0.000000000000000000e+00,0.000000000000000000e+00,0.000000000000000000e+00,0.000000000000000000e+00,0.000000000000000000e+00,0.000000000000000000e+00,0.000000000000000000e+00,8.276370239257812500e+02,8.276386108398437500e+02,8.276386108398437500e+02,8.276370239257812500e+02,-2.083796618583255261e+07
4.418000000000000149e+00,9.431734372176781012e-02,5.946312467809460323e-01,-1.515804220884475056e-02,-1.100374247038071740e-04,1.814496925558461982e-04,2.177199148913414040e-06,9.191595315933227539e-01,5.235589504241943359e+00,-4.938599109649658203e+00,-9.431734372176781012e-02,-5.946312467809460323e-01,1.515804220884475056e-02,0.000000000000000000e+00,0.000000000000000000e+00,0.000000000000000000e+00,0.000000000000000000e+00,0.000000000000000000e+00,0.000000000000000000e+00,0.000000000000000000e+00,8.276370239257812500e+02,8.276386108398437500e+02,8.276386108398437500e+02,8.276370239257812500e+02,-2.083796654854439944e+07
4.418999999999999595e+00,9.420717927129022840e-02,5.948126965361481000e-01,-1.515581064034391377e-02,-1.101644504775817213e-04,1.814497552020677418e-04,2.231568500836791924e-06,9.191647768020629883e-01,5.235611438751220703e+00,-4.938618659973144531e+00,-9.420717927129022840e-02,-5.948126965361481000e-01,1.515581064034391377e-02,0.000000000000000000e+00,0.000000000000000000e+00,0.000000000000000000e+00,0.000000000000000000e+00,0.000000000000000000e+00,0.000000000000000000e+00,0.000000000000000000e+00,8.276370239257812500e+02,8.276386108398437500e+02,8.276386108398437500e+02,8.276370239257812500e+02,-2.083796691145123541e+07
4.419999999999999929e+00,9.409686795771890488e-02,5.949940929646746479e-01,-1.515355957351272390e-02,-1.103113135713235105e-04,1.813964285265479148e-04,2.251066831189876827e-06,9.191702604293823242e-01,5.235633850097656250e+00,-4.938638687133789062e+00,-9.409686795771890488e-02,-5.949940929646746479e-01,1.515355957351272390e-02,0.000000000000000000e+00,0.000000000000000000e+00,0.000000000000000000e+00,0.000000000000000000e+00,0.000000000000000000e+00,0.000000000000000000e+00,0.000000000000000000e+00,8.276370849609375000e+02,8.276386108398437500e+02,8.276386108398437500e+02,8.276370849609375000e+02,-2.083796727455305681e+07
4.421000000000000263e+00,9.398640998883173170e-02,5.951754360336641847e-01,-1.515132903005328262e-02,-1.104579688871731857e-04,1.813430689895367820e-04,2.230543459441278187e-06,9.191753864288330078e-01,5.235656738281250000e+00,-4.938658714294433594e+00,-9.398640998883173170e-02,-5.951754360336641847e-01,1.515132903005328262e-02,0.000000000000000000e+00,0.000000000000000000e+00,0.000000000000000000e+00,0.000000000000000000e+00,0.000000000000000000e+00,0.000000000000000000e+00,0.000000000000000000e+00,8.276370849609375000e+02,8.276385498046875000e+02,8.276385498046875000e+02,8.276370849609375000e+02,-2.083796763784986362e+07
4.421999999999999709e+00,9.387579885895559750e-02,5.953567257180877315e-01,-1.514915065904824665e-02,-1.106111298761341954e-04,1.812896844235467597e-04,2.178371005035970032e-06,9.191803932189941406e-01,5.235677719116210938e+00,-4.938677310943603516e+00,-9.387579885895559750e-02,-5.953567257180877315e-01,1.514915065904824665e-02,0.000000000000000000e+00,0.000000000000000000e+00,0.000000000000000000e+00,0.000000000000000000e+00,0.000000000000000000e+00,0.000000000000000000e+00,0.000000000000000000e+00,8.276370849609375000e+02,8.276385498046875000e+02,8.276385498046875000e+02,8.276370849609375000e+02,-2.083796800134165585e+07
4.423000000000000043e+00,9.376502810595110926e-02,5.955379619862216645e-01,-1.514706444751130927e-02,-1.107707530044882427e-04,1.812362681339330095e-04,2.086211536937374045e-06,9.191863536834716797e-01,5.235700607299804688e+00,-4.938699722290039062e+00,-9.376502810595110926e-02,-5.955379619862216645e-01,1.514706444751130927e-02,0.000000000000000000e+00,0.000000000000000000e+00,0.000000000000000000e+00,0.000000000000000000e+00,0.000000000000000000e+00,0.000000000000000000e+00,0.000000000000000000e+00,8.276371459960937500e+02,8.276384887695312500e+02,8.276384887695312500e+02,8.276371459960937500e+02,-2.083796836502843350e+07
4.424000000000000377e+00,9.365410457402086053e-02,5.957191448102384657e-01,-1.514510378140019632e-02,-1.109235319302487310e-04,1.811828240168011916e-04,1.960666111112951970e-06,9.191913604736328125e-01,5.235722064971923828e+00,-4.938718318939208984e+00,-9.365410457402086053e-02,-5.957191448102384657e-01,1.514510378140019632e-02,0.000000000000000000e+00,0.000000000000000000e+00,0.000000000000000000e+00,0.000000000000000000e+00,0.000000000000000000e+00,0.000000000000000000e+00,0.000000000000000000e+00,8.276372070312500000e+02,8.276384887695312500e+02,8.276384887695312500e+02,8.276372070312500000e+02,-2.083796872891020030e+07
4.424999999999999822e+00,9.354300952530472668e-02,5.959002386440911403e-01,-1.514330106900283260e-02,-1.110950487161338485e-04,1.810938338526746350e-04,1.802712397363723240e-06,9.191966056823730469e-01,5.235744476318359375e+00,-4.938737392425537109e+00,-9.354300952530472668e-02,-5.959002386440911403e-01,1.514330106900283260e-02,0.000000000000000000e+00,0.000000000000000000e+00,0.000000000000000000e+00,0.000000000000000000e+00,0.000000000000000000e+00,0.000000000000000000e+00,0.000000000000000000e+00,8.276372070312500000e+02,8.276384277343750000e+02,8.276384277343750000e+02,8.276372070312500000e+02,-2.083796909298690781e+07
4.426000000000000156e+00,9.343176096197705616e-02,5.960813144898778893e-01,-1.514169311124343754e-02,-1.112485633276705244e-04,1.810758457867489568e-04,1.607957759395053920e-06,9.192019701004028320e-01,5.235766887664794922e+00,-4.938756942749023438e+00,-9.343176096197705616e-02,-5.960813144898778893e-01,1.514169311124343754e-02,0.000000000000000000e+00,0.000000000000000000e+00,0.000000000000000000e+00,0.000000000000000000e+00,0.000000000000000000e+00,0.000000000000000000e+00,0.000000000000000000e+00,8.276372680664062500e+02,8.276383666992187500e+02,8.276383666992187500e+02,8.276372680664062500e+02,-2.083796945725860447e+07
4.426999999999999602e+00,9.332034680941891924e-02,5.962623901761199274e-01,-1.514031072694533089e-02,-1.114141525581369141e-04,1.810756862420381808e-04,1.382384298106650866e-06,9.192070960998535156e-01,5.235790252685546875e+00,-4.938777446746826172e+00,-9.332034680941891924e-02,-5.962623901761199274e-01,1.514031072694533089e-02,0.000000000000000000e+00,0.000000000000000000e+00,0.000000000000000000e+00,0.000000000000000000e+00,0.000000000000000000e+00,0.000000000000000000e+00,0.000000000000000000e+00,8.276373291015625000e+02,8.276383666992187500e+02,8.276383666992187500e+02,8.276373291015625000e+02,-2.083796982172535732e+07
4.427999999999999936e+00,9.320878054155946890e-02,5.964433589527246005e-01,-1.513918224684550860e-02,-1.115662678594503410e-04,1.809687766046730317e-04,1.128480099822290472e-06,9.192125797271728516e-01,5.235812664031982422e+00,-4.938798904418945312e+00,-9.320878054155946890e-02,-5.964433589527246005e-01,1.513918224684550860e-02,0.000000000000000000e+00,0.000000000000000000e+00,0.000000000000000000e+00,0.000000000000000000e+00,0.000000000000000000e+00,0.000000000000000000e+00,0.000000000000000000e+00,8.276373901367187500e+02,8.276383056640625000e+02,8.276383056640625000e+02,8.276373901367187500e+02,-2.083797018638711050e+07
4.429000000000000270e+00,9.309704897415942149e-02,5.966242741621244905e-01,-1.513833599365357017e-02,-1.117315674000474157e-04,1.809152093998900312e-04,8.462531919384286283e-07,9.192179441452026367e-01,5.235833168029785156e+00,-4.938816547393798828e+00,-9.309704897415942149e-02,-5.966242741621244905e-01,1.513833599365357017e-02,0.000000000000000000e+00,0.000000000000000000e+00,0.000000000000000000e+00,0.000000000000000000e+00,0.000000000000000000e+00,0.000000000000000000e+00,0.000000000000000000e+00,8.276374511718750000e+02,8.276382446289062500e+02,8.276382446289062500e+02,8.276374511718750000e+02,-2.083797055124386400e+07
4.429999999999999716e+00,9.298517225866374802e-02,5.968051357809525115e-01,-1.513779875249098017e-02,-1.118767154956734622e-04,1.808616188280209869e-04,5.372411625900047616e-07,9.192230701446533203e-01,5.235855579376220703e+00,-4.938836097717285156e+00,-9.298517225866374802e-02,-5.968051357809525115e-01,1.513779875249098017e-02,0.000000000000000000e+00,0.000000000000000000e+00,0.000000000000000000e+00,0.000000000000000000e+00,0.000000000000000000e+00,0.000000000000000000e+00,0.000000000000000000e+00,8.276375122070312500e+02,8.276381835937500000e+02,8.276381835937500000e+02,8.276375122070312500e+02,-2.083797091629562899e+07
4.431000000000000050e+00,9.287314384777246856e-02,5.969859437920610468e-01,-1.513759383441499844e-02,-1.120284108912794618e-04,1.808080111085352826e-04,2.049180759817331721e-07,9.192278385162353516e-01,5.235877513885498047e+00,-4.938857078552246094e+00,-9.287314384777246856e-02,-5.969859437920610468e-01,1.513759383441499844e-02,0.000000000000000000e+00,0.000000000000000000e+00,0.000000000000000000e+00,0.000000000000000000e+00,0.000000000000000000e+00,0.000000000000000000e+00,0.000000000000000000e+00,8.276375732421875000e+02,8.276381225585937500e+02,8.276381225585937500e+02,8.276375732421875000e+02,-2.083797128154241294e+07
4.432000000000000384e+00,9.276098387490532005e-02,5.971667515393431769e-01,-1.513774306520575784e-02,-1.121599728671485163e-04,1.808077472821301157e-04,-1.492307907594025984e-07,9.192335605621337891e-01,5.235898971557617188e+00,-4.938876628875732422e+00,-9.276098387490532005e-02,-5.971667515393431769e-01,1.513774306520575784e-02,0.000000000000000000e+00,0.000000000000000000e+00,0.000000000000000000e+00,0.000000000000000000e+00,0.000000000000000000e+00,0.000000000000000000e+00,0.000000000000000000e+00,8.276376342773437500e+02,8.276380615234375000e+02,8.276380615234375000e+02,8.276376342773437500e+02,-2.083797164698429406e+07
4.432999999999999829e+00,9.264867355463567156e-02,5.973474166788840245e-01,-1.513826209059451582e-02,-1.123103202696484892e-04,1.806651395408476191e-04,-5.190253887579765468e-07,9.192388057708740234e-01,5.235920906066894531e+00,-4.938897132873535156e+00,-9.264867355463567156e-02,-5.973474166788840245e-01,1.513826209059451582e-02,0.000000000000000000e+00,0.000000000000000000e+00,0.000000000000000000e+00,0.000000000000000000e+00,0.000000000000000000e+00,0.000000000000000000e+00,0.000000000000000000e+00,8.276376953125000000e+02,8.276380004882812500e+02,8.276380004882812500e+02,8.276376953125000000e+02,-2.083797201262117550e+07
4.434000000000000163e+00,9.253625071496811294e-02,5.975281171245067080e-01,-1.513916955875490786e-02,-1.124228396675586161e-04,1.807004456226835032e-04,-9.074681603920414785e-07,9.192439317703247070e-01,5.235942840576171875e+00,-4.938914299011230469e+00,-9.253625071496811294e-02,-5.975281171245067080e-01,1.513916955875490786e-02,0.000000000000000000e+00,0.000000000000000000e+00,0.000000000000000000e+00,0.000000000000000000e+00,0.000000000000000000e+00,0.000000000000000000e+00,0.000000000000000000e+00,8.276377563476562500e+02,8.276378784179687500e+02,8.276378784179687500e+02,8.276377563476562500e+02,-2.083797237845318019e+07
4.434999999999999609e+00,9.242371655677580899e-02,5.977087639076869019e-01,-1.514047626045823478e-02,-1.125341581923039458e-04,1.806467831801938928e-04,-1.306701703326917929e-06,9.192488193511962891e-01,5.235963344573974609e+00,-4.938934326171875000e+00,-9.242371655677580899e-02,-5.977087639076869019e-01,1.514047626045823478e-02,0.000000000000000000e+00,0.000000000000000000e+00,0.000000000000000000e+00,0.000000000000000000e+00,0.000000000000000000e+00,0.000000000000000000e+00,0.000000000000000000e+00,8.276378173828125000e+02,8.276378173828125000e+02,8.276378173828125000e+02,8.276378173828125000e+02,-2.083797274448032305e+07
4.435999999999999943e+00,9.231107114284492487e-02,5.978893570202103991e-01,-1.514219386852449015e-02,-1.126454139308841196e-04,1.805931125234971901e-04,-1.717608066255371657e-06,9.192541837692260742e-01,5.235984802246093750e+00,-4.938954830169677734e+00,-9.231107114284492487e-02,-5.978893570202103991e-01,1.514219386852449015e-02,0.000000000000000000e+00,0.000000000000000000e+00,0.000000000000000000e+00,0.000000000000000000e+00,0.000000000000000000e+00,0.000000000000000000e+00,0.000000000000000000e+00,8.276378784179687500e+02,8.276377563476562500e+02,8.276377563476562500e+02,8.276378784179687500e+02,-2.083797311070262641e+07
4.437000000000000277e+00,9.219833452010089969e-02,5.980699498197284969e-01,-1.514432753288774171e-02,-1.127366227440251834e-04,1.805927995180978129e-04,-2.133664363251561169e-06,9.192594289779663086e-01,5.236007213592529297e+00,-4.938972949981689453e+00,-9.219833452010089969e-02,-5.980699498197284969e-01,1.514432753288774171e-02,0.000000000000000000e+00,0.000000000000000000e+00,0.000000000000000000e+00,0.000000000000000000e+00,0.000000000000000000e+00,0.000000000000000000e+00,0.000000000000000000e+00,8.276379394531250000e+02,8.276376953125000000e+02,8.276376953125000000e+02,8.276379394531250000e+02,-2.083797347712017596e+07
4.437999999999999723e+00,9.208552004096161314e-02,5.982504889400774850e-01,-1.514688061499387672e-02,-1.128144791392865498e-04,1.805391203489881136e-04,-2.553082106135015628e-06,9.192643165588378906e-01,5.236027240753173828e+00,-4.938991546630859375e+00,-9.208552004096161314e-02,-5.982504889400774850e-01,1.514688061499387672e-02,0.000000000000000000e+00,0.000000000000000000e+00,0.000000000000000000e+00,0.000000000000000000e+00,0.000000000000000000e+00,0.000000000000000000e+00,0.000000000000000000e+00,8.276380615234375000e+02,8.276376342773437500e+02,8.276376342773437500e+02,8.276380004882812500e+02,-2.083797384373299405e+07
4.439000000000000057e+00,9.197263439422163900e-02,5.984310277433294578e-01,-1.514985486003402396e-02,-1.128856467399741437e-04,1.805388032519728014e-04,-2.974245040147233121e-06,9.192694425582885742e-01,5.236049652099609375e+00,-4.939012527465820312e+00,-9.197263439422163900e-02,-5.984310277433294578e-01,1.514985486003402396e-02,0.000000000000000000e+00,0.000000000000000000e+00,0.000000000000000000e+00,0.000000000000000000e+00,0.000000000000000000e+00,0.000000000000000000e+00,0.000000000000000000e+00,8.276381225585937500e+02,8.276375732421875000e+02,8.276375732421875000e+02,8.276381225585937500e+02,-2.083797421054117382e+07
4.440000000000000391e+00,9.185969089650253272e-02,5.986115662330389053e-01,-1.515324533461213583e-02,-1.129434977191062783e-04,1.805384897094475249e-04,-3.390474578111868365e-06,9.192746877670288086e-01,5.236070632934570312e+00,-4.939031124114990234e+00,-9.185969089650253272e-02,-5.986115662330389053e-01,1.515324533461213583e-02,0.000000000000000000e+00,0.000000000000000000e+00,0.000000000000000000e+00,0.000000000000000000e+00,0.000000000000000000e+00,0.000000000000000000e+00,0.000000000000000000e+00,8.276381835937500000e+02,8.276375122070312500e+02,8.276375122070312500e+02,8.276381835937500000e+02,-2.083797457754480466e+07
4.440999999999999837e+00,9.174669739264305901e-02,5.987920153564326720e-01,-1.515704618769021100e-02,-1.129935038594737096e-04,1.804491233937666195e-04,-3.800853078075178137e-06,9.192794561386108398e-01,5.236091136932373047e+00,-4.939049720764160156e+00,-9.174669739264305901e-02,-5.987920153564326720e-01,1.515704618769021100e-02,0.000000000000000000e+00,0.000000000000000000e+00,0.000000000000000000e+00,0.000000000000000000e+00,0.000000000000000000e+00,0.000000000000000000e+00,0.000000000000000000e+00,8.276382446289062500e+02,8.276374511718750000e+02,8.276374511718750000e+02,8.276382446289062500e+02,-2.083797494474387541e+07
4.442000000000000171e+00,9.163368478694235153e-02,5.989724464946429849e-01,-1.516125093537787349e-02,-1.130126057007074802e-04,1.804311382103129802e-04,-4.204747687662491185e-06,9.192850589752197266e-01,5.236114025115966797e+00,-4.939068794250488281e+00,-9.163368478694235153e-02,-5.989724464946429849e-01,1.516125093537787349e-02,0.000000000000000000e+00,0.000000000000000000e+00,0.000000000000000000e+00,0.000000000000000000e+00,0.000000000000000000e+00,0.000000000000000000e+00,0.000000000000000000e+00,8.276383056640625000e+02,8.276373901367187500e+02,8.276373901367187500e+02,8.276383056640625000e+02,-2.083797531213846430e+07
4.442999999999999616e+00,9.152065422662737648e-02,5.991529307021747908e-01,-1.516584548269161309e-02,-1.130305603149750482e-04,1.804842075318058292e-04,-4.594547313739594241e-06,9.192900657653808594e-01,5.236135959625244141e+00,-4.939088821411132812e+00,-9.152065422662737648e-02,-5.991529307021747908e-01,1.516584548269161309e-02,0.000000000000000000e+00,0.000000000000000000e+00,0.000000000000000000e+00,0.000000000000000000e+00,0.000000000000000000e+00,0.000000000000000000e+00,0.000000000000000000e+00,8.276383056640625000e+02,8.276373291015625000e+02,8.276373291015625000e+02,8.276383056640625000e+02,-2.083797567972873151e+07
4.443999999999999950e+00,9.140762563846961675e-02,5.993334146265638651e-01,-1.517081488305374939e-02,-1.130285881577597351e-04,1.804839243890743461e-04,-4.969400362136305871e-06,9.192948341369628906e-01,5.236154079437255859e+00,-4.939108371734619141e+00,-9.140762563846961675e-02,-5.993334146265638651e-01,1.517081488305374939e-02,0.000000000000000000e+00,0.000000000000000000e+00,0.000000000000000000e+00,0.000000000000000000e+00,0.000000000000000000e+00,0.000000000000000000e+00,0.000000000000000000e+00,8.276383666992187500e+02,8.276372680664062500e+02,8.276372680664062500e+02,8.276383666992187500e+02,-2.083797604751478136e+07
4.445000000000000284e+00,9.129461227003050905e-02,5.995138449174589601e-01,-1.517614248772758932e-02,-1.130133684391076976e-04,1.804302908950949913e-04,-5.327604673839927973e-06,9.192998409271240234e-01,5.236176490783691406e+00,-4.939125537872314453e+00,-9.129461227003050905e-02,-5.995138449174589601e-01,1.517614248772758932e-02,0.000000000000000000e+00,0.000000000000000000e+00,0.000000000000000000e+00,0.000000000000000000e+00,0.000000000000000000e+00,0.000000000000000000e+00,0.000000000000000000e+00,8.276384277343750000e+02,8.276372070312500000e+02,8.276372070312500000e+02,8.276384277343750000e+02,-2.083797641549665481e+07
4.445999999999999730e+00,9.118162068667337583e-02,5.996943283196771723e-01,-1.518180507069792108e-02,-1.129915833571332184e-04,1.804834022182122411e-04,-5.662582970331758725e-06,9.193049669265747070e-01,5.236197948455810547e+00,-4.939146041870117188e+00,-9.118162068667337583e-02,-5.996943283196771723e-01,1.518180507069792108e-02,0.000000000000000000e+00,0.000000000000000000e+00,0.000000000000000000e+00,0.000000000000000000e+00,0.000000000000000000e+00,0.000000000000000000e+00,0.000000000000000000e+00,8.276384887695312500e+02,8.276372070312500000e+02,8.276372070312500000e+02,8.276384887695312500e+02,-2.083797678367451578e+07
4.447000000000000064e+00,9.106867078864978871e-02,5.998748114845050550e-01,-1.518778268303731457e-02,-1.129498980235871253e-04,1.804831648278826250e-04,-5.977612339393492680e-06,9.193100929260253906e-01,5.236219882965087891e+00,-4.939164161682128906e+00,-9.106867078864978871e-02,-5.998748114845050550e-01,1.518778268303731457e-02,0.000000000000000000e+00,0.000000000000000000e+00,0.000000000000000000e+00,0.000000000000000000e+00,0.000000000000000000e+00,0.000000000000000000e+00,0.000000000000000000e+00,8.276384887695312500e+02,8.276371459960937500e+02,8.276371459960937500e+02,8.276384887695312500e+02,-2.083797715204847604e+07
4.448000000000000398e+00,9.095577578624369774e-02,6.000553477953478598e-01,-1.519404875577738852e-02,-1.128950024060909607e-04,1.805363108428048591e-04,-6.266072740073944103e-06,9.193149805068969727e-01,5.236241340637207031e+00,-4.939184665679931641e+00,-9.095577578624369774e-02,-6.000553477953478598e-01,1.519404875577738852e-02,0.000000000000000000e+00,0.000000000000000000e+00,0.000000000000000000e+00,0.000000000000000000e+00,0.000000000000000000e+00,0.000000000000000000e+00,0.000000000000000000e+00,8.276385498046875000e+02,8.276371459960937500e+02,8.276371459960937500e+02,8.276385498046875000e+02,-2.083797752061870694e+07
4.448999999999999844e+00,9.084293677709870396e-02,6.002357947692374962e-01,-1.520057401234163955e-02,-1.128390091449937849e-04,1.804469738896363751e-04,-6.525256564251027958e-06,9.193203449249267578e-01,5.236261844635009766e+00,-4.939203262329101562e+00,-9.084293677709870396e-02,-6.002357947692374962e-01,1.520057401234163955e-02,0.000000000000000000e+00,0.000000000000000000e+00,0.000000000000000000e+00,0.000000000000000000e+00,0.000000000000000000e+00,0.000000000000000000e+00,0.000000000000000000e+00,8.276385498046875000e+02,8.276370849609375000e+02,8.276370849609375000e+02,8.276385498046875000e+02,-2.083797788938521221e+07
4.450000000000000178e+00,9.073019113693160664e-02,6.004163840642827710e-01,-1.520733045834835734e-02,-1.127456401670973163e-04,1.805892950452747669e-04,-6.756446006717792274e-06,9.193251132965087891e-01,5.236281871795654297e+00,-4.939221382141113281e+00,-9.073019113693160664e-02,-6.004163840642827710e-01,1.520733045834835734e-02,0.000000000000000000e+00,0.000000000000000000e+00,0.000000000000000000e+00,0.000000000000000000e+00,0.000000000000000000e+00,0.000000000000000000e+00,0.000000000000000000e+00,8.276386108398437500e+02,8.276370849609375000e+02,8.276370849609375000e+02,8.276386108398437500e+02,-2.083797825834827870e+07
4.450999999999999623e+00,9.061753327815701142e-02,6.005969198458649405e-01,-1.521428874059014419e-02,-1.126578587745952209e-04,1.805357815821695411e-04,-6.958282241786850619e-06,9.193300008773803711e-01,5.236303329467773438e+00,-4.939241409301757812e+00,-9.061753327815701142e-02,-6.005969198458649405e-01,1.521428874059014419e-02,0.000000000000000000e+00,0.000000000000000000e+00,0.000000000000000000e+00,0.000000000000000000e+00,0.000000000000000000e+00,0.000000000000000000e+00,0.000000000000000000e+00,8.276386108398437500e+02,8.276370849609375000e+02,8.276370849609375000e+02,8.276386108398437500e+02,-2.083797862750795111e+07
4.451999999999999957e+00,9.050497637340658430e-02,6.007775622309000640e-01,-1.522141236928411731e-02,-1.125569047504271225e-04,1.806423850351235316e-04,-7.123628693973121928e-06,9.193352460861206055e-01,5.236325740814208984e+00,-4.939259052276611328e+00,-9.050497637340658430e-02,-6.007775622309000640e-01,1.522141236928411731e-02,0.000000000000000000e+00,0.000000000000000000e+00,0.000000000000000000e+00,0.000000000000000000e+00,0.000000000000000000e+00,0.000000000000000000e+00,0.000000000000000000e+00,8.276386108398437500e+02,8.276370239257812500e+02,8.276370239257812500e+02,8.276386108398437500e+02,-2.083797899686447158e+07
4.453000000000000291e+00,9.039253357383657261e-02,6.009582045183600174e-01,-1.522866797826091453e-02,-1.124427995700116867e-04,1.806422874599533657e-04,-7.255608976797223164e-06,9.193403720855712891e-01,5.236345767974853516e+00,-4.939278602600097656e+00,-9.039253357383657261e-02,-6.009582045183600174e-01,1.522866797826091453e-02,0.000000000000000000e+00,0.000000000000000000e+00,0.000000000000000000e+00,0.000000000000000000e+00,0.000000000000000000e+00,0.000000000000000000e+00,0.000000000000000000e+00,8.276386108398437500e+02,8.276370239257812500e+02,8.276370239257812500e+02,8.276386108398437500e+02,-2.083797936641795933e+07
4.453999999999999737e+00,9.028021804588631793e-02,6.011388467331458818e-01,-1.523602228615608851e-02,-1.123155279502546788e-04,1.806422147858643967e-04,-7.354307895173980980e-06,9.193453788757324219e-01,5.236366748809814453e+00,-4.939298152923583984e+00,-9.028021804588631793e-02,-6.011388467331458818e-01,1.523602228615608851e-02,0.000000000000000000e+00,0.000000000000000000e+00,0.000000000000000000e+00,0.000000000000000000e+00,0.000000000000000000e+00,0.000000000000000000e+00,0.000000000000000000e+00,8.276386108398437500e+02,8.276370239257812500e+02,8.276370239257812500e+02,8.276386108398437500e+02,-2.083797973616852611e+07
4.455000000000000071e+00,9.016802961302700092e-02,6.013195956304474565e-01,-1.524343869068949149e-02,-1.121884328593170110e-04,1.807488973015747291e-04,-7.416404533402976007e-06,9.193500280380249023e-01,5.236387252807617188e+00,-4.939316749572753906e+00,-9.016802961302700092e-02,-6.013195956304474565e-01,1.524343869068949149e-02,0.000000000000000000e+00,0.000000000000000000e+00,0.000000000000000000e+00,0.000000000000000000e+00,0.000000000000000000e+00,0.000000000000000000e+00,0.000000000000000000e+00,8.276386108398437500e+02,8.276370239257812500e+02,8.276370849609375000e+02,8.276386108398437500e+02,-2.083798010611641780e+07
4.456000000000000405e+00,9.005598140824860875e-02,6.015003445114321945e-01,-1.525088049099154741e-02,-1.120482047783921686e-04,1.807488809847379585e-04,-7.441800302055920358e-06,9.193551540374755859e-01,5.236410140991210938e+00,-4.939336299896240234e+00,-9.005598140824860875e-02,-6.015003445114321945e-01,1.525088049099154741e-02,0.000000000000000000e+00,0.000000000000000000e+00,0.000000000000000000e+00,0.000000000000000000e+00,0.000000000000000000e+00,0.000000000000000000e+00,0.000000000000000000e+00,8.276386108398437500e+02,8.276370849609375000e+02,8.276370849609375000e+02,8.276386108398437500e+02,-2.083798047626174986e+07
4.456999999999999851e+00,8.994407456067196605e-02,6.016811109015961501e-01,-1.525831019630259459e-02,-1.119068475766427095e-04,1.807663901639555704e-04,-7.429705311047182792e-06,9.193606376647949219e-01,5.236430644989013672e+00,-4.939354419708251953e+00,-8.994407456067196605e-02,-6.016811109015961501e-01,1.525831019630259459e-02,0.000000000000000000e+00,0.000000000000000000e+00,0.000000000000000000e+00,0.000000000000000000e+00,0.000000000000000000e+00,0.000000000000000000e+00,0.000000000000000000e+00,8.276385498046875000e+02,8.276370849609375000e+02,8.276370849609375000e+02,8.276385498046875000e+02,-2.083798084660466015e+07
4.458000000000000185e+00,8.983232628419314525e-02,6.018620199107215241e-01,-1.526569462687945959e-02,-1.117482764788207961e-04,1.809090091253739985e-04,-7.384430576864997597e-06,9.193652868270874023e-01,5.236452579498291016e+00,-4.939374446868896484e+00,-8.983232628419314525e-02,-6.018620199107215241e-01,1.526569462687945959e-02,0.000000000000000000e+00,0.000000000000000000e+00,0.000000000000000000e+00,0.000000000000000000e+00,0.000000000000000000e+00,0.000000000000000000e+00,0.000000000000000000e+00,8.276385498046875000e+02,8.276370849609375000e+02,8.276370849609375000e+02,8.276385498046875000e+02,-2.083798121714543924e+07
4.458999999999999631e+00,8.972073099836461174e-02,6.020429289878387324e-01,-1.527299446377280295e-02,-1.115952858285335081e-04,1.809090771172083834e-04,-7.299836893343361610e-06,9.193705320358276367e-01,5.236472606658935547e+00,-4.939393997192382812e+00,-8.972073099836461174e-02,-6.020429289878387324e-01,1.527299446377280295e-02,0.000000000000000000e+00,0.000000000000000000e+00,0.000000000000000000e+00,0.000000000000000000e+00,0.000000000000000000e+00,0.000000000000000000e+00,0.000000000000000000e+00,8.276385498046875000e+02,8.276371459960937500e+02,8.276371459960937500e+02,8.276384887695312500e+02,-2.083798158788420260e+07
4.459999999999999964e+00,8.960929520567396944e-02,6.022238915209119359e-01,-1.528017643269364602e-02,-1.114357926906422991e-04,1.809625330732034243e-04,-7.181968920843065374e-06,9.193755388259887695e-01,5.236493587493896484e+00,-4.939411640167236328e+00,-8.960929520567396944e-02,-6.022238915209119359e-01,1.528017643269364602e-02,0.000000000000000000e+00,0.000000000000000000e+00,0.000000000000000000e+00,0.000000000000000000e+00,0.000000000000000000e+00,0.000000000000000000e+00,0.000000000000000000e+00,8.276384887695312500e+02,8.276372070312500000e+02,8.276372070312500000e+02,8.276384887695312500e+02,-2.083798195882112905e+07
4.461000000000000298e+00,8.949801871271065301e-02,6.024049075381981977e-01,-1.528720384713631170e-02,-1.112764929633164313e-04,1.810160172862618211e-04,-7.027414442665677607e-06,9.193804264068603516e-01,5.236515045166015625e+00,-4.939431667327880859e+00,-8.949801871271065301e-02,-6.024049075381981977e-01,1.528720384713631170e-02,0.000000000000000000e+00,0.000000000000000000e+00,0.000000000000000000e+00,0.000000000000000000e+00,0.000000000000000000e+00,0.000000000000000000e+00,0.000000000000000000e+00,8.276384277343750000e+02,8.276372070312500000e+02,8.276372070312500000e+02,8.276384277343750000e+02,-2.083798232995639741e+07
4.461999999999999744e+00,8.938690802252946543e-02,6.025859770630513923e-01,-1.529404505845440541e-02,-1.111106901811875769e-04,1.810695248531946078e-04,-6.841211318093717852e-06,9.193856716156005859e-01,5.236536979675292969e+00,-4.939449310302734375e+00,-8.938690802252946543e-02,-6.025859770630513923e-01,1.529404505845440541e-02,0.000000000000000000e+00,0.000000000000000000e+00,0.000000000000000000e+00,0.000000000000000000e+00,0.000000000000000000e+00,0.000000000000000000e+00,0.000000000000000000e+00,8.276383666992187500e+02,8.276372680664062500e+02,8.276372680664062500e+02,8.276383666992187500e+02,-2.083798270129018277e+07
4.463000000000000078e+00,8.927595628843409958e-02,6.027671001217269620e-01,-1.530066668026823160e-02,-1.109517340953658504e-04,1.811230586755696592e-04,-6.621621813826181202e-06,9.193905591964721680e-01,5.236558914184570312e+00,-4.939469337463378906e+00,-8.927595628843409958e-02,-6.027671001217269620e-01,1.530066668026823160e-02,0.000000000000000000e+00,0.000000000000000000e+00,0.000000000000000000e+00,0.000000000000000000e+00,0.000000000000000000e+00,0.000000000000000000e+00,0.000000000000000000e+00,8.276383666992187500e+02,8.276373291015625000e+02,8.276373291015625000e+02,8.276383666992187500e+02,-2.083798307282266766e+07
4.464000000000000412e+00,8.916516336022968503e-02,6.029482767356018069e-01,-1.530704036403703755e-02,-1.107929282044145536e-04,1.811766138748449606e-04,-6.373683768805954442e-06,9.193958044052124023e-01,5.236580371856689453e+00,-4.939489841461181641e+00,-8.916516336022968503e-02,-6.029482767356018069e-01,1.530704036403703755e-02,0.000000000000000000e+00,0.000000000000000000e+00,0.000000000000000000e+00,0.000000000000000000e+00,0.000000000000000000e+00,0.000000000000000000e+00,0.000000000000000000e+00,8.276383056640625000e+02,8.276373901367187500e+02,8.276373901367187500e+02,8.276383056640625000e+02,-2.083798344455402344e+07
4.464999999999999858e+00,8.905452376651416813e-02,6.031294709766915618e-01,-1.531313354119344730e-02,-1.106395937155169040e-04,1.811942410897549038e-04,-6.093177156409751438e-06,9.194008111953735352e-01,5.236599922180175781e+00,-4.939507007598876953e+00,-8.905452376651416813e-02,-6.031294709766915618e-01,1.531313354119344730e-02,0.000000000000000000e+00,0.000000000000000000e+00,0.000000000000000000e+00,0.000000000000000000e+00,0.000000000000000000e+00,0.000000000000000000e+00,0.000000000000000000e+00,8.276382446289062500e+02,8.276374511718750000e+02,8.276374511718750000e+02,8.276382446289062500e+02,-2.083798381648438424e+07
4.466000000000000192e+00,8.894404132620062353e-02,6.033107547560127015e-01,-1.531892460014959260e-02,-1.104824403135445943e-04,1.812837793211397042e-04,-5.791058956145303527e-06,9.194062948226928711e-01,5.236621856689453125e+00,-4.939527988433837891e+00,-8.894404132620062353e-02,-6.033107547560127015e-01,1.531892460014959260e-02,0.000000000000000000e+00,0.000000000000000000e+00,0.000000000000000000e+00,0.000000000000000000e+00,0.000000000000000000e+00,0.000000000000000000e+00,0.000000000000000000e+00,8.276381835937500000e+02,8.276375122070312500e+02,8.276375122070312500e+02,8.276381835937500000e+02,-2.083798418861396238e+07
4.466999999999999638e+00,8.883371059605590925e-02,6.034920921510028569e-01,-1.532438764307332384e-02,-1.103307301447142841e-04,1.813373949901553317e-04,-5.463042923731231681e-06,9.194109439849853516e-01,5.236643791198730469e+00,-4.939546585083007812e+00,-8.883371059605590925e-02,-6.034920921510028569e-01,1.532438764307332384e-02,0.000000000000000000e+00,0.000000000000000000e+00,0.000000000000000000e+00,0.000000000000000000e+00,0.000000000000000000e+00,0.000000000000000000e+00,0.000000000000000000e+00,8.276381225585937500e+02,8.276375732421875000e+02,8.276375732421875000e+02,8.276381225585937500e+02,-2.083798456094293296e+07
4.467999999999999972e+00,8.872351811954821976e-02,6.036734831791961131e-01,-1.532950092148161261e-02,-1.101924765076894852e-04,1.813910281932562540e-04,-5.113278408288776666e-06,9.194161891937255859e-01,5.236665248870849609e+00,-4.939565181732177734e+00,-8.872351811954821976e-02,-6.036734831791961131e-01,1.532950092148161261e-02,0.000000000000000000e+00,0.000000000000000000e+00,0.000000000000000000e+00,0.000000000000000000e+00,0.000000000000000000e+00,0.000000000000000000e+00,0.000000000000000000e+00,8.276380615234375000e+02,8.276376342773437500e+02,8.276376342773437500e+02,8.276380615234375000e+02,-2.083798493347146362e+07
4.469000000000000306e+00,8.861346378078675812e-02,6.038549278563173361e-01,-1.533424275710733135e-02,-1.100543387614616453e-04,1.814446771212230303e-04,-4.741835625718740510e-06,9.194209575653076172e-01,5.236685276031494141e+00,-4.939585208892822266e+00,-8.861346378078675812e-02,-6.038549278563173361e-01,1.533424275710733135e-02,0.000000000000000000e+00,0.000000000000000000e+00,0.000000000000000000e+00,0.000000000000000000e+00,0.000000000000000000e+00,0.000000000000000000e+00,0.000000000000000000e+00,8.276380004882812500e+02,8.276376953125000000e+02,8.276376953125000000e+02,8.276380004882812500e+02,-2.083798530619972199e+07
4.469999999999999751e+00,8.850352749751888570e-02,6.040363728298261403e-01,-1.533860133044176455e-02,-1.099362832678724144e-04,1.814449735088041749e-04,-4.358573334433193947e-06,9.194264411926269531e-01,5.236706733703613281e+00,-4.939605236053466797e+00,-8.850352749751888570e-02,-6.040363728298261403e-01,1.533860133044176455e-02,0.000000000000000000e+00,0.000000000000000000e+00,0.000000000000000000e+00,0.000000000000000000e+00,0.000000000000000000e+00,0.000000000000000000e+00,0.000000000000000000e+00,8.276379394531250000e+02,8.276377563476562500e+02,8.276377563476562500e+02,8.276379394531250000e+02,-2.083798567912780866e+07
4.471000000000000085e+00,8.839371586598106234e-02,6.042179248367167688e-01,-1.534256008378423811e-02,-1.098116315378233621e-04,1.815520068906284479e-04,-3.958753342473558812e-06,9.194319248199462891e-01,5.236730098724365234e+00,-4.939625740051269531e+00,-8.839371586598106234e-02,-6.042179248367167688e-01,1.534256008378423811e-02,0.000000000000000000e+00,0.000000000000000000e+00,0.000000000000000000e+00,0.000000000000000000e+00,0.000000000000000000e+00,0.000000000000000000e+00,0.000000000000000000e+00,8.276378173828125000e+02,8.276378173828125000e+02,8.276378173828125000e+02,8.276378173828125000e+02,-2.083798605225595087e+07
4.472000000000000419e+00,8.828400880474465695e-02,6.043994771600064153e-01,-1.534610882381571249e-02,-1.097070612364053899e-04,1.815523232896465444e-04,-3.548740031474387213e-06,9.194369316101074219e-01,5.236751556396484375e+00,-4.939643859863281250e+00,-8.828400880474465695e-02,-6.043994771600064153e-01,1.534610882381571249e-02,0.000000000000000000e+00,0.000000000000000000e+00,0.000000000000000000e+00,0.000000000000000000e+00,0.000000000000000000e+00,0.000000000000000000e+00,0.000000000000000000e+00,8.276377563476562500e+02,8.276378784179687500e+02,8.276378784179687500e+02,8.276377563476562500e+02,-2.083798642558424920e+07
4.472999999999999865e+00,8.817439436409027498e-02,6.045809937648509713e-01,-1.534924162582677713e-02,-1.096144406543819727e-04,1.815166048445560065e-04,-3.132802011064639292e-06,9.194421768188476562e-01,5.236774444580078125e+00,-4.939664840698242188e+00,-8.817439436409027498e-02,-6.045809937648509713e-01,1.534924162582677713e-02,0.000000000000000000e+00,0.000000000000000000e+00,0.000000000000000000e+00,0.000000000000000000e+00,0.000000000000000000e+00,0.000000000000000000e+00,0.000000000000000000e+00,8.276376953125000000e+02,8.276379394531250000e+02,8.276379394531250000e+02,8.276376953125000000e+02,-2.083798679911275208e+07
4.474000000000000199e+00,8.806486967356877416e-02,6.047626000871660912e-01,-1.535195189718715873e-02,-1.095246905215008226e-04,1.816063223151198613e-04,-2.710271360381599770e-06,9.194474220275878906e-01,5.236794471740722656e+00,-4.939682483673095703e+00,-8.806486967356877416e-02,-6.047626000871660912e-01,1.535195189718715873e-02,0.000000000000000000e+00,0.000000000000000000e+00,0.000000000000000000e+00,0.000000000000000000e+00,0.000000000000000000e+00,0.000000000000000000e+00,0.000000000000000000e+00,8.276376342773437500e+02,8.276380004882812500e+02,8.276380004882812500e+02,8.276376342773437500e+02,-2.083798717284165695e+07
4.474999999999999645e+00,8.795541615047247630e-02,6.049442600973664597e-01,-1.535424201589460913e-02,-1.094535230962978556e-04,1.816600102003684825e-04,-2.290118707450397584e-06,9.194525480270385742e-01,5.236819267272949219e+00,-4.939703941345214844e+00,-8.795541615047247630e-02,-6.049442600973664597e-01,1.535424201589460913e-02,0.000000000000000000e+00,0.000000000000000000e+00,0.000000000000000000e+00,0.000000000000000000e+00,0.000000000000000000e+00,0.000000000000000000e+00,0.000000000000000000e+00,8.276375732421875000e+02,8.276380615234375000e+02,8.276380615234375000e+02,8.276375732421875000e+02,-2.083798754677112401e+07
4.475999999999999979e+00,8.784602044422516742e-02,6.051259204329142438e-01,-1.535611187063079357e-02,-1.093957062473088770e-04,1.816603355477841575e-04,-1.869854736184436983e-06,9.194577932357788086e-01,5.236841201782226562e+00,-4.939724445343017578e+00,-8.784602044422516742e-02,-6.051259204329142438e-01,1.535611187063079357e-02,0.000000000000000000e+00,0.000000000000000000e+00,0.000000000000000000e+00,0.000000000000000000e+00,0.000000000000000000e+00,0.000000000000000000e+00,0.000000000000000000e+00,8.276375122070312500e+02,8.276381225585937500e+02,8.276381225585937500e+02,8.276375122070312500e+02,-2.083798792090123892e+07
4.477000000000000313e+00,8.773666923847371624e-02,6.053075810905110821e-01,-1.535756639395504004e-02,-1.093512057514511859e-04,1.816606575968382487e-04,-1.454523324246476124e-06,9.194630384445190430e-01,5.236862182617187500e+00,-4.939742565155029297e+00,-8.773666923847371624e-02,-6.053075810905110821e-01,1.535756639395504004e-02,0.000000000000000000e+00,0.000000000000000000e+00,0.000000000000000000e+00,0.000000000000000000e+00,0.000000000000000000e+00,0.000000000000000000e+00,0.000000000000000000e+00,8.276374511718750000e+02,8.276381835937500000e+02,8.276382446289062500e+02,8.276374511718750000e+02,-2.083798829523208365e+07
4.477999999999999758e+00,8.762735591270930102e-02,6.054892954265367333e-01,-1.535861392970119983e-02,-1.093133257644152145e-04,1.817143360256512352e-04,-1.047535746159788950e-06,9.194685220718383789e-01,5.236883640289306641e+00,-4.939763069152832031e+00,-8.762735591270930102e-02,-6.054892954265367333e-01,1.535861392970119983e-02,0.000000000000000000e+00,0.000000000000000000e+00,0.000000000000000000e+00,0.000000000000000000e+00,0.000000000000000000e+00,0.000000000000000000e+00,0.000000000000000000e+00,8.276373901367187500e+02,8.276382446289062500e+02,8.276382446289062500e+02,8.276373901367187500e+02,-2.083798866976381093e+07
4.479000000000000092e+00,8.751805382953004031e-02,6.056709567082450008e-01,-1.535926592827259636e-02,-1.093020831792607117e-04,1.816612817082674525e-04,-6.519985713965281704e-07,9.194735288619995117e-01,5.236905097961425781e+00,-4.939782619476318359e+00,-8.751805382953004031e-02,-6.056709567082450008e-01,1.535926592827259636e-02,0.000000000000000000e+00,0.000000000000000000e+00,0.000000000000000000e+00,0.000000000000000000e+00,0.000000000000000000e+00,0.000000000000000000e+00,0.000000000000000000e+00,8.276373291015625000e+02,8.276383056640625000e+02,8.276383056640625000e+02,8.276373291015625000e+02,-2.083798904449643567e+07
4.480000000000000426e+00,8.740875787666420316e-02,6.058526355350453141e-01,-1.535953659185619949e-02,-1.092959528658371537e-04,1.816788268003133311e-04,-2.706635836031284770e-07,9.194790124893188477e-01,5.236929416656494141e+00,-4.939803123474121094e+00,-8.740875787666420316e-02,-6.058526355350453141e-01,1.535953659185619949e-02,0.000000000000000000e+00,0.000000000000000000e+00,0.000000000000000000e+00,0.000000000000000000e+00,0.000000000000000000e+00,0.000000000000000000e+00,0.000000000000000000e+00,8.276372680664062500e+02,8.276383666992187500e+02,8.276383666992187500e+02,8.276372680664062500e+02,-2.083798941943005845e+07
4.480999999999999872e+00,8.729945187714245602e-02,6.060343507497946147e-01,-1.535944585796398393e-02,-1.093059995217471325e-04,1.817152147493006353e-04,9.073389221556094064e-08,9.194846153259277344e-01,5.236949920654296875e+00,-4.939822196960449219e+00,-8.729945187714245602e-02,-6.060343507497946147e-01,1.535944585796398393e-02,0.000000000000000000e+00,0.000000000000000000e+00,0.000000000000000000e+00,0.000000000000000000e+00,0.000000000000000000e+00,0.000000000000000000e+00,0.000000000000000000e+00,8.276372680664062500e+02,8.276384277343750000e+02,8.276384277343750000e+02,8.276372070312500000e+02,-2.083798979456479847e+07
4.482000000000000206e+00,8.719012403521282650e-02,6.062160662363110797e-01,-1.535900947922044964e-02,-1.093278419296295212e-04,1.817154865164649635e-04,4.363787435342908472e-07,9.194893836975097656e-01,5.236971855163574219e+00,-4.939842700958251953e+00,-8.719012403521282650e-02,-6.062160662363110797e-01,1.535900947922044964e-02,0.000000000000000000e+00,0.000000000000000000e+00,0.000000000000000000e+00,0.000000000000000000e+00,0.000000000000000000e+00,0.000000000000000000e+00,0.000000000000000000e+00,8.276372070312500000e+02,8.276384887695312500e+02,8.276384887695312500e+02,8.276372070312500000e+02,-2.083799016990073398e+07
4.482999999999999652e+00,8.708076113301974064e-02,6.063977286132736788e-01,-1.535825235817502889e-02,-1.093629021930858647e-04,1.816623769625991258e-04,7.571210454207499829e-07,9.194947481155395508e-01,5.236995220184326172e+00,-4.939863204956054688e+00,-8.708076113301974064e-02,-6.063977286132736788e-01,1.535825235817502889e-02,0.000000000000000000e+00,0.000000000000000000e+00,0.000000000000000000e+00,0.000000000000000000e+00,0.000000000000000000e+00,0.000000000000000000e+00,0.000000000000000000e+00,8.276371459960937500e+02,8.276384887695312500e+02,8.276384887695312500e+02,8.276371459960937500e+02,-2.083799054543787241e+07
4.483999999999999986e+00,8.697134995963096138e-02,6.065793912268730992e-01,-1.535719781113218003e-02,-1.094111733887792592e-04,1.816626135994203750e-04,1.054547042848852367e-06,9.195003509521484375e-01,5.237018108367919922e+00,-4.939882755279541016e+00,-8.697134995963096138e-02,-6.065793912268730992e-01,1.535719781113218003e-02,0.000000000000000000e+00,0.000000000000000000e+00,0.000000000000000000e+00,0.000000000000000000e+00,0.000000000000000000e+00,0.000000000000000000e+00,0.000000000000000000e+00,8.276371459960937500e+02,8.276385498046875000e+02,8.276385498046875000e+02,8.276371459960937500e+02,-2.083799092117628828e+07
4.485000000000000320e+00,8.686187066139074153e-02,6.067610540561300114e-01,-1.535587574861253628e-02,-1.094792982402198467e-04,1.816628292569122394e-04,1.322062519643757428e-06,9.195057153701782227e-01,5.237039089202880859e+00,-4.939902305603027344e+00,-8.686187066139074153e-02,-6.067610540561300114e-01,1.535587574861253628e-02,0.000000000000000000e+00,0.000000000000000000e+00,0.000000000000000000e+00,0.000000000000000000e+00,0.000000000000000000e+00,0.000000000000000000e+00,0.000000000000000000e+00,8.276370849609375000e+02,8.276385498046875000e+02,8.276385498046875000e+02,8.276370849609375000e+02,-2.083799129711605236e+07
4.485999999999999766e+00,8.675231670795187366e-02,6.069427170809660321e-01,-1.535431281648342097e-02,-1.095539534388678682e-04,1.816630248360207034e-04,1.562932129115304769e-06,9.195110797882080078e-01,5.237061500549316406e+00,-4.939923286437988281e+00,-8.675231670795187366e-02,-6.069427170809660321e-01,1.535431281648342097e-02,0.000000000000000000e+00,0.000000000000000000e+00,0.000000000000000000e+00,0.000000000000000000e+00,0.000000000000000000e+00,0.000000000000000000e+00,0.000000000000000000e+00,8.276370849609375000e+02,8.276386108398437500e+02,8.276386108398437500e+02,8.276370849609375000e+02,-2.083799167325723171e+07
4.487000000000000099e+00,8.664266823043831334e-02,6.071242735544478686e-01,-1.535253884415988673e-02,-1.096484775135603273e-04,1.815564734818364556e-04,1.773972323534239726e-06,9.195160865783691406e-01,5.237083911895751953e+00,-4.939942836761474609e+00,-8.664266823043831334e-02,-6.071242735544478686e-01,1.535253884415988673e-02,0.000000000000000000e+00,0.000000000000000000e+00,0.000000000000000000e+00,0.000000000000000000e+00,0.000000000000000000e+00,0.000000000000000000e+00,0.000000000000000000e+00,8.276370849609375000e+02,8.276386108398437500e+02,8.276386108398437500e+02,8.276370239257812500e+02,-2.083799204959976673e+07
4.488000000000000433e+00,8.653292028368911315e-02,6.073058473380071876e-01,-1.535058808457294421e-02,-1.097479467492001870e-04,1.815737835593189686e-04,1.950759586942518720e-06,9.195216894149780273e-01,5.237107276916503906e+00,-4.939962387084960938e+00,-8.653292028368911315e-02,-6.073058473380071876e-01,1.535058808457294421e-02,0.000000000000000000e+00,0.000000000000000000e+00,0.000000000000000000e+00,0.000000000000000000e+00,0.000000000000000000e+00,0.000000000000000000e+00,0.000000000000000000e+00,8.276370239257812500e+02,8.276386108398437500e+02,8.276386108398437500e+02,8.276370239257812500e+02,-2.083799242614374682e+07
4.488999999999999879e+00,8.642306999231894049e-02,6.074873507092514169e-01,-1.534849547267073434e-02,-1.098502913701726591e-04,1.815033712442293279e-04,2.092611902209870478e-06,9.195268154144287109e-01,5.237128257751464844e+00,-4.939982891082763672e+00,-8.642306999231894049e-02,-6.074873507092514169e-01,1.534849547267073434e-02,0.000000000000000000e+00,0.000000000000000000e+00,0.000000000000000000e+00,0.000000000000000000e+00,0.000000000000000000e+00,0.000000000000000000e+00,0.000000000000000000e+00,8.276370239257812500e+02,8.276386108398437500e+02,8.276386108398437500e+02,8.276370239257812500e+02,-2.083799280288914964e+07
4.490000000000000213e+00,8.631309238608432521e-02,6.076688541802125476e-01,-1.534629511450356400e-02,-1.099776062346152772e-04,1.815034709611307306e-04,2.200358167170346491e-06,9.195321798324584961e-01,5.237150192260742188e+00,-4.940002918243408203e+00,-8.631309238608432521e-02,-6.076688541802125476e-01,1.534629511450356400e-02,0.000000000000000000e+00,0.000000000000000000e+00,0.000000000000000000e+00,0.000000000000000000e+00,0.000000000000000000e+00,0.000000000000000000e+00,0.000000000000000000e+00,8.276370239257812500e+02,8.276386108398437500e+02,8.276386108398437500e+02,8.276370239257812500e+02,-2.083799317983604595e+07
4.490999999999999659e+00,8.620298764244439804e-02,6.078503043611710455e-01,-1.534402198873014052e-02,-1.101047436399271717e-04,1.814501809584978531e-04,2.273125773423478879e-06,9.195373058319091797e-01,5.237173557281494141e+00,-4.940022468566894531e+00,-8.620298764244439804e-02,-6.078503043611710455e-01,1.534402198873014052e-02,0.000000000000000000e+00,0.000000000000000000e+00,0.000000000000000000e+00,0.000000000000000000e+00,0.000000000000000000e+00,0.000000000000000000e+00,0.000000000000000000e+00,8.276370239257812500e+02,8.276386108398437500e+02,8.276386108398437500e+02,8.276370239257812500e+02,-2.083799355698443204e+07
4.491999999999999993e+00,8.609274928425825202e-02,6.080317545895824738e-01,-1.534171111923550435e-02,-1.102383581861460238e-04,1.814502284114283270e-04,2.310869494636172417e-06,9.195430278778076172e-01,5.237195968627929688e+00,-4.940042495727539062e+00,-8.609274928425825202e-02,-6.080317545895824738e-01,1.534171111923550435e-02,0.000000000000000000e+00,0.000000000000000000e+00,0.000000000000000000e+00,0.000000000000000000e+00,0.000000000000000000e+00,0.000000000000000000e+00,0.000000000000000000e+00,8.276370849609375000e+02,8.276386108398437500e+02,8.276386108398437500e+02,8.276370849609375000e+02,-2.083799393433437496e+07
4.493000000000000327e+00,8.598236415856506942e-02,6.082130981121315338e-01,-1.533940070898798767e-02,-1.103851256931825953e-04,1.813435225490600544e-04,2.310410247516672677e-06,9.195482730865478516e-01,5.237216949462890625e+00,-4.940062999725341797e+00,-8.598236415856506942e-02,-6.082130981121315338e-01,1.533940070898798767e-02,0.000000000000000000e+00,0.000000000000000000e+00,0.000000000000000000e+00,0.000000000000000000e+00,0.000000000000000000e+00,0.000000000000000000e+00,0.000000000000000000e+00,8.276370849609375000e+02,8.276386108398437500e+02,8.276386108398437500e+02,8.276370849609375000e+02,-2.083799431188581139e+07
4.493999999999999773e+00,8.587182580531584064e-02,6.083944416283963985e-01,-1.533712748951772224e-02,-1.105383532492287824e-04,1.813435162648646681e-04,2.273219470265430697e-06,9.195533990859985352e-01,5.237238407135009766e+00,-4.940083503723144531e+00,-8.587182580531584064e-02,-6.083944416283963985e-01,1.533712748951772224e-02,0.000000000000000000e+00,0.000000000000000000e+00,0.000000000000000000e+00,0.000000000000000000e+00,0.000000000000000000e+00,0.000000000000000000e+00,0.000000000000000000e+00,8.276370849609375000e+02,8.276385498046875000e+02,8.276385498046875000e+02,8.276370849609375000e+02,-2.083799468963880464e+07
4.495000000000000107e+00,8.576114106550201954e-02,6.085756783852392937e-01,-1.533492643495744379e-02,-1.106847398138210981e-04,1.812367568428951969e-04,2.201054560278456473e-06,9.195587635040283203e-01,5.237261295318603516e+00,-4.940103054046630859e+00,-8.576114106550201954e-02,-6.085756783852392937e-01,1.533492643495744379e-02,0.000000000000000000e+00,0.000000000000000000e+00,0.000000000000000000e+00,0.000000000000000000e+00,0.000000000000000000e+00,0.000000000000000000e+00,0.000000000000000000e+00,8.276371459960937500e+02,8.276385498046875000e+02,8.276385498046875000e+02,8.276371459960937500e+02,-2.083799506759329513e+07
4.496000000000000441e+00,8.565028503822466610e-02,6.087568787969680484e-01,-1.533283331892281928e-02,-1.108560272773534416e-04,1.812004117287546734e-04,2.093116034624503685e-06,9.195638895034790039e-01,5.237282752990722656e+00,-4.940121173858642578e+00,-8.565028503822466610e-02,-6.087568787969680484e-01,1.533283331892281928e-02,0.000000000000000000e+00,0.000000000000000000e+00,0.000000000000000000e+00,0.000000000000000000e+00,0.000000000000000000e+00,0.000000000000000000e+00,0.000000000000000000e+00,8.276371459960937500e+02,8.276384887695312500e+02,8.276384887695312500e+02,8.276371459960937500e+02,-2.083799544574930146e+07
4.496999999999999886e+00,8.553927478034265008e-02,6.089380620375919317e-01,-1.533088492940670212e-02,-1.110102578820160169e-04,1.811832406238833570e-04,1.948389516117157716e-06,9.195694923400878906e-01,5.237306118011474609e+00,-4.940143108367919922e+00,-8.553927478034265008e-02,-6.089380620375919317e-01,1.533088492940670212e-02,0.000000000000000000e+00,0.000000000000000000e+00,0.000000000000000000e+00,0.000000000000000000e+00,0.000000000000000000e+00,0.000000000000000000e+00,0.000000000000000000e+00,8.276372070312500000e+02,8.276384277343750000e+02,8.276384887695312500e+02,8.276372070312500000e+02,-2.083799582410686836e+07
4.498000000000000220e+00,8.542810534606451456e-02,6.091191384443402912e-01,-1.532911202334202166e-02,-1.111694342781355260e-04,1.810764067483594530e-04,1.772906064680460081e-06,9.195743799209594727e-01,5.237326145172119141e+00,-4.940162658691406250e+00,-8.542810534606451456e-02,-6.091191384443402912e-01,1.532911202334202166e-02,0.000000000000000000e+00,0.000000000000000000e+00,0.000000000000000000e+00,0.000000000000000000e+00,0.000000000000000000e+00,0.000000000000000000e+00,0.000000000000000000e+00,8.276372680664062500e+02,8.276384277343750000e+02,8.276384277343750000e+02,8.276372680664062500e+02,-2.083799620266593620e+07
4.498999999999999666e+00,8.531677693797060091e-02,6.093002147178659955e-01,-1.532754969952250523e-02,-1.113284080939136444e-04,1.810762735257043232e-04,1.562323819516431289e-06,9.195801019668579102e-01,5.237349033355712891e+00,-4.940182685852050781e+00,-8.531677693797060091e-02,-6.093002147178659955e-01,1.532754969952250523e-02,0.000000000000000000e+00,0.000000000000000000e+00,0.000000000000000000e+00,0.000000000000000000e+00,0.000000000000000000e+00,0.000000000000000000e+00,0.000000000000000000e+00,8.276372680664062500e+02,8.276383666992187500e+02,8.276383666992187500e+02,8.276372680664062500e+02,-2.083799658142657578e+07
4.500000000000000000e+00,8.520528302189615821e-02,6.094811841123856100e-01,-1.532622619129586812e-02,-1.114939160744427005e-04,1.809693945196144682e-04,1.323508226637112872e-06,9.195853471755981445e-01,5.237371921539306641e+00,-4.940202236175537109e+00,-8.520528302189615821e-02,-6.094811841123856100e-01,1.532622619129586812e-02,0.000000000000000000e+00,0.000000000000000000e+00,0.000000000000000000e+00,0.000000000000000000e+00,0.000000000000000000e+00,0.000000000000000000e+00,0.000000000000000000e+00,8.276373291015625000e+02,8.276383056640625000e+02,8.276383056640625000e+02,8.276373291015625000e+02,-2.083799696038872376e+07
4.501000000000000334e+00,8.509363045347585752e-02,6.096621533304245055e-01,-1.532517329752196462e-02,-1.116525684203006907e-04,1.809692180388955407e-04,1.052893773903496033e-06,9.195903539657592773e-01,5.237393856048583984e+00,-4.940221786499023438e+00,-8.509363045347585752e-02,-6.096621533304245055e-01,1.532517329752196462e-02,0.000000000000000000e+00,0.000000000000000000e+00,0.000000000000000000e+00,0.000000000000000000e+00,0.000000000000000000e+00,0.000000000000000000e+00,0.000000000000000000e+00,8.276373901367187500e+02,8.276382446289062500e+02,8.276382446289062500e+02,8.276373901367187500e+02,-2.083799733955245093e+07
4.501999999999999780e+00,8.498182602085642412e-02,6.098430689915076419e-01,-1.532441435964096085e-02,-1.118044326194334026e-04,1.809156610831363921e-04,7.589378810037711309e-07,9.195957183837890625e-01,5.237415790557861328e+00,-4.940241813659667969e+00,-8.498182602085642412e-02,-6.098430689915076419e-01,1.532441435964096085e-02,0.000000000000000000e+00,0.000000000000000000e+00,0.000000000000000000e+00,0.000000000000000000e+00,0.000000000000000000e+00,0.000000000000000000e+00,0.000000000000000000e+00,8.276374511718750000e+02,8.276381835937500000e+02,8.276381835937500000e+02,8.276374511718750000e+02,-2.083799771891776845e+07
4.503000000000000114e+00,8.486986986857339432e-02,6.100238777124106226e-01,-1.532397768662767737e-02,-1.119561522830297973e-04,1.808087209029807241e-04,4.366730132834839573e-07,9.196010828018188477e-01,5.237437725067138672e+00,-4.940261363983154297e+00,-8.486986986857339432e-02,-6.100238777124106226e-01,1.532397768662767737e-02,0.000000000000000000e+00,0.000000000000000000e+00,0.000000000000000000e+00,0.000000000000000000e+00,0.000000000000000000e+00,0.000000000000000000e+00,0.000000000000000000e+00,8.276375122070312500e+02,8.276381225585937500e+02,8.276381225585937500e+02,8.276375122070312500e+02,-2.083799809848462045e+07
4.503999999999999559e+00,8.475777042261210814e-02,6.102046498289528387e-01,-1.532388422056538135e-02,-1.120994459612861816e-04,1.807721165422160325e-04,9.346606229601595039e-08,9.196062088012695312e-01,5.237458705902099609e+00,-4.940280437469482422e+00,-8.475777042261210814e-02,-6.102046498289528387e-01,1.532388422056538135e-02,0.000000000000000000e+00,0.000000000000000000e+00,0.000000000000000000e+00,0.000000000000000000e+00,0.000000000000000000e+00,0.000000000000000000e+00,0.000000000000000000e+00,8.276375732421875000e+02,8.276380615234375000e+02,8.276380615234375000e+02,8.276375732421875000e+02,-2.083799847825303674e+07
4.504999999999999893e+00,8.464553787583044275e-02,6.103854047019050544e-01,-1.532415403784024438e-02,-1.122325467816653877e-04,1.807548729522157061e-04,-2.698172748630267570e-07,9.196112155914306641e-01,5.237481594085693359e+00,-4.940299034118652344e+00,-8.464553787583044275e-02,-6.103854047019050544e-01,1.532415403784024438e-02,0.000000000000000000e+00,0.000000000000000000e+00,0.000000000000000000e+00,0.000000000000000000e+00,0.000000000000000000e+00,0.000000000000000000e+00,0.000000000000000000e+00,8.276376342773437500e+02,8.276380004882812500e+02,8.276380004882812500e+02,8.276376342773437500e+02,-2.083799885822307691e+07
4.506000000000000227e+00,8.453317393520010103e-02,6.105661059563682880e-01,-1.532480296300933742e-02,-1.123639406303417188e-04,1.807012544632335960e-04,-6.489251690930397665e-07,9.196166992187500000e-01,5.237503528594970703e+00,-4.940320491790771484e+00,-8.453317393520010103e-02,-6.105661059563682880e-01,1.532480296300933742e-02,0.000000000000000000e+00,0.000000000000000000e+00,0.000000000000000000e+00,0.000000000000000000e+00,0.000000000000000000e+00,0.000000000000000000e+00,0.000000000000000000e+00,8.276377563476562500e+02,8.276379394531250000e+02,8.276379394531250000e+02,8.276376953125000000e+02,-2.083799923839475214e+07
4.506999999999999673e+00,8.442069203105609376e-02,6.107468069437951286e-01,-1.532584611454489154e-02,-1.124819041440072720e-04,1.807009874268405980e-04,-1.043151535554120990e-06,9.196219444274902344e-01,5.237525463104248047e+00,-4.940337657928466797e+00,-8.442069203105609376e-02,-6.107468069437951286e-01,1.532584611454489154e-02,0.000000000000000000e+00,0.000000000000000000e+00,0.000000000000000000e+00,0.000000000000000000e+00,0.000000000000000000e+00,0.000000000000000000e+00,0.000000000000000000e+00,8.276378173828125000e+02,8.276378784179687500e+02,8.276378784179687500e+02,8.276378173828125000e+02,-2.083799961876814812e+07
4.508000000000000007e+00,8.430809888235395178e-02,6.109274009296833396e-01,-1.532729512191368694e-02,-1.125931487021419874e-04,1.805939858882110727e-04,-1.449007368795399153e-06,9.196269512176513672e-01,5.237546443939208984e+00,-4.940358161926269531e+00,-8.430809888235395178e-02,-6.109274009296833396e-01,1.532729512191368694e-02,0.000000000000000000e+00,0.000000000000000000e+00,0.000000000000000000e+00,0.000000000000000000e+00,0.000000000000000000e+00,0.000000000000000000e+00,0.000000000000000000e+00,8.276378784179687500e+02,8.276378173828125000e+02,8.276378173828125000e+02,8.276378784179687500e+02,-2.083799999934322014e+07
4.509000000000000341e+00,8.419540788290150179e-02,6.111079946348314529e-01,-1.532915680511673893e-02,-1.126909994524499803e-04,1.805937051481132372e-04,-1.861683203051994751e-06,9.196320772171020508e-01,5.237567901611328125e+00,-4.940377712249755859e+00,-8.419540788290150179e-02,-6.111079946348314529e-01,1.532915680511673893e-02,0.000000000000000000e+00,0.000000000000000000e+00,0.000000000000000000e+00,0.000000000000000000e+00,0.000000000000000000e+00,0.000000000000000000e+00,0.000000000000000000e+00,8.276379394531250000e+02,8.276377563476562500e+02,8.276377563476562500e+02,8.276379394531250000e+02,-2.083800038012005016e+07
4.509999999999999787e+00,8.408262574062205785e-02,6.112885880547116457e-01,-1.533143786969675890e-02,-1.127821422794439421e-04,1.805934198801928403e-04,-2.281064580019961929e-06,9.196373224258422852e-01,5.237589359283447266e+00,-4.940397262573242188e+00,-8.408262574062205785e-02,-6.112885880547116457e-01,1.533143786969675890e-02,0.000000000000000000e+00,0.000000000000000000e+00,0.000000000000000000e+00,0.000000000000000000e+00,0.000000000000000000e+00,0.000000000000000000e+00,0.000000000000000000e+00,8.276380004882812500e+02,8.276376342773437500e+02,8.276376953125000000e+02,8.276380004882812500e+02,-2.083800076109872758e+07
4.511000000000000121e+00,8.396977246091433256e-02,6.114691278248552964e-01,-1.533413838282127531e-02,-1.128532797077252958e-04,1.805397701436506352e-04,-2.700513124516412677e-06,9.196424484252929688e-01,5.237609863281250000e+00,-4.940416812896728516e+00,-8.396977246091433256e-02,-6.114691278248552964e-01,1.533413838282127531e-02,0.000000000000000000e+00,0.000000000000000000e+00,0.000000000000000000e+00,0.000000000000000000e+00,0.000000000000000000e+00,0.000000000000000000e+00,0.000000000000000000e+00,8.276380615234375000e+02,8.276375732421875000e+02,8.276375732421875000e+02,8.276380615234375000e+02,-2.083800114227928221e+07
4.511999999999999567e+00,8.385685640186169021e-02,6.116495774838343058e-01,-1.533725919562104432e-02,-1.129160590526423480e-04,1.804496589790094419e-04,-3.120812799769015489e-06,9.196475744247436523e-01,5.237631320953369141e+00,-4.940434932708740234e+00,-8.385685640186169021e-02,-6.116495774838343058e-01,1.533725919562104432e-02,0.000000000000000000e+00,0.000000000000000000e+00,0.000000000000000000e+00,0.000000000000000000e+00,0.000000000000000000e+00,0.000000000000000000e+00,0.000000000000000000e+00,8.276381225585937500e+02,8.276375122070312500e+02,8.276375122070312500e+02,8.276381225585937500e+02,-2.083800152366169170e+07
4.512999999999999901e+00,8.374388752260371327e-02,6.118300633107894848e-01,-1.534079378395873140e-02,-1.129688792579769396e-04,1.804858269551790073e-04,-3.534588337687077919e-06,9.196524620056152344e-01,5.237652301788330078e+00,-4.940454483032226562e+00,-8.374388752260371327e-02,-6.118300633107894848e-01,1.534079378395873140e-02,0.000000000000000000e+00,0.000000000000000000e+00,0.000000000000000000e+00,0.000000000000000000e+00,0.000000000000000000e+00,0.000000000000000000e+00,0.000000000000000000e+00,8.276381835937500000e+02,8.276374511718750000e+02,8.276374511718750000e+02,8.276381835937500000e+02,-2.083800190524609759e+07
4.514000000000000234e+00,8.363088747072915108e-02,6.120105488593858833e-01,-1.534473473239073710e-02,-1.130000518745621907e-04,1.804855485963985373e-04,-3.940948432005694779e-06,9.196578264236450195e-01,5.237673282623291016e+00,-4.940474033355712891e+00,-8.363088747072915108e-02,-6.120105488593858833e-01,1.534473473239073710e-02,0.000000000000000000e+00,0.000000000000000000e+00,0.000000000000000000e+00,0.000000000000000000e+00,0.000000000000000000e+00,0.000000000000000000e+00,0.000000000000000000e+00,8.276382446289062500e+02,8.276373901367187500e+02,8.276373901367187500e+02,8.276382446289062500e+02,-2.083800228703259677e+07
4.514999999999999680e+00,8.351786287400535247e-02,6.121910341360364827e-01,-1.534907373844911736e-02,-1.130245967237986093e-04,1.804852766505993245e-04,-4.339006058380265318e-06,9.196625947952270508e-01,5.237695693969726562e+00,-4.940493106842041016e+00,-8.351786287400535247e-02,-6.121910341360364827e-01,1.534907373844911736e-02,0.000000000000000000e+00,0.000000000000000000e+00,0.000000000000000000e+00,0.000000000000000000e+00,0.000000000000000000e+00,0.000000000000000000e+00,0.000000000000000000e+00,8.276383056640625000e+02,8.276373291015625000e+02,8.276373291015625000e+02,8.276383056640625000e+02,-2.083800266902128607e+07
4.516000000000000014e+00,8.340483366529607978e-02,6.123715191502362432e-01,-1.535379590061049238e-02,-1.130292087092726883e-04,1.804850141997604851e-04,-4.722162161375012546e-06,9.196676015853881836e-01,5.237715721130371094e+00,-4.940512657165527344e+00,-8.340483366529607978e-02,-6.123715191502362432e-01,1.535379590061049238e-02,0.000000000000000000e+00,0.000000000000000000e+00,0.000000000000000000e+00,0.000000000000000000e+00,0.000000000000000000e+00,0.000000000000000000e+00,0.000000000000000000e+00,8.276383666992187500e+02,8.276373291015625000e+02,8.276373291015625000e+02,8.276383666992187500e+02,-2.083800305121226981e+07
4.517000000000000348e+00,8.329180641988852274e-02,6.125519505512374563e-01,-1.535888453966021555e-02,-1.130272454075570421e-04,1.804314010012131320e-04,-5.088639049723175933e-06,9.196729660034179688e-01,5.237737655639648438e+00,-4.940530300140380859e+00,-8.329180641988852274e-02,-6.125519505512374563e-01,1.535888453966021555e-02,0.000000000000000000e+00,0.000000000000000000e+00,0.000000000000000000e+00,0.000000000000000000e+00,0.000000000000000000e+00,0.000000000000000000e+00,0.000000000000000000e+00,8.276384277343750000e+02,8.276372680664062500e+02,8.276372680664062500e+02,8.276384277343750000e+02,-2.083800343360558152e+07
4.517999999999999794e+00,8.317880772964691971e-02,6.127324350774165929e-01,-1.536431986499145128e-02,-1.129986902416030281e-04,1.804845261791365729e-04,-5.435325331235724144e-06,9.196776151657104492e-01,5.237759590148925781e+00,-4.940550327301025391e+00,-8.317880772964691971e-02,-6.127324350774165929e-01,1.536431986499145128e-02,0.000000000000000000e+00,0.000000000000000000e+00,0.000000000000000000e+00,0.000000000000000000e+00,0.000000000000000000e+00,0.000000000000000000e+00,0.000000000000000000e+00,8.276384277343750000e+02,8.276372070312500000e+02,8.276372070312500000e+02,8.276384277343750000e+02,-2.083800381620139629e+07
4.519000000000000128e+00,8.306583252606444812e-02,6.129128828473464630e-01,-1.537007926935453697e-02,-1.129752035824715950e-04,1.804477699298701054e-04,-5.759404363085696144e-06,9.196828603744506836e-01,5.237780570983886719e+00,-4.940569877624511719e+00,-8.306583252606444812e-02,-6.129128828473464630e-01,1.537007926935453697e-02,0.000000000000000000e+00,0.000000000000000000e+00,0.000000000000000000e+00,0.000000000000000000e+00,0.000000000000000000e+00,0.000000000000000000e+00,0.000000000000000000e+00,8.276384887695312500e+02,8.276371459960937500e+02,8.276371459960937500e+02,8.276384887695312500e+02,-2.083800419899976999e+07
4.519999999999999574e+00,8.295290392612778008e-02,6.130933669364252436e-01,-1.537614125689435590e-02,-1.129285999366680393e-04,1.804840890787806629e-04,-6.061987539818930459e-06,9.196879863739013672e-01,5.237799644470214844e+00,-4.940587043762207031e+00,-8.295290392612778008e-02,-6.130933669364252436e-01,1.537614125689435590e-02,0.000000000000000000e+00,0.000000000000000000e+00,0.000000000000000000e+00,0.000000000000000000e+00,0.000000000000000000e+00,0.000000000000000000e+00,0.000000000000000000e+00,8.276385498046875000e+02,8.276371459960937500e+02,8.276371459960937500e+02,8.276385498046875000e+02,-2.083800458200085536e+07
4.520999999999999908e+00,8.284004351576199077e-02,6.132739042013990449e-01,-1.538247677084539529e-02,-1.128604103657893099e-04,1.805372649738012925e-04,-6.335513951039387082e-06,9.196931123733520508e-01,5.237821578979492188e+00,-4.940607547760009766e+00,-8.284004351576199077e-02,-6.132739042013990449e-01,1.538247677084539529e-02,0.000000000000000000e+00,0.000000000000000000e+00,0.000000000000000000e+00,0.000000000000000000e+00,0.000000000000000000e+00,0.000000000000000000e+00,0.000000000000000000e+00,8.276385498046875000e+02,8.276370849609375000e+02,8.276370849609375000e+02,8.276385498046875000e+02,-2.083800496520483121e+07
4.522000000000000242e+00,8.272725781604148287e-02,6.134544412983125028e-01,-1.538905912689694788e-02,-1.127856997205078926e-04,1.805370969134578729e-04,-6.582356051552593068e-06,9.196977615356445312e-01,5.237844467163085938e+00,-4.940627574920654297e+00,-8.272725781604148287e-02,-6.134544412983125028e-01,1.538905912689694788e-02,0.000000000000000000e+00,0.000000000000000000e+00,0.000000000000000000e+00,0.000000000000000000e+00,0.000000000000000000e+00,0.000000000000000000e+00,0.000000000000000000e+00,8.276386108398437500e+02,8.276370849609375000e+02,8.276370849609375000e+02,8.276385498046875000e+02,-2.083800534861180559e+07
4.522999999999999687e+00,8.261455332886095959e-02,6.136349782498323746e-01,-1.539585667677981218e-02,-1.127044871805232829e-04,1.805369515198718133e-04,-6.797549882864295512e-06,9.197028875350952148e-01,5.237864017486572266e+00,-4.940644741058349609e+00,-8.261455332886095959e-02,-6.136349782498323746e-01,1.539585667677981218e-02,0.000000000000000000e+00,0.000000000000000000e+00,0.000000000000000000e+00,0.000000000000000000e+00,0.000000000000000000e+00,0.000000000000000000e+00,0.000000000000000000e+00,8.276386108398437500e+02,8.276370849609375000e+02,8.276370849609375000e+02,8.276386108398437500e+02,-2.083800573222189024e+07
4.524000000000000021e+00,8.250194323410547925e-02,6.138155684407632373e-01,-1.540283784652872121e-02,-1.126100947554803389e-04,1.805901909308627040e-04,-6.981169748909027417e-06,9.197080135345458984e-01,5.237885475158691406e+00,-4.940664291381835938e+00,-8.250194323410547925e-02,-6.138155684407632373e-01,1.540283784652872121e-02,0.000000000000000000e+00,0.000000000000000000e+00,0.000000000000000000e+00,0.000000000000000000e+00,0.000000000000000000e+00,0.000000000000000000e+00,0.000000000000000000e+00,8.276386108398437500e+02,8.276370239257812500e+02,8.276370239257812500e+02,8.276386108398437500e+02,-2.083800611603526026e+07
4.525000000000000355e+00,8.238944736514343392e-02,6.139962118929767065e-01,-1.540996939171010958e-02,-1.124958689620453312e-04,1.806434522134692244e-04,-7.131545181388379562e-06,9.197132587432861328e-01,5.237906455993652344e+00,-4.940684318542480469e+00,-8.238944736514343392e-02,-6.139962118929767065e-01,1.540996939171010958e-02,0.000000000000000000e+00,0.000000000000000000e+00,0.000000000000000000e+00,0.000000000000000000e+00,0.000000000000000000e+00,0.000000000000000000e+00,0.000000000000000000e+00,8.276386108398437500e+02,8.276370239257812500e+02,8.276370239257812500e+02,8.276386108398437500e+02,-2.083800650005209818e+07
4.525999999999999801e+00,8.227706551826623194e-02,6.141768552700752615e-01,-1.541721458712879723e-02,-1.123818468772019852e-04,1.806433770985549359e-04,-7.245195418687649935e-06,9.197179079055786133e-01,5.237928390502929688e+00,-4.940702438354492188e+00,-8.227706551826623194e-02,-6.141768552700752615e-01,1.541721458712879723e-02,0.000000000000000000e+00,0.000000000000000000e+00,0.000000000000000000e+00,0.000000000000000000e+00,0.000000000000000000e+00,0.000000000000000000e+00,0.000000000000000000e+00,8.276386108398437500e+02,8.276370239257812500e+02,8.276370239257812500e+02,8.276386108398437500e+02,-2.083800688427251205e+07
4.527000000000000135e+00,8.216481265045952331e-02,6.143575153344500439e-01,-1.542454100147724882e-02,-1.122528678067086227e-04,1.806600643747824364e-04,-7.326414348451590342e-06,9.197227954864501953e-01,5.237948417663574219e+00,-4.940720558166503906e+00,-8.216481265045952331e-02,-6.143575153344500439e-01,1.542454100147724882e-02,0.000000000000000000e+00,0.000000000000000000e+00,0.000000000000000000e+00,0.000000000000000000e+00,0.000000000000000000e+00,0.000000000000000000e+00,0.000000000000000000e+00,8.276386108398437500e+02,8.276370239257812500e+02,8.276370239257812500e+02,8.276386108398437500e+02,-2.083800726869664341e+07
4.527999999999999581e+00,8.205269166913602141e-02,6.145382653473319134e-01,-1.543191036295094888e-02,-1.121209813235019004e-04,1.807500128818695373e-04,-7.369361473700056231e-06,9.197285175323486328e-01,5.237969398498535156e+00,-4.940740585327148438e+00,-8.205269166913602141e-02,-6.145382653473319134e-01,1.543191036295094888e-02,0.000000000000000000e+00,0.000000000000000000e+00,0.000000000000000000e+00,0.000000000000000000e+00,0.000000000000000000e+00,0.000000000000000000e+00,0.000000000000000000e+00,8.276386108398437500e+02,8.276370849609375000e+02,8.276370849609375000e+02,8.276386108398437500e+02,-2.083800765332471207e+07
4.528999999999999915e+00,8.194072416886684362e-02,6.147190687199772796e-01,-1.543928690287922796e-02,-1.119675002691777888e-04,1.808033726453661671e-04,-7.376539928279080005e-06,9.197334051132202148e-01,5.237991333007812500e+00,-4.940760612487792969e+00,-8.194072416886684362e-02,-6.147190687199772796e-01,1.543928690287922796e-02,0.000000000000000000e+00,0.000000000000000000e+00,0.000000000000000000e+00,0.000000000000000000e+00,0.000000000000000000e+00,0.000000000000000000e+00,0.000000000000000000e+00,8.276386108398437500e+02,8.276370849609375000e+02,8.276370849609375000e+02,8.276386108398437500e+02,-2.083800803815690055e+07
4.530000000000000249e+00,8.182889661203386622e-02,6.148999254803004799e-01,-1.544663386308177920e-02,-1.118275568329774039e-04,1.808567603232003052e-04,-7.346960202551239272e-06,9.197384119033813477e-01,5.238012790679931641e+00,-4.940778255462646484e+00,-8.182889661203386622e-02,-6.148999254803004799e-01,1.544663386308177920e-02,0.000000000000000000e+00,0.000000000000000000e+00,0.000000000000000000e+00,0.000000000000000000e+00,0.000000000000000000e+00,0.000000000000000000e+00,0.000000000000000000e+00,8.276385498046875000e+02,8.276370849609375000e+02,8.276370849609375000e+02,8.276385498046875000e+02,-2.083800842319338396e+07
4.530999999999999694e+00,8.171722213457607853e-02,6.150807822894340804e-01,-1.545391459033915518e-02,-1.116744774577876909e-04,1.808568091336004713e-04,-7.280727257375982364e-06,9.197434186935424805e-01,5.238033771514892578e+00,-4.940798759460449219e+00,-8.171722213457607853e-02,-6.150807822894340804e-01,1.545391459033915518e-02,0.000000000000000000e+00,0.000000000000000000e+00,0.000000000000000000e+00,0.000000000000000000e+00,0.000000000000000000e+00,0.000000000000000000e+00,0.000000000000000000e+00,8.276385498046875000e+02,8.276371459960937500e+02,8.276371459960937500e+02,8.276385498046875000e+02,-2.083800880843428150e+07
4.532000000000000028e+00,8.160571391353550752e-02,6.152617458954261487e-01,-1.546109588127047782e-02,-1.115082210405710095e-04,1.809636059920682882e-04,-7.181290931322636961e-06,9.197483062744140625e-01,5.238055229187011719e+00,-4.940815925598144531e+00,-8.160571391353550752e-02,-6.152617458954261487e-01,1.546109588127047782e-02,0.000000000000000000e+00,0.000000000000000000e+00,0.000000000000000000e+00,0.000000000000000000e+00,0.000000000000000000e+00,0.000000000000000000e+00,0.000000000000000000e+00,8.276384887695312500e+02,8.276371459960937500e+02,8.276371459960937500e+02,8.276384887695312500e+02,-2.083800919387983531e+07
4.533000000000000362e+00,8.149435838603658055e-02,6.154427096006651610e-01,-1.546813923379519035e-02,-1.113555274989269650e-04,1.809637052390122847e-04,-7.043352524712526153e-06,9.197534322738647461e-01,5.238075256347656250e+00,-4.940835952758789062e+00,-8.149435838603658055e-02,-6.154427096006651610e-01,1.546813923379519035e-02,0.000000000000000000e+00,0.000000000000000000e+00,0.000000000000000000e+00,0.000000000000000000e+00,0.000000000000000000e+00,0.000000000000000000e+00,0.000000000000000000e+00,8.276384887695312500e+02,8.276372070312500000e+02,8.276372070312500000e+02,8.276384887695312500e+02,-2.083800957953015715e+07
4.533999999999999808e+00,8.138316206724575952e-02,6.156237801526239783e-01,-1.547501307612044776e-02,-1.111963187908210360e-04,1.810705519588173829e-04,-6.873842325257409347e-06,9.197585582733154297e-01,5.238097190856933594e+00,-4.940855979919433594e+00,-8.138316206724575952e-02,-6.156237801526239783e-01,1.547501307612044776e-02,0.000000000000000000e+00,0.000000000000000000e+00,0.000000000000000000e+00,0.000000000000000000e+00,0.000000000000000000e+00,0.000000000000000000e+00,0.000000000000000000e+00,8.276384277343750000e+02,8.276372680664062500e+02,8.276372680664062500e+02,8.276384277343750000e+02,-2.083800996538548917e+07
4.535000000000000142e+00,8.127213327068773252e-02,6.158048675020958429e-01,-1.548168319365104614e-02,-1.110287965580269987e-04,1.810873494718645560e-04,-6.670117530598387856e-06,9.197635650634765625e-01,5.238119125366210938e+00,-4.940873146057128906e+00,-8.127213327068773252e-02,-6.158048675020958429e-01,1.548168319365104614e-02,0.000000000000000000e+00,0.000000000000000000e+00,0.000000000000000000e+00,0.000000000000000000e+00,0.000000000000000000e+00,0.000000000000000000e+00,0.000000000000000000e+00,8.276383666992187500e+02,8.276372680664062500e+02,8.276372680664062500e+02,8.276383666992187500e+02,-2.083801035144596547e+07
4.535999999999999588e+00,8.116126148260090212e-02,6.159859917155779963e-01,-1.548811788273793573e-02,-1.108717880868304029e-04,1.811242134821533512e-04,-6.434689086889586185e-06,9.197684526443481445e-01,5.238139629364013672e+00,-4.940893173217773438e+00,-8.116126148260090212e-02,-6.159859917155779963e-01,1.548811788273793573e-02,0.000000000000000000e+00,0.000000000000000000e+00,0.000000000000000000e+00,0.000000000000000000e+00,0.000000000000000000e+00,0.000000000000000000e+00,0.000000000000000000e+00,8.276383056640625000e+02,8.276373291015625000e+02,8.276373291015625000e+02,8.276383056640625000e+02,-2.083801073771173880e+07
4.536999999999999922e+00,8.105054840735341493e-02,6.161672228388380690e-01,-1.549429134533346873e-02,-1.107130752474871915e-04,1.812311232600727351e-04,-6.173462595533002473e-06,9.197740554809570312e-01,5.238161563873291016e+00,-4.940912246704101562e+00,-8.105054840735341493e-02,-6.161672228388380690e-01,1.549429134533346873e-02,0.000000000000000000e+00,0.000000000000000000e+00,0.000000000000000000e+00,0.000000000000000000e+00,0.000000000000000000e+00,0.000000000000000000e+00,0.000000000000000000e+00,8.276382446289062500e+02,8.276373901367187500e+02,8.276373901367187500e+02,8.276382446289062500e+02,-2.083801112418305129e+07
4.538000000000000256e+00,8.093999385765113241e-02,6.163484541671484518e-01,-1.550017182187005474e-02,-1.105545497022825119e-04,1.812313283103827999e-04,-5.880476536586007330e-06,9.197794198989868164e-01,5.238183498382568359e+00,-4.940932273864746094e+00,-8.093999385765113241e-02,-6.163484541671484518e-01,1.550017182187005474e-02,0.000000000000000000e+00,0.000000000000000000e+00,0.000000000000000000e+00,0.000000000000000000e+00,0.000000000000000000e+00,0.000000000000000000e+00,0.000000000000000000e+00,8.276381835937500000e+02,8.276374511718750000e+02,8.276374511718750000e+02,8.276381835937500000e+02,-2.083801151086000726e+07
4.538999999999999702e+00,8.082959105175573089e-02,6.165297924432761034e-01,-1.550573600632108862e-02,-1.104028058954015235e-04,1.813382761276516320e-04,-5.564184451033876710e-06,9.197840690612792969e-01,5.238204002380371094e+00,-4.940951347351074219e+00,-8.082959105175573089e-02,-6.165297924432761034e-01,1.550573600632108862e-02,0.000000000000000000e+00,0.000000000000000000e+00,0.000000000000000000e+00,0.000000000000000000e+00,0.000000000000000000e+00,0.000000000000000000e+00,0.000000000000000000e+00,8.276381225585937500e+02,8.276375122070312500e+02,8.276375122070312500e+02,8.276381225585937500e+02,-2.083801189774284139e+07
4.540000000000000036e+00,8.071933316749943521e-02,6.167111309584555334e-01,-1.551095877378117112e-02,-1.102578842562956796e-04,1.813385151794300043e-04,-5.222767460082503033e-06,9.197890758514404297e-01,5.238226413726806641e+00,-4.940969944000244141e+00,-8.071933316749943521e-02,-6.167111309584555334e-01,1.551095877378117112e-02,0.000000000000000000e+00,0.000000000000000000e+00,0.000000000000000000e+00,0.000000000000000000e+00,0.000000000000000000e+00,0.000000000000000000e+00,0.000000000000000000e+00,8.276380615234375000e+02,8.276375732421875000e+02,8.276375732421875000e+02,8.276380615234375000e+02,-2.083801228483166173e+07
4.541000000000000369e+00,8.060920678835355180e-02,6.168925764514745502e-01,-1.551582345241301134e-02,-1.101263791458834129e-04,1.814454930190168014e-04,-4.864678631840216316e-06,9.197944402694702148e-01,5.238247394561767578e+00,-4.940990447998046875e+00,-8.060920678835355180e-02,-6.168925764514745502e-01,1.551582345241301134e-02,0.000000000000000000e+00,0.000000000000000000e+00,0.000000000000000000e+00,0.000000000000000000e+00,0.000000000000000000e+00,0.000000000000000000e+00,0.000000000000000000e+00,8.276380004882812500e+02,8.276376342773437500e+02,8.276376342773437500e+02,8.276380004882812500e+02,-2.083801267212669924e+07
4.541999999999999815e+00,8.049921366625728547e-02,6.170739854250610890e-01,-1.552030909275016295e-02,-1.099931220962663270e-04,1.814089735865387354e-04,-4.485640337151611257e-06,9.197996854782104492e-01,5.238268852233886719e+00,-4.941009998321533203e+00,-8.049921366625728547e-02,-6.170739854250610890e-01,1.552030909275016295e-02,0.000000000000000000e+00,0.000000000000000000e+00,0.000000000000000000e+00,0.000000000000000000e+00,0.000000000000000000e+00,0.000000000000000000e+00,0.000000000000000000e+00,8.276379394531250000e+02,8.276376953125000000e+02,8.276376953125000000e+02,8.276379394531250000e+02,-2.083801305962800607e+07
4.543000000000000149e+00,8.038934330845379228e-02,6.172554848097521196e-01,-1.552440241508197885e-02,-1.098703578034931905e-04,1.814993846910306630e-04,-4.093322331815904547e-06,9.198044538497924805e-01,5.238290309906005859e+00,-4.941027641296386719e+00,-8.038934330845379228e-02,-6.172554848097521196e-01,1.552440241508197885e-02,0.000000000000000000e+00,0.000000000000000000e+00,0.000000000000000000e+00,0.000000000000000000e+00,0.000000000000000000e+00,0.000000000000000000e+00,0.000000000000000000e+00,8.276378784179687500e+02,8.276377563476562500e+02,8.276377563476562500e+02,8.276378784179687500e+02,-2.083801344733579457e+07
4.543999999999999595e+00,8.027958418102615346e-02,6.174369844768693438e-01,-1.552809244176027621e-02,-1.097591274276388251e-04,1.814996671172242060e-04,-3.690026678297361751e-06,9.198095798492431641e-01,5.238312721252441406e+00,-4.941049098968505859e+00,-8.027958418102615346e-02,-6.174369844768693438e-01,1.552809244176027621e-02,0.000000000000000000e+00,0.000000000000000000e+00,0.000000000000000000e+00,0.000000000000000000e+00,0.000000000000000000e+00,0.000000000000000000e+00,0.000000000000000000e+00,8.276378173828125000e+02,8.276378784179687500e+02,8.276378784179687500e+02,8.276378173828125000e+02,-2.083801383525015786e+07
4.544999999999999929e+00,8.016992955658089337e-02,6.176185377974439117e-01,-1.553136750158794904e-02,-1.096546244452600849e-04,1.815533205745678558e-04,-3.275059827672829882e-06,9.198151826858520508e-01,5.238334178924560547e+00,-4.941069126129150391e+00,-8.016992955658089337e-02,-6.176185377974439117e-01,1.553136750158794904e-02,0.000000000000000000e+00,0.000000000000000000e+00,0.000000000000000000e+00,0.000000000000000000e+00,0.000000000000000000e+00,0.000000000000000000e+00,0.000000000000000000e+00,8.276377563476562500e+02,8.276379394531250000e+02,8.276379394531250000e+02,8.276377563476562500e+02,-2.083801422337125614e+07
4.546000000000000263e+00,8.006036607436721464e-02,6.178001447743660668e-01,-1.553422418775227999e-02,-1.095634822136787312e-04,1.816069769221551056e-04,-2.856686164330948796e-06,9.198200702667236328e-01,5.238357067108154297e+00,-4.941087245941162109e+00,-8.006036607436721464e-02,-6.178001447743660668e-01,1.553422418775227999e-02,0.000000000000000000e+00,0.000000000000000000e+00,0.000000000000000000e+00,0.000000000000000000e+00,0.000000000000000000e+00,0.000000000000000000e+00,0.000000000000000000e+00,8.276376953125000000e+02,8.276380004882812500e+02,8.276380004882812500e+02,8.276376953125000000e+02,-2.083801461169924960e+07
4.546999999999999709e+00,7.995087370320777542e-02,6.179818054113965786e-01,-1.553665905738194596e-02,-1.094923711594392168e-04,1.816606370305118290e-04,-2.434869629665964430e-06,9.198253154754638672e-01,5.238379478454589844e+00,-4.941108226776123047e+00,-7.995087370320777542e-02,-6.179818054113965786e-01,1.553665905738194596e-02,0.000000000000000000e+00,0.000000000000000000e+00,0.000000000000000000e+00,0.000000000000000000e+00,0.000000000000000000e+00,0.000000000000000000e+00,0.000000000000000000e+00,8.276376342773437500e+02,8.276380615234375000e+02,8.276380615234375000e+02,8.276376342773437500e+02,-2.083801500023429096e+07
4.548000000000000043e+00,7.984145242542511900e-02,6.181634129809875366e-01,-1.553867203603424840e-02,-1.094212777826564231e-04,1.816075695909580290e-04,-2.012978652302446769e-06,9.198304414749145508e-01,5.238399505615234375e+00,-4.941126823425292969e+00,-7.984145242542511900e-02,-6.181634129809875366e-01,1.553867203603424840e-02,0.000000000000000000e+00,0.000000000000000000e+00,0.000000000000000000e+00,0.000000000000000000e+00,0.000000000000000000e+00,0.000000000000000000e+00,0.000000000000000000e+00,8.276375732421875000e+02,8.276381225585937500e+02,8.276381225585937500e+02,8.276375122070312500e+02,-2.083801538897640258e+07
4.549000000000000377e+00,7.973208226931806364e-02,6.183451275717570805e-01,-1.554026646312172896e-02,-1.093701561070553607e-04,1.817145907695438822e-04,-1.594427087480559946e-06,9.198359251022338867e-01,5.238421440124511719e+00,-4.941146850585937500e+00,-7.973208226931806364e-02,-6.183451275717570805e-01,1.554026646312172896e-02,0.000000000000000000e+00,0.000000000000000000e+00,0.000000000000000000e+00,0.000000000000000000e+00,0.000000000000000000e+00,0.000000000000000000e+00,0.000000000000000000e+00,8.276374511718750000e+02,8.276381835937500000e+02,8.276381835937500000e+02,8.276374511718750000e+02,-2.083801577792580426e+07
4.549999999999999822e+00,7.962274517249690042e-02,6.185267522192954281e-01,-1.554144959218213204e-02,-1.093370968211632155e-04,1.816246475383476167e-04,-1.183129060403076416e-06,9.198410511016845703e-01,5.238443851470947266e+00,-4.941167831420898438e+00,-7.962274517249690042e-02,-6.185267522192954281e-01,1.554144959218213204e-02,0.000000000000000000e+00,0.000000000000000000e+00,0.000000000000000000e+00,0.000000000000000000e+00,0.000000000000000000e+00,0.000000000000000000e+00,0.000000000000000000e+00,8.276374511718750000e+02,8.276382446289062500e+02,8.276382446289062500e+02,8.276373901367187500e+02,-2.083801616708246619e+07
4.551000000000000156e+00,7.951343734159180276e-02,6.187084673732659024e-01,-1.554223156522613163e-02,-1.093078309050976582e-04,1.817151539704742191e-04,-7.819730439995870031e-07,9.198462963104248047e-01,5.238466739654541016e+00,-4.941186904907226562e+00,-7.951343734159180276e-02,-6.187084673732659024e-01,1.554223156522613163e-02,0.000000000000000000e+00,0.000000000000000000e+00,0.000000000000000000e+00,0.000000000000000000e+00,0.000000000000000000e+00,0.000000000000000000e+00,0.000000000000000000e+00,8.276373901367187500e+02,8.276383056640625000e+02,8.276383056640625000e+02,8.276373901367187500e+02,-2.083801655644658208e+07
4.551999999999999602e+00,7.940414742206519660e-02,6.188901294378240658e-01,-1.554262637969809277e-02,-1.092899195266061607e-04,1.816620645581634719e-04,-3.948144719611440534e-07,9.198517799377441406e-01,5.238489627838134766e+00,-4.941206932067871094e+00,-7.940414742206519660e-02,-6.188901294378240658e-01,1.554262637969809277e-02,0.000000000000000000e+00,0.000000000000000000e+00,0.000000000000000000e+00,0.000000000000000000e+00,0.000000000000000000e+00,0.000000000000000000e+00,0.000000000000000000e+00,8.276373291015625000e+02,8.276383666992187500e+02,8.276383666992187500e+02,8.276373291015625000e+02,-2.083801694601816684e+07
4.552999999999999936e+00,7.929484882721980765e-02,6.190718451313547144e-01,-1.554264897413759269e-02,-1.092985948453889522e-04,1.817156935306485366e-04,-2.259443949992334666e-08,9.198570251464843750e-01,5.238508224487304688e+00,-4.941227436065673828e+00,-7.929484882721980765e-02,-6.190718451313547144e-01,1.554264897413759269e-02,0.000000000000000000e+00,0.000000000000000000e+00,0.000000000000000000e+00,0.000000000000000000e+00,0.000000000000000000e+00,0.000000000000000000e+00,0.000000000000000000e+00,8.276372680664062500e+02,8.276384277343750000e+02,8.276384277343750000e+02,8.276372680664062500e+02,-2.083801733579736203e+07
4.554000000000000270e+00,7.918553496716063123e-02,6.192535610789919875e-01,-1.554231595127520717e-02,-1.093138600591764265e-04,1.817159476372731675e-04,3.330228623855263637e-07,9.198619127273559570e-01,5.238532543182373047e+00,-4.941246509552001953e+00,-7.918553496716063123e-02,-6.192535610789919875e-01,1.554231595127520717e-02,0.000000000000000000e+00,0.000000000000000000e+00,0.000000000000000000e+00,0.000000000000000000e+00,0.000000000000000000e+00,0.000000000000000000e+00,0.000000000000000000e+00,8.276372070312500000e+02,8.276384277343750000e+02,8.276384277343750000e+02,8.276372070312500000e+02,-2.083801772578424588e+07
4.554999999999999716e+00,7.907619261775504504e-02,6.194352239022076212e-01,-1.554165054834419184e-02,-1.093423494055861811e-04,1.816628232156336509e-04,6.654029310153297683e-07,9.198678731918334961e-01,5.238556385040283203e+00,-4.941267490386962891e+00,-7.907619261775504504e-02,-6.194352239022076212e-01,1.554165054834419184e-02,0.000000000000000000e+00,0.000000000000000000e+00,0.000000000000000000e+00,0.000000000000000000e+00,0.000000000000000000e+00,0.000000000000000000e+00,0.000000000000000000e+00,8.276371459960937500e+02,8.276384887695312500e+02,8.276384887695312500e+02,8.276371459960937500e+02,-2.083801811597882956e+07
4.556000000000000050e+00,7.896680190811788957e-02,6.196169403129784259e-01,-1.554067607730337530e-02,-1.093907096371554699e-04,1.817164107708046927e-04,9.744710408165352389e-07,9.198728799819946289e-01,5.238575935363769531e+00,-4.941286563873291016e+00,-7.896680190811788957e-02,-6.196169403129784259e-01,1.554067607730337530e-02,0.000000000000000000e+00,0.000000000000000000e+00,0.000000000000000000e+00,0.000000000000000000e+00,0.000000000000000000e+00,0.000000000000000000e+00,0.000000000000000000e+00,8.276371459960937500e+02,8.276385498046875000e+02,8.276385498046875000e+02,8.276371459960937500e+02,-2.083801850638125092e+07
4.557000000000000384e+00,7.885735159956343276e-02,6.197985666211147660e-01,-1.553941820874137417e-02,-1.094503085544568100e-04,1.816263081363400644e-04,1.257868562001135393e-06,9.198782444000244141e-01,5.238597869873046875e+00,-4.941307067871093750e+00,-7.885735159956343276e-02,-6.197985666211147660e-01,1.553941820874137417e-02,0.000000000000000000e+00,0.000000000000000000e+00,0.000000000000000000e+00,0.000000000000000000e+00,0.000000000000000000e+00,0.000000000000000000e+00,0.000000000000000000e+00,8.276370849609375000e+02,8.276385498046875000e+02,8.276385498046875000e+02,8.276370849609375000e+02,-2.083801889699146897e+07
4.557999999999999829e+00,7.874783790076107792e-02,6.199801766882461207e-01,-1.553790702127894226e-02,-1.095136988023548419e-04,1.816100671313547466e-04,1.511187462431909379e-06,9.198834896087646484e-01,5.238621711730957031e+00,-4.941324710845947266e+00,-7.874783790076107792e-02,-6.199801766882461207e-01,1.553790702127894226e-02,0.000000000000000000e+00,0.000000000000000000e+00,0.000000000000000000e+00,0.000000000000000000e+00,0.000000000000000000e+00,0.000000000000000000e+00,0.000000000000000000e+00,8.276370849609375000e+02,8.276385498046875000e+02,8.276386108398437500e+02,8.276370849609375000e+02,-2.083801928780953586e+07
4.559000000000000163e+00,7.863823626639317166e-02,6.201618402885564763e-01,-1.553616992820653665e-02,-1.096016343679062643e-04,1.816636003103555552e-04,1.737093072405604399e-06,9.198889732360839844e-01,5.238642692565917969e+00,-4.941347122192382812e+00,-7.863823626639317166e-02,-6.201618402885564763e-01,1.553616992820653665e-02,0.000000000000000000e+00,0.000000000000000000e+00,0.000000000000000000e+00,0.000000000000000000e+00,0.000000000000000000e+00,0.000000000000000000e+00,0.000000000000000000e+00,8.276370849609375000e+02,8.276386108398437500e+02,8.276386108398437500e+02,8.276370849609375000e+02,-2.083801967883558944e+07
4.559999999999999609e+00,7.852854017301295897e-02,6.203433973110376032e-01,-1.553423846715622919e-02,-1.096960933802126892e-04,1.815570224811269284e-04,1.931461050307461957e-06,9.198942184448242188e-01,5.238666057586669922e+00,-4.941366672515869141e+00,-7.852854017301295897e-02,-6.203433973110376032e-01,1.553423846715622919e-02,0.000000000000000000e+00,0.000000000000000000e+00,0.000000000000000000e+00,0.000000000000000000e+00,0.000000000000000000e+00,0.000000000000000000e+00,0.000000000000000000e+00,8.276370239257812500e+02,8.276386108398437500e+02,8.276386108398437500e+02,8.276370239257812500e+02,-2.083802007006956264e+07
4.560999999999999943e+00,7.841874316361566177e-02,6.205249544572959408e-01,-1.553214936231256914e-02,-1.097970093972971961e-04,1.815571462583376317e-04,2.089104843660052890e-06,9.198994636535644531e-01,5.238688468933105469e+00,-4.941386222839355469e+00,-7.841874316361566177e-02,-6.205249544572959408e-01,1.553214936231256914e-02,0.000000000000000000e+00,0.000000000000000000e+00,0.000000000000000000e+00,0.000000000000000000e+00,0.000000000000000000e+00,0.000000000000000000e+00,0.000000000000000000e+00,8.276370239257812500e+02,8.276386108398437500e+02,8.276386108398437500e+02,8.276370239257812500e+02,-2.083802046151152998e+07
4.562000000000000277e+00,7.830883205140444503e-02,6.207064583449571904e-01,-1.552993252112930614e-02,-1.099111122112167438e-04,1.815038876612495855e-04,2.216841183262999171e-06,9.199050664901733398e-01,5.238709926605224609e+00,-4.941406726837158203e+00,-7.830883205140444503e-02,-6.207064583449571904e-01,1.552993252112930614e-02,0.000000000000000000e+00,0.000000000000000000e+00,0.000000000000000000e+00,0.000000000000000000e+00,0.000000000000000000e+00,0.000000000000000000e+00,0.000000000000000000e+00,8.276370239257812500e+02,8.276386108398437500e+02,8.276386108398437500e+02,8.276370239257812500e+02,-2.083802085316148773e+07
4.562999999999999723e+00,7.819878704019726789e-02,6.208879623133305437e-01,-1.552762622610711837e-02,-1.100450112071771347e-04,1.815039683733532527e-04,2.306295022187765387e-06,9.199103116989135742e-01,5.238732337951660156e+00,-4.941426277160644531e+00,-7.819878704019726789e-02,-6.208879623133305437e-01,1.552762622610711837e-02,0.000000000000000000e+00,0.000000000000000000e+00,0.000000000000000000e+00,0.000000000000000000e+00,0.000000000000000000e+00,0.000000000000000000e+00,0.000000000000000000e+00,8.276370239257812500e+02,8.276386108398437500e+02,8.276386108398437500e+02,8.276370239257812500e+02,-2.083802124501950666e+07
4.564000000000000057e+00,7.808861498194785700e-02,6.210694129742467817e-01,-1.552526549587091714e-02,-1.101720582494108980e-04,1.814506609162380713e-04,2.360730236201230570e-06,9.199156761169433594e-01,5.238756179809570312e+00,-4.941447257995605469e+00,-7.808861498194785700e-02,-6.210694129742467817e-01,1.552526549587091714e-02,0.000000000000000000e+00,0.000000000000000000e+00,0.000000000000000000e+00,0.000000000000000000e+00,0.000000000000000000e+00,0.000000000000000000e+00,0.000000000000000000e+00,8.276370239257812500e+02,8.276386108398437500e+02,8.276386108398437500e+02,8.276370239257812500e+02,-2.083802163708558679e+07
4.565000000000000391e+00,7.797829808361167458e-02,6.212507199091211740e-01,-1.552288600832842612e-02,-1.103168983361824118e-04,1.813069348743923115e-04,2.379487542491023899e-06,9.199208021163940430e-01,5.238777160644531250e+00,-4.941466808319091797e+00,-7.797829808361167458e-02,-6.212507199091211740e-01,1.552288600832842612e-02,0.000000000000000000e+00,0.000000000000000000e+00,0.000000000000000000e+00,0.000000000000000000e+00,0.000000000000000000e+00,0.000000000000000000e+00,0.000000000000000000e+00,8.276370849609375000e+02,8.276386108398437500e+02,8.276386108398437500e+02,8.276370849609375000e+02,-2.083802202935962006e+07
4.565999999999999837e+00,7.786783918198314502e-02,6.214320638735402191e-01,-1.552052628717021793e-02,-1.104589016285295600e-04,1.813439644190451006e-04,2.359721158208191727e-06,9.199264049530029297e-01,5.238799095153808594e+00,-4.941486358642578125e+00,-7.786783918198314502e-02,-6.214320638735402191e-01,1.552052628717021793e-02,0.000000000000000000e+00,0.000000000000000000e+00,0.000000000000000000e+00,0.000000000000000000e+00,0.000000000000000000e+00,0.000000000000000000e+00,0.000000000000000000e+00,8.276370849609375000e+02,8.276385498046875000e+02,8.276385498046875000e+02,8.276370849609375000e+02,-2.083802242184171826e+07
4.567000000000000171e+00,7.775722714830803073e-02,6.216133544591362359e-01,-1.551822204619581966e-02,-1.106120336751142963e-04,1.812905855960167401e-04,2.304240974398269470e-06,9.199314117431640625e-01,5.238822460174560547e+00,-4.941506862640380859e+00,-7.775722714830803073e-02,-6.216133544591362359e-01,1.551822204619581966e-02,0.000000000000000000e+00,0.000000000000000000e+00,0.000000000000000000e+00,0.000000000000000000e+00,0.000000000000000000e+00,0.000000000000000000e+00,0.000000000000000000e+00,8.276370849609375000e+02,8.276385498046875000e+02,8.276385498046875000e+02,8.276370849609375000e+02,-2.083802281453188136e+07
4.567999999999999616e+00,7.764645549341529784e-02,6.217945916443664567e-01,-1.551600660064076341e-02,-1.107716548927328848e-04,1.812371852302208097e-04,2.215445555056247406e-06,9.199368953704833984e-01,5.238843441009521484e+00,-4.941526889801025391e+00,-7.764645549341529784e-02,-6.217945916443664567e-01,1.551600660064076341e-02,0.000000000000000000e+00,0.000000000000000000e+00,0.000000000000000000e+00,0.000000000000000000e+00,0.000000000000000000e+00,0.000000000000000000e+00,0.000000000000000000e+00,8.276371459960937500e+02,8.276384887695312500e+02,8.276384887695312500e+02,8.276371459960937500e+02,-2.083802320743011311e+07
4.568999999999999950e+00,7.753552443371690417e-02,6.219758287667563890e-01,-1.551391834093428755e-02,-1.109310596983936748e-04,1.812371223899322814e-04,2.088259706475859012e-06,9.199423789978027344e-01,5.238866806030273438e+00,-4.941546440124511719e+00,-7.753552443371690417e-02,-6.219758287667563890e-01,1.551391834093428755e-02,0.000000000000000000e+00,0.000000000000000000e+00,0.000000000000000000e+00,0.000000000000000000e+00,0.000000000000000000e+00,0.000000000000000000e+00,0.000000000000000000e+00,8.276372070312500000e+02,8.276384887695312500e+02,8.276384887695312500e+02,8.276372070312500000e+02,-2.083802360053648427e+07
4.570000000000000284e+00,7.742443413526546581e-02,6.221569590777628056e-01,-1.551199054598583101e-02,-1.110902984514383629e-04,1.811303110064166333e-04,1.927794948456545976e-06,9.199475049972534180e-01,5.238887786865234375e+00,-4.941567420959472656e+00,-7.742443413526546581e-02,-6.221569590777628056e-01,1.551199054598583101e-02,0.000000000000000000e+00,0.000000000000000000e+00,0.000000000000000000e+00,0.000000000000000000e+00,0.000000000000000000e+00,0.000000000000000000e+00,0.000000000000000000e+00,8.276372070312500000e+02,8.276384277343750000e+02,8.276384277343750000e+02,8.276372070312500000e+02,-2.083802399385093153e+07
4.570999999999999730e+00,7.731317811735839707e-02,6.223380359194441436e-01,-1.551025656725938534e-02,-1.112560179070687383e-04,1.810768416813379744e-04,1.733978726445664642e-06,9.199526309967041016e-01,5.238909721374511719e+00,-4.941586971282958984e+00,-7.731317811735839707e-02,-6.223380359194441436e-01,1.551025656725938534e-02,0.000000000000000000e+00,0.000000000000000000e+00,0.000000000000000000e+00,0.000000000000000000e+00,0.000000000000000000e+00,0.000000000000000000e+00,0.000000000000000000e+00,8.276372680664062500e+02,8.276383666992187500e+02,8.276383666992187500e+02,8.276372680664062500e+02,-2.083802438737345859e+07
4.572000000000000064e+00,7.720176528802812077e-02,6.225190221627543430e-01,-1.550874559398458113e-02,-1.114128293302762973e-04,1.809862433101994128e-04,1.510973274804205957e-06,9.199579954147338867e-01,5.238932609558105469e+00,-4.941604137420654297e+00,-7.720176528802812077e-02,-6.225190221627543430e-01,1.550874559398458113e-02,0.000000000000000000e+00,0.000000000000000000e+00,0.000000000000000000e+00,0.000000000000000000e+00,0.000000000000000000e+00,0.000000000000000000e+00,0.000000000000000000e+00,8.276373291015625000e+02,8.276383666992187500e+02,8.276383666992187500e+02,8.276373291015625000e+02,-2.083802478110402450e+07
4.573000000000000398e+00,7.709019167986749799e-02,6.226999919933157157e-01,-1.550749103643567044e-02,-1.115736081606227836e-04,1.809698305613727243e-04,1.254557548910698039e-06,9.199634790420532227e-01,5.238955497741699219e+00,-4.941627502441406250e+00,-7.709019167986749799e-02,-6.226999919933157157e-01,1.550749103643567044e-02,0.000000000000000000e+00,0.000000000000000000e+00,0.000000000000000000e+00,0.000000000000000000e+00,0.000000000000000000e+00,0.000000000000000000e+00,0.000000000000000000e+00,8.276373901367187500e+02,8.276383056640625000e+02,8.276383056640625000e+02,8.276373901367187500e+02,-2.083802517504268512e+07
4.573999999999999844e+00,7.697845951518199337e-02,6.228809082951124454e-01,-1.550652037997154488e-02,-1.117321646855046202e-04,1.809163017967296838e-04,9.706564641255577275e-07,9.199688434600830078e-01,5.238976478576660156e+00,-4.941646099090576172e+00,-7.697845951518199337e-02,-6.228809082951124454e-01,1.550652037997154488e-02,0.000000000000000000e+00,0.000000000000000000e+00,0.000000000000000000e+00,0.000000000000000000e+00,0.000000000000000000e+00,0.000000000000000000e+00,0.000000000000000000e+00,8.276374511718750000e+02,8.276382446289062500e+02,8.276382446289062500e+02,8.276374511718750000e+02,-2.083802556918944791e+07
4.575000000000000178e+00,7.686657559265668016e-02,6.230617710524514186e-01,-1.550585700669247606e-02,-1.118839225253132064e-04,1.808627573389731680e-04,6.633732790688184888e-07,9.199740886688232422e-01,5.238996982574462891e+00,-4.941665172576904297e+00,-7.686657559265668016e-02,-6.230617710524514186e-01,1.550585700669247606e-02,0.000000000000000000e+00,0.000000000000000000e+00,0.000000000000000000e+00,0.000000000000000000e+00,0.000000000000000000e+00,0.000000000000000000e+00,0.000000000000000000e+00,8.276375122070312500e+02,8.276381835937500000e+02,8.276381835937500000e+02,8.276375122070312500e+02,-2.083802596354432032e+07
4.575999999999999623e+00,7.675455339967114654e-02,6.232425802466236009e-01,-1.550552767022518943e-02,-1.120221929855336196e-04,1.808091941721823304e-04,3.293364672866255782e-07,9.199793338775634766e-01,5.239018917083740234e+00,-4.941684722900390625e+00,-7.675455339967114654e-02,-6.232425802466236009e-01,1.550552767022518943e-02,0.000000000000000000e+00,0.000000000000000000e+00,0.000000000000000000e+00,0.000000000000000000e+00,0.000000000000000000e+00,0.000000000000000000e+00,0.000000000000000000e+00,8.276375732421875000e+02,8.276381225585937500e+02,8.276381225585937500e+02,8.276375732421875000e+02,-2.083802635810731724e+07
4.576999999999999957e+00,7.664237970458512295e-02,6.234233892313206793e-01,-1.550555067692930070e-02,-1.121736950860235948e-04,1.808089846970784009e-04,-2.300670411126137793e-08,9.199843406677246094e-01,5.239040851593017578e+00,-4.941704273223876953e+00,-7.664237970458512295e-02,-6.234233892313206793e-01,1.550555067692930070e-02,0.000000000000000000e+00,0.000000000000000000e+00,0.000000000000000000e+00,0.000000000000000000e+00,0.000000000000000000e+00,0.000000000000000000e+00,0.000000000000000000e+00,8.276376342773437500e+02,8.276380615234375000e+02,8.276380615234375000e+02,8.276376342773437500e+02,-2.083802675287851691e+07
4.578000000000000291e+00,7.653008128398137988e-02,6.236040912642974998e-01,-1.550594611101147047e-02,-1.122984206037430654e-04,1.807020329768205258e-04,-3.954340821697710506e-07,9.199892282485961914e-01,5.239063739776611328e+00,-4.941724300384521484e+00,-7.653008128398137988e-02,-6.236040912642974998e-01,1.550594611101147047e-02,0.000000000000000000e+00,0.000000000000000000e+00,0.000000000000000000e+00,0.000000000000000000e+00,0.000000000000000000e+00,0.000000000000000000e+00,0.000000000000000000e+00,8.276376953125000000e+02,8.276379394531250000e+02,8.276380004882812500e+02,8.276376953125000000e+02,-2.083802714785786718e+07
4.578999999999999737e+00,7.641765823692005244e-02,6.237847930630765481e-01,-1.550672905203704689e-02,-1.124230470613274413e-04,1.807017987790482394e-04,-7.829410255764251980e-07,9.199945926666259766e-01,5.239085197448730469e+00,-4.941744804382324219e+00,-7.641765823692005244e-02,-6.237847930630765481e-01,1.550672905203704689e-02,0.000000000000000000e+00,0.000000000000000000e+00,0.000000000000000000e+00,0.000000000000000000e+00,0.000000000000000000e+00,0.000000000000000000e+00,0.000000000000000000e+00,8.276377563476562500e+02,8.276378784179687500e+02,8.276378784179687500e+02,8.276377563476562500e+02,-2.083802754304545373e+07
4.580000000000000071e+00,7.630511274808908506e-02,6.239654040630832066e-01,-1.550791027370272517e-02,-1.125454888309673773e-04,1.806110000066585286e-04,-1.181221665678272581e-06,9.199999570846557617e-01,5.239105701446533203e+00,-4.941762924194335938e+00,-7.630511274808908506e-02,-6.239654040630832066e-01,1.550791027370272517e-02,0.000000000000000000e+00,0.000000000000000000e+00,0.000000000000000000e+00,0.000000000000000000e+00,0.000000000000000000e+00,0.000000000000000000e+00,0.000000000000000000e+00,8.276378173828125000e+02,8.276378173828125000e+02,8.276378173828125000e+02,8.276378173828125000e+02,-2.083802793844124302e+07
4.581000000000000405e+00,7.619246731708853582e-02,6.241459986329549459e-01,-1.550950332061982323e-02,-1.126454310005492454e-04,1.805945698717392744e-04,-1.593046917098064896e-06,9.200052022933959961e-01,5.239127159118652344e+00,-4.941781997680664062e+00,-7.619246731708853582e-02,-6.241459986329549459e-01,1.550950332061982323e-02,0.000000000000000000e+00,0.000000000000000000e+00,0.000000000000000000e+00,0.000000000000000000e+00,0.000000000000000000e+00,0.000000000000000000e+00,0.000000000000000000e+00,8.276378784179687500e+02,8.276377563476562500e+02,8.276377563476562500e+02,8.276378784179687500e+02,-2.083802833404530585e+07
4.581999999999999851e+00,7.607973077171371890e-02,6.243265929489520971e-01,-1.551151240400042673e-02,-1.127365453748169211e-04,1.805943159971512557e-04,-2.009083380603501889e-06,9.200098514556884766e-01,5.239149570465087891e+00,-4.941801071166992188e+00,-7.607973077171371890e-02,-6.243265929489520971e-01,1.551151240400042673e-02,0.000000000000000000e+00,0.000000000000000000e+00,0.000000000000000000e+00,0.000000000000000000e+00,0.000000000000000000e+00,0.000000000000000000e+00,0.000000000000000000e+00,8.276379394531250000e+02,8.276376953125000000e+02,8.276376953125000000e+02,8.276379394531250000e+02,-2.083802872985773161e+07
4.583000000000000185e+00,7.596691646511315177e-02,6.245071336451288868e-01,-1.551394089586004103e-02,-1.128143066005671269e-04,1.805406961767896945e-04,-2.428491859614301251e-06,9.200152158737182617e-01,5.239171028137207031e+00,-4.941821098327636719e+00,-7.596691646511315177e-02,-6.245071336451288868e-01,1.551394089586004103e-02,0.000000000000000000e+00,0.000000000000000000e+00,0.000000000000000000e+00,0.000000000000000000e+00,0.000000000000000000e+00,0.000000000000000000e+00,0.000000000000000000e+00,8.276380615234375000e+02,8.276376342773437500e+02,8.276376342773437500e+02,8.276380004882812500e+02,-2.083802912587854639e+07
4.583999999999999631e+00,7.585403108656335602e-02,6.246876740839671927e-01,-1.551679053542799440e-02,-1.128853785497957452e-04,1.805404388383058389e-04,-2.849639567953365926e-06,9.200202226638793945e-01,5.239192008972167969e+00,-4.941839218139648438e+00,-7.585403108656335602e-02,-6.246876740839671927e-01,1.551679053542799440e-02,0.000000000000000000e+00,0.000000000000000000e+00,0.000000000000000000e+00,0.000000000000000000e+00,0.000000000000000000e+00,0.000000000000000000e+00,0.000000000000000000e+00,8.276381225585937500e+02,8.276375732421875000e+02,8.276375732421875000e+02,8.276381225585937500e+02,-2.083802952210783958e+07
4.584999999999999964e+00,7.574108795287305684e-02,6.248681609039442586e-01,-1.552005802455943412e-02,-1.129431336902991800e-04,1.804868199770659487e-04,-3.267489131439718641e-06,9.200254678726196289e-01,5.239214420318603516e+00,-4.941857814788818359e+00,-7.574108795287305684e-02,-6.248681609039442586e-01,1.552005802455943412e-02,0.000000000000000000e+00,0.000000000000000000e+00,0.000000000000000000e+00,0.000000000000000000e+00,0.000000000000000000e+00,0.000000000000000000e+00,0.000000000000000000e+00,8.276381835937500000e+02,8.276375122070312500e+02,8.276375122070312500e+02,8.276381835937500000e+02,-2.083802991854564101e+07
4.586000000000000298e+00,7.562810036914954792e-02,6.250486474732610542e-01,-1.552373513327484980e-02,-1.129875837235089220e-04,1.804865693167956309e-04,-3.677108715415683404e-06,9.200305938720703125e-01,5.239235401153564453e+00,-4.941879749298095703e+00,-7.562810036914954792e-02,-6.250486474732610542e-01,1.552373513327484980e-02,0.000000000000000000e+00,0.000000000000000000e+00,0.000000000000000000e+00,0.000000000000000000e+00,0.000000000000000000e+00,0.000000000000000000e+00,0.000000000000000000e+00,8.276382446289062500e+02,8.276374511718750000e+02,8.276374511718750000e+02,8.276382446289062500e+02,-2.083803031519204751e+07
4.586999999999999744e+00,7.551508381595777031e-02,6.252290965256952493e-01,-1.552781439916845613e-02,-1.130165531917776134e-04,1.804490524341950675e-04,-4.079265893606326410e-06,9.200357198715209961e-01,5.239255905151367188e+00,-4.941897392272949219e+00,-7.551508381595777031e-02,-6.252290965256952493e-01,1.552781439916845613e-02,0.000000000000000000e+00,0.000000000000000000e+00,0.000000000000000000e+00,0.000000000000000000e+00,0.000000000000000000e+00,0.000000000000000000e+00,0.000000000000000000e+00,8.276383056640625000e+02,8.276373901367187500e+02,8.276373901367187500e+02,8.276383056640625000e+02,-2.083803071204711124e+07
4.588000000000000078e+00,7.540205389192830565e-02,6.254095825979654188e-01,-1.553228431948114503e-02,-1.130299240294646568e-04,1.804860722701695508e-04,-4.469920312688904773e-06,9.200407266616821289e-01,5.239275932312011719e+00,-4.941916942596435547e+00,-7.540205389192830565e-02,-6.254095825979654188e-01,1.553228431948114503e-02,0.000000000000000000e+00,0.000000000000000000e+00,0.000000000000000000e+00,0.000000000000000000e+00,0.000000000000000000e+00,0.000000000000000000e+00,0.000000000000000000e+00,8.276383056640625000e+02,8.276373291015625000e+02,8.276373291015625000e+02,8.276383056640625000e+02,-2.083803110911097750e+07
4.589000000000000412e+00,7.528902601744363876e-02,6.255900150767770285e-01,-1.553712905908345362e-02,-1.130278744846668904e-04,1.804324788116096201e-04,-4.844739602308592574e-06,9.200457334518432617e-01,5.239297389984130859e+00,-4.941935539245605469e+00,-7.528902601744363876e-02,-6.255900150767770285e-01,1.553712905908345362e-02,0.000000000000000000e+00,0.000000000000000000e+00,0.000000000000000000e+00,0.000000000000000000e+00,0.000000000000000000e+00,0.000000000000000000e+00,0.000000000000000000e+00,8.276383666992187500e+02,8.276372680664062500e+02,8.276372680664062500e+02,8.276383666992187500e+02,-2.083803150638368353e+07
4.589999999999999858e+00,7.517601345964081139e-02,6.257705006988588670e-01,-1.554233208527048583e-02,-1.130125578028273736e-04,1.804856220818384926e-04,-5.203026187032208649e-06,9.200509786605834961e-01,5.239319801330566406e+00,-4.941955089569091797e+00,-7.517601345964081139e-02,-6.257705006988588670e-01,1.554233208527048583e-02,0.000000000000000000e+00,0.000000000000000000e+00,0.000000000000000000e+00,0.000000000000000000e+00,0.000000000000000000e+00,0.000000000000000000e+00,0.000000000000000000e+00,8.276384277343750000e+02,8.276372070312500000e+02,8.276372070312500000e+02,8.276384277343750000e+02,-2.083803190386540070e+07
4.591000000000000192e+00,7.506302275528091428e-02,6.259509861164425093e-01,-1.554787005293458736e-02,-1.129907043598971095e-04,1.804854175836423380e-04,-5.537967664101528520e-06,9.200555086135864258e-01,5.239338874816894531e+00,-4.941974163055419922e+00,-7.506302275528091428e-02,-6.259509861164425093e-01,1.554787005293458736e-02,0.000000000000000000e+00,0.000000000000000000e+00,0.000000000000000000e+00,0.000000000000000000e+00,0.000000000000000000e+00,0.000000000000000000e+00,0.000000000000000000e+00,8.276384887695312500e+02,8.276372070312500000e+02,8.276372070312500000e+02,8.276384887695312500e+02,-2.083803230155622959e+07
4.591999999999999638e+00,7.495007380783019757e-02,6.261314713409475985e-01,-1.555372306033728225e-02,-1.129489474507167079e-04,1.804852245050891923e-04,-5.853007402694884731e-06,9.200608730316162109e-01,5.239361286163330078e+00,-4.941991806030273438e+00,-7.495007380783019757e-02,-6.261314713409475985e-01,1.555372306033728225e-02,0.000000000000000000e+00,0.000000000000000000e+00,0.000000000000000000e+00,0.000000000000000000e+00,0.000000000000000000e+00,0.000000000000000000e+00,0.000000000000000000e+00,8.276384887695312500e+02,8.276371459960937500e+02,8.276371459960937500e+02,8.276384887695312500e+02,-2.083803269945628196e+07
4.592999999999999972e+00,7.483718647505795130e-02,6.263119563891489383e-01,-1.555986286785795807e-02,-1.128873327722462738e-04,1.804850482013398150e-04,-6.139807520675819030e-06,9.200659990310668945e-01,5.239382743835449219e+00,-4.942011833190917969e+00,-7.483718647505795130e-02,-6.263119563891489383e-01,1.555986286785795807e-02,0.000000000000000000e+00,0.000000000000000000e+00,0.000000000000000000e+00,0.000000000000000000e+00,0.000000000000000000e+00,0.000000000000000000e+00,0.000000000000000000e+00,8.276385498046875000e+02,8.276371459960937500e+02,8.276371459960937500e+02,8.276385498046875000e+02,-2.083803309756566212e+07
4.594000000000000306e+00,7.472436062026430181e-02,6.264924946425004526e-01,-1.556626282910831757e-02,-1.128258547936494827e-04,1.805382533515142995e-04,-6.399961250359506582e-06,9.200708866119384766e-01,5.239403724670410156e+00,-4.942030906677246094e+00,-7.472436062026430181e-02,-6.264924946425004526e-01,1.556626282910831757e-02,0.000000000000000000e+00,0.000000000000000000e+00,0.000000000000000000e+00,0.000000000000000000e+00,0.000000000000000000e+00,0.000000000000000000e+00,0.000000000000000000e+00,8.276385498046875000e+02,8.276370849609375000e+02,8.276370849609375000e+02,8.276385498046875000e+02,-2.083803349588454515e+07
4.594999999999999751e+00,7.461160498033005128e-02,6.266729953999355951e-01,-1.557289372918018409e-02,-1.127556399342505289e-04,1.805007574351424893e-04,-6.630900071866521750e-06,9.200761318206787109e-01,5.239425659179687500e+00,-4.942049503326416016e+00,-7.461160498033005128e-02,-6.266729953999355951e-01,1.557289372918018409e-02,0.000000000000000000e+00,0.000000000000000000e+00,0.000000000000000000e+00,0.000000000000000000e+00,0.000000000000000000e+00,0.000000000000000000e+00,0.000000000000000000e+00,8.276386108398437500e+02,8.276370849609375000e+02,8.276370849609375000e+02,8.276386108398437500e+02,-2.083803389441299438e+07
4.596000000000000085e+00,7.449895495472215468e-02,6.268535867432596387e-01,-1.557972420462773629e-02,-1.126500256078966089e-04,1.805913433240435850e-04,-6.830475447552192270e-06,9.200812578201293945e-01,5.239446640014648438e+00,-4.942068576812744141e+00,-7.449895495472215468e-02,-6.268535867432596387e-01,1.557972420462773629e-02,0.000000000000000000e+00,0.000000000000000000e+00,0.000000000000000000e+00,0.000000000000000000e+00,0.000000000000000000e+00,0.000000000000000000e+00,0.000000000000000000e+00,8.276386108398437500e+02,8.276370849609375000e+02,8.276370849609375000e+02,8.276386108398437500e+02,-2.083803429315123707e+07
4.597000000000000419e+00,7.438639924373459389e-02,6.270341779867315557e-01,-1.558672159659275740e-02,-1.125557109875607864e-04,1.805912434719170179e-04,-6.997391965021110272e-06,9.200860261917114258e-01,5.239467144012451172e+00,-4.942086696624755859e+00,-7.438639924373459389e-02,-6.270341779867315557e-01,1.558672159659275740e-02,0.000000000000000000e+00,0.000000000000000000e+00,0.000000000000000000e+00,0.000000000000000000e+00,0.000000000000000000e+00,0.000000000000000000e+00,0.000000000000000000e+00,8.276386108398437500e+02,8.276370239257812500e+02,8.276370239257812500e+02,8.276386108398437500e+02,-2.083803469209938124e+07
4.597999999999999865e+00,7.427396434594860097e-02,6.272148225132020416e-01,-1.559385106665970785e-02,-1.124348977859929155e-04,1.806445264704858999e-04,-7.129470066950457929e-06,9.200909137725830078e-01,5.239489078521728516e+00,-4.942107677459716797e+00,-7.427396434594860097e-02,-6.272148225132020416e-01,1.559385106665970785e-02,0.000000000000000000e+00,0.000000000000000000e+00,0.000000000000000000e+00,0.000000000000000000e+00,0.000000000000000000e+00,0.000000000000000000e+00,0.000000000000000000e+00,8.276386108398437500e+02,8.276370239257812500e+02,8.276370239257812500e+02,8.276386108398437500e+02,-2.083803509125760570e+07
4.599000000000000199e+00,7.416165007939390375e-02,6.273955203446025530e-01,-1.560107926322661445e-02,-1.123142665546972285e-04,1.806978314005114328e-04,-7.228196566906597287e-06,9.200962781906127930e-01,5.239509582519531250e+00,-4.942125797271728516e+00,-7.416165007939390375e-02,-6.273955203446025530e-01,1.560107926322661445e-02,0.000000000000000000e+00,0.000000000000000000e+00,0.000000000000000000e+00,0.000000000000000000e+00,0.000000000000000000e+00,0.000000000000000000e+00,0.000000000000000000e+00,8.276386108398437500e+02,8.276370239257812500e+02,8.276370239257812500e+02,8.276386108398437500e+02,-2.083803549062608927e+07
4.599999999999999645e+00,7.404946289706680618e-02,6.275762181418337304e-01,-1.560836783381242335e-02,-1.121871823270975677e-04,1.806977972311774039e-04,-7.288570585808895608e-06,9.201012849807739258e-01,5.239531040191650391e+00,-4.942144393920898438e+00,-7.404946289706680618e-02,-6.275762181418337304e-01,1.560836783381242335e-02,0.000000000000000000e+00,0.000000000000000000e+00,0.000000000000000000e+00,0.000000000000000000e+00,0.000000000000000000e+00,0.000000000000000000e+00,0.000000000000000000e+00,8.276386108398437500e+02,8.276370239257812500e+02,8.276370849609375000e+02,8.276386108398437500e+02,-2.083803589020494372e+07
4.600999999999999979e+00,7.393742263431896111e-02,6.277570226514509466e-01,-1.561568193812277149e-02,-1.120402627478450652e-04,1.808045096172161692e-04,-7.314104310348137905e-06,9.201061725616455078e-01,5.239551067352294922e+00,-4.942163467407226562e+00,-7.393742263431896111e-02,-6.277570226514509466e-01,1.561568193812277149e-02,0.000000000000000000e+00,0.000000000000000000e+00,0.000000000000000000e+00,0.000000000000000000e+00,0.000000000000000000e+00,0.000000000000000000e+00,0.000000000000000000e+00,8.276386108398437500e+02,8.276370849609375000e+02,8.276370849609375000e+02,8.276386108398437500e+02,-2.083803628999441490e+07
4.602000000000000313e+00,7.382551800872445835e-02,6.279377897408491283e-01,-1.562298387662833070e-02,-1.119046255945027601e-04,1.807670893981816462e-04,-7.301938505559213421e-06,9.201112985610961914e-01,5.239573478698730469e+00,-4.942182540893554688e+00,-7.382551800872445835e-02,-6.279377897408491283e-01,1.562298387662833070e-02,0.000000000000000000e+00,0.000000000000000000e+00,0.000000000000000000e+00,0.000000000000000000e+00,0.000000000000000000e+00,0.000000000000000000e+00,0.000000000000000000e+00,8.276385498046875000e+02,8.276370849609375000e+02,8.276370849609375000e+02,8.276385498046875000e+02,-2.083803668999456614e+07
4.602999999999999758e+00,7.371377096533758555e-02,6.281186476455591361e-01,-1.563023888412891013e-02,-1.117470433868728019e-04,1.808579047100078441e-04,-7.255007500579432889e-06,9.201161861419677734e-01,5.239594459533691406e+00,-4.942201137542724609e+00,-7.371377096533758555e-02,-6.281186476455591361e-01,1.563023888412891013e-02,0.000000000000000000e+00,0.000000000000000000e+00,0.000000000000000000e+00,0.000000000000000000e+00,0.000000000000000000e+00,0.000000000000000000e+00,0.000000000000000000e+00,8.276385498046875000e+02,8.276370849609375000e+02,8.276370849609375000e+02,8.276385498046875000e+02,-2.083803709020562470e+07
4.604000000000000092e+00,7.360218357109159226e-02,6.282995589681813486e-01,-1.563740940386607048e-02,-1.115873942459932877e-04,1.809113226222125448e-04,-7.170519737160346851e-06,9.201213121414184570e-01,5.239615917205810547e+00,-4.942221164703369141e+00,-7.360218357109159226e-02,-6.282995589681813486e-01,1.563740940386607048e-02,0.000000000000000000e+00,0.000000000000000000e+00,0.000000000000000000e+00,0.000000000000000000e+00,0.000000000000000000e+00,0.000000000000000000e+00,0.000000000000000000e+00,8.276384887695312500e+02,8.276371459960937500e+02,8.276371459960937500e+02,8.276384887695312500e+02,-2.083803749062776938e+07
4.605000000000000426e+00,7.349074897226701153e-02,6.284805237306937409e-01,-1.564446204781701905e-02,-1.114345988245807328e-04,1.809647625123922410e-04,-7.052643950948567220e-06,9.201263189315795898e-01,5.239637374877929688e+00,-4.942240238189697266e+00,-7.349074897226701153e-02,-6.284805237306937409e-01,1.564446204781701905e-02,0.000000000000000000e+00,0.000000000000000000e+00,0.000000000000000000e+00,0.000000000000000000e+00,0.000000000000000000e+00,0.000000000000000000e+00,0.000000000000000000e+00,8.276384887695312500e+02,8.276372070312500000e+02,8.276372070312500000e+02,8.276384887695312500e+02,-2.083803789126117900e+07
4.605999999999999872e+00,7.337948030787010134e-02,6.286615419544182570e-01,-1.565136020249585994e-02,-1.112686643969101885e-04,1.810182237245161474e-04,-6.898154678840889842e-06,9.201312065124511719e-01,5.239658355712890625e+00,-4.942257881164550781e+00,-7.337948030787010134e-02,-6.286615419544182570e-01,1.565136020249585994e-02,0.000000000000000000e+00,0.000000000000000000e+00,0.000000000000000000e+00,0.000000000000000000e+00,0.000000000000000000e+00,0.000000000000000000e+00,0.000000000000000000e+00,8.276384277343750000e+02,8.276372070312500000e+02,8.276372070312500000e+02,8.276384277343750000e+02,-2.083803829210602492e+07
4.607000000000000206e+00,7.326837073289520219e-02,6.288426136600008265e-01,-1.565807214748329498e-02,-1.111095749748991501e-04,1.810717055825694644e-04,-6.711944987435047860e-06,9.201365709304809570e-01,5.239679336547851562e+00,-4.942279338836669922e+00,-7.326837073289520219e-02,-6.288426136600008265e-01,1.565807214748329498e-02,0.000000000000000000e+00,0.000000000000000000e+00,0.000000000000000000e+00,0.000000000000000000e+00,0.000000000000000000e+00,0.000000000000000000e+00,0.000000000000000000e+00,8.276383666992187500e+02,8.276372680664062500e+02,8.276372680664062500e+02,8.276383666992187500e+02,-2.083803869316248596e+07
4.607999999999999652e+00,7.315742007124881319e-02,6.290237922313971497e-01,-1.566456456551697934e-02,-1.109506616463890039e-04,1.811785713963232070e-04,-6.492418033684360656e-06,9.201416969299316406e-01,5.239700317382812500e+00,-4.942297458648681641e+00,-7.315742007124881319e-02,-6.290237922313971497e-01,1.566456456551697934e-02,0.000000000000000000e+00,0.000000000000000000e+00,0.000000000000000000e+00,0.000000000000000000e+00,0.000000000000000000e+00,0.000000000000000000e+00,0.000000000000000000e+00,8.276383666992187500e+02,8.276373291015625000e+02,8.276373291015625000e+02,8.276383666992187500e+02,-2.083803909443080425e+07
