# t,ob0,ob1,ob2,ob3,ob4,ob5,ac0,ac1,ac2,ac3,p,q,r,p-sp,q-sp,r-sp,y0,y1,y2,y3,w0,w1,w2,w3,reward
1.000000000000000021e-03,0.000000000000000000e+00,0.000000000000000000e+00,0.000000000000000000e+00,0.000000000000000000e+00,0.000000000000000000e+00,0.000000000000000000e+00,4.616381824016571045e-01,1.177315190434455872e-01,5.630513653159141541e-02,3.183439075946807861e-01,0.000000000000000000e+00,0.000000000000000000e+00,0.000000000000000000e+00,0.000000000000000000e+00,0.000000000000000000e+00,0.000000000000000000e+00,4.616381824016571045e-01,1.177315190434455872e-01,5.630513653159141541e-02,3.183439075946807861e-01,0.000000000000000000e+00,0.000000000000000000e+00,0.000000000000000000e+00,0.000000000000000000e+00,3.000000000000000000e+01
2.000000000000000042e-03,2.838952951383648702e-08,-5.003168585868758107e-08,1.865329498487299171e-03,-2.838872569554951042e-05,5.003216574550606310e-05,-1.865330100059509277e+00,4.616381824016571045e-01,1.177315190434455872e-01,5.630513653159141541e-02,3.183439075946807861e-01,-2.838952951383648702e-08,5.003168585868758107e-08,-1.865329498487299171e-03,0.000000000000000000e+00,0.000000000000000000e+00,0.000000000000000000e+00,4.616381824016571045e-01,1.177315190434455872e-01,5.630513653159141541e-02,3.183439075946807861e-01,3.107730150222778320e-01,1.128562164306640625e+02,1.128569335937500000e+02,1.122346801757812500e+02,2.999999652054585653e+01
3.000000000000000062e-03,-4.605156517548390726e-07,3.715287293175629627e-07,3.730608973153442653e-03,4.889001138508319855e-04,-4.215676162857562304e-04,-1.865280389785766602e+00,4.616943001747131348e-01,1.177498623728752136e-01,5.627763643860816956e-02,3.183048069477081299e-01,4.605156517548390726e-07,-3.715287293175629627e-07,-3.730608973153442653e-03,0.000000000000000000e+00,0.000000000000000000e+00,0.000000000000000000e+00,4.616943001747131348e-01,1.177498623728752136e-01,5.627763643860816956e-02,3.183048069477081299e-01,1.122349243164062500e+02,2.254019012451171875e+02,2.254026031494140625e+02,2.247803802490234375e+02,2.999998260310219678e+01
4.000000000000000083e-03,-2.506515439734522672e-06,2.217228018699255257e-06,5.595792985917654415e-03,2.045958302915096283e-03,-1.845748163759708405e-03,-1.865184545516967773e+00,4.616899192333221436e-01,1.177467480301856995e-01,5.627995356917381287e-02,3.183093369007110596e-01,2.506515439734522672e-06,-2.217228018699255257e-06,-5.595792985917654415e-03,0.000000000000000000e+00,0.000000000000000000e+00,0.000000000000000000e+00,4.616899192333221436e-01,1.177467480301856995e-01,5.627995356917381287e-02,3.183093369007110596e-01,2.247806243896484375e+02,3.379475708007812500e+02,3.379482727050781250e+02,3.373260803222656250e+02,2.999995129019185924e+01
5.000000000000000104e-03,-7.140613124716127860e-06,6.442876015005904345e-06,7.460838600204594377e-03,4.633957985788583755e-03,-4.225806798785924911e-03,-1.865045785903930664e+00,4.616855382919311523e-01,1.177435442805290222e-01,5.628228932619094849e-02,3.183138966560363770e-01,7.140613124716127860e-06,-6.442876015005904345e-06,-7.460838600204594377e-03,0.000000000000000000e+00,0.000000000000000000e+00,0.000000000000000000e+00,4.616855382919311523e-01,1.177435442805290222e-01,5.628228932619094849e-02,3.183138966560363770e-01,3.373263244628906250e+02,4.504932250976562500e+02,4.504939270019531250e+02,4.498717956542968750e+02,2.999989562598673842e+01
6.000000000000000125e-03,-1.538521660963072032e-05,1.400758893953870972e-05,9.325707048814102854e-03,8.244273252785205841e-03,-7.565082516521215439e-03,-1.864869594573974609e+00,4.616811275482177734e-01,1.177402511239051819e-01,5.628458410501480103e-02,3.183184564113616943e-01,1.538521660963072032e-05,-1.400758893953870972e-05,-9.325707048814102854e-03,0.000000000000000000e+00,0.000000000000000000e+00,0.000000000000000000e+00,4.616811275482177734e-01,1.177402511239051819e-01,5.628458410501480103e-02,3.183184564113616943e-01,4.498720397949218750e+02,5.630388793945312500e+02,5.630396118164062500e+02,5.624174804687500000e+02,2.999980865674186248e+01
7.000000000000000146e-03,-2.825456796007318904e-05,2.587376007456585882e-05,1.119037207206797883e-02,1.286870799958705902e-02,-1.186688523739576340e-02,-1.864665389060974121e+00,4.616766273975372314e-01,1.177368536591529846e-01,5.628682300448417664e-02,3.183230459690093994e-01,2.825456796007318904e-05,-2.587376007456585882e-05,-1.119037207206797883e-02,0.000000000000000000e+00,0.000000000000000000e+00,0.000000000000000000e+00,4.616766273975372314e-01,1.177368536591529846e-01,5.628682300448417664e-02,3.183230459690093994e-01,5.624177856445312500e+02,6.755845336914062500e+02,6.755852661132812500e+02,6.749631958007812500e+02,2.999968343084697864e+01
8.000000000000000167e-03,-4.675554712029546169e-05,4.300688573789829039e-05,1.305481866784778157e-02,1.849986426532268524e-02,-1.713435165584087372e-02,-1.864447116851806641e+00,4.616723656654357910e-01,1.177333593368530273e-01,5.628912895917892456e-02,3.183277845382690430e-01,4.675554712029546169e-05,-4.300688573789829039e-05,-1.305481866784778157e-02,0.000000000000000000e+00,0.000000000000000000e+00,0.000000000000000000e+00,4.616723656654357910e-01,1.177333593368530273e-01,5.628912895917892456e-02,3.183277845382690430e-01,6.749635009765625000e+02,7.881301879882812500e+02,7.881309204101562500e+02,7.875089721679687500e+02,2.999951299852085640e+01
8.999999999999999320e-03,-7.188901415144729611e-05,6.637518385353017908e-05,1.491905434825152935e-02,2.513169683516025543e-02,-2.337023429572582245e-02,-1.864235401153564453e+00,4.616679251194000244e-01,1.177297979593276978e-01,5.629139021039009094e-02,3.183325529098510742e-01,7.188901415144729611e-05,-6.637518385353017908e-05,-1.491905434825152935e-02,0.000000000000000000e+00,0.000000000000000000e+00,0.000000000000000000e+00,4.616679251194000244e-01,1.177297979593276978e-01,5.629139021039009094e-02,3.183325529098510742e-01,7.875092163085937500e+02,9.006758422851562500e+02,9.006765747070312500e+02,9.000546875000000000e+02,2.999929041076451597e+01
1.000000000000000021e-02,-1.046519352965242009e-04,9.694890041053655708e-05,1.678311247566787942e-02,3.276027366518974304e-02,-3.057659976184368134e-02,-1.864058494567871094e+00,4.616634845733642578e-01,1.177261173725128174e-01,5.629359930753707886e-02,3.183372020721435547e-01,1.046519352965242009e-04,-9.694890041053655708e-05,-1.678311247566787942e-02,0.000000000000000000e+00,0.000000000000000000e+00,0.000000000000000000e+00,4.616634845733642578e-01,1.177261173725128174e-01,5.629359930753707886e-02,3.183372020721435547e-01,9.000549316406250000e+02,1.013221496582031250e+03,1.013222229003906250e+03,1.012600402832031250e+03,2.999900871754902454e+01
1.099999999999999936e-02,-1.460404379843489343e-04,1.356992426067107655e-04,1.864706560418130654e-02,4.138473048806190491e-02,-3.875442594289779663e-02,-1.863954067230224609e+00,4.616590440273284912e-01,1.177222952246665955e-01,5.629574134945869446e-02,3.183419704437255859e-01,1.460404379843489343e-04,-1.356992426067107655e-04,-1.864706560418130654e-02,0.000000000000000000e+00,0.000000000000000000e+00,0.000000000000000000e+00,4.616590440273284912e-01,1.177222952246665955e-01,5.629574134945869446e-02,3.183419704437255859e-01,1.012600646972656250e+03,1.125767211914062500e+03,1.125767822265625000e+03,1.125146118164062500e+03,2.999866096475128785e+01
1.200000000000000025e-02,-1.970540479454021795e-04,1.835967821743408218e-04,2.051103548609818639e-02,5.100843310356140137e-02,-4.790313914418220520e-02,-1.863969445228576660e+00,4.616546332836151123e-01,1.177184507250785828e-01,5.629787966609001160e-02,3.183467090129852295e-01,1.970540479454021795e-04,-1.835967821743408218e-04,-2.051103548609818639e-02,0.000000000000000000e+00,0.000000000000000000e+00,0.000000000000000000e+00,4.616546332836151123e-01,1.177184507250785828e-01,5.629787966609001160e-02,3.183467090129852295e-01,1.125146362304687500e+03,1.238312866210937500e+03,1.238313598632812500e+03,1.237691772460937500e+03,2.999824018963649763e+01
1.299999999999999940e-02,-2.587011800623474807e-04,2.416094117745719294e-04,2.237519724230921034e-02,6.164023280143737793e-02,-5.802004784345626831e-02,-1.864161610603332520e+00,4.616500735282897949e-01,1.177144572138786316e-01,5.629994720220565796e-02,3.183514177799224854e-01,2.587011800623474807e-04,-2.416094117745719294e-04,-2.237519724230921034e-02,0.000000000000000000e+00,0.000000000000000000e+00,0.000000000000000000e+00,4.616500735282897949e-01,1.177144572138786316e-01,5.629994720220565796e-02,3.183514177799224854e-01,1.237692016601562500e+03,1.350858520507812500e+03,1.350859252929687500e+03,1.350237426757812500e+03,2.999773941488345486e+01
1.400000000000000029e-02,-3.320058861472856672e-04,3.106995611460812629e-04,2.423979270423685592e-02,7.329572737216949463e-02,-6.909976899623870850e-02,-1.864595174789428711e+00,4.616456925868988037e-01,1.177103891968727112e-01,5.630193650722503662e-02,3.183562159538269043e-01,3.320058861472856672e-04,-3.106995611460812629e-04,-2.423979270423685592e-02,0.000000000000000000e+00,0.000000000000000000e+00,0.000000000000000000e+00,4.616456925868988037e-01,1.177103891968727112e-01,5.630193650722503662e-02,3.183562159538269043e-01,1.350237548828125000e+03,1.463404296875000000e+03,1.463405029296875000e+03,1.462783081054687500e+03,2.999715164057098704e+01
1.499999999999999944e-02,-4.180156772543325728e-04,3.918210279093963530e-04,2.610513208329477003e-02,8.599835634231567383e-02,-8.113369345664978027e-02,-1.865338921546936035e+00,4.616412520408630371e-01,1.177062466740608215e-01,5.630392581224441528e-02,3.183609545230865479e-01,4.180156772543325728e-04,-3.918210279093963530e-04,-2.610513208329477003e-02,0.000000000000000000e+00,0.000000000000000000e+00,0.000000000000000000e+00,4.616412520408630371e-01,1.177062466740608215e-01,5.630392581224441528e-02,3.183609545230865479e-01,1.462783203125000000e+03,1.575950195312500000e+03,1.575950805664062500e+03,1.575328613281250000e+03,2.999646983438907455e+01
1.600000000000000033e-02,-5.178099727593861055e-04,4.859153614406469014e-04,2.797159230579557634e-02,9.978004544973373413e-02,-9.410960972309112549e-02,-1.866459488868713379e+00,4.616366922855377197e-01,1.177019402384757996e-01,5.630574375391006470e-02,3.183656930923461914e-01,5.178099727593861055e-04,-4.859153614406469014e-04,-2.797159230579557634e-02,0.000000000000000000e+00,0.000000000000000000e+00,0.000000000000000000e+00,4.616366922855377197e-01,1.177019402384757996e-01,5.630574375391006470e-02,3.183656930923461914e-01,1.575328613281250000e+03,1.688495971679687500e+03,1.688496704101562500e+03,1.687874145507812500e+03,2.999568692017204796e+01
1.700000000000000122e-02,-6.325086965435920607e-04,5.939081367263755349e-04,2.983960523012826535e-02,1.146811246871948242e-01,-1.080115437507629395e-01,-1.868012070655822754e+00,4.616322219371795654e-01,1.176976189017295837e-01,5.630763247609138489e-02,3.183704912662506104e-01,6.325086965435920607e-04,-5.939081367263755349e-04,-2.983960523012826535e-02,0.000000000000000000e+00,0.000000000000000000e+00,0.000000000000000000e+00,4.616322219371795654e-01,1.176976189017295837e-01,5.630763247609138489e-02,3.183704912662506104e-01,1.687874023437500000e+03,1.801041992187500000e+03,1.801042724609375000e+03,1.800419555664062500e+03,2.999479576533763492e+01
1.799999999999999864e-02,-7.632792750697387505e-04,7.167054057219588402e-04,3.170963797468686479e-02,1.307492107152938843e-01,-1.228200495243072510e-01,-1.870028734207153320e+00,4.616276323795318604e-01,1.176931709051132202e-01,5.630934983491897583e-02,3.183752596378326416e-01,7.632792750697387505e-04,-7.167054057219588402e-04,-3.170963797468686479e-02,0.000000000000000000e+00,0.000000000000000000e+00,0.000000000000000000e+00,4.616276323795318604e-01,1.176931709051132202e-01,5.630934983491897583e-02,3.183752596378326416e-01,1.800419433593750000e+03,1.913588012695312500e+03,1.913588745117187500e+03,1.912964843750000000e+03,2.999378916793525462e+01
1.899999999999999953e-02,-9.113414562939640669e-04,8.551911582138527635e-04,3.358214589498356717e-02,1.480365097522735596e-01,-1.385131329298019409e-01,-1.872504115104675293e+00,4.616231024265289307e-01,1.176886260509490967e-01,5.631097406148910522e-02,3.183799386024475098e-01,9.113414562939640669e-04,-8.551911582138527635e-04,-3.358214589498356717e-02,0.000000000000000000e+00,0.000000000000000000e+00,0.000000000000000000e+00,4.616231024265289307e-01,1.176886260509490967e-01,5.631097406148910522e-02,3.183799386024475098e-01,1.912964721679687500e+03,2.026134033203125000e+03,2.026134765625000000e+03,2.025510131835937500e+03,2.999265984551717779e+01
2.000000000000000042e-02,-1.077967569633552771e-03,1.010226407801451598e-03,3.545752934255831657e-02,1.665955930948257446e-01,-1.550677865743637085e-01,-1.875379562377929688e+00,4.616186618804931641e-01,1.176840141415596008e-01,5.631252378225326538e-02,3.183846771717071533e-01,1.077967569633552771e-03,-1.010226407801451598e-03,-3.545752934255831657e-02,0.000000000000000000e+00,0.000000000000000000e+00,0.000000000000000000e+00,4.616186618804931641e-01,1.176840141415596008e-01,5.631252378225326538e-02,3.183846771717071533e-01,2.025509887695312500e+03,2.138680175781250000e+03,2.138680908203125000e+03,2.138055419921875000e+03,2.999140042655862359e+01
2.100000000000000130e-02,-1.264476583683318313e-03,1.182650596742733070e-03,3.733606196458830878e-02,1.864730417728424072e-01,-1.724625527858734131e-01,-1.878529429435729980e+00,4.616140425205230713e-01,1.176792308688163757e-01,5.631396546959877014e-02,3.183892369270324707e-01,1.264476583683318313e-03,-1.182650596742733070e-03,-3.733606196458830878e-02,0.000000000000000000e+00,0.000000000000000000e+00,0.000000000000000000e+00,4.616140425205230713e-01,1.176792308688163757e-01,5.631396546959877014e-02,3.183892369270324707e-01,2.138055175781250000e+03,2.251226562500000000e+03,2.251227050781250000e+03,2.250600585937500000e+03,2.999000344747213376e+01
2.199999999999999872e-02,-1.472220139490199985e-03,1.373286392083271053e-03,3.921782067116880155e-02,2.077015340328216553e-01,-1.906806975603103638e-01,-1.881750106811523438e+00,4.616094231605529785e-01,1.176744550466537476e-01,5.631531402468681335e-02,3.183939456939697266e-01,1.472220139490199985e-03,-1.373286392083271053e-03,-3.921782067116880155e-02,0.000000000000000000e+00,0.000000000000000000e+00,0.000000000000000000e+00,4.616094231605529785e-01,1.176744550466537476e-01,5.631531402468681335e-02,3.183939456939697266e-01,2.250600097656250000e+03,2.363772705078125000e+03,2.363773437500000000e+03,2.363145751953125000e+03,2.998846135666628498e+01
2.299999999999999961e-02,-1.702559308756965281e-03,1.582948604699700289e-03,4.110258892223276478e-02,2.302904725074768066e-01,-2.097143381834030151e-01,-1.884758710861206055e+00,4.616048336029052734e-01,1.176695153117179871e-01,5.631655454635620117e-02,3.183985948562622070e-01,1.702559308756965281e-03,-1.582948604699700289e-03,-4.110258892223276478e-02,0.000000000000000000e+00,0.000000000000000000e+00,0.000000000000000000e+00,4.616048336029052734e-01,1.176695153117179871e-01,5.631655454635620117e-02,3.183985948562622070e-01,2.363145507812500000e+03,2.476318847656250000e+03,2.476319580078125000e+03,2.475690917968750000e+03,2.998676652941568932e+01
2.400000000000000050e-02,-1.956831869438708984e-03,1.812457179880222653e-03,4.298980337014114000e-02,2.542164921760559082e-01,-2.295687049627304077e-01,-1.887202858924865723e+00,4.616000354290008545e-01,1.176645234227180481e-01,5.631774291396141052e-02,3.184031546115875244e-01,1.956831869438708984e-03,-1.812457179880222653e-03,-4.298980337014114000e-02,0.000000000000000000e+00,0.000000000000000000e+00,0.000000000000000000e+00,4.616000354290008545e-01,1.176645234227180481e-01,5.631774291396141052e-02,3.184031546115875244e-01,2.475690673828125000e+03,2.588864990234375000e+03,2.588865722656250000e+03,2.588236083984375000e+03,2.998491129202989214e+01
2.500000000000000139e-02,-2.236310932557075432e-03,2.062654417122544975e-03,4.487850383719649283e-02,2.794149816036224365e-01,-2.502662539482116699e-01,-1.888688921928405762e+00,4.615953266620635986e-01,1.176593899726867676e-01,5.631882324814796448e-02,3.184077441692352295e-01,2.236310932557075432e-03,-2.062654417122544975e-03,-4.487850383719649283e-02,0.000000000000000000e+00,0.000000000000000000e+00,0.000000000000000000e+00,4.615953266620635986e-01,1.176593899726867676e-01,5.631882324814796448e-02,3.184077441692352295e-01,2.588236083984375000e+03,2.701410888671875000e+03,2.701411621093750000e+03,2.700781494140625000e+03,2.998288795629339631e+01
2.599999999999999881e-02,-2.542158777493814647e-03,2.334425323177605552e-03,4.676734999403273779e-02,3.057752847671508789e-01,-2.718496024608612061e-01,-1.888829708099365234e+00,4.615905582904815674e-01,1.176542118191719055e-01,5.631979182362556458e-02,3.184122443199157715e-01,2.542158777493814647e-03,-2.334425323177605552e-03,-4.676734999403273779e-02,0.000000000000000000e+00,0.000000000000000000e+00,0.000000000000000000e+00,4.615905582904815674e-01,1.176542118191719055e-01,5.631979182362556458e-02,3.184122443199157715e-01,2.700781738281250000e+03,2.813956542968750000e+03,2.813957275390625000e+03,2.813327148437500000e+03,2.998068885915509085e+01
2.699999999999999969e-02,-2.875381768934825305e-03,2.628718542101195904e-03,4.865467849344161377e-02,3.331410884857177734e-01,-2.943822145462036133e-01,-1.887311935424804688e+00,4.615855515003204346e-01,1.176488026976585388e-01,5.632066726684570312e-02,3.184168338775634766e-01,2.875381768934825305e-03,-2.628718542101195904e-03,-4.865467849344161377e-02,0.000000000000000000e+00,0.000000000000000000e+00,0.000000000000000000e+00,4.615855515003204346e-01,1.176488026976585388e-01,5.632066726684570312e-02,3.184168338775634766e-01,2.813327636718750000e+03,2.926501953125000000e+03,2.926502685546875000e+03,2.925873046875000000e+03,2.997830640343430275e+01
2.800000000000000058e-02,-3.236793198625927733e-03,2.946564088514989650e-03,5.053868121358082166e-02,3.613195419311523438e-01,-3.179457187652587891e-01,-1.883979916572570801e+00,4.615806043148040771e-01,1.176433786749839783e-01,5.632146447896957397e-02,3.184214532375335693e-01,3.236793198625927733e-03,-2.946564088514989650e-03,-5.053868121358082166e-02,0.000000000000000000e+00,0.000000000000000000e+00,0.000000000000000000e+00,4.615806043148040771e-01,1.176433786749839783e-01,5.632146447896957397e-02,3.184214532375335693e-01,2.925874023437500000e+03,3.039047119140625000e+03,3.039047851562500000e+03,3.038419433593750000e+03,2.997573308606535392e+01
2.900000000000000147e-02,-3.626995450055424397e-03,3.289084783230019314e-03,5.241763165658839402e-02,3.900996446609497070e-01,-3.426329195499420166e-01,-1.878923296928405762e+00,4.615754187107086182e-01,1.176377683877944946e-01,5.632213130593299866e-02,3.184260129928588867e-01,3.626995450055424397e-03,-3.289084783230019314e-03,-5.241763165658839402e-02,0.000000000000000000e+00,0.000000000000000000e+00,0.000000000000000000e+00,4.615754187107086182e-01,1.176377683877944946e-01,5.632213130593299866e-02,3.184260129928588867e-01,3.038420410156250000e+03,3.151592041015625000e+03,3.151592773437500000e+03,3.150965820312500000e+03,2.997296150478216248e+01
2.999999999999999889e-02,-4.046391267634278331e-03,3.657495579546914989e-03,5.429021971453685397e-02,4.192815423011779785e-01,-3.685358166694641113e-01,-1.872553467750549316e+00,4.615702629089355469e-01,1.176320835947990417e-01,5.632270872592926025e-02,3.184305429458618164e-01,4.046391267634278331e-03,-3.657495579546914989e-03,-5.429021971453685397e-02,0.000000000000000000e+00,0.000000000000000000e+00,0.000000000000000000e+00,4.615702629089355469e-01,1.176320835947990417e-01,5.632270872592926025e-02,3.184305429458618164e-01,3.150967285156250000e+03,3.264136718750000000e+03,3.264137451171875000e+03,3.263512695312500000e+03,2.996998432626930509e+01
3.099999999999999978e-02,-4.495231144212645871e-03,4.053086516042575874e-03,5.615590240127640159e-02,4.487138986587524414e-01,-3.957293927669525146e-01,-1.865643382072448730e+00,4.615648686885833740e-01,1.176262497901916504e-01,5.632316693663597107e-02,3.184351623058319092e-01,4.495231144212645871e-03,-4.053086516042575874e-03,-5.615590240127640159e-02,0.000000000000000000e+00,0.000000000000000000e+00,0.000000000000000000e+00,4.615648686885833740e-01,1.176262497901916504e-01,5.632316693663597107e-02,3.184351623058319092e-01,3.263514160156250000e+03,3.376681152343750000e+03,3.376681884765625000e+03,3.376059570312500000e+03,2.996679420628145607e+01
3.200000000000000067e-02,-4.973705045744123907e-03,4.477184927537833370e-03,5.801524403287659781e-02,4.783358275890350342e-01,-4.242524206638336182e-01,-1.859307885169982910e+00,4.615595936775207520e-01,1.176202744245529175e-01,5.632347241044044495e-02,3.184396326541900635e-01,4.973705045744123907e-03,-4.477184927537833370e-03,-5.801524403287659781e-02,0.000000000000000000e+00,0.000000000000000000e+00,0.000000000000000000e+00,4.615595936775207520e-01,1.176202744245529175e-01,5.632347241044044495e-02,3.184396326541900635e-01,3.376060791015625000e+03,3.489225830078125000e+03,3.489226562500000000e+03,3.488606201171875000e+03,2.996338365481450694e+01
3.300000000000000155e-02,-5.482072277881818410e-03,4.931104903735492213e-03,5.987018303894175997e-02,5.082149505615234375e-01,-4.540891349315643311e-01,-1.854898095130920410e+00,4.615541100502014160e-01,1.176142320036888123e-01,5.632360279560089111e-02,3.184441030025482178e-01,5.482072277881818410e-03,-4.931104903735492213e-03,-5.987018303894175997e-02,0.000000000000000000e+00,0.000000000000000000e+00,0.000000000000000000e+00,4.615541100502014160e-01,1.176142320036888123e-01,5.632360279560089111e-02,3.184441030025482178e-01,3.488607177734375000e+03,3.601770751953125000e+03,3.601771484375000000e+03,3.601152587890625000e+03,2.995974484708535712e+01
3.400000000000000244e-02,-6.020811552896826457e-03,5.416074006274249238e-03,6.172403530626010409e-02,5.385719537734985352e-01,-4.851555228233337402e-01,-1.853801250457763672e+00,4.615488350391387939e-01,1.176080182194709778e-01,5.632360652089118958e-02,3.184485435485839844e-01,6.020811552896826457e-03,-5.416074006274249238e-03,-6.172403530626010409e-02,0.000000000000000000e+00,0.000000000000000000e+00,0.000000000000000000e+00,4.615488350391387939e-01,1.176080182194709778e-01,5.632360652089118958e-02,3.184485435485839844e-01,3.601153076171875000e+03,3.714316162109375000e+03,3.714316894531250000e+03,3.713698486328125000e+03,2.995586940652147234e+01
3.500000000000000333e-02,-6.590775655474450864e-03,5.933165251444954061e-03,6.358124027133713052e-02,5.697808861732482910e-01,-5.172959566116333008e-01,-1.857151150703430176e+00,4.615433216094970703e-01,1.176017150282859802e-01,5.632333829998970032e-02,3.184528648853302002e-01,6.590775655474450864e-03,-5.933165251444954061e-03,-6.358124027133713052e-02,0.000000000000000000e+00,0.000000000000000000e+00,0.000000000000000000e+00,4.615433216094970703e-01,1.176017150282859802e-01,5.632333829998970032e-02,3.184528648853302002e-01,3.713698242187500000e+03,3.826862548828125000e+03,3.826863281250000000e+03,3.826243652343750000e+03,2.995174819163338853e+01
3.599999999999999728e-02,-7.193313411217414945e-03,6.483235442416343530e-03,6.544679568116106017e-02,6.023352146148681641e-01,-5.502945184707641602e-01,-1.865489721298217773e+00,4.615380465984344482e-01,1.175954043865203857e-01,5.632283538579940796e-02,3.184568881988525391e-01,7.193313411217414945e-03,-6.483235442416343530e-03,-6.544679568116106017e-02,0.000000000000000000e+00,0.000000000000000000e+00,0.000000000000000000e+00,4.615380465984344482e-01,1.175954043865203857e-01,5.632283538579940796e-02,3.184568881988525391e-01,3.826242431640625000e+03,3.939409667968750000e+03,3.939410400390625000e+03,3.938788085937500000e+03,2.994737113246882387e+01
3.699999999999999817e-02,-7.830311144175225099e-03,7.066893512662520381e-03,6.732531472532694850e-02,6.367761492729187012e-01,-5.839043855667114258e-01,-1.878445506095886230e+00,4.615327417850494385e-01,1.175890117883682251e-01,5.632206425070762634e-02,3.184608221054077148e-01,7.830311144175225099e-03,-7.066893512662520381e-03,-6.732531472532694850e-02,0.000000000000000000e+00,0.000000000000000000e+00,0.000000000000000000e+00,4.615327417850494385e-01,1.175890117883682251e-01,5.632206425070762634e-02,3.184608221054077148e-01,3.938786132812500000e+03,4.051957519531250000e+03,4.051958251953125000e+03,4.051331542968750000e+03,2.994272717970942210e+01
3.799999999999999906e-02,-8.504141952254904921e-03,7.684516085691293213e-03,6.921992696546540313e-02,6.735869050025939941e-01,-6.178932189941406250e-01,-1.894526839256286621e+00,4.615275263786315918e-01,1.175825893878936768e-01,5.632109567523002625e-02,3.184646070003509521e-01,8.504141952254904921e-03,-7.684516085691293213e-03,-6.921992696546540313e-02,0.000000000000000000e+00,0.000000000000000000e+00,0.000000000000000000e+00,4.615275263786315918e-01,1.175825893878936768e-01,5.632109567523002625e-02,3.184646070003509521e-01,4.051329101562500000e+03,4.164505859375000000e+03,4.164506347656250000e+03,4.163874511718750000e+03,2.993780440920250641e+01
3.899999999999999994e-02,-9.217476836243873248e-03,8.336321551735182550e-03,7.113116742399021308e-02,7.130680680274963379e-01,-6.521007418632507324e-01,-1.911136150360107422e+00,4.615225195884704590e-01,1.175761297345161438e-01,5.631981417536735535e-02,3.184681832790374756e-01,9.217476836243873248e-03,-8.336321551735182550e-03,-7.113116742399021308e-02,0.000000000000000000e+00,0.000000000000000000e+00,0.000000000000000000e+00,4.615225195884704590e-01,1.175761297345161438e-01,5.631981417536735535e-02,3.184681832790374756e-01,4.163872070312500000e+03,4.277054199218750000e+03,4.277055175781250000e+03,4.276417480468750000e+03,2.993259031008716420e+01
4.000000000000000083e-02,-9.972988470605969463e-03,9.022493231484641704e-03,7.305616514526230842e-02,7.552206516265869141e-01,-6.864954233169555664e-01,-1.924889802932739258e+00,4.615172147750854492e-01,1.175696030259132385e-01,5.631840974092483521e-02,3.184716701507568359e-01,9.972988470605969463e-03,-9.022493231484641704e-03,-7.305616514526230842e-02,0.000000000000000000e+00,0.000000000000000000e+00,0.000000000000000000e+00,4.615172147750854492e-01,1.175696030259132385e-01,5.631840974092483521e-02,3.184716701507568359e-01,4.276415527343750000e+03,4.389602050781250000e+03,4.389603027343750000e+03,4.388960937500000000e+03,2.992707224093828700e+01
4.100000000000000172e-02,-1.077297583908378743e-02,9.743360695901627511e-03,7.498857377832955640e-02,7.996714711189270020e-01,-7.212166786193847656e-01,-1.932273983955383301e+00,4.615118205547332764e-01,1.175629794597625732e-01,5.631680041551589966e-02,3.184750676155090332e-01,1.077297583908378743e-02,-9.743360695901627511e-03,-7.498857377832955640e-02,0.000000000000000000e+00,0.000000000000000000e+00,0.000000000000000000e+00,4.615118205547332764e-01,1.175629794597625732e-01,5.631680041551589966e-02,3.184750676155090332e-01,4.388959960937500000e+03,4.502148925781250000e+03,4.502149902343750000e+03,4.501505371093750000e+03,2.992123796465489960e+01
4.200000000000000261e-02,-1.161899485842297908e-02,1.049956625731944537e-02,7.691928616280604980e-02,8.456777334213256836e-01,-7.565832734107971191e-01,-1.930565476417541504e+00,4.615060985088348389e-01,1.175561770796775818e-01,5.631513893604278564e-02,3.184785246849060059e-01,1.161899485842297908e-02,-1.049956625731944537e-02,-7.691928616280604980e-02,0.000000000000000000e+00,0.000000000000000000e+00,0.000000000000000000e+00,4.615060985088348389e-01,1.175561770796775818e-01,5.631513893604278564e-02,3.184785246849060059e-01,4.501505859375000000e+03,4.614694335937500000e+03,4.614695312500000000e+03,4.614051269531250000e+03,2.991507614613799149e+01
4.299999999999999656e-02,-1.251159484239483359e-02,1.129221641743414530e-02,7.883828566655436132e-02,8.922353386878967285e-01,-7.930542230606079102e-01,-1.918830156326293945e+00,4.615000784397125244e-01,1.175492331385612488e-01,5.631341412663459778e-02,3.184821605682373047e-01,1.251159484239483359e-02,-1.129221641743414530e-02,-7.883828566655436132e-02,0.000000000000000000e+00,0.000000000000000000e+00,0.000000000000000000e+00,4.615000784397125244e-01,1.175492331385612488e-01,5.631341412663459778e-02,3.184821605682373047e-01,4.614053222656250000e+03,4.727238281250000000e+03,4.727238769531250000e+03,4.726598632812500000e+03,2.990857661669403100e+01
4.399999999999999745e-02,-1.345027737135078005e-02,1.212292128108377783e-02,8.073717657854301288e-02,9.382944107055664062e-01,-8.311357498168945312e-01,-1.898705959320068359e+00,4.614936709403991699e-01,1.175420284271240234e-01,5.631166696548461914e-02,3.184858858585357666e-01,1.345027737135078005e-02,-1.212292128108377783e-02,-8.073717657854301288e-02,0.000000000000000000e+00,0.000000000000000000e+00,0.000000000000000000e+00,4.614936709403991699e-01,1.175420284271240234e-01,5.631166696548461914e-02,3.184858858585357666e-01,4.726602539062500000e+03,4.839780761718750000e+03,4.839781250000000000e+03,4.839147949218750000e+03,2.990173024983040051e+01
4.499999999999999833e-02,-1.443373672078730914e-02,1.299371076561475595e-02,8.261201398794559836e-02,9.830488562583923340e-01,-8.712460994720458984e-01,-1.874625325202941895e+00,4.614868760108947754e-01,1.175345778465270996e-01,5.630980059504508972e-02,3.184898197650909424e-01,1.443373672078730914e-02,-1.299371076561475595e-02,-8.261201398794559836e-02,0.000000000000000000e+00,0.000000000000000000e+00,0.000000000000000000e+00,4.614868760108947754e-01,1.175345778465270996e-01,5.630980059504508972e-02,3.184898197650909424e-01,4.839152343750000000e+03,4.952322265625000000e+03,4.952322753906250000e+03,4.951697753906250000e+03,2.989452833570007328e+01
4.599999999999999922e-02,-1.546039960842500970e-02,1.390679590588428383e-02,8.446544449037307611e-02,1.026228785514831543e+00,-9.135684967041015625e-01,-1.853195667266845703e+00,4.614799320697784424e-01,1.175269782543182373e-01,5.630783736705780029e-02,3.184936940670013428e-01,1.546039960842500970e-02,-1.390679590588428383e-02,-8.446544449037307611e-02,0.000000000000000000e+00,0.000000000000000000e+00,0.000000000000000000e+00,4.614799320697784424e-01,1.175269782543182373e-01,5.630783736705780029e-02,3.184936940670013428e-01,4.951701660156250000e+03,5.064864257812500000e+03,5.064865234375000000e+03,5.064247070312500000e+03,2.988696150145869623e+01
4.700000000000000011e-02,-1.652915903369052419e-02,1.486422242735643655e-02,8.630736404631395020e-02,1.068296790122985840e+00,-9.579405784606933594e-01,-1.841650724411010742e+00,4.614729881286621094e-01,1.175191774964332581e-01,5.630562081933021545e-02,3.184973597526550293e-01,1.652915903369052419e-02,-1.486422242735643655e-02,-8.630736404631395020e-02,0.000000000000000000e+00,0.000000000000000000e+00,0.000000000000000000e+00,4.614729881286621094e-01,1.175191774964332581e-01,5.630562081933021545e-02,3.184973597526550293e-01,5.064249023437500000e+03,5.177408203125000000e+03,5.177408691406250000e+03,5.176794433593750000e+03,2.987901838216334127e+01
4.800000000000000100e-02,-1.764010520884319241e-02,1.586750195909806746e-02,8.815326987550692328e-02,1.110452055931091309e+00,-1.003831267356872559e+00,-1.845605015754699707e+00,4.614661931991577148e-01,1.175113022327423096e-01,5.630292743444442749e-02,3.185008168220520020e-01,1.764010520884319241e-02,-1.586750195909806746e-02,-8.815326987550692328e-02,0.000000000000000000e+00,0.000000000000000000e+00,0.000000000000000000e+00,4.614661931991577148e-01,1.175113022327423096e-01,5.630292743444442749e-02,3.185008168220520020e-01,5.176793945312500000e+03,5.289954589843750000e+03,5.289955078125000000e+03,5.289339355468750000e+03,2.987068443224339731e+01
4.900000000000000189e-02,-1.879502335926677703e-02,1.691734750461983822e-02,9.002030830595544875e-02,1.154383897781372070e+00,-1.050438761711120605e+00,-1.866707205772399902e+00,4.614597856998443604e-01,1.175035387277603149e-01,5.629980564117431641e-02,3.185039460659027100e-01,1.879502335926677703e-02,-1.691734750461983822e-02,-9.002030830595544875e-02,0.000000000000000000e+00,0.000000000000000000e+00,0.000000000000000000e+00,4.614597856998443604e-01,1.175035387277603149e-01,5.629980564117431641e-02,3.185039460659027100e-01,5.289336425781250000e+03,5.402503906250000000e+03,5.402504394531250000e+03,5.401881835937500000e+03,2.986194132678622992e+01
5.000000000000000278e-02,-1.999739728012651235e-02,1.801361139685311863e-02,9.192173995256402996e-02,1.201795220375061035e+00,-1.096908450126647949e+00,-1.901061177253723145e+00,4.614539742469787598e-01,1.174958124756813049e-01,5.629613250494003296e-02,3.185064494609832764e-01,1.999739728012651235e-02,-1.801361139685311863e-02,-9.192173995256402996e-02,0.000000000000000000e+00,0.000000000000000000e+00,0.000000000000000000e+00,4.614539742469787598e-01,1.174958124756813049e-01,5.629613250494003296e-02,3.185064494609832764e-01,5.401876464843750000e+03,5.515055175781250000e+03,5.515055664062500000e+03,5.514421386718750000e+03,2.985276733441678942e+01
5.099999999999999672e-02,-2.125183663737503087e-02,1.915553437242805551e-02,9.386144503814676521e-02,1.253809809684753418e+00,-1.142620444297790527e+00,-1.939295530319213867e+00,4.614483416080474854e-01,1.174881905317306519e-01,5.629201605916023254e-02,3.185085058212280273e-01,2.125183663737503087e-02,-1.915553437242805551e-02,-9.386144503814676521e-02,0.000000000000000000e+00,0.000000000000000000e+00,0.000000000000000000e+00,4.614483416080474854e-01,1.174881905317306519e-01,5.629201605916023254e-02,3.185085058212280273e-01,5.514415527343750000e+03,5.627606933593750000e+03,5.627607910156250000e+03,5.626960937500000000e+03,2.984313878849458490e+01
5.199999999999999761e-02,-2.256297001290335016e-02,2.034224160442973245e-02,9.583070277886449051e-02,1.310455799102783203e+00,-1.187461614608764648e+00,-1.968800425529479980e+00,4.614427685737609863e-01,1.174805760383605957e-01,5.628760904073715210e-02,3.185104429721832275e-01,2.256297001290335016e-02,-2.034224160442973245e-02,-9.583070277886449051e-02,0.000000000000000000e+00,0.000000000000000000e+00,0.000000000000000000e+00,4.614427685737609863e-01,1.174805760383605957e-01,5.628760904073715210e-02,3.185104429721832275e-01,5.626956542968750000e+03,5.740157714843750000e+03,5.740158691406250000e+03,5.739501464843750000e+03,2.983303237049019430e+01
5.299999999999999850e-02,-2.393414515770383999e-02,2.157340744608388441e-02,9.780909400551107691e-02,1.370451688766479492e+00,-1.231969356536865234e+00,-1.977899193763732910e+00,4.614366590976715088e-01,1.174728125333786011e-01,5.628308653831481934e-02,3.185122609138488770e-01,2.393414515770383999e-02,-2.157340744608388441e-02,-9.780909400551107691e-02,0.000000000000000000e+00,0.000000000000000000e+00,0.000000000000000000e+00,4.614366590976715088e-01,1.174728125333786011e-01,5.628308653831481934e-02,3.185122609138488770e-01,5.739500488281250000e+03,5.852705078125000000e+03,5.852705566406250000e+03,5.852045898437500000e+03,2.982242749640675328e+01
5.399999999999999939e-02,-2.536636841661413580e-02,2.284981962440345987e-02,9.977042730015173166e-02,1.431463241577148438e+00,-1.277255177497863770e+00,-1.960776925086975098e+00,4.614298045635223389e-01,1.174647957086563110e-01,5.627863481640815735e-02,3.185145258903503418e-01,2.536636841661413580e-02,-2.284981962440345987e-02,-9.977042730015173166e-02,0.000000000000000000e+00,0.000000000000000000e+00,0.000000000000000000e+00,4.614298045635223389e-01,1.174647957086563110e-01,5.627863481640815735e-02,3.185145258903503418e-01,5.852048828125000000e+03,5.965247558593750000e+03,5.965248535156250000e+03,5.964594238281250000e+03,2.981130779133957986e+01
5.500000000000000028e-02,-2.685800985660142734e-02,2.417361223833453671e-02,1.016922559184943592e-01,1.490853548049926758e+00,-1.324668765068054199e+00,-1.921226620674133301e+00,4.614221453666687012e-01,1.174564510583877563e-01,5.627429485321044922e-02,3.185170888900756836e-01,2.685800985660142734e-02,-2.417361223833453671e-02,-1.016922559184943592e-01,0.000000000000000000e+00,0.000000000000000000e+00,0.000000000000000000e+00,4.614221453666687012e-01,1.174564510583877563e-01,5.627429485321044922e-02,3.185170888900756836e-01,5.964601562500000000e+03,6.077787109375000000e+03,6.077787597656250000e+03,6.077146484375000000e+03,1.979966076020368249e+01
5.600000000000000117e-02,-2.840555298547439711e-02,2.554798259247104825e-02,1.035660598757860290e-01,1.546731710433959961e+00,-1.375274538993835449e+00,-1.873146176338195801e+00,4.614137113094329834e-01,1.174476370215415955e-01,5.627008154988288879e-02,3.185201585292816162e-01,2.840555298547439711e-02,-2.554798259247104825e-02,-1.035660598757860290e-01,0.000000000000000000e+00,0.000000000000000000e+00,0.000000000000000000e+00,4.614137113094329834e-01,1.174476370215415955e-01,5.627008154988288879e-02,3.185201585292816162e-01,6.077155273437500000e+03,6.190324707031250000e+03,6.190325195312500000e+03,6.189700195312500000e+03,1.978747525659053252e+01
5.700000000000000205e-02,-3.000529248704971591e-02,2.697637670702970891e-02,1.054033681221377555e-01,1.598896265029907227e+00,-1.429331302642822266e+00,-1.836575627326965332e+00,4.614048898220062256e-01,1.174385473132133484e-01,5.626573413610458374e-02,3.185233175754547119e-01,3.000529248704971591e-02,-2.697637670702970891e-02,-1.054033681221377555e-01,0.000000000000000000e+00,0.000000000000000000e+00,0.000000000000000000e+00,4.614048898220062256e-01,1.174385473132133484e-01,5.626573413610458374e-02,3.185233175754547119e-01,6.189707031250000000e+03,6.302864257812500000e+03,6.302864746093750000e+03,6.302251953125000000e+03,1.977473734410156680e+01
5.800000000000000294e-02,-3.165538005125471954e-02,2.846142032667380029e-02,1.072340147952421524e-01,1.649203300476074219e+00,-1.486030220985412598e+00,-1.829856872558593750e+00,4.613963365554809570e-01,1.174293011426925659e-01,5.626095086336135864e-02,3.185262382030487061e-01,3.165538005125471954e-02,-2.846142032667380029e-02,-1.072340147952421524e-01,0.000000000000000000e+00,0.000000000000000000e+00,0.000000000000000000e+00,4.613963365554809570e-01,1.174293011426925659e-01,5.626095086336135864e-02,3.185262382030487061e-01,6.302253417968750000e+03,6.415408691406250000e+03,6.415409667968750000e+03,6.414798828125000000e+03,1.976142609463926192e+01
5.899999999999999689e-02,-3.335737335615385213e-02,3.000405441640489196e-02,1.090955504134893117e-01,1.701043128967285156e+00,-1.543688058853149414e+00,-1.860652327537536621e+00,4.613885581493377686e-01,1.174201816320419312e-01,5.625540018081665039e-02,3.185283243656158447e-01,3.335737335615385213e-02,-3.000405441640489196e-02,-1.090955504134893117e-01,0.000000000000000000e+00,0.000000000000000000e+00,0.000000000000000000e+00,4.613885581493377686e-01,1.174201816320419312e-01,5.625540018081665039e-02,3.185283243656158447e-01,6.414794433593750000e+03,6.527959472656250000e+03,6.527960449218750000e+03,6.527339355468750000e+03,1.974751129788059245e+01
5.999999999999999778e-02,-3.511639095421482948e-02,3.160330595179817320e-02,1.110165559491648329e-01,1.757984161376953125e+00,-1.600399851799011230e+00,-1.920049190521240234e+00,4.613819718360900879e-01,1.174113526940345764e-01,5.624889954924583435e-02,3.185293972492218018e-01,3.511639095421482948e-02,-3.160330595179817320e-02,-1.110165559491648329e-01,0.000000000000000000e+00,0.000000000000000000e+00,0.000000000000000000e+00,4.613819718360900879e-01,1.174113526940345764e-01,5.624889954924583435e-02,3.185293972492218018e-01,6.527330078125000000e+03,6.640515136718750000e+03,6.640516113281250000e+03,6.639875488281250000e+03,1.973295469232504828e+01
6.099999999999999867e-02,-3.693958543955646462e-02,3.325697781955290477e-02,1.130012732635675837e-01,1.822075605392456055e+00,-1.654920816421508789e+00,-1.983677864074707031e+00,4.613759219646453857e-01,1.174027845263481140e-01,5.624164640903472900e-02,3.185296952724456787e-01,3.693958543955646462e-02,-3.325697781955290477e-02,-1.130012732635675837e-01,0.000000000000000000e+00,0.000000000000000000e+00,0.000000000000000000e+00,4.613759219646453857e-01,1.174027845263481140e-01,5.624164640903472900e-02,3.185296952724456787e-01,6.639865234375000000e+03,6.753071289062500000e+03,6.753072265625000000e+03,6.752410156250000000e+03,1.971771484501972438e+01
6.199999999999999956e-02,-3.883338666193394267e-02,3.496303220929137395e-02,1.150235822003635860e-01,1.892595529556274414e+00,-1.707390308380126953e+00,-2.021177768707275391e+00,4.613699018955230713e-01,1.173943504691123962e-01,5.623407289385795593e-02,3.185296356678009033e-01,3.883338666193394267e-02,-3.496303220929137395e-02,-1.150235822003635860e-01,0.000000000000000000e+00,0.000000000000000000e+00,0.000000000000000000e+00,4.613699018955230713e-01,1.173943504691123962e-01,5.623407289385795593e-02,3.185296356678009033e-01,6.752404296875000000e+03,6.865623535156250000e+03,6.865624023437500000e+03,6.864949707031250000e+03,1.970175397501661507e+01
6.300000000000000044e-02,-4.080064375880607108e-02,3.672112328908535422e-02,1.170358711147252984e-01,1.966001868247985840e+00,-1.759492516517639160e+00,-2.011075258255004883e+00,4.613627791404724121e-01,1.173856481909751892e-01,5.622661858797073364e-02,3.185299932956695557e-01,4.080064375880607108e-02,-3.672112328908535422e-02,-1.170358711147252984e-01,0.000000000000000000e+00,0.000000000000000000e+00,0.000000000000000000e+00,4.613627791404724121e-01,1.173856481909751892e-01,5.622661858797073364e-02,3.185299932956695557e-01,6.864951660156250000e+03,6.978167480468750000e+03,6.978167968750000000e+03,6.977497070312500000e+03,1.968504344646228787e+01
6.400000000000000133e-02,-4.283931596655434632e-02,3.853352275804677179e-02,1.189913358510427815e-01,2.037387847900390625e+00,-1.813826799392700195e+00,-1.954135775566101074e+00,4.613543152809143066e-01,1.173764541745185852e-01,5.621954053640365601e-02,3.185312151908874512e-01,4.283931596655434632e-02,-3.853352275804677179e-02,-1.189913358510427815e-01,0.000000000000000000e+00,0.000000000000000000e+00,0.000000000000000000e+00,4.613543152809143066e-01,1.173764541745185852e-01,5.621954053640365601e-02,3.185312151908874512e-01,6.977507324218750000e+03,7.090703613281250000e+03,7.090704101562500000e+03,7.090052246093750000e+03,1.966756446908604516e+01
6.500000000000000222e-02,-4.494358301426041452e-02,4.040470849979537621e-02,1.208698379354718466e-01,2.102974653244018555e+00,-1.872624158859252930e+00,-1.877078771591186523e+00,4.613442420959472656e-01,1.173665374517440796e-01,5.621300265192985535e-02,3.185333013534545898e-01,4.494358301426041452e-02,-4.040470849979537621e-02,-1.208698379354718466e-01,0.000000000000000000e+00,0.000000000000000000e+00,0.000000000000000000e+00,4.613442420959472656e-01,1.173665374517440796e-01,5.621300265192985535e-02,3.185333013534545898e-01,7.090065429687500000e+03,7.203236328125000000e+03,7.203237304687500000e+03,7.202610839843750000e+03,1.964930248524038703e+01
6.600000000000000311e-02,-4.710731288373871256e-02,4.233965302966830047e-02,1.226933826110194609e-01,2.162410020828247070e+00,-1.936407804489135742e+00,-1.821984648704528809e+00,4.613333940505981445e-01,1.173560768365859985e-01,5.620638281106948853e-02,3.185358047485351562e-01,4.710731288373871256e-02,-4.233965302966830047e-02,-1.226933826110194609e-01,0.000000000000000000e+00,0.000000000000000000e+00,0.000000000000000000e+00,4.613333940505981445e-01,1.173560768365859985e-01,5.620638281106948853e-02,3.185358047485351562e-01,7.202620605468750000e+03,7.315772949218750000e+03,7.315773437500000000e+03,7.315165527343750000e+03,1.963023707395805317e+01
6.700000000000000400e-02,-4.932813150040025324e-02,4.434153795724041919e-02,1.245192988062452100e-01,2.219441890716552734e+00,-2.003425121307373047e+00,-1.824229955673217773e+00,4.613231420516967773e-01,1.173455268144607544e-01,5.619910359382629395e-02,3.185377717018127441e-01,4.932813150040025324e-02,-4.434153795724041919e-02,-1.245192988062452100e-01,0.000000000000000000e+00,0.000000000000000000e+00,0.000000000000000000e+00,4.613231420516967773e-01,1.173455268144607544e-01,5.619910359382629395e-02,3.185377717018127441e-01,7.315166015625000000e+03,7.428318847656250000e+03,7.428319824218750000e+03,7.427710937500000000e+03,1.961033258163712034e+01
6.800000000000000488e-02,-5.160985885590194111e-02,4.641025287733242799e-02,1.264109891451690448e-01,2.280226469039916992e+00,-2.070379257202148438e+00,-1.889867782592773438e+00,4.613144695758819580e-01,1.173353791236877441e-01,5.619057640433311462e-02,3.185383677482604980e-01,5.160985885590194111e-02,-4.641025287733242799e-02,-1.264109891451690448e-01,0.000000000000000000e+00,0.000000000000000000e+00,0.000000000000000000e+00,4.613144695758819580e-01,1.173353791236877441e-01,5.619057640433311462e-02,3.185383677482604980e-01,7.427700683593750000e+03,7.540875488281250000e+03,7.540876464843750000e+03,7.540245605468750000e+03,1.958953535435719573e+01
6.900000000000000577e-02,-5.396140021213544774e-02,4.854264917210816821e-02,1.283997311746275516e-01,2.349895238876342773e+00,-2.134229183197021484e+00,-1.986775636672973633e+00,4.613077640533447266e-01,1.173257902264595032e-01,5.618069693446159363e-02,3.185373842716217041e-01,5.396140021213544774e-02,-4.854264917210816821e-02,-1.283997311746275516e-01,0.000000000000000000e+00,0.000000000000000000e+00,0.000000000000000000e+00,4.613077640533447266e-01,1.173257902264595032e-01,5.618069693446159363e-02,3.185373842716217041e-01,7.540229980468750000e+03,7.653437500000000000e+03,7.653437988281250000e+03,7.652775390625000000e+03,1.956778064188997845e+01
7.000000000000000666e-02,-5.639240332231784669e-02,5.073477252512065966e-02,1.304605028801252287e-01,2.429221630096435547e+00,-2.194107055664062500e+00,-2.058661937713623047e+00,4.613016843795776367e-01,1.173166707158088684e-01,5.617000162601470947e-02,3.185353875160217285e-01,5.639240332231784669e-02,-5.073477252512065966e-02,-1.304605028801252287e-01,0.000000000000000000e+00,0.000000000000000000e+00,0.000000000000000000e+00,4.613016843795776367e-01,1.173166707158088684e-01,5.617000162601470947e-02,3.185353875160217285e-01,7.652763671875000000e+03,7.765995117187500000e+03,7.765996093750000000e+03,7.765309082031250000e+03,1.954500657878260128e+01
7.099999999999999367e-02,-5.890783264569721817e-02,5.298488121500104231e-02,1.325206710118409237e-01,2.513560295104980469e+00,-2.252179622650146484e+00,-2.057903289794921875e+00,4.612948000431060791e-01,1.173074468970298767e-01,5.615935474634170532e-02,3.185335993766784668e-01,5.890783264569721817e-02,-5.298488121500104231e-02,-1.325206710118409237e-01,0.000000000000000000e+00,0.000000000000000000e+00,0.000000000000000000e+00,4.612948000431060791e-01,1.173074468970298767e-01,5.615935474634170532e-02,3.185335993766784668e-01,7.765309570312500000e+03,7.878540527343750000e+03,7.878541503906250000e+03,7.877854980468750000e+03,1.952116732015279155e+01
7.199999999999999456e-02,-6.150490816930190979e-02,5.529547428660772784e-02,1.345020815860172581e-01,2.595210313796997070e+00,-2.312676906585693359e+00,-1.978981971740722656e+00,4.612852931022644043e-01,1.172974482178688049e-01,5.614951252937316895e-02,3.185330927371978760e-01,6.150490816930190979e-02,-5.529547428660772784e-02,-1.345020815860172581e-01,0.000000000000000000e+00,0.000000000000000000e+00,0.000000000000000000e+00,4.612852931022644043e-01,1.172974482178688049e-01,5.614951252937316895e-02,3.185330927371978760e-01,7.877868652343750000e+03,7.991073242187500000e+03,7.991073730468750000e+03,7.990413574218750000e+03,1.949623606699632461e+01
7.299999999999999545e-02,-6.417502560194687788e-02,5.767272661289168934e-02,1.363738012081628370e-01,2.668270111083984375e+00,-2.379304885864257812e+00,-1.869109034538269043e+00,4.612733125686645508e-01,1.172864288091659546e-01,5.614060908555984497e-02,3.185343742370605469e-01,6.417502560194687788e-02,-5.767272661289168934e-02,-1.363738012081628370e-01,0.000000000000000000e+00,0.000000000000000000e+00,0.000000000000000000e+00,4.612733125686645508e-01,1.172864288091659546e-01,5.614060908555984497e-02,3.185343742370605469e-01,7.990432617187500000e+03,8.103600585937500000e+03,8.103601562500000000e+03,8.102977539062500000e+03,1.947019367603438411e+01
7.399999999999999634e-02,-6.690987215893064166e-02,6.012321031133249782e-02,1.381798829594079736e-01,2.732989788055419922e+00,-2.452543497085571289e+00,-1.803269267082214355e+00,4.612602889537811279e-01,1.172747090458869934e-01,5.613176524639129639e-02,3.185361623764038086e-01,6.690987215893064166e-02,-6.012321031133249782e-02,-1.381798829594079736e-01,0.000000000000000000e+00,0.000000000000000000e+00,0.000000000000000000e+00,4.612602889537811279e-01,1.172747090458869934e-01,5.613176524639129639e-02,3.185361623764038086e-01,8.102989257812500000e+03,8.216134765625000000e+03,8.216135742187500000e+03,8.215534179687500000e+03,1.944300826456924369e+01
7.499999999999999722e-02,-6.970814867844803142e-02,6.264988770005577856e-02,1.400171711999838309e-01,2.796309232711791992e+00,-2.528872489929199219e+00,-1.834283709526062012e+00,4.612486362457275391e-01,1.172629743814468384e-01,5.612179636955261230e-02,3.185370862483978271e-01,6.970814867844803142e-02,-6.264988770005577856e-02,-1.400171711999838309e-01,0.000000000000000000e+00,0.000000000000000000e+00,0.000000000000000000e+00,4.612486362457275391e-01,1.172629743814468384e-01,5.612179636955261230e-02,3.185370862483978271e-01,8.215529296875000000e+03,8.328686523437500000e+03,8.328686523437500000e+03,8.328075195312500000e+03,1.941461922191739120e+01
7.599999999999999811e-02,-7.257786772170679579e-02,6.525034545490769611e-02,1.419706242883582159e-01,2.867541074752807617e+00,-2.602881908416748047e+00,-1.950215816497802734e+00,4.612396359443664551e-01,1.172520667314529419e-01,5.611002445220947266e-02,3.185357451438903809e-01,7.257786772170679579e-02,-6.525034545490769611e-02,-1.419706242883582159e-01,0.000000000000000000e+00,0.000000000000000000e+00,0.000000000000000000e+00,4.612396359443664551e-01,1.172520667314529419e-01,5.611002445220947266e-02,3.185357451438903809e-01,8.328055664062500000e+03,8.441250976562500000e+03,8.441251953125000000e+03,8.440600585937500000e+03,1.938493840929154999e+01
7.699999999999999900e-02,-7.553197814229890839e-02,6.791873376266502338e-02,1.440476870608903281e-01,2.951696634292602539e+00,-2.671074628829956055e+00,-2.073615074157714844e+00,4.612332582473754883e-01,1.172420680522918701e-01,5.609652027487754822e-02,3.185320496559143066e-01,7.553197814229890839e-02,-6.791873376266502338e-02,-1.440476870608903281e-01,0.000000000000000000e+00,0.000000000000000000e+00,0.000000000000000000e+00,4.612332582473754883e-01,1.172420680522918701e-01,5.609652027487754822e-02,3.185320496559143066e-01,8.440581054687500000e+03,8.553817382812500000e+03,8.553818359375000000e+03,8.553125976562500000e+03,1.935387063902594917e+01
7.799999999999999989e-02,-7.857970559875311622e-02,7.065062932539717400e-02,1.461633293189938398e-01,3.045175313949584961e+00,-2.734738826751708984e+00,-2.111965179443359375e+00,4.612267911434173584e-01,1.172324717044830322e-01,5.608247220516204834e-02,3.185278773307800293e-01,7.857970559875311622e-02,-7.065062932539717400e-02,-1.461633293189938398e-01,0.000000000000000000e+00,0.000000000000000000e+00,0.000000000000000000e+00,4.612267911434173584e-01,1.172324717044830322e-01,5.608247220516204834e-02,3.185278773307800293e-01,8.553120117187500000e+03,8.666369140625000000e+03,8.666370117187500000e+03,8.665665039062500000e+03,1.932134063863227169e+01
7.900000000000000078e-02,-8.171985967436956599e-02,7.344736570702001255e-02,1.481963402099968352e-01,3.137594938278198242e+00,-2.799574613571166992e+00,-2.029100656509399414e+00,4.612175524234771729e-01,1.172221451997756958e-01,5.606939643621444702e-02,3.185252845287322998e-01,8.171985967436956599e-02,-7.344736570702001255e-02,-1.481963402099968352e-01,0.000000000000000000e+00,0.000000000000000000e+00,0.000000000000000000e+00,4.612175524234771729e-01,1.172221451997756958e-01,5.606939643621444702e-02,3.185252845287322998e-01,8.665679687500000000e+03,8.778901367187500000e+03,8.778902343750000000e+03,8.778224609375000000e+03,1.928730583238613860e+01
8.000000000000000167e-02,-8.494171960594661119e-02,7.631631618870624023e-02,1.500833239601030988e-01,3.219394445419311523e+00,-2.871692895889282227e+00,-1.882807135581970215e+00,4.612043499946594238e-01,1.172103285789489746e-01,5.605787411332130432e-02,3.185250461101531982e-01,8.494171960594661119e-02,-7.631631618870624023e-02,-1.500833239601030988e-01,0.000000000000000000e+00,0.000000000000000000e+00,0.000000000000000000e+00,4.612043499946594238e-01,1.172103285789489746e-01,5.605787411332130432e-02,3.185250461101531982e-01,8.778250000000000000e+03,8.891422851562500000e+03,8.891423828125000000e+03,8.890794921875000000e+03,1.925174155240899410e+01
8.100000000000000255e-02,-8.823398748990497753e-02,7.926616071666937879e-02,1.518778528010359397e-01,3.289835214614868164e+00,-2.952556610107421875e+00,-1.790069103240966797e+00,4.611890912055969238e-01,1.171974912285804749e-01,5.604694783687591553e-02,3.185263574123382568e-01,8.823398748990497753e-02,-7.926616071666937879e-02,-1.518778528010359397e-01,0.000000000000000000e+00,0.000000000000000000e+00,0.000000000000000000e+00,4.611890912055969238e-01,1.171974912285804749e-01,5.604694783687591553e-02,3.185263574123382568e-01,8.890811523437500000e+03,9.003953125000000000e+03,9.003954101562500000e+03,9.003356445312500000e+03,1.921460630945441039e+01
8.200000000000000344e-02,-9.159511699233889581e-02,8.230045090524171214e-02,1.537183594096238337e-01,3.358533143997192383e+00,-3.037173032760620117e+00,-1.835733175277709961e+00,4.611754119396209717e-01,1.171845644712448120e-01,5.603476241230964661e-02,3.185264170169830322e-01,9.159511699233889581e-02,-8.230045090524171214e-02,-1.537183594096238337e-01,0.000000000000000000e+00,0.000000000000000000e+00,0.000000000000000000e+00,4.611754119396209717e-01,1.171845644712448120e-01,5.603476241230964661e-02,3.185264170169830322e-01,9.003349609375000000e+03,9.116505859375000000e+03,9.116506835937500000e+03,9.115894531250000000e+03,1.917581394575877596e+01
8.300000000000000433e-02,-9.503626018858424285e-02,8.541492889388804799e-02,1.557176267674182102e-01,3.438216209411621094e+00,-3.117732524871826172e+00,-1.994194269180297852e+00,4.611657261848449707e-01,1.171728149056434631e-01,5.601997300982475281e-02,3.185233473777770996e-01,9.503626018858424285e-02,-8.541492889388804799e-02,-1.557176267674182102e-01,0.000000000000000000e+00,0.000000000000000000e+00,0.000000000000000000e+00,4.611657261848449707e-01,1.171728149056434631e-01,5.601997300982475281e-02,3.185233473777770996e-01,9.115869140625000000e+03,9.229078125000000000e+03,9.229079101562500000e+03,9.228413085937500000e+03,1.913523836564412051e+01
8.400000000000000522e-02,-9.857341273260532277e-02,8.860144338102536599e-02,1.578601727482363826e-01,3.533899068832397461e+00,-3.190128087997436523e+00,-2.137156963348388672e+00,4.611595273017883301e-01,1.171624511480331421e-01,5.600301921367645264e-02,3.185173273086547852e-01,9.857341273260532277e-02,-8.860144338102536599e-02,-1.578601727482363826e-01,0.000000000000000000e+00,0.000000000000000000e+00,0.000000000000000000e+00,4.611595273017883301e-01,1.171624511480331421e-01,5.600301921367645264e-02,3.185173273086547852e-01,9.228390625000000000e+03,9.341647460937500000e+03,9.341648437500000000e+03,9.340935546875000000e+03,1.909275159803706501e+01
8.500000000000000611e-02,-1.022143867107923876e-01,9.185569043192023941e-02,1.600023933429449430e-01,3.637605428695678711e+00,-3.257998943328857422e+00,-2.136513948440551758e+00,4.611524343490600586e-01,1.171523407101631165e-01,5.598589405417442322e-02,3.185112476348876953e-01,1.022143867107923876e-01,-9.185569043192023941e-02,-1.600023933429449430e-01,0.000000000000000000e+00,0.000000000000000000e+00,0.000000000000000000e+00,4.611524343490600586e-01,1.171523407101631165e-01,5.598589405417442322e-02,3.185112476348876953e-01,9.340936523437500000e+03,9.454193359375000000e+03,9.454194335937500000e+03,9.453481445312500000e+03,9.048265583446205795e+00
8.599999999999999312e-02,-1.059519823712951475e-01,9.518243188034360147e-02,1.619917734750870031e-01,3.734349966049194336e+00,-3.330349922180175781e+00,-1.983328580856323242e+00,4.611407518386840820e-01,1.171408593654632568e-01,5.597058311104774475e-02,3.185079097747802734e-01,1.059519823712951475e-01,-9.518243188034360147e-02,-1.619917734750870031e-01,0.000000000000000000e+00,0.000000000000000000e+00,0.000000000000000000e+00,4.611407518386840820e-01,1.171408593654632568e-01,5.597058311104774475e-02,3.185079097747802734e-01,9.453507812500000000e+03,9.566713867187500000e+03,9.566713867187500000e+03,9.566052734375000000e+03,9.001738730865538329e+00
8.699999999999999400e-02,-1.097706145008020273e-01,9.859270767137805203e-02,1.638100021303488252e-01,3.815559148788452148e+00,-3.413694858551025391e+00,-1.811807632446289062e+00,4.611242115497589111e-01,1.171274706721305847e-01,5.595726519823074341e-02,3.185079097747802734e-01,1.097706145008020273e-01,-9.859270767137805203e-02,-1.638100021303488252e-01,0.000000000000000000e+00,0.000000000000000000e+00,0.000000000000000000e+00,4.611242115497589111e-01,1.171274706721305847e-01,5.595726519823074341e-02,3.185079097747802734e-01,9.566082031250000000e+03,9.679230468750000000e+03,9.679231445312500000e+03,9.678626953125000000e+03,8.953134904253735371e+00
8.799999999999999489e-02,-1.136616981468574761e-01,1.020946296704420136e-01,1.656045757673784147e-01,3.887935876846313477e+00,-3.505414485931396484e+00,-1.787736535072326660e+00,4.611069560050964355e-01,1.171131283044815063e-01,5.594377964735031128e-02,3.185082376003265381e-01,1.136616981468574761e-01,-1.020946296704420136e-01,-1.656045757673784147e-01,0.000000000000000000e+00,0.000000000000000000e+00,0.000000000000000000e+00,4.611069560050964355e-01,1.171131283044815063e-01,5.594377964735031128e-02,3.185082376003265381e-01,9.678631835937500000e+03,9.791772460937500000e+03,9.791773437500000000e+03,9.791175781250000000e+03,-1.097632266294529702e+00
8.899999999999999578e-02,-1.176334942371583536e-01,1.056861082050822298e-01,1.675605088163404643e-01,3.968259334564208984e+00,-3.595425128936767578e+00,-1.948679208755493164e+00,4.610942304134368896e-01,1.170998290181159973e-01,5.592755228281021118e-02,3.185053765773773193e-01,1.176334942371583536e-01,-1.056861082050822298e-01,-1.675605088163404643e-01,0.000000000000000000e+00,0.000000000000000000e+00,0.000000000000000000e+00,4.610942304134368896e-01,1.170998290181159973e-01,5.592755228281021118e-02,3.185053765773773193e-01,9.791150390625000000e+03,9.904344726562500000e+03,9.904345703125000000e+03,9.903695312500000000e+03,-1.150715982843300456e+00
8.999999999999999667e-02,-1.217051570011420392e-01,1.093571385805576363e-01,1.697183335721653974e-01,4.067603588104248047e+00,-3.675526618957519531e+00,-2.150148630142211914e+00,4.610868990421295166e-01,1.170885190367698669e-01,5.590799450874328613e-02,3.184981644153594971e-01,1.217051570011420392e-01,-1.093571385805576363e-01,-1.697183335721653974e-01,0.000000000000000000e+00,0.000000000000000000e+00,0.000000000000000000e+00,4.610868990421295166e-01,1.170885190367698669e-01,5.590799450874328613e-02,3.184981644153594971e-01,9.903663085937500000e+03,1.001692382812500000e+04,1.001692480468750000e+04,1.001620703125000000e+04,-1.206291424593013195e+00
9.099999999999999756e-02,-1.258890132876767654e-01,1.131002002458471323e-01,1.719182623789513586e-01,4.179592132568359375e+00,-3.747813463211059570e+00,-2.191837549209594727e+00,4.610807597637176514e-01,1.170781478285789490e-01,5.588734522461891174e-02,3.184894919395446777e-01,1.258890132876767654e-01,-1.131002002458471323e-01,-1.719182623789513586e-01,0.000000000000000000e+00,0.000000000000000000e+00,0.000000000000000000e+00,4.610807597637176514e-01,1.170781478285789490e-01,5.588734522461891174e-02,3.184894919395446777e-01,1.001620117187500000e+04,1.012947656250000000e+04,1.012947753906250000e+04,1.012874609375000000e+04,-1.264487012494606821e+00
9.199999999999999845e-02,-1.301784503440971408e-01,1.169193147680700345e-01,1.739477180730620853e-01,4.285365104675292969e+00,-3.823641300201416016e+00,-2.020916223526000977e+00,4.610691964626312256e-01,1.170664876699447632e-01,5.586871504783630371e-02,3.184837400913238525e-01,1.301784503440971408e-01,-1.169193147680700345e-01,-1.739477180730620853e-01,0.000000000000000000e+00,0.000000000000000000e+00,0.000000000000000000e+00,4.610691964626312256e-01,1.170664876699447632e-01,5.586871504783630371e-02,3.184837400913238525e-01,1.012877539062500000e+04,1.024199414062500000e+04,1.024199511718750000e+04,1.024132031250000000e+04,-1.325361376217257803e+00
9.299999999999999933e-02,-1.345547128152335958e-01,1.208277226336153254e-01,1.757628660528471887e-01,4.372500896453857422e+00,-3.912595510482788086e+00,-1.806108593940734863e+00,4.610510170459747314e-01,1.170522794127464294e-01,5.585297569632530212e-02,3.184825181961059570e-01,1.345547128152335958e-01,-1.208277226336153254e-01,-1.757628660528471887e-01,0.000000000000000000e+00,0.000000000000000000e+00,0.000000000000000000e+00,4.610510170459747314e-01,1.170522794127464294e-01,5.585297569632530212e-02,3.184825181961059570e-01,1.024135742187500000e+04,1.035450390625000000e+04,1.035450488281250000e+04,1.035390136718750000e+04,-1.388958270597984823e+00
9.400000000000000022e-02,-1.390076073286623803e-01,1.248352445758284246e-01,1.775523283266487451e-01,4.449050903320312500e+00,-4.011772632598876953e+00,-1.779873847961425781e+00,4.610311985015869141e-01,1.170367151498794556e-01,5.583749711513519287e-02,3.184824883937835693e-01,1.390076073286623803e-01,-1.248352445758284246e-01,-1.775523283266487451e-01,0.000000000000000000e+00,0.000000000000000000e+00,0.000000000000000000e+00,4.610311985015869141e-01,1.170367151498794556e-01,5.583749711513519287e-02,3.184824883937835693e-01,1.035390722656250000e+04,1.046704492187500000e+04,1.046704589843750000e+04,1.046645117187500000e+04,-1.455390053075745316e+00
9.500000000000000111e-02,-1.435483304839710594e-01,1.289381805857177377e-01,1.795500734261546716e-01,4.536312103271484375e+00,-4.107855796813964844e+00,-1.987619638442993164e+00,4.610171616077423096e-01,1.170225068926811218e-01,5.581856518983840942e-02,3.184783756732940674e-01,1.435483304839710594e-01,-1.289381805857177377e-01,-1.795500734261546716e-01,0.000000000000000000e+00,0.000000000000000000e+00,0.000000000000000000e+00,4.610171616077423096e-01,1.170225068926811218e-01,5.581856518983840942e-02,3.184783756732940674e-01,1.046641796875000000e+04,1.057962500000000000e+04,1.057962597656250000e+04,1.057896289062500000e+04,-1.524859459540573337e+00
9.600000000000000200e-02,-1.481995453526425421e-01,1.331236543939655070e-01,1.817756593637926410e-01,4.646117687225341797e+00,-4.191126346588134766e+00,-2.214920043945312500e+00,4.610102772712707520e-01,1.170109286904335022e-01,5.579549074172973633e-02,3.184685111045837402e-01,1.481995453526425421e-01,-1.331236543939655070e-01,-1.817756593637926410e-01,0.000000000000000000e+00,0.000000000000000000e+00,0.000000000000000000e+00,4.610102772712707520e-01,1.170109286904335022e-01,5.579549074172973633e-02,3.184685111045837402e-01,1.057892578125000000e+04,1.069220898437500000e+04,1.069220996093750000e+04,1.069147070312500000e+04,-1.597586862479648762e+00
9.700000000000000289e-02,-1.529713285817212998e-01,1.373845725153141628e-01,1.839922167911283157e-01,4.766563415527343750e+00,-4.266736984252929688e+00,-2.205350637435913086e+00,4.610035419464111328e-01,1.170002371072769165e-01,5.577163770794868469e-02,3.184576928615570068e-01,1.529713285817212998e-01,-1.373845725153141628e-01,-1.839922167911283157e-01,0.000000000000000000e+00,0.000000000000000000e+00,0.000000000000000000e+00,4.610035419464111328e-01,1.170002371072769165e-01,5.577163770794868469e-02,3.184576928615570068e-01,1.069147363281250000e+04,1.080475292968750000e+04,1.080475390625000000e+04,1.080401757812500000e+04,-1.673714746452634961e+00
9.800000000000000377e-02,-1.578499320142124906e-01,1.417295268818204168e-01,1.859608206798723795e-01,4.873808860778808594e+00,-4.350280284881591797e+00,-1.956802725791931152e+00,4.609892666339874268e-01,1.169873699545860291e-01,5.575103685259819031e-02,3.184514641761779785e-01,1.578499320142124906e-01,-1.417295268818204168e-01,-1.859608206798723795e-01,0.000000000000000000e+00,0.000000000000000000e+00,0.000000000000000000e+00,4.609892666339874268e-01,1.169873699545860291e-01,5.575103685259819031e-02,3.184514641761779785e-01,1.080406054687500000e+04,1.091725683593750000e+04,1.091725781250000000e+04,1.091660449218750000e+04,-1.753300033107602740e+00
9.900000000000000466e-02,-1.628138746814253301e-01,1.461748774479307567e-01,1.877251950511460710e-01,4.959504604339599609e+00,-4.450257778167724609e+00,-1.751926898956298828e+00,4.609673321247100830e-01,1.169714331626892090e-01,5.573358759284019470e-02,3.184505403041839600e-01,1.628138746814253301e-01,-1.461748774479307567e-01,-1.877251950511460710e-01,0.000000000000000000e+00,0.000000000000000000e+00,0.000000000000000000e+00,4.609673321247100830e-01,1.169714331626892090e-01,5.573358759284019470e-02,3.184505403041839600e-01,1.091664062500000000e+04,1.102976855468750000e+04,1.102976953125000000e+04,1.102918457031250000e+04,-1.836416234550290127e+00
1.000000000000000056e-01,-1.678607527703634417e-01,1.507264987173327353e-01,1.895834838994745197e-01,5.042065620422363281e+00,-4.556972980499267578e+00,-1.845131397247314453e+00,4.609468281269073486e-01,1.169549375772476196e-01,5.571506917476654053e-02,3.184489607810974121e-01,1.678607527703634417e-01,-1.507264987173327353e-01,-1.895834838994745197e-01,0.000000000000000000e+00,0.000000000000000000e+00,0.000000000000000000e+00,4.609468281269073486e-01,1.169549375772476196e-01,5.571506917476654053e-02,3.184489607810974121e-01,1.102917089843750000e+04,1.114233007812500000e+04,1.114233105468750000e+04,1.114171484375000000e+04,-1.923253841653971730e+00
1.010000000000000064e-01,-1.730125524388116121e-01,1.553731324749227927e-01,1.917419004738904753e-01,5.146038532257080078e+00,-4.653042316436767578e+00,-2.144583702087402344e+00,4.609352648258209229e-01,1.169411242008209229e-01,5.569136515259742737e-02,3.184405565261840820e-01,1.730125524388116121e-01,-1.553731324749227927e-01,-1.917419004738904753e-01,0.000000000000000000e+00,0.000000000000000000e+00,0.000000000000000000e+00,4.609352648258209229e-01,1.169411242008209229e-01,5.569136515259742737e-02,3.184405565261840820e-01,1.114166601562500000e+04,1.125492578125000000e+04,1.125492675781250000e+04,1.125420996093750000e+04,-2.014092951647773688e+00
1.019999999999999934e-01,-1.782909385661972657e-01,1.601004140848795720e-01,1.940477834019674330e-01,5.272044181823730469e+00,-4.734327316284179688e+00,-2.291381835937500000e+00,4.609299004077911377e-01,1.169300675392150879e-01,5.566394329071044922e-02,3.184270858764648438e-01,1.782909385661972657e-01,-1.601004140848795720e-01,-1.940477834019674330e-01,0.000000000000000000e+00,0.000000000000000000e+00,0.000000000000000000e+00,4.609299004077911377e-01,1.169300675392150879e-01,5.566394329071044922e-02,3.184270858764648438e-01,1.125418750000000000e+04,1.136749609375000000e+04,1.136749707031250000e+04,1.136673144531250000e+04,-2.109167295255955921e+00
1.029999999999999943e-01,-1.836909657631653203e-01,1.649101018210079872e-01,1.961546927697755405e-01,5.394049644470214844e+00,-4.816309452056884766e+00,-2.091684341430664062e+00,4.609194993972778320e-01,1.169182136654853821e-01,5.563836172223091125e-02,3.184159994125366211e-01,1.836909657631653203e-01,-1.649101018210079872e-01,-1.961546927697755405e-01,0.000000000000000000e+00,0.000000000000000000e+00,0.000000000000000000e+00,4.609194993972778320e-01,1.169182136654853821e-01,5.563836172223091125e-02,3.184159994125366211e-01,1.136676660156250000e+04,1.148000781250000000e+04,1.148000878906250000e+04,1.147931054687500000e+04,-2.208581671337180641e+00
1.039999999999999952e-01,-1.891873198500852171e-01,1.698202379230906722e-01,1.979569827624637346e-01,5.491090774536132812e+00,-4.915987968444824219e+00,-1.786298274993896484e+00,4.608979225158691406e-01,1.169025376439094543e-01,5.561771988868713379e-02,3.184124827384948730e-01,1.891873198500852171e-01,-1.698202379230906722e-01,-1.979569827624637346e-01,0.000000000000000000e+00,0.000000000000000000e+00,0.000000000000000000e+00,4.608979225158691406e-01,1.169025376439094543e-01,5.561771988868713379e-02,3.184124827384948730e-01,1.147936328125000000e+04,1.159250292968750000e+04,1.159250390625000000e+04,1.159190722656250000e+04,-2.312399393561912486e+00
1.049999999999999961e-01,-1.947680577669123336e-01,1.748436128964224179e-01,1.997494226648343640e-01,5.575341701507568359e+00,-5.029345512390136719e+00,-1.775596499443054199e+00,4.608731567859649658e-01,1.168845966458320618e-01,5.559817329049110413e-02,3.184115886688232422e-01,1.947680577669123336e-01,-1.748436128964224179e-01,-1.997494226648343640e-01,0.000000000000000000e+00,0.000000000000000000e+00,0.000000000000000000e+00,4.608731567859649658e-01,1.168845966458320618e-01,5.559817329049110413e-02,3.184115886688232422e-01,1.159191113281250000e+04,1.170504687500000000e+04,1.170504785156250000e+04,1.170445410156250000e+04,-2.420804110713816293e+00
1.059999999999999970e-01,-2.004526203937688766e-01,1.799714620600394999e-01,2.018631620988472763e-01,5.678019046783447266e+00,-5.135107040405273438e+00,-2.096025705337524414e+00,4.608572423458099365e-01,1.168688982725143433e-01,5.557357147336006165e-02,3.184043169021606445e-01,2.004526203937688766e-01,-1.799714620600394999e-01,-2.018631620988472763e-01,0.000000000000000000e+00,0.000000000000000000e+00,0.000000000000000000e+00,4.608572423458099365e-01,1.168688982725143433e-01,5.557357147336006165e-02,3.184043169021606445e-01,1.170440332031250000e+04,1.181764550781250000e+04,1.181764648437500000e+04,1.181694628906250000e+04,-2.534123827105118298e+00
1.069999999999999979e-01,-2.062685731850876780e-01,1.851854235992650977e-01,2.042159473872865449e-01,5.808465480804443359e+00,-5.222290515899658203e+00,-2.334255933761596680e+00,4.608514904975891113e-01,1.168570816516876221e-01,5.554317682981491089e-02,3.183889687061309814e-01,2.062685731850876780e-01,-1.851854235992650977e-01,-2.042159473872865449e-01,0.000000000000000000e+00,0.000000000000000000e+00,0.000000000000000000e+00,4.608514904975891113e-01,1.168570816516876221e-01,5.554317682981491089e-02,3.183889687061309814e-01,1.181690917968750000e+04,1.193023144531250000e+04,1.193023242187500000e+04,1.192945312500000000e+04,-2.652668345669856542e+00
1.079999999999999988e-01,-2.122153245357303875e-01,1.904835323448963169e-01,2.063939326986232448e-01,5.939612388610839844e+00,-5.306023597717285156e+00,-2.158612728118896484e+00,4.608429372310638428e-01,1.168454512953758240e-01,5.551357939839363098e-02,3.183745145797729492e-01,2.122153245357303875e-01,-1.904835323448963169e-01,-2.063939326986232448e-01,0.000000000000000000e+00,0.000000000000000000e+00,0.000000000000000000e+00,4.608429372310638428e-01,1.168454512953758240e-01,5.551357939839363098e-02,3.183745145797729492e-01,1.192948437500000000e+04,1.204274804687500000e+04,1.204274902343750000e+04,1.204202734375000000e+04,-2.776586121187055056e+00
1.089999999999999997e-01,-2.182648777002934581e-01,1.958854681202595316e-01,2.082102033156588428e-01,6.043445110321044922e+00,-5.408731460571289062e+00,-1.795956373214721680e+00,4.608209431171417236e-01,1.168296113610267639e-01,5.548993125557899475e-02,3.183688819408416748e-01,2.182648777002934581e-01,-1.958854681202595316e-01,-2.082102033156588428e-01,0.000000000000000000e+00,0.000000000000000000e+00,0.000000000000000000e+00,4.608209431171417236e-01,1.168296113610267639e-01,5.548993125557899475e-02,3.183688819408416748e-01,1.204208984375000000e+04,1.215523242187500000e+04,1.215523437500000000e+04,1.215463378906250000e+04,-2.905948283410020316e+00
1.100000000000000006e-01,-2.244021543108206673e-01,2.014070537403269967e-01,2.099904031892459166e-01,6.131101131439208984e+00,-5.528413295745849609e+00,-1.758842349052429199e+00,4.607930481433868408e-01,1.168104931712150574e-01,5.546862259507179260e-02,3.183677792549133301e-01,2.244021543108206673e-01,-2.014070537403269967e-01,-2.099904031892459166e-01,0.000000000000000000e+00,0.000000000000000000e+00,0.000000000000000000e+00,4.607930481433868408e-01,1.168104931712150574e-01,5.546862259507179260e-02,3.183677792549133301e-01,1.215464160156250000e+04,1.226777246093750000e+04,1.226777343750000000e+04,1.226718554687500000e+04,-3.040965380997298517e+00
1.110000000000000014e-01,-2.306489053097058040e-01,2.070382947426435138e-01,2.121372500903538072e-01,6.239089965820312500e+00,-5.639729976654052734e+00,-2.124455690383911133e+00,4.607752859592437744e-01,1.167937219142913818e-01,5.544168874621391296e-02,3.183596432209014893e-01,2.306489053097058040e-01,-2.070382947426435138e-01,-2.121372500903538072e-01,0.000000000000000000e+00,0.000000000000000000e+00,0.000000000000000000e+00,4.607752859592437744e-01,1.167937219142913818e-01,5.544168874621391296e-02,3.183596432209014893e-01,1.226712695312500000e+04,1.238037890625000000e+04,1.238037988281250000e+04,1.237966992187500000e+04,-3.182031366883703249e+00
1.120000000000000023e-01,-2.370351487802902224e-01,2.127581241361704845e-01,2.145405720569819041e-01,6.377447605133056641e+00,-5.729584217071533203e+00,-2.379938125610351562e+00,4.607697725296020508e-01,1.167817115783691406e-01,5.540792644023895264e-02,3.183418214321136475e-01,2.370351487802902224e-01,-2.127581241361704845e-01,-2.145405720569819041e-01,0.000000000000000000e+00,0.000000000000000000e+00,0.000000000000000000e+00,4.607697725296020508e-01,1.167817115783691406e-01,5.540792644023895264e-02,3.183418214321136475e-01,1.237962988281250000e+04,1.249296679687500000e+04,1.249296875000000000e+04,1.249217382812500000e+04,-3.329510705085476641e+00
1.130000000000000032e-01,-2.435561650249302157e-01,2.185664954089424628e-01,2.167049226388813032e-01,6.512874603271484375e+00,-5.817398071289062500e+00,-2.139961242675781250e+00,4.607606232166290283e-01,1.167697310447692871e-01,5.537528544664382935e-02,3.183254897594451904e-01,2.435561650249302157e-01,-2.185664954089424628e-01,-2.167049226388813032e-01,0.000000000000000000e+00,0.000000000000000000e+00,0.000000000000000000e+00,4.607606232166290283e-01,1.167697310447692871e-01,5.537528544664382935e-02,3.183254897594451904e-01,1.249221582031250000e+04,1.260547265625000000e+04,1.260547363281250000e+04,1.260475878906250000e+04,-3.483562647018398462e+00
1.140000000000000041e-01,-2.501795291519333664e-01,2.244873691474029986e-01,2.184771127416180736e-01,6.616505622863769531e+00,-5.928471565246582031e+00,-1.746651411056518555e+00,4.607355296611785889e-01,1.167526096105575562e-01,5.534987896680831909e-02,3.183198571205139160e-01,2.501795291519333664e-01,-2.244873691474029986e-01,-2.184771127416180736e-01,0.000000000000000000e+00,0.000000000000000000e+00,0.000000000000000000e+00,4.607355296611785889e-01,1.167526096105575562e-01,5.534987896680831909e-02,3.183198571205139160e-01,1.260482714843750000e+04,1.271795312500000000e+04,1.271795410156250000e+04,1.271737011718750000e+04,-3.644279271523717778e+00
1.150000000000000050e-01,-2.568955868320776381e-01,2.305343873388271958e-01,2.203080782709438135e-01,6.708805561065673828e+00,-6.055058002471923828e+00,-1.804180026054382324e+00,4.607053995132446289e-01,1.167322844266891479e-01,5.532625690102577209e-02,3.183178603649139404e-01,2.568955868320776381e-01,-2.305343873388271958e-01,-2.203080782709438135e-01,0.000000000000000000e+00,0.000000000000000000e+00,0.000000000000000000e+00,4.607053995132446289e-01,1.167322844266891479e-01,5.532625690102577209e-02,3.183178603649139404e-01,1.271736328125000000e+04,1.283050878906250000e+04,1.283050976562500000e+04,1.282990625000000000e+04,-3.811956367154639924e+00
1.160000000000000059e-01,-2.637352484798471952e-01,2.366903727741936636e-01,2.225876999577786619e-01,6.830365180969238281e+00,-6.166293144226074219e+00,-2.251609563827514648e+00,4.606895744800567627e-01,1.167156994342803955e-01,5.529504269361495972e-02,3.183060884475708008e-01,2.637352484798471952e-01,-2.366903727741936636e-01,-2.225876999577786619e-01,0.000000000000000000e+00,0.000000000000000000e+00,0.000000000000000000e+00,4.606895744800567627e-01,1.167156994342803955e-01,5.529504269361495972e-02,3.183060884475708008e-01,1.282983398437500000e+04,1.294312890625000000e+04,1.294312988281250000e+04,1.294237695312500000e+04,-3.987080265181847327e+00
1.170000000000000068e-01,-2.707244829915743112e-01,2.429344753930397227e-01,2.250192005189171063e-01,6.979067802429199219e+00,-6.255374908447265625e+00,-2.402325868606567383e+00,4.606853723526000977e-01,1.167041286826133728e-01,5.525718629360198975e-02,3.182848393917083740e-01,2.707244829915743112e-01,-2.429344753930397227e-01,-2.250192005189171063e-01,0.000000000000000000e+00,0.000000000000000000e+00,0.000000000000000000e+00,4.606853723526000977e-01,1.167041286826133728e-01,5.525718629360198975e-02,3.182848393917083740e-01,1.294235449218750000e+04,1.305569921875000000e+04,1.305570019531250000e+04,1.305489746093750000e+04,-4.170022810809566494e+00
1.179999999999999938e-01,-2.778438347677560927e-01,2.492770202742478625e-01,2.270513398681739958e-01,7.110603332519531250e+00,-6.352184295654296875e+00,-2.001751184463500977e+00,4.606716334819793701e-01,1.166907399892807007e-01,5.522338300943374634e-02,3.182690441608428955e-01,2.778438347677560927e-01,-2.492770202742478625e-01,-2.270513398681739958e-01,0.000000000000000000e+00,0.000000000000000000e+00,0.000000000000000000e+00,4.606716334819793701e-01,1.166907399892807007e-01,5.522338300943374634e-02,3.182690441608428955e-01,1.305496777343750000e+04,1.316817871093750000e+04,1.316817968750000000e+04,1.316751074218750000e+04,-4.360911351100759781e+00
1.189999999999999947e-01,-2.850599429261300721e-01,2.557460355950627595e-01,2.287650623285964469e-01,7.208558082580566406e+00,-6.477358818054199219e+00,-1.681908369064331055e+00,4.606401622295379639e-01,1.166709512472152710e-01,5.519754439592361450e-02,3.182654082775115967e-01,2.850599429261300721e-01,-2.557460355950627595e-01,-2.287650623285964469e-01,0.000000000000000000e+00,0.000000000000000000e+00,0.000000000000000000e+00,4.606401622295379639e-01,1.166709512472152710e-01,5.519754439592361450e-02,3.182654082775115967e-01,1.316756640625000000e+04,1.328067089843750000e+04,1.328067187500000000e+04,1.328010937500000000e+04,-4.559910010626605725e+00
1.199999999999999956e-01,-2.923821158982259916e-01,2.623430473425526488e-01,2.307818012552890485e-01,7.313069820404052734e+00,-6.607083320617675781e+00,-1.983429670333862305e+00,4.606111943721771240e-01,1.166501119732856750e-01,5.516987293958663940e-02,3.182606697082519531e-01,2.923821158982259916e-01,-2.623430473425526488e-01,-2.307818012552890485e-01,0.000000000000000000e+00,0.000000000000000000e+00,0.000000000000000000e+00,4.606111943721771240e-01,1.166501119732856750e-01,5.516987293958663940e-02,3.182606697082519531e-01,1.328006152343750000e+04,1.339326660156250000e+04,1.339326757812500000e+04,1.339260449218750000e+04,-4.767481426603342065e+00
1.209999999999999964e-01,-2.998502890547730670e-01,2.690407698495168032e-01,2.332518749857597495e-01,7.456711769104003906e+00,-6.710420131683349609e+00,-2.435400247573852539e+00,4.606017768383026123e-01,1.166355386376380920e-01,5.513184890151023865e-02,3.182418942451477051e-01,2.998502890547730670e-01,-2.690407698495168032e-01,-2.332518749857597495e-01,0.000000000000000000e+00,0.000000000000000000e+00,0.000000000000000000e+00,4.606017768383026123e-01,1.166355386376380920e-01,5.513184890151023865e-02,3.182418942451477051e-01,1.339253222656250000e+04,1.350588769531250000e+04,1.350588867187500000e+04,1.350507519531250000e+04,-4.984180995475166576e+00
1.219999999999999973e-01,-3.074700384133600695e-01,2.758296650586794518e-01,2.355665026331812129e-01,7.608754634857177734e+00,-6.801054954528808594e+00,-2.278599500656127930e+00,4.605964124202728271e-01,1.166241466999053955e-01,5.509101599454879761e-02,3.182184100151062012e-01,3.074700384133600695e-01,-2.758296650586794518e-01,-2.355665026331812129e-01,0.000000000000000000e+00,0.000000000000000000e+00,0.000000000000000000e+00,4.605964124202728271e-01,1.166241466999053955e-01,5.509101599454879761e-02,3.182184100151062012e-01,1.350510449218750000e+04,1.361840722656250000e+04,1.361840820312500000e+04,1.361764648437500000e+04,-5.210292401286291231e+00
1.229999999999999982e-01,-3.152032011760629304e-01,2.827371081794150531e-01,2.373631453778056177e-01,7.724395751953125000e+00,-6.917099952697753906e+00,-1.759066820144653320e+00,4.605715274810791016e-01,1.166070848703384399e-01,5.505902692675590515e-02,3.182076513767242432e-01,3.152032011760629304e-01,-2.827371081794150531e-01,-2.373631453778056177e-01,0.000000000000000000e+00,0.000000000000000000e+00,0.000000000000000000e+00,4.605715274810791016e-01,1.166070848703384399e-01,5.505902692675590515e-02,3.182076513767242432e-01,1.361773632812500000e+04,1.373086621093750000e+04,1.373086718750000000e+04,1.373027929687500000e+04,-5.445926994443232694e+00
1.239999999999999991e-01,-3.230349324977203618e-01,2.897828638740790330e-01,2.391781620619188031e-01,7.822673797607421875e+00,-7.055772781372070312e+00,-1.775716900825500488e+00,4.605353176593780518e-01,1.165844202041625977e-01,5.503199622035026550e-02,3.182054758071899414e-01,3.230349324977203618e-01,-2.897828638740790330e-01,-2.391781620619188031e-01,0.000000000000000000e+00,0.000000000000000000e+00,0.000000000000000000e+00,4.605353176593780518e-01,1.165844202041625977e-01,5.503199622035026550e-02,3.182054758071899414e-01,1.373027929687500000e+04,1.384341503906250000e+04,1.384341601562500000e+04,1.384282226562500000e+04,-5.691458863459420314e+00
1.250000000000000000e-01,-3.310028424201282293e-01,2.969452407190655840e-01,2.415498145313326739e-01,7.955769062042236328e+00,-7.175804615020751953e+00,-2.330689668655395508e+00,4.605158269405364990e-01,1.165658831596374512e-01,5.499600619077682495e-02,3.181918263435363770e-01,3.310028424201282293e-01,-2.969452407190655840e-01,-2.415498145313326739e-01,0.000000000000000000e+00,0.000000000000000000e+00,0.000000000000000000e+00,4.605158269405364990e-01,1.165658831596374512e-01,5.499600619077682495e-02,3.181918263435363770e-01,1.384273242187500000e+04,1.395605273437500000e+04,1.395605371093750000e+04,1.395527539062500000e+04,-5.947544534035449360e+00
1.260000000000000009e-01,-3.391335006521756790e-01,3.041997315779568778e-01,2.440481088569239898e-01,8.117562294006347656e+00,-7.268963336944580078e+00,-2.455794095993041992e+00,4.605126976966857910e-01,1.165542304515838623e-01,5.495110154151916504e-02,3.181651234626770020e-01,3.391335006521756790e-01,-3.041997315779568778e-01,-2.440481088569239898e-01,0.000000000000000000e+00,0.000000000000000000e+00,0.000000000000000000e+00,4.605126976966857910e-01,1.165542304515838623e-01,5.495110154151916504e-02,3.181651234626770020e-01,1.395525781250000000e+04,1.406861914062500000e+04,1.406862109375000000e+04,1.406779980468750000e+04,-6.214653021428790503e+00
1.270000000000000018e-01,-3.473952237853332736e-01,3.115652800219425034e-01,2.459999507140668007e-01,8.251226425170898438e+00,-7.377110004425048828e+00,-1.907669425010681152e+00,4.604958295822143555e-01,1.165396794676780701e-01,5.491223558783531189e-02,3.181467056274414062e-01,3.473952237853332736e-01,-3.115652800219425034e-01,-2.459999507140668007e-01,0.000000000000000000e+00,0.000000000000000000e+00,0.000000000000000000e+00,4.604958295822143555e-01,1.165396794676780701e-01,5.491223558783531189e-02,3.181467056274414062e-01,1.406789453125000000e+04,1.418107421875000000e+04,1.418107519531250000e+04,1.418043652343750000e+04,-6.492925362404126766e+00
1.280000000000000027e-01,-3.557564207976551818e-01,3.190732792130674400e-01,2.477193373267178034e-01,8.351737976074218750e+00,-7.518421173095703125e+00,-1.673248767852783203e+00,4.604575335979461670e-01,1.165169253945350647e-01,5.488318577408790588e-02,3.181434273719787598e-01,3.557564207976551818e-01,-3.190732792130674400e-01,-2.477193373267178034e-01,0.000000000000000000e+00,0.000000000000000000e+00,0.000000000000000000e+00,4.604575335979461670e-01,1.165169253945350647e-01,5.488318577408790588e-02,3.181434273719787598e-01,1.418047949218750000e+04,1.429358007812500000e+04,1.429358203125000000e+04,1.429302148437500000e+04,-6.782660620936253437e+00
1.290000000000000036e-01,-3.642465808995170584e-01,3.267109581284580733e-01,2.499791885917197476e-01,8.477456092834472656e+00,-7.651738643646240234e+00,-2.211783647537231445e+00,4.604289531707763672e-01,1.164952293038368225e-01,5.484859645366668701e-02,3.181339204311370850e-01,3.642465808995170584e-01,-3.267109581284580733e-01,-2.499791885917197476e-01,0.000000000000000000e+00,0.000000000000000000e+00,0.000000000000000000e+00,4.604289531707763672e-01,1.164952293038368225e-01,5.484859645366668701e-02,3.181339204311370850e-01,1.429293554687500000e+04,1.440621582031250000e+04,1.440621679687500000e+04,1.440547753906250000e+04,-7.084565837523431497e+00
1.300000000000000044e-01,-3.729050312889616303e-01,3.344453957154374657e-01,2.525731383209365855e-01,8.643464088439941406e+00,-7.750962257385253906e+00,-2.544098615646362305e+00,4.604243338108062744e-01,1.164822056889533997e-01,5.480141192674636841e-02,3.181065022945404053e-01,3.729050312889616303e-01,-3.344453957154374657e-01,-2.525731383209365855e-01,0.000000000000000000e+00,0.000000000000000000e+00,0.000000000000000000e+00,4.604243338108062744e-01,1.164822056889533997e-01,5.480141192674636841e-02,3.181065022945404053e-01,1.440542578125000000e+04,1.451881738281250000e+04,1.451881835937500000e+04,1.451796777343750000e+04,-7.399270912800595568e+00
1.310000000000000053e-01,-3.817075568295144605e-01,3.422873754381899336e-01,2.546538486552532565e-01,8.790234565734863281e+00,-7.855517864227294922e+00,-2.029008626937866211e+00,4.604128003120422363e-01,1.164691671729087830e-01,5.475674942135810852e-02,3.180821537971496582e-01,3.817075568295144605e-01,-3.422873754381899336e-01,-2.546538486552532565e-01,0.000000000000000000e+00,0.000000000000000000e+00,0.000000000000000000e+00,4.604128003120422363e-01,1.164691671729087830e-01,5.475674942135810852e-02,3.180821537971496582e-01,1.451805761718750000e+04,1.463127636718750000e+04,1.463127832031250000e+04,1.463059863281250000e+04,-7.726980801760650053e+00
1.320000000000000062e-01,-3.906132938519055187e-01,3.502746007578271814e-01,2.563425883714107179e-01,8.895538330078125000e+00,-7.998404502868652344e+00,-1.634821057319641113e+00,4.603743851184844971e-01,1.164466813206672668e-01,5.472459271550178528e-02,3.180763721466064453e-01,3.906132938519055187e-01,-3.502746007578271814e-01,-2.563425883714107179e-01,0.000000000000000000e+00,0.000000000000000000e+00,0.000000000000000000e+00,4.603743851184844971e-01,1.164466813206672668e-01,5.472459271550178528e-02,3.180763721466064453e-01,1.463066894531250000e+04,1.474375683593750000e+04,1.474375781250000000e+04,1.474321093750000000e+04,-8.067963365643494811e+00
1.330000000000000071e-01,-3.996464587808536417e-01,3.584002767585632854e-01,2.585467078036952082e-01,9.019525527954101562e+00,-8.140700340270996094e+00,-2.147996902465820312e+00,4.603395760059356689e-01,1.164228767156600952e-01,5.468993633985519409e-02,3.180689811706542969e-01,3.996464587808536417e-01,-3.584002767585632854e-01,-2.585467078036952082e-01,0.000000000000000000e+00,0.000000000000000000e+00,0.000000000000000000e+00,4.603395760059356689e-01,1.164228767156600952e-01,5.468993633985519409e-02,3.180689811706542969e-01,1.474312890625000000e+04,1.485638769531250000e+04,1.485638867187500000e+04,1.485567089843750000e+04,-8.422977816156315356e+00
1.340000000000000080e-01,-4.088527836990387132e-01,3.666267381386958957e-01,2.611985638076832483e-01,9.189576148986816406e+00,-8.244974136352539062e+00,-2.593694686889648438e+00,4.603332281112670898e-01,1.164086833596229553e-01,5.464049428701400757e-02,3.180408477783203125e-01,4.088527836990387132e-01,-3.666267381386958957e-01,-2.611985638076832483e-01,0.000000000000000000e+00,0.000000000000000000e+00,0.000000000000000000e+00,4.603332281112670898e-01,1.164086833596229553e-01,5.464049428701400757e-02,3.180408477783203125e-01,1.485560058593750000e+04,1.496900781250000000e+04,1.496900878906250000e+04,1.496814160156250000e+04,-8.792778269748184883e+00
1.350000000000000089e-01,-4.182102810557714601e-01,3.749615367517241116e-01,2.633368638000661011e-01,9.343631744384765625e+00,-8.349999427795410156e+00,-2.078032970428466797e+00,4.603240489959716797e-01,1.163962110877037048e-01,5.459143221378326416e-02,3.180124759674072266e-01,4.182102810557714601e-01,-3.749615367517241116e-01,-2.633368638000661011e-01,0.000000000000000000e+00,0.000000000000000000e+00,0.000000000000000000e+00,4.603240489959716797e-01,1.163962110877037048e-01,5.459143221378326416e-02,3.180124759674072266e-01,1.496823242187500000e+04,1.508146777343750000e+04,1.508146875000000000e+04,1.508077343750000000e+04,-9.177620566808201374e+00
1.360000000000000098e-01,-4.276736380138182470e-01,3.834462707429932005e-01,2.650158286040007471e-01,9.452267646789550781e+00,-8.496902465820312500e+00,-1.616252303123474121e+00,4.602843523025512695e-01,1.163733974099159241e-01,5.455667898058891296e-02,3.180051147937774658e-01,4.276736380138182470e-01,-3.834462707429932005e-01,-2.650158286040007471e-01,0.000000000000000000e+00,0.000000000000000000e+00,0.000000000000000000e+00,4.602843523025512695e-01,1.163733974099159241e-01,5.455667898058891296e-02,3.180051147937774658e-01,1.508085449218750000e+04,1.519393652343750000e+04,1.519393750000000000e+04,1.519339648437500000e+04,-9.577789739417550408e+00
1.370000000000000107e-01,-4.372691477593341758e-01,3.920740099960750569e-01,2.672494753045649429e-01,9.580391883850097656e+00,-8.644361495971679688e+00,-2.168416023254394531e+00,4.602464735507965088e-01,1.163482964038848877e-01,5.452040582895278931e-02,3.179976642131805420e-01,4.372691477593341758e-01,-3.920740099960750569e-01,-2.672494753045649429e-01,0.000000000000000000e+00,0.000000000000000000e+00,0.000000000000000000e+00,4.602464735507965088e-01,1.163482964038848877e-01,5.452040582895278931e-02,3.179976642131805420e-01,1.519330859375000000e+04,1.530657421875000000e+04,1.530657519531250000e+04,1.530584960937500000e+04,-9.994138358364692110e+00
1.380000000000000115e-01,-4.470446732209834018e-01,4.008037261501755100e-01,2.699500293080236424e-01,9.756837844848632812e+00,-8.750299453735351562e+00,-2.633034467697143555e+00,4.602399468421936035e-01,1.163338422775268555e-01,5.446768179535865784e-02,3.179672658443450928e-01,4.470446732209834018e-01,-4.008037261501755100e-01,-2.699500293080236424e-01,0.000000000000000000e+00,0.000000000000000000e+00,0.000000000000000000e+00,4.602399468421936035e-01,1.163338422775268555e-01,5.446768179535865784e-02,3.179672658443450928e-01,1.530577636718750000e+04,1.541919726562500000e+04,1.541919824218750000e+04,1.541831835937500000e+04,-1.042750394343921627e+01
1.390000000000000124e-01,-4.569715353106846845e-01,4.096471538331397100e-01,2.720539597450833402e-01,9.911976814270019531e+00,-8.859744071960449219e+00,-2.034065485000610352e+00,4.602303802967071533e-01,1.163211688399314880e-01,5.441562458872795105e-02,3.179368674755096436e-01,4.569715353106846845e-01,-4.096471538331397100e-01,-2.720539597450833402e-01,0.000000000000000000e+00,0.000000000000000000e+00,0.000000000000000000e+00,4.602303802967071533e-01,1.163211688399314880e-01,5.441562458872795105e-02,3.179368674755096436e-01,1.541842285156250000e+04,1.553164355468750000e+04,1.553164453125000000e+04,1.553096289062500000e+04,-1.087815107517999280e+01
1.400000000000000133e-01,-4.670053173714239225e-01,4.186482290490461389e-01,2.737375328099676541e-01,1.002165412902832031e+01,-9.014396667480468750e+00,-1.610894322395324707e+00,4.601869881153106689e-01,1.162968426942825317e-01,5.437941104173660278e-02,3.179299235343933105e-01,4.670053173714239225e-01,-4.186482290490461389e-01,-2.737375328099676541e-01,0.000000000000000000e+00,0.000000000000000000e+00,0.000000000000000000e+00,4.601869881153106689e-01,1.162968426942825317e-01,5.437941104173660278e-02,3.179299235343933105e-01,1.553103906250000000e+04,1.564411816406250000e+04,1.564411914062500000e+04,1.564357910156250000e+04,-1.134644361818796732e+01
1.409999999999999865e-01,-4.771834572393083285e-01,4.277915675253662342e-01,2.761019972332962036e-01,1.016064262390136719e+01,-9.162486076354980469e+00,-2.288971900939941406e+00,4.601489007472991943e-01,1.162712872028350830e-01,5.433981120586395264e-02,3.179202079772949219e-01,4.771834572393083285e-01,-4.277915675253662342e-01,-2.761019972332962036e-01,0.000000000000000000e+00,0.000000000000000000e+00,0.000000000000000000e+00,4.601489007472991943e-01,1.162712872028350830e-01,5.433981120586395264e-02,3.179202079772949219e-01,1.564347167968750000e+04,1.575677734375000000e+04,1.575677832031250000e+04,1.575601171875000000e+04,-1.183338560817285057e+01
1.419999999999999873e-01,-4.875488277565918072e-01,4.370355677092146451e-01,2.788224969967202926e-01,1.034486770629882812e+01,-9.266583442687988281e+00,-2.642510175704956055e+00,4.601452648639678955e-01,1.162578016519546509e-01,5.428238958120346069e-02,3.178853094577789307e-01,4.875488277565918072e-01,-4.370355677092146451e-01,-2.788224969967202926e-01,0.000000000000000000e+00,0.000000000000000000e+00,0.000000000000000000e+00,4.601452648639678955e-01,1.162578016519546509e-01,5.428238958120346069e-02,3.178853094577789307e-01,1.575595800781250000e+04,1.586938183593750000e+04,1.586938281250000000e+04,1.586849902343750000e+04,-1.233983153989407811e+01
1.429999999999999882e-01,-4.980575752930733735e-01,4.464051126825154814e-01,2.807907313809398508e-01,1.049354362487792969e+01,-9.386110305786132812e+00,-1.887513995170593262e+00,4.601309597492218018e-01,1.162437722086906433e-01,5.422928929328918457e-02,3.178556263446807861e-01,4.980575752930733735e-01,-4.464051126825154814e-01,-2.807907313809398508e-01,0.000000000000000000e+00,0.000000000000000000e+00,0.000000000000000000e+00,4.601309597492218018e-01,1.162437722086906433e-01,5.422928929328918457e-02,3.178556263446807861e-01,1.586862988281250000e+04,1.598180175781250000e+04,1.598180273437500000e+04,1.598116992187500000e+04,-1.286601384765942591e+01
1.439999999999999891e-01,-5.086761160495595346e-01,4.559411655178987055e-01,2.825156471366198074e-01,1.060500049591064453e+01,-9.550878524780273438e+00,-1.641010761260986328e+00,4.600813984870910645e-01,1.162168383598327637e-01,5.419263616204261780e-02,3.178506493568420410e-01,5.086761160495595346e-01,-4.559411655178987055e-01,-2.825156471366198074e-01,0.000000000000000000e+00,0.000000000000000000e+00,0.000000000000000000e+00,4.600813984870910645e-01,1.162168383598327637e-01,5.419263616204261780e-02,3.178506493568420410e-01,1.598121679687500000e+04,1.609430664062500000e+04,1.609272363281250000e+04,1.609375683593750000e+04,-1.341246267598953423e+01
1.449999999999999900e-01,-5.194569501698211855e-01,4.656137333865472683e-01,2.850061302857581635e-01,1.076079845428466797e+01,-9.694483757019042969e+00,-2.403534412384033203e+00,4.600479602813720703e-01,1.161921843886375427e-01,5.414743348956108093e-02,3.178357481956481934e-01,5.194569501698211855e-01,-4.656137333865472683e-01,-2.850061302857581635e-01,0.000000000000000000e+00,0.000000000000000000e+00,0.000000000000000000e+00,4.600479602813720703e-01,1.161921843886375427e-01,5.414743348956108093e-02,3.178357481956481934e-01,1.609363574218750000e+04,1.620697851562500000e+04,1.620088964843750000e+04,1.620617578125000000e+04,-1.398032284208788667e+01
1.459999999999999909e-01,-5.304173134740532980e-01,4.753959792972034526e-01,2.874160595898745951e-01,1.094056701660156250e+01,-9.803929328918457031e+00,-2.320115327835083008e+00,4.600456953048706055e-01,1.161795705556869507e-01,5.408583581447601318e-02,3.177969157695770264e-01,5.304173134740532980e-01,-4.753959792972034526e-01,-2.874160595898745951e-01,0.000000000000000000e+00,0.000000000000000000e+00,0.000000000000000000e+00,4.600456953048706055e-01,1.161795705556869507e-01,5.408583581447601318e-02,3.177969157695770264e-01,1.620619531250000000e+04,1.631951074218750000e+04,1.630598144531250000e+04,1.631873535156250000e+04,-1.457027469696303612e+01
1.469999999999999918e-01,-5.414854640170964073e-01,4.853420894681595432e-01,2.887832334667252421e-01,1.105669879913330078e+01,-9.958456993103027344e+00,-1.274034857749938965e+00,4.600164890289306641e-01,1.161603704094886780e-01,5.403644219040870667e-02,3.177750110626220703e-01,5.414854640170964073e-01,-4.853420894681595432e-01,-2.887832334667252421e-01,0.000000000000000000e+00,0.000000000000000000e+00,0.000000000000000000e+00,4.600164890289306641e-01,1.161603704094886780e-01,5.403644219040870667e-02,3.177750110626220703e-01,1.631891503906250000e+04,1.643188281250000000e+04,1.640791406250000000e+04,1.643145507812500000e+04,-1.518243390444566288e+01
1.479999999999999927e-01,-5.526425020419976075e-01,4.954889093386305454e-01,2.901463984418377606e-01,1.114538955688476562e+01,-1.015939998626708984e+01,-1.266180515289306641e+00,4.599570930004119873e-01,1.161279231309890747e-01,5.400115624070167542e-02,3.177757561206817627e-01,5.526425020419976075e-01,-4.954889093386305454e-01,-2.901463984418377606e-01,0.000000000000000000e+00,0.000000000000000000e+00,0.000000000000000000e+00,4.599570930004119873e-01,1.161279231309890747e-01,5.400115624070167542e-02,3.177757561206817627e-01,1.643146289062500000e+04,1.654442578125000000e+04,1.650720117187500000e+04,1.654400195312500000e+04,-1.581754183131525693e+01
1.489999999999999936e-01,-5.639361957795175906e-01,5.058027233168601589e-01,2.920950351575175574e-01,1.127662849426269531e+01,-1.033228778839111328e+01,-1.847969889640808105e+00,4.599300920963287354e-01,1.161033660173416138e-01,5.394882708787918091e-02,3.177543878555297852e-01,5.639361957795175906e-01,-5.058027233168601589e-01,-2.920950351575175574e-01,0.000000000000000000e+00,0.000000000000000000e+00,0.000000000000000000e+00,4.599300920963287354e-01,1.161033660173416138e-01,5.394882708787918091e-02,3.177543878555297852e-01,1.654391015625000000e+04,1.665706835937500000e+04,1.660394531250000000e+04,1.665645117187500000e+04,-1.647672176870395333e+01
1.499999999999999944e-01,-5.753280339489790229e-01,5.162987430449963444e-01,2.932397427776997634e-01,1.138165187835693359e+01,-1.050691223144531250e+01,-1.040255308151245117e+00,4.599214494228363037e-01,1.160870864987373352e-01,5.388630926609039307e-02,3.177181184291839600e-01,5.753280339489790229e-01,-5.162987430449963444e-01,-2.932397427776997634e-01,0.000000000000000000e+00,0.000000000000000000e+00,0.000000000000000000e+00,4.599214494228363037e-01,1.160870864987373352e-01,5.388630926609039307e-02,3.177181184291839600e-01,1.665659179687500000e+04,1.676948046875000000e+04,1.669773632812500000e+04,1.676913085937500000e+04,-1.716027805416572605e+01
1.509999999999999953e-01,-5.867303090338115146e-01,5.270583836279708612e-01,2.933404627537867793e-01,1.140133666992187500e+01,-1.076012229919433594e+01,8.408832363784313202e-03,4.598686993122100830e-01,1.160561740398406982e-01,5.384394899010658264e-02,3.177118897438049316e-01,5.867303090338115146e-01,-5.270583836279708612e-01,-2.933404627537867793e-01,0.000000000000000000e+00,0.000000000000000000e+00,0.000000000000000000e+00,4.598686993122100830e-01,1.160561740398406982e-01,5.384394899010658264e-02,3.177118897438049316e-01,1.676931250000000000e+04,1.688185156250000000e+04,1.678874609375000000e+04,1.688185156250000000e+04,-1.786836967654577180e+01
1.519999999999999962e-01,-5.981536198556796080e-01,5.380959174585273619e-01,2.938362726260679847e-01,1.141875267028808594e+01,-1.104207706451416016e+01,-3.816569745540618896e-01,4.598082304000854492e-01,1.160176247358322144e-01,5.380401015281677246e-02,3.177129030227661133e-01,5.981536198556796080e-01,-5.380959174585273619e-01,-2.938362726260679847e-01,0.000000000000000000e+00,0.000000000000000000e+00,0.000000000000000000e+00,4.598082304000854492e-01,1.160176247358322144e-01,5.380401015281677246e-02,3.177129030227661133e-01,1.688179296875000000e+04,1.699446093750000000e+04,1.687749218750000000e+04,1.699433203125000000e+04,-1.860204440098853951e+01
1.529999999999999971e-01,-6.096117958941915660e-01,5.493924516547216141e-01,2.942939745707238708e-01,1.145381927490234375e+01,-1.130068778991699219e+01,-3.385682106018066406e-01,4.597929716110229492e-01,1.159926578402519226e-01,5.374023690819740295e-02,3.176820278167724609e-01,6.096117958941915660e-01,-5.493924516547216141e-01,-2.942939745707238708e-01,0.000000000000000000e+00,0.000000000000000000e+00,0.000000000000000000e+00,4.597929716110229492e-01,1.159926578402519226e-01,5.374023690819740295e-02,3.176820278167724609e-01,1.699434570312500000e+04,1.710700000000000000e+04,1.696373828125000000e+04,1.710688476562500000e+04,-1.936211195208570146e+01
1.539999999999999980e-01,-6.210041708899262103e-01,5.610206091017727603e-01,2.932878825564492198e-01,1.140213871002197266e+01,-1.161668872833251953e+01,1.130852222442626953e+00,4.597636759281158447e-01,1.159651875495910645e-01,5.368121713399887085e-02,3.176584541797637939e-01,6.210041708899262103e-01,-5.610206091017727603e-01,-2.932878825564492198e-01,0.000000000000000000e+00,0.000000000000000000e+00,0.000000000000000000e+00,4.597636759281158447e-01,1.159651875495910645e-01,5.368121713399887085e-02,3.176584541797637939e-01,1.710713671875000000e+04,1.721930078125000000e+04,1.704717187500000000e+04,1.721967578125000000e+04,-2.014852003823975579e+01
1.549999999999999989e-01,-6.322681473725165757e-01,5.730565883024978380e-01,2.918165880620887109e-01,1.127851104736328125e+01,-1.201917362213134766e+01,1.602755546569824219e+00,4.596888422966003418e-01,1.159192696213722229e-01,5.364221334457397461e-02,3.176672458648681641e-01,6.322681473725165757e-01,-5.730565883024978380e-01,-2.918165880620887109e-01,0.000000000000000000e+00,0.000000000000000000e+00,0.000000000000000000e+00,4.596888422966003418e-01,1.159192696213722229e-01,5.364221334457397461e-02,3.176672458648681641e-01,1.721975976562500000e+04,1.733176757812500000e+04,1.712830664062500000e+04,1.733229882812500000e+04,-2.096183382288672803e+01
1.559999999999999998e-01,-6.434318784054796625e-01,5.854895051910972148e-01,2.907920478625080629e-01,1.117408943176269531e+01,-1.242075443267822266e+01,1.162832498550415039e+00,4.596455693244934082e-01,1.158786043524742126e-01,5.358556658029556274e-02,3.176557719707489014e-01,6.434318784054796625e-01,-5.854895051910972148e-01,-2.907920478625080629e-01,0.000000000000000000e+00,0.000000000000000000e+00,0.000000000000000000e+00,4.596455693244934082e-01,1.158786043524742126e-01,5.358556658029556274e-02,3.176557719707489014e-01,1.733223242187500000e+04,1.744438671875000000e+04,1.720767968750000000e+04,1.744477148437500000e+04,-2.180319638082411871e+01
1.570000000000000007e-01,-6.544312288388407506e-01,5.983549627562908535e-01,2.885997622696899745e-01,1.102203559875488281e+01,-1.283983039855957031e+01,2.337743282318115234e+00,4.596302807331085205e-01,1.158484220504760742e-01,5.351210385560989380e-02,3.176219761371612549e-01,6.544312288388407506e-01,-5.983549627562908535e-01,-2.885997622696899745e-01,0.000000000000000000e+00,0.000000000000000000e+00,0.000000000000000000e+00,4.596302807331085205e-01,1.158484220504760742e-01,5.351210385560989380e-02,3.176219761371612549e-01,1.744497460937500000e+04,1.755673632812500000e+04,1.728410351562500000e+04,1.755751367187500000e+04,-2.267279509834083839e+01
1.580000000000000016e-01,-6.651435464476025405e-01,6.117634279978629852e-01,2.850520786996387224e-01,1.074978637695312500e+01,-1.336670780181884766e+01,3.701650142669677734e+00,4.595634639263153076e-01,1.158010140061378479e-01,5.346049740910530090e-02,3.176224529743194580e-01,6.651435464476025405e-01,-6.117634279978629852e-01,-2.850520786996387224e-01,0.000000000000000000e+00,0.000000000000000000e+00,0.000000000000000000e+00,4.595634639263153076e-01,1.158010140061378479e-01,5.346049740910530090e-02,3.176224529743194580e-01,1.755774804687500000e+04,1.766905468750000000e+04,1.735807421875000000e+04,1.767028515625000000e+04,-2.357072021512841431e+01
1.590000000000000024e-01,-6.755631582984964467e-01,6.257475326945984850e-01,2.818377306301151908e-01,1.045431137084960938e+01,-1.394556713104248047e+01,3.377560377120971680e+00,4.594903290271759033e-01,1.157453954219818115e-01,5.340860784053802490e-02,3.176289796829223633e-01,6.755631582984964467e-01,-6.257475326945984850e-01,-2.818377306301151908e-01,0.000000000000000000e+00,0.000000000000000000e+00,0.000000000000000000e+00,4.594903290271759033e-01,1.157453954219818115e-01,5.340860784053802490e-02,3.176289796829223633e-01,1.767024023437500000e+04,1.778165429687500000e+04,1.743014453125000000e+04,1.778277734375000000e+04,-2.449809827705876586e+01
1.600000000000000033e-01,-6.856706163943372401e-01,6.403162542061131557e-01,2.780538532281864317e-01,1.014928817749023438e+01,-1.452275657653808594e+01,3.956430912017822266e+00,4.594697356224060059e-01,1.157050058245658875e-01,5.332696810364723206e-02,3.175977766513824463e-01,6.856706163943372401e-01,-6.403162542061131557e-01,-2.780538532281864317e-01,0.000000000000000000e+00,0.000000000000000000e+00,0.000000000000000000e+00,4.594697356224060059e-01,1.157050058245658875e-01,5.332696810364723206e-02,3.175977766513824463e-01,1.778288085937500000e+04,1.789410351562500000e+04,1.749992578125000000e+04,1.789541992187500000e+04,-2.545556132194094445e+01
1.610000000000000042e-01,-6.953222134898866535e-01,6.555785945125426339e-01,2.723839030818974716e-01,9.715694427490234375e+00,-1.519291496276855469e+01,5.853116989135742188e+00,4.594196975231170654e-01,1.156567111611366272e-01,5.325502157211303711e-02,3.175835013389587402e-01,6.953222134898866535e-01,-6.555785945125426339e-01,-2.723839030818974716e-01,0.000000000000000000e+00,0.000000000000000000e+00,0.000000000000000000e+00,4.594196975231170654e-01,1.156567111611366272e-01,5.325502157211303711e-02,3.175835013389587402e-01,1.789574414062500000e+04,1.800633398437500000e+04,1.756715234375000000e+04,1.800828125000000000e+04,-2.644301058675458904e+01
1.620000000000000051e-01,-7.044521223243502828e-01,6.716177427555695134e-01,2.665267955999393035e-01,9.197755813598632812e+00,-1.596642017364501953e+01,6.052198886871337891e+00,4.593274891376495361e-01,1.155899912118911743e-01,5.319880321621894836e-02,3.175985515117645264e-01,7.044521223243502828e-01,-6.716177427555695134e-01,-2.665267955999393035e-01,0.000000000000000000e+00,0.000000000000000000e+00,0.000000000000000000e+00,4.593274891376495361e-01,1.155899912118911743e-01,5.319880321621894836e-02,3.175985515117645264e-01,1.800832226562500000e+04,1.811884570312500000e+04,1.763246875000000000e+04,1.812085937500000000e+04,-2.746137030455872718e+01
1.630000000000000060e-01,-7.130644592304369311e-01,6.884426306248139227e-01,2.606274860295040852e-01,8.682386398315429688e+00,-1.675062751770019531e+01,6.106558799743652344e+00,4.592879116535186768e-01,1.155356317758560181e-01,5.311165377497673035e-02,3.175769150257110596e-01,7.130644592304369311e-01,-6.884426306248139227e-01,-2.606274860295040852e-01,0.000000000000000000e+00,0.000000000000000000e+00,0.000000000000000000e+00,4.592879116535186768e-01,1.155356317758560181e-01,5.311165377497673035e-02,3.175769150257110596e-01,1.812087695312500000e+04,1.823138281250000000e+04,1.769579296875000000e+04,1.823341601562500000e+04,-2.851171116971199737e+01
1.640000000000000069e-01,-7.210283913819102164e-01,7.061427479480212321e-01,2.526811965435891705e-01,8.060607910156250000e+00,-1.759930992126464844e+01,8.166594505310058594e+00,4.592516124248504639e-01,1.154838725924491882e-01,5.301672220230102539e-02,3.175488710403442383e-01,7.210283913819102164e-01,-7.061427479480212321e-01,-2.526811965435891705e-01,0.000000000000000000e+00,0.000000000000000000e+00,0.000000000000000000e+00,4.592516124248504639e-01,1.154838725924491882e-01,5.301672220230102539e-02,3.175488710403442383e-01,1.823376562500000000e+04,1.834358593750000000e+04,1.775655273437500000e+04,1.834630273437500000e+04,-2.959407847845706385e+01
1.650000000000000078e-01,-7.282187248405267432e-01,7.248369707929531724e-01,2.438871048007299758e-01,7.300133705139160156e+00,-1.858150100708007812e+01,9.029119491577148438e+00,4.591510593891143799e-01,1.154092252254486084e-01,5.294640362262725830e-02,3.175628781318664551e-01,7.282187248405267432e-01,-7.248369707929531724e-01,-2.438871048007299758e-01,0.000000000000000000e+00,0.000000000000000000e+00,0.000000000000000000e+00,4.591510593891143799e-01,1.154092252254486084e-01,5.294640362262725830e-02,3.175628781318664551e-01,1.834645507812500000e+04,1.845598828125000000e+04,1.781527539062500000e+04,1.845899414062500000e+04,-3.070925054378181329e+01
1.660000000000000087e-01,-7.346337817639548851e-01,7.445557413790120371e-01,2.353847243660711075e-01,6.524105548858642578e+00,-1.960865974426269531e+01,8.752716064453125000e+00,4.590870141983032227e-01,1.153403818607330322e-01,5.285142734646797180e-02,3.175515532493591309e-01,7.346337817639548851e-01,-7.445557413790120371e-01,-2.353847243660711075e-01,0.000000000000000000e+00,0.000000000000000000e+00,0.000000000000000000e+00,4.590870141983032227e-01,1.153403818607330322e-01,5.285142734646797180e-02,3.175515532493591309e-01,1.845895507812500000e+04,1.856858007812500000e+04,1.787220898437500000e+04,1.857149218750000000e+04,-3.185870655757596381e+01
1.670000000000000095e-01,-7.401695742727463223e-01,7.653718895094744346e-01,2.248907548045050164e-01,5.674075126647949219e+00,-2.067936897277832031e+01,1.076008510589599609e+01,4.590572714805603027e-01,1.152825877070426941e-01,5.273195356130599976e-02,3.175124526023864746e-01,7.401695742727463223e-01,-7.653718895094744346e-01,-2.248907548045050164e-01,0.000000000000000000e+00,0.000000000000000000e+00,0.000000000000000000e+00,4.590572714805603027e-01,1.152825877070426941e-01,5.273195356130599976e-02,3.175124526023864746e-01,1.857183593750000000e+04,1.868079101562500000e+04,1.792661523437500000e+04,1.868437304687500000e+04,-3.304292753710290498e+01
1.680000000000000104e-01,-7.446581440074162561e-01,7.874204461633038665e-01,2.128955237344071771e-01,4.651096343994140625e+00,-2.189132881164550781e+01,1.227881336212158203e+01,4.589539766311645508e-01,1.152011230587959290e-01,5.263954773545265198e-02,3.175193369388580322e-01,7.446581440074162561e-01,-7.874204461633038665e-01,-2.128955237344071771e-01,0.000000000000000000e+00,0.000000000000000000e+00,0.000000000000000000e+00,4.589539766311645508e-01,1.152011230587959290e-01,5.263954773545265198e-02,3.175193369388580322e-01,1.868463476562500000e+04,1.879308203125000000e+04,1.797880859375000000e+04,1.879717187500000000e+04,-3.426279875160163613e+01
1.690000000000000113e-01,-7.480715135247142378e-01,8.107601240766093564e-01,2.013763796775716042e-01,3.573995351791381836e+00,-2.318764686584472656e+01,1.182107162475585938e+01,4.588647782802581787e-01,1.151186227798461914e-01,5.253145843744277954e-02,3.175153732299804688e-01,7.480715135247142378e-01,-8.107601240766093564e-01,-2.013763796775716042e-01,0.000000000000000000e+00,0.000000000000000000e+00,0.000000000000000000e+00,4.588647782802581787e-01,1.151186227798461914e-01,5.253145843744277954e-02,3.175153732299804688e-01,1.879710351562500000e+04,1.890570507812500000e+04,1.802931835937500000e+04,1.890964062500000000e+04,-3.552029416603355827e+01
1.700000000000000122e-01,-7.503280907203291328e-01,8.354603413085323060e-01,1.880092970230703431e-01,2.448624134063720703e+00,-2.452337455749511719e+01,1.368754291534423828e+01,4.588356614112854004e-01,1.150536760687828064e-01,5.238457024097442627e-02,3.174660801887512207e-01,7.503280907203291328e-01,-8.354603413085323060e-01,-1.880092970230703431e-01,0.000000000000000000e+00,0.000000000000000000e+00,0.000000000000000000e+00,4.588356614112854004e-01,1.150536760687828064e-01,5.238457024097442627e-02,3.174660801887512207e-01,1.890996093750000000e+04,1.901793945312500000e+04,1.807733593750000000e+04,1.902249804687500000e+04,-3.681662788742405468e+01
1.710000000000000131e-01,-7.512356308106857838e-01,8.616610317035718891e-01,1.725141537864507413e-01,1.137032032012939453e+00,-2.599546241760253906e+01,1.583542823791503906e+01,4.587311446666717529e-01,1.149656102061271667e-01,5.226329714059829712e-02,3.174622058868408203e-01,7.512356308106857838e-01,-8.616610317035718891e-01,-1.725141537864507413e-01,0.000000000000000000e+00,0.000000000000000000e+00,0.000000000000000000e+00,4.587311446666717529e-01,1.149656102061271667e-01,5.226329714059829712e-02,3.174622058868408203e-01,1.902286523437500000e+04,1.913012695312500000e+04,1.812292968750000000e+04,1.913540039062500000e+04,-3.815320372723670062e+01
1.719999999999999862e-01,-7.507332707826755991e-01,8.894428496706341392e-01,1.576054544478347752e-01,-2.745892107486724854e-01,-2.758403205871582031e+01,1.526982402801513672e+01,4.586159884929656982e-01,1.148701608180999756e-01,5.213598906993865967e-02,3.174621164798736572e-01,7.507332707826755991e-01,-8.894428496706341392e-01,-1.576054544478347752e-01,0.000000000000000000e+00,0.000000000000000000e+00,0.000000000000000000e+00,4.586159884929656982e-01,1.148701608180999756e-01,5.213598906993865967e-02,3.174621164798736572e-01,1.913531640625000000e+04,1.924276757812500000e+04,1.816687304687500000e+04,1.924785156250000000e+04,-3.953275223319867848e+01
1.729999999999999871e-01,-7.487477242013286238e-01,9.188853821307573222e-01,1.410251617494997500e-01,-1.723888278007507324e+00,-2.922312545776367188e+01,1.696206092834472656e+01,4.585839509963989258e-01,1.147984638810157776e-01,5.195667594671249390e-02,3.174009025096893311e-01,7.487477242013286238e-01,-9.188853821307573222e-01,-1.410251617494997500e-01,0.000000000000000000e+00,0.000000000000000000e+00,0.000000000000000000e+00,4.585839509963989258e-01,1.147984638810157776e-01,5.195667594671249390e-02,3.174009025096893311e-01,1.924814257812500000e+04,1.935503125000000000e+04,1.820832617187500000e+04,1.936067968750000000e+04,-4.095761382943540951e+01
1.739999999999999880e-01,-7.450740247902468694e-01,9.501327283920752986e-01,1.216897887924232174e-01,-3.358344316482543945e+00,-3.099266624450683594e+01,1.973849678039550781e+01,4.584776163101196289e-01,1.147040724754333496e-01,5.180009081959724426e-02,3.173831403255462646e-01,7.450740247902468694e-01,-9.501327283920752986e-01,-1.216897887924232174e-01,0.000000000000000000e+00,0.000000000000000000e+00,0.000000000000000000e+00,4.584776163101196289e-01,1.147040724754333496e-01,5.180009081959724426e-02,3.173831403255462646e-01,1.936115234375000000e+04,1.946711328125000000e+04,1.824710156250000000e+04,1.947368750000000000e+04,-4.243030973811065820e+01
1.749999999999999889e-01,-7.396236797175921307e-01,9.832759916133062550e-01,1.030212795239218299e-01,-5.135398864746093750e+00,-3.289863967895507812e+01,1.909370231628417969e+01,4.583352506160736084e-01,1.145957782864570618e-01,5.164705961942672729e-02,3.173842430114746094e-01,7.396236797175921307e-01,-9.832759916133062550e-01,-1.030212795239218299e-01,0.000000000000000000e+00,0.000000000000000000e+00,0.000000000000000000e+00,4.583352506160736084e-01,1.145957782864570618e-01,5.164705961942672729e-02,3.173842430114746094e-01,1.947358984375000000e+04,1.957976757812500000e+04,1.828420703125000000e+04,1.958612695312500000e+04,-4.395479798542752548e+01
1.759999999999999898e-01,-7.323157764057911523e-01,1.018412556438003103e+00,8.286948115669635906e-02,-6.955889225006103516e+00,-3.487491989135742188e+01,2.059838676452636719e+01,4.582979083061218262e-01,1.145183816552162170e-01,5.142906680703163147e-02,3.173080980777740479e-01,7.323157764057911523e-01,-1.018412556438003103e+00,-8.286948115669635906e-02,0.000000000000000000e+00,0.000000000000000000e+00,0.000000000000000000e+00,4.582979083061218262e-01,1.145183816552162170e-01,5.142906680703163147e-02,3.173080980777740479e-01,1.958638671875000000e+04,1.969206054687500000e+04,1.831878320312500000e+04,1.969892187500000000e+04,-3.553511586781811360e+01
1.769999999999999907e-01,-7.229343923341553513e-01,1.055697635308269211e+00,5.932420296288708206e-02,-8.955204963684082031e+00,-3.698304367065429688e+01,2.401301193237304688e+01,4.581883847713470459e-01,1.144185066223144531e-01,5.123009905219078064e-02,3.172727823257446289e-01,7.229343923341553513e-01,-1.055697635308269211e+00,-5.932420296288708206e-02,0.000000000000000000e+00,0.000000000000000000e+00,0.000000000000000000e+00,4.581883847713470459e-01,1.144185066223144531e-01,5.123009905219078064e-02,3.172727823257446289e-01,1.969950195312500000e+04,1.980403906250000000e+04,1.835037695312500000e+04,1.981203710937500000e+04,-3.717576686169032030e+01
1.779999999999999916e-01,-7.113764598324018307e-01,1.095222201176048626e+00,3.651150349571849474e-02,-1.112977409362792969e+01,-3.923604965209960938e+01,2.330160903930664062e+01,4.580166041851043701e-01,1.142975389957427979e-01,5.104447901248931885e-02,3.172720968723297119e-01,7.113764598324018307e-01,-1.095222201176048626e+00,-3.651150349571849474e-02,0.000000000000000000e+00,0.000000000000000000e+00,0.000000000000000000e+00,4.580166041851043701e-01,1.142975389957427979e-01,5.104447901248931885e-02,3.172720968723297119e-01,1.981192968750000000e+04,1.991670312500000000e+04,1.838022851562500000e+04,1.992446289062500000e+04,-3.888266808913042638e+01
1.789999999999999925e-01,-6.975393401835667806e-01,1.137103132315502085e+00,1.238086143923216101e-02,-1.336705589294433594e+01,-4.158108901977539062e+01,2.463916206359863281e+01,4.579719305038452148e-01,1.142155900597572327e-01,5.078054592013359070e-02,3.171772956848144531e-01,6.975393401835667806e-01,-1.137103132315502085e+00,-1.238086143923216101e-02,0.000000000000000000e+00,0.000000000000000000e+00,0.000000000000000000e+00,4.579719305038452148e-01,1.142155900597572327e-01,5.078054592013359070e-02,3.171772956848144531e-01,1.992469726562500000e+04,2.002902539062500000e+04,1.840745898437500000e+04,2.003723242187500000e+04,-4.066238603948585251e+01
1.799999999999999933e-01,-6.811901429380969875e-01,1.181515499131083002e+00,-1.576487013274428806e-02,-1.577977752685546875e+01,-4.407054519653320312e+01,2.867228126525878906e+01,4.578568637371063232e-01,1.141114681959152222e-01,5.053192749619483948e-02,3.171208798885345459e-01,6.811901429380969875e-01,-1.181515499131083002e+00,1.576487013274428806e-02,0.000000000000000000e+00,0.000000000000000000e+00,0.000000000000000000e+00,4.578568637371063232e-01,1.141114681959152222e-01,5.053192749619483948e-02,3.171208798885345459e-01,2.003791601562500000e+04,2.014089843750000000e+04,1.843136132812500000e+04,2.015044921875000000e+04,-4.252263345613915391e+01
1.809999999999999942e-01,-6.622273858177191164e-01,1.228544240901343176e+00,-4.312030937715059103e-02,-1.838746833801269531e+01,-4.670495605468750000e+01,2.789885139465332031e+01,4.576542079448699951e-01,1.139786988496780396e-01,5.030562356114387512e-02,3.171143233776092529e-01,6.622273858177191164e-01,-1.228544240901343176e+00,4.312030937715059103e-02,0.000000000000000000e+00,0.000000000000000000e+00,0.000000000000000000e+00,4.576542079448699951e-01,1.139786988496780396e-01,5.030562356114387512e-02,3.171143233776092529e-01,2.015033203125000000e+04,2.025357226562500000e+04,1.845339062500000000e+04,2.026286718750000000e+04,-4.447235887959876521e+01
1.819999999999999951e-01,-6.405148763730327266e-01,1.278323398122172216e+00,-7.172658589066259471e-02,-2.108677291870117188e+01,-4.945088577270507812e+01,2.916350364685058594e+01,4.576002955436706543e-01,1.138935014605522156e-01,4.998765885829925537e-02,3.169966340065002441e-01,6.405148763730327266e-01,-1.278323398122172216e+00,7.172658589066259471e-02,0.000000000000000000e+00,0.000000000000000000e+00,0.000000000000000000e+00,4.576002955436706543e-01,1.138935014605522156e-01,4.998765885829925537e-02,3.169966340065002441e-01,2.026308789062500000e+04,2.036590820312500000e+04,1.847264257812500000e+04,2.037562304687500000e+04,-4.652187359976407777e+01
1.829999999999999960e-01,-6.157931685877883199e-01,1.331055044531941567e+00,-1.048803273327470198e-01,-2.396682739257812500e+01,-5.236507797241210938e+01,3.372126770019531250e+01,4.574748277664184570e-01,1.137860044836997986e-01,4.968244582414627075e-02,3.169164955615997314e-01,6.157931685877883199e-01,-1.331055044531941567e+00,1.048803273327470198e-01,0.000000000000000000e+00,0.000000000000000000e+00,0.000000000000000000e+00,4.574748277664184570e-01,1.137860044836997986e-01,4.968244582414627075e-02,3.169164955615997314e-01,2.037639453125000000e+04,2.047769335937500000e+04,1.848819335937500000e+04,2.048892773437500000e+04,-5.868378224087881989e+01
1.839999999999999969e-01,-5.879789189236075408e-01,1.386816646972990785e+00,-1.371916635936585860e-01,-2.704796600341796875e+01,-5.541927337646484375e+01,3.288624191284179688e+01,4.572418034076690674e-01,1.136435642838478088e-01,4.940557852387428284e-02,3.168978989124298096e-01,5.879789189236075408e-01,-1.386816646972990785e+00,1.371916635936585860e-01,0.000000000000000000e+00,0.000000000000000000e+00,0.000000000000000000e+00,4.572418034076690674e-01,1.136435642838478088e-01,4.940557852387428284e-02,3.168978989124298096e-01,2.048880078125000000e+04,2.059037890625000000e+04,1.850168554687500000e+04,2.060133398437500000e+04,-6.097158341485840083e+01
1.849999999999999978e-01,-5.568893339435484480e-01,1.445757635538984065e+00,-1.709003809755829661e-01,-3.025641822814941406e+01,-5.860137557983398438e+01,3.428562545776367188e+01,4.571765065193176270e-01,1.135566681623458862e-01,4.902466386556625366e-02,3.167524635791778564e-01,5.568893339435484480e-01,-1.445757635538984065e+00,1.709003809755829661e-01,0.000000000000000000e+00,0.000000000000000000e+00,0.000000000000000000e+00,4.571765065193176270e-01,1.135566681623458862e-01,4.902466386556625366e-02,3.167524635791778564e-01,2.060158007812500000e+04,2.070269140625000000e+04,1.851213671875000000e+04,2.071411328125000000e+04,-6.340113122605536233e+01
1.859999999999999987e-01,-5.222330163775870115e-01,1.508107561137122854e+00,-2.094772834048186927e-01,-3.366204071044921875e+01,-6.198402023315429688e+01,3.914952850341796875e+01,4.570318460464477539e-01,1.134458258748054504e-01,4.865672066807746887e-02,3.166477680206298828e-01,5.222330163775870115e-01,-1.508107561137122854e+00,2.094772834048186927e-01,0.000000000000000000e+00,0.000000000000000000e+00,0.000000000000000000e+00,4.570318460464477539e-01,1.134458258748054504e-01,4.865672066807746887e-02,3.166477680206298828e-01,2.071493554687500000e+04,2.081442773437500000e+04,1.851853125000000000e+04,2.082746875000000000e+04,-6.599212769767181896e+01
1.869999999999999996e-01,-4.839564262265187433e-01,1.573940579680029206e+00,-2.471929974633488292e-01,-3.726232910156250000e+01,-6.549945831298828125e+01,3.827867889404296875e+01,4.567732214927673340e-01,1.132978200912475586e-01,4.831670224666595459e-02,3.166072666645050049e-01,4.839564262265187433e-01,-1.573940579680029206e+00,2.471929974633488292e-01,0.000000000000000000e+00,0.000000000000000000e+00,0.000000000000000000e+00,4.567732214927673340e-01,1.132978200912475586e-01,4.831670224666595459e-02,3.166072666645050049e-01,2.082733789062500000e+04,2.092711718750000000e+04,1.852260351562500000e+04,2.093986914062500000e+04,-6.876473484651619117e+01
1.880000000000000004e-01,-4.418131021505997680e-01,1.643421133963316905e+00,-2.867918715310516786e-01,-4.103164672851562500e+01,-6.915847015380859375e+01,4.014331054687500000e+01,4.566931426525115967e-01,1.132107600569725037e-01,4.786369204521179199e-02,3.164295554161071777e-01,4.418131021505997680e-01,-1.643421133963316905e+00,2.867918715310516786e-01,0.000000000000000000e+00,0.000000000000000000e+00,0.000000000000000000e+00,4.566931426525115967e-01,1.132107600569725037e-01,4.786369204521179199e-02,3.164295554161071777e-01,2.094019335937500000e+04,2.103935156250000000e+04,1.852323632812500000e+04,2.105272460937500000e+04,-7.174301626488168893e+01
1.890000000000000013e-01,-3.954872656867429725e-01,1.716800526944189720e+00,-3.311933788820857760e-01,-4.502404785156250000e+01,-7.305322265625000000e+01,4.491741943359375000e+01,4.565167129039764404e-01,1.130957901477813721e-01,4.742804914712905884e-02,3.163016438484191895e-01,3.954872656867429725e-01,-1.716800526944189720e+00,3.311933788820857760e-01,0.000000000000000000e+00,0.000000000000000000e+00,0.000000000000000000e+00,4.565167129039764404e-01,1.130957901477813721e-01,4.742804914712905884e-02,3.163016438484191895e-01,2.105353515625000000e+04,2.115110351562500000e+04,1.851951757812500000e+04,2.116606640625000000e+04,-7.495651954573324360e+01
1.900000000000000022e-01,-3.449540376799300478e-01,1.794158033152132514e+00,-3.748579746055908379e-01,-4.919558334350585938e+01,-7.707398223876953125e+01,4.414306640625000000e+01,4.562425315380096436e-01,1.129487678408622742e-01,4.700846970081329346e-02,3.162248134613037109e-01,3.449540376799300478e-01,-1.794158033152132514e+00,3.748579746055908379e-01,0.000000000000000000e+00,0.000000000000000000e+00,0.000000000000000000e+00,4.562425315380096436e-01,1.129487678408622742e-01,4.700846970081329346e-02,3.162248134613037109e-01,2.116595117187500000e+04,2.126377734375000000e+04,1.851310937500000000e+04,2.127848242187500000e+04,-7.843503438289467056e+01
1.910000000000000031e-01,-2.898825091325440417e-01,1.875674397644035984e+00,-4.212943610264539007e-01,-5.358466339111328125e+01,-8.125793457031250000e+01,4.686348724365234375e+01,4.561409056186676025e-01,1.128625124692916870e-01,4.647500813007354736e-02,3.160117864608764648e-01,2.898825091325440417e-01,-1.875674397644035984e+00,4.212943610264539007e-01,0.000000000000000000e+00,0.000000000000000000e+00,0.000000000000000000e+00,4.561409056186676025e-01,1.128625124692916870e-01,4.647500813007354736e-02,3.160117864608764648e-01,2.127895117187500000e+04,2.137586914062500000e+04,1.850269921875000000e+04,2.139148242187500000e+04,-8.221470963660566156e+01
1.920000000000000040e-01,-2.299625301580542902e-01,1.961612313035146826e+00,-4.718895765415637711e-01,-5.822604370117187500e+01,-8.570751953125000000e+01,5.095618057250976562e+01,4.559174776077270508e-01,1.127424389123916626e-01,4.596680030226707458e-02,3.158626854419708252e-01,2.299625301580542902e-01,-1.961612313035146826e+00,4.718895765415637711e-01,0.000000000000000000e+00,0.000000000000000000e+00,0.000000000000000000e+00,4.559174776077270508e-01,1.127424389123916626e-01,4.596680030226707458e-02,3.158626854419708252e-01,2.139217968750000000e+04,2.148773437500000000e+04,1.848776953125000000e+04,2.150471093750000000e+04,-8.633819504098202913e+01
1.930000000000000049e-01,-1.651690406521263976e-01,2.052067079273062866e+00,-5.222543881276443534e-01,-6.302976608276367188e+01,-9.028083801269531250e+01,5.064561080932617188e+01,4.556442499160766602e-01,1.126055046916007996e-01,4.544761776924133301e-02,3.157299160957336426e-01,1.651690406521263976e-01,-2.052067079273062866e+00,5.222543881276443534e-01,0.000000000000000000e+00,0.000000000000000000e+00,0.000000000000000000e+00,4.556442499160766602e-01,1.126055046916007996e-01,4.544761776924133301e-02,3.157299160957336426e-01,2.150467382812500000e+04,2.160033203125000000e+04,1.846959960937500000e+04,2.161720312500000000e+04,-9.084920479672683769e+01
1.940000000000000058e-01,-9.507320719535684861e-02,2.147236252512715993e+00,-5.765637755661922048e-01,-6.810607147216796875e+01,-9.504568481445312500e+01,5.448891067504882812e+01,4.555061161518096924e-01,1.125194206833839417e-01,4.482818022370338440e-02,3.154830634593963623e-01,9.507320719535684861e-02,-2.147236252512715993e+00,5.765637755661922048e-01,0.000000000000000000e+00,0.000000000000000000e+00,0.000000000000000000e+00,4.555061161518096924e-01,1.125194206833839417e-01,4.482818022370338440e-02,3.154830634593963623e-01,2.161785937500000000e+04,2.171223632812500000e+04,1.844674609375000000e+04,2.173038867187500000e+04,-8.580129302285324400e+01
1.950000000000000067e-01,-1.942417760708162883e-02,2.247384313262739575e+00,-6.337264950466366953e-01,-7.345736694335937500e+01,-1.000911483764648438e+02,5.722080612182617188e+01,4.552246630191802979e-01,1.123949661850929260e-01,4.423970356583595276e-02,3.153113126754760742e-01,1.942417760708162883e-02,-2.247384313262739575e+00,6.337264950466366953e-01,0.000000000000000000e+00,0.000000000000000000e+00,0.000000000000000000e+00,4.552246630191802979e-01,1.123949661850929260e-01,4.423970356583595276e-02,3.153113126754760742e-01,2.173086132812500000e+04,2.182432812500000000e+04,1.841933789062500000e+04,2.184339062500000000e+04,-9.125401584355248019e+01
1.960000000000000075e-01,6.187703862279274325e-02,2.352632553857079145e+00,-6.918812535661187368e-01,-7.896735382080078125e+01,-1.052695922851562500e+02,5.806890487670898438e+01,4.549716711044311523e-01,1.122790053486824036e-01,4.359859228134155273e-02,3.151003718376159668e-01,-6.187703862279274325e-02,-2.352632553857079145e+00,6.918812535661187368e-01,0.000000000000000000e+00,0.000000000000000000e+00,0.000000000000000000e+00,4.549716711044311523e-01,1.122790053486824036e-01,4.359859228134155273e-02,3.151003718376159668e-01,2.184354687500000000e+04,2.193673242187500000e+04,1.838787695312500000e+04,2.195607812500000000e+04,-9.727142421396551697e+01
1.970000000000000084e-01,1.493352879895977203e-01,2.463193162568121597e+00,-7.550177072148781532e-01,-8.480565643310546875e+01,-1.106767349243164062e+02,6.287685775756835938e+01,4.547713696956634521e-01,1.121902093291282654e-01,4.289186000823974609e-02,3.148271441459655762e-01,-1.493352879895977203e-01,-2.463193162568121597e+00,7.550177072148781532e-01,0.000000000000000000e+00,0.000000000000000000e+00,0.000000000000000000e+00,4.547713696956634521e-01,1.121902093291282654e-01,4.289186000823974609e-02,3.148271441459655762e-01,2.195689453125000000e+04,2.204847656250000000e+04,1.835103320312500000e+04,2.206942382812500000e+04,-1.139310975365348071e+02
1.980000000000000093e-01,2.430898386364988284e-01,2.579331595375229380e+00,-8.193099166405760636e-01,-9.092630767822265625e+01,-1.163578796386718750e+02,6.383193969726562500e+01,4.544340670108795166e-01,1.120672076940536499e-01,4.220800101757049561e-02,3.146212399005889893e-01,-2.430898386364988284e-01,-2.579331595375229380e+00,8.193099166405760636e-01,0.000000000000000000e+00,0.000000000000000000e+00,0.000000000000000000e+00,4.544340670108795166e-01,1.120672076940536499e-01,4.220800101757049561e-02,3.146212399005889893e-01,2.206959960937500000e+04,2.216086328125000000e+04,1.830966992187500000e+04,2.218212890625000000e+04,-1.213144104245896386e+02
1.990000000000000102e-01,3.434294811681199433e-01,2.701191860882615092e+00,-8.867261945358707598e-01,-9.723409271240234375e+01,-1.222033004760742188e+02,6.672012329101562500e+01,4.542118608951568604e-01,1.119811609387397766e-01,4.142595455050468445e-02,3.143142759799957275e-01,-3.434294811681199433e-01,-2.701191860882615092e+00,8.867261945358707598e-01,0.000000000000000000e+00,0.000000000000000000e+00,0.000000000000000000e+00,4.542118608951568604e-01,1.119811609387397766e-01,4.142595455050468445e-02,3.143142759799957275e-01,2.218262695312500000e+04,2.227292578125000000e+04,1.826312304687500000e+04,2.229515625000000000e+04,-1.295150750464995895e+02
2.000000000000000111e-01,4.508445788658229647e-01,2.829005372478690550e+00,-9.593557265095304931e-01,-1.039113235473632812e+02,-1.283133087158203125e+02,7.165734863281250000e+01,4.539175927639007568e-01,1.118862330913543701e-01,4.063233733177185059e-02,3.140255510807037354e-01,-4.508445788658229647e-01,-2.829005372478690550e+00,9.593557265095304931e-01,0.000000000000000000e+00,0.000000000000000000e+00,0.000000000000000000e+00,4.539175927639007568e-01,1.118862330913543701e-01,4.063233733177185059e-02,3.140255510807037354e-01,2.229599609375000000e+04,2.238465039062500000e+04,1.821065625000000000e+04,2.240852539062500000e+04,-1.386419706882922185e+02
2.010000000000000120e-01,5.653758887101502095e-01,2.963039625973781011e+00,-1.031907873878237458e+00,-1.108657150268554688e+02,-1.346716308593750000e+02,7.126809692382812500e+01,4.535484313964843750e-01,1.117779016494750977e-01,3.982705250382423401e-02,3.137584328651428223e-01,-5.653758887101502095e-01,-2.963039625973781011e+00,1.031907873878237458e+00,0.000000000000000000e+00,0.000000000000000000e+00,0.000000000000000000e+00,4.535484313964843750e-01,1.117779016494750977e-01,3.982705250382423401e-02,3.137584328651428223e-01,2.240847656250000000e+04,2.249725976562500000e+04,1.815353125000000000e+04,2.252100585937500000e+04,-1.488060582690897604e+02
2.020000000000000129e-01,6.875997507918873985e-01,3.103449777298478374e+00,-1.110223995004316455e+00,-1.180796737670898438e+02,-1.412568206787109375e+02,7.666652679443359375e+01,4.533402919769287109e-01,1.117236390709877014e-01,3.889704495668411255e-02,3.133550286293029785e-01,-6.875997507918873985e-01,-3.103449777298478374e+00,1.110223995004316455e+00,0.000000000000000000e+00,0.000000000000000000e+00,0.000000000000000000e+00,4.533402919769287109e-01,1.117236390709877014e-01,3.889704495668411255e-02,3.133550286293029785e-01,2.252192187500000000e+04,2.260890625000000000e+04,1.808990234375000000e+04,2.263444921875000000e+04,-1.601428495256761551e+02
2.030000000000000138e-01,8.178394179639745243e-01,3.250504515747457468e+00,-1.192715122415783036e+00,-1.256679306030273438e+02,-1.481241607666015625e+02,8.042541503906250000e+01,4.529336094856262207e-01,1.116247326135635376e-01,3.800988197326660156e-02,3.130511641502380371e-01,-8.178394179639745243e-01,-3.250504515747457468e+00,1.192715122415783036e+00,0.000000000000000000e+00,0.000000000000000000e+00,0.000000000000000000e+00,4.529336094856262207e-01,1.116247326135635376e-01,3.800988197326660156e-02,3.130511641502380371e-01,2.263509375000000000e+04,2.272082617187500000e+04,1.802009375000000000e+04,2.274762304687500000e+04,-1.728000598093857150e+02
2.039999999999999869e-01,9.561920371284426956e-01,3.404451583525740510e+00,-1.275638776045268985e+00,-1.335394744873046875e+02,-1.552103576660156250e+02,8.039077758789062500e+01,4.525716304779052734e-01,1.115496903657913208e-01,3.704926371574401855e-02,3.126848042011260986e-01,-9.561920371284426956e-01,-3.404451583525740510e+00,1.275638776045268985e+00,0.000000000000000000e+00,0.000000000000000000e+00,0.000000000000000000e+00,4.525716304779052734e-01,1.115496903657913208e-01,3.704926371574401855e-02,3.126848042011260986e-01,2.274763476562500000e+04,2.283337695312500000e+04,1.794496679687500000e+04,2.286016210937500000e+04,-1.869319078927747455e+02
2.049999999999999878e-01,1.103467290197978512e+00,3.565462159218589555e+00,-1.366138489051640370e+00,-1.417739715576171875e+02,-1.626082916259765625e+02,8.742409515380859375e+01,4.523192048072814941e-01,1.115190982818603516e-01,3.598289191722869873e-02,3.122105896472930908e-01,-1.103467290197978512e+00,-3.565462159218589555e+00,1.366138489051640370e+00,0.000000000000000000e+00,0.000000000000000000e+00,0.000000000000000000e+00,4.523192048072814941e-01,1.115190982818603516e-01,3.598289191722869873e-02,3.122105896472930908e-01,2.286135156250000000e+04,2.294475000000000000e+04,1.786220312500000000e+04,2.297387890625000000e+04,-2.027284027333996050e+02
2.059999999999999887e-01,1.259726685498822052e+00,3.733867684838887868e+00,-1.459082942688803008e+00,-1.503429412841796875e+02,-1.702824707031250000e+02,8.926362609863281250e+01,4.518254101276397705e-01,1.114329472184181213e-01,3.497401997447013855e-02,3.118616342544555664e-01,-1.259726685498822052e+00,-3.733867684838887868e+00,1.459082942688803008e+00,0.000000000000000000e+00,0.000000000000000000e+00,0.000000000000000000e+00,4.518254101276397705e-01,1.114329472184181213e-01,3.497401997447013855e-02,3.118616342544555664e-01,2.297420507812500000e+04,2.305699023437500000e+04,1.777311328125000000e+04,2.308673242187500000e+04,-2.203860049770869978e+02
2.069999999999999896e-01,1.425391319116999567e+00,3.909835703884432689e+00,-1.555398735325802084e+00,-1.592446289062500000e+02,-1.781715850830078125e+02,9.195230102539062500e+01,4.514910876750946045e-01,1.114053502678871155e-01,3.383230045437812805e-02,3.113690614700317383e-01,-1.425391319116999567e+00,-3.909835703884432689e+00,1.555398735325802084e+00,0.000000000000000000e+00,0.000000000000000000e+00,0.000000000000000000e+00,4.514910876750946045e-01,1.114053502678871155e-01,3.383230045437812805e-02,3.113690614700317383e-01,2.308719726562500000e+04,2.316908789062500000e+04,1.767732812500000000e+04,2.319972460937500000e+04,-2.401238258469236939e+02
2.079999999999999905e-01,1.601191813525685959e+00,4.093615065338652492e+00,-1.658619030622731971e+00,-1.685968933105468750e+02,-1.864344635009765625e+02,9.807948303222656250e+01,4.511149227619171143e-01,1.113866418600082397e-01,3.265048563480377197e-02,3.108628392219543457e-01,-1.601191813525685959e+00,-4.093615065338652492e+00,1.658619030622731971e+00,0.000000000000000000e+00,0.000000000000000000e+00,0.000000000000000000e+00,4.511149227619171143e-01,1.113866418600082397e-01,3.265048563480377197e-02,3.108628392219543457e-01,2.320076562500000000e+04,2.328061328125000000e+04,1.757342187500000000e+04,2.331329296875000000e+04,-2.621963424625368475e+02
2.089999999999999913e-01,1.787119885923607043e+00,4.285558595670759807e+00,-1.763846168305159612e+00,-1.782402801513671875e+02,-1.949621734619140625e+02,9.922546386718750000e+01,4.506140351295471191e-01,1.113469749689102173e-01,3.146573901176452637e-02,3.104009032249450684e-01,-1.787119885923607043e+00,-4.285558595670759807e+00,1.763846168305159612e+00,0.000000000000000000e+00,0.000000000000000000e+00,0.000000000000000000e+00,4.506140351295471191e-01,1.113469749689102173e-01,3.146573901176452637e-02,3.104009032249450684e-01,2.331350195312500000e+04,2.339296679687500000e+04,1.746264062500000000e+04,2.342602929687500000e+04,-2.868673057315727988e+02
2.099999999999999922e-01,1.984035573848675460e+00,4.485730130157156381e+00,-1.876417757007500242e+00,-1.883071899414062500e+02,-2.037565002441406250e+02,1.055949020385742188e+02,4.502634108066558838e-01,1.113660037517547607e-01,3.014681674540042877e-02,3.097959458827972412e-01,-1.984035573848675460e+00,-4.485730130157156381e+00,1.876417757007500242e+00,0.000000000000000000e+00,0.000000000000000000e+00,0.000000000000000000e+00,4.502634108066558838e-01,1.113660037517547607e-01,3.014681674540042877e-02,3.097959458827972412e-01,2.342710937500000000e+04,2.350445117187500000e+04,1.734341015625000000e+04,2.353963476562500000e+04,-3.144464212892826254e+02
2.109999999999999931e-01,2.192189878168067096e+00,4.694558843809510940e+00,-1.992819365539860943e+00,-1.988388977050781250e+02,-2.129175872802734375e+02,1.083424606323242188e+02,4.497293829917907715e-01,1.113624721765518188e-01,2.884852886199951172e-02,3.092656731605529785e-01,-2.192189878168067096e+00,-4.694558843809510940e+00,1.992819365539860943e+00,0.000000000000000000e+00,0.000000000000000000e+00,0.000000000000000000e+00,4.497293829917907715e-01,1.113624721765518188e-01,2.884852886199951172e-02,3.092656731605529785e-01,2.354011328125000000e+04,2.361653906250000000e+04,1.721623828125000000e+04,2.365263867187500000e+04,-3.452623295128859127e+02
2.119999999999999940e-01,2.412030085319185613e+00,4.912241186871105114e+00,-2.113911380487572877e+00,-2.097000427246093750e+02,-2.223540649414062500e+02,1.118256530761718750e+02,4.492996931076049805e-01,1.114023551344871521e-01,2.743440680205821991e-02,3.086228966712951660e-01,-2.412030085319185613e+00,-4.912241186871105114e+00,2.113911380487572877e+00,0.000000000000000000e+00,0.000000000000000000e+00,0.000000000000000000e+00,4.492996931076049805e-01,1.114023551344871521e-01,2.743440680205821991e-02,3.086228966712951660e-01,2.365323828125000000e+04,2.372850390625000000e+04,1.708075195312500000e+04,2.376576562500000000e+04,-3.796789534479185022e+02
2.129999999999999949e-01,2.644486497464388908e+00,5.138884697042532146e+00,-2.243980441406987492e+00,-2.210619506835937500e+02,-2.321386413574218750e+02,1.194452362060546875e+02,4.488311409950256348e-01,1.114576384425163269e-01,2.596908994019031525e-02,3.079560101032257080e-01,-2.644486497464388908e+00,-5.138884697042532146e+00,2.243980441406987492e+00,0.000000000000000000e+00,0.000000000000000000e+00,0.000000000000000000e+00,4.488311409950256348e-01,1.114576384425163269e-01,2.596908994019031525e-02,3.079560101032257080e-01,2.376705468750000000e+04,2.383978125000000000e+04,1.693557226562500000e+04,2.387958007812500000e+04,-4.181158464341049807e+02
2.139999999999999958e-01,2.889414241697146668e+00,5.375049260427617881e+00,-2.375929814834868203e+00,-2.328377532958984375e+02,-2.422321014404296875e+02,1.198410110473632812e+02,4.482154250144958496e-01,1.115040183067321777e-01,2.450149320065975189e-02,3.073351979255676270e-01,-2.889414241697146668e+00,-5.375049260427617881e+00,2.375929814834868203e+00,0.000000000000000000e+00,0.000000000000000000e+00,0.000000000000000000e+00,4.482154250144958496e-01,1.115040183067321777e-01,2.450149320065975189e-02,3.073351979255676270e-01,2.387966601562500000e+04,2.395225976562500000e+04,1.678236328125000000e+04,2.399219335937500000e+04,-4.610007581312719935e+02
2.149999999999999967e-01,3.148004164561087670e+00,5.620664820335843359e+00,-2.516887331526172389e+00,-2.450847320556640625e+02,-2.526643218994140625e+02,1.271800994873046875e+02,4.478208422660827637e-01,1.116288527846336365e-01,2.285836637020111084e-02,3.065179586410522461e-01,-3.148004164561087670e+00,-5.620664820335843359e+00,2.516887331526172389e+00,0.000000000000000000e+00,0.000000000000000000e+00,0.000000000000000000e+00,4.478208422660827637e-01,1.116288527846336365e-01,2.285836637020111084e-02,3.065179586410522461e-01,2.399343554687500000e+04,2.406358203125000000e+04,1.661891992187500000e+04,2.410596093750000000e+04,-5.088372832135238468e+02
2.159999999999999976e-01,3.420615338286008278e+00,5.876150451375512951e+00,-2.664465419821103964e+00,-2.578290405273437500e+02,-2.634779357910156250e+02,1.319581451416015625e+02,4.471831917762756348e-01,1.117274910211563110e-01,2.125357463955879211e-02,3.058051168918609619e-01,-3.420615338286008278e+00,-5.876150451375512951e+00,2.664465419821103964e+00,0.000000000000000000e+00,0.000000000000000000e+00,0.000000000000000000e+00,4.471831917762756348e-01,1.117274910211563110e-01,2.125357463955879211e-02,3.058051168918609619e-01,2.410677734375000000e+04,2.417533203125000000e+04,1.644553515625000000e+04,2.421930273437500000e+04,-5.621664126066644940e+02
2.169999999999999984e-01,3.707603902585342226e+00,6.141773897495951040e+00,-2.817303167665634600e+00,-2.709882812500000000e+02,-2.745588684082031250e+02,1.351916198730468750e+02,4.466168582439422607e-01,1.118718311190605164e-01,1.953949220478534698e-02,3.049906194210052490e-01,-3.707603902585342226e+00,-6.141773897495951040e+00,2.817303167665634600e+00,0.000000000000000000e+00,0.000000000000000000e+00,0.000000000000000000e+00,4.466168582439422607e-01,1.118718311190605164e-01,1.953949220478534698e-02,3.049906194210052490e-01,2.421986132812500000e+04,2.428733789062500000e+04,1.626258984375000000e+04,2.433238671875000000e+04,-6.215713230516320209e+02
2.179999999999999993e-01,4.010184337910635222e+00,6.417549211722830549e+00,-2.980238966900440101e+00,-2.847574462890625000e+02,-2.860501708984375000e+02,1.430317382812500000e+02,4.460858702659606934e-01,1.120625063776969910e-01,1.773096434772014618e-02,3.040924370288848877e-01,-4.010184337910635222e+00,-6.417549211722830549e+00,2.980238966900440101e+00,0.000000000000000000e+00,0.000000000000000000e+00,0.000000000000000000e+00,4.460858702659606934e-01,1.120625063776969910e-01,1.773096434772014618e-02,3.040924370288848877e-01,2.433371484375000000e+04,2.439857812500000000e+04,1.606831640625000000e+04,2.444624023437500000e+04,-6.877196636603719071e+02
2.190000000000000002e-01,4.328275443341208728e+00,6.704119701901974260e+00,-3.147611934087979790e+00,-2.989669189453125000e+02,-2.979013671875000000e+02,1.450028381347656250e+02,4.453887045383453369e-01,1.122525483369827271e-01,1.592004857957363129e-02,3.032435178756713867e-01,-4.328275443341208728e+00,-6.704119701901974260e+00,3.147611934087979790e+00,0.000000000000000000e+00,0.000000000000000000e+00,0.000000000000000000e+00,4.453887045383453369e-01,1.122525483369827271e-01,1.592004857957363129e-02,3.032435178756713867e-01,2.444658984375000000e+04,2.451079687500000000e+04,1.586388769531250000e+04,2.455911328125000000e+04,-7.613063138388457673e+02
2.200000000000000011e-01,4.663356838525952064e+00,7.001183893742322972e+00,-3.326707162225480907e+00,-3.137111206054687500e+02,-3.100888061523437500e+02,1.539835357666015625e+02,4.448682963848114014e-01,1.125144883990287781e-01,1.394591294229030609e-02,3.022183775901794434e-01,-4.663356838525952064e+00,-7.001183893742322972e+00,3.326707162225480907e+00,0.000000000000000000e+00,0.000000000000000000e+00,0.000000000000000000e+00,4.448682963848114014e-01,1.125144883990287781e-01,1.394591294229030609e-02,3.022183775901794434e-01,2.456063085937500000e+04,2.462184375000000000e+04,1.564735839843750000e+04,2.467315429687500000e+04,-8.431367672994717850e+02
2.210000000000000020e-01,5.015561005994548793e+00,7.309374346304265302e+00,-3.512614410458128500e+00,-3.290469665527343750e+02,-3.226532592773437500e+02,1.578020935058593750e+02,4.441043436527252197e-01,1.127757057547569275e-01,1.200172863900661469e-02,3.012843728065490723e-01,-5.015561005994548793e+00,-7.309374346304265302e+00,3.512614410458128500e+00,0.000000000000000000e+00,0.000000000000000000e+00,0.000000000000000000e+00,4.441043436527252197e-01,1.127757057547569275e-01,1.200172863900661469e-02,3.012843728065490723e-01,2.467381445312500000e+04,2.473375390625000000e+04,1.542163183593750000e+04,2.478633789062500000e+04,-9.340580328352938295e+02
2.220000000000000029e-01,5.385644350945483438e+00,7.628812201282582528e+00,-3.706489981912005405e+00,-3.448800659179687500e+02,-3.355480651855468750e+02,1.624849853515625000e+02,4.434956312179565430e-01,1.131103485822677612e-01,9.902143850922584534e-03,3.001842498779296875e-01,-5.385644350945483438e+00,-7.628812201282582528e+00,3.706489981912005405e+00,0.000000000000000000e+00,0.000000000000000000e+00,0.000000000000000000e+00,4.434956312179565430e-01,1.131103485822677612e-01,9.902143850922584534e-03,3.001842498779296875e-01,2.478713867187500000e+04,2.484551757812500000e+04,1.519575976562500000e+04,2.489966406250000000e+04,-1.035000041498616838e+03
2.230000000000000038e-01,5.774951681088055011e+00,7.959391517535357785e+00,-3.912538190880717082e+00,-3.613626708984375000e+02,-3.488645019531250000e+02,1.710321960449218750e+02,4.428415298461914062e-01,1.134857162833213806e-01,7.737934123724699020e-03,2.990438640117645264e-01,-5.774951681088055011e+00,-7.959391517535357785e+00,3.912538190880717082e+00,0.000000000000000000e+00,0.000000000000000000e+00,0.000000000000000000e+00,4.428415298461914062e-01,1.134857162833213806e-01,7.737934123724699020e-03,2.990438640117645264e-01,2.490111132812500000e+04,2.495664062500000000e+04,1.496924218750000000e+04,2.501363476562500000e+04,-1.147009976842032529e+03
2.240000000000000047e-01,6.183246741070229646e+00,8.301859591591647103e+00,-4.124724096160012010e+00,-3.782841491699218750e+02,-3.624853515625000000e+02,1.732375488281250000e+02,4.420468509197235107e-01,1.138876080513000488e-01,5.552336107939481735e-03,2.979244887828826904e-01,-6.183246741070229646e+00,-8.301859591591647103e+00,4.124724096160012010e+00,0.000000000000000000e+00,0.000000000000000000e+00,0.000000000000000000e+00,4.420468509197235107e-01,1.138876080513000488e-01,5.552336107939481735e-03,2.979244887828826904e-01,2.501402343750000000e+04,2.506882031250000000e+04,1.474378320312500000e+04,2.512654687500000000e+04,-1.271176738650933430e+03
2.250000000000000056e-01,6.612351063489923853e+00,8.655635537533882484e+00,-4.350356306208722934e+00,-3.958346862792968750e+02,-3.764406127929687500e+02,1.823558502197265625e+02,4.414459168910980225e-01,1.143774464726448059e-01,3.190080635249614716e-03,2.966063320636749268e-01,-6.612351063489923853e+00,-8.655635537533882484e+00,4.350356306208722934e+00,0.000000000000000000e+00,0.000000000000000000e+00,0.000000000000000000e+00,4.414459168910980225e-01,1.143774464726448059e-01,3.190080635249614716e-03,2.966063320636749268e-01,2.512808789062500000e+04,2.517984375000000000e+04,1.451717382812500000e+04,2.524061132812500000e+04,-1.408745551787359318e+03
2.260000000000000064e-01,7.061994834639948593e+00,9.021634546237496721e+00,-4.582805641817904174e+00,-4.139252014160156250e+02,-3.907405700683593750e+02,1.844847106933593750e+02,4.406037926673889160e-01,1.148949041962623596e-01,8.506461745128035545e-04,2.953661978244781494e-01,-7.061994834639948593e+00,-9.021634546237496721e+00,4.582805641817904174e+00,0.000000000000000000e+00,0.000000000000000000e+00,0.000000000000000000e+00,4.406037926673889160e-01,1.148949041962623596e-01,8.506461745128035545e-04,2.953661978244781494e-01,2.524099023437500000e+04,2.529203710937500000e+04,1.429172753906250000e+04,2.535351367187500000e+04,-1.561009320268384499e+03
2.270000000000000073e-01,7.533740763452164479e+00,9.399313921617711287e+00,-4.827776250704072680e+00,-4.325335083007812500e+02,-4.053374023437500000e+02,1.918789520263671875e+02,4.399757385253906250e-01,1.155030429363250732e-01,-1.675372594036161900e-03,2.939134240150451660e-01,-7.533740763452164479e+00,-9.399313921617711287e+00,4.827776250704072680e+00,0.000000000000000000e+00,0.000000000000000000e+00,0.000000000000000000e+00,4.399757385253906250e-01,1.155030429363250732e-01,0.000000000000000000e+00,2.939134240150451660e-01,2.535476562500000000e+04,2.540334765625000000e+04,1.406540234375000000e+04,2.546728906250000000e+04,-1.729421095883264115e+03
2.280000000000000082e-01,8.028288386412958388e+00,9.788891049837227243e+00,-5.084512331813490604e+00,-4.517551574707031250e+02,-4.202638549804687500e+02,1.980715637207031250e+02,4.391608238220214844e-01,1.161575615406036377e-01,-4.204686265438795090e-03,2.924993932247161865e-01,-8.028288386412958388e+00,-9.788891049837227243e+00,5.084512331813490604e+00,0.000000000000000000e+00,0.000000000000000000e+00,0.000000000000000000e+00,4.391608238220214844e-01,1.161575615406036377e-01,0.000000000000000000e+00,2.924993932247161865e-01,2.546834570312500000e+04,2.551486328125000000e+04,1.383927832031250000e+04,2.558086914062500000e+04,-1.915549163936624154e+03
2.290000000000000091e-01,8.545823647591845429e+00,1.019078195442015122e+01,-5.350341500918214699e+00,-4.714181823730468750e+02,-4.354292602539062500e+02,2.011407318115234375e+02,4.383738040924072266e-01,1.168891862034797668e-01,-6.834689062088727951e-03,2.909876108169555664e-01,-8.545823647591845429e+00,-1.019078195442015122e+01,5.350341500918214699e+00,0.000000000000000000e+00,0.000000000000000000e+00,0.000000000000000000e+00,4.383738040924072266e-01,1.168891862034797668e-01,0.000000000000000000e+00,2.909876108169555664e-01,2.558140234375000000e+04,2.562689648437500000e+04,1.361367675781250000e+04,2.569392578125000000e+04,-2.121058456771347210e+03
2.300000000000000100e-01,9.088281419425243257e+00,1.060422411786353436e+01,-5.631314485800939629e+00,-4.917456054687500000e+02,-4.509172973632812500e+02,2.097224121093750000e+02,4.376753568649291992e-01,1.177090480923652649e-01,-9.593671187758445740e-03,2.893356382846832275e-01,-9.088281419425243257e+00,-1.060422411786353436e+01,5.631314485800939629e+00,0.000000000000000000e+00,0.000000000000000000e+00,0.000000000000000000e+00,4.376753568649291992e-01,1.177090480923652649e-01,0.000000000000000000e+00,2.893356382846832275e-01,2.569537890625000000e+04,2.573801367187500000e+04,1.338715625000000000e+04,2.580790039062500000e+04,-2.347816587909887403e+03
2.310000000000000109e-01,9.655097435497378200e+00,1.103030887424365325e+01,-5.920638502140932680e+00,-5.125126953125000000e+02,-4.666745300292968750e+02,2.110084991455078125e+02,4.367847144603729248e-01,1.185922250151634216e-01,-1.235180906951427460e-02,2.877236008644104004e-01,-9.655097435497378200e+00,-1.103030887424365325e+01,5.920638502140932680e+00,0.000000000000000000e+00,0.000000000000000000e+00,0.000000000000000000e+00,4.367847144603729248e-01,1.185922250151634216e-01,0.000000000000000000e+00,2.877236008644104004e-01,2.580813867187500000e+04,2.585034570312500000e+04,1.316184960937500000e+04,2.592066015625000000e+04,-2.597759168533087177e+03
2.320000000000000118e-01,1.024880982367756133e+01,1.146758863761569813e+01,-6.227399629492281541e+00,-5.338670043945312500e+02,-4.826973266601562500e+02,2.207709960937500000e+02,4.361187517642974854e-01,1.195755973458290100e-01,-1.529970485717058182e-02,2.858850359916687012e-01,-1.024880982367756133e+01,-1.146758863761569813e+01,6.227399629492281541e+00,0.000000000000000000e+00,0.000000000000000000e+00,0.000000000000000000e+00,4.361187517642974854e-01,1.195755973458290100e-01,0.000000000000000000e+00,2.858850359916687012e-01,2.592231054687500000e+04,2.596126171875000000e+04,1.293512890625000000e+04,2.603483203125000000e+04,-2.873083366641970315e+03
2.330000000000000127e-01,1.086882963799408408e+01,1.191722897715936469e+01,-6.544605805126493259e+00,-5.557315063476562500e+02,-4.989480895996093750e+02,2.229721374511718750e+02,4.351681172847747803e-01,1.206322312355041504e-01,-1.820229925215244293e-02,2.841420173645019531e-01,-1.086882963799408408e+01,-1.191722897715936469e+01,6.544605805126493259e+00,0.000000000000000000e+00,0.000000000000000000e+00,0.000000000000000000e+00,4.351681172847747803e-01,1.206322312355041504e-01,0.000000000000000000e+00,2.841420173645019531e-01,2.603522460937500000e+04,2.607344335937500000e+04,1.270967187500000000e+04,2.614774609375000000e+04,-3.176067035980251148e+03
2.340000000000000135e-01,1.151696462942600441e+01,1.237824550799212275e+01,-6.877389357852860208e+00,-5.781010742187500000e+02,-5.153999023437500000e+02,2.296565093994140625e+02,4.344540238380432129e-01,1.217968761920928955e-01,-2.129606343805789948e-02,2.821636497974395752e-01,-1.151696462942600441e+01,-1.237824550799212275e+01,6.877389357852860208e+00,0.000000000000000000e+00,0.000000000000000000e+00,0.000000000000000000e+00,4.344540238380432129e-01,1.217968761920928955e-01,0.000000000000000000e+00,2.821636497974395752e-01,2.614888281250000000e+04,2.618487109375000000e+04,1.248346875000000000e+04,2.626140429687500000e+04,-3.509226956491335841e+03
2.349999999999999867e-01,1.219389212995201532e+01,1.285080471117520773e+01,-7.224626572860078255e+00,-6.010884399414062500e+02,-5.320958251953125000e+02,2.345459899902343750e+02,4.335857331752777100e-01,1.230553984642028809e-01,-2.440107055008411407e-02,2.801965475082397461e-01,-1.219389212995201532e+01,-1.285080471117520773e+01,7.224626572860078255e+00,0.000000000000000000e+00,0.000000000000000000e+00,0.000000000000000000e+00,4.335857331752777100e-01,1.230553984642028809e-01,0.000000000000000000e+00,2.801965475082397461e-01,2.626224414062500000e+04,2.629660351562500000e+04,1.225756250000000000e+04,2.637476562500000000e+04,-3.875256372610280323e+03
2.359999999999999876e-01,1.290021997370832096e+01,1.333491234031323991e+01,-7.585879138481305795e+00,-6.244868774414062500e+02,-5.489869384765625000e+02,2.382925720214843750e+02,4.327680170536041260e-01,1.244165748357772827e-01,-2.760754339396953583e-02,2.781138420104980469e-01,-1.290021997370832096e+01,-1.333491234031323991e+01,7.585879138481305795e+00,0.000000000000000000e+00,0.000000000000000000e+00,0.000000000000000000e+00,4.327680170536041260e-01,1.244165748357772827e-01,0.000000000000000000e+00,2.781138420104980469e-01,2.637541406250000000e+04,2.640852539062500000e+04,1.203184472656250000e+04,2.648793554687500000e+04,-4.277037497407827686e+03
2.369999999999999885e-01,1.363815398293201575e+01,1.382926948959802793e+01,-7.966568025367966044e+00,-6.485257568359375000e+02,-5.660945434570312500e+02,2.466985931396484375e+02,4.319796562194824219e-01,1.258814781904220581e-01,-3.090453147888183594e-02,2.759276032447814941e-01,-1.363815398293201575e+01,-1.382926948959802793e+01,7.966568025367966044e+00,0.000000000000000000e+00,0.000000000000000000e+00,0.000000000000000000e+00,4.319796562194824219e-01,1.258814781904220581e-01,0.000000000000000000e+00,2.759276032447814941e-01,2.648936132812500000e+04,2.651966992187500000e+04,1.180535058593750000e+04,2.660188281250000000e+04,-4.717751642188733967e+03
2.379999999999999893e-01,1.440683911416387808e+01,1.433521342778830210e+01,-8.360072866177954864e+00,-6.729323730468750000e+02,-5.833519287109375000e+02,2.477167053222656250e+02,4.310399889945983887e-01,1.274588555097579956e-01,-3.420385718345642090e-02,2.737557590007781982e-01,-1.440683911416387808e+01,-1.433521342778830210e+01,8.360072866177954864e+00,0.000000000000000000e+00,0.000000000000000000e+00,0.000000000000000000e+00,4.310399889945983887e-01,1.274588555097579956e-01,0.000000000000000000e+00,2.737557590007781982e-01,2.660207617187500000e+04,2.663204882812500000e+04,1.158008984375000000e+04,2.671459765625000000e+04,-5.200697817798182768e+03
2.389999999999999902e-01,1.520945432631305216e+01,1.485037836993864069e+01,-8.775407427984090347e+00,-6.979642944335937500e+02,-6.007844848632812500e+02,2.569226074218750000e+02,4.303323924541473389e-01,1.291426122188568115e-01,-3.767932206392288208e-02,2.713536024093627930e-01,-1.520945432631305216e+01,-1.485037836993864069e+01,8.775407427984090347e+00,0.000000000000000000e+00,0.000000000000000000e+00,0.000000000000000000e+00,4.303323924541473389e-01,1.291426122188568115e-01,0.000000000000000000e+00,2.713536024093627930e-01,2.671615625000000000e+04,2.674305859375000000e+04,1.135346777343750000e+04,2.682867773437500000e+04,-5.729566831959845331e+03
2.399999999999999911e-01,1.604473944855812206e+01,1.537661741263382353e+01,-9.204447103203271752e+00,-7.234111938476562500e+02,-6.183643188476562500e+02,2.571373291015625000e+02,4.293652176856994629e-01,1.309537440538406372e-01,-4.110001027584075928e-02,2.690381407737731934e-01,-1.604473944855812206e+01,-1.537661741263382353e+01,9.204447103203271752e+00,0.000000000000000000e+00,0.000000000000000000e+00,0.000000000000000000e+00,4.293652176856994629e-01,1.309537440538406372e-01,0.000000000000000000e+00,2.690381407737731934e-01,2.682873828125000000e+04,2.685557226562500000e+04,1.112834277343750000e+04,2.694125781250000000e+04,-6.308162705462143094e+03
2.409999999999999920e-01,1.691611898170627271e+01,1.591110809039511231e+01,-9.656733043903159341e+00,-7.494062500000000000e+02,-6.360900878906250000e+02,2.660141906738281250e+02,4.286812245845794678e-01,1.328639537096023560e-01,-4.471184313297271729e-02,2.664642632007598877e-01,-1.691611898170627271e+01,-1.591110809039511231e+01,9.656733043903159341e+00,0.000000000000000000e+00,0.000000000000000000e+00,0.000000000000000000e+00,4.286812245845794678e-01,1.328639537096023560e-01,0.000000000000000000e+00,2.664642632007598877e-01,2.694276171875000000e+04,2.696663281250000000e+04,1.090176855468750000e+04,2.705528320312500000e+04,-6.940733640610834300e+03
2.419999999999999929e-01,1.782290237214132489e+01,1.645521368309367816e+01,-1.012633325535719564e+01,-7.758890991210937500e+02,-6.539314575195312500e+02,2.679978942871093750e+02,4.277293086051940918e-01,1.349142789840698242e-01,-4.825525358319282532e-02,2.639885842800140381e-01,-1.782290237214132489e+01,-1.645521368309367816e+01,1.012633325535719564e+01,0.000000000000000000e+00,0.000000000000000000e+00,0.000000000000000000e+00,4.277293086051940918e-01,1.349142789840698242e-01,0.000000000000000000e+00,2.639885842800140381e-01,2.705563867187500000e+04,2.707885156250000000e+04,1.067634179687500000e+04,2.716816015625000000e+04,-7.631706172132541724e+03
2.429999999999999938e-01,1.876750006681389138e+01,1.700689932554943695e+01,-1.061884034680588940e+01,-8.028029785156250000e+02,-6.718610229492187500e+02,2.746401672363281250e+02,4.269986450672149658e-01,1.370668709278106689e-01,-5.194981768727302551e-02,2.613000571727752686e-01,-1.876750006681389138e+01,-1.700689932554943695e+01,1.061884034680588940e+01,0.000000000000000000e+00,0.000000000000000000e+00,0.000000000000000000e+00,4.269986450672149658e-01,1.370668709278106689e-01,0.000000000000000000e+00,2.613000571727752686e-01,2.716929101562500000e+04,2.719028515625000000e+04,1.045014453125000000e+04,2.728181250000000000e+04,-8.385919625870727032e+03
2.439999999999999947e-01,1.975046051271953829e+01,1.756626830532140460e+01,-1.113257041367015709e+01,-8.302914428710937500e+02,-6.898641967773437500e+02,2.785782775878906250e+02,4.261334538459777832e-01,1.393584311008453369e-01,-5.562497302889823914e-02,2.586316764354705811e-01,-1.975046051271953829e+01,-1.756626830532140460e+01,1.113257041367015709e+01,0.000000000000000000e+00,0.000000000000000000e+00,0.000000000000000000e+00,4.261334538459777832e-01,1.393584311008453369e-01,0.000000000000000000e+00,2.586316764354705811e-01,2.728249414062500000e+04,2.730217773437500000e+04,1.022439941406250000e+04,2.739501562500000000e+04,-9.208508222525084420e+03
2.449999999999999956e-01,2.077273713014559320e+01,1.813275560678270892e+01,-1.166804268903761432e+01,-8.581278076171875000e+02,-7.079484863281250000e+02,2.819844970703125000e+02,4.253634512424468994e-01,1.417648494243621826e-01,-5.937948822975158691e-02,2.558398842811584473e-01,-2.077273713014559320e+01,-1.813275560678270892e+01,1.166804268903761432e+01,0.000000000000000000e+00,0.000000000000000000e+00,0.000000000000000000e+00,4.253634512424468994e-01,1.417648494243621826e-01,0.000000000000000000e+00,2.558398842811584473e-01,2.739560742187500000e+04,2.741415429687500000e+04,1.000233984375000000e+04,2.750812695312500000e+04,-1.010495487649172719e+04
2.459999999999999964e-01,2.183661425290087621e+01,1.870450918635586746e+01,-1.222912090492343395e+01,-8.865839843750000000e+02,-7.260973510742187500e+02,2.882307128906250000e+02,4.246228635311126709e-01,1.442863047122955322e-01,-6.317769736051559448e-02,2.529718875885009766e-01,-2.183661425290087621e+01,-1.870450918635586746e+01,1.222912090492343395e+01,0.000000000000000000e+00,0.000000000000000000e+00,0.000000000000000000e+00,4.246228635311126709e-01,1.442863047122955322e-01,0.000000000000000000e+00,2.529718875885009766e-01,2.750919531250000000e+04,2.752566015625000000e+04,9.785038085937500000e+03,2.762171484375000000e+04,-1.108120266053142768e+04
2.469999999999999973e-01,2.294161530767689072e+01,1.928251404245126821e+01,-1.281185394683856593e+01,-9.153247680664062500e+02,-7.443117065429687500e+02,2.893184814453125000e+02,4.238145947456359863e-01,1.469444036483764648e-01,-6.696352362632751465e-02,2.500987648963928223e-01,-2.294161530767689072e+01,-1.928251404245126821e+01,1.281185394683856593e+01,0.000000000000000000e+00,0.000000000000000000e+00,0.000000000000000000e+00,4.238145947456359863e-01,1.469444036483764648e-01,0.000000000000000000e+00,2.500987648963928223e-01,2.762192187500000000e+04,2.763802734375000000e+04,9.573713867187500000e+03,2.773444140625000000e+04,-1.214347932280931491e+04
2.479999999999999982e-01,2.409145005168607767e+01,1.986305819818346308e+01,-1.342423521444684376e+01,-9.446647949218750000e+02,-7.625604858398437500e+02,2.974367980957031250e+02,4.231803715229034424e-01,1.496851146221160889e-01,-7.084575295448303223e-02,2.470654547214508057e-01,-2.409145005168607767e+01,-1.986305819818346308e+01,1.342423521444684376e+01,0.000000000000000000e+00,0.000000000000000000e+00,0.000000000000000000e+00,4.231803715229034424e-01,1.496851146221160889e-01,0.000000000000000000e+00,2.470654547214508057e-01,2.773582031250000000e+04,2.774921875000000000e+04,9.366197265625000000e+03,2.784833984375000000e+04,-1.329862846047941821e+04
2.489999999999999991e-01,2.528437130896494267e+01,2.044858560459566732e+01,-1.405879114922808881e+01,-9.742479248046875000e+02,-7.808220825195312500e+02,2.966936950683593750e+02,4.223649203777313232e-01,1.525867581367492676e-01,-7.464203983545303345e-02,2.441180497407913208e-01,-2.528437130896494267e+01,-2.044858560459566732e+01,1.405879114922808881e+01,0.000000000000000000e+00,0.000000000000000000e+00,0.000000000000000000e+00,4.223649203777313232e-01,1.525867581367492676e-01,0.000000000000000000e+00,2.441180497407913208e-01,2.784824218750000000e+04,2.786189257812500000e+04,9.165052734375000000e+03,2.796075976562500000e+04,-1.455372215477511963e+04
2.500000000000000000e-01,2.652492682484803410e+01,2.103406940659871083e+01,-1.472557131217095439e+01,-1.004391296386718750e+03,-7.990787353515625000e+02,3.051375427246093750e+02,4.218370020389556885e-01,1.555351316928863525e-01,-7.857218384742736816e-02,2.409454286098480225e-01,-2.652492682484803410e+01,-2.103406940659871083e+01,1.472557131217095439e+01,0.000000000000000000e+00,0.000000000000000000e+00,0.000000000000000000e+00,4.218370020389556885e-01,1.555351316928863525e-01,0.000000000000000000e+00,2.409454286098480225e-01,2.796219531250000000e+04,2.797302734375000000e+04,8.967124023437500000e+03,2.807471289062500000e+04,-1.591656842411010621e+04
2.510000000000000009e-01,2.781081035394923262e+01,2.162274033667830508e+01,-1.541583788935908572e+01,-1.034798706054687500e+03,-8.173193969726562500e+02,3.032740173339843750e+02,4.210780858993530273e-01,1.586589515209197998e-01,-8.236997574567794800e-02,2.379112094640731812e-01,-2.781081035394923262e+01,-2.162274033667830508e+01,1.541583788935908572e+01,0.000000000000000000e+00,0.000000000000000000e+00,0.000000000000000000e+00,4.210780858993530273e-01,1.586589515209197998e-01,0.000000000000000000e+00,2.379112094640731812e-01,2.807442773437500000e+04,2.808589062500000000e+04,8.775580078125000000e+03,2.818694726562500000e+04,-1.739520055415185197e+04
2.520000000000000018e-01,2.914691872079986723e+01,2.220872717679672448e+01,-1.614024337399373366e+01,-1.065702758789062500e+03,-8.355454101562500000e+02,3.113236694335937500e+02,4.206487834453582764e-01,1.617977321147918701e-01,-8.630568534135818481e-02,2.346341162919998169e-01,-2.914691872079986723e+01,-2.220872717679672448e+01,1.614024337399373366e+01,0.000000000000000000e+00,0.000000000000000000e+00,0.000000000000000000e+00,4.206487834453582764e-01,1.617977321147918701e-01,0.000000000000000000e+00,2.346341162919998169e-01,2.818831640625000000e+04,2.819708593750000000e+04,8.586897460937500000e+03,2.830083398437500000e+04,-1.899847844405390424e+04
2.530000000000000027e-01,3.053108311301860311e+01,2.279522015538001867e+01,-1.689070971886750172e+01,-1.096919799804687500e+03,-8.537225341796875000e+02,3.096071166992187500e+02,4.199831485748291016e-01,1.651124656200408936e-01,-9.008173644542694092e-02,2.315219491720199585e-01,-3.053108311301860311e+01,-2.279522015538001867e+01,1.689070971886750172e+01,0.000000000000000000e+00,0.000000000000000000e+00,0.000000000000000000e+00,4.199831485748291016e-01,1.651124656200408936e-01,0.000000000000000000e+00,2.315219491720199585e-01,2.830057421875000000e+04,2.830992382812500000e+04,8.404286132812500000e+03,2.841309375000000000e+04,-2.073554361684724427e+04
2.540000000000000036e-01,3.196792878645512204e+01,2.337621395387660428e+01,-1.767685619264528540e+01,-1.128559692382812500e+03,-8.718765869140625000e+02,3.168806152343750000e+02,4.196330010890960693e-01,1.684243679046630859e-01,-9.397059679031372070e-02,2.281889468431472778e-01,-3.196792878645512204e+01,-2.337621395387660428e+01,1.767685619264528540e+01,0.000000000000000000e+00,0.000000000000000000e+00,0.000000000000000000e+00,4.196330010890960693e-01,1.684243679046630859e-01,0.000000000000000000e+00,2.281889468431472778e-01,2.841433203125000000e+04,2.842125000000000000e+04,8.224472656250000000e+03,2.852685156250000000e+04,-2.261641071141598877e+04
2.550000000000000044e-01,3.345572485998332013e+01,2.395434338740304625e+01,-1.849204821011581146e+01,-1.160548950195312500e+03,-8.899392700195312500e+02,3.158054504394531250e+02,4.190900027751922607e-01,1.718963384628295898e-01,-9.769452363252639771e-02,2.250157594680786133e-01,-3.345572485998332013e+01,-2.395434338740304625e+01,1.849204821011581146e+01,0.000000000000000000e+00,0.000000000000000000e+00,0.000000000000000000e+00,4.190900027751922607e-01,1.718963384628295898e-01,0.000000000000000000e+00,2.250157594680786133e-01,2.852669921875000000e+04,2.853398046875000000e+04,8.050289550781250000e+03,2.863921875000000000e+04,-2.465146265144976132e+04
2.560000000000000053e-01,3.499828712428624300e+01,2.452416649044158703e+01,-1.934371719919745303e+01,-1.192875854492187500e+03,-9.079545898437500000e+02,3.215966491699218750e+02,4.188266992568969727e-01,1.753566265106201172e-01,-1.014935001730918884e-01,2.216612398624420166e-01,-3.499828712428624300e+01,-2.452416649044158703e+01,1.934371719919745303e+01,0.000000000000000000e+00,0.000000000000000000e+00,0.000000000000000000e+00,4.188266992568969727e-01,1.753566265106201172e-01,0.000000000000000000e+00,2.216612398624420166e-01,2.864021093750000000e+04,2.864555078125000000e+04,7.879075195312500000e+03,2.875273046875000000e+04,-2.685195689021716680e+04
2.570000000000000062e-01,3.659457924848041444e+01,2.508732234783780868e+01,-2.022715569549836090e+01,-1.225608764648437500e+03,-9.258391113281250000e+02,3.210643615722656250e+02,4.184449613094329834e-01,1.789456903934478760e-01,-1.051393449306488037e-01,2.184373438358306885e-01,-3.659457924848041444e+01,-2.508732234783780868e+01,2.022715569549836090e+01,0.000000000000000000e+00,0.000000000000000000e+00,0.000000000000000000e+00,4.184449613094329834e-01,1.789456903934478760e-01,0.000000000000000000e+00,2.184373438358306885e-01,2.875266992187500000e+04,2.875819140625000000e+04,7.712954589843750000e+03,2.886518945312500000e+04,-2.922963169070473305e+04
2.580000000000000071e-01,3.824746594868426541e+01,2.563924279499152092e+01,-2.114747402493287964e+01,-1.258620117187500000e+03,-9.436822509765625000e+02,3.250884704589843750e+02,4.182919859886169434e-01,1.825219988822937012e-01,-1.088138595223426819e-01,2.150843143463134766e-01,-3.824746594868426541e+01,-2.563924279499152092e+01,2.114747402493287964e+01,0.000000000000000000e+00,0.000000000000000000e+00,0.000000000000000000e+00,4.182919859886169434e-01,1.825219988822937012e-01,0.000000000000000000e+00,2.150843143463134766e-01,2.886588671875000000e+04,2.887005664062500000e+04,7.549993652343750000e+03,2.897840625000000000e+04,-3.179708677093623191e+04
2.590000000000000080e-01,3.995673695803389336e+01,2.618018886196824369e+01,-2.210212693104011805e+01,-1.292086914062500000e+03,-9.613783569335937500e+02,3.252083435058593750e+02,4.180946648120880127e-01,1.861858367919921875e-01,-1.123509556055068970e-01,2.118299603462219238e-01,-3.995673695803389336e+01,-2.618018886196824369e+01,2.210212693104011805e+01,0.000000000000000000e+00,0.000000000000000000e+00,0.000000000000000000e+00,4.180946648120880127e-01,1.861858367919921875e-01,0.000000000000000000e+00,2.118299603462219238e-01,2.897845312500000000e+04,2.898258789062500000e+04,7.391525878906250000e+03,2.909097265625000000e+04,-3.456753390299387684e+04
2.600000000000000089e-01,4.172431420029410276e+01,2.670652068702087689e+01,-2.309410225156693741e+01,-1.325789550781250000e+03,-9.790386352539062500e+02,3.277638549804687500e+02,4.180684983730316162e-01,1.898420751094818115e-01,-1.158654913306236267e-01,2.085070610046386719e-01,-4.172431420029410276e+01,-2.670652068702087689e+01,2.309410225156693741e+01,0.000000000000000000e+00,0.000000000000000000e+00,0.000000000000000000e+00,4.180684983730316162e-01,1.898420751094818115e-01,0.000000000000000000e+00,2.085070610046386719e-01,2.909142773437500000e+04,2.909470117187500000e+04,7.236383300781250000e+03,2.920394531250000000e+04,-3.755502810449084791e+04
2.610000000000000098e-01,4.355070210916664308e+01,2.721703439647495770e+01,-2.412263741539248940e+01,-1.360000854492187500e+03,-9.965360717773437500e+02,3.286231384277343750e+02,4.180633723735809326e-01,1.935440599918365479e-01,-1.192573532462120056e-01,2.052534222602844238e-01,-4.355070210916664308e+01,-2.721703439647495770e+01,2.412263741539248940e+01,0.000000000000000000e+00,0.000000000000000000e+00,0.000000000000000000e+00,4.180633723735809326e-01,1.935440599918365479e-01,0.000000000000000000e+00,2.052534222602844238e-01,2.920411718750000000e+04,2.920710937500000000e+04,7.085171875000000000e+03,2.931663476562500000e+04,-4.077436035590561369e+04
2.620000000000000107e-01,4.543684693807235675e+01,2.770910959734245793e+01,-2.518876977398481998e+01,-1.394412597656250000e+03,-1.014003295898437500e+03,3.299554138183593750e+02,4.181827604770660400e-01,1.972466409206390381e-01,-1.225787550210952759e-01,2.019878923892974854e-01,-4.543684693807235675e+01,-2.770910959734245793e+01,2.518876977398481998e+01,0.000000000000000000e+00,0.000000000000000000e+00,0.000000000000000000e+00,4.181827604770660400e-01,1.972466409206390381e-01,0.000000000000000000e+00,2.019878923892974854e-01,2.931688671875000000e+04,2.931942773437500000e+04,6.937438476562500000e+03,2.942940429687500000e+04,-4.424113629298377782e+04
2.630000000000000115e-01,4.738364385444008775e+01,2.818025373433324887e+01,-2.629281803768575188e+01,-1.429360107421875000e+03,-1.031282470703125000e+03,3.312435302734375000e+02,4.183805882930755615e-01,2.009536921977996826e-01,-1.257924437522888184e-01,1.987636387348175049e-01,-4.738364385444008775e+01,-2.818025373433324887e+01,2.629281803768575188e+01,0.000000000000000000e+00,0.000000000000000000e+00,0.000000000000000000e+00,4.183805882930755615e-01,2.009536921977996826e-01,0.000000000000000000e+00,1.987636387348175049e-01,2.942964648437500000e+04,2.943176171875000000e+04,6.793196289062500000e+03,2.954216406250000000e+04,-4.797178497880245413e+04
2.640000000000000124e-01,4.939113473846089875e+01,2.862881558808348004e+01,-2.743419273145003956e+01,-1.464484008789062500e+03,-1.048519042968750000e+03,3.313773193359375000e+02,4.186741113662719727e-01,2.046681046485900879e-01,-1.288969516754150391e-01,1.955724060535430908e-01,-4.939113473846089875e+01,-2.862881558808348004e+01,2.743419273145003956e+01,0.000000000000000000e+00,0.000000000000000000e+00,0.000000000000000000e+00,4.186741113662719727e-01,2.046681046485900879e-01,0.000000000000000000e+00,1.955724060535430908e-01,2.954221679687500000e+04,2.954428320312500000e+04,6.652553222656250000e+03,2.965473437500000000e+04,-5.198351318235808867e+04
2.650000000000000133e-01,5.146033931364713965e+01,2.905125139820072278e+01,-2.861369746867059405e+01,-1.500185913085937500e+03,-1.065541625976562500e+03,3.326438293457031250e+02,4.190906584262847900e-01,2.083513736724853516e-01,-1.319066435098648071e-01,1.923989355564117432e-01,-5.146033931364713965e+01,-2.905125139820072278e+01,2.861369746867059405e+01,0.000000000000000000e+00,0.000000000000000000e+00,0.000000000000000000e+00,4.190906584262847900e-01,2.083513736724853516e-01,0.000000000000000000e+00,1.923989355564117432e-01,2.965497265625000000e+04,2.965662109375000000e+04,6.515043945312500000e+03,2.976749023437500000e+04,-5.629439859526385408e+04
2.660000000000000142e-01,5.359058388835132547e+01,2.944661980685642177e+01,-2.982962511634520197e+01,-1.536067871093750000e+03,-1.082525146484375000e+03,3.317106018066406250e+02,4.195865988731384277e-01,2.120471298694610596e-01,-1.347767114639282227e-01,1.892932355403900146e-01,-5.359058388835132547e+01,-2.944661980685642177e+01,2.982962511634520197e+01,0.000000000000000000e+00,0.000000000000000000e+00,0.000000000000000000e+00,4.195865988731384277e-01,2.120471298694610596e-01,0.000000000000000000e+00,1.892932355403900146e-01,2.976736328125000000e+04,2.976932031250000000e+04,6.381145996093750000e+03,2.987988085937500000e+04,-6.092325922938951408e+04
2.670000000000000151e-01,5.578275447406444698e+01,2.981058499133787976e+01,-3.108277722587660818e+01,-1.572566040039062500e+03,-1.099281738281250000e+03,3.326924438476562500e+02,4.202330410480499268e-01,2.156841158866882324e-01,-1.375585794448852539e-01,1.861931830644607544e-01,-5.578275447406444698e+01,-2.981058499133787976e+01,3.108277722587660818e+01,0.000000000000000000e+00,0.000000000000000000e+00,0.000000000000000000e+00,4.202330410480499268e-01,2.156841158866882324e-01,0.000000000000000000e+00,1.861931830644607544e-01,2.988007226562500000e+04,2.988170703125000000e+04,6.250088867187500000e+03,2.999258984375000000e+04,-6.588978494370252884e+04
2.680000000000000160e-01,5.803562527275833105e+01,3.014254716971111847e+01,-3.237076594861696321e+01,-1.609256347656250000e+03,-1.116000732421875000e+03,3.310355834960937500e+02,4.209528863430023193e-01,2.193365395069122314e-01,-1.401778310537338257e-01,1.831876933574676514e-01,-5.803562527275833105e+01,-3.014254716971111847e+01,3.237076594861696321e+01,0.000000000000000000e+00,0.000000000000000000e+00,0.000000000000000000e+00,4.209528863430023193e-01,2.193365395069122314e-01,0.000000000000000000e+00,1.831876933574676514e-01,2.999234375000000000e+04,2.999452734375000000e+04,6.122562011718750000e+03,3.010486132812500000e+04,-7.121435838248094660e+04
2.690000000000000169e-01,6.034964920520459941e+01,3.043775465084148024e+01,-3.369384719403075934e+01,-1.646605590820312500e+03,-1.132470458984375000e+03,3.315819091796875000e+02,4.218361079692840576e-01,2.229137718677520752e-01,-1.427077651023864746e-01,1.801874041557312012e-01,-6.034964920520459941e+01,-3.043775465084148024e+01,3.369384719403075934e+01,0.000000000000000000e+00,0.000000000000000000e+00,0.000000000000000000e+00,4.218361079692840576e-01,2.229137718677520752e-01,0.000000000000000000e+00,1.801874041557312012e-01,3.010497851562500000e+04,3.010698632812500000e+04,5.997667480468750000e+03,3.021749804687500000e+04,-7.691817078859171306e+04
2.700000000000000178e-01,6.272318553252393514e+01,3.069560904400328027e+01,-3.504925032683193109e+01,-1.684172973632812500e+03,-1.148901123046875000e+03,3.295552978515625000e+02,4.227979481220245361e-01,2.265071868896484375e-01,-1.450601667165756226e-01,1.772981584072113037e-01,-6.272318553252393514e+01,-3.069560904400328027e+01,3.504925032683193109e+01,0.000000000000000000e+00,0.000000000000000000e+00,0.000000000000000000e+00,4.227979481220245361e-01,2.265071868896484375e-01,0.000000000000000000e+00,1.772981584072113037e-01,3.021718945312500000e+04,3.021986718750000000e+04,5.876135742187500000e+03,3.032970703125000000e+04,-8.302303915499435971e+04
2.710000000000000187e-01,6.515594839598006160e+01,3.091152328071046185e+01,-3.643619057318841925e+01,-1.722426147460937500e+03,-1.165056518554687500e+03,3.294083862304687500e+02,4.239262938499450684e-01,2.300200760364532471e-01,-1.473144888877868652e-01,1.744249165058135986e-01,-6.515594839598006160e+01,-3.091152328071046185e+01,3.643619057318841925e+01,0.000000000000000000e+00,0.000000000000000000e+00,0.000000000000000000e+00,4.239262938499450684e-01,2.300200760364532471e-01,0.000000000000000000e+00,1.744249165058135986e-01,3.032970898437500000e+04,3.033244140625000000e+04,5.757144531250000000e+03,3.044222656250000000e+04,-8.955145502139358723e+04
2.720000000000000195e-01,6.764594838027230139e+01,3.108450585581111270e+01,-3.785169106740656275e+01,-1.760911132812500000e+03,-1.181160034179687500e+03,3.272455139160156250e+02,4.251490235328674316e-01,2.335437834262847900e-01,-1.493867784738540649e-01,1.716662943363189697e-01,-6.764594838027230139e+01,-3.108450585581111270e+01,3.785169106740656275e+01,0.000000000000000000e+00,0.000000000000000000e+00,0.000000000000000000e+00,4.251490235328674316e-01,2.335437834262847900e-01,0.000000000000000000e+00,1.716662943363189697e-01,3.044189648437500000e+04,3.044534375000000000e+04,5.641291503906250000e+03,3.055441406250000000e+04,-9.652642637462238781e+04
2.730000000000000204e-01,7.019196194769790509e+01,3.121084201615025933e+01,-3.929361751855884677e+01,-1.800086791992187500e+03,-1.196942993164062500e+03,3.260115051269531250e+02,4.265333414077758789e-01,2.369936108589172363e-01,-1.513434201478958130e-01,1.689462661743164062e-01,-7.019196194769790509e+01,-3.121084201615025933e+01,3.929361751855884677e+01,0.000000000000000000e+00,0.000000000000000000e+00,0.000000000000000000e+00,4.265333414077758789e-01,2.369936108589172363e-01,0.000000000000000000e+00,1.689462661743164062e-01,3.055423437500000000e+04,3.055810156250000000e+04,5.528020019531250000e+03,3.066675390625000000e+04,-1.039714429337413458e+05
2.740000000000000213e-01,7.279173847657843055e+01,3.128863508662900017e+01,-4.075891569085163013e+01,-1.839516967773437500e+03,-1.212646972656250000e+03,3.239052429199218750e+02,4.280349910259246826e-01,2.404423952102661133e-01,-1.531244665384292603e-01,1.663304567337036133e-01,-7.279173847657843055e+01,-3.128863508662900017e+01,4.075891569085163013e+01,0.000000000000000000e+00,0.000000000000000000e+00,0.000000000000000000e+00,4.280349910259246826e-01,2.404423952102661133e-01,0.000000000000000000e+00,1.663304567337036133e-01,3.066643359375000000e+04,3.067099218750000000e+04,5.417572265625000000e+03,3.077895312500000000e+04,-1.119103480180621118e+05
2.750000000000000222e-01,7.544307858647025000e+01,3.131577249861096846e+01,-4.224404688015211207e+01,-1.879633056640625000e+03,-1.227984375000000000e+03,3.211842651367187500e+02,4.296843409538269043e-01,2.438377141952514648e-01,-1.547607928514480591e-01,1.637912988662719727e-01,-7.544307858647025000e+01,-3.131577249861096846e+01,4.224404688015211207e+01,0.000000000000000000e+00,0.000000000000000000e+00,0.000000000000000000e+00,4.296843409538269043e-01,2.438377141952514648e-01,0.000000000000000000e+00,1.637912988662719727e-01,3.077852343750000000e+04,3.078399804687500000e+04,5.309838378906250000e+03,3.089104296875000000e+04,-1.203672432286636904e+05
2.760000000000000231e-01,7.814352660409142004e+01,3.128884559683655553e+01,-4.374592114206430438e+01,-1.920032470703125000e+03,-1.243217895507812500e+03,3.194024963378906250e+02,4.314762651920318604e-01,2.472112178802490234e-01,-1.562387943267822266e-01,1.613335460424423218e-01,-7.814352660409142004e+01,-3.128884559683655553e+01,4.374592114206430438e+01,0.000000000000000000e+00,0.000000000000000000e+00,0.000000000000000000e+00,4.314762651920318604e-01,2.472112178802490234e-01,0.000000000000000000e+00,1.613335460424423218e-01,3.089077734375000000e+04,3.089683007812500000e+04,5.204493164062500000e+03,3.100329687500000000e+04,-1.293663514541384211e+05
2.770000000000000240e-01,8.089007087045585820e+01,3.120810945763610533e+01,-4.525983988192241725e+01,-1.961078491210937500e+03,-1.258044677734375000e+03,3.148921203613281250e+02,4.333923161029815674e-01,2.505658268928527832e-01,-1.575287282466888428e-01,1.590097993612289429e-01,-8.089007087045585820e+01,-3.120810945763610533e+01,4.525983988192241725e+01,0.000000000000000000e+00,0.000000000000000000e+00,0.000000000000000000e+00,4.333923161029815674e-01,2.505658268928527832e-01,0.000000000000000000e+00,1.590097993612289429e-01,3.100257031250000000e+04,3.101013671875000000e+04,5.102089843750000000e+03,3.111509179687500000e+04,-1.389319542216228438e+05
2.780000000000000249e-01,8.367999508110972329e+01,3.106803521283313074e+01,-4.678249240714196588e+01,-2.002434204101562500e+03,-1.272729858398437500e+03,3.137669067382812500e+02,4.354731142520904541e-01,2.538668513298034668e-01,-1.586886793375015259e-01,1.567332446575164795e-01,-8.367999508110972329e+01,-3.106803521283313074e+01,4.678249240714196588e+01,0.000000000000000000e+00,0.000000000000000000e+00,0.000000000000000000e+00,4.354731142520904541e-01,2.538668513298034668e-01,0.000000000000000000e+00,1.567332446575164795e-01,3.111493554687500000e+04,3.112285351562500000e+04,5.001539550781250000e+03,3.122745507812500000e+04,-1.490881202062075317e+05
2.790000000000000258e-01,8.650975050466016114e+01,3.087191966330997062e+01,-4.830851158459277173e+01,-2.044360717773437500e+03,-1.286966796875000000e+03,3.072815856933593750e+02,4.376470446586608887e-01,2.571984529495239258e-01,-1.596029251813888550e-01,1.546676456928253174e-01,-8.650975050466016114e+01,-3.087191966330997062e+01,4.830851158459277173e+01,0.000000000000000000e+00,0.000000000000000000e+00,0.000000000000000000e+00,4.376470446586608887e-01,2.571984529495239258e-01,0.000000000000000000e+00,1.546676456928253174e-01,3.122639843750000000e+04,3.123649218750000000e+04,4.904252929687500000e+03,3.133891992187500000e+04,-1.598588448538026714e+05
2.800000000000000266e-01,8.937629684892726800e+01,3.061173897316615466e+01,-4.983400204365920416e+01,-2.086632324218750000e+03,-1.301005981445312500e+03,3.070775451660156250e+02,4.399995207786560059e-01,2.604333162307739258e-01,-1.604260653257369995e-01,1.526046842336654663e-01,-8.937629684892726800e+01,-3.061173897316615466e+01,4.983400204365920416e+01,0.000000000000000000e+00,0.000000000000000000e+00,0.000000000000000000e+00,4.399995207786560059e-01,2.604333162307739258e-01,0.000000000000000000e+00,1.526046842336654663e-01,3.133891796875000000e+04,3.134904882812500000e+04,4.808204101562500000e+03,3.145143945312500000e+04,-1.712674736148789234e+05
2.810000000000000275e-01,9.227602273736623317e+01,3.029424598659123191e+01,-5.135370829611618149e+01,-2.129357910156250000e+03,-1.314567016601562500e+03,2.985633544921875000e+02,4.424078762531280518e-01,2.637598216533660889e-01,-1.609344482421875000e-01,1.508461833000183105e-01,-9.227602273736623317e+01,-3.029424598659123191e+01,5.135370829611618149e+01,0.000000000000000000e+00,0.000000000000000000e+00,0.000000000000000000e+00,4.424078762531280518e-01,2.637598216533660889e-01,0.000000000000000000e+00,1.508461833000183105e-01,3.145004296875000000e+04,3.146302929687500000e+04,4.715792968750000000e+03,3.156256445312500000e+04,-1.833372826827645476e+05
2.819999999999999729e-01,9.520540564714437437e+01,2.990893717532186713e+01,-5.286263346142263231e+01,-2.172463867187500000e+03,-1.327854125976562500e+03,2.993156738281250000e+02,4.449927806854248047e-01,2.669358253479003906e-01,-1.613987088203430176e-01,1.490409970283508301e-01,-9.520540564714437437e+01,-2.990893717532186713e+01,5.286263346142263231e+01,0.000000000000000000e+00,0.000000000000000000e+00,0.000000000000000000e+00,4.449927806854248047e-01,2.669358253479003906e-01,0.000000000000000000e+00,1.490409970283508301e-01,3.156272265625000000e+04,3.157542382812500000e+04,4.624000000000000000e+03,3.167524218750000000e+04,-1.960903544866359152e+05
2.829999999999999738e-01,9.816129972196254982e+01,2.946593622601560014e+01,-5.435655987017163682e+01,-2.215858886718750000e+03,-1.340647094726562500e+03,2.889346008300781250e+02,4.475916326045989990e-01,2.702689170837402344e-01,-1.614749580621719360e-01,1.476418077945709229e-01,-9.816129972196254982e+01,-2.946593622601560014e+01,5.435655987017163682e+01,0.000000000000000000e+00,0.000000000000000000e+00,0.000000000000000000e+00,4.475916326045989990e-01,2.702689170837402344e-01,0.000000000000000000e+00,1.476418077945709229e-01,3.167353710937500000e+04,3.168971875000000000e+04,4.536219238281250000e+03,3.178605468750000000e+04,-2.095488722483360616e+05
2.839999999999999747e-01,1.011396450903700952e+02,2.895290327222713245e+01,-5.582894694438601846e+01,-2.259668701171875000e+03,-1.353057250976562500e+03,2.903194274902343750e+02,4.503425657749176025e-01,2.733931839466094971e-01,-1.615541428327560425e-01,1.461532711982727051e-01,-1.011396450903700952e+02,-2.895290327222713245e+01,5.582894694438601846e+01,0.000000000000000000e+00,0.000000000000000000e+00,0.000000000000000000e+00,4.503425657749176025e-01,2.733931839466094971e-01,0.000000000000000000e+00,1.461532711982727051e-01,3.178631835937500000e+04,3.180200781250000000e+04,4.448545898437500000e+03,3.189883398437500000e+04,-2.237332419821521034e+05
2.849999999999999756e-01,1.041382178004254371e+02,2.838240477351168067e+01,-5.727735221192455128e+01,-2.303581787109375000e+03,-1.364971923828125000e+03,2.785898742675781250e+02,4.530628025531768799e-01,2.767333090305328369e-01,-1.611809581518173218e-01,1.451642066240310669e-01,-1.041382178004254371e+02,-2.838240477351168067e+01,5.727735221192455128e+01,0.000000000000000000e+00,0.000000000000000000e+00,0.000000000000000000e+00,4.530628025531768799e-01,2.767333090305328369e-01,0.000000000000000000e+00,1.451642066240310669e-01,3.189690625000000000e+04,3.191652929687500000e+04,4.365131835937500000e+03,3.200942187500000000e+04,-2.386642663659372774e+05
2.859999999999999765e-01,1.071525969419932807e+02,2.774174982801986644e+01,-5.869366963346919874e+01,-2.347952392578125000e+03,-1.376367553710937500e+03,2.798511657714843750e+02,4.558838009834289551e-01,2.798149883747100830e-01,-1.608438640832901001e-01,1.440678238868713379e-01,-1.071525969419932807e+02,-2.774174982801986644e+01,5.869366963346919874e+01,0.000000000000000000e+00,0.000000000000000000e+00,0.000000000000000000e+00,4.558838009834289551e-01,2.798149883747100830e-01,0.000000000000000000e+00,1.440678238868713379e-01,3.200966210937500000e+04,3.202884375000000000e+04,4.281530761718750000e+03,3.212217578125000000e+04,-2.543604969359138049e+05
2.869999999999999774e-01,1.101816278394970396e+02,2.704406996563364984e+01,-6.007734450264573667e+01,-2.392256835937500000e+03,-1.387293701171875000e+03,2.677491760253906250e+02,4.586280286312103271e-01,2.831474244594573975e-01,-1.600158512592315674e-01,1.435345709323883057e-01,-1.101816278394970396e+02,-2.704406996563364984e+01,6.007734450264573667e+01,0.000000000000000000e+00,0.000000000000000000e+00,0.000000000000000000e+00,4.586280286312103271e-01,2.831474244594573975e-01,0.000000000000000000e+00,1.435345709323883057e-01,3.212018750000000000e+04,3.214343164062500000e+04,4.202134765625000000e+03,3.223270117187500000e+04,-2.708411570920709055e+05
2.879999999999999782e-01,1.132210715035602107e+02,2.627857192851838519e+01,-6.141946870026655603e+01,-2.437052490234375000e+03,-1.397561889648437500e+03,2.677171325683593750e+02,4.613964557647705078e-01,2.861981093883514404e-01,-1.592247188091278076e-01,1.429229527711868286e-01,-1.132210715035602107e+02,-2.627857192851838519e+01,6.141946870026655603e+01,0.000000000000000000e+00,0.000000000000000000e+00,0.000000000000000000e+00,4.613964557647705078e-01,2.861981093883514404e-01,0.000000000000000000e+00,1.429229527711868286e-01,3.223272070312500000e+04,3.225597070312500000e+04,4.122608886718750000e+03,3.234523437500000000e+04,-2.881230826025105198e+05
2.889999999999999791e-01,1.162705184673420575e+02,2.545640850339415806e+01,-6.272048171561061736e+01,-2.481662109375000000e+03,-1.407415649414062500e+03,2.566170349121093750e+02,4.640429317951202393e-01,2.894892692565917969e-01,-1.579496115446090698e-01,1.428839117288589478e-01,-1.162705184673420575e+02,-2.545640850339415806e+01,6.272048171561061736e+01,0.000000000000000000e+00,0.000000000000000000e+00,0.000000000000000000e+00,4.640429317951202393e-01,2.894892692565917969e-01,0.000000000000000000e+00,1.428839117288589478e-01,3.234341601562500000e+04,3.237038476562500000e+04,4.046805908203125000e+03,3.245592968750000000e+04,-3.062238036277049687e+05
2.899999999999999800e-01,1.193268125450902062e+02,2.457124439164792662e+01,-6.397242861675290726e+01,-2.526760009765625000e+03,-1.416500732421875000e+03,2.538911132812500000e+02,4.666213095188140869e-01,2.925222516059875488e-01,-1.566612422466278076e-01,1.428611725568771362e-01,-1.193268125450902062e+02,-2.457124439164792662e+01,6.397242861675290726e+01,0.000000000000000000e+00,0.000000000000000000e+00,0.000000000000000000e+00,4.666213095188140869e-01,2.925222516059875488e-01,0.000000000000000000e+00,1.428611725568771362e-01,3.245549804687500000e+04,3.248338476562500000e+04,3.971400878906250000e+03,3.256801367187500000e+04,-3.251589094939557253e+05
2.909999999999999809e-01,1.223896163378255437e+02,2.362972588067055568e+01,-6.517482693474212851e+01,-2.571651611328125000e+03,-1.425239379882812500e+03,2.452510223388671875e+02,4.690333306789398193e-01,2.957219779491424561e-01,-1.549559384584426880e-01,1.433469206094741821e-01,-1.223896163378255437e+02,-2.362972588067055568e+01,6.517482693474212851e+01,0.000000000000000000e+00,0.000000000000000000e+00,0.000000000000000000e+00,4.690333306789398193e-01,2.957219779491424561e-01,0.000000000000000000e+00,1.433469206094741821e-01,3.256660742187500000e+04,3.259737109375000000e+04,3.898762939453125000e+03,3.267912695312500000e+04,-3.449442496924450970e+05
2.919999999999999818e-01,1.254578355474586147e+02,2.263194029406360031e+01,-6.632307577506793450e+01,-2.616981933593750000e+03,-1.433169311523437500e+03,2.386185760498046875e+02,4.712850451469421387e-01,2.987470030784606934e-01,-1.531278789043426514e-01,1.440129280090332031e-01,-1.254578355474586147e+02,-2.263194029406360031e+01,6.632307577506793450e+01,0.000000000000000000e+00,0.000000000000000000e+00,0.000000000000000000e+00,4.712850451469421387e-01,2.987470030784606934e-01,0.000000000000000000e+00,1.440129280090332031e-01,3.267803906250000000e+04,3.271103320312500000e+04,3.827504638671875000e+03,3.279056250000000000e+04,-3.655948732944377116e+05
2.929999999999999827e-01,1.285305606295652581e+02,2.157860478976347096e+01,-6.741344168632060985e+01,-2.662239501953125000e+03,-1.440802001953125000e+03,2.334024047851562500e+02,4.733262956142425537e-01,3.017984926700592041e-01,-1.510074734687805176e-01,1.450517028570175171e-01,-1.285305606295652581e+02,-2.157860478976347096e+01,6.741344168632060985e+01,0.000000000000000000e+00,0.000000000000000000e+00,0.000000000000000000e+00,4.733262956142425537e-01,3.017984926700592041e-01,0.000000000000000000e+00,1.450517028570175171e-01,3.278972656250000000e+04,3.282442578125000000e+04,3.757686767578125000e+03,3.290225000000000000e+04,-3.871251866148558329e+05
2.939999999999999836e-01,1.316093759044822775e+02,2.047652320968474271e+01,-6.844679852582792989e+01,-2.707855957031250000e+03,-1.447686523437500000e+03,2.224645385742187500e+02,4.751310646533966064e-01,3.048139214515686035e-01,-1.486075669527053833e-01,1.464806199073791504e-01,-1.316093759044822775e+02,-2.047652320968474271e+01,6.844679852582792989e+01,0.000000000000000000e+00,0.000000000000000000e+00,0.000000000000000000e+00,4.751310646533966064e-01,3.048139214515686035e-01,0.000000000000000000e+00,1.464806199073791504e-01,3.290044531250000000e+04,3.293881250000000000e+04,3.690459228515625000e+03,3.301297265625000000e+04,-4.095504666720152018e+05
2.949999999999999845e-01,1.346926783389751563e+02,1.932117856633886888e+01,-6.941466358411948079e+01,-2.753704101562500000e+03,-1.454249267578125000e+03,2.204529876708984375e+02,4.766819775104522705e-01,3.076717257499694824e-01,-1.460692286491394043e-01,1.481076627969741821e-01,-1.346926783389751563e+02,-1.932117856633886888e+01,6.941466358411948079e+01,0.000000000000000000e+00,0.000000000000000000e+00,0.000000000000000000e+00,4.766819775104522705e-01,3.076717257499694824e-01,0.000000000000000000e+00,1.481076627969741821e-01,3.301267187500000000e+04,3.305165625000000000e+04,3.623311767578125000e+03,3.312519140625000000e+04,-4.328842877318306710e+05
2.959999999999999853e-01,1.377844791105290767e+02,1.812403496409165271e+01,-7.032368755052587517e+01,-2.799842285156250000e+03,-1.460206298828125000e+03,2.062274627685546875e+02,4.779453277587890625e-01,3.106536865234375000e-01,-1.430880427360534668e-01,1.503233313560485840e-01,-1.377844791105290767e+02,-1.812403496409165271e+01,7.032368755052587517e+01,0.000000000000000000e+00,0.000000000000000000e+00,0.000000000000000000e+00,4.779453277587890625e-01,3.106536865234375000e-01,0.000000000000000000e+00,1.503233313560485840e-01,3.312284375000000000e+04,3.316660156250000000e+04,3.559768310546875000e+03,3.323536328125000000e+04,-4.571427520896741189e+05
2.969999999999999862e-01,1.408832561238770040e+02,1.687841566915865243e+01,-7.116155667343738855e+01,-2.846631347656250000e+03,-1.465695190429687500e+03,2.055794677734375000e+02,4.789161980152130127e-01,3.133084177970886230e-01,-1.400955915451049805e-01,1.525891274213790894e-01,-1.408832561238770040e+02,-1.687841566915865243e+01,7.116155667343738855e+01,0.000000000000000000e+00,0.000000000000000000e+00,0.000000000000000000e+00,4.789161980152130127e-01,3.133084177970886230e-01,0.000000000000000000e+00,1.525891274213790894e-01,3.323528515625000000e+04,3.327922265625000000e+04,3.495442871093750000e+03,3.334780078125000000e+04,-4.823396920094278175e+05
2.979999999999999871e-01,1.439942179064392462e+02,1.559644855611055547e+01,-7.193788927370263764e+01,-2.893707763671875000e+03,-1.470750122070312500e+03,1.906411895751953125e+02,4.795726835727691650e-01,3.162051439285278320e-01,-1.365537494421005249e-01,1.555506587028503418e-01,-1.439942179064392462e+02,-1.559644855611055547e+01,7.193788927370263764e+01,0.000000000000000000e+00,0.000000000000000000e+00,0.000000000000000000e+00,4.795726835727691650e-01,3.162051439285278320e-01,0.000000000000000000e+00,1.555506587028503418e-01,3.334533593750000000e+04,3.339428906250000000e+04,3.435009765625000000e+03,3.345785156250000000e+04,-5.084923359206338064e+05
2.989999999999999880e-01,1.471173384907836805e+02,1.427363865427044587e+01,-7.264066913319507535e+01,-2.941820556640625000e+03,-1.475116088867187500e+03,1.881929473876953125e+02,4.799087345600128174e-01,3.186992108821868896e-01,-1.330348253250122070e-01,1.585169136524200439e-01,-1.471173384907836805e+02,-1.427363865427044587e+01,7.264066913319507535e+01,0.000000000000000000e+00,0.000000000000000000e+00,0.000000000000000000e+00,4.799087345600128174e-01,3.186992108821868896e-01,0.000000000000000000e+00,1.585169136524200439e-01,3.345746484375000000e+04,3.350723437500000000e+04,3.373917968750000000e+03,3.356997656250000000e+04,-5.356162507777966093e+05
2.999999999999999889e-01,1.502574100594711126e+02,1.291861438424273345e+01,-7.327689822646817674e+01,-2.990327880859375000e+03,-1.479206909179687500e+03,1.758930206298828125e+02,4.799193739891052246e-01,3.214338421821594238e-01,-1.289791911840438843e-01,1.621281951665878296e-01,-1.502574100594711126e+02,-1.291861438424273345e+01,7.327689822646817674e+01,0.000000000000000000e+00,0.000000000000000000e+00,0.000000000000000000e+00,4.799193739891052246e-01,3.214338421821594238e-01,0.000000000000000000e+00,1.621281951665878296e-01,3.356796093750000000e+04,3.362184375000000000e+04,3.315915527343750000e+03,3.368048046875000000e+04,-5.637299344668776030e+05
3.009999999999999898e-01,1.534170411471442037e+02,1.153227705182249530e+01,-7.384074916248340514e+01,-3.040050537109375000e+03,-1.482469482421875000e+03,1.685005645751953125e+02,4.795962572097778320e-01,3.238446712493896484e-01,-1.248465254902839661e-01,1.658478528261184692e-01,-1.534170411471442037e+02,-1.153227705182249530e+01,7.384074916248340514e+01,0.000000000000000000e+00,0.000000000000000000e+00,0.000000000000000000e+00,4.795962572097778320e-01,3.238446712493896484e-01,0.000000000000000000e+00,1.658478528261184692e-01,3.367926171875000000e+04,3.373563281250000000e+04,3.258473632812500000e+03,3.379178515625000000e+04,-5.928521726320988964e+05
3.019999999999999907e-01,1.565996960960037825e+02,1.011788523923066663e+01,-7.433090408313387343e+01,-3.090417968750000000e+03,-1.485539184570312500e+03,1.612062072753906250e+02,4.789433777332305908e-01,3.263316452503204346e-01,-1.203277185559272766e-01,1.699982583522796631e-01,-1.565996960960037825e+02,-1.011788523923066663e+01,7.433090408313387343e+01,0.000000000000000000e+00,0.000000000000000000e+00,0.000000000000000000e+00,4.789433777332305908e-01,3.263316452503204346e-01,0.000000000000000000e+00,1.699982583522796631e-01,3.379060546875000000e+04,3.384936328125000000e+04,3.202381835937500000e+03,3.390313281250000000e+04,-6.230030923529899446e+05
3.029999999999999916e-01,1.598105195099685147e+02,8.681714048195562583e+00,-7.475167369934713690e+01,-3.141917236328125000e+03,-1.487823974609375000e+03,1.477894897460937500e+02,4.779564142227172852e-01,3.287217319011688232e-01,-1.155231818556785583e-01,1.744770407676696777e-01,-1.598105195099685147e+02,-8.681714048195562583e+00,7.475167369934713690e+01,0.000000000000000000e+00,0.000000000000000000e+00,0.000000000000000000e+00,4.779564142227172852e-01,3.287217319011688232e-01,0.000000000000000000e+00,1.744770407676696777e-01,3.390090625000000000e+04,3.396417187500000000e+04,3.148642822265625000e+03,3.401343750000000000e+04,-6.542056793787042843e+05
3.039999999999999925e-01,1.630522111995637715e+02,7.223524290444123253e+00,-7.509191718493164558e+01,-3.194434326171875000e+03,-1.489777587890625000e+03,1.449318542480468750e+02,4.766414165496826172e-01,3.309106826782226562e-01,-1.105604097247123718e-01,1.790937483310699463e-01,-1.630522111995637715e+02,-7.223524290444123253e+00,7.509191718493164558e+01,0.000000000000000000e+00,0.000000000000000000e+00,0.000000000000000000e+00,4.766414165496826172e-01,3.309106826782226562e-01,0.000000000000000000e+00,1.790937483310699463e-01,3.401299609375000000e+04,3.407714843750000000e+04,3.094421875000000000e+03,3.412551953125000000e+04,-6.864826782854547491e+05
3.049999999999999933e-01,1.663309545029764820e+02,5.751752256834047117e+00,-7.536385544535268366e+01,-3.247831054687500000e+03,-1.491088256835937500e+03,1.279629898071289062e+02,4.749963879585266113e-01,3.332754373550415039e-01,-1.051011532545089722e-01,1.842465549707412720e-01,-1.663309545029764820e+02,-5.751752256834047117e+00,7.536385544535268366e+01,0.000000000000000000e+00,0.000000000000000000e+00,0.000000000000000000e+00,4.749963879585266113e-01,3.332754373550415039e-01,0.000000000000000000e+00,1.842465549707412720e-01,3.412270703125000000e+04,3.419255859375000000e+04,3.043835205078125000e+03,3.423523046875000000e+04,-7.198614580729380250e+05
3.059999999999999942e-01,1.696501258266770833e+02,4.266837581605539498e+00,-7.555218156370648330e+01,-3.302539306640625000e+03,-1.491657470703125000e+03,1.254824142456054688e+02,4.730357229709625244e-01,3.352128565311431885e-01,-9.965913742780685425e-02,1.893195211887359619e-01,-1.696501258266770833e+02,-4.266837581605539498e+00,7.555218156370648330e+01,0.000000000000000000e+00,0.000000000000000000e+00,0.000000000000000000e+00,4.730357229709625244e-01,3.352128565311431885e-01,0.000000000000000000e+00,1.893195211887359619e-01,3.423483984375000000e+04,3.430549609375000000e+04,2.992035400390625000e+03,3.434735156250000000e+04,-7.543689613079284318e+05
3.069999999999999951e-01,1.730152500125771837e+02,2.775761259832419725e+00,-7.566819241562825482e+01,-3.357808837890625000e+03,-1.491711547851562500e+03,1.102464828491210938e+02,4.707497656345367432e-01,3.374657928943634033e-01,-9.365712851285934448e-02,1.949575692415237427e-01,-1.730152500125771837e+02,-2.775761259832419725e+00,7.566819241562825482e+01,0.000000000000000000e+00,0.000000000000000000e+00,0.000000000000000000e+00,4.707497656345367432e-01,3.374657928943634033e-01,0.000000000000000000e+00,1.949575692415237427e-01,3.434484375000000000e+04,3.442060546875000000e+04,2.943586669921875000e+03,3.445736328125000000e+04,-7.900366182388631860e+05
3.079999999999999960e-01,1.764309226650666744e+02,1.282213357364178741e+00,-7.570293665404589945e+01,-3.414249511718750000e+03,-1.490632324218750000e+03,1.027987976074218750e+02,4.681662023067474365e-01,3.392983376979827881e-01,-8.767237514257431030e-02,2.005090415477752686e-01,-1.764309226650666744e+02,-1.282213357364178741e+00,7.570293665404589945e+01,0.000000000000000000e+00,0.000000000000000000e+00,0.000000000000000000e+00,4.681662023067474365e-01,3.392983376979827881e-01,0.000000000000000000e+00,2.005090415477752686e-01,3.445612890625000000e+04,3.453440234375000000e+04,2.894988769531250000e+03,3.456865234375000000e+04,-8.268970674004502362e+05
3.089999999999999969e-01,1.799016392816096470e+02,-2.089002328445768997e-01,-7.565680766769341403e+01,-3.470953857421875000e+03,-1.489102050781250000e+03,9.383644104003906250e+01,4.652740955352783203e-01,3.413035273551940918e-01,-8.130215853452682495e-02,2.063975632190704346e-01,-1.799016392816096470e+02,2.089002328445768997e-01,7.565680766769341403e+01,0.000000000000000000e+00,0.000000000000000000e+00,0.000000000000000000e+00,4.652740955352783203e-01,3.413035273551940918e-01,0.000000000000000000e+00,2.063975632190704346e-01,3.456719531250000000e+04,3.464841015625000000e+04,2.847793212890625000e+03,3.467972656250000000e+04,-8.649856634024342056e+05
3.099999999999999978e-01,-1.765679638906838136e+02,-1.692119036709683000e+00,-7.553447104004412438e+01,-3.528170166015625000e+03,-1.486384033203125000e+03,7.914215087890625000e+01,4.620909690856933594e-01,3.431704640388488770e-01,-7.476548105478286743e-02,2.124038487672805786e-01,1.765679638906838136e+02,1.692119036709683000e+00,7.553447104004412438e+01,0.000000000000000000e+00,0.000000000000000000e+00,0.000000000000000000e+00,4.620909690856933594e-01,3.431704640388488770e-01,0.000000000000000000e+00,2.124038487672805786e-01,3.467728125000000000e+04,3.476343750000000000e+04,2.802667236328125000e+03,3.478981640625000000e+04,-9.018702288570697419e+05
3.109999999999999987e-01,-1.729733278514816277e+02,-3.161782872059505145e+00,-7.532352869238887649e+01,-3.585503417968750000e+03,-1.482996826171875000e+03,7.594466400146484375e+01,5.181221365928649902e-01,-7.747397571802139282e-02,2.140837609767913818e-01,2.908808588981628418e-01,1.729733278514816277e+02,3.161782872059505145e+00,7.532352869238887649e+01,0.000000000000000000e+00,0.000000000000000000e+00,0.000000000000000000e+00,5.181221365928649902e-01,0.000000000000000000e+00,2.140837609767913818e-01,2.908808588981628418e-01,3.478932031250000000e+04,3.487646093750000000e+04,2.756684570312500000e+03,3.490184375000000000e+04,-9.374736318506890675e+05
3.119999999999999996e-01,-1.693112509739025029e+02,-4.613590378411267956e+00,-7.503810033939323887e+01,-3.642521972656250000e+03,-1.478589843750000000e+03,5.784013366699218750e+01,5.177730321884155273e-01,-7.796065509319305420e-02,2.188166528940200806e-01,2.975663542747497559e-01,1.693112509739025029e+02,4.613590378411267956e+00,7.503810033939323887e+01,0.000000000000000000e+00,0.000000000000000000e+00,0.000000000000000000e+00,5.177730321884155273e-01,0.000000000000000000e+00,2.188166528940200806e-01,2.975663542747497559e-01,3.489883984375000000e+04,3.499207031250000000e+04,2.714262939453125000e+03,3.501136328125000000e+04,-9.717919332757614320e+05
3.130000000000000004e-01,-1.655764912229464869e+02,-6.038664715852376297e+00,-7.466063738021597374e+01,-3.699516845703125000e+03,-1.472950195312500000e+03,5.706212997436523438e+01,5.176264643669128418e-01,-7.819265872240066528e-02,2.233999818563461304e-01,3.042549788951873779e-01,1.655764912229464869e+02,6.038664715852376297e+00,7.466063738021597374e+01,0.000000000000000000e+00,0.000000000000000000e+00,0.000000000000000000e+00,5.176264643669128418e-01,0.000000000000000000e+00,2.233999818563461304e-01,3.042549788951873779e-01,3.501125000000000000e+04,3.476709765625000000e+04,2.826952392578125000e+03,3.512376171875000000e+04,-1.004818183967034449e+06
3.140000000000000013e-01,-1.617675226779374498e+02,-7.432007854936629521e+00,-7.420117598823038918e+01,-3.754873779296875000e+03,-1.465684204101562500e+03,4.618765258789062500e+01,5.171480178833007812e-01,-7.830299437046051025e-02,2.283006608486175537e-01,3.111846745014190674e-01,1.617675226779374498e+02,7.432007854936629521e+00,7.420117598823038918e+01,0.000000000000000000e+00,0.000000000000000000e+00,0.000000000000000000e+00,5.171480178833007812e-01,0.000000000000000000e+00,2.283006608486175537e-01,3.111846745014190674e-01,3.512198437500000000e+04,3.454382421875000000e+04,2.941306640625000000e+03,3.523450781250000000e+04,-1.036547964619183680e+06
3.150000000000000022e-01,-1.578815585590724595e+02,-8.785210211823493154e+00,-7.365751093855023157e+01,-3.809069335937500000e+03,-1.456067260742187500e+03,3.851198577880859375e+01,5.168335437774658203e-01,-7.811798155307769775e-02,2.330406010150909424e-01,3.180407583713531494e-01,1.578815585590724595e+02,8.785210211823493154e+00,7.365751093855023157e+01,0.000000000000000000e+00,0.000000000000000000e+00,0.000000000000000000e+00,5.168335437774658203e-01,0.000000000000000000e+00,2.330406010150909424e-01,3.180407583713531494e-01,3.523322656250000000e+04,3.432003515625000000e+04,3.055104492187500000e+03,3.534576171875000000e+04,-1.066977159988354193e+06
3.160000000000000031e-01,-1.539165476836063249e+02,-1.008946974493792581e+01,-7.302659392566714303e+01,-3.861348144531250000e+03,-1.444975585937500000e+03,3.555845642089843750e+01,5.164958238601684570e-01,-7.765409350395202637e-02,2.377728074789047241e-01,3.248648345470428467e-01,1.539165476836063249e+02,1.008946974493792581e+01,7.302659392566714303e+01,0.000000000000000000e+00,0.000000000000000000e+00,0.000000000000000000e+00,5.164958238601684570e-01,0.000000000000000000e+00,2.377728074789047241e-01,3.248648345470428467e-01,3.534530859375000000e+04,3.409537890625000000e+04,3.168093994140625000e+03,3.545784375000000000e+04,-1.096102144459312316e+06
3.170000000000000040e-01,-1.498732378322114869e+02,-1.134211855618176124e+01,-7.232098968098959801e+01,-3.911900878906250000e+03,-1.431820800781250000e+03,2.146105957031250000e+01,5.160964131355285645e-01,-7.694771140813827515e-02,2.424831688404083252e-01,3.316782414913177490e-01,1.498732378322114869e+02,1.134211855618176124e+01,7.232098968098959801e+01,0.000000000000000000e+00,0.000000000000000000e+00,0.000000000000000000e+00,5.160964131355285645e-01,0.000000000000000000e+00,2.424831688404083252e-01,3.316782414913177490e-01,3.545549609375000000e+04,3.387267968750000000e+04,3.282929199218750000e+03,3.556803125000000000e+04,-1.123923101079403190e+06
3.180000000000000049e-01,-1.457486426545829659e+02,-1.252917887842955125e+01,-7.153052249216734992e+01,-3.960906494140625000e+03,-1.416866088867187500e+03,2.216588973999023438e+01,5.159397721290588379e-01,-7.583864778280258179e-02,2.468991875648498535e-01,3.382249176502227783e-01,1.457486426545829659e+02,1.252917887842955125e+01,7.153052249216734992e+01,0.000000000000000000e+00,0.000000000000000000e+00,0.000000000000000000e+00,5.159397721290588379e-01,0.000000000000000000e+00,2.468991875648498535e-01,3.382249176502227783e-01,3.556817187500000000e+04,3.364741406250000000e+04,3.395292236328125000e+03,3.568068359375000000e+04,-1.150439363886426669e+06
3.190000000000000058e-01,-1.415459689071287812e+02,-1.365152709424356736e+01,-7.067125398773239908e+01,-4.007848388671875000e+03,-1.400298706054687500e+03,8.811271667480468750e+00,5.155869722366333008e-01,-7.451237738132476807e-02,2.513448894023895264e-01,3.447803556919097900e-01,1.415459689071287812e+02,1.365152709424356736e+01,7.067125398773239908e+01,0.000000000000000000e+00,0.000000000000000000e+00,0.000000000000000000e+00,5.155869722366333008e-01,0.000000000000000000e+00,2.513448894023895264e-01,3.447803556919097900e-01,3.567848437500000000e+04,3.342460156250000000e+04,3.510008544921875000e+03,3.579101171875000000e+04,-1.175655415532487910e+06
3.200000000000000067e-01,-1.372640169016079597e+02,-1.469691728980298251e+01,-6.974012680295415123e+01,-4.053736816406250000e+03,-1.381517089843750000e+03,5.286536693572998047e+00,5.155388712882995605e-01,-7.273767143487930298e-02,2.553712725639343262e-01,3.509458601474761963e-01,1.372640169016079597e+02,1.469691728980298251e+01,6.974012680295415123e+01,0.000000000000000000e+00,0.000000000000000000e+00,0.000000000000000000e+00,5.155388712882995605e-01,0.000000000000000000e+00,2.553712725639343262e-01,3.509458601474761963e-01,3.579041796875000000e+04,3.320008203125000000e+04,3.623104492187500000e+03,3.590294531250000000e+04,-1.199576510532768210e+06
3.210000000000000075e-01,-1.329055911909568692e+02,-1.566149991812260112e+01,-6.874502265513957866e+01,-4.097660156250000000e+03,-1.361440063476562500e+03,-9.330746531486511230e-01,5.154110789299011230e-01,-7.066191732883453369e-02,2.592674791812896729e-01,3.569673597812652588e-01,1.329055911909568692e+02,1.566149991812260112e+01,6.874502265513957866e+01,0.000000000000000000e+00,0.000000000000000000e+00,0.000000000000000000e+00,5.154110789299011230e-01,0.000000000000000000e+00,2.592674791812896729e-01,3.569673597812652588e-01,3.590195312500000000e+04,3.297604687500000000e+04,3.736671386718750000e+03,3.601449218750000000e+04,-1.222211567422126886e+06
3.220000000000000084e-01,-1.284734958133163616e+02,-1.654308819910924555e+01,-6.769577204930850201e+01,-4.140879882812500000e+03,-1.339429321289062500e+03,-1.120716667175292969e+01,5.154017210006713867e-01,-6.821137666702270508e-02,2.628128528594970703e-01,3.626714646816253662e-01,1.284734958133163616e+02,1.654308819910924555e+01,6.769577204930850201e+01,0.000000000000000000e+00,0.000000000000000000e+00,0.000000000000000000e+00,5.154017210006713867e-01,0.000000000000000000e+00,2.628128528594970703e-01,3.626714646816253662e-01,3.601277343750000000e+04,3.275268359375000000e+04,3.850933593750000000e+03,3.612531640625000000e+04,-1.243573397869136650e+06
3.230000000000000093e-01,-1.239691939853029083e+02,-1.733041232537894416e+01,-6.659388781231747600e+01,-4.183104003906250000e+03,-1.315894165039062500e+03,-1.227941226959228516e+01,5.155519843101501465e-01,-6.532076001167297363e-02,2.659571468830108643e-01,3.679710030555725098e-01,1.239691939853029083e+02,1.733041232537894416e+01,6.659388781231747600e+01,0.000000000000000000e+00,0.000000000000000000e+00,0.000000000000000000e+00,5.155519843101501465e-01,0.000000000000000000e+00,2.659571468830108643e-01,3.679710030555725098e-01,3.612516406250000000e+04,3.252774218750000000e+04,3.963679443359375000e+03,3.623767578125000000e+04,-1.263676848011829425e+06
3.240000000000000102e-01,-1.193980772585638874e+02,-1.802784946761466500e+01,-6.545378018033888168e+01,-4.224690917968750000e+03,-1.290966918945312500e+03,-2.293604850769042969e+01,5.156244039535522461e-01,-6.213063746690750122e-02,2.688378095626831055e-01,3.730674386024475098e-01,1.193980772585638874e+02,1.802784946761466500e+01,6.545378018033888168e+01,0.000000000000000000e+00,0.000000000000000000e+00,0.000000000000000000e+00,5.156244039535522461e-01,0.000000000000000000e+00,2.688378095626831055e-01,3.730674386024475098e-01,3.623592187500000000e+04,3.230445703125000000e+04,4.078031982421875000e+03,3.634844921875000000e+04,-1.282541949561194517e+06
3.250000000000000111e-01,-1.147629531885327054e+02,-1.862688751173471502e+01,-6.428122824892470533e+01,-4.266229980468750000e+03,-1.264036621093750000e+03,-2.663382148742675781e+01,5.159380435943603516e-01,-5.844213068485260010e-02,2.711530327796936035e-01,3.776123821735382080e-01,1.147629531885327054e+02,1.862688751173471502e+01,6.428122824892470533e+01,0.000000000000000000e+00,0.000000000000000000e+00,0.000000000000000000e+00,5.159380435943603516e-01,0.000000000000000000e+00,2.711530327796936035e-01,3.776123821735382080e-01,3.634782421875000000e+04,3.207991992187500000e+04,4.191236328125000000e+03,3.646035546875000000e+04,-1.300191522229313152e+06
3.260000000000000120e-01,-1.100692480491807856e+02,-1.912661305326925998e+01,-6.308640710047149724e+01,-4.306961425781250000e+03,-1.235982788085937500e+03,-3.083404922485351562e+01,5.162198543548583984e-01,-5.438584834337234497e-02,2.731016278266906738e-01,3.818509876728057861e-01,1.100692480491807856e+02,1.912661305326925998e+01,6.308640710047149724e+01,0.000000000000000000e+00,0.000000000000000000e+00,0.000000000000000000e+00,5.162198543548583984e-01,0.000000000000000000e+00,2.731016278266906738e-01,3.818509876728057861e-01,3.645970312500000000e+04,3.185557226562500000e+04,4.304534179687500000e+03,3.657224218750000000e+04,-1.316652483683161205e+06
3.270000000000000129e-01,-1.053222494739399906e+02,-1.953038066266023165e+01,-6.188148118933419539e+01,-4.348014160156250000e+03,-1.206229003906250000e+03,-3.904784011840820312e+01,5.165775418281555176e-01,-4.991845786571502686e-02,2.745270729064941406e-01,3.856494724750518799e-01,1.053222494739399906e+02,1.953038066266023165e+01,6.188148118933419539e+01,0.000000000000000000e+00,0.000000000000000000e+00,0.000000000000000000e+00,5.165775418281555176e-01,0.000000000000000000e+00,2.745270729064941406e-01,3.856494724750518799e-01,3.657086328125000000e+04,3.163177539062500000e+04,4.418505371093750000e+03,3.668340625000000000e+04,-1.331956013400426367e+06
3.280000000000000138e-01,-1.005271607981315896e+02,-1.983191712020176567e+01,-6.067503916758619198e+01,-4.388608398437500000e+03,-1.174910278320312500e+03,-3.981745529174804688e+01,5.170765519142150879e-01,-4.495161026716232300e-02,2.753484845161437988e-01,3.888863325119018555e-01,1.005271607981315896e+02,1.983191712020176567e+01,6.067503916758619198e+01,0.000000000000000000e+00,0.000000000000000000e+00,0.000000000000000000e+00,5.170765519142150879e-01,0.000000000000000000e+00,2.753484845161437988e-01,3.888863325119018555e-01,3.668329687500000000e+04,3.140686523437500000e+04,4.531226074218750000e+03,3.679580468750000000e+04,-1.346136488773210440e+06
3.290000000000000147e-01,-9.569005253877357120e+01,-2.003702518727678950e+01,-5.947891564621807703e+01,-4.429134765625000000e+03,-1.142427856445312500e+03,-4.445347976684570312e+01,5.175211429595947266e-01,-3.962217643857002258e-02,2.757016718387603760e-01,3.917879164218902588e-01,9.569005253877357120e+01,2.003702518727678950e+01,5.947891564621807703e+01,0.000000000000000000e+00,0.000000000000000000e+00,0.000000000000000000e+00,5.175211429595947266e-01,0.000000000000000000e+00,2.757016718387603760e-01,3.917879164218902588e-01,3.679506640625000000e+04,3.118247851562500000e+04,4.644562988281250000e+03,3.690759765625000000e+04,-1.359232298712889198e+06
3.300000000000000155e-01,-9.081720686063142978e+01,-2.014984414558799131e+01,-5.830440546353926834e+01,-4.469188964843750000e+03,-1.107925415039062500e+03,-5.004277038574218750e+01,5.180873870849609375e-01,-3.380051255226135254e-02,2.753686010837554932e-01,3.940905034542083740e-01,9.081720686063142978e+01,2.014984414558799131e+01,5.830440546353926834e+01,0.000000000000000000e+00,0.000000000000000000e+00,0.000000000000000000e+00,5.180873870849609375e-01,0.000000000000000000e+00,2.753686010837554932e-01,3.940905034542083740e-01,3.690664453125000000e+04,3.095837695312500000e+04,4.758016601562500000e+03,3.701918750000000000e+04,-1.371285483690404100e+06
3.310000000000000164e-01,-8.591471612378275324e+01,-2.016493664323426671e+01,-5.716135408962798437e+01,-4.508458496093750000e+03,-1.072450073242187500e+03,-4.569466781616210938e+01,5.187553167343139648e-01,-2.746006846427917480e-02,2.743602395057678223e-01,3.957858085632324219e-01,8.591471612378275324e+01,2.016493664323426671e+01,5.716135408962798437e+01,0.000000000000000000e+00,0.000000000000000000e+00,0.000000000000000000e+00,5.187553167343139648e-01,0.000000000000000000e+00,2.743602395057678223e-01,3.957858085632324219e-01,3.701996093750000000e+04,3.073250195312500000e+04,4.869773925781250000e+03,3.713249218750000000e+04,-1.382340867208219832e+06
3.320000000000000173e-01,-8.098853533616158984e+01,-2.010109198038779965e+01,-5.605929697748382523e+01,-4.546713867187500000e+03,-1.035514770507812500e+03,-5.458846664428710938e+01,5.193116664886474609e-01,-2.079544216394424438e-02,2.728544175624847412e-01,3.971912562847137451e-01,8.098853533616158984e+01,2.010109198038779965e+01,5.605929697748382523e+01,0.000000000000000000e+00,0.000000000000000000e+00,0.000000000000000000e+00,5.193116664886474609e-01,0.000000000000000000e+00,2.728544175624847412e-01,3.971912562847137451e-01,3.713100781250000000e+04,3.050895312500000000e+04,4.983726562500000000e+03,3.724354687500000000e+04,-1.392446708740530303e+06
3.330000000000000182e-01,-7.604477489272410651e+01,-1.995058425916813150e+01,-5.500928508330039790e+01,-4.584066406250000000e+03,-9.970043945312500000e+02,-4.892530059814453125e+01,5.201616883277893066e-01,-1.345511525869369507e-02,2.703691422939300537e-01,3.976104855537414551e-01,7.604477489272410651e+01,1.995058425916813150e+01,5.500928508330039790e+01,0.000000000000000000e+00,0.000000000000000000e+00,0.000000000000000000e+00,5.201616883277893066e-01,0.000000000000000000e+00,2.703691422939300537e-01,3.976104855537414551e-01,3.724449218750000000e+04,3.028286718750000000e+04,5.095268066406250000e+03,3.735700000000000000e+04,-1.401653563786673360e+06
3.340000000000000191e-01,-7.108883332957896073e+01,-1.972841715526032047e+01,-5.401783568789016954e+01,-4.619345214843750000e+03,-9.576157226562500000e+02,-5.075932312011718750e+01,5.208451747894287109e-01,-5.792297422885894775e-03,2.674700915813446045e-01,3.978234827518463135e-01,7.108883332957896073e+01,1.972841715526032047e+01,5.401783568789016954e+01,0.000000000000000000e+00,0.000000000000000000e+00,0.000000000000000000e+00,5.208451747894287109e-01,0.000000000000000000e+00,2.674700915813446045e-01,3.978234827518463135e-01,3.735674218750000000e+04,3.005814062500000000e+04,5.208093750000000000e+03,3.746928906250000000e+04,-1.410014323026689934e+06
3.350000000000000200e-01,-6.612500876121457338e+01,-1.944232410139490241e+01,-5.309217411615341575e+01,-4.653425292968750000e+03,-9.166268920898437500e+02,-5.175124359130859375e+01,5.217162370681762695e-01,2.458646893501281738e-03,2.636521458625793457e-01,3.971618711948394775e-01,6.612500876121457338e+01,1.944232410139490241e+01,5.309217411615341575e+01,0.000000000000000000e+00,0.000000000000000000e+00,0.000000000000000000e+00,5.217162370681762695e-01,2.458646893501281738e-03,2.636521458625793457e-01,3.971618711948394775e-01,3.746908984375000000e+04,2.983316796875000000e+04,5.320812011718750000e+03,3.758164843750000000e+04,-1.417583622729204362e+06
3.360000000000000209e-01,-6.115857001152144079e+01,-1.909582262119217688e+01,-5.224025470090850831e+01,-4.685207031250000000e+03,-8.746669311523437500e+02,-4.658760833740234375e+01,5.226428508758544922e-01,1.124557480216026306e-02,2.591243982315063477e-01,3.958438038825988770e-01,6.115857001152144079e+01,1.909582262119217688e+01,5.224025470090850831e+01,0.000000000000000000e+00,0.000000000000000000e+00,0.000000000000000000e+00,5.226428508758544922e-01,1.124557480216026306e-02,2.591243982315063477e-01,3.958438038825988770e-01,3.758254296875000000e+04,2.960727539062500000e+04,5.432526367187500000e+03,3.769505468750000000e+04,-1.424417688067854382e+06
3.370000000000000218e-01,-5.619137567050167092e+01,-1.870364459738579299e+01,-5.146353579595574246e+01,-4.715518066406250000e+03,-8.318473510742187500e+02,-4.704847717285156250e+01,5.235388278961181641e-01,2.046465314924716949e-02,2.540157437324523926e-01,3.940568268299102783e-01,5.619137567050167092e+01,1.870364459738579299e+01,5.146353579595574246e+01,0.000000000000000000e+00,0.000000000000000000e+00,0.000000000000000000e+00,5.235388278961181641e-01,2.046465314924716949e-02,2.540157437324523926e-01,3.940568268299102783e-01,3.769500000000000000e+04,2.938221289062500000e+04,5.545191406250000000e+03,3.780753515625000000e+04,-1.430573480605444871e+06
3.380000000000000226e-01,-5.122574023246082930e+01,-1.827565037988249586e+01,-5.076517522143698358e+01,-4.744086425781250000e+03,-7.873861694335937500e+02,-4.706719207763671875e+01,5.245590806007385254e-01,3.027643263339996338e-02,2.480600774288177490e-01,3.914017081260681152e-01,5.122574023246082930e+01,1.827565037988249586e+01,5.076517522143698358e+01,0.000000000000000000e+00,0.000000000000000000e+00,0.000000000000000000e+00,5.245590806007385254e-01,3.027643263339996338e-02,2.480600774288177490e-01,3.914017081260681152e-01,3.780750000000000000e+04,2.915718554687500000e+04,5.657795410156250000e+03,3.792004296875000000e+04,-1.436108659479879308e+06
3.390000000000000235e-01,-4.626446347611733501e+01,-1.781554412396664588e+01,-5.015140603340712033e+01,-4.771075683593750000e+03,-7.423330078125000000e+02,-3.893086242675781250e+01,5.256237387657165527e-01,4.066155850887298584e-02,2.414504140615463257e-01,3.880502581596374512e-01,4.626446347611733501e+01,1.781554412396664588e+01,5.015140603340712033e+01,0.000000000000000000e+00,0.000000000000000000e+00,0.000000000000000000e+00,5.256237387657165527e-01,4.066155850887298584e-02,2.414504140615463257e-01,3.880502581596374512e-01,3.792145312500000000e+04,2.893067968750000000e+04,5.769043945312500000e+03,3.803399218750000000e+04,-1.441081617200172972e+06
3.400000000000000244e-01,-4.130474411541560187e+01,-1.734388204430054259e+01,-4.961268974598593218e+01,-4.796950195312500000e+03,-6.960750122070312500e+02,-4.441161346435546875e+01,5.265905857086181641e-01,5.145691335201263428e-02,2.344535142183303833e-01,3.843640685081481934e-01,4.130474411541560187e+01,1.734388204430054259e+01,4.961268974598593218e+01,0.000000000000000000e+00,0.000000000000000000e+00,0.000000000000000000e+00,5.265905857086181641e-01,5.145691335201263428e-02,2.344535142183303833e-01,3.843640685081481934e-01,3.803306250000000000e+04,2.870656054687500000e+04,5.882537109375000000e+03,3.814560937500000000e+04,-1.445549928314811084e+06
3.410000000000000253e-01,-3.634821679444561937e+01,-1.686250182968586486e+01,-4.915687704244534473e+01,-4.822426269531250000e+03,-6.483490600585937500e+02,-3.760072326660156250e+01,5.277403593063354492e-01,6.296478956937789917e-02,2.265000045299530029e-01,3.794915676116943359e-01,3.634821679444561937e+01,1.686250182968586486e+01,4.915687704244534473e+01,0.000000000000000000e+00,0.000000000000000000e+00,0.000000000000000000e+00,5.277403593063354492e-01,6.296478956937789917e-02,2.265000045299530029e-01,3.794915676116943359e-01,3.814673828125000000e+04,2.849289843750000000e+04,5.993925292968750000e+03,3.825925000000000000e+04,-1.449571863707469311e+06
3.420000000000000262e-01,-3.139207900156699793e+01,-1.638557015474979295e+01,-4.877553701007150977e+01,-4.846994628906250000e+03,-5.998153076171875000e+02,-3.760692596435546875e+01,5.287108421325683594e-01,7.490997016429901123e-02,2.184454053640365601e-01,3.744885921478271484e-01,3.139207900156699793e+01,1.638557015474979295e+01,4.877553701007150977e+01,0.000000000000000000e+00,0.000000000000000000e+00,0.000000000000000000e+00,5.287108421325683594e-01,7.490997016429901123e-02,2.184454053640365601e-01,3.744885921478271484e-01,3.825930468750000000e+04,2.838266601562500000e+04,6.106402343750000000e+03,3.837185546875000000e+04,-1.453204866251426982e+06
3.430000000000000271e-01,-2.643195355153296333e+01,-1.592518804013976208e+01,-4.845942271805417079e+01,-4.872132812500000000e+03,-5.499635620117187500e+02,-4.322360992431640625e+01,5.297161340713500977e-01,8.743466436862945557e-02,2.097702622413635254e-01,3.686462938785552979e-01,2.643195355153296333e+01,1.592518804013976208e+01,4.845942271805417079e+01,0.000000000000000000e+00,0.000000000000000000e+00,0.000000000000000000e+00,5.297161340713500977e-01,8.743466436862945557e-02,2.097702622413635254e-01,3.686462938785552979e-01,3.837087890625000000e+04,2.837575781250000000e+04,6.219809082031250000e+03,3.848344140625000000e+04,-1.456505441684258170e+06
3.439999999999999725e-01,-2.146671313040275919e+01,-1.548623687541899940e+01,-4.820904927199330103e+01,-4.897434570312500000e+03,-4.991493530273437500e+02,-4.210588073730468750e+01,5.306839346885681152e-01,1.005279123783111572e-01,2.006268352270126343e-01,3.620658516883850098e-01,2.146671313040275919e+01,1.548623687541899940e+01,4.820904927199330103e+01,0.000000000000000000e+00,0.000000000000000000e+00,0.000000000000000000e+00,5.306839346885681152e-01,1.005279123783111572e-01,2.006268352270126343e-01,3.620658516883850098e-01,3.848364843750000000e+04,2.847180468750000000e+04,6.332130371093750000e+03,3.859614453125000000e+04,-1.459530197421152145e+06
3.449999999999999734e-01,-1.649140555701828958e+01,-1.507767109800901828e+01,-4.801276403404489201e+01,-4.923548828125000000e+03,-4.480720825195312500e+02,-4.618997573852539062e+01,5.314458608627319336e-01,1.140312552452087402e-01,1.914984434843063354e-01,3.553511500358581543e-01,1.649140555701828958e+01,1.507767109800901828e+01,4.801276403404489201e+01,0.000000000000000000e+00,0.000000000000000000e+00,0.000000000000000000e+00,5.314458608627319336e-01,1.140312552452087402e-01,1.914984434843063354e-01,3.553511500358581543e-01,3.859550781250000000e+04,2.858495507812500000e+04,6.445360839843750000e+03,3.870805859375000000e+04,-1.462334725554326782e+06
3.459999999999999742e-01,-1.150175242779343598e+01,-1.470664442048557596e+01,-4.786030200477692631e+01,-4.950451171875000000e+03,-3.957713623046875000e+02,-5.324757003784179688e+01,5.320724248886108398e-01,1.279321908950805664e-01,1.820954382419586182e-01,3.481093645095825195e-01,1.150175242779343598e+01,1.470664442048557596e+01,4.786030200477692631e+01,0.000000000000000000e+00,0.000000000000000000e+00,0.000000000000000000e+00,5.320724248886108398e-01,1.279321908950805664e-01,1.820954382419586182e-01,3.481093645095825195e-01,3.870682812500000000e+04,2.869871679687500000e+04,6.559110351562500000e+03,3.881939843750000000e+04,-1.464973909761336166e+06
3.469999999999999751e-01,-6.497392844373428566e+00,-1.437553156023999001e+01,-4.775442524638349084e+01,-4.977763183593750000e+03,-3.431755371093750000e+02,-4.944352722167968750e+01,5.325058102607727051e-01,1.422359049320220947e-01,1.725716441869735718e-01,3.404591381549835205e-01,6.497392844373428566e+00,1.437553156023999001e+01,4.775442524638349084e+01,0.000000000000000000e+00,0.000000000000000000e+00,0.000000000000000000e+00,5.325058102607727051e-01,1.422359049320220947e-01,1.725716441869735718e-01,3.404591381549835205e-01,3.882007421875000000e+04,2.881056054687500000e+04,6.671066894531250000e+03,3.893257812500000000e+04,-1.467503266913362080e+06
3.479999999999999760e-01,-1.473196167117234445e+00,-1.408986665720118481e+01,-4.767736324172989271e+01,-5.005241210937500000e+03,-2.902585144042968750e+02,-5.467897796630859375e+01,5.325824022293090820e-01,1.567770540714263916e-01,1.634584069252014160e-01,3.331291973590850830e-01,1.473196167117234445e+00,1.408986665720118481e+01,4.767736324172989271e+01,0.000000000000000000e+00,0.000000000000000000e+00,0.000000000000000000e+00,5.325824022293090820e-01,1.567770540714263916e-01,1.634584069252014160e-01,3.331291973590850830e-01,3.893172656250000000e+04,2.892401367187500000e+04,6.784542968750000000e+03,3.904427734375000000e+04,-1.469977092528410489e+06
3.489999999999999769e-01,3.572579343140523722e+00,-1.385242639023775624e+01,-4.762304429955582208e+01,-5.032655273437500000e+03,-2.365109863281250000e+02,-5.707299041748046875e+01,5.324450135231018066e-01,1.715345680713653564e-01,1.541664302349090576e-01,3.253215551376342773e-01,-3.572579343140523722e+00,1.385242639023775624e+01,4.762304429955582208e+01,0.000000000000000000e+00,0.000000000000000000e+00,0.000000000000000000e+00,5.324450135231018066e-01,1.715345680713653564e-01,1.541664302349090576e-01,3.253215551376342773e-01,3.904382421875000000e+04,2.903690625000000000e+04,6.897535156250000000e+03,3.915638281250000000e+04,-1.472449699916827958e+06
3.499999999999999778e-01,8.638841804047816098e+00,-1.366522464928358715e+01,-4.759164701582071189e+01,-5.058792968750000000e+03,-1.829555053710937500e+02,-5.024908447265625000e+01,5.319515466690063477e-01,1.864655315876007080e-01,1.451434344053268433e-01,3.176065683364868164e-01,-8.638841804047816098e+00,1.366522464928358715e+01,4.759164701582071189e+01,0.000000000000000000e+00,0.000000000000000000e+00,0.000000000000000000e+00,5.319515466690063477e-01,1.864655315876007080e-01,1.451434344053268433e-01,3.176065683364868164e-01,3.915757812500000000e+04,2.914834570312500000e+04,7.008932128906250000e+03,3.927009765625000000e+04,-1.474976032734937267e+06
3.509999999999999787e-01,1.372906469241152116e+01,-1.352767201147162623e+01,-4.756379195397759219e+01,-5.083673828125000000e+03,-1.297312011718750000e+02,-5.325849914550781250e+01,5.310333967208862305e-01,2.014442384243011475e-01,1.366369724273681641e-01,3.103727996349334717e-01,-1.372906469241152116e+01,1.352767201147162623e+01,4.756379195397759219e+01,0.000000000000000000e+00,0.000000000000000000e+00,0.000000000000000000e+00,5.310333967208862305e-01,2.014442384243011475e-01,1.366369724273681641e-01,3.103727996349334717e-01,3.926959765625000000e+04,2.926135546875000000e+04,7.121910156250000000e+03,3.938215234375000000e+04,-1.477609832167356974e+06
3.519999999999999796e-01,1.884179214087593124e+01,-1.344074673427433808e+01,-4.753741896983538595e+01,-5.106579101562500000e+03,-7.627149200439453125e+01,-4.900765609741210938e+01,5.298168659210205078e-01,2.162881195545196533e-01,1.280929595232009888e-01,3.028955459594726562e-01,-1.884179214087593124e+01,1.344074673427433808e+01,4.753741896983538595e+01,0.000000000000000000e+00,0.000000000000000000e+00,0.000000000000000000e+00,5.298168659210205078e-01,2.162881195545196533e-01,1.280929595232009888e-01,3.028955459594726562e-01,3.938280859375000000e+04,2.937322265625000000e+04,7.233675781250000000e+03,3.949535546875000000e+04,-1.480405305173525587e+06
3.529999999999999805e-01,2.397493461098488510e+01,-1.340417980417849186e+01,-4.750893267616881843e+01,-5.126530273437500000e+03,-2.393713951110839844e+01,-3.916008377075195312e+01,5.281413197517395020e-01,2.310633659362792969e-01,1.200590282678604126e-01,2.959108650684356689e-01,-2.397493461098488510e+01,1.340417980417849186e+01,4.750893267616881843e+01,0.000000000000000000e+00,0.000000000000000000e+00,0.000000000000000000e+00,5.281413197517395020e-01,2.310633659362792969e-01,1.200590282678604126e-01,2.959108650684356689e-01,3.949706250000000000e+04,2.948409765625000000e+04,7.344558593750000000e+03,3.960959375000000000e+04,-1.483416873383378144e+06
3.539999999999999813e-01,2.912960059473509844e+01,-1.341242251042739220e+01,-4.746237889300854818e+01,-5.143874511718750000e+03,2.762485504150390625e+01,-3.683385086059570312e+01,5.260171890258789062e-01,2.455727159976959229e-01,1.125176995992660522e-01,2.894741296768188477e-01,-2.912960059473509844e+01,1.341242251042739220e+01,4.746237889300854818e+01,0.000000000000000000e+00,0.000000000000000000e+00,0.000000000000000000e+00,5.260171890258789062e-01,2.455727159976959229e-01,1.125176995992660522e-01,2.894741296768188477e-01,3.960996484375000000e+04,2.959628125000000000e+04,7.456735351562500000e+03,3.972252734375000000e+04,-1.486697977501968620e+06
3.549999999999999822e-01,3.430370109420108093e+01,-1.346402750821916072e+01,-4.739446501119913080e+01,-5.158316406250000000e+03,7.865142059326171875e+01,-2.907152366638183594e+01,5.235611200332641602e-01,2.596273720264434814e-01,1.050988063216209412e-01,2.830897569656372070e-01,-3.430370109420108093e+01,1.346402750821916072e+01,4.739446501119913080e+01,0.000000000000000000e+00,0.000000000000000000e+00,0.000000000000000000e+00,5.235611200332641602e-01,2.596273720264434814e-01,1.050988063216209412e-01,2.830897569656372070e-01,3.972377343750000000e+04,2.970751171875000000e+04,7.568024414062500000e+03,3.983630859375000000e+04,-1.490302236761168810e+06
3.559999999999999831e-01,3.949444707205235261e+01,-1.355817490248360890e+01,-4.730387301143885281e+01,-5.169583496093750000e+03,1.282184295654296875e+02,-1.391548633575439453e+01,5.206447243690490723e-01,2.733304500579833984e-01,9.817271679639816284e-02,2.772753238677978516e-01,-3.949444707205235261e+01,1.355817490248360890e+01,4.730387301143885281e+01,0.000000000000000000e+00,0.000000000000000000e+00,0.000000000000000000e+00,5.206447243690490723e-01,2.733304500579833984e-01,9.817271679639816284e-02,2.772753238677978516e-01,3.983890625000000000e+04,2.981755859375000000e+04,7.678100097656250000e+03,3.995144531250000000e+04,-1.494283528619264718e+06
3.569999999999999840e-01,4.470353604245908485e+01,-1.368230146774887146e+01,-4.717424505778576105e+01,-5.178559082031250000e+03,1.766217193603515625e+02,-1.026606178283691406e+01,5.172524452209472656e-01,2.865855693817138672e-01,9.181219339370727539e-02,2.721710801124572754e-01,-4.470353604245908485e+01,1.368230146774887146e+01,4.717424505778576105e+01,0.000000000000000000e+00,0.000000000000000000e+00,0.000000000000000000e+00,5.172524452209472656e-01,2.865855693817138672e-01,9.181219339370727539e-02,2.721710801124572754e-01,3.995202343750000000e+04,2.992947851562500000e+04,7.790088378906250000e+03,4.006459375000000000e+04,-1.498694549524190603e+06
3.579999999999999849e-01,4.992908636655241850e+01,-1.383656647719727140e+01,-4.700632599980309578e+01,-5.185604492187500000e+03,2.245564117431640625e+02,2.827718019485473633e+00,5.136374235153198242e-01,2.990733087062835693e-01,8.550605177879333496e-02,2.670894861221313477e-01,-4.992908636655241850e+01,1.383656647719727140e+01,4.700632599980309578e+01,0.000000000000000000e+00,0.000000000000000000e+00,0.000000000000000000e+00,5.136374235153198242e-01,2.990733087062835693e-01,8.550605177879333496e-02,2.670894861221313477e-01,4.006672656250000000e+04,3.003986914062500000e+04,7.900440917968750000e+03,4.017926171875000000e+04,-1.503588508445466869e+06
3.589999999999999858e-01,5.517038788628246948e+01,-1.401621569658148125e+01,-4.679651548018935614e+01,-5.190798828125000000e+03,2.710006408691406250e+02,1.879680633544921875e+01,5.095254182815551758e-01,3.111814856529235840e-01,7.977060228586196899e-02,2.627058029174804688e-01,-5.517038788628246948e+01,1.401621569658148125e+01,4.679651548018935614e+01,0.000000000000000000e+00,0.000000000000000000e+00,0.000000000000000000e+00,5.095254182815551758e-01,3.111814856529235840e-01,7.977060228586196899e-02,2.627058029174804688e-01,4.018199609375000000e+04,3.014973242187500000e+04,8.010249511718750000e+03,4.029453515625000000e+04,-1.509018648308530450e+06
3.599999999999999867e-01,6.042948041645743729e+01,-1.420789687461647688e+01,-4.653518690667291935e+01,-5.195362304687500000e+03,3.167134094238281250e+02,2.715281486511230469e+01,5.050319433212280273e-01,3.226847052574157715e-01,7.445655763149261475e-02,2.588484287261962891e-01,-6.042948041645743729e+01,1.420789687461647688e+01,4.653518690667291935e+01,0.000000000000000000e+00,0.000000000000000000e+00,0.000000000000000000e+00,5.050319433212280273e-01,3.226847052574157715e-01,7.445655763149261475e-02,2.588484287261962891e-01,4.029589843750000000e+04,3.026091015625000000e+04,8.121341796875000000e+03,4.040846875000000000e+04,-1.515037758365972200e+06
3.609999999999999876e-01,6.570672793020032998e+01,-1.440746177044702137e+01,-4.622069870005180547e+01,-5.199512695312500000e+03,3.621971130371093750e+02,3.991280364990234375e+01,5.003601312637329102e-01,3.334489464759826660e-01,6.927371770143508911e-02,2.551040351390838623e-01,-6.570672793020032998e+01,1.440746177044702137e+01,4.622069870005180547e+01,0.000000000000000000e+00,0.000000000000000000e+00,0.000000000000000000e+00,5.003601312637329102e-01,3.334489464759826660e-01,6.927371770143508911e-02,2.551040351390838623e-01,4.041053906250000000e+04,3.037130468750000000e+04,8.231759765625000000e+03,4.052308203125000000e+04,-1.521699060404253425e+06
3.619999999999999885e-01,7.100215034315905882e+01,-1.461327841557838170e+01,-4.585315148048280776e+01,-5.203311035156250000e+03,4.067890014648437500e+02,6.007249832153320312e+01,4.953177273273468018e-01,3.437577784061431885e-01,6.446249037981033325e-02,2.517708837985992432e-01,-7.100215034315905882e+01,1.461327841557838170e+01,4.585315148048280776e+01,0.000000000000000000e+00,0.000000000000000000e+00,0.000000000000000000e+00,4.953177273273468018e-01,3.437577784061431885e-01,6.446249037981033325e-02,2.517708837985992432e-01,4.052651562500000000e+04,3.048051953125000000e+04,8.340974609375000000e+03,4.063904687500000000e+04,-1.529056425164349377e+06
3.629999999999999893e-01,7.631820079021062497e+01,-1.480560179456506198e+01,-4.542601763871134324e+01,-5.207565917968750000e+03,4.507103271484375000e+02,6.834860992431640625e+01,4.898534417152404785e-01,3.536182045936584473e-01,6.009249389171600342e-02,2.489414364099502563e-01,-7.631820079021062497e+01,1.480560179456506198e+01,4.542601763871134324e+01,0.000000000000000000e+00,0.000000000000000000e+00,0.000000000000000000e+00,4.898534417152404785e-01,3.536182045936584473e-01,6.009249389171600342e-02,2.489414364099502563e-01,4.064040234375000000e+04,3.059165234375000000e+04,8.452184570312500000e+03,4.075297656250000000e+04,-1.537163621859216131e+06
3.639999999999999902e-01,8.165523094476600363e+01,-1.498154687741604896e+01,-4.494008128613618425e+01,-5.212103027343750000e+03,4.947467041015625000e+02,8.301890563964843750e+01,4.844348430633544922e-01,3.626756370067596436e-01,5.569608882069587708e-02,2.460141330957412720e-01,-8.165523094476600363e+01,1.498154687741604896e+01,4.494008128613618425e+01,0.000000000000000000e+00,0.000000000000000000e+00,0.000000000000000000e+00,4.844348430633544922e-01,3.626756370067596436e-01,5.569608882069587708e-02,2.460141330957412720e-01,4.075535156250000000e+04,3.070178125000000000e+04,8.562340820312500000e+03,4.086791015625000000e+04,-1.546075256252703955e+06
3.649999999999999911e-01,8.701290130996130756e+01,-1.513767507931823530e+01,-4.439678973717191468e+01,-5.216471679687500000e+03,5.376679077148437500e+02,1.036051635742187500e+02,4.786641597747802734e-01,3.714008033275604248e-01,5.159853398799896240e-02,2.433618754148483276e-01,-8.701290130996130756e+01,1.513767507931823530e+01,4.439678973717191468e+01,0.000000000000000000e+00,0.000000000000000000e+00,0.000000000000000000e+00,4.786641597747802734e-01,3.714008033275604248e-01,5.159853398799896240e-02,2.433618754148483276e-01,4.087141015625000000e+04,3.081084765625000000e+04,8.671461914062500000e+03,4.098392968750000000e+04,-1.555846725392854773e+06
3.659999999999999920e-01,9.239107705697850292e+01,-1.525654263116101816e+01,-4.379683974490725973e+01,-5.220854492187500000e+03,5.797834472656250000e+02,1.158915100097656250e+02,4.725670516490936279e-01,3.796894848346710205e-01,4.779818654060363770e-02,2.410105019807815552e-01,-9.239107705697850292e+01,1.525654263116101816e+01,4.379683974490725973e+01,0.000000000000000000e+00,0.000000000000000000e+00,0.000000000000000000e+00,4.725670516490936279e-01,3.796894848346710205e-01,4.779818654060363770e-02,2.410105019807815552e-01,4.098596875000000000e+04,3.092137695312500000e+04,8.781892578125000000e+03,4.109854296875000000e+04,-1.566533761777300853e+06
3.669999999999999929e-01,9.778828259416508217e+01,-1.533067228188066444e+01,-4.314343169068690287e+01,-5.224805175781250000e+03,6.214197998046875000e+02,1.297957458496093750e+02,4.665793478488922119e-01,3.873093426227569580e-01,4.395882785320281982e-02,2.385421544313430786e-01,-9.778828259416508217e+01,1.533067228188066444e+01,4.314343169068690287e+01,0.000000000000000000e+00,0.000000000000000000e+00,0.000000000000000000e+00,4.665793478488922119e-01,3.873093426227569580e-01,4.395882785320281982e-02,2.385421544313430786e-01,4.110077734375000000e+04,3.103154492187500000e+04,8.892060546875000000e+03,4.121335156250000000e+04,-1.578192695200680522e+06
3.679999999999999938e-01,1.032018646213954014e+02,-1.536084114012297164e+01,-4.243994457630563488e+01,-5.227355468750000000e+03,6.617885131835937500e+02,1.532916412353515625e+02,4.604611992835998535e-01,3.945295810699462891e-01,4.021312668919563293e-02,2.360924184322357178e-01,-1.032018646213954014e+02,1.536084114012297164e+01,4.243994457630563488e+01,0.000000000000000000e+00,0.000000000000000000e+00,0.000000000000000000e+00,4.604611992835998535e-01,3.945295810699462891e-01,4.021312668919563293e-02,2.360924184322357178e-01,4.121732812500000000e+04,3.114020898437500000e+04,9.000693359375000000e+03,4.132982812500000000e+04,-1.590880424398185220e+06
3.689999999999999947e-01,1.086283113091640899e+02,-1.533120723624599080e+01,-4.169361074880503537e+01,-5.228858886718750000e+03,7.005061035156250000e+02,1.689176483154296875e+02,4.539788067340850830e-01,4.014583826065063477e-01,3.670382127165794373e-02,2.338287383317947388e-01,-1.086283113091640899e+02,1.533120723624599080e+01,4.169361074880503537e+01,0.000000000000000000e+00,0.000000000000000000e+00,0.000000000000000000e+00,4.539788067340850830e-01,4.014583826065063477e-01,3.670382127165794373e-02,2.338287383317947388e-01,4.133244921875000000e+04,3.125007812500000000e+04,9.110664062500000000e+03,4.144502734375000000e+04,-1.604653937508659437e+06
3.699999999999999956e-01,1.140631073744212074e+02,-1.523172760231112477e+01,-4.091234158036918700e+01,-5.228807128906250000e+03,7.384130859375000000e+02,1.817309265136718750e+02,4.477368593215942383e-01,4.077677726745605469e-01,3.309632092714309692e-02,2.313947826623916626e-01,-1.140631073744212074e+02,1.523172760231112477e+01,4.091234158036918700e+01,0.000000000000000000e+00,0.000000000000000000e+00,0.000000000000000000e+00,4.477368593215942383e-01,4.077677726745605469e-01,3.309632092714309692e-02,2.313947826623916626e-01,4.144706250000000000e+04,3.136052539062500000e+04,9.221119140625000000e+03,4.155966406250000000e+04,-1.619570155191907892e+06
3.709999999999999964e-01,1.195028027073692414e+02,-1.506723107824977426e+01,-4.009971738793594653e+01,-5.227232910156250000e+03,7.746258544921875000e+02,2.066773071289062500e+02,4.416246116161346436e-01,4.136721789836883545e-01,2.940925396978855133e-02,2.287627011537551880e-01,-1.195028027073692414e+02,1.506723107824977426e+01,4.009971738793594653e+01,0.000000000000000000e+00,0.000000000000000000e+00,0.000000000000000000e+00,4.416246116161346436e-01,4.136721789836883545e-01,2.940925396978855133e-02,2.287627011537551880e-01,4.156385156250000000e+04,3.146883593750000000e+04,9.307127929687500000e+03,4.167633593750000000e+04,-1.635686083833782002e+06
3.719999999999999973e-01,1.249418709967733463e+02,-1.482678875551940045e+01,-3.926705309070565164e+01,-5.224210937500000000e+03,8.090710449218750000e+02,2.256308898925781250e+02,4.351064562797546387e-01,4.194092154502868652e-01,2.590195275843143463e-02,2.261975258588790894e-01,-1.249418709967733463e+02,1.482678875551940045e+01,3.926705309070565164e+01,0.000000000000000000e+00,0.000000000000000000e+00,0.000000000000000000e+00,4.351064562797546387e-01,4.194092154502868652e-01,2.590195275843143463e-02,2.261975258588790894e-01,4.167954687500000000e+04,3.157826562500000000e+04,9.360300781250000000e+03,4.179212500000000000e+04,-1.653058290085185552e+06
3.729999999999999982e-01,1.303758079105753040e+02,-1.450324338420654335e+01,-3.842553873108823126e+01,-5.220787109375000000e+03,8.424544067382812500e+02,2.413312072753906250e+02,4.288779497146606445e-01,4.246795177459716797e-01,2.227475494146347046e-02,2.234062254428863525e-01,-1.303758079105753040e+02,1.450324338420654335e+01,3.842553873108823126e+01,0.000000000000000000e+00,0.000000000000000000e+00,0.000000000000000000e+00,4.288779497146606445e-01,4.246795177459716797e-01,2.227475494146347046e-02,2.234062254428863525e-01,4.179464453125000000e+04,3.168812890625000000e+04,9.382446289062500000e+03,4.190725390625000000e+04,-1.671743007468956755e+06
3.739999999999999991e-01,1.358015152791222704e+02,-1.409852964518451657e+01,-3.758008704565038727e+01,-5.216751464843750000e+03,8.750691528320312500e+02,2.641927490234375000e+02,4.228706061840057373e-01,4.296414256095886230e-01,1.853856258094310760e-02,2.203465998172760010e-01,-1.358015152791222704e+02,1.409852964518451657e+01,3.758008704565038727e+01,0.000000000000000000e+00,0.000000000000000000e+00,0.000000000000000000e+00,4.228706061840057373e-01,4.296414256095886230e-01,1.853856258094310760e-02,2.203465998172760010e-01,4.191104296875000000e+04,3.179691406250000000e+04,9.371543945312500000e+03,4.202354687500000000e+04,-1.691796090501577128e+06
3.750000000000000000e-01,1.412169031116285112e+02,-1.361313327667837569e+01,-3.673656647911509054e+01,-5.213259765625000000e+03,9.064700317382812500e+02,2.919968261718750000e+02,4.166854619979858398e-01,4.345082044601440430e-01,1.482222229242324829e-02,2.170890122652053833e-01,-1.412169031116285112e+02,1.361313327667837569e+01,3.673656647911509054e+01,0.000000000000000000e+00,0.000000000000000000e+00,0.000000000000000000e+00,4.166854619979858398e-01,4.345082044601440430e-01,1.482222229242324829e-02,2.170890122652053833e-01,4.202825781250000000e+04,3.190478125000000000e+04,9.327706054687500000e+03,4.214081640625000000e+04,-1.713273196940299356e+06
3.760000000000000009e-01,1.466173992271248778e+02,-1.303614037098643230e+01,-3.591481992417010360e+01,-5.210977539062500000e+03,9.375654296875000000e+02,3.065210266113281250e+02,4.103953242301940918e-01,4.392309486865997314e-01,1.111528463661670685e-02,2.136306613683700562e-01,-1.466173992271248778e+02,1.303614037098643230e+01,3.591481992417010360e+01,0.000000000000000000e+00,0.000000000000000000e+00,0.000000000000000000e+00,4.103953242301940918e-01,4.392309486865997314e-01,1.111528463661670685e-02,2.136306613683700562e-01,4.214317187500000000e+04,3.201495703125000000e+04,9.254792968750000000e+03,4.225577343750000000e+04,-1.736229673942383146e+06
3.770000000000000018e-01,1.520040555627278991e+02,-1.237219572346491780e+01,-3.511582734027071950e+01,-5.210803222656250000e+03,9.690920410156250000e+02,3.315275878906250000e+02,4.048062562942504883e-01,4.436303675174713135e-01,7.170260418206453323e-03,2.097555398941040039e-01,-1.520040555627278991e+02,1.237219572346491780e+01,3.511582734027071950e+01,0.000000000000000000e+00,0.000000000000000000e+00,0.000000000000000000e+00,4.048062562942504883e-01,4.436303675174713135e-01,7.170260418206453323e-03,2.097555398941040039e-01,4.225986328125000000e+04,3.212332031250000000e+04,9.149532226562500000e+03,4.237241796875000000e+04,-1.760721099406711524e+06
3.780000000000000027e-01,1.573767343127106244e+02,-1.162188499218727422e+01,-3.434631175821423454e+01,-5.212576171875000000e+03,1.000416442871093750e+03,3.598261108398437500e+02,3.989124298095703125e-01,4.481223225593566895e-01,3.242064267396926880e-03,2.055611014366149902e-01,-1.573767343127106244e+02,1.162188499218727422e+01,3.434631175821423454e+01,0.000000000000000000e+00,0.000000000000000000e+00,0.000000000000000000e+00,3.989124298095703125e-01,4.481223225593566895e-01,3.242064267396926880e-03,2.055611014366149902e-01,4.237721093750000000e+04,3.223118945312500000e+04,9.011648437500000000e+03,4.248972265625000000e+04,-1.786803273251809180e+06
3.790000000000000036e-01,1.627356560992685104e+02,-1.078337426118054587e+01,-3.361885432432264054e+01,-5.217426269531250000e+03,1.031978027343750000e+03,3.849301452636718750e+02,3.930204808712005615e-01,4.525590837001800537e-01,-7.349584484472870827e-04,2.010475546121597290e-01,-1.627356560992685104e+02,1.078337426118054587e+01,3.361885432432264054e+01,0.000000000000000000e+00,0.000000000000000000e+00,0.000000000000000000e+00,3.930204808712005615e-01,4.525590837001800537e-01,0.000000000000000000e+00,2.010475546121597290e-01,4.249390234375000000e+04,3.233956054687500000e+04,8.843007812500000000e+03,4.260649609375000000e+04,-1.814532675544405356e+06
3.800000000000000044e-01,1.680809241458924816e+02,-9.855746572027554109e+00,-3.294761729666347350e+01,-5.224847656250000000e+03,1.064436767578125000e+03,4.055328979492187500e+02,3.874267637729644775e-01,4.568946063518524170e-01,-4.819403868168592453e-03,1.961709558963775635e-01,-1.680809241458924816e+02,9.855746572027554109e+00,3.294761729666347350e+01,0.000000000000000000e+00,0.000000000000000000e+00,0.000000000000000000e+00,3.874267637729644775e-01,4.568946063518524170e-01,0.000000000000000000e+00,1.961709558963775635e-01,4.260981250000000000e+04,3.244867773437500000e+04,8.650583984375000000e+03,4.272242578125000000e+04,-1.843966553832161939e+06
3.810000000000000053e-01,1.734161487506835897e+02,-8.843728954562864786e+00,-3.232841939032786627e+01,-5.234439941406250000e+03,1.097452270507812500e+03,4.404876403808593750e+02,3.822281658649444580e-01,4.611581563949584961e-01,-9.037218056619167328e-03,1.908926814794540405e-01,-1.734161487506835897e+02,8.843728954562864786e+00,3.232841939032786627e+01,0.000000000000000000e+00,0.000000000000000000e+00,0.000000000000000000e+00,3.822281658649444580e-01,4.611581563949584961e-01,0.000000000000000000e+00,1.908926814794540405e-01,4.272826953125000000e+04,3.255542382812500000e+04,8.460364257812500000e+03,4.284075390625000000e+04,-1.875163052721779794e+06
3.820000000000000062e-01,1.787418383973227662e+02,-7.748855270316484578e+00,-3.177562773607759539e+01,-5.245725097656250000e+03,1.130103027343750000e+03,4.710317687988281250e+02,3.765638172626495361e-01,4.655427336692810059e-01,-1.326563023030757904e-02,1.852297037839889526e-01,-1.787418383973227662e+02,7.748855270316484578e+00,3.177562773607759539e+01,0.000000000000000000e+00,0.000000000000000000e+00,0.000000000000000000e+00,3.765638172626495361e-01,4.655427336692810059e-01,0.000000000000000000e+00,1.852297037839889526e-01,4.284591015625000000e+04,3.266283593750000000e+04,8.275385742187500000e+03,4.295848828125000000e+04,-1.908181432791456580e+06
3.830000000000000071e-01,-1.759412711111671115e+02,-6.574597550676002378e+00,-3.130529745070905534e+01,-5.258039550781250000e+03,1.162904541015625000e+03,4.953977050781250000e+02,3.712936341762542725e-01,4.697779119014739990e-01,-1.759519055485725403e-02,1.792724430561065674e-01,1.759412711111671115e+02,6.574597550676002378e+00,3.130529745070905534e+01,0.000000000000000000e+00,0.000000000000000000e+00,0.000000000000000000e+00,3.712936341762542725e-01,4.697779119014739990e-01,0.000000000000000000e+00,1.792724430561065674e-01,4.296245312500000000e+04,3.277134765625000000e+04,8.095808105468750000e+03,4.307507031250000000e+04,-1.940160010653100442e+06
3.840000000000000080e-01,-1.706306988696598523e+02,-5.326292587356181052e+00,-3.091942010904500648e+01,-5.270340820312500000e+03,1.195289184570312500e+03,5.273027954101562500e+02,4.087012410163879395e-01,2.009334228932857513e-02,2.343709319829940796e-01,2.494301795959472656e-01,1.706306988696598523e+02,5.326292587356181052e+00,3.091942010904500648e+01,0.000000000000000000e+00,0.000000000000000000e+00,0.000000000000000000e+00,4.087012410163879395e-01,2.009334228932857513e-02,2.343709319829940796e-01,2.494301795959472656e-01,4.308031640625000000e+04,3.287850390625000000e+04,7.919221191406250000e+03,4.319286328125000000e+04,-1.970259225982454838e+06
3.850000000000000089e-01,-1.653249607393321980e+02,-4.009683247468097456e+00,-3.062074904071064196e+01,-5.281186523437500000e+03,1.226158935546875000e+03,5.655926513671875000e+02,4.079637229442596436e-01,2.987040393054485321e-02,2.279905527830123901e-01,2.454010248184204102e-01,1.653249607393321980e+02,4.009683247468097456e+00,3.062074904071064196e+01,0.000000000000000000e+00,0.000000000000000000e+00,0.000000000000000000e+00,4.079637229442596436e-01,2.987040393054485321e-02,2.279905527830123901e-01,2.454010248184204102e-01,4.319932421875000000e+04,3.264707226562500000e+04,8.025398437500000000e+03,4.331183984375000000e+04,-1.998545276457475731e+06
3.860000000000000098e-01,-1.600236562102384426e+02,-2.633096682333087468e+00,-3.042304044070616342e+01,-5.289589355468750000e+03,1.255791503906250000e+03,5.985911254882812500e+02,4.072159826755523682e-01,4.011271893978118896e-02,2.210397422313690186e-01,2.410380691289901733e-01,1.600236562102384426e+02,2.633096682333087468e+00,3.042304044070616342e+01,0.000000000000000000e+00,0.000000000000000000e+00,0.000000000000000000e+00,4.072159826755523682e-01,4.011271893978118896e-02,2.210397422313690186e-01,2.410380691289901733e-01,4.331732812500000000e+04,3.241641796875000000e+04,8.132385742187500000e+03,4.342993750000000000e+04,-2.025085341592163779e+06
3.870000000000000107e-01,-1.547264139506035576e+02,-1.206994860406430226e+00,-3.033912927970129303e+01,-5.294159179687500000e+03,1.284547119140625000e+03,6.262504272460937500e+02,4.069406092166900635e-01,5.077748373150825500e-02,2.133245170116424561e-01,2.362367808818817139e-01,1.547264139506035576e+02,1.206994860406430226e+00,3.033912927970129303e+01,0.000000000000000000e+00,0.000000000000000000e+00,0.000000000000000000e+00,4.069406092166900635e-01,5.077748373150825500e-02,2.133245170116424561e-01,2.362367808818817139e-01,4.343441015625000000e+04,3.218676757812500000e+04,8.240253906250000000e+03,4.354703906250000000e+04,-2.049947524368220707e+06
3.880000000000000115e-01,-1.494316299876741425e+02,2.641059299606781097e-01,-3.036315874928750347e+01,-5.294692871093750000e+03,1.311574829101562500e+03,6.678560180664062500e+02,4.071609079837799072e-01,6.189753487706184387e-02,2.047872394323348999e-01,2.309218794107437134e-01,1.494316299876741425e+02,-2.641059299606781097e-01,3.036315874928750347e+01,0.000000000000000000e+00,0.000000000000000000e+00,0.000000000000000000e+00,4.071609079837799072e-01,6.189753487706184387e-02,2.047872394323348999e-01,2.309218794107437134e-01,4.355397265625000000e+04,3.195471093750000000e+04,8.345854492187500000e+03,4.366646093750000000e+04,-2.073199327570170630e+06
3.890000000000000124e-01,-1.441380408225847134e+02,1.767130631266272900e+00,-3.050599821331665495e+01,-5.290752929687500000e+03,1.336169433593750000e+03,7.040961914062500000e+02,4.071204364299774170e-01,7.363160699605941772e-02,1.958182156085968018e-01,2.253245264291763306e-01,1.441380408225847134e+02,-1.767130631266272900e+00,3.050599821331665495e+01,0.000000000000000000e+00,0.000000000000000000e+00,0.000000000000000000e+00,4.071204364299774170e-01,7.363160699605941772e-02,1.958182156085968018e-01,2.253245264291763306e-01,4.367258203125000000e+04,3.174785937500000000e+04,8.452383789062500000e+03,4.378514843750000000e+04,-2.094908841060002567e+06
3.900000000000000133e-01,-1.388423234101360322e+02,3.286364537551180298e+00,-3.077845013528634865e+01,-5.283389160156250000e+03,1.358763305664062500e+03,7.332145385742187500e+02,4.076030254364013672e-01,8.570851385593414307e-02,1.860858052968978882e-01,2.193253487348556519e-01,1.388423234101360322e+02,-3.286364537551180298e+00,3.077845013528634865e+01,0.000000000000000000e+00,0.000000000000000000e+00,0.000000000000000000e+00,4.076030254364013672e-01,8.570851385593414307e-02,1.860858052968978882e-01,2.193253487348556519e-01,4.378991796875000000e+04,3.164526367187500000e+04,8.560108398437500000e+03,4.390254687500000000e+04,-2.115144145014531445e+06
3.910000000000000142e-01,-1.335403950723642197e+02,4.806357286232509018e+00,-3.118702280678862238e+01,-5.272763183593750000e+03,1.379532958984375000e+03,7.583587036132812500e+02,4.086513817310333252e-01,9.811972081661224365e-02,1.755770295858383179e-01,2.128799855709075928e-01,1.335403950723642197e+02,-4.806357286232509018e+00,3.118702280678862238e+01,0.000000000000000000e+00,0.000000000000000000e+00,0.000000000000000000e+00,4.086513817310333252e-01,9.811972081661224365e-02,1.755770295858383179e-01,2.128799855709075928e-01,4.390661328125000000e+04,3.164598242187500000e+04,8.668513671875000000e+03,4.401921484375000000e+04,-2.133972913592528552e+06
3.920000000000000151e-01,-1.282276096560158294e+02,6.320989115283095927e+00,-3.172667150791689394e+01,-5.260121582031250000e+03,1.397939086914062500e+03,7.938242187500000000e+02,4.101192951202392578e-01,1.108944118022918701e-01,1.644091010093688965e-01,2.060244977474212646e-01,1.282276096560158294e+02,-6.320989115283095927e+00,3.172667150791689394e+01,0.000000000000000000e+00,0.000000000000000000e+00,0.000000000000000000e+00,4.101192951202392578e-01,1.108944118022918701e-01,1.644091010093688965e-01,2.060244977474212646e-01,4.402517578125000000e+04,3.174693750000000000e+04,8.775173828125000000e+03,4.413765625000000000e+04,-2.151461770058990922e+06
3.930000000000000160e-01,-1.228972055943034434e+02,7.809465265515948218e+00,-3.240485283245372727e+01,-5.246623535156250000e+03,1.413681518554687500e+03,8.196832275390625000e+02,4.114049971103668213e-01,1.241800487041473389e-01,1.530273109674453735e-01,1.990198791027069092e-01,1.228972055943034434e+02,-7.809465265515948218e+00,3.240485283245372727e+01,0.000000000000000000e+00,0.000000000000000000e+00,0.000000000000000000e+00,4.114049971103668213e-01,1.241800487041473389e-01,1.530273109674453735e-01,1.990198791027069092e-01,4.414201562500000000e+04,3.185518164062500000e+04,8.883358398437500000e+03,4.425461328125000000e+04,-2.167676555436705705e+06
3.940000000000000169e-01,-1.175419037893110072e+02,9.254436281555321386e+00,-3.322439089857537908e+01,-5.233340820312500000e+03,1.428107666015625000e+03,8.409431152343750000e+02,4.132639765739440918e-01,1.376135647296905518e-01,1.410260945558547974e-01,1.916673779487609863e-01,1.175419037893110072e+02,-9.254436281555321386e+00,3.322439089857537908e+01,0.000000000000000000e+00,0.000000000000000000e+00,0.000000000000000000e+00,4.132639765739440918e-01,1.376135647296905518e-01,1.410260945558547974e-01,1.916673779487609863e-01,4.425803125000000000e+04,3.196420312500000000e+04,8.992297851562500000e+03,4.437067578125000000e+04,-2.182682159324591979e+06
3.950000000000000178e-01,-1.121552664548177205e+02,1.064432724971438304e+01,-3.418328305260003930e+01,-5.220568359375000000e+03,1.441601318359375000e+03,8.645906982421875000e+02,4.154146313667297363e-01,1.513294875621795654e-01,1.286195814609527588e-01,1.840041875839233398e-01,1.121552664548177205e+02,-1.064432724971438304e+01,3.418328305260003930e+01,0.000000000000000000e+00,0.000000000000000000e+00,0.000000000000000000e+00,4.154146313667297363e-01,1.513294875621795654e-01,1.286195814609527588e-01,1.840041875839233398e-01,4.437451953125000000e+04,3.207278125000000000e+04,9.100897460937500000e+03,4.448708593750000000e+04,-2.196542761660996359e+06
3.960000000000000187e-01,-1.067316756963371347e+02,1.197348017086097904e+01,-3.527680805877010073e+01,-5.208748535156250000e+03,1.454093139648437500e+03,8.966732177734375000e+02,4.175236821174621582e-01,1.654180586338043213e-01,1.160863861441612244e-01,1.761547029018402100e-01,1.067316756963371347e+02,-1.197348017086097904e+01,3.527680805877010073e+01,0.000000000000000000e+00,0.000000000000000000e+00,0.000000000000000000e+00,4.175236821174621582e-01,1.654180586338043213e-01,1.160863861441612244e-01,1.761547029018402100e-01,4.449250781250000000e+04,3.218000390625000000e+04,9.208118164062500000e+03,4.460500000000000000e+04,-2.209322229672161862e+06
3.970000000000000195e-01,-1.012648697610021884e+02,1.322061692791715792e+01,-3.650521041889994223e+01,-5.198484863281250000e+03,1.465417846679687500e+03,9.203742065429687500e+02,4.192988276481628418e-01,1.799207627773284912e-01,1.036679148674011230e-01,1.682493537664413452e-01,1.012648697610021884e+02,-1.322061692791715792e+01,3.650521041889994223e+01,0.000000000000000000e+00,0.000000000000000000e+00,0.000000000000000000e+00,4.192988276481628418e-01,1.799207627773284912e-01,1.036679148674011230e-01,1.682493537664413452e-01,4.460897265625000000e+04,3.228854101562500000e+04,9.316748046875000000e+03,4.472158593750000000e+04,-2.221084218619557563e+06
3.980000000000000204e-01,-9.575066633103040203e+01,1.436679858926080655e+01,-3.786549396326923045e+01,-5.189446777343750000e+03,1.476603637695312500e+03,9.383899536132812500e+02,4.213722348213195801e-01,1.944791674613952637e-01,9.100727736949920654e-02,1.601065546274185181e-01,9.575066633103040203e+01,-1.436679858926080655e+01,3.786549396326923045e+01,0.000000000000000000e+00,0.000000000000000000e+00,0.000000000000000000e+00,4.213722348213195801e-01,1.944791674613952637e-01,9.100727736949920654e-02,1.601065546274185181e-01,4.472443750000000000e+04,3.239810937500000000e+04,9.426339843750000000e+03,4.483709375000000000e+04,-2.231892609257180709e+06
3.990000000000000213e-01,-9.018736490099981040e+01,1.540676178369268712e+01,-3.935015781743080510e+01,-5.181427246093750000e+03,1.487291748046875000e+03,9.645166015625000000e+02,4.235785305500030518e-01,2.091266512870788574e-01,7.828736305236816406e-02,1.517754644155502319e-01,9.018736490099981040e+01,-1.540676178369268712e+01,3.935015781743080510e+01,0.000000000000000000e+00,0.000000000000000000e+00,0.000000000000000000e+00,4.235785305500030518e-01,2.091266512870788574e-01,7.828736305236816406e-02,1.517754644155502319e-01,4.484136718750000000e+04,3.250623242187500000e+04,9.534524414062500000e+03,4.495391796875000000e+04,-2.241812173273882829e+06
4.000000000000000222e-01,-8.457548508296740408e+01,1.633186724558613534e+01,-4.095132185337634922e+01,-5.173581542968750000e+03,1.496793212890625000e+03,9.947817382812500000e+02,4.253402948379516602e-01,2.239700555801391602e-01,6.596599519252777100e-02,1.435218751430511475e-01,8.457548508296740408e+01,-1.633186724558613534e+01,4.095132185337634922e+01,0.000000000000000000e+00,0.000000000000000000e+00,0.000000000000000000e+00,4.253402948379516602e-01,2.239700555801391602e-01,6.596599519252777100e-02,1.435218751430511475e-01,4.495904296875000000e+04,3.261377343750000000e+04,9.641956054687500000e+03,4.507154296875000000e+04,-2.250908926600168459e+06
4.010000000000000231e-01,-7.891752512001198738e+01,1.712667492320973039e+01,-4.265878370384000817e+01,-5.165990722656250000e+03,1.504689208984375000e+03,1.021601623535156250e+03,4.268274009227752686e-01,2.387913167476654053e-01,5.400054901838302612e-02,1.353618949651718140e-01,7.891752512001198738e+01,-1.712667492320973039e+01,4.265878370384000817e+01,0.000000000000000000e+00,0.000000000000000000e+00,0.000000000000000000e+00,4.268274009227752686e-01,2.387913167476654053e-01,5.400054901838302612e-02,1.353618949651718140e-01,4.507601953125000000e+04,3.272180078125000000e+04,9.750002929687500000e+03,4.518864062500000000e+04,-2.259249997192252427e+06
4.020000000000000240e-01,-7.321989559726409880e+01,1.777101103438418050e+01,-4.445818175940482320e+01,-5.157589843750000000e+03,1.511501953125000000e+03,1.038964477539062500e+03,4.283532500267028809e-01,2.533268928527832031e-01,4.230647534132003784e-02,1.272821128368377686e-01,7.321989559726409880e+01,-1.777101103438418050e+01,4.445818175940482320e+01,0.000000000000000000e+00,0.000000000000000000e+00,0.000000000000000000e+00,4.283532500267028809e-01,2.533268928527832031e-01,4.230647534132003784e-02,1.272821128368377686e-01,4.519137890625000000e+04,3.283150390625000000e+04,9.859670898437500000e+03,4.527926562500000000e+04,-2.266903489062062930e+06
4.030000000000000249e-01,-6.748983050030059871e+01,1.826540432259497848e+01,-4.633696078277930042e+01,-5.148421875000000000e+03,1.516956542968750000e+03,1.066585937500000000e+03,4.301710426807403564e-01,2.673907876014709473e-01,3.087180666625499725e-02,1.192691177129745483e-01,6.748983050030059871e+01,-1.826540432259497848e+01,4.633696078277930042e+01,0.000000000000000000e+00,0.000000000000000000e+00,0.000000000000000000e+00,4.301710426807403564e-01,2.673907876014709473e-01,3.087180666625499725e-02,1.192691177129745483e-01,4.530855859375000000e+04,3.293943359375000000e+04,9.967640625000000000e+03,4.530506250000000000e+04,-2.273939105212674942e+06
4.040000000000000258e-01,-6.173704305197561126e+01,1.860282059680326938e+01,-4.827882302711000051e+01,-5.138229492187500000e+03,1.520189941406250000e+03,1.094971679687500000e+03,4.314840137958526611e-01,2.811445295810699463e-01,2.025770582258701324e-02,1.116664856672286987e-01,6.173704305197561126e+01,-1.860282059680326938e+01,4.827882302711000051e+01,0.000000000000000000e+00,0.000000000000000000e+00,0.000000000000000000e+00,4.314840137958526611e-01,2.811445295810699463e-01,2.025770582258701324e-02,1.116664856672286987e-01,4.542592578125000000e+04,3.304728515625000000e+04,1.001634667968750000e+04,4.526623828125000000e+04,-2.280427477384516504e+06
4.050000000000000266e-01,-5.597197571901744340e+01,1.877603502964690918e+01,-5.026530915223912643e+01,-5.128003417968750000e+03,1.521419677734375000e+03,1.121861328125000000e+03,4.327385723590850830e-01,2.942989766597747803e-01,1.031186897307634354e-02,1.044452786445617676e-01,5.597197571901744340e+01,-1.877603502964690918e+01,5.026530915223912643e+01,0.000000000000000000e+00,0.000000000000000000e+00,0.000000000000000000e+00,4.327385723590850830e-01,2.942989766597747803e-01,1.031186897307634354e-02,1.044452786445617676e-01,4.554291796875000000e+04,3.315536328125000000e+04,9.972369140625000000e+03,4.516682031250000000e+04,-2.286439480246011633e+06
4.060000000000000275e-01,-5.020749710180292880e+01,1.877303302483021952e+01,-5.227183481656317809e+01,-5.118161621093750000e+03,1.521309204101562500e+03,1.138901855468750000e+03,4.340373575687408447e-01,3.067735135555267334e-01,1.067758421413600445e-03,9.763498604297637939e-02,5.020749710180292880e+01,-1.877303302483021952e+01,5.227183481656317809e+01,0.000000000000000000e+00,0.000000000000000000e+00,0.000000000000000000e+00,4.340373575687408447e-01,3.067735135555267334e-01,1.067758421413600445e-03,9.763498604297637939e-02,4.565822265625000000e+04,3.326505468750000000e+04,9.844384765625000000e+03,4.500937500000000000e+04,-2.292045044495280832e+06
4.069999999999999729e-01,-4.445260458719089058e+01,1.859903926723462675e+01,-5.428506966635308828e+01,-5.109357421875000000e+03,1.520656127929687500e+03,1.165051757812500000e+03,4.357427060604095459e-01,3.184616863727569580e-01,-7.556727621704339981e-03,9.117275476455688477e-02,4.445260458719089058e+01,-1.859903926723462675e+01,5.428506966635308828e+01,0.000000000000000000e+00,0.000000000000000000e+00,0.000000000000000000e+00,4.357427060604095459e-01,3.184616863727569580e-01,0.000000000000000000e+00,9.117275476455688477e-02,4.577513281250000000e+04,3.337326171875000000e+04,9.636855468750000000e+03,4.480155078125000000e+04,-2.297313871600211132e+06
4.079999999999999738e-01,-3.871553831455494787e+01,1.825714105427637435e+01,-5.629049923225365859e+01,-5.102571777343750000e+03,1.518991577148437500e+03,1.196602539062500000e+03,4.370542764663696289e-01,3.296552598476409912e-01,-1.515118498355150223e-02,8.529239892959594727e-02,3.871553831455494787e+01,-1.825714105427637435e+01,5.629049923225365859e+01,0.000000000000000000e+00,0.000000000000000000e+00,0.000000000000000000e+00,4.370542764663696289e-01,3.296552598476409912e-01,0.000000000000000000e+00,8.529239892959594727e-02,4.589303906250000000e+04,3.348048437500000000e+04,9.423965820312500000e+03,4.458173828125000000e+04,-2.302314708010489121e+06
4.089999999999999747e-01,-3.300627489681686200e+01,1.774279739338965456e+01,-5.826442153687362691e+01,-5.098744628906250000e+03,1.517067382812500000e+03,1.220566284179687500e+03,4.381788671016693115e-01,3.403176963329315186e-01,-2.178859151899814606e-02,7.997479289770126343e-02,3.300627489681686200e+01,-1.774279739338965456e+01,5.826442153687362691e+01,0.000000000000000000e+00,0.000000000000000000e+00,0.000000000000000000e+00,4.381788671016693115e-01,3.403176963329315186e-01,0.000000000000000000e+00,7.997479289770126343e-02,4.600956250000000000e+04,3.358907031250000000e+04,9.217367187500000000e+03,4.436073046875000000e+04,-2.307113671869422775e+06
4.099999999999999756e-01,-2.733282689893479400e+01,1.705465298517498951e+01,-6.018361146903458092e+01,-5.099016113281250000e+03,1.515752929687500000e+03,1.237918334960937500e+03,4.397050142288208008e-01,3.504018485546112061e-01,-2.767992205917835236e-02,7.503663003444671631e-02,2.733282689893479400e+01,-1.705465298517498951e+01,6.018361146903458092e+01,0.000000000000000000e+00,0.000000000000000000e+00,0.000000000000000000e+00,4.397050142288208008e-01,3.504018485546112061e-01,0.000000000000000000e+00,7.503663003444671631e-02,4.612492578125000000e+04,3.369866796875000000e+04,9.016763671875000000e+03,4.413849218750000000e+04,-2.311773683573610149e+06
4.109999999999999765e-01,-2.169959835274066506e+01,1.619768001268281310e+01,-6.203392674559901110e+01,-5.103247558593750000e+03,1.515838745117187500e+03,1.257975708007812500e+03,4.416275024414062500e-01,3.600497543811798096e-01,-3.275549784302711487e-02,7.046753168106079102e-02,2.169959835274066506e+01,-1.619768001268281310e+01,6.203392674559901110e+01,0.000000000000000000e+00,0.000000000000000000e+00,0.000000000000000000e+00,4.416275024414062500e-01,3.600497543811798096e-01,0.000000000000000000e+00,7.046753168106079102e-02,4.624077734375000000e+04,3.380792187500000000e+04,8.820418945312500000e+03,4.391666406250000000e+04,-2.316355129047552124e+06
4.119999999999999774e-01,-1.610592300231900609e+01,1.518169753595213933e+01,-6.381366533795213059e+01,-5.111817382812500000e+03,1.516706054687500000e+03,1.292353393554687500e+03,4.436067938804626465e-01,3.694906234741210938e-01,-3.683993220329284668e-02,6.633757799863815308e-02,1.610592300231900609e+01,-1.518169753595213933e+01,6.381366533795213059e+01,0.000000000000000000e+00,0.000000000000000000e+00,0.000000000000000000e+00,4.436067938804626465e-01,3.694906234741210938e-01,0.000000000000000000e+00,6.633757799863815308e-02,4.635915625000000000e+04,3.391472656250000000e+04,8.626240234375000000e+03,4.369736328125000000e+04,-2.320917197627245914e+06
4.129999999999999782e-01,-1.055628777608513502e+01,1.400750094213320907e+01,-6.549716942850852774e+01,-5.124854980468750000e+03,1.518638061523437500e+03,1.315020751953125000e+03,4.452319741249084473e-01,3.788950741291046143e-01,-3.974531590938568115e-02,6.280065327882766724e-02,1.055628777608513502e+01,-1.400750094213320907e+01,6.549716942850852774e+01,0.000000000000000000e+00,0.000000000000000000e+00,0.000000000000000000e+00,4.452319741249084473e-01,3.788950741291046143e-01,0.000000000000000000e+00,6.280065327882766724e-02,4.647550390625000000e+04,3.402351953125000000e+04,8.438575195312500000e+03,4.347610546875000000e+04,-2.325514722124648280e+06
4.139999999999999791e-01,-5.051174171315725658e+00,1.268056861815959202e+01,-6.706607049759817585e+01,-5.142436523437500000e+03,1.522349365234375000e+03,1.332725830078125000e+03,4.477962851524353027e-01,3.881179988384246826e-01,-4.185790568590164185e-02,5.945397913455963135e-02,5.051174171315725658e+00,-1.268056861815959202e+01,6.706607049759817585e+01,0.000000000000000000e+00,0.000000000000000000e+00,0.000000000000000000e+00,4.477962851524353027e-01,3.881179988384246826e-01,0.000000000000000000e+00,5.945397913455963135e-02,4.659094140625000000e+04,3.413313281250000000e+04,8.256209960937500000e+03,4.325390625000000000e+04,-2.330198891117625870e+06
4.149999999999999800e-01,4.123286927100280330e-01,1.120968307631722105e+01,-6.851311471625305671e+01,-5.163418945312500000e+03,1.527414550781250000e+03,1.355515502929687500e+03,4.510749578475952148e-01,3.973338305950164795e-01,-4.302036389708518982e-02,5.635451525449752808e-02,-4.123286927100280330e-01,-1.120968307631722105e+01,6.851311471625305671e+01,0.000000000000000000e+00,0.000000000000000000e+00,0.000000000000000000e+00,4.510749578475952148e-01,3.973338305950164795e-01,0.000000000000000000e+00,5.635451525449752808e-02,4.670721093750000000e+04,3.424183593750000000e+04,8.077325195312500000e+03,4.303255078125000000e+04,-2.335018765015370678e+06
4.159999999999999809e-01,5.838335979283202803e+00,9.603930247689135058e+00,-6.983825832236668418e+01,-5.186042480468750000e+03,1.532753784179687500e+03,1.389471313476562500e+03,4.546751081943511963e-01,4.066325426101684570e-01,-4.305723309516906738e-02,5.367982760071754456e-02,-5.838335979283202803e+00,-9.603930247689135058e+00,6.983825832236668418e+01,0.000000000000000000e+00,0.000000000000000000e+00,0.000000000000000000e+00,4.546751081943511963e-01,4.066325426101684570e-01,0.000000000000000000e+00,5.367982760071754456e-02,4.682547265625000000e+04,3.434875000000000000e+04,7.900807617187500000e+03,4.281323046875000000e+04,-2.340022468984081876e+06
4.169999999999999818e-01,1.122971375353599655e+01,7.873081629586113905e+00,-7.102613522130737067e+01,-5.210305664062500000e+03,1.537916259765625000e+03,1.418462524414062500e+03,4.583171010017395020e-01,4.159753918647766113e-01,-4.187418892979621887e-02,5.161951482295989990e-02,-1.122971375353599655e+01,-7.873081629586113905e+00,7.102613522130737067e+01,0.000000000000000000e+00,0.000000000000000000e+00,0.000000000000000000e+00,4.583171010017395020e-01,4.159753918647766113e-01,0.000000000000000000e+00,5.161951482295989990e-02,4.694293750000000000e+04,3.445639843750000000e+04,7.729299316406250000e+03,4.259295312500000000e+04,-2.345255272753889672e+06
4.179999999999999827e-01,1.659027028851799557e+01,6.030573644731086702e+00,-7.205770014583154648e+01,-5.235093261718750000e+03,1.542791137695312500e+03,1.437420410156250000e+03,4.626528024673461914e-01,4.251847863197326660e-01,-3.970330208539962769e-02,5.002923682332038879e-02,-1.659027028851799557e+01,-6.030573644731086702e+00,7.205770014583154648e+01,0.000000000000000000e+00,0.000000000000000000e+00,0.000000000000000000e+00,4.626528024673461914e-01,4.251847863197326660e-01,0.000000000000000000e+00,5.002923682332038879e-02,4.705861328125000000e+04,3.456583593750000000e+04,7.563500976562500000e+03,4.237093750000000000e+04,-2.350759189790926874e+06
4.189999999999999836e-01,2.192747630397813552e+01,4.087783674959592162e+00,-7.293523771886060558e+01,-5.259204101562500000e+03,1.546245727539062500e+03,1.466544677734375000e+03,4.676636159420013428e-01,4.341326355934143066e-01,-3.664953634142875671e-02,4.898723214864730835e-02,-2.192747630397813552e+01,-4.087783674959592162e+00,7.293523771886060558e+01,0.000000000000000000e+00,0.000000000000000000e+00,0.000000000000000000e+00,4.676636159420013428e-01,4.341326355934143066e-01,0.000000000000000000e+00,4.898723214864730835e-02,4.717593750000000000e+04,3.467351171875000000e+04,7.399854980468750000e+03,4.215075000000000000e+04,-2.356576262884468306e+06
4.199999999999999845e-01,2.724759799123068404e+01,2.059641837019940525e+00,-7.365038243879446611e+01,-5.281149414062500000e+03,1.547621582031250000e+03,1.493788085937500000e+03,4.719328582286834717e-01,4.426888227462768555e-01,-3.244574368000030518e-02,4.912631958723068237e-02,-2.724759799123068404e+01,-2.059641837019940525e+00,7.365038243879446611e+01,0.000000000000000000e+00,0.000000000000000000e+00,0.000000000000000000e+00,4.719328582286834717e-01,4.426888227462768555e-01,0.000000000000000000e+00,4.912631958723068237e-02,4.729298046875000000e+04,3.478154687500000000e+04,7.240328125000000000e+03,4.193025390625000000e+04,-2.362747315438637510e+06
4.209999999999999853e-01,3.255905178310201364e+01,-4.030279583642749214e-02,-7.419992646158326011e+01,-5.301137207031250000e+03,1.546969116210937500e+03,1.523778564453125000e+03,4.756450951099395752e-01,4.505931437015533447e-01,-2.734228596091270447e-02,5.047849565744400024e-02,-3.255905178310201364e+01,4.030279583642749214e-02,7.419992646158326011e+01,0.000000000000000000e+00,0.000000000000000000e+00,0.000000000000000000e+00,4.756450951099395752e-01,4.505931437015533447e-01,0.000000000000000000e+00,5.047849565744400024e-02,4.741062890625000000e+04,3.488910937500000000e+04,7.084117187500000000e+03,4.171008984375000000e+04,-2.369303038002871908e+06
4.219999999999999862e-01,3.787197190299141880e+01,-2.195636291749154978e+00,-7.457775166995985217e+01,-5.319646484375000000e+03,1.543590087890625000e+03,1.552066894531250000e+03,4.781098663806915283e-01,4.576911926269531250e-01,-2.132747136056423187e-02,5.332889407873153687e-02,-3.787197190299141880e+01,2.195636291749154978e+00,7.457775166995985217e+01,0.000000000000000000e+00,0.000000000000000000e+00,0.000000000000000000e+00,4.781098663806915283e-01,4.576911926269531250e-01,0.000000000000000000e+00,5.332889407873153687e-02,4.752794140625000000e+04,3.499688281250000000e+04,6.931919433593750000e+03,4.148968750000000000e+04,-2.376313986121564638e+06
4.229999999999999871e-01,4.319768997100458563e+01,-4.386696301768408190e+00,-7.477538188240990280e+01,-5.336411621093750000e+03,1.537545288085937500e+03,1.574522827148437500e+03,4.792392849922180176e-01,4.638074040412902832e-01,-1.453435420989990234e-02,5.777044594287872314e-02,-4.319768997100458563e+01,4.386696301768408190e+00,7.477538188240990280e+01,0.000000000000000000e+00,0.000000000000000000e+00,0.000000000000000000e+00,4.792392849922180176e-01,4.638074040412902832e-01,0.000000000000000000e+00,5.777044594287872314e-02,4.764417968750000000e+04,3.510572265625000000e+04,6.784305175781250000e+03,4.126844531250000000e+04,-2.383790627380500082e+06
4.239999999999999880e-01,4.855003113973027240e+01,-6.594215933000268315e+00,-7.478635426654037133e+01,-5.352735351562500000e+03,1.529677001953125000e+03,1.592767944335937500e+03,4.790728688240051270e-01,4.688518941402435303e-01,-7.142290007323026657e-03,6.376446038484573364e-02,-4.855003113973027240e+01,6.594215933000268315e+00,7.478635426654037133e+01,0.000000000000000000e+00,0.000000000000000000e+00,0.000000000000000000e+00,4.790728688240051270e-01,4.688518941402435303e-01,0.000000000000000000e+00,6.376446038484573364e-02,4.775967968750000000e+04,3.521517187500000000e+04,6.640879882812500000e+03,4.104633984375000000e+04,-2.391784215372420382e+06
4.249999999999999889e-01,5.394336289816443042e+01,-8.803457597683795655e+00,-7.460910915401778709e+01,-5.368911621093750000e+03,1.520460449218750000e+03,1.613502563476562500e+03,4.774534404277801514e-01,4.728370904922485352e-01,7.634322391822934151e-04,7.124919444322586060e-02,-5.394336289816443042e+01,8.803457597683795655e+00,7.460910915401778709e+01,0.000000000000000000e+00,0.000000000000000000e+00,0.000000000000000000e+00,4.774534404277801514e-01,4.728370904922485352e-01,7.634322391822934151e-04,7.124919444322586060e-02,4.787566015625000000e+04,3.532432031250000000e+04,6.500440917968750000e+03,4.082463671875000000e+04,-2.400338121807613876e+06
4.259999999999999898e-01,5.939252617171375448e+01,-1.100543067698279565e+01,-7.424541358473868513e+01,-5.385916015625000000e+03,1.509870605468750000e+03,1.643469970703125000e+03,4.740885496139526367e-01,4.757870137691497803e-01,9.233481250703334808e-03,8.019879460334777832e-02,-5.939252617171375448e+01,1.100543067698279565e+01,7.424541358473868513e+01,0.000000000000000000e+00,0.000000000000000000e+00,0.000000000000000000e+00,4.740885496139526367e-01,4.757870137691497803e-01,9.233481250703334808e-03,8.019879460334777832e-02,4.799332031250000000e+04,3.543187500000000000e+04,6.368511230468750000e+03,4.060466015625000000e+04,-2.409499094915426336e+06
4.269999999999999907e-01,6.491691886153525104e+01,-1.316885296750279721e+01,-7.368126149349566845e+01,-5.405557128906250000e+03,1.498853637695312500e+03,1.655841552734375000e+03,4.687439799308776855e-01,4.777290821075439453e-01,1.839363947510719299e-02,9.057474881410598755e-02,-6.491691886153525104e+01,1.316885296750279721e+01,7.368126149349566845e+01,0.000000000000000000e+00,0.000000000000000000e+00,0.000000000000000000e+00,4.687439799308776855e-01,4.777290821075439453e-01,1.839363947510719299e-02,9.057474881410598755e-02,4.810797265625000000e+04,3.554233593750000000e+04,6.316920898437500000e+03,4.038158593750000000e+04,-2.419315648253654130e+06
4.279999999999999916e-01,7.053528533370273124e+01,-1.527321137379489713e+01,-7.291168552099246369e+01,-5.428586425781250000e+03,1.488532226562500000e+03,1.665157104492187500e+03,4.630056321620941162e-01,4.788312017917633057e-01,2.735667675733566284e-02,1.015873774886131287e-01,-7.053528533370273124e+01,1.527321137379489713e+01,7.291168552099246369e+01,0.000000000000000000e+00,0.000000000000000000e+00,0.000000000000000000e+00,4.630056321620941162e-01,4.788312017917633057e-01,2.735667675733566284e-02,1.015873774886131287e-01,4.822201562500000000e+04,3.565335546875000000e+04,6.346857421875000000e+03,4.022210937500000000e+04,-2.429840259601941798e+06
4.289999999999999925e-01,7.626418541952978103e+01,-1.730485585911928226e+01,-7.193605615557997623e+01,-5.454510742187500000e+03,1.478457153320312500e+03,1.679996948242187500e+03,4.562338292598724365e-01,4.792143404483795166e-01,3.624900057911872864e-02,1.131701022386550903e-01,-7.626418541952978103e+01,1.730485585911928226e+01,7.193605615557997623e+01,0.000000000000000000e+00,0.000000000000000000e+00,0.000000000000000000e+00,4.562338292598724365e-01,4.792143404483795166e-01,3.624900057911872864e-02,1.131701022386550903e-01,4.833694531250000000e+04,3.576335546875000000e+04,6.452744140625000000e+03,4.015773046875000000e+04,-2.441130739791169763e+06
4.299999999999999933e-01,8.211943808900110753e+01,-1.924103610979476287e+01,-7.075077976965187077e+01,-5.482855468750000000e+03,1.469212646484375000e+03,1.691344238281250000e+03,4.481380879878997803e-01,4.789280295372009277e-01,4.514843225479125977e-02,1.252441108226776123e-01,-8.211943808900110753e+01,1.924103610979476287e+01,7.075077976965187077e+01,0.000000000000000000e+00,0.000000000000000000e+00,0.000000000000000000e+00,4.481380879878997803e-01,4.789280295372009277e-01,4.514843225479125977e-02,1.252441108226776123e-01,4.845135156250000000e+04,3.587407421875000000e+04,6.563335449218750000e+03,4.018816015625000000e+04,-2.453250232211815193e+06
4.309999999999999942e-01,8.811433446609260045e+01,-2.107226503116297422e+01,-6.935624473112707733e+01,-5.513565917968750000e+03,1.460860961914062500e+03,1.713705810546875000e+03,4.393711686134338379e-01,4.781148731708526611e-01,5.354677140712738037e-02,1.373418718576431274e-01,-8.811433446609260045e+01,2.107226503116297422e+01,6.935624473112707733e+01,0.000000000000000000e+00,0.000000000000000000e+00,0.000000000000000000e+00,4.393711686134338379e-01,4.781148731708526611e-01,5.354677140712738037e-02,1.373418718576431274e-01,4.856773828125000000e+04,3.598289062500000000e+04,6.672134277343750000e+03,4.030435156250000000e+04,-2.466268697186965030e+06
4.319999999999999951e-01,9.425907687673699797e+01,-2.277314323591547307e+01,-6.775312863293551402e+01,-5.545391601562500000e+03,1.452270507812500000e+03,1.731870727539062500e+03,4.292703568935394287e-01,4.768345057964324951e-01,6.171667575836181641e-02,1.494631916284561157e-01,-9.425907687673699797e+01,2.277314323591547307e+01,6.775312863293551402e+01,0.000000000000000000e+00,0.000000000000000000e+00,0.000000000000000000e+00,4.292703568935394287e-01,4.768345057964324951e-01,6.171667575836181641e-02,1.494631916284561157e-01,4.868337890625000000e+04,3.609239453125000000e+04,6.781664550781250000e+03,4.042004687500000000e+04,-2.480262573253014125e+06
4.329999999999999960e-01,1.005594363503385154e+02,-2.431306001763221047e+01,-6.594714721459014584e+01,-5.578144531250000000e+03,1.443872314453125000e+03,1.741121704101562500e+03,4.188238680362701416e-01,4.751760661602020264e-01,6.897837668657302856e-02,1.611948460340499878e-01,-1.005594363503385154e+02,2.431306001763221047e+01,6.594714721459014584e+01,0.000000000000000000e+00,0.000000000000000000e+00,0.000000000000000000e+00,4.188238680362701416e-01,4.751760661602020264e-01,6.897837668657302856e-02,1.611948460340499878e-01,4.879742578125000000e+04,3.620342578125000000e+04,6.892689941406250000e+03,4.053410156250000000e+04,-2.495314924605275504e+06
4.339999999999999969e-01,1.070153204344047992e+02,-2.567222381179946566e+01,-6.394921842887641361e+01,-5.610897949218750000e+03,1.435388671875000000e+03,1.752126098632812500e+03,4.084247052669525146e-01,4.732969403266906738e-01,7.490240782499313354e-02,1.721926629543304443e-01,-1.070153204344047992e+02,2.567222381179946566e+01,6.394921842887641361e+01,0.000000000000000000e+00,0.000000000000000000e+00,0.000000000000000000e+00,4.084247052669525146e-01,4.732969403266906738e-01,7.490240782499313354e-02,1.721926629543304443e-01,4.891171484375000000e+04,3.631405859375000000e+04,7.003444335937500000e+03,4.064838671875000000e+04,-2.511515769026061054e+06
4.349999999999999978e-01,1.136199570441634989e+02,-2.683597235603522435e+01,-6.177436770460794691e+01,-5.641708984375000000e+03,1.425700561523437500e+03,1.769177368164062500e+03,3.976198434829711914e-01,4.712713956832885742e-01,7.965492457151412964e-02,1.824270635843276978e-01,-1.136199570441634989e+02,2.683597235603522435e+01,6.177436770460794691e+01,0.000000000000000000e+00,0.000000000000000000e+00,0.000000000000000000e+00,3.976198434829711914e-01,4.712713956832885742e-01,7.965492457151412964e-02,1.824270635843276978e-01,4.902703515625000000e+04,3.642383203125000000e+04,7.113214355468750000e+03,4.076389453125000000e+04,-2.528961505582376383e+06
4.359999999999999987e-01,1.203622058132505686e+02,-2.779008689003604005e+01,-5.944155022762205931e+01,-5.670925781250000000e+03,1.414579101562500000e+03,1.791501342773437500e+03,3.863123357295989990e-01,4.691413044929504395e-01,8.328868448734283447e-02,1.918653994798660278e-01,-1.203622058132505686e+02,2.779008689003604005e+01,5.944155022762205931e+01,0.000000000000000000e+00,0.000000000000000000e+00,0.000000000000000000e+00,3.863123357295989990e-01,4.691413044929504395e-01,8.328868448734283447e-02,1.918653994798660278e-01,4.914337890625000000e+04,3.653265625000000000e+04,7.222077148437500000e+03,4.088014062500000000e+04,-2.547754152993426193e+06
4.369999999999999996e-01,1.272230133087695236e+02,-2.851296763987149419e+01,-5.698041509043917330e+01,-5.698718750000000000e+03,1.401952880859375000e+03,1.808309936523437500e+03,3.746519088745117188e-01,4.670071899890899658e-01,8.572487533092498779e-02,2.003812044858932495e-01,-1.272230133087695236e+02,2.851296763987149419e+01,5.698041509043917330e+01,0.000000000000000000e+00,0.000000000000000000e+00,0.000000000000000000e+00,3.746519088745117188e-01,4.670071899890899658e-01,8.572487533092498779e-02,2.003812044858932495e-01,4.925884375000000000e+04,3.664237500000000000e+04,7.331781738281250000e+03,4.099539062500000000e+04,-2.567999605136300437e+06
4.380000000000000004e-01,1.341797716661943412e+02,-2.899350823703534630e+01,-5.442250297003610626e+01,-5.725373535156250000e+03,1.387337036132812500e+03,1.827364013671875000e+03,3.633385002613067627e-01,4.649987518787384033e-01,8.657731115818023682e-02,2.077410668134689331e-01,-1.341797716661943412e+02,2.899350823703534630e+01,5.442250297003610626e+01,0.000000000000000000e+00,0.000000000000000000e+00,0.000000000000000000e+00,3.633385002613067627e-01,4.649987518787384033e-01,8.657731115818023682e-02,2.077410668134689331e-01,4.937456640625000000e+04,3.675177734375000000e+04,7.441065429687500000e+03,4.111121093750000000e+04,-2.589806248610107228e+06
4.390000000000000013e-01,1.412040631946190388e+02,-2.921931424402259125e+01,-5.180822042259078586e+01,-5.751680175781250000e+03,1.371082763671875000e+03,1.841910156250000000e+03,3.520545363426208496e-01,4.631837308406829834e-01,8.611342310905456543e-02,2.139684259891510010e-01,-1.412040631946190388e+02,2.921931424402259125e+01,5.180822042259078586e+01,0.000000000000000000e+00,0.000000000000000000e+00,0.000000000000000000e+00,3.520545363426208496e-01,4.631837308406829834e-01,8.611342310905456543e-02,2.139684259891510010e-01,4.948946484375000000e+04,3.686182812500000000e+04,7.551133300781250000e+03,4.122619531250000000e+04,-2.613282696101023816e+06
4.400000000000000022e-01,1.482646574463419142e+02,-2.918274010778070249e+01,-4.918117972806476956e+01,-5.777984375000000000e+03,1.354409545898437500e+03,1.851978759765625000e+03,3.412542045116424561e-01,4.616716206073760986e-01,8.418589085340499878e-02,2.189242541790008545e-01,-1.482646574463419142e+02,2.918274010778070249e+01,4.918117972806476956e+01,0.000000000000000000e+00,0.000000000000000000e+00,0.000000000000000000e+00,3.412542045116424561e-01,4.616716206073760986e-01,8.418589085340499878e-02,2.189242541790008545e-01,4.960358593750000000e+04,3.697276171875000000e+04,7.662000976562500000e+03,4.134032421875000000e+04,-2.638535525508347433e+06
4.410000000000000031e-01,1.553410786093454306e+02,-2.889278934801071586e+01,-4.656459503940308764e+01,-5.805414550781250000e+03,1.336985961914062500e+03,1.879981445312500000e+03,3.310351371765136719e-01,4.605753719806671143e-01,8.086480200290679932e-02,2.224948704242706299e-01,-1.553410786093454306e+02,2.889278934801071586e+01,4.656459503940308764e+01,0.000000000000000000e+00,0.000000000000000000e+00,0.000000000000000000e+00,3.310351371765136719e-01,4.605753719806671143e-01,8.086480200290679932e-02,2.224948704242706299e-01,4.972077343750000000e+04,3.708065625000000000e+04,7.769904785156250000e+03,4.145758203125000000e+04,-2.665669430999354459e+06
4.420000000000000040e-01,1.624059126222244061e+02,-2.835008420586487432e+01,-4.399805923230711358e+01,-5.834443847656250000e+03,1.318707031250000000e+03,1.906712524414062500e+03,3.202889859676361084e-01,4.599194526672363281e-01,7.684461027383804321e-02,2.248315960168838501e-01,-1.624059126222244061e+02,2.835008420586487432e+01,4.399805923230711358e+01,0.000000000000000000e+00,0.000000000000000000e+00,0.000000000000000000e+00,3.202889859676361084e-01,4.599194526672363281e-01,7.684461027383804321e-02,2.248315960168838501e-01,4.983789453125000000e+04,3.718867187500000000e+04,7.878042968750000000e+03,4.157464453125000000e+04,-2.694784667944701388e+06
4.430000000000000049e-01,1.694317549823703075e+02,-2.755712115489229674e+01,-4.152620017557857324e+01,-5.866171875000000000e+03,1.300796630859375000e+03,1.925785644531250000e+03,3.100542128086090088e-01,4.597178697586059570e-01,7.176267355680465698e-02,2.258774191141128540e-01,-1.694317549823703075e+02,2.755712115489229674e+01,4.152620017557857324e+01,0.000000000000000000e+00,0.000000000000000000e+00,0.000000000000000000e+00,3.100542128086090088e-01,4.597178697586059570e-01,7.176267355680465698e-02,2.258774191141128540e-01,4.995371875000000000e+04,3.729810156250000000e+04,7.987483398437500000e+03,4.169028906250000000e+04,-2.725975607768475078e+06
4.440000000000000058e-01,1.764024807530313979e+02,-2.652479332648049848e+01,-3.917594118088241117e+01,-5.901257324218750000e+03,1.282976806640625000e+03,1.950948242187500000e+03,3.006973862648010254e-01,4.600248336791992188e-01,6.560035049915313721e-02,2.255745083093643188e-01,-1.764024807530313979e+02,2.652479332648049848e+01,3.917594118088241117e+01,0.000000000000000000e+00,0.000000000000000000e+00,0.000000000000000000e+00,3.006973862648010254e-01,4.600248336791992188e-01,6.560035049915313721e-02,2.255745083093643188e-01,5.007043359375000000e+04,3.740641796875000000e+04,8.095871582031250000e+03,4.180700000000000000e+04,-2.759331762012719177e+06
4.450000000000000067e-01,-1.767010578055225949e+02,-2.526527652615351727e+01,-3.698350808491108666e+01,-5.937997070312500000e+03,1.265049194335937500e+03,1.969914062500000000e+03,2.915567159652709961e-01,4.608347117900848389e-01,5.875069275498390198e-02,2.240220159292221069e-01,1.767010578055225949e+02,2.526527652615351727e+01,3.698350808491108666e+01,0.000000000000000000e+00,0.000000000000000000e+00,0.000000000000000000e+00,2.915567159652709961e-01,4.608347117900848389e-01,5.875069275498390198e-02,2.240220159292221069e-01,5.018606250000000000e+04,3.751582031250000000e+04,8.205196289062500000e+03,4.192283203125000000e+04,-2.792561139910519589e+06
4.460000000000000075e-01,-1.698888064538982974e+02,-2.379436328107029652e+01,-3.497235154638940458e+01,-5.976312500000000000e+03,1.247627563476562500e+03,1.989785888671875000e+03,3.089990913867950439e-01,3.481099382042884827e-02,3.311127126216888428e-01,3.064320087432861328e-01,1.698888064538982974e+02,2.379436328107029652e+01,3.497235154638940458e+01,0.000000000000000000e+00,0.000000000000000000e+00,0.000000000000000000e+00,3.089990913867950439e-01,3.481099382042884827e-02,3.311127126216888428e-01,3.064320087432861328e-01,5.030181640625000000e+04,3.762508593750000000e+04,8.314335937500000000e+03,4.203862500000000000e+04,-2.823212583565485664e+06
4.470000000000000084e-01,-1.631600120806484995e+02,-2.212725122243147524e+01,-3.314545737985064022e+01,-6.015137207031250000e+03,1.229627197265625000e+03,2.025270629882812500e+03,3.066067695617675781e-01,4.095345735549926758e-02,3.318821489810943604e-01,3.118154406547546387e-01,1.631600120806484995e+02,2.212725122243147524e+01,3.314545737985064022e+01,0.000000000000000000e+00,0.000000000000000000e+00,0.000000000000000000e+00,3.066067695617675781e-01,4.095345735549926758e-02,3.318821489810943604e-01,3.118154406547546387e-01,5.042025000000000000e+04,3.739398437500000000e+04,8.420932617187500000e+03,4.215700000000000000e+04,-2.851422009699223097e+06
4.480000000000000093e-01,-1.565188055090991668e+02,-2.028021444393947803e+01,-3.151680799298648594e+01,-6.051162597656250000e+03,1.210970581054687500e+03,2.062916259765625000e+03,3.040834069252014160e-01,4.767020046710968018e-02,3.315263390541076660e-01,3.165665268898010254e-01,1.565188055090991668e+02,2.028021444393947803e+01,3.151680799298648594e+01,0.000000000000000000e+00,0.000000000000000000e+00,0.000000000000000000e+00,3.040834069252014160e-01,4.767020046710968018e-02,3.315263390541076660e-01,3.165665268898010254e-01,5.053918750000000000e+04,3.716269921875000000e+04,8.527223632812500000e+03,4.227595312500000000e+04,-2.877324742461177055e+06
4.490000000000000102e-01,-1.499656944999705956e+02,-1.827257375744994405e+01,-3.010158857337904692e+01,-6.084920410156250000e+03,1.191655395507812500e+03,2.097701904296875000e+03,3.021897077560424805e-01,5.484684929251670837e-02,3.298175334930419922e-01,3.205198943614959717e-01,1.499656944999705956e+02,1.827257375744994405e+01,3.010158857337904692e+01,0.000000000000000000e+00,0.000000000000000000e+00,0.000000000000000000e+00,3.021897077560424805e-01,5.484684929251670837e-02,3.298175334930419922e-01,3.205198943614959717e-01,5.065764843750000000e+04,3.693182031250000000e+04,8.634016601562500000e+03,4.239428125000000000e+04,-2.901054444574397989e+06
4.500000000000000111e-01,-1.434987699040846678e+02,-1.613067807219918848e+01,-2.891836120690535950e+01,-6.116022460937500000e+03,1.171299072265625000e+03,2.121024414062500000e+03,3.011766374111175537e-01,6.246693804860115051e-02,3.265954852104187012e-01,3.235277533531188965e-01,1.434987699040846678e+02,1.613067807219918848e+01,2.891836120690535950e+01,0.000000000000000000e+00,0.000000000000000000e+00,0.000000000000000000e+00,3.011766374111175537e-01,6.246693804860115051e-02,3.265954852104187012e-01,3.235277533531188965e-01,5.077408203125000000e+04,3.670277734375000000e+04,8.742755859375000000e+03,4.251060937500000000e+04,-2.922742811928345356e+06
4.510000000000000120e-01,-1.371088254585004620e+02,-1.387755081298307758e+01,-2.797072266510667049e+01,-6.143637207031250000e+03,1.149485961914062500e+03,2.144443603515625000e+03,3.014574944972991943e-01,7.039971649646759033e-02,3.216138482093811035e-01,3.253751099109649658e-01,1.371088254585004620e+02,1.387755081298307758e+01,2.797072266510667049e+01,0.000000000000000000e+00,0.000000000000000000e+00,0.000000000000000000e+00,3.014574944972991943e-01,7.039971649646759033e-02,3.216138482093811035e-01,3.253751099109649658e-01,5.089046093750000000e+04,3.647384375000000000e+04,8.851453125000000000e+03,4.262710937500000000e+04,-2.942516589689929970e+06
4.520000000000000129e-01,-1.307832657654198272e+02,-1.153591470798052576e+01,-2.725989973262477051e+01,-6.168239257812500000e+03,1.126284912109375000e+03,2.168237792968750000e+03,3.024026751518249512e-01,7.884424179792404175e-02,3.149342238903045654e-01,3.260592222213745117e-01,1.307832657654198272e+02,1.153591470798052576e+01,2.725989973262477051e+01,0.000000000000000000e+00,0.000000000000000000e+00,0.000000000000000000e+00,3.024026751518249512e-01,7.884424179792404175e-02,3.149342238903045654e-01,3.260592222213745117e-01,5.100687109375000000e+04,3.624471484375000000e+04,8.959972656250000000e+03,4.274370703125000000e+04,-2.960497031755780801e+06
4.530000000000000138e-01,-1.245080408753867687e+02,-9.135850934622233410e+00,-2.679273476325229453e+01,-6.190451171875000000e+03,1.102504028320312500e+03,2.182153564453125000e+03,3.039124906063079834e-01,8.787783235311508179e-02,3.064974844455718994e-01,3.254801928997039795e-01,1.245080408753867687e+02,9.135850934622233410e+00,2.679273476325229453e+01,0.000000000000000000e+00,0.000000000000000000e+00,0.000000000000000000e+00,3.039124906063079834e-01,8.787783235311508179e-02,3.064974844455718994e-01,3.254801928997039795e-01,5.112164843750000000e+04,3.608208984375000000e+04,9.070095703125000000e+03,4.285849218750000000e+04,-2.976800598406801466e+06
4.540000000000000147e-01,-1.182635236712868050e+02,-6.692331448029221974e+00,-2.656246490697957441e+01,-6.211857421875000000e+03,1.078386840820312500e+03,2.205853759765625000e+03,3.063862621784210205e-01,9.743846207857131958e-02,2.960518300533294678e-01,3.233545720577239990e-01,1.182635236712868050e+02,6.692331448029221974e+00,2.656246490697957441e+01,0.000000000000000000e+00,0.000000000000000000e+00,0.000000000000000000e+00,3.063862621784210205e-01,9.743846207857131958e-02,2.960518300533294678e-01,3.233545720577239990e-01,5.123818359375000000e+04,3.599634765625000000e+04,9.178659179687500000e+03,4.297491015625000000e+04,-2.991537211280095391e+06
4.550000000000000155e-01,-1.120301447759511007e+02,-4.229878795340436426e+00,-2.656958253599431430e+01,-6.233099121093750000e+03,1.053326904296875000e+03,2.227153320312500000e+03,3.087238371372222900e-01,1.079883873462677002e-01,2.839452624320983887e-01,3.198800086975097656e-01,1.120301447759511007e+02,4.229878795340436426e+00,2.656958253599431430e+01,0.000000000000000000e+00,0.000000000000000000e+00,0.000000000000000000e+00,3.087238371372222900e-01,1.079883873462677002e-01,2.839452624320983887e-01,3.198800086975097656e-01,5.135442968750000000e+04,3.599144921875000000e+04,9.287679687500000000e+03,4.309115625000000000e+04,-3.004811799209376331e+06
4.560000000000000164e-01,-1.057863905259132196e+02,-1.783860803724374389e+00,-2.681879324325335645e+01,-6.255869628906250000e+03,1.028609008789062500e+03,2.234480712890625000e+03,3.114148378372192383e-01,1.193001717329025269e-01,2.699463963508605957e-01,3.148733675479888916e-01,1.057863905259132196e+02,1.783860803724374389e+00,2.681879324325335645e+01,0.000000000000000000e+00,0.000000000000000000e+00,0.000000000000000000e+00,3.114148378372192383e-01,1.193001717329025269e-01,2.699463963508605957e-01,3.148733675479888916e-01,5.146829296875000000e+04,3.607511328125000000e+04,9.399060546875000000e+03,4.320490234375000000e+04,-3.016724989460268989e+06
4.570000000000000173e-01,-9.950895141154734347e+01,6.186504873204530242e-01,-2.730887739184842999e+01,-6.281469238281250000e+03,1.004744567871093750e+03,2.238013183593750000e+03,3.149018883705139160e-01,1.313005685806274414e-01,2.538408041000366211e-01,3.080752789974212646e-01,9.950895141154734347e+01,-6.186504873204530242e-01,2.730887739184842999e+01,0.000000000000000000e+00,0.000000000000000000e+00,0.000000000000000000e+00,3.149018883705139160e-01,1.313005685806274414e-01,2.538408041000366211e-01,3.080752789974212646e-01,5.158141015625000000e+04,3.618699609375000000e+04,9.511108398437500000e+03,4.331792968750000000e+04,-3.027373178384123370e+06
4.580000000000000182e-01,-9.317661569699086499e+01,2.951153881949110325e+00,-2.803701584317123618e+01,-6.308699707031250000e+03,9.815598144531250000e+02,2.238917968750000000e+03,3.185612559318542480e-01,1.442565470933914185e-01,2.359657138586044312e-01,2.996890246868133545e-01,9.317661569699086499e+01,-2.951153881949110325e+00,2.803701584317123618e+01,0.000000000000000000e+00,0.000000000000000000e+00,0.000000000000000000e+00,3.185612559318542480e-01,1.442565470933914185e-01,2.359657138586044312e-01,2.996890246868133545e-01,5.169402734375000000e+04,3.629946484375000000e+04,9.623512695312500000e+03,4.343065234375000000e+04,-3.036849843663493171e+06
4.590000000000000191e-01,-8.677028569832717153e+01,5.194583123111070400e+00,-2.899924024476699103e+01,-6.337011230468750000e+03,9.593052978515625000e+02,2.244966796875000000e+03,3.222686350345611572e-01,1.581635177135467529e-01,2.165190726518630981e-01,2.898554503917694092e-01,8.677028569832717153e+01,-5.194583123111070400e+00,2.899924024476699103e+01,0.000000000000000000e+00,0.000000000000000000e+00,0.000000000000000000e+00,3.222686350345611572e-01,1.581635177135467529e-01,2.165190726518630981e-01,2.898554503917694092e-01,5.180747656250000000e+04,3.641102343750000000e+04,9.734943359375000000e+03,4.354432421875000000e+04,-3.045246865772258956e+06
4.600000000000000200e-01,-8.027365598234037236e+01,7.321616717446244316e+00,-3.019085527476629949e+01,-6.365750000000000000e+03,9.375340576171875000e+02,2.248180908203125000e+03,3.255493342876434326e-01,1.731376945972442627e-01,1.959261447191238403e-01,2.788603007793426514e-01,8.027365598234037236e+01,-7.321616717446244316e+00,3.019085527476629949e+01,0.000000000000000000e+00,0.000000000000000000e+00,0.000000000000000000e+00,3.255493342876434326e-01,1.731376945972442627e-01,1.959261447191238403e-01,2.788603007793426514e-01,5.192046093750000000e+04,3.652294140625000000e+04,9.846883789062500000e+03,4.365733593750000000e+04,-3.052655819430609234e+06
4.610000000000000209e-01,-7.367455649958384356e+01,9.313765165815212299e+00,-3.160616849090359537e+01,-6.393360839843750000e+03,9.159444580078125000e+02,2.257618652343750000e+03,3.287839591503143311e-01,1.888883709907531738e-01,1.743395030498504639e-01,2.668222188949584961e-01,7.367455649958384356e+01,-9.313765165815212299e+00,3.160616849090359537e+01,0.000000000000000000e+00,0.000000000000000000e+00,0.000000000000000000e+00,3.287839591503143311e-01,1.888883709907531738e-01,1.743395030498504639e-01,2.668222188949584961e-01,5.203459765625000000e+04,3.663398828125000000e+04,9.957869140625000000e+03,4.377134765625000000e+04,-3.059169455814259127e+06
4.620000000000000218e-01,-6.696428088117276900e+01,1.115769143464843971e+01,-3.323924726378290018e+01,-6.419052246093750000e+03,8.927929687500000000e+02,2.278535888671875000e+03,3.314730823040008545e-01,2.053681612014770508e-01,1.523801386356353760e-01,2.541826367378234863e-01,6.696428088117276900e+01,-1.115769143464843971e+01,3.323924726378290018e+01,0.000000000000000000e+00,0.000000000000000000e+00,0.000000000000000000e+00,3.314730823040008545e-01,2.053681612014770508e-01,1.523801386356353760e-01,2.541826367378234863e-01,5.215076953125000000e+04,3.674298828125000000e+04,1.006698242187500000e+04,4.388750000000000000e+04,-3.064883012365005445e+06
4.630000000000000226e-01,-6.013963570953195870e+01,1.281824238575699226e+01,-3.507412565236694491e+01,-6.442479492187500000e+03,8.679973754882812500e+02,2.287264404296875000e+03,3.333284556865692139e-01,2.222691178321838379e-01,1.306154429912567139e-01,2.414026260375976562e-01,6.013963570953195870e+01,-1.281824238575699226e+01,3.507412565236694491e+01,0.000000000000000000e+00,0.000000000000000000e+00,0.000000000000000000e+00,3.333284556865692139e-01,2.222691178321838379e-01,1.306154429912567139e-01,2.414026260375976562e-01,5.226490234375000000e+04,3.685412890625000000e+04,1.017817089843750000e+04,4.400154687500000000e+04,-3.069894289776418824e+06
4.640000000000000235e-01,-5.320109984925872482e+01,1.426939420858639274e+01,-3.709175758557012159e+01,-6.464969238281250000e+03,8.421276245117187500e+02,2.291356201171875000e+03,3.357072174549102783e-01,2.389561235904693604e-01,1.089572533965110779e-01,2.284384965896606445e-01,5.320109984925872482e+01,-1.426939420858639274e+01,3.709175758557012159e+01,0.000000000000000000e+00,0.000000000000000000e+00,0.000000000000000000e+00,3.357072174549102783e-01,2.389561235904693604e-01,1.089572533965110779e-01,2.284384965896606445e-01,5.237816015625000000e+04,3.696602343750000000e+04,1.029005664062500000e+04,4.411468359375000000e+04,-3.074304060893456452e+06
4.650000000000000244e-01,-4.615293515080826836e+01,1.549271641465619886e+01,-3.927109484131590733e+01,-6.487414062500000000e+03,8.147700805664062500e+02,2.296742187500000000e+03,3.381981253623962402e-01,2.552904188632965088e-01,8.809476345777511597e-02,2.157755345106124878e-01,4.615293515080826836e+01,-1.549271641465619886e+01,3.927109484131590733e+01,0.000000000000000000e+00,0.000000000000000000e+00,0.000000000000000000e+00,3.381981253623962402e-01,2.552904188632965088e-01,8.809476345777511597e-02,2.157755345106124878e-01,5.249154687500000000e+04,3.707755078125000000e+04,1.040159082031250000e+04,4.422805078125000000e+04,-3.078216397468431853e+06
4.660000000000000253e-01,-3.900501882708658030e+01,1.646969952829770278e+01,-4.158520646470956450e+01,-6.509709472656250000e+03,7.863676757812500000e+02,2.300321289062500000e+03,3.404862880706787109e-01,2.710232734680175781e-01,6.856526434421539307e-02,2.038432508707046509e-01,3.900501882708658030e+01,-1.646969952829770278e+01,4.158520646470956450e+01,0.000000000000000000e+00,0.000000000000000000e+00,0.000000000000000000e+00,3.404862880706787109e-01,2.710232734680175781e-01,6.856526434421539307e-02,2.038432508707046509e-01,5.260459765625000000e+04,3.718960156250000000e+04,1.051346875000000000e+04,4.434134765625000000e+04,-3.081738369361398276e+06
4.670000000000000262e-01,-3.176824728419066801e+01,1.718677585471422731e+01,-4.400681591681401983e+01,-6.534624023437500000e+03,7.581768798828125000e+02,2.306144042968750000e+03,3.427912890911102295e-01,2.859184741973876953e-01,5.056955292820930481e-02,1.928077787160873413e-01,3.176824728419066801e+01,-1.718677585471422731e+01,4.400681591681401983e+01,0.000000000000000000e+00,0.000000000000000000e+00,0.000000000000000000e+00,3.427912890911102295e-01,2.859184741973876953e-01,5.056955292820930481e-02,1.928077787160873413e-01,5.271800000000000000e+04,3.730116015625000000e+04,1.062506347656250000e+04,4.445486718750000000e+04,-3.084979576008324511e+06
4.680000000000000271e-01,-2.445757523792978816e+01,1.762996375268328109e+01,-4.650092702908521858e+01,-6.563395996093750000e+03,7.309787597656250000e+02,2.309149414062500000e+03,3.448437452316284180e-01,2.999450862407684326e-01,3.437050059437751770e-02,1.828422844409942627e-01,2.445757523792978816e+01,-1.762996375268328109e+01,4.650092702908521858e+01,0.000000000000000000e+00,0.000000000000000000e+00,0.000000000000000000e+00,3.448437452316284180e-01,2.999450862407684326e-01,3.437050059437751770e-02,1.828422844409942627e-01,5.283095703125000000e+04,3.741317578125000000e+04,1.073717382812500000e+04,4.456781250000000000e+04,-3.088050900831328705e+06
4.689999999999999725e-01,-1.708636666055585351e+01,1.779476417497567198e+01,-4.904261602917393503e+01,-6.596829589843750000e+03,7.050006103515625000e+02,2.323526367187500000e+03,3.469503521919250488e-01,3.130599856376647949e-01,1.996663026511669159e-02,1.739495545625686646e-01,1.708636666055585351e+01,-1.779476417497567198e+01,4.904261602917393503e+01,0.000000000000000000e+00,0.000000000000000000e+00,0.000000000000000000e+00,3.469503521919250488e-01,3.130599856376647949e-01,1.996663026511669159e-02,1.739495545625686646e-01,5.294592187500000000e+04,3.752338671875000000e+04,1.080020800781250000e+04,4.468270703125000000e+04,-3.091064676576015539e+06
4.699999999999999734e-01,-9.670030241870591681e+00,1.767652161248355824e+01,-5.160389031417174976e+01,-6.634984375000000000e+03,6.798446655273437500e+02,2.347284423828125000e+03,3.482451140880584717e-01,3.253219127655029297e-01,7.642418611794710159e-03,1.663613915443420410e-01,9.670030241870591681e+00,-1.767652161248355824e+01,5.160389031417174976e+01,0.000000000000000000e+00,0.000000000000000000e+00,0.000000000000000000e+00,3.482451140880584717e-01,3.253219127655029297e-01,7.642418611794710159e-03,1.663613915443420410e-01,5.306256640625000000e+04,3.763186718750000000e+04,1.073571191406250000e+04,4.479937109375000000e+04,-3.094133606972767971e+06
4.709999999999999742e-01,-2.231554839075006846e+00,1.726852785239207932e+01,-5.413509574024629245e+01,-6.677353027343750000e+03,6.564106445312500000e+02,2.360442626953125000e+03,3.488917946815490723e-01,3.367409408092498779e-01,-2.676548436284065247e-03,1.600589156150817871e-01,2.231554839075006846e+00,-1.726852785239207932e+01,5.413509574024629245e+01,0.000000000000000000e+00,0.000000000000000000e+00,0.000000000000000000e+00,3.488917946815490723e-01,3.367409408092498779e-01,0.000000000000000000e+00,1.600589156150817871e-01,5.317745703125000000e+04,3.774230468750000000e+04,1.056695703125000000e+04,4.491409375000000000e+04,-3.097367397454762366e+06
4.719999999999999751e-01,5.209696774452365453e+00,1.657203736215215883e+01,-5.659816907213055259e+01,-6.723254394531250000e+03,6.352722778320312500e+02,2.375109863281250000e+03,3.502206206321716309e-01,3.474977314472198486e-01,-1.133596524596214294e-02,1.546837240457534790e-01,-5.209696774452365453e+00,-1.657203736215215883e+01,5.659816907213055259e+01,0.000000000000000000e+00,0.000000000000000000e+00,0.000000000000000000e+00,3.502206206321716309e-01,3.474977314472198486e-01,0.000000000000000000e+00,1.546837240457534790e-01,5.329251171875000000e+04,3.785243750000000000e+04,1.033938769531250000e+04,4.502898046875000000e+04,-3.100872523559893947e+06
4.729999999999999760e-01,1.263483888999097537e+01,1.559402192387919683e+01,-5.895712018664880105e+01,-6.770486816406250000e+03,6.148558959960937500e+02,2.392267822265625000e+03,3.515754938125610352e-01,3.577680587768554688e-01,-1.811169646680355072e-02,1.503375470638275146e-01,-1.263483888999097537e+01,-1.559402192387919683e+01,5.895712018664880105e+01,0.000000000000000000e+00,0.000000000000000000e+00,0.000000000000000000e+00,3.515754938125610352e-01,3.577680587768554688e-01,0.000000000000000000e+00,1.503375470638275146e-01,5.340788671875000000e+04,3.796198828125000000e+04,1.011236230468750000e+04,4.514434375000000000e+04,-3.104751278254135512e+06
4.739999999999999769e-01,2.002363489656927698e+01,1.434810957141620413e+01,-6.117200705169256025e+01,-6.815462890625000000e+03,5.942477416992187500e+02,2.405098144531250000e+03,3.530992865562438965e-01,3.675971627235412598e-01,-2.295290119946002960e-02,1.470391303300857544e-01,-2.002363489656927698e+01,-1.434810957141620413e+01,6.117200705169256025e+01,0.000000000000000000e+00,0.000000000000000000e+00,0.000000000000000000e+00,3.530992865562438965e-01,3.675971627235412598e-01,0.000000000000000000e+00,1.470391303300857544e-01,5.352249609375000000e+04,3.807251171875000000e+04,9.891462890625000000e+03,4.525919531250000000e+04,-3.109100106903612148e+06
4.749999999999999778e-01,2.736204685872336029e+01,1.285242403010882128e+01,-6.321216537574007788e+01,-6.857514648437500000e+03,5.729780273437500000e+02,2.418253173828125000e+03,3.555047512054443359e-01,3.771129846572875977e-01,-2.592498995363712311e-02,1.446086317300796509e-01,-2.736204685872336029e+01,-1.285242403010882128e+01,6.321216537574007788e+01,0.000000000000000000e+00,0.000000000000000000e+00,0.000000000000000000e+00,3.555047512054443359e-01,3.771129846572875977e-01,0.000000000000000000e+00,1.446086317300796509e-01,5.363712890625000000e+04,3.818285546875000000e+04,9.675718750000000000e+03,4.537391796875000000e+04,-3.114009751166850794e+06
4.759999999999999787e-01,3.464011782436766396e+01,1.113123224005212641e+01,-6.504861041753582640e+01,-6.895352539062500000e+03,5.502727050781250000e+02,2.427723632812500000e+03,3.586830794811248779e-01,3.864045739173889160e-01,-2.689789049327373505e-02,1.430498510599136353e-01,-3.464011782436766396e+01,-1.113123224005212641e+01,6.504861041753582640e+01,0.000000000000000000e+00,0.000000000000000000e+00,0.000000000000000000e+00,3.586830794811248779e-01,3.864045739173889160e-01,0.000000000000000000e+00,1.430498510599136353e-01,5.375113281250000000e+04,3.829375000000000000e+04,9.465522460937500000e+03,4.548793750000000000e+04,-3.119564914978171233e+06
4.769999999999999796e-01,4.185562586972822885e+01,9.206705216294276184e+00,-6.666736159763243563e+01,-6.928559570312500000e+03,5.252108764648437500e+02,2.444172363281250000e+03,3.630120754241943359e-01,3.955469727516174316e-01,-2.589412778615951538e-02,1.422725915908813477e-01,-4.185562586972822885e+01,-9.206705216294276184e+00,6.666736159763243563e+01,0.000000000000000000e+00,0.000000000000000000e+00,0.000000000000000000e+00,3.630120754241943359e-01,3.955469727516174316e-01,0.000000000000000000e+00,1.422725915908813477e-01,5.386632812500000000e+04,3.840364453125000000e+04,9.259027343750000000e+03,4.560316015625000000e+04,-3.125846108918447047e+06
4.779999999999999805e-01,4.901195350958312247e+01,7.100413876764738674e+00,-6.805886976061708538e+01,-6.957814941406250000e+03,4.968874206542968750e+02,2.468699707031250000e+03,3.675976693630218506e-01,4.043664634227752686e-01,-2.276052907109260559e-02,1.426043808460235596e-01,-4.901195350958312247e+01,-7.100413876764738674e+00,6.805886976061708538e+01,0.000000000000000000e+00,0.000000000000000000e+00,0.000000000000000000e+00,3.675976693630218506e-01,4.043664634227752686e-01,0.000000000000000000e+00,1.426043808460235596e-01,5.398296875000000000e+04,3.851203515625000000e+04,9.056142578125000000e+03,4.571996093750000000e+04,-3.132930706135586370e+06
4.789999999999999813e-01,5.611694309947251469e+01,4.849091511341898197e+00,-6.920149813427339325e+01,-6.984901855468750000e+03,4.663326721191406250e+02,2.479952880859375000e+03,3.718565106391906738e-01,4.126474559307098389e-01,-1.752142235636711121e-02,1.443562954664230347e-01,-5.611694309947251469e+01,-4.849091511341898197e+00,6.920149813427339325e+01,0.000000000000000000e+00,0.000000000000000000e+00,0.000000000000000000e+00,3.718565106391906738e-01,4.126474559307098389e-01,0.000000000000000000e+00,1.443562954664230347e-01,5.409750781250000000e+04,3.862271875000000000e+04,8.860337890625000000e+03,4.583440234375000000e+04,-3.140892178470929153e+06
4.799999999999999822e-01,6.318710743343301317e+01,2.485968946922315848e+00,-7.008259946931647733e+01,-7.012658691406250000e+03,4.353530273437500000e+02,2.485117187500000000e+03,3.765156567096710205e-01,4.205181300640106201e-01,-1.067499816417694092e-02,1.473140865564346313e-01,-6.318710743343301317e+01,-2.485968946922315848e+00,7.008259946931647733e+01,0.000000000000000000e+00,0.000000000000000000e+00,0.000000000000000000e+00,3.765156567096710205e-01,4.205181300640106201e-01,0.000000000000000000e+00,1.473140865564346313e-01,5.421108984375000000e+04,3.873447265625000000e+04,8.670211914062500000e+03,4.594771093750000000e+04,-3.149802539806715213e+06
4.809999999999999831e-01,7.024532102256607402e+01,3.845102152914527810e-02,-7.069575522992552408e+01,-7.043568359375000000e+03,4.045915527343750000e+02,2.492069091796875000e+03,3.801197111606597900e-01,4.277344346046447754e-01,-2.406826242804527283e-03,1.518504619598388672e-01,-7.024532102256607402e+01,-3.845102152914527810e-02,7.069575522992552408e+01,0.000000000000000000e+00,0.000000000000000000e+00,0.000000000000000000e+00,3.801197111606597900e-01,4.277344346046447754e-01,0.000000000000000000e+00,1.518504619598388672e-01,5.432492968750000000e+04,3.884573437500000000e+04,8.484315429687500000e+03,4.606131250000000000e+04,-3.159724836218289100e+06
4.819999999999999840e-01,7.731703047445041932e+01,-2.456132991706883928e+00,-7.103138308634483167e+01,-7.077657226562500000e+03,3.747660217285156250e+02,2.490612792968750000e+03,3.813562691211700439e-01,4.339599609375000000e-01,7.126078475266695023e-03,1.583499163389205933e-01,-7.731703047445041932e+01,2.456132991706883928e+00,7.103138308634483167e+01,0.000000000000000000e+00,0.000000000000000000e+00,0.000000000000000000e+00,3.813562691211700439e-01,4.339599609375000000e-01,7.126078475266695023e-03,1.583499163389205933e-01,5.443727734375000000e+04,3.895860546875000000e+04,8.304142578125000000e+03,4.617374609375000000e+04,-3.170764249392108060e+06
4.829999999999999849e-01,8.443094648661924850e+01,-4.961176661033129598e+00,-7.108227270552978894e+01,-7.116074218750000000e+03,3.473926391601562500e+02,2.482985351562500000e+03,3.806069493293762207e-01,4.392077326774597168e-01,1.740419305860996246e-02,1.665788143873214722e-01,-8.443094648661924850e+01,4.961176661033129598e+00,7.108227270552978894e+01,0.000000000000000000e+00,0.000000000000000000e+00,0.000000000000000000e+00,3.806069493293762207e-01,4.392077326774597168e-01,1.740419305860996246e-02,1.665788143873214722e-01,5.454851953125000000e+04,3.907246875000000000e+04,8.191685546875000000e+03,4.628511718750000000e+04,-3.182970136883579660e+06
4.839999999999999858e-01,9.161621184814444518e+01,-7.436735046663741855e+00,-7.084351971238770318e+01,-7.158351074218750000e+03,3.228239135742187500e+02,2.467500000000000000e+03,3.776658475399017334e-01,4.434563517570495605e-01,2.809239365160465240e-02,1.763049960136413574e-01,-9.161621184814444518e+01,7.436735046663741855e+00,7.084351971238770318e+01,0.000000000000000000e+00,0.000000000000000000e+00,0.000000000000000000e+00,3.776658475399017334e-01,4.434563517570495605e-01,2.809239365160465240e-02,1.763049960136413574e-01,5.465840625000000000e+04,3.918744531250000000e+04,8.172837890625000000e+03,4.639500390625000000e+04,-3.196437776470377576e+06
4.849999999999999867e-01,9.889901767380690956e+01,-9.844701404058248784e+00,-7.031341609276576321e+01,-7.202040039062500000e+03,3.014657287597656250e+02,2.447455810546875000e+03,3.728850185871124268e-01,4.467541873455047607e-01,3.878003731369972229e-02,1.871282309293746948e-01,-9.889901767380690956e+01,9.844701404058248784e+00,7.031341609276576321e+01,0.000000000000000000e+00,0.000000000000000000e+00,0.000000000000000000e+00,3.728850185871124268e-01,4.467541873455047607e-01,3.878003731369972229e-02,1.871282309293746948e-01,5.476751171875000000e+04,3.930344921875000000e+04,8.247848632812500000e+03,4.650407812500000000e+04,-3.211259686795590911e+06
4.859999999999999876e-01,1.063025377936229603e+02,-1.216309269199363641e+01,-6.949153091730723020e+01,-7.245501953125000000e+03,2.818202209472656250e+02,2.440155517578125000e+03,3.664357662200927734e-01,4.491362869739532471e-01,4.913573339581489563e-02,1.986133307218551636e-01,-1.063025377936229603e+02,1.216309269199363641e+01,6.949153091730723020e+01,0.000000000000000000e+00,0.000000000000000000e+00,0.000000000000000000e+00,3.664357662200927734e-01,4.491362869739532471e-01,4.913573339581489563e-02,1.986133307218551636e-01,5.487871875000000000e+04,3.941724609375000000e+04,8.361632812500000000e+03,4.661543359375000000e+04,-3.227536930030020420e+06
4.869999999999999885e-01,1.138451954659222878e+02,-1.435979929492630980e+01,-6.838036026909722409e+01,-7.286597167968750000e+03,2.621240234375000000e+02,2.436074707031250000e+03,3.576406240463256836e-01,4.504234790802001953e-01,5.925900489091873169e-02,2.106506824493408203e-01,-1.138451954659222878e+02,1.435979929492630980e+01,6.838036026909722409e+01,0.000000000000000000e+00,0.000000000000000000e+00,0.000000000000000000e+00,3.576406240463256836e-01,4.504234790802001953e-01,5.925900489091873169e-02,2.106506824493408203e-01,5.499045312500000000e+04,3.953031250000000000e+04,8.474931640625000000e+03,4.672747265625000000e+04,-3.245379736067016609e+06
4.879999999999999893e-01,1.215390706410431960e+02,-1.639333140928675192e+01,-6.699024545506114237e+01,-7.324095214843750000e+03,2.420746459960937500e+02,2.425088134765625000e+03,3.475635945796966553e-01,4.507873654365539551e-01,6.869705021381378174e-02,2.227667719125747681e-01,-1.215390706410431960e+02,1.639333140928675192e+01,6.699024545506114237e+01,0.000000000000000000e+00,0.000000000000000000e+00,0.000000000000000000e+00,3.475635945796966553e-01,4.507873654365539551e-01,6.869705021381378174e-02,2.227667719125747681e-01,5.510107421875000000e+04,3.964482031250000000e+04,8.589435546875000000e+03,4.683816406250000000e+04,-3.264907916060129181e+06
4.889999999999999902e-01,1.293930899837999391e+02,-1.823625193815993129e+01,-6.533045084714642314e+01,-7.358831542968750000e+03,2.215579986572265625e+02,2.421983154296875000e+03,3.371771275997161865e-01,4.504694640636444092e-01,7.691108435392379761e-02,2.344363480806350708e-01,-1.293930899837999391e+02,1.823625193815993129e+01,6.533045084714642314e+01,0.000000000000000000e+00,0.000000000000000000e+00,0.000000000000000000e+00,3.371771275997161865e-01,4.504694640636444092e-01,7.691108435392379761e-02,2.344363480806350708e-01,5.521309375000000000e+04,3.975791015625000000e+04,8.702595703125000000e+03,4.695008593750000000e+04,-3.286251116488328204e+06
4.899999999999999911e-01,1.374112860482370309e+02,-1.986084239885003910e+01,-6.341501898569404005e+01,-7.391835937500000000e+03,1.994539947509765625e+02,2.425999023437500000e+03,3.258470594882965088e-01,4.495058953762054443e-01,8.396661281585693359e-02,2.454463243484497070e-01,-1.374112860482370309e+02,1.986084239885003910e+01,6.341501898569404005e+01,0.000000000000000000e+00,0.000000000000000000e+00,0.000000000000000000e+00,3.258470594882965088e-01,4.495058953762054443e-01,8.396661281585693359e-02,2.454463243484497070e-01,5.532640625000000000e+04,3.986962109375000000e+04,8.814395507812500000e+03,4.706319921875000000e+04,-3.309548895715506747e+06
4.909999999999999920e-01,1.455894617772248978e+02,-2.123497666798407124e+01,-6.126889466110637983e+01,-7.423665039062500000e+03,1.758471374511718750e+02,2.429759277343750000e+03,3.138579130172729492e-01,4.480314254760742188e-01,8.969836682081222534e-02,2.555823624134063721e-01,-1.455894617772248978e+02,2.123497666798407124e+01,6.126889466110637983e+01,0.000000000000000000e+00,0.000000000000000000e+00,0.000000000000000000e+00,3.138579130172729492e-01,4.480314254760742188e-01,8.969836682081222534e-02,2.555823624134063721e-01,5.543975000000000000e+04,3.998167968750000000e+04,8.926142578125000000e+03,4.717651171875000000e+04,-3.334949988783172332e+06
4.919999999999999929e-01,1.539189118743452127e+02,-2.232958885931046922e+01,-5.892280992412041485e+01,-7.457591796875000000e+03,1.520222167968750000e+02,2.435026123046875000e+03,3.018281161785125732e-01,4.462684392929077148e-01,9.381342679262161255e-02,2.645541727542877197e-01,-1.539189118743452127e+02,2.232958885931046922e+01,5.892280992412041485e+01,0.000000000000000000e+00,0.000000000000000000e+00,0.000000000000000000e+00,3.018281161785125732e-01,4.462684392929077148e-01,9.381342679262161255e-02,2.645541727542877197e-01,5.555335546875000000e+04,4.009337500000000000e+04,9.037734375000000000e+03,4.729004687500000000e+04,-3.362611528283734806e+06
4.929999999999999938e-01,1.623807898765227549e+02,-2.311495048404561103e+01,-5.642478214855167806e+01,-7.495700683593750000e+03,1.288293762207031250e+02,2.432594970703125000e+03,2.897738814353942871e-01,4.444424510002136230e-01,9.624052047729492188e-02,2.720988392829895020e-01,-1.623807898765227549e+02,2.311495048404561103e+01,5.642478214855167806e+01,0.000000000000000000e+00,0.000000000000000000e+00,0.000000000000000000e+00,2.897738814353942871e-01,4.444424510002136230e-01,9.624052047729492188e-02,2.720988392829895020e-01,5.566563671875000000e+04,4.020615625000000000e+04,9.150716796875000000e+03,4.740211718750000000e+04,-3.392697106181049719e+06
4.939999999999999947e-01,1.709483012375441149e+02,-2.356917918159444270e+01,-5.382981929896018158e+01,-7.538056152343750000e+03,1.077189025878906250e+02,2.424810546875000000e+03,2.783031165599822998e-01,4.427664577960968018e-01,9.679775685071945190e-02,2.780135869979858398e-01,-1.709483012375441149e+02,2.356917918159444270e+01,5.382981929896018158e+01,0.000000000000000000e+00,0.000000000000000000e+00,0.000000000000000000e+00,2.783031165599822998e-01,4.427664577960968018e-01,9.679775685071945190e-02,2.780135869979858398e-01,5.577694921875000000e+04,4.032014453125000000e+04,9.264650390625000000e+03,4.751323828125000000e+04,-3.425373583530104719e+06
4.949999999999999956e-01,1.795948230427266878e+02,-2.368112225563081452e+01,-5.118342546490287504e+01,-7.584683593750000000e+03,8.838885498046875000e+01,2.427307617187500000e+03,2.674141526222229004e-01,4.414202868938446045e-01,9.553632140159606934e-02,2.821163833141326904e-01,-1.795948230427266878e+02,2.368112225563081452e+01,5.118342546490287504e+01,0.000000000000000000e+00,0.000000000000000000e+00,0.000000000000000000e+00,2.674141526222229004e-01,4.414202868938446045e-01,9.553632140159606934e-02,2.821163833141326904e-01,5.588990625000000000e+04,4.043230859375000000e+04,9.376925781250000000e+03,4.762614453125000000e+04,-3.460808422587460373e+06
4.959999999999999964e-01,-1.717160871556783377e+02,-2.344471721217994187e+01,-4.854534852655240229e+01,-7.633202148437500000e+03,6.973012542724609375e+01,2.430407714843750000e+03,2.564235925674438477e-01,4.404832720756530762e-01,9.273467212915420532e-02,2.843809127807617188e-01,1.717160871556783377e+02,2.344471721217994187e+01,4.854534852655240229e+01,0.000000000000000000e+00,0.000000000000000000e+00,0.000000000000000000e+00,2.564235925674438477e-01,4.404832720756530762e-01,9.273467212915420532e-02,2.843809127807617188e-01,5.600291015625000000e+04,4.054415234375000000e+04,9.489000000000000000e+03,4.773939062500000000e+04,-3.493201142804240342e+06
4.969999999999999973e-01,-1.630283406347029995e+02,-2.286466810704932229e+01,-4.598807133579946793e+01,-7.680890136718750000e+03,5.193009948730468750e+01,2.422986816406250000e+03,3.037477135658264160e-01,-3.819661214947700500e-02,3.529843091964721680e-01,3.697815835475921631e-01,1.630283406347029995e+02,2.286466810704932229e+01,4.598807133579946793e+01,0.000000000000000000e+00,0.000000000000000000e+00,0.000000000000000000e+00,3.037477135658264160e-01,0.000000000000000000e+00,3.529843091964721680e-01,3.697815835475921631e-01,5.611413671875000000e+04,4.065808203125000000e+04,9.602628906250000000e+03,4.785077343750000000e+04,-3.522417078407177236e+06
4.979999999999999982e-01,-1.543762417412552850e+02,-2.195323219304120954e+01,-4.356284269913103913e+01,-7.726270507812500000e+03,3.472288513183593750e+01,2.421796142578125000e+03,2.994708716869354248e-01,-3.189681470394134521e-02,3.585562407970428467e-01,3.805334568023681641e-01,1.543762417412552850e+02,2.195323219304120954e+01,4.356284269913103913e+01,0.000000000000000000e+00,0.000000000000000000e+00,0.000000000000000000e+00,2.994708716869354248e-01,0.000000000000000000e+00,3.585562407970428467e-01,3.805334568023681641e-01,5.622638281250000000e+04,4.043323437500000000e+04,9.715224609375000000e+03,4.796303906250000000e+04,-3.548628768089082558e+06
4.989999999999999991e-01,-1.457915874745252154e+02,-2.072991127907362952e+01,-4.131944100020074728e+01,-7.766930664062500000e+03,1.804759979248046875e+01,2.423045410156250000e+03,2.954125702381134033e-01,-2.486293762922286987e-02,3.627711534500122070e-01,3.903594613075256348e-01,1.457915874745252154e+02,2.072991127907362952e+01,4.131944100020074728e+01,0.000000000000000000e+00,0.000000000000000000e+00,0.000000000000000000e+00,2.954125702381134033e-01,0.000000000000000000e+00,3.627711534500122070e-01,3.903594613075256348e-01,5.633901953125000000e+04,4.020774609375000000e+04,9.827562500000000000e+03,4.807565625000000000e+04,-3.572020980493632145e+06
5.000000000000000000e-01,-1.372998790122803996e+02,-1.922318181795170133e+01,-3.930233366339655987e+01,-7.801308105468750000e+03,8.300759792327880859e-01,2.423387207031250000e+03,2.919206619262695312e-01,-1.715391501784324646e-02,3.653716444969177246e-01,3.990636169910430908e-01,1.372998790122803996e+02,1.922318181795170133e+01,3.930233366339655987e+01,0.000000000000000000e+00,0.000000000000000000e+00,0.000000000000000000e+00,2.919206619262695312e-01,0.000000000000000000e+00,3.653716444969177246e-01,3.990636169910430908e-01,5.645148437500000000e+04,3.998273437500000000e+04,9.940131835937500000e+03,4.818821484375000000e+04,-3.592786441421013791e+06
5.010000000000000009e-01,-1.289139941447715216e+02,-1.746298031926975369e+01,-3.754183801796670394e+01,-7.830576171875000000e+03,-1.729730224609375000e+01,2.428843505859375000e+03,2.892923653125762939e-01,-8.890258148312568665e-03,3.660970926284790039e-01,4.065036177635192871e-01,1.289139941447715216e+02,1.746298031926975369e+01,3.754183801796670394e+01,0.000000000000000000e+00,0.000000000000000000e+00,0.000000000000000000e+00,2.892923653125762939e-01,0.000000000000000000e+00,3.660970926284790039e-01,4.065036177635192871e-01,5.656480078125000000e+04,3.975678906250000000e+04,1.005191992187500000e+04,4.830185937500000000e+04,-3.611119604590770323e+06
5.020000000000000018e-01,-1.206373896193195492e+02,-1.548987162280214314e+01,-3.606737867432838129e+01,-7.857157714843750000e+03,-3.613068389892578125e+01,2.428989257812500000e+03,2.871519923210144043e-01,6.245449185371398926e-05,3.647661805152893066e-01,4.124829173088073730e-01,1.206373896193195492e+02,1.548987162280214314e+01,3.606737867432838129e+01,0.000000000000000000e+00,0.000000000000000000e+00,0.000000000000000000e+00,2.871519923210144043e-01,6.245449185371398926e-05,3.647661805152893066e-01,4.124829173088073730e-01,5.667724609375000000e+04,3.953147656250000000e+04,1.016452148437500000e+04,4.841451562500000000e+04,-3.627213776292262133e+06
5.030000000000000027e-01,-1.124633135924493246e+02,-1.335276354559805689e+01,-3.490267550361689075e+01,-7.882780273437500000e+03,-5.392567062377929688e+01,2.417799804687500000e+03,2.861490845680236816e-01,9.658760391175746918e-03,3.610765933990478516e-01,4.168120026588439941e-01,1.124633135924493246e+02,1.335276354559805689e+01,3.490267550361689075e+01,0.000000000000000000e+00,0.000000000000000000e+00,0.000000000000000000e+00,2.861490845680236816e-01,9.658760391175746918e-03,3.610765933990478516e-01,4.168120026588439941e-01,5.678783984375000000e+04,3.930839843750000000e+04,1.027878125000000000e+04,4.852511718750000000e+04,-3.641258266248071101e+06
5.040000000000000036e-01,-1.043728253384706051e+02,-1.108712737586355956e+01,-3.405629274172462573e+01,-7.910132324218750000e+03,-6.912940979003906250e+01,2.412832031250000000e+03,2.866430282592773438e-01,2.007903903722763062e-02,3.547033071517944336e-01,4.191686511039733887e-01,1.043728253384706051e+02,1.108712737586355956e+01,3.405629274172462573e+01,0.000000000000000000e+00,0.000000000000000000e+00,0.000000000000000000e+00,2.866430282592773438e-01,2.007903903722763062e-02,3.547033071517944336e-01,4.191686511039733887e-01,5.689953515625000000e+04,3.908417968750000000e+04,1.039199511718750000e+04,4.863670312500000000e+04,-3.653434708385964856e+06
5.050000000000000044e-01,-9.634204290608366250e+01,-8.729853154898680856e+00,-3.353435269973336119e+01,-7.939777832031250000e+03,-8.206986999511718750e+01,2.413223144531250000e+03,2.873870730400085449e-01,3.197396919131278992e-02,3.455768227577209473e-01,4.192287027835845947e-01,9.634204290608366250e+01,8.729853154898680856e+00,3.353435269973336119e+01,0.000000000000000000e+00,0.000000000000000000e+00,0.000000000000000000e+00,2.873870730400085449e-01,3.197396919131278992e-02,3.455768227577209473e-01,4.192287027835845947e-01,5.701219921875000000e+04,3.885882421875000000e+04,1.050448339843750000e+04,4.874922656250000000e+04,-3.663917260764378589e+06
5.060000000000000053e-01,-8.834567519705258576e+01,-6.325515952397529063e+00,-3.334181104724611799e+01,-7.969970214843750000e+03,-9.248399353027343750e+01,2.412075195312500000e+03,2.883306145668029785e-01,4.551750421524047852e-02,3.334658741950988770e-01,4.168246090412139893e-01,8.834567519705258576e+01,6.325515952397529063e+00,3.334181104724611799e+01,0.000000000000000000e+00,0.000000000000000000e+00,0.000000000000000000e+00,2.883306145668029785e-01,4.551750421524047852e-02,3.334658741950988770e-01,4.168246090412139893e-01,5.712467968750000000e+04,3.863408984375000000e+04,1.061731445312500000e+04,4.886173828125000000e+04,-3.672873907606375869e+06
5.070000000000000062e-01,-8.035639644681545235e+01,-3.915118283133530053e+00,-3.348006669463755003e+01,-8.000432128906250000e+03,-1.002986602783203125e+02,2.414209716796875000e+03,2.898473739624023438e-01,6.079263612627983093e-02,3.180633783340454102e-01,4.117705225944519043e-01,8.035639644681545235e+01,3.915118283133530053e+00,3.348006669463755003e+01,0.000000000000000000e+00,0.000000000000000000e+00,0.000000000000000000e+00,2.898473739624023438e-01,6.079263612627983093e-02,3.180633783340454102e-01,4.117705225944519043e-01,5.723775781250000000e+04,3.840865234375000000e+04,1.072966894531250000e+04,4.897478906250000000e+04,-3.680467301073342096e+06
5.080000000000000071e-01,-7.234793030460909335e+01,-1.550612458432961249e+00,-3.394541641101083940e+01,-8.029483398437500000e+03,-1.062696914672851562e+02,2.409384277343750000e+03,2.914797067642211914e-01,7.805483043193817139e-02,2.993492484092712402e-01,4.039957225322723389e-01,7.234793030460909335e+01,1.550612458432961249e+00,3.394541641101083940e+01,0.000000000000000000e+00,0.000000000000000000e+00,0.000000000000000000e+00,2.914797067642211914e-01,7.805483043193817139e-02,2.993492484092712402e-01,4.039957225322723389e-01,5.734970312500000000e+04,3.818421875000000000e+04,1.084304199218750000e+04,4.908648437500000000e+04,-3.686856219787016045e+06
5.090000000000000080e-01,-6.429728489144721948e+01,7.203269818318684958e-01,-3.472918553365489913e+01,-8.055142578125000000e+03,-1.105507507324218750e+02,2.401801757812500000e+03,2.938122153282165527e-01,9.707304835319519043e-02,2.772564888000488281e-01,3.935848176479339600e-01,6.429728489144721948e+01,-7.203269818318684958e-01,3.472918553365489913e+01,0.000000000000000000e+00,0.000000000000000000e+00,0.000000000000000000e+00,2.938122153282165527e-01,9.707304835319519043e-02,2.772564888000488281e-01,3.935848176479339600e-01,5.746119140625000000e+04,3.797298046875000000e+04,1.095665039062500000e+04,4.919765234375000000e+04,-3.692196995830219705e+06
5.100000000000000089e-01,-5.618431839107712733e+01,2.860397108582629855e+00,-3.582152352475375068e+01,-8.077652832031250000e+03,-1.144254455566406250e+02,2.401724609375000000e+03,2.964591383934020996e-01,1.178066879510879517e-01,2.522064447402954102e-01,3.807892501354217529e-01,5.618431839107712733e+01,-2.860397108582629855e+00,3.582152352475375068e+01,0.000000000000000000e+00,0.000000000000000000e+00,0.000000000000000000e+00,2.964591383934020996e-01,1.178066879510879517e-01,2.522064447402954102e-01,3.807892501354217529e-01,5.757391015625000000e+04,3.792207421875000000e+04,1.106911132812500000e+04,4.931004296875000000e+04,-3.696645036882543005e+06
5.110000000000000098e-01,-4.799334173830663275e+01,4.823481210311660661e+00,-3.720207518496540899e+01,-8.097273437500000000e+03,-1.194245758056640625e+02,2.397125732421875000e+03,2.985951304435729980e-01,1.400493234395980835e-01,2.250957936048507690e-01,3.661692440509796143e-01,4.799334173830663275e+01,-4.823481210311660661e+00,3.720207518496540899e+01,0.000000000000000000e+00,0.000000000000000000e+00,0.000000000000000000e+00,2.985951304435729980e-01,1.400493234395980835e-01,2.250957936048507690e-01,3.661692440509796143e-01,5.768583593750000000e+04,3.803538281250000000e+04,1.118247949218750000e+04,4.942185546875000000e+04,-3.700355658102807123e+06
5.120000000000000107e-01,-3.971212857460831458e+01,6.568943890199054891e+00,-3.884601535609048995e+01,-8.116840820312500000e+03,-1.253598709106445312e+02,2.390856689453125000e+03,3.010162115097045898e-01,1.629602015018463135e-01,1.966463178396224976e-01,3.503720462322235107e-01,3.971212857460831458e+01,-6.568943890199054891e+00,3.884601535609048995e+01,0.000000000000000000e+00,0.000000000000000000e+00,0.000000000000000000e+00,3.010162115097045898e-01,1.629602015018463135e-01,1.966463178396224976e-01,3.503720462322235107e-01,5.779743750000000000e+04,3.814907421875000000e+04,1.129621093750000000e+04,4.953357031250000000e+04,-3.703484875191611703e+06
5.130000000000000115e-01,-3.133167509730236944e+01,8.057762282428683420e+00,-4.072094467841540677e+01,-8.140569335937500000e+03,-1.312122192382812500e+02,2.380571044921875000e+03,3.034800887107849121e-01,1.860215663909912109e-01,1.680386066436767578e-01,3.341392874717712402e-01,3.133167509730236944e+01,-8.057762282428683420e+00,4.072094467841540677e+01,-9.328530012860117893e+01,0.000000000000000000e+00,0.000000000000000000e+00,3.034800887107849121e-01,1.860215663909912109e-01,1.680386066436767578e-01,3.341392874717712402e-01,5.790832812500000000e+04,3.826315625000000000e+04,1.141059570312500000e+04,4.964446875000000000e+04,-3.706189671924517490e+06
5.140000000000000124e-01,-1.161350028478662750e+02,9.250848221461557941e+00,-4.278089706332559672e+01,-8.170802734375000000e+03,-1.347491302490234375e+02,2.358371826171875000e+03,3.061252236366271973e-01,2.086946070194244385e-01,1.403145045042037964e-01,3.181340098381042480e-01,2.284970271926509611e+01,-9.250848221461557941e+00,4.278089706332559672e+01,-9.328530012860117893e+01,0.000000000000000000e+00,0.000000000000000000e+00,3.061252236366271973e-01,2.086946070194244385e-01,1.403145045042037964e-01,3.181340098381042480e-01,5.801719531250000000e+04,3.837952734375000000e+04,1.152669628906250000e+04,4.975323437500000000e+04,-3.721592794157350902e+06
5.150000000000000133e-01,-1.075528138167507137e+02,1.012231408691152978e+01,-4.498681207023694384e+01,-8.209828125000000000e+03,-1.340776062011718750e+02,2.340738037109375000e+03,3.343911767005920410e-01,7.414214313030242920e-02,2.422177493572235107e-01,3.086873888969421387e-01,1.426751368814953125e+01,-1.012231408691152978e+01,4.498681207023694384e+01,-9.328530012860117893e+01,0.000000000000000000e+00,0.000000000000000000e+00,3.343911767005920410e-01,7.414214313030242920e-02,2.422177493572235107e-01,3.086873888969421387e-01,5.812678906250000000e+04,3.849507421875000000e+04,1.164201757812500000e+04,4.986270703125000000e+04,-3.735286676419968251e+06
5.160000000000000142e-01,-9.887731009407292504e+01,1.065208309055030433e+01,-4.730030626589275045e+01,-8.257181640625000000e+03,-1.294698944091796875e+02,2.334856201171875000e+03,3.397729396820068359e-01,9.327846765518188477e-02,2.279948145151138306e-01,3.002613782882690430e-01,5.592009965471752331e+00,-1.065208309055030433e+01,4.730030626589275045e+01,-9.328530012860117893e+01,0.000000000000000000e+00,0.000000000000000000e+00,3.397729396820068359e-01,9.327846765518188477e-02,2.279948145151138306e-01,3.002613782882690430e-01,5.823831250000000000e+04,3.827074609375000000e+04,1.175557421875000000e+04,4.997414062500000000e+04,-3.747414184718423057e+06
5.170000000000000151e-01,-9.012745696019717911e+01,1.082150614801767752e+01,-4.966337425271900941e+01,-8.308416992187500000e+03,-1.201518325805664062e+02,2.326807373046875000e+03,3.439728915691375732e-01,1.130449771881103516e-01,2.142320871353149414e-01,2.923763394355773926e-01,-3.157843168403996703e+00,-1.082150614801767752e+01,4.966337425271900941e+01,-9.328530012860117893e+01,0.000000000000000000e+00,0.000000000000000000e+00,3.439728915691375732e-01,1.130449771881103516e-01,2.142320871353149414e-01,2.923763394355773926e-01,5.834945312500000000e+04,3.818328906250000000e+04,1.186958593750000000e+04,5.008542968750000000e+04,-3.758120698954012245e+06
5.180000000000000160e-01,-8.132743362585644320e+01,1.062278755282190090e+01,-5.201906782677058771e+01,-8.360550781250000000e+03,-1.075595016479492188e+02,2.322650634765625000e+03,3.479104340076446533e-01,1.329438090324401855e-01,2.008909285068511963e-01,2.851286828517913818e-01,-1.195786650274473750e+01,-1.062278755282190090e+01,5.201906782677058771e+01,-9.328530012860117893e+01,0.000000000000000000e+00,0.000000000000000000e+00,3.479104340076446533e-01,1.329438090324401855e-01,2.008909285068511963e-01,2.851286828517913818e-01,5.846123046875000000e+04,3.825810937500000000e+04,1.198297851562500000e+04,5.019750000000000000e+04,-3.767553677447138820e+06
5.190000000000000169e-01,-7.250717067155846962e+01,1.006180178684481952e+01,-5.429956824558860262e+01,-8.409651367187500000e+03,-9.412337493896484375e+01,2.312672851562500000e+03,3.510797917842864990e-01,1.526703238487243652e-01,1.885491609573364258e-01,2.790331542491912842e-01,-2.077812945704271286e+01,-1.006180178684481952e+01,5.429956824558860262e+01,-9.328530012860117893e+01,0.000000000000000000e+00,0.000000000000000000e+00,3.510797917842864990e-01,1.526703238487243652e-01,1.885491609573364258e-01,2.790331542491912842e-01,5.857202343750000000e+04,3.837215625000000000e+04,1.209705957031250000e+04,5.030844531250000000e+04,-3.775860650212788489e+06
5.200000000000000178e-01,-6.369695062870388824e+01,9.158220285243245939e+00,-5.644144757136268709e+01,-8.451471679687500000e+03,-8.109140014648437500e+01,2.297635498046875000e+03,3.541382849216461182e-01,1.715929806232452393e-01,1.773248612880706787e-01,2.743819653987884521e-01,-2.958834949989728713e+01,-9.158220285243245939e+00,5.644144757136268709e+01,-9.328530012860117893e+01,0.000000000000000000e+00,0.000000000000000000e+00,3.541382849216461182e-01,1.715929806232452393e-01,1.773248612880706787e-01,2.743819653987884521e-01,5.868196484375000000e+04,3.848736718750000000e+04,1.221193164062500000e+04,5.041840234375000000e+04,-3.783187461734927725e+06
5.210000000000000187e-01,-5.492001526935545286e+01,7.937873979812639647e+00,-5.839842424008671173e+01,-8.484882812500000000e+03,-6.971633911132812500e+01,2.288877929687500000e+03,3.570350110530853271e-01,1.894434690475463867e-01,1.675085574388504028e-01,2.714479565620422363e-01,-3.836528485924572607e+01,-7.937873979812639647e+00,5.839842424008671173e+01,-9.328530012860117893e+01,0.000000000000000000e+00,0.000000000000000000e+00,3.570350110530853271e-01,1.894434690475463867e-01,1.675085574388504028e-01,2.714479565620422363e-01,5.879294531250000000e+04,3.860131250000000000e+04,1.232596875000000000e+04,5.052935156250000000e+04,-3.789677055609158706e+06
5.220000000000000195e-01,-4.619263611494363175e+01,6.438469441253521275e+00,-6.012514706948255849e+01,-8.510164062500000000e+03,-6.117992782592773438e+01,2.277877441406250000e+03,3.589175343513488770e-01,2.061623632907867432e-01,1.596564352512359619e-01,2.706010937690734863e-01,-4.709266401365754717e+01,-6.438469441253521275e+00,6.012514706948255849e+01,-9.328530012860117893e+01,0.000000000000000000e+00,0.000000000000000000e+00,3.589175343513488770e-01,2.061623632907867432e-01,1.596564352512359619e-01,2.706010937690734863e-01,5.890354687500000000e+04,3.871564062500000000e+04,1.244048242187500000e+04,5.063991015625000000e+04,-3.795467302439279389e+06
5.230000000000000204e-01,-3.751967287428409037e+01,4.701149879683384825e+00,-6.158811442499256827e+01,-8.529837890625000000e+03,-5.536906433105468750e+01,2.268182373046875000e+03,3.604544699192047119e-01,2.215410768985748291e-01,1.536902338266372681e-01,2.717667818069458008e-01,-5.576562725431708856e+01,-4.701149879683384825e+00,6.158811442499256827e+01,-9.328530012860117893e+01,0.000000000000000000e+00,0.000000000000000000e+00,3.604544699192047119e-01,2.215410768985748291e-01,1.536902338266372681e-01,2.717667818069458008e-01,5.901435546875000000e+04,3.882992968750000000e+04,1.255478808593750000e+04,5.075086328125000000e+04,-3.800690224940489978e+06
5.240000000000000213e-01,-2.889375342003575042e+01,2.769448414796285451e+00,-6.276140996492525659e+01,-8.548361328125000000e+03,-5.131861495971679688e+01,2.260303466796875000e+03,3.614478409290313721e-01,2.357305288314819336e-01,1.497927606105804443e-01,2.748610377311706543e-01,-6.439154670856542850e+01,-2.769448414796285451e+00,6.276140996492525659e+01,-9.328530012860117893e+01,0.000000000000000000e+00,0.000000000000000000e+00,3.614478409290313721e-01,2.357305288314819336e-01,1.497927606105804443e-01,2.748610377311706543e-01,5.912546484375000000e+04,3.894364843750000000e+04,1.266847460937500000e+04,5.086232421875000000e+04,-3.805471738352495246e+06
5.250000000000000222e-01,-2.029777011979763301e+01,7.017339664859205683e-01,-6.361834282518081096e+01,-8.568936523437500000e+03,-4.662369155883789062e+01,2.239685791015625000e+03,3.619897365570068359e-01,2.490145564079284668e-01,1.480051726102828979e-01,2.795612812042236328e-01,-7.298753000880354591e+01,-7.017339664859205683e-01,6.361834282518081096e+01,-9.328530012860117893e+01,0.000000000000000000e+00,0.000000000000000000e+00,3.619897365570068359e-01,2.490145564079284668e-01,1.480051726102828979e-01,2.795612812042236328e-01,5.923444140625000000e+04,3.905968359375000000e+04,1.278431445312500000e+04,5.097157812500000000e+04,-3.809931523798713461e+06
5.260000000000000231e-01,-1.170580631382685510e+01,-1.447523093692178353e+00,-6.414313938467898879e+01,-8.594313476562500000e+03,-3.887347793579101562e+01,2.214126953125000000e+03,3.634940087795257568e-01,2.618613243103027344e-01,1.477577090263366699e-01,2.849656343460083008e-01,-8.157949381477432382e+01,1.447523093692178353e+00,6.414313938467898879e+01,-9.328530012860117893e+01,0.000000000000000000e+00,0.000000000000000000e+00,3.634940087795257568e-01,2.618613243103027344e-01,1.477577090263366699e-01,2.849656343460083008e-01,5.934258984375000000e+04,3.917658593750000000e+04,1.290117871093750000e+04,5.107982812500000000e+04,-3.814184987353399396e+06
5.270000000000000240e-01,-3.088248498277948784e+00,-3.627233162843696235e+00,-6.432753420818814050e+01,-8.624677734375000000e+03,-2.748913002014160156e+01,2.189375000000000000e+03,3.656509518623352051e-01,2.748886644840240479e-01,1.490493416786193848e-01,2.904662191867828369e-01,-9.019705163032323014e+01,3.627233162843696235e+00,6.432753420818814050e+01,-9.328530012860117893e+01,0.000000000000000000e+00,0.000000000000000000e+00,3.656509518623352051e-01,2.748886644840240479e-01,1.490493416786193848e-01,2.904662191867828369e-01,5.945086718750000000e+04,3.929307031250000000e+04,1.301801269531250000e+04,5.118813281250000000e+04,-3.818345713109909557e+06
5.280000000000000249e-01,5.582959559922699100e+00,-5.781709514704690633e+00,-6.416858251284462256e+01,-8.657146484375000000e+03,-1.234540557861328125e+01,2.162315429687500000e+03,3.682093918323516846e-01,2.884133160114288330e-01,1.517744660377502441e-01,2.955773472785949707e-01,-9.886825968852387803e+01,5.781709514704690633e+00,6.416858251284462256e+01,-9.328530012860117893e+01,0.000000000000000000e+00,0.000000000000000000e+00,3.682093918323516846e-01,2.884133160114288330e-01,1.517744660377502441e-01,2.955773472785949707e-01,5.955875781250000000e+04,3.941023828125000000e+04,1.313513183593750000e+04,5.129600000000000000e+04,-3.822527917693977244e+06
5.290000000000000258e-01,1.433246129971003313e+01,-7.867741510544898453e+00,-6.366897621389404094e+01,-8.689110351562500000e+03,5.038651466369628906e+00,2.146246337890625000e+03,3.713342547416687012e-01,3.025330603122711182e-01,1.553860008716583252e-01,2.998152673244476318e-01,-1.076177614283112121e+02,7.867741510544898453e+00,6.366897621389404094e+01,-9.328530012860117893e+01,0.000000000000000000e+00,0.000000000000000000e+00,3.713342547416687012e-01,3.025330603122711182e-01,1.553860008716583252e-01,2.998152673244476318e-01,5.966847265625000000e+04,3.952554687500000000e+04,1.325012402343750000e+04,5.140574218750000000e+04,-3.826848977029487025e+06
5.300000000000000266e-01,2.317879452906792892e+01,-9.839678656030594439e+00,-6.283683070926186787e+01,-8.717227539062500000e+03,2.220446586608886719e+01,2.138424804687500000e+03,3.732513487339019775e-01,3.168589174747467041e-01,1.597119569778442383e-01,3.034644424915313721e-01,-1.164640946576691078e+02,9.839678656030594439e+00,6.283683070926186787e+01,-9.328530012860117893e+01,0.000000000000000000e+00,0.000000000000000000e+00,3.732513487339019775e-01,3.168589174747467041e-01,1.597119569778442383e-01,3.034644424915313721e-01,5.977956250000000000e+04,3.963917968750000000e+04,1.336393652343750000e+04,5.151708203125000000e+04,-3.831431520114946179e+06
5.310000000000000275e-01,3.213265723682106056e+01,-1.164122206576046104e+01,-6.169196757660984076e+01,-8.739478515625000000e+03,3.857365036010742188e+01,2.125535400390625000e+03,3.732368052005767822e-01,3.307297229766845703e-01,1.639891415834426880e-01,3.068505823612213135e-01,-1.254179573654222395e+02,1.164122206576046104e+01,6.169196757660984076e+01,-9.328530012860117893e+01,0.000000000000000000e+00,0.000000000000000000e+00,3.732368052005767822e-01,3.307297229766845703e-01,1.639891415834426880e-01,3.068505823612213135e-01,5.988980468750000000e+04,3.975401171875000000e+04,1.347873535156250000e+04,5.162772656250000000e+04,-3.836405444690702949e+06
5.320000000000000284e-01,4.120015833869091182e+01,-1.322566973396638623e+01,-6.026079066813611718e+01,-8.758322265625000000e+03,5.409083175659179688e+01,2.114104248046875000e+03,3.715738654136657715e-01,3.437559604644775391e-01,1.670261621475219727e-01,3.099667727947235107e-01,-1.344854584672920907e+02,1.322566973396638623e+01,6.026079066813611718e+01,-9.328530012860117893e+01,0.000000000000000000e+00,0.000000000000000000e+00,3.715738654136657715e-01,3.437559604644775391e-01,1.670261621475219727e-01,3.099667727947235107e-01,6.000028906250000000e+04,3.986854296875000000e+04,1.359336425781250000e+04,5.173849609375000000e+04,-3.841909178969697095e+06
5.330000000000000293e-01,5.038196759378659806e+01,-1.454935717993115674e+01,-5.857996134754328921e+01,-8.777345703125000000e+03,6.885608673095703125e+01,2.101982666015625000e+03,3.672124743461608887e-01,3.556195795536041260e-01,1.683214306831359863e-01,3.129778504371643066e-01,-1.436672677223877770e+02,1.454935717993115674e+01,5.857996134754328921e+01,-9.328530012860117893e+01,0.000000000000000000e+00,0.000000000000000000e+00,3.672124743461608887e-01,3.556195795536041260e-01,1.683214306831359863e-01,3.129778504371643066e-01,6.011065625000000000e+04,3.998288671875000000e+04,1.370779199218750000e+04,5.184897656250000000e+04,-3.848090817294147331e+06
5.340000000000000302e-01,5.967112572947949900e+01,-1.557110154994273898e+01,-5.669881735821135749e+01,-8.799346679687500000e+03,8.496618652343750000e+01,2.084454589843750000e+03,3.604167401790618896e-01,3.662892282009124756e-01,1.673900634050369263e-01,3.156747221946716309e-01,-1.529564258580806779e+02,1.557110154994273898e+01,5.669881735821135749e+01,-9.328530012860117893e+01,0.000000000000000000e+00,0.000000000000000000e+00,3.604167401790618896e-01,3.662892282009124756e-01,1.673900634050369263e-01,3.156747221946716309e-01,6.022012109375000000e+04,4.009850000000000000e+04,1.382310156250000000e+04,5.195848828125000000e+04,-3.855108675633268896e+06
5.350000000000000311e-01,6.905868193056447524e+01,-1.626329799591260183e+01,-5.466350599255790854e+01,-8.828347656250000000e+03,1.042499618530273438e+02,2.075490234375000000e+03,3.520387709140777588e-01,3.761096894741058350e-01,1.638560593128204346e-01,3.174609243869781494e-01,-1.623439820591656542e+02,1.626329799591260183e+01,5.466350599255790854e+01,-9.328530012860117893e+01,0.000000000000000000e+00,0.000000000000000000e+00,3.520387709140777588e-01,3.761096894741058350e-01,1.638560593128204346e-01,3.174609243869781494e-01,6.033101562500000000e+04,4.021262109375000000e+04,1.393720996093750000e+04,5.206937109375000000e+04,-3.863130370932357851e+06
5.360000000000000320e-01,7.852963462870111755e+01,-1.660397131381398594e+01,-5.252730321367564414e+01,-8.865574218750000000e+03,1.262582244873046875e+02,2.075286376953125000e+03,3.415839076042175293e-01,3.853591084480285645e-01,1.580507606267929077e-01,3.179372847080230713e-01,-1.718149347573022965e+02,1.660397131381398594e+01,5.252730321367564414e+01,-9.328530012860117893e+01,0.000000000000000000e+00,0.000000000000000000e+00,3.415839076042175293e-01,3.853591084480285645e-01,1.580507606267929077e-01,3.179372847080230713e-01,6.044337109375000000e+04,4.032497265625000000e+04,1.404996875000000000e+04,5.218172656250000000e+04,-3.872332083893566392e+06
5.370000000000000329e-01,-2.719415443296318244e+02,-1.657721659374485412e+01,-5.035757347871867040e+01,-8.908251953125000000e+03,1.509261627197265625e+02,2.076184326171875000e+03,3.297489881515502930e-01,3.942027688026428223e-01,1.501532942056655884e-01,3.167987465858459473e-01,1.786562442010306597e+02,1.657721659374485412e+01,5.035757347871867040e+01,-9.328530012860117893e+01,0.000000000000000000e+00,0.000000000000000000e+00,3.297489881515502930e-01,3.942027688026428223e-01,1.501532942056655884e-01,3.167987465858459473e-01,6.055591015625000000e+04,4.043750390625000000e+04,1.416235253906250000e+04,5.229443750000000000e+04,-3.949094976742612198e+06
5.380000000000000338e-01,-2.623842296302930777e+02,-1.617881307810622360e+01,-4.821821226088318468e+01,-8.953013671875000000e+03,1.773535003662109375e+02,2.085445312500000000e+03,3.209847211837768555e-01,-1.183142587542533875e-01,3.128091394901275635e-01,3.036720156669616699e-01,1.690989295016918845e+02,1.617881307810622360e+01,4.821821226088318468e+01,-9.328530012860117893e+01,0.000000000000000000e+00,0.000000000000000000e+00,3.209847211837768555e-01,0.000000000000000000e+00,3.128091394901275635e-01,3.036720156669616699e-01,6.066984765625000000e+04,4.054860156250000000e+04,1.427312695312500000e+04,5.240875000000000000e+04,-4.020527210687546525e+06
5.390000000000000346e-01,-2.528316857326395848e+02,-1.541559596934950527e+01,-4.617388360305533013e+01,-8.994927734375000000e+03,2.033964385986328125e+02,2.102315185546875000e+03,3.176727294921875000e-01,-1.108018085360527039e-01,3.166197538375854492e-01,3.082999885082244873e-01,1.595463856040383916e+02,1.541559596934950527e+01,4.617388360305533013e+01,-9.328530012860117893e+01,0.000000000000000000e+00,0.000000000000000000e+00,3.176727294921875000e-01,0.000000000000000000e+00,3.166197538375854492e-01,3.082999885082244873e-01,6.078505468750000000e+04,4.032048437500000000e+04,1.438290039062500000e+04,5.252433203125000000e+04,-4.086820740124033298e+06
5.400000000000000355e-01,-2.433223872987451273e+02,-1.431161931663876352e+01,-4.430306475447038395e+01,-9.028310546875000000e+03,2.288370666503906250e+02,2.108370117187500000e+03,3.144896030426025391e-01,-1.022026762366294861e-01,3.196508884429931641e-01,3.121830224990844727e-01,1.500370871701439341e+02,1.431161931663876352e+01,4.430306475447038395e+01,-9.328530012860117893e+01,0.000000000000000000e+00,0.000000000000000000e+00,3.144896030426025391e-01,0.000000000000000000e+00,3.196508884429931641e-01,3.121830224990844727e-01,6.089846484375000000e+04,4.009448828125000000e+04,1.449459765625000000e+04,5.263794531250000000e+04,-4.148194108278897125e+06
5.410000000000000364e-01,-2.338843362472174476e+02,-1.290311716375115836e+01,-4.266506353697130294e+01,-9.051592773437500000e+03,2.525109863281250000e+02,2.112796630859375000e+03,3.125186860561370850e-01,-9.270426630973815918e-02,3.217162787914276123e-01,3.152893185615539551e-01,1.405990361186162829e+02,1.290311716375115836e+01,4.266506353697130294e+01,-9.328530012860117893e+01,0.000000000000000000e+00,0.000000000000000000e+00,3.125186860561370850e-01,0.000000000000000000e+00,3.217162787914276123e-01,3.152893185615539551e-01,6.101160546875000000e+04,3.986876171875000000e+04,1.460647070312500000e+04,5.275114843750000000e+04,-4.204882789099853486e+06
5.420000000000000373e-01,-2.245333453726345283e+02,-1.123557598342248021e+01,-4.130556534773128874e+01,-9.065637695312500000e+03,2.733912658691406250e+02,2.117248535156250000e+03,3.114151358604431152e-01,-8.228728175163269043e-02,3.226602673530578613e-01,3.174569606781005859e-01,1.312480452440333352e+02,1.123557598342248021e+01,4.130556534773128874e+01,-9.328530012860117893e+01,0.000000000000000000e+00,0.000000000000000000e+00,3.114151358604431152e-01,0.000000000000000000e+00,3.226602673530578613e-01,3.174569606781005859e-01,6.112475390625000000e+04,3.964272265625000000e+04,1.471802636718750000e+04,5.286430468750000000e+04,-4.257130400180455297e+06
5.430000000000000382e-01,-2.152734649386062529e+02,-9.365700973735997081e+00,-4.026364548336780302e+01,-9.072501953125000000e+03,2.927809448242187500e+02,2.114475097656250000e+03,3.111458122730255127e-01,-7.099040597677230835e-02,3.224063217639923096e-01,3.186459243297576904e-01,1.219881648100050739e+02,9.365700973735997081e+00,4.026364548336780302e+01,-9.328530012860117893e+01,0.000000000000000000e+00,0.000000000000000000e+00,3.111458122730255127e-01,0.000000000000000000e+00,3.224063217639923096e-01,3.186459243297576904e-01,6.123670703125000000e+04,3.941820703125000000e+04,1.483104882812500000e+04,5.297620703125000000e+04,-4.305181942389468662e+06
5.440000000000000391e-01,-2.060929046350129283e+02,-7.345790772898748600e+00,-3.956047369383750123e+01,-9.077301757812500000e+03,3.121085510253906250e+02,2.115692138671875000e+03,3.120871186256408691e-01,-5.883160978555679321e-02,3.208083212375640869e-01,3.187462985515594482e-01,1.128076045064117636e+02,7.345790772898748600e+00,3.956047369383750123e+01,-9.328530012860117893e+01,0.000000000000000000e+00,0.000000000000000000e+00,3.120871186256408691e-01,0.000000000000000000e+00,3.208083212375640869e-01,3.187462985515594482e-01,6.134933203125000000e+04,3.919300781250000000e+04,1.494354003906250000e+04,5.308877734375000000e+04,-4.349275219451325014e+06
5.450000000000000400e-01,-1.969697436064190015e+02,-5.229842379893773874e+00,-3.920997730145321469e+01,-9.083714843750000000e+03,3.319536743164062500e+02,2.120860595703125000e+03,3.135890960693359375e-01,-4.547467827796936035e-02,3.179126679897308350e-01,3.176280260086059570e-01,1.036844434778178368e+02,5.229842379893773874e+00,3.920997730145321469e+01,-9.328530012860117893e+01,0.000000000000000000e+00,0.000000000000000000e+00,3.135890960693359375e-01,0.000000000000000000e+00,3.179126679897308350e-01,3.176280260086059570e-01,6.146262109375000000e+04,3.896682421875000000e+04,1.505531250000000000e+04,5.320216015625000000e+04,-4.389637072919002734e+06
5.460000000000000409e-01,-1.878773094966194321e+02,-3.080157828927013064e+00,-3.922238112180869507e+01,-9.092264648437500000e+03,3.539923706054687500e+02,2.122663574218750000e+03,3.155577778816223145e-01,-3.080327436327934265e-02,3.137380778789520264e-01,3.152809441089630127e-01,9.459200936801825321e+01,3.080157828927013064e+00,3.922238112180869507e+01,-9.328530012860117893e+01,0.000000000000000000e+00,0.000000000000000000e+00,3.155577778816223145e-01,0.000000000000000000e+00,3.137380778789520264e-01,3.152809441089630127e-01,6.157536328125000000e+04,3.874159375000000000e+04,1.516730859375000000e+04,5.331519531250000000e+04,-4.426482838895807043e+06
5.470000000000000417e-01,-1.787867754234454196e+02,-9.517301551656608405e-01,-3.959954395908660274e+01,-9.102728515625000000e+03,3.790875549316406250e+02,2.130350830078125000e+03,3.182920217514038086e-01,-1.479640975594520569e-02,3.081473112106323242e-01,3.116019666194915771e-01,8.550147529484425490e+01,9.517301551656608405e-01,3.959954395908660274e+01,-9.328530012860117893e+01,0.000000000000000000e+00,0.000000000000000000e+00,3.182920217514038086e-01,0.000000000000000000e+00,3.081473112106323242e-01,3.116019666194915771e-01,6.168909765625000000e+04,3.851529296875000000e+04,1.527859082031250000e+04,5.342928906250000000e+04,-4.460016579634176567e+06
5.480000000000000426e-01,-1.696719725066203637e+02,1.092821812328978126e+00,-4.033595784004418050e+01,-9.112804687500000000e+03,4.058951110839843750e+02,2.137212158203125000e+03,3.212026357650756836e-01,2.834834158420562744e-03,3.012461662292480469e-01,3.065815865993499756e-01,7.638667237801918475e+01,-1.092821812328978126e+00,4.033595784004418050e+01,-9.328530012860117893e+01,0.000000000000000000e+00,0.000000000000000000e+00,3.212026357650756836e-01,2.834834158420562744e-03,3.012461662292480469e-01,3.065815865993499756e-01,6.180271093750000000e+04,3.828880859375000000e+04,1.539014648437500000e+04,5.354314843750000000e+04,-4.490433341642851010e+06
5.490000000000000435e-01,-1.605136722501010524e+02,2.987843933641460392e+00,-4.141523243328711601e+01,-9.118769531250000000e+03,4.335509643554687500e+02,2.139260253906250000e+03,3.245678544044494629e-01,2.180002443492412567e-02,2.929613292217254639e-01,3.003239333629608154e-01,6.722837212149987351e+01,-2.987843933641460392e+00,4.141523243328711601e+01,-9.328530012860117893e+01,0.000000000000000000e+00,0.000000000000000000e+00,3.245678544044494629e-01,2.180002443492412567e-02,2.929613292217254639e-01,3.003239333629608154e-01,6.191554687500000000e+04,3.806357031250000000e+04,1.550241308593750000e+04,5.365603906250000000e+04,-4.517922129310938530e+06
5.500000000000000444e-01,-1.512990336651310770e+02,4.682160114944212914e+00,-4.281413085768119942e+01,-9.119950195312500000e+03,4.608182373046875000e+02,2.148618408203125000e+03,3.285363614559173584e-01,4.181283712387084961e-02,2.832593321800231934e-01,2.929354310035705566e-01,5.801373353652989806e+01,-4.682160114944212914e+00,4.281413085768119942e+01,-9.328530012860117893e+01,0.000000000000000000e+00,0.000000000000000000e+00,3.285363614559173584e-01,4.181283712387084961e-02,2.832593321800231934e-01,2.929354310035705566e-01,6.202963281250000000e+04,3.783693359375000000e+04,1.561315625000000000e+04,5.377005078125000000e+04,-4.542668499323382042e+06
5.510000000000000453e-01,-1.420227530605310733e+02,6.120991683694307461e+00,-4.449729285493120301e+01,-9.116684570312500000e+03,4.870974426269531250e+02,2.156632812500000000e+03,3.323298096656799316e-01,6.290587037801742554e-02,2.725324928760528564e-01,2.847567796707153320e-01,4.873745293192988726e+01,-6.120991683694307461e+00,4.449729285493120301e+01,-9.328530012860117893e+01,0.000000000000000000e+00,0.000000000000000000e+00,3.323298096656799316e-01,6.290587037801742554e-02,2.725324928760528564e-01,2.847567796707153320e-01,6.214354296875000000e+04,3.761035156250000000e+04,1.572440820312500000e+04,5.388378906250000000e+04,-4.564856437320884317e+06
5.520000000000000462e-01,-1.326851429291702971e+02,7.257529533954302003e+00,-4.642159150961841618e+01,-9.112282226562500000e+03,5.133058471679687500e+02,2.165925048828125000e+03,3.363014459609985352e-01,8.461377024650573730e-02,2.608205080032348633e-01,2.759875059127807617e-01,3.939984280056911103e+01,-7.257529533954302003e+00,4.642159150961841618e+01,-9.328530012860117893e+01,0.000000000000000000e+00,0.000000000000000000e+00,3.363014459609985352e-01,8.461377024650573730e-02,2.608205080032348633e-01,2.759875059127807617e-01,6.225771484375000000e+04,3.738386328125000000e+04,1.583557812500000000e+04,5.399769921875000000e+04,-4.584669420368241146e+06
5.530000000000000471e-01,-1.232890513900743343e+02,8.055678409299986242e+00,-4.854092103012350634e+01,-9.112518554687500000e+03,5.402635498046875000e+02,2.183474609375000000e+03,3.401174247264862061e-01,1.068364605307579041e-01,2.484750747680664062e-01,2.669239044189453125e-01,3.000375126147315541e+01,-8.055678409299986242e+00,4.854092103012350634e+01,-9.328530012860117893e+01,0.000000000000000000e+00,0.000000000000000000e+00,3.401174247264862061e-01,1.068364605307579041e-01,2.484750747680664062e-01,2.669239044189453125e-01,6.237332031250000000e+04,3.724137890625000000e+04,1.594517382812500000e+04,5.411297656250000000e+04,-4.602290725529992022e+06
5.540000000000000480e-01,-1.138430496137310826e+02,8.479230812626214586e+00,-5.079309003670389444e+01,-9.120921875000000000e+03,5.694666137695312500e+02,2.198482421875000000e+03,3.431360125541687012e-01,1.295498609542846680e-01,2.360427528619766235e-01,2.579940557479858398e-01,2.055774948512990719e+01,-8.479230812626214586e+00,5.079309003670389444e+01,-9.328530012860117893e+01,0.000000000000000000e+00,0.000000000000000000e+00,3.431360125541687012e-01,1.295498609542846680e-01,2.360427528619766235e-01,2.579940557479858398e-01,6.248855859375000000e+04,3.728496093750000000e+04,1.605502050781250000e+04,5.422792187500000000e+04,-4.617902800825997256e+06
5.550000000000000488e-01,-1.043586339311236770e+02,8.505072250899241126e+00,-5.311710372491933185e+01,-9.139949218750000000e+03,6.022229003906250000e+02,2.220914550781250000e+03,3.457778096199035645e-01,1.523555815219879150e-01,2.236595302820205688e-01,2.493722289800643921e-01,1.107333380252249810e+01,-8.505072250899241126e+00,5.311710372491933185e+01,-9.328530012860117893e+01,0.000000000000000000e+00,0.000000000000000000e+00,3.457778096199035645e-01,1.523555815219879150e-01,2.236595302820205688e-01,2.493722289800643921e-01,6.260508984375000000e+04,3.739385546875000000e+04,1.616390527343750000e+04,5.434428906250000000e+04,-4.631687288264084607e+06
5.560000000000000497e-01,-9.485223385878744295e+01,8.119066422169449737e+00,-5.544389301385685798e+01,-9.168714843750000000e+03,6.377376098632812500e+02,2.248268066406250000e+03,3.472422063350677490e-01,1.752777099609375000e-01,2.119916528463363647e-01,2.415516972541809082e-01,1.566933730186263585e+00,-8.119066422169449737e+00,5.544389301385685798e+01,-9.328530012860117893e+01,0.000000000000000000e+00,0.000000000000000000e+00,3.472422063350677490e-01,1.752777099609375000e-01,2.119916528463363647e-01,2.415516972541809082e-01,6.272246875000000000e+04,3.750159375000000000e+04,1.627208496093750000e+04,5.446163671875000000e+04,-4.643824179044186138e+06
5.570000000000000506e-01,-8.534642138930830413e+01,7.319136796774255771e+00,-5.769577560350989387e+01,-9.201991210937500000e+03,6.752955322265625000e+02,2.274944091796875000e+03,3.475685715675354004e-01,1.978892385959625244e-01,2.014304399490356445e-01,2.349500805139541626e-01,-7.938878739292874798e+00,-7.319136796774255771e+00,5.769577560350989387e+01,-9.328530012860117893e+01,0.000000000000000000e+00,0.000000000000000000e+00,3.475685715675354004e-01,1.978892385959625244e-01,2.014304399490356445e-01,2.349500805139541626e-01,6.283973828125000000e+04,3.760988671875000000e+04,1.638002050781250000e+04,5.457890234375000000e+04,-4.654490562974087894e+06
5.580000000000000515e-01,-7.586424724128409025e+01,6.118239890282515248e+00,-5.980514814859311912e+01,-9.233983398437500000e+03,7.123999633789062500e+02,2.309904296875000000e+03,3.470980226993560791e-01,2.197457551956176758e-01,1.922366470098495483e-01,2.298591583967208862e-01,-1.742105288731709578e+01,-6.118239890282515248e+00,5.980514814859311912e+01,-9.328530012860117893e+01,0.000000000000000000e+00,0.000000000000000000e+00,3.470980226993560791e-01,2.197457551956176758e-01,1.922366470098495483e-01,2.298591583967208862e-01,6.295835156250000000e+04,3.771662500000000000e+04,1.648665039062500000e+04,5.469745703125000000e+04,-4.663860035588004626e+06
5.590000000000000524e-01,-6.642874747974292404e+01,4.547152638886357678e+00,-6.169799753520857166e+01,-9.258135742187500000e+03,7.456770019531250000e+02,2.340319580078125000e+03,3.453476727008819580e-01,2.405153214931488037e-01,1.850499510765075684e-01,2.268890738487243652e-01,-2.685655264885825488e+01,-4.547152638886357678e+00,6.169799753520857166e+01,-9.328530012860117893e+01,0.000000000000000000e+00,0.000000000000000000e+00,3.453476727008819580e-01,2.405153214931488037e-01,1.850499510765075684e-01,2.268890738487243652e-01,6.307613671875000000e+04,3.782394140625000000e+04,1.659424218750000000e+04,5.481510937500000000e+04,-4.672100133576707914e+06
5.600000000000000533e-01,-5.705565065748013609e+01,2.652610508151293622e+00,-6.331156068538921744e+01,-9.270311523437500000e+03,7.728632202148437500e+02,2.366130126953125000e+03,3.433064520359039307e-01,2.596088945865631104e-01,1.799088120460510254e-01,2.261478155851364136e-01,-3.622964947112104284e+01,-2.652610508151293622e+00,6.331156068538921744e+01,-9.328530012860117893e+01,0.000000000000000000e+00,0.000000000000000000e+00,3.433064520359039307e-01,2.596088945865631104e-01,1.799088120460510254e-01,2.261478155851364136e-01,6.319305078125000000e+04,3.793234375000000000e+04,1.670262695312500000e+04,5.493188281250000000e+04,-4.679370870907584205e+06
5.610000000000000542e-01,-4.774731978820485523e+01,4.893844133531924934e-01,-6.460100207438217979e+01,-9.271480468750000000e+03,7.925709838867187500e+02,2.392999755859375000e+03,3.411792814731597900e-01,2.768416702747344971e-01,1.770558655261993408e-01,2.277509421110153198e-01,-4.553798034039632370e+01,-4.893844133531924934e-01,6.460100207438217979e+01,-9.328530012860117893e+01,0.000000000000000000e+00,0.000000000000000000e+00,3.411792814731597900e-01,2.768416702747344971e-01,1.770558655261993408e-01,2.277509421110153198e-01,6.331003125000000000e+04,3.804030468750000000e+04,1.681043945312500000e+04,5.504877734375000000e+04,-4.685824206420660019e+06
5.620000000000000551e-01,-3.849254361730066876e+01,-1.873844301166419646e+00,-6.552362861667380400e+01,-9.264413085937500000e+03,8.061879272460937500e+02,2.408307861328125000e+03,3.388097286224365234e-01,2.922382652759552002e-01,1.767929494380950928e-01,2.317313849925994873e-01,-5.479275651130051017e+01,1.873844301166419646e+00,6.552362861667380400e+01,-9.328530012860117893e+01,0.000000000000000000e+00,0.000000000000000000e+00,3.388097286224365234e-01,2.922382652759552002e-01,1.767929494380950928e-01,2.317313849925994873e-01,6.342499218750000000e+04,3.815033203125000000e+04,1.692046679687500000e+04,5.516371093750000000e+04,-4.691602739534351043e+06
5.629999999999999449e-01,-2.926427127721100874e+01,-4.368923093529607726e+00,-6.605207148070275025e+01,-9.255526367187500000e+03,8.164730834960937500e+02,2.418953857421875000e+03,3.372900784015655518e-01,3.061455488204956055e-01,1.787110716104507446e-01,2.372465431690216064e-01,-6.402102885139017019e+01,4.368923093529607726e+00,6.605207148070275025e+01,-9.328530012860117893e+01,0.000000000000000000e+00,0.000000000000000000e+00,3.372900784015655518e-01,3.061455488204956055e-01,1.787110716104507446e-01,2.372465431690216064e-01,6.353911718750000000e+04,3.826120703125000000e+04,1.703141601562500000e+04,5.527782812500000000e+04,-4.696841100743626244e+06
5.639999999999999458e-01,-2.002328356327572578e+01,-6.927468911284924147e+00,-6.616772185037238785e+01,-9.250835937500000000e+03,8.255297241210937500e+02,2.427380859375000000e+03,3.364596068859100342e-01,3.191419839859008789e-01,1.827597171068191528e-01,2.436991333961486816e-01,-7.326201656532545314e+01,6.927468911284924147e+00,6.616772185037238785e+01,-9.328530012860117893e+01,0.000000000000000000e+00,0.000000000000000000e+00,3.364596068859100342e-01,3.191419839859008789e-01,1.827597171068191528e-01,2.436991333961486816e-01,6.365285156250000000e+04,3.837212500000000000e+04,1.714248242187500000e+04,5.539156640625000000e+04,-4.701668189868666232e+06
5.649999999999999467e-01,-1.072518760456189568e+01,-9.474157055282791617e+00,-6.585583116177450336e+01,-9.252046875000000000e+03,8.361419677734375000e+02,2.428186523437500000e+03,3.363956809043884277e-01,3.317075371742248535e-01,1.886319816112518311e-01,2.503945529460906982e-01,-8.256011252403928324e+01,9.474157055282791617e+00,6.585583116177450336e+01,-9.328530012860117893e+01,0.000000000000000000e+00,0.000000000000000000e+00,3.363956809043884277e-01,3.317075371742248535e-01,1.886319816112518311e-01,2.503945529460906982e-01,6.376532421875000000e+04,3.848469921875000000e+04,1.725475585937500000e+04,5.550407421875000000e+04,-4.706209969667735510e+06
5.659999999999999476e-01,-1.326046041537580322e+00,-1.194218014633806746e+01,-6.511130385272585386e+01,-9.259216796875000000e+03,8.496986083984375000e+02,2.432836425781250000e+03,3.374247550964355469e-01,3.443125784397125244e-01,1.954885572195053101e-01,2.564636170864105225e-01,-9.195925408706359860e+01,1.194218014633806746e+01,6.511130385272585386e+01,-9.328530012860117893e+01,0.000000000000000000e+00,0.000000000000000000e+00,3.374247550964355469e-01,3.443125784397125244e-01,1.954885572195053101e-01,2.564636170864105225e-01,6.387846875000000000e+04,3.859653515625000000e+04,1.736662500000000000e+04,5.561734765625000000e+04,-4.710593825621888973e+06
5.669999999999999485e-01,8.210705086227306992e+00,-1.425972336545199859e+01,-6.393789905355376391e+01,-9.269147460937500000e+03,8.645223388671875000e+02,2.438056396484375000e+03,3.381069302558898926e-01,3.568595349788665771e-01,2.027529776096343994e-01,2.619312405586242676e-01,-1.014960052148284859e+02,1.425972336545199859e+01,6.393789905355376391e+01,-9.328530012860117893e+01,0.000000000000000000e+00,0.000000000000000000e+00,3.381069302558898926e-01,3.568595349788665771e-01,2.027529776096343994e-01,2.619312405586242676e-01,6.399173437500000000e+04,3.870796484375000000e+04,1.747845507812500000e+04,5.573086328125000000e+04,-4.714952635945743881e+06
5.679999999999999494e-01,1.790766636792700695e+01,-1.635426107033308440e+01,-6.235214231060873402e+01,-9.276661132812500000e+03,8.793417968750000000e+02,2.442873291015625000e+03,3.376228809356689453e-01,3.689274191856384277e-01,2.093067318201065063e-01,2.669539749622344971e-01,-1.111929664965281859e+02,1.635426107033308440e+01,6.235214231060873402e+01,-9.328530012860117893e+01,0.000000000000000000e+00,0.000000000000000000e+00,3.376228809356689453e-01,3.689274191856384277e-01,2.093067318201065063e-01,2.669539749622344971e-01,6.410496875000000000e+04,3.881990625000000000e+04,1.758994921875000000e+04,5.584444921875000000e+04,-4.719428571966367774e+06
5.689999999999999503e-01,2.777291071496443919e+01,-1.816607104816017682e+01,-6.038204511312583378e+01,-9.278959960937500000e+03,8.924676513671875000e+02,2.457694580078125000e+03,3.350829184055328369e-01,3.800701797008514404e-01,2.139977514743804932e-01,2.717588245868682861e-01,-1.210582108435656181e+02,1.816607104816017682e+01,6.038204511312583378e+01,-9.328530012860117893e+01,0.000000000000000000e+00,0.000000000000000000e+00,3.350829184055328369e-01,3.800701797008514404e-01,2.139977514743804932e-01,2.717588245868682861e-01,6.421992578125000000e+04,3.893001171875000000e+04,1.770006640625000000e+04,5.595976562500000000e+04,-4.724175904045319185e+06
5.699999999999999512e-01,3.779748136835932826e+01,-1.963227353734689729e+01,-5.807523534280541355e+01,-9.275612304687500000e+03,9.019318847656250000e+02,2.472659667968750000e+03,3.293051421642303467e-01,3.897518217563629150e-01,2.162479013204574585e-01,2.767120599746704102e-01,-1.310827814969605072e+02,1.963227353734689729e+01,5.807523534280541355e+01,-9.328530012860117893e+01,0.000000000000000000e+00,0.000000000000000000e+00,3.293051421642303467e-01,3.897518217563629150e-01,2.162479013204574585e-01,2.767120599746704102e-01,6.433499609375000000e+04,3.903985156250000000e+04,1.781030664062500000e+04,5.607508203125000000e+04,-4.729362712767478079e+06
5.709999999999999520e-01,4.795757460216715629e+01,-2.070009050235434955e+01,-5.549541988204998688e+01,-9.268899414062500000e+03,9.081784667968750000e+02,2.488946044921875000e+03,3.211930394172668457e-01,3.980984389781951904e-01,2.152438610792160034e-01,2.814390361309051514e-01,-1.412428747307683352e+02,2.070009050235434955e+01,5.549541988204998688e+01,-9.328530012860117893e+01,0.000000000000000000e+00,0.000000000000000000e+00,3.211930394172668457e-01,3.980984389781951904e-01,2.152438610792160034e-01,2.814390361309051514e-01,6.445041015625000000e+04,3.914987109375000000e+04,1.791999023437500000e+04,5.619052734375000000e+04,-4.735170877103891224e+06
5.719999999999999529e-01,5.822139409070591398e+01,-2.133287638522097396e+01,-5.271304830062089763e+01,-9.264094726562500000e+03,9.124506835937500000e+02,2.515759277343750000e+03,3.112312555313110352e-01,4.054044485092163086e-01,2.107149809598922729e-01,2.854450941085815430e-01,-1.515066942193070929e+02,2.133287638522097396e+01,5.271304830062089763e+01,-9.328530012860117893e+01,0.000000000000000000e+00,0.000000000000000000e+00,3.112312555313110352e-01,4.054044485092163086e-01,2.107149809598922729e-01,2.854450941085815430e-01,6.456768359375000000e+04,3.925793750000000000e+04,1.802800000000000000e+04,5.630762109375000000e+04,-4.741794364909767173e+06
5.729999999999999538e-01,6.854509996636359404e+01,-2.149738010493626206e+01,-4.982034537160768650e+01,-9.265604492187500000e+03,9.165250244140625000e+02,2.540654785156250000e+03,2.994933128356933594e-01,4.119042158126831055e-01,2.029071897268295288e-01,2.882757186889648438e-01,-1.618304000949647730e+02,2.149738010493626206e+01,4.982034537160768650e+01,-9.328530012860117893e+01,0.000000000000000000e+00,0.000000000000000000e+00,2.994933128356933594e-01,4.119042158126831055e-01,2.029071897268295288e-01,2.882757186889648438e-01,6.468467968750000000e+04,3.936618359375000000e+04,1.813653125000000000e+04,5.642429687500000000e+04,-4.749436999803488143e+06
5.739999999999999547e-01,7.887957193150059254e+01,-2.117643679301385262e+01,-4.691609091553135613e+01,-9.275808593750000000e+03,9.222866821289062500e+02,2.566406738281250000e+03,2.874380350112915039e-01,4.182690978050231934e-01,1.916262358427047729e-01,2.891258001327514648e-01,-1.721648720601017715e+02,2.117643679301385262e+01,4.691609091553135613e+01,-9.328530012860117893e+01,0.000000000000000000e+00,0.000000000000000000e+00,2.874380350112915039e-01,4.182690978050231934e-01,1.916262358427047729e-01,2.891258001327514648e-01,6.480175000000000000e+04,3.947460546875000000e+04,1.824482226562500000e+04,5.654105078125000000e+04,-4.758308547733628191e+06
5.749999999999999556e-01,-2.708229857350462453e+02,-2.037012569928894834e+01,-4.409399280633209628e+01,-9.294531250000000000e+03,9.299421386718750000e+02,2.600790771484375000e+03,2.754407525062561035e-01,4.247563779354095459e-01,1.772436797618865967e-01,2.875505983829498291e-01,1.775376856064450806e+02,2.037012569928894834e+01,4.409399280633209628e+01,-9.328530012860117893e+01,0.000000000000000000e+00,0.000000000000000000e+00,2.754407525062561035e-01,4.247563779354095459e-01,1.772436797618865967e-01,2.875505983829498291e-01,6.492010937500000000e+04,3.958137500000000000e+04,1.835144335937500000e+04,5.665919921875000000e+04,-4.834012859558682889e+06
5.759999999999999565e-01,-2.606144273856033351e+02,-1.909449668713433823e+01,-4.145888606565291923e+01,-9.316843750000000000e+03,9.387051391601562500e+02,2.629643798828125000e+03,2.733012437820434570e-01,-6.692046672105789185e-02,3.157397806644439697e-01,2.796935141086578369e-01,1.673291272570021704e+02,1.909449668713433823e+01,4.145888606565291923e+01,-9.328530012860117893e+01,0.000000000000000000e+00,0.000000000000000000e+00,2.733012437820434570e-01,0.000000000000000000e+00,3.157397806644439697e-01,2.796935141086578369e-01,6.503737500000000000e+04,3.968900781250000000e+04,1.845927343750000000e+04,5.677639843750000000e+04,-4.904016178357748315e+06
5.769999999999999574e-01,-2.505361170602876655e+02,-1.738525295904730683e+01,-3.909628872407484579e+01,-9.336767578125000000e+03,9.464351806640625000e+02,2.660427246093750000e+03,2.691350579261779785e-01,-5.628164857625961304e-02,3.206042349338531494e-01,2.849592566490173340e-01,1.572508169316865008e+02,1.738525295904730683e+01,3.909628872407484579e+01,-9.328530012860117893e+01,0.000000000000000000e+00,0.000000000000000000e+00,2.691350579261779785e-01,0.000000000000000000e+00,3.206042349338531494e-01,2.849592566490173340e-01,6.515485546875000000e+04,3.945894531250000000e+04,1.856684960937500000e+04,5.689389453125000000e+04,-4.968615291121840477e+06
5.779999999999999583e-01,-2.406160777404191435e+02,-1.529261032927942843e+01,-3.707416340226795626e+01,-9.349096679687500000e+03,9.511812744140625000e+02,2.693947509765625000e+03,2.659069299697875977e-01,-4.466731101274490356e-02,3.241544663906097412e-01,2.893097400665283203e-01,1.473307776118179788e+02,1.529261032927942843e+01,3.707416340226795626e+01,-9.328530012860117893e+01,0.000000000000000000e+00,0.000000000000000000e+00,2.659069299697875977e-01,0.000000000000000000e+00,3.241544663906097412e-01,2.893097400665283203e-01,6.527276953125000000e+04,3.922818750000000000e+04,1.867355273437500000e+04,5.701182421875000000e+04,-5.028119745511685498e+06
5.789999999999999591e-01,-2.308689116799486101e+02,-1.288516618714189477e+01,-3.545247542889205050e+01,-9.350331054687500000e+03,9.512576293945312500e+02,2.717144042968750000e+03,2.637293934822082520e-01,-3.224299475550651550e-02,3.261743485927581787e-01,2.926523089408874512e-01,1.375836115513474169e+02,1.288516618714189477e+01,3.545247542889205050e+01,-9.328530012860117893e+01,0.000000000000000000e+00,0.000000000000000000e+00,2.637293934822082520e-01,0.000000000000000000e+00,3.261743485927581787e-01,2.926523089408874512e-01,6.538898828125000000e+04,3.899917968750000000e+04,1.878229296875000000e+04,5.712801953125000000e+04,-5.082843105413676240e+06
5.799999999999999600e-01,-2.212871385587650366e+02,-1.023773995900926970e+01,-3.426612478518424609e+01,-9.341955078125000000e+03,9.465313720703125000e+02,2.735345947265625000e+03,2.631815075874328613e-01,-1.951068639755249023e-02,3.263805508613586426e-01,2.948670387268066406e-01,1.280018384301638719e+02,1.023773995900926970e+01,3.426612478518424609e+01,-9.328530012860117893e+01,0.000000000000000000e+00,0.000000000000000000e+00,2.631815075874328613e-01,0.000000000000000000e+00,3.263805508613586426e-01,2.948670387268066406e-01,6.550441796875000000e+04,3.877119140625000000e+04,1.889200585937500000e+04,5.724337890625000000e+04,-5.133090081732464023e+06
5.809999999999999609e-01,-2.118431617361654844e+02,-7.421656349647797413e+00,-3.352962070113374438e+01,-9.328885742187500000e+03,9.378005981445312500e+02,2.756649902343750000e+03,2.639952898025512695e-01,-6.364433094859123230e-03,3.247333765029907227e-01,2.958724498748779297e-01,1.185578616075643055e+02,7.421656349647797413e+00,3.352962070113374438e+01,-9.328530012860117893e+01,0.000000000000000000e+00,0.000000000000000000e+00,2.639952898025512695e-01,0.000000000000000000e+00,3.247333765029907227e-01,2.958724498748779297e-01,6.562042187500000000e+04,3.854240234375000000e+04,1.900076367187500000e+04,5.735927734375000000e+04,-5.179146923354173079e+06
5.819999999999999618e-01,-2.024978311733577812e+02,-4.513211402472649958e+00,-3.325409167918202513e+01,-9.314653320312500000e+03,9.280713500976562500e+02,2.773382568359375000e+03,2.656863331794738770e-01,7.524855434894561768e-03,3.213535249233245850e-01,2.956569194793701172e-01,1.092125310447566022e+02,4.513211402472649958e+00,3.325409167918202513e+01,-9.328530012860117893e+01,0.000000000000000000e+00,0.000000000000000000e+00,2.656863331794738770e-01,7.524855434894561768e-03,3.213535249233245850e-01,2.956569194793701172e-01,6.573578125000000000e+04,3.831459375000000000e+04,1.911054101562500000e+04,5.747446093750000000e+04,-5.221278498674657196e+06
5.829999999999999627e-01,-1.932024469931791089e+02,-1.579287189574664740e+00,-3.344138056076286603e+01,-9.303301757812500000e+03,9.198534545898437500e+02,2.795671875000000000e+03,2.683475017547607422e-01,2.224171906709671021e-02,3.161480724811553955e-01,2.939899265766143799e-01,9.991714686457792993e+01,1.579287189574664740e+00,3.344138056076286603e+01,-9.328530012860117893e+01,0.000000000000000000e+00,0.000000000000000000e+00,2.683475017547607422e-01,2.224171906709671021e-02,3.161480724811553955e-01,2.939899265766143799e-01,6.585222656250000000e+04,3.808587890625000000e+04,1.921956835937500000e+04,5.759063671875000000e+04,-5.259726504280646332e+06
5.839999999999999636e-01,-1.839057046106358371e+02,1.315323421128199888e+00,-3.409045037748150975e+01,-9.296168945312500000e+03,9.131983642578125000e+02,2.825840332031250000e+03,2.713366150856018066e-01,3.833410516381263733e-02,3.092812001705169678e-01,2.908303141593933105e-01,9.062040448203467236e+01,-1.315323421128199888e+00,3.409045037748150975e+01,-9.328530012860117893e+01,0.000000000000000000e+00,0.000000000000000000e+00,2.713366150856018066e-01,3.833410516381263733e-02,3.092812001705169678e-01,2.908303141593933105e-01,6.597010156250000000e+04,3.785551953125000000e+04,1.932689843750000000e+04,5.770821093750000000e+04,-5.294711701351622120e+06
5.849999999999999645e-01,-1.745613394022898888e+02,4.097041405370007716e+00,-3.519817629758259869e+01,-9.289932617187500000e+03,9.082862548828125000e+02,2.855998779296875000e+03,2.743419408798217773e-01,5.588658154010772705e-02,3.008343875408172607e-01,2.862069308757781982e-01,8.127603927368869563e+01,-4.097041405370007716e+00,3.519817629758259869e+01,-9.328530012860117893e+01,0.000000000000000000e+00,0.000000000000000000e+00,2.743419408798217773e-01,5.588658154010772705e-02,3.008343875408172607e-01,2.862069308757781982e-01,6.608792968750000000e+04,3.762559375000000000e+04,1.943440039062500000e+04,5.782586718750000000e+04,-5.326439059928496368e+06
5.859999999999999654e-01,-1.651305706399767530e+02,6.696939688622548736e+00,-3.675430310701185732e+01,-9.282203125000000000e+03,9.037015991210937500e+02,2.891805908203125000e+03,2.775443494319915771e-01,7.462850213050842285e-02,2.906710803508758545e-01,2.800070941448211670e-01,7.184527051137557407e+01,-6.696939688622548736e+00,3.675430310701185732e+01,-9.328530012860117893e+01,0.000000000000000000e+00,0.000000000000000000e+00,2.775443494319915771e-01,7.462850213050842285e-02,2.906710803508758545e-01,2.800070941448211670e-01,6.620650781250000000e+04,3.739457812500000000e+04,1.954116015625000000e+04,5.794454296875000000e+04,-5.355102893086455762e+06
5.869999999999999662e-01,-1.555868378801268364e+02,9.037797542297873576e+00,-3.873541972311524262e+01,-9.270273437500000000e+03,8.967509765625000000e+02,2.923450927734375000e+03,2.805708646774291992e-01,9.448165446519851685e-02,2.789759933948516846e-01,2.724544107913970947e-01,6.230153775152567164e+01,-9.037797542297873576e+00,3.873541972311524262e+01,-9.328530012860117893e+01,0.000000000000000000e+00,0.000000000000000000e+00,2.805708646774291992e-01,9.448165446519851685e-02,2.789759933948516846e-01,2.724544107913970947e-01,6.632419531250000000e+04,3.716655859375000000e+04,1.964829296875000000e+04,5.806258593750000000e+04,-5.380892271733534522e+06
5.879999999999999671e-01,-1.459194903681373887e+02,1.104268799690471425e+01,-4.110106665023555195e+01,-9.252586914062500000e+03,8.869514160156250000e+02,2.946020019531250000e+03,2.837748229503631592e-01,1.147977933287620544e-01,2.657682597637176514e-01,2.636958956718444824e-01,5.263419023953621689e+01,-1.104268799690471425e+01,4.110106665023555195e+01,-9.328530012860117893e+01,0.000000000000000000e+00,0.000000000000000000e+00,2.837748229503631592e-01,1.147977933287620544e-01,2.657682597637176514e-01,2.636958956718444824e-01,6.644028125000000000e+04,3.710990234375000000e+04,1.975703125000000000e+04,5.817916406250000000e+04,-5.403996008040815592e+06
5.889999999999999680e-01,-1.361309885024407436e+02,1.264709481212409869e+01,-4.379533942379078582e+01,-9.233083007812500000e+03,8.738181152343750000e+02,2.963764160156250000e+03,2.873498797416687012e-01,1.352228075265884399e-01,2.512351870536804199e-01,2.539606094360351562e-01,4.284568837383956463e+01,-1.264709481212409869e+01,4.379533942379078582e+01,-9.328530012860117893e+01,0.000000000000000000e+00,0.000000000000000000e+00,2.873498797416687012e-01,1.352228075265884399e-01,2.512351870536804199e-01,2.539606094360351562e-01,6.655558593750000000e+04,3.721938671875000000e+04,1.986678906250000000e+04,5.829496484375000000e+04,-5.424605634833899327e+06
5.899999999999999689e-01,-1.262372823098883288e+02,1.379468445981836133e+01,-4.674358983057842210e+01,-9.217016601562500000e+03,8.586115112304687500e+02,2.972794433593750000e+03,2.910188138484954834e-01,1.555917263031005859e-01,2.359254956245422363e-01,2.438012510538101196e-01,3.295198218128714984e+01,-1.379468445981836133e+01,4.674358983057842210e+01,-9.328530012860117893e+01,0.000000000000000000e+00,0.000000000000000000e+00,2.910188138484954834e-01,1.555917263031005859e-01,2.359254956245422363e-01,2.438012510538101196e-01,6.666949218750000000e+04,3.732892187500000000e+04,1.997771679687500000e+04,5.840932031250000000e+04,-5.442916742788481526e+06
5.909999999999999698e-01,-1.162623457648445822e+02,1.444861558760703701e+01,-4.986925873856397828e+01,-9.209892578125000000e+03,8.448867187500000000e+02,2.987058593750000000e+03,2.948889434337615967e-01,1.756592690944671631e-01,2.202990800142288208e-01,2.336300462484359741e-01,2.297704563624341034e+01,-1.444861558760703701e+01,4.986925873856397828e+01,-9.328530012860117893e+01,0.000000000000000000e+00,0.000000000000000000e+00,2.948889434337615967e-01,1.756592690944671631e-01,2.202990800142288208e-01,2.336300462484359741e-01,6.678434375000000000e+04,3.743917968750000000e+04,2.008783007812500000e+04,5.852454687500000000e+04,-5.459129381290758029e+06
5.919999999999999707e-01,-1.062383133124868380e+02,1.458204104038092730e+01,-5.308653698803298937e+01,-9.215185546875000000e+03,8.346580810546875000e+02,3.007093261718750000e+03,2.981193661689758301e-01,1.955929696559906006e-01,2.051788866519927979e-01,2.241682261228561401e-01,1.295301318388565903e+01,-1.458204104038092730e+01,5.308653698803298937e+01,-9.328530012860117893e+01,0.000000000000000000e+00,0.000000000000000000e+00,2.981193661689758301e-01,1.955929696559906006e-01,2.051788866519927979e-01,2.241682261228561401e-01,6.690032031250000000e+04,3.754814062500000000e+04,2.019720507812500000e+04,5.864071484375000000e+04,-5.473446776836525649e+06
5.929999999999999716e-01,-9.620604841772139082e+01,1.417972419802425676e+01,-5.629950002434461709e+01,-9.231763671875000000e+03,8.290015258789062500e+02,3.030197753906250000e+03,3.005475401878356934e-01,2.151417732238769531e-01,1.911645233631134033e-01,2.159496694803237915e-01,2.920748289120211005e+00,-1.417972419802425676e+01,5.629950002434461709e+01,-9.328530012860117893e+01,0.000000000000000000e+00,0.000000000000000000e+00,3.005475401878356934e-01,2.151417732238769531e-01,1.911645233631134033e-01,2.159496694803237915e-01,6.701699218750000000e+04,3.765703515625000000e+04,2.030577929687500000e+04,5.875737500000000000e+04,-5.486073078870002180e+06
5.939999999999999725e-01,-8.620780643630955353e+01,1.324292298945651680e+01,-5.941968632084810764e+01,-9.256101562500000000e+03,8.269116210937500000e+02,3.066587646484375000e+03,3.022451400756835938e-01,2.339549362659454346e-01,1.787792593240737915e-01,2.094497233629226685e-01,-7.077493692291626282e+00,-1.324292298945651680e+01,5.941968632084810764e+01,-9.328530012860117893e+01,0.000000000000000000e+00,0.000000000000000000e+00,3.022451400756835938e-01,2.339549362659454346e-01,1.787792593240737915e-01,2.094497233629226685e-01,6.713587500000000000e+04,3.776354296875000000e+04,2.041221484375000000e+04,5.887622265625000000e+04,-5.497210938892334700e+06
5.949999999999999734e-01,-7.628954091097207879e+01,1.179062805192927499e+01,-6.234588989301835227e+01,-9.281481445312500000e+03,8.252207031250000000e+02,3.100093505859375000e+03,3.025934696197509766e-01,2.516518831253051758e-01,1.688234508037567139e-01,2.055190503597259521e-01,-1.699575921762910369e+01,-1.179062805192927499e+01,6.234588989301835227e+01,-9.328530012860117893e+01,0.000000000000000000e+00,0.000000000000000000e+00,3.025934696197509766e-01,2.516518831253051758e-01,1.688234508037567139e-01,2.055190503597259521e-01,6.725407031250000000e+04,3.787031250000000000e+04,2.051935937500000000e+04,5.899456250000000000e+04,-5.507057061841152608e+06
5.959999999999999742e-01,-6.649041907821477082e+01,9.864503430983692311e+00,-6.498604381434101640e+01,-9.300541992187500000e+03,8.207096557617187500e+02,3.127779541015625000e+03,3.025062084197998047e-01,2.676770687103271484e-01,1.614775210618972778e-01,2.042932808399200439e-01,-2.679488105038640811e+01,-9.864503430983692311e+00,6.498604381434101640e+01,-9.328530012860117893e+01,0.000000000000000000e+00,0.000000000000000000e+00,3.025062084197998047e-01,2.676770687103271484e-01,1.614775210618972778e-01,2.042932808399200439e-01,6.737107031250000000e+04,3.797842578125000000e+04,2.062713085937500000e+04,5.911190625000000000e+04,-5.515798531988929026e+06
5.969999999999999751e-01,-5.683376063873141248e+01,7.523402995827273010e+00,-6.727022195985297515e+01,-9.308774414062500000e+03,8.101171875000000000e+02,3.153616943359375000e+03,3.021625280380249023e-01,2.817328274250030518e-01,1.570721119642257690e-01,2.060399949550628662e-01,-3.645153948986976644e+01,-7.523402995827273010e+00,6.727022195985297515e+01,-9.328530012860117893e+01,0.000000000000000000e+00,0.000000000000000000e+00,3.021625280380249023e-01,2.817328274250030518e-01,1.570721119642257690e-01,2.060399949550628662e-01,6.748770312500000000e+04,3.808657031250000000e+04,2.073535351562500000e+04,5.922891796875000000e+04,-5.523610492692435160e+06
5.979999999999999760e-01,-4.732468902213507533e+01,4.846280598630260172e+00,-6.913707566300116980e+01,-9.305364257812500000e+03,7.920335693359375000e+02,3.163395996093750000e+03,3.013435006141662598e-01,2.936172783374786377e-01,1.559603065252304077e-01,2.110171467065811157e-01,-4.596061110646610359e+01,-4.846280598630260172e+00,6.913707566300116980e+01,-9.328530012860117893e+01,0.000000000000000000e+00,0.000000000000000000e+00,3.013435006141662598e-01,2.936172783374786377e-01,1.559603065252304077e-01,2.110171467065811157e-01,6.760170312500000000e+04,3.819749218750000000e+04,2.084646875000000000e+04,5.934323437500000000e+04,-5.530653540550349280e+06
5.989999999999999769e-01,-3.794364117757448440e+01,1.911307797428814848e+00,-7.055400093762584390e+01,-9.295002929687500000e+03,7.677221679687500000e+02,3.169893798828125000e+03,3.009172677993774414e-01,3.035584390163421631e-01,1.578472554683685303e-01,2.185157686471939087e-01,-5.534165895102669452e+01,-1.911307797428814848e+00,7.055400093762584390e+01,-9.328530012860117893e+01,0.000000000000000000e+00,0.000000000000000000e+00,3.009172677993774414e-01,3.035584390163421631e-01,1.578472554683685303e-01,2.185157686471939087e-01,6.771521875000000000e+04,3.830907031250000000e+04,2.095772070312500000e+04,5.945698046875000000e+04,-5.537074780601965263e+06
5.999999999999999778e-01,-2.865143894351312781e+01,-1.208023853352987231e+00,-7.150217042395182432e+01,-9.283876953125000000e+03,7.398909912109375000e+02,3.178815673828125000e+03,3.002806007862091064e-01,3.118349015712738037e-01,1.629053205251693726e-01,2.283610552549362183e-01,-6.463386118508805112e+01,1.208023853352987231e+00,7.150217042395182432e+01,-9.328530012860117893e+01,0.000000000000000000e+00,0.000000000000000000e+00,3.002806007862091064e-01,3.118349015712738037e-01,1.629053205251693726e-01,2.283610552549362183e-01,6.782931250000000000e+04,3.841991406250000000e+04,2.106879882812500000e+04,5.957111718750000000e+04,-5.543009705252464861e+06
6.009999999999999787e-01,-1.939447445853021179e+01,-4.431107145450784657e+00,-7.196223458503439474e+01,-9.277109375000000000e+03,7.122359008789062500e+02,3.180453369140625000e+03,2.994063496589660645e-01,3.189052343368530273e-01,1.710152328014373779e-01,2.398839592933654785e-01,-7.389082567007096713e+01,4.431107145450784657e+00,7.196223458503439474e+01,-9.328530012860117893e+01,0.000000000000000000e+00,0.000000000000000000e+00,2.994063496589660645e-01,3.189052343368530273e-01,1.710152328014373779e-01,2.398839592933654785e-01,6.794239843750000000e+04,3.853233984375000000e+04,2.118128320312500000e+04,5.968403125000000000e+04,-5.548584048808993772e+06
6.019999999999999796e-01,-1.010835266254824205e+01,-7.687522759869589883e+00,-7.192183335736014271e+01,-9.279359375000000000e+03,6.874690551757812500e+02,3.186923828125000000e+03,2.993123531341552734e-01,3.256480097770690918e-01,1.814714223146438599e-01,2.516765296459197998e-01,-8.317694746605293687e+01,7.687522759869589883e+00,7.192183335736014271e+01,-9.328530012860117893e+01,0.000000000000000000e+00,0.000000000000000000e+00,2.993123531341552734e-01,3.256480097770690918e-01,1.814714223146438599e-01,2.516765296459197998e-01,6.805628906250000000e+04,3.864387890625000000e+04,2.129249414062500000e+04,5.979773437500000000e+04,-5.553918075722211972e+06
6.029999999999999805e-01,-7.264481544441849792e-01,-1.089617241389655256e+01,-7.136768144745140319e+01,-9.289888671875000000e+03,6.666761474609375000e+02,3.189544433593750000e+03,2.994898557662963867e-01,3.323900103569030762e-01,1.939676553010940552e-01,2.632215023040771484e-01,-9.255885197415699395e+01,1.089617241389655256e+01,7.136768144745140319e+01,-9.328530012860117893e+01,0.000000000000000000e+00,0.000000000000000000e+00,2.994898557662963867e-01,3.323900103569030762e-01,1.939676553010940552e-01,2.632215023040771484e-01,6.816928906250000000e+04,3.875573046875000000e+04,2.140466015625000000e+04,5.991079687500000000e+04,-5.559130675977591425e+06
6.039999999999999813e-01,8.811057108532622806e+00,-1.396207173826941705e+01,-7.029388186551057061e+01,-9.303827148437500000e+03,6.498877563476562500e+02,3.178026123046875000e+03,3.001897931098937988e-01,3.395748734474182129e-01,2.073984444141387939e-01,2.736849188804626465e-01,-1.020963572371338017e+02,1.396207173826941705e+01,7.029388186551057061e+01,-9.328530012860117893e+01,0.000000000000000000e+00,0.000000000000000000e+00,3.001897931098937988e-01,3.395748734474182129e-01,2.073984444141387939e-01,2.736849188804626465e-01,6.827971093750000000e+04,3.887040625000000000e+04,2.151931445312500000e+04,6.002150000000000000e+04,-5.564344479979908094e+06
6.049999999999999822e-01,1.855133663958882551e+01,-1.680419667737066902e+01,-6.870686104285188378e+01,-9.316664062500000000e+03,6.350988769531250000e+02,3.168298828125000000e+03,3.011193871498107910e-01,3.474035859107971191e-01,2.202833741903305054e-01,2.827131748199462891e-01,-1.118366367681900044e+02,1.680419667737066902e+01,6.870686104285188378e+01,-9.328530012860117893e+01,0.000000000000000000e+00,0.000000000000000000e+00,3.011193871498107910e-01,3.474035859107971191e-01,2.202833741903305054e-01,2.827131748199462891e-01,6.839042968750000000e+04,3.898460546875000000e+04,2.163323632812500000e+04,6.013250390625000000e+04,-5.569691645851356909e+06
6.059999999999999831e-01,2.852211017055988407e+01,-1.933911906003235259e+01,-6.662936782278558212e+01,-9.323659179687500000e+03,6.196614379882812500e+02,3.156651855468750000e+03,2.999460101127624512e-01,3.549505472183227539e-01,2.316483408212661743e-01,2.911953032016754150e-01,-1.218074102991610630e+02,1.933911906003235259e+01,6.662936782278558212e+01,-9.328530012860117893e+01,0.000000000000000000e+00,0.000000000000000000e+00,2.999460101127624512e-01,3.549505472183227539e-01,2.316483408212661743e-01,2.911953032016754150e-01,6.850089062500000000e+04,3.909885546875000000e+04,2.174781835937500000e+04,6.024319140625000000e+04,-5.575318630802420899e+06
6.069999999999999840e-01,3.873005859017403907e+01,-2.149255487535263143e+01,-6.410119981749295448e+01,-9.323340820312500000e+03,6.021310424804687500e+02,3.148051269531250000e+03,2.960617244243621826e-01,3.618258237838745117e-01,2.401814907789230347e-01,2.994140386581420898e-01,-1.320153587187752180e+02,2.149255487535263143e+01,6.410119981749295448e+01,-9.328530012860117893e+01,0.000000000000000000e+00,0.000000000000000000e+00,2.960617244243621826e-01,3.618258237838745117e-01,2.401814907789230347e-01,2.994140386581420898e-01,6.861198437500000000e+04,3.921305078125000000e+04,2.186187695312500000e+04,6.035439453125000000e+04,-5.581389541973931715e+06
6.079999999999999849e-01,4.916663234043654995e+01,-2.320898144572988997e+01,-6.116961942729229662e+01,-9.318994140625000000e+03,5.819237670898437500e+02,3.159197753906250000e+03,2.890936434268951416e-01,3.677406311035156250e-01,2.450670003890991211e-01,3.074803650379180908e-01,-1.424519324690377289e+02,2.320898144572988997e+01,6.116961942729229662e+01,-9.328530012860117893e+01,0.000000000000000000e+00,0.000000000000000000e+00,2.890936434268951416e-01,3.677406311035156250e-01,2.450670003890991211e-01,3.074803650379180908e-01,6.872660937500000000e+04,3.932373437500000000e+04,2.197241210937500000e+04,6.046889453125000000e+04,-5.588087278870259412e+06
6.089999999999999858e-01,5.980053075330529566e+01,-2.442775041962870475e+01,-5.791174918624552959e+01,-9.315418945312500000e+03,5.595062255859375000e+02,3.174444580078125000e+03,2.786003947257995605e-01,3.723924756050109863e-01,2.461750954389572144e-01,3.153254687786102295e-01,-1.530858308819064746e+02,2.442775041962870475e+01,5.791174918624552959e+01,-9.328530012860117893e+01,0.000000000000000000e+00,0.000000000000000000e+00,2.786003947257995605e-01,3.723924756050109863e-01,2.461750954389572144e-01,3.153254687786102295e-01,6.884198437500000000e+04,3.943354296875000000e+04,2.208257617187500000e+04,6.058409375000000000e+04,-5.595613868033010513e+06
6.099999999999999867e-01,7.057898671745572017e+01,-2.509778567946236549e+01,-5.443178779056138694e+01,-9.317969726562500000e+03,5.368853759765625000e+02,3.188805664062500000e+03,2.663979530334472656e-01,3.766897916793823242e-01,2.430070638656616211e-01,3.220503032207489014e-01,-1.638642868460568991e+02,2.509778567946236549e+01,5.443178779056138694e+01,-9.328530012860117893e+01,0.000000000000000000e+00,0.000000000000000000e+00,2.663979530334472656e-01,3.766897916793823242e-01,2.430070638656616211e-01,3.220503032207489014e-01,6.895695312500000000e+04,3.954390234375000000e+04,2.219260742187500000e+04,6.069916015625000000e+04,-5.604187979767162353e+06
6.109999999999999876e-01,8.143307022384540517e+01,-2.518625300845140913e+01,-5.084966752773122778e+01,-9.329275390625000000e+03,5.162095336914062500e+02,3.206149414062500000e+03,2.535631060600280762e-01,3.812904953956604004e-01,2.354160547256469727e-01,3.268921673297882080e-01,-1.747183703524465841e+02,2.518625300845140913e+01,5.084966752773122778e+01,-9.328530012860117893e+01,0.000000000000000000e+00,0.000000000000000000e+00,2.535631060600280762e-01,3.812904953956604004e-01,2.354160547256469727e-01,3.268921673297882080e-01,6.907218750000000000e+04,3.965352343750000000e+04,2.230224414062500000e+04,6.081474218750000000e+04,-5.614039360721530393e+06
6.119999999999999885e-01,-2.677252891492856293e+02,-2.468101590279211521e+01,-4.731172037412297016e+01,-9.347248046875000000e+03,4.978185424804687500e+02,3.212898437500000000e+03,2.405808120965957642e-01,3.864764273166656494e-01,2.235935181379318237e-01,3.292617797851562500e-01,1.744399890206844645e+02,2.468101590279211521e+01,4.731172037412297016e+01,-9.328530012860117893e+01,0.000000000000000000e+00,0.000000000000000000e+00,2.405808120965957642e-01,3.864764273166656494e-01,2.235935181379318237e-01,3.292617797851562500e-01,6.918566406250000000e+04,3.976478906250000000e+04,2.241388281250000000e+04,6.092858984375000000e+04,-5.688563742602352053e+06
6.129999999999999893e-01,-2.569803140925735079e+02,-2.359876612210824121e+01,-4.394975407601675244e+01,-9.367139648437500000e+03,4.809726562500000000e+02,3.221030761718750000e+03,2.491208910942077637e-01,-8.373200148344039917e-02,3.309615850448608398e-01,3.053697049617767334e-01,1.636950139639723147e+02,2.359876612210824121e+01,4.394975407601675244e+01,-9.328530012860117893e+01,0.000000000000000000e+00,0.000000000000000000e+00,2.491208910942077637e-01,0.000000000000000000e+00,3.309615850448608398e-01,3.053697049617767334e-01,6.929944531250000000e+04,3.987617578125000000e+04,2.252480664062500000e+04,6.104269140625000000e+04,-5.757091107079298235e+06
6.139999999999999902e-01,-2.464006119780341351e+02,-2.197521761712156874e+01,-4.086724649146275112e+01,-9.382911132812500000e+03,4.637599792480468750e+02,3.243487304687500000e+03,2.441732287406921387e-01,-7.571326941251754761e-02,3.382242321968078613e-01,3.142904043197631836e-01,1.531153118494329419e+02,2.197521761712156874e+01,4.086724649146275112e+01,-9.328530012860117893e+01,0.000000000000000000e+00,0.000000000000000000e+00,2.441732287406921387e-01,0.000000000000000000e+00,3.382242321968078613e-01,3.142904043197631836e-01,6.941578125000000000e+04,3.998492968750000000e+04,2.263368750000000000e+04,6.115920703125000000e+04,-5.819957410687562078e+06
6.149999999999999911e-01,-2.360382528298707712e+02,-1.986432156535925841e+01,-3.815210766276815235e+01,-9.389972656250000000e+03,4.425005187988281250e+02,3.273441162109375000e+03,2.397068589925765991e-01,-6.638677418231964111e-02,3.442592024803161621e-01,3.223454058170318604e-01,1.427529527012695780e+02,1.986432156535925841e+01,3.815210766276815235e+01,-9.328530012860117893e+01,0.000000000000000000e+00,0.000000000000000000e+00,2.397068589925765991e-01,0.000000000000000000e+00,3.442592024803161621e-01,3.223454058170318604e-01,6.953360937500000000e+04,3.975469531250000000e+04,2.274138085937500000e+04,6.127700000000000000e+04,-5.877521642076903954e+06
6.159999999999999920e-01,-2.259213540580472568e+02,-1.733574216345819252e+01,-3.587360629476294349e+01,-9.387253906250000000e+03,4.166332397460937500e+02,3.302611816406250000e+03,2.360885292291641235e-01,-5.627501755952835083e-02,3.488084673881530762e-01,3.294789791107177734e-01,1.326360539294460921e+02,1.733574216345819252e+01,3.587360629476294349e+01,-9.328530012860117893e+01,0.000000000000000000e+00,0.000000000000000000e+00,2.360885292291641235e-01,0.000000000000000000e+00,3.488084673881530762e-01,3.294789791107177734e-01,6.965120312500000000e+04,3.952494140625000000e+04,2.284887304687500000e+04,6.139468359375000000e+04,-5.930149543881274760e+06
6.169999999999999929e-01,-2.160488325481133813e+02,-1.447258544110551348e+01,-3.408078711823048224e+01,-9.378386718750000000e+03,3.868106079101562500e+02,3.323413574218750000e+03,2.336619943380355835e-01,-4.570435732603073120e-02,3.516215980052947998e-01,3.355204761028289795e-01,1.227635324195122024e+02,1.447258544110551348e+01,3.408078711823048224e+01,-9.328530012860117893e+01,0.000000000000000000e+00,0.000000000000000000e+00,2.336619943380355835e-01,0.000000000000000000e+00,3.516215980052947998e-01,3.355204761028289795e-01,6.976707812500000000e+04,3.929631250000000000e+04,2.295811523437500000e+04,6.151099609375000000e+04,-5.978197597706626169e+06
6.179999999999999938e-01,-2.063931677528188402e+02,-1.137396411021984122e+01,-3.280676351788007139e+01,-9.367963867187500000e+03,3.547899475097656250e+02,3.322942382812500000e+03,2.326519191265106201e-01,-3.484840318560600281e-02,3.525226116180419922e-01,3.402712345123291016e-01,1.131078676242176471e+02,1.137396411021984122e+01,3.280676351788007139e+01,-9.328530012860117893e+01,0.000000000000000000e+00,0.000000000000000000e+00,2.326519191265106201e-01,0.000000000000000000e+00,3.525226116180419922e-01,3.402712345123291016e-01,6.987933593750000000e+04,3.907120703125000000e+04,2.307060156250000000e+04,6.162377343750000000e+04,-6.022001388193768449e+06
6.189999999999999947e-01,-1.969043029003860568e+02,-8.130053962735001249e+00,-3.206079286953847429e+01,-9.359831054687500000e+03,3.244711303710937500e+02,3.314014404296875000e+03,2.334701418876647949e-01,-2.390696108341217041e-02,3.513362407684326172e-01,3.434618711471557617e-01,1.036190027717848778e+02,8.130053962735001249e+00,3.206079286953847429e+01,-9.328530012860117893e+01,0.000000000000000000e+00,0.000000000000000000e+00,2.334701418876647949e-01,0.000000000000000000e+00,3.513362407684326172e-01,3.434618711471557617e-01,6.999025000000000000e+04,3.884776953125000000e+04,2.318463671875000000e+04,6.173513281250000000e+04,-6.061866684911316261e+06
6.199999999999999956e-01,-1.875201738214494753e+02,-4.815673216326238126e+00,-3.184038434870898726e+01,-9.356649414062500000e+03,2.982586059570312500e+02,3.311898437500000000e+03,2.355032414197921753e-01,-1.210512593388557434e-02,3.480461239814758301e-01,3.448224067687988281e-01,9.423487369284829640e+01,4.815673216326238126e+00,3.184038434870898726e+01,-9.328530012860117893e+01,0.000000000000000000e+00,0.000000000000000000e+00,2.355032414197921753e-01,0.000000000000000000e+00,3.480461239814758301e-01,3.448224067687988281e-01,7.010245312500000000e+04,3.862289453125000000e+04,2.329775781250000000e+04,6.184760937500000000e+04,-6.098067501285342500e+06
6.209999999999999964e-01,-1.781777383635024421e+02,-1.504414199022034992e+00,-3.214225507007926552e+01,-9.356462890625000000e+03,2.765351562500000000e+02,3.317136962890625000e+03,2.379490137100219727e-01,1.330297440290451050e-03,3.426843285560607910e-01,3.442036211490631104e-01,8.489243823490124896e+01,1.504414199022034992e+00,3.214225507007926552e+01,-9.328530012860117893e+01,0.000000000000000000e+00,0.000000000000000000e+00,2.379490137100219727e-01,1.330297440290451050e-03,3.426843285560607910e-01,3.442036211490631104e-01,7.021614062500000000e+04,3.839696093750000000e+04,2.340916015625000000e+04,6.196126953125000000e+04,-6.130850195556747727e+06
6.219999999999999973e-01,-1.688173971601671610e+02,1.729271824903293675e+00,-3.296201528745110920e+01,-9.356086914062500000e+03,2.585087280273437500e+02,3.329641113281250000e+03,2.406170815229415894e-01,1.654526777565479279e-02,3.351556956768035889e-01,3.414911329746246338e-01,7.553209703156599630e+01,-1.729271824903293675e+00,3.296201528745110920e+01,-9.328530012860117893e+01,0.000000000000000000e+00,0.000000000000000000e+00,2.406170815229415894e-01,1.654526777565479279e-02,3.351556956768035889e-01,3.414911329746246338e-01,7.033096093750000000e+04,3.816991015625000000e+04,2.351974023437500000e+04,6.207608593750000000e+04,-6.160438993973535486e+06
6.229999999999999982e-01,-1.593859749256161535e+02,4.801407339365789895e+00,-3.428779910018745625e+01,-9.353215820312500000e+03,2.410988006591796875e+02,3.340115234375000000e+03,2.433528453111648560e-01,3.350921720266342163e-02,3.253902196884155273e-01,3.366674482822418213e-01,6.610067479701496040e+01,-4.801407339365789895e+00,3.428779910018745625e+01,-9.328530012860117893e+01,0.000000000000000000e+00,0.000000000000000000e+00,2.433528453111648560e-01,3.350921720266342163e-02,3.253902196884155273e-01,3.366674482822418213e-01,7.044510937500000000e+04,3.794282812500000000e+04,2.363052734375000000e+04,6.219049609375000000e+04,-6.187041589656097814e+06
6.239999999999999991e-01,-1.498436211621001064e+02,7.619200826360192025e+00,-3.609284097648674816e+01,-9.344366210937500000e+03,2.230592041015625000e+02,3.336819824218750000e+03,2.464405596256256104e-01,5.167555063962936401e-02,3.133486807346343994e-01,3.298453092575073242e-01,5.655832103349892037e+01,-7.619200826360192025e+00,3.609284097648674816e+01,-9.328530012860117893e+01,0.000000000000000000e+00,0.000000000000000000e+00,2.464405596256256104e-01,5.167555063962936401e-02,3.133486807346343994e-01,3.298453092575073242e-01,7.055690625000000000e+04,3.771847265625000000e+04,2.374356250000000000e+04,6.230253125000000000e+04,-6.210855445850054733e+06
6.250000000000000000e-01,-1.401626769682830229e+02,1.010581181673895479e+01,-3.834148416243784396e+01,-9.331749023437500000e+03,2.040610504150390625e+02,3.331929687500000000e+03,2.504314482212066650e-01,7.053114473819732666e-02,2.990233898162841797e-01,3.211196959018707275e-01,4.687737683968183688e+01,-1.010581181673895479e+01,3.834148416243784396e+01,-9.328530012860117893e+01,0.000000000000000000e+00,0.000000000000000000e+00,2.504314482212066650e-01,7.053114473819732666e-02,2.990233898162841797e-01,3.211196959018707275e-01,7.066850781250000000e+04,3.749425390625000000e+04,2.385715039062500000e+04,6.241421875000000000e+04,-6.232073218705223873e+06
6.260000000000000009e-01,-1.303272839877628826e+02,1.219606773307181768e+01,-4.099124153924309866e+01,-9.320140625000000000e+03,1.844290466308593750e+02,3.334284912109375000e+03,2.546368837356567383e-01,9.019444137811660767e-02,2.828646600246429443e-01,3.109686672687530518e-01,3.704198385916170366e+01,-1.219606773307181768e+01,4.099124153924309866e+01,-9.328530012860117893e+01,0.000000000000000000e+00,0.000000000000000000e+00,2.546368837356567383e-01,9.019444137811660767e-02,2.828646600246429443e-01,3.109686672687530518e-01,7.078151562500000000e+04,3.726851171875000000e+04,2.396902343750000000e+04,6.252704687500000000e+04,-6.250887445607929491e+06
6.270000000000000018e-01,-1.203371806020712427e+02,1.382424590759446303e+01,-4.398275169946975893e+01,-9.313796875000000000e+03,1.670726623535156250e+02,3.338033203125000000e+03,2.584733366966247559e-01,1.106191873550415039e-01,2.654498815536499023e-01,2.999837994575500488e-01,2.705188047347006020e+01,-1.382424590759446303e+01,4.398275169946975893e+01,-9.328530012860117893e+01,0.000000000000000000e+00,0.000000000000000000e+00,2.584733366966247559e-01,1.106191873550415039e-01,2.654498815536499023e-01,2.999837994575500488e-01,7.089498437500000000e+04,3.717741406250000000e+04,2.408104882812500000e+04,6.264005078125000000e+04,-6.267494074865155853e+06
6.280000000000000027e-01,-1.102059009746075446e+02,1.493241162095236874e+01,-4.723767592491557110e+01,-9.320121093750000000e+03,1.533118743896484375e+02,3.342140625000000000e+03,2.622194886207580566e-01,1.315345168113708496e-01,2.472491860389709473e-01,2.885647714138031006e-01,1.692060084600636571e+01,-1.493241162095236874e+01,4.723767592491557110e+01,-9.328530012860117893e+01,0.000000000000000000e+00,0.000000000000000000e+00,2.622194886207580566e-01,1.315345168113708496e-01,2.472491860389709473e-01,2.885647714138031006e-01,7.100827343750000000e+04,3.725484375000000000e+04,2.419292773437500000e+04,6.275308593750000000e+04,-6.282093790418385528e+06
6.290000000000000036e-01,-9.996971975904241958e+01,1.547133383228349501e+01,-5.064438556144590819e+01,-9.339985351562500000e+03,1.452102813720703125e+02,3.331863769531250000e+03,2.658137381076812744e-01,1.525772511959075928e-01,2.290250957012176514e-01,2.773969471454620361e-01,6.684419630441237103e+00,-1.547133383228349501e+01,5.064438556144590819e+01,-9.328530012860117893e+01,0.000000000000000000e+00,0.000000000000000000e+00,2.658137381076812744e-01,1.525772511959075928e-01,2.290250957012176514e-01,2.773969471454620361e-01,7.111890625000000000e+04,3.736908984375000000e+04,2.430711914062500000e+04,6.286371093750000000e+04,-6.294891951246533543e+06
6.300000000000000044e-01,-8.968242860837492003e+01,1.541667375994436817e+01,-5.407968206957257706e+01,-9.369620117187500000e+03,1.438161010742187500e+02,3.312244384765625000e+03,2.701039016246795654e-01,1.732318401336669922e-01,2.113225609064102173e-01,2.668948769569396973e-01,-3.602871520226253566e+00,-1.541667375994436817e+01,5.407968206957257706e+01,-9.328530012860117893e+01,0.000000000000000000e+00,0.000000000000000000e+00,2.701039016246795654e-01,1.732318401336669922e-01,2.113225609064102173e-01,2.668948769569396973e-01,7.122800781250000000e+04,3.748503125000000000e+04,2.442316210937500000e+04,6.297278125000000000e+04,-6.306097175090196542e+06
6.310000000000000053e-01,-7.940320216014387711e+01,1.476991140103054612e+01,-5.743499364987225420e+01,-9.402680664062500000e+03,1.468327331542968750e+02,3.303892578125000000e+03,2.747345566749572754e-01,1.932243108749389648e-01,1.949739009141921997e-01,2.578045725822448730e-01,-1.388209796845730892e+01,-1.476991140103054612e+01,5.743499364987225420e+01,-9.328530012860117893e+01,0.000000000000000000e+00,0.000000000000000000e+00,2.747345566749572754e-01,1.932243108749389648e-01,1.949739009141921997e-01,2.578045725822448730e-01,7.133911718750000000e+04,3.759871484375000000e+04,2.453682031250000000e+04,6.308374609375000000e+04,-6.315918972381836735e+06
6.320000000000000062e-01,-6.919683809405739794e+01,1.355288176073337070e+01,-6.060210022077826864e+01,-9.428677734375000000e+03,1.516562194824218750e+02,3.303397949218750000e+03,2.782891392707824707e-01,2.121210396289825439e-01,1.810630857944488525e-01,2.512824237346649170e-01,-2.408846203454378809e+01,-1.355288176073337070e+01,6.060210022077826864e+01,-9.328530012860117893e+01,0.000000000000000000e+00,0.000000000000000000e+00,2.782891392707824707e-01,2.121210396289825439e-01,1.810630857944488525e-01,2.512824237346649170e-01,7.145182812500000000e+04,3.771154687500000000e+04,2.464957031250000000e+04,6.319604296875000000e+04,-6.324563469939241186e+06
6.330000000000000071e-01,-5.911644396982298133e+01,1.180772396500711174e+01,-6.348929422658314081e+01,-9.443791015625000000e+03,1.531141204833984375e+02,3.313680419921875000e+03,2.809059619903564453e-01,2.293417155742645264e-01,1.700632870197296143e-01,2.478171288967132568e-01,-3.416885615877819760e+01,-1.180772396500711174e+01,6.348929422658314081e+01,-9.328530012860117893e+01,0.000000000000000000e+00,0.000000000000000000e+00,2.809059619903564453e-01,2.293417155742645264e-01,1.700632870197296143e-01,2.478171288967132568e-01,7.156628125000000000e+04,3.782242968750000000e+04,2.476033984375000000e+04,6.331015234375000000e+04,-6.332228536713501438e+06
6.340000000000000080e-01,-4.919868901006423556e+01,9.603091470073055191e+00,-6.600772468954568239e+01,-9.447137695312500000e+03,1.484242858886718750e+02,3.314525146484375000e+03,2.822178602218627930e-01,2.442969381809234619e-01,1.625348478555679321e-01,2.480240017175674438e-01,-4.408661111853694337e+01,-9.603091470073055191e+00,6.600772468954568239e+01,-9.328530012860117893e+01,0.000000000000000000e+00,0.000000000000000000e+00,2.822178602218627930e-01,2.442969381809234619e-01,1.625348478555679321e-01,2.480240017175674438e-01,7.167879687500000000e+04,3.793457812500000000e+04,2.487273632812500000e+04,6.342271484375000000e+04,-6.339098286798283458e+06
6.350000000000000089e-01,-3.945439745582954316e+01,7.031260437437942379e+00,-6.808498029171126120e+01,-9.441105468750000000e+03,1.382448883056640625e+02,3.292976806640625000e+03,2.833917140960693359e-01,2.568925321102142334e-01,1.583124399185180664e-01,2.515043318271636963e-01,-5.383090267277163576e+01,-7.031260437437942379e+00,6.808498029171126120e+01,-9.328530012860117893e+01,0.000000000000000000e+00,0.000000000000000000e+00,2.833917140960693359e-01,2.568925321102142334e-01,1.583124399185180664e-01,2.515043318271636963e-01,7.178756250000000000e+04,3.805094140625000000e+04,2.498909570312500000e+04,6.353159765625000000e+04,-6.345339939441547729e+06
6.360000000000000098e-01,-2.986166597368715969e+01,4.172702816864901187e+00,-6.968913487443585097e+01,-9.433513671875000000e+03,1.249940261840820312e+02,3.275402587890625000e+03,2.852291166782379150e-01,2.676298916339874268e-01,1.570529192686080933e-01,2.575058043003082275e-01,-6.342363415491401923e+01,-4.172702816864901187e+00,6.968913487443585097e+01,-9.328530012860117893e+01,0.000000000000000000e+00,0.000000000000000000e+00,2.852291166782379150e-01,2.676298916339874268e-01,1.570529192686080933e-01,2.575058043003082275e-01,7.189709375000000000e+04,3.816636328125000000e+04,2.510433007812500000e+04,6.364121875000000000e+04,-6.351105645504617132e+06
6.370000000000000107e-01,-2.037872396905576977e+01,1.107970645833271206e+00,-7.079664009888546161e+01,-9.429363281250000000e+03,1.128798065185546875e+02,3.259985107421875000e+03,2.860676050186157227e-01,2.768475413322448730e-01,1.591473668813705444e-01,2.660653591156005859e-01,-7.290657615954540915e+01,-1.107970645833271206e+00,7.079664009888546161e+01,-9.328530012860117893e+01,0.000000000000000000e+00,0.000000000000000000e+00,2.860676050186157227e-01,2.768475413322448730e-01,1.591473668813705444e-01,2.660653591156005859e-01,7.200728906250000000e+04,3.828138671875000000e+04,2.521961718750000000e+04,6.375130468750000000e+04,-6.356534329743467271e+06
6.380000000000000115e-01,-1.094771891203605207e+01,-2.086241403094483804e+00,-7.139111442834125398e+01,-9.433553710937500000e+03,1.041128921508789062e+02,3.251051025390625000e+03,2.863695621490478516e-01,2.853051722049713135e-01,1.642561107873916626e-01,2.761188745498657227e-01,-8.233758121656512685e+01,2.086241403094483804e+00,7.139111442834125398e+01,-9.328530012860117893e+01,0.000000000000000000e+00,0.000000000000000000e+00,2.863695621490478516e-01,2.853051722049713135e-01,1.642561107873916626e-01,2.761188745498657227e-01,7.211856250000000000e+04,3.839558593750000000e+04,2.533343359375000000e+04,6.386257421875000000e+04,-6.361755225915356539e+06
6.390000000000000124e-01,-1.502670954761768485e+00,-5.324072811336059807e+00,-7.145704222608516432e+01,-9.446791015625000000e+03,1.004665069580078125e+02,3.240615478515625000e+03,2.863344848155975342e-01,2.935801744461059570e-01,1.721401512622833252e-01,2.867584228515625000e-01,-9.178262917383941044e+01,5.324072811336059807e+00,7.145704222608516432e+01,-9.328530012860117893e+01,0.000000000000000000e+00,0.000000000000000000e+00,2.863344848155975342e-01,2.935801744461059570e-01,1.721401512622833252e-01,2.867584228515625000e-01,7.222920312500000000e+04,3.850969531250000000e+04,2.544778710937500000e+04,6.397367187500000000e+04,-6.366891938570355996e+06
6.400000000000000133e-01,8.020473216005981953e+00,-8.500709352206627045e+00,-7.098706158153912327e+01,-9.464085937500000000e+03,1.016609420776367188e+02,3.212756103515625000e+03,2.869777679443359375e-01,3.024198710918426514e-01,1.820809543132781982e-01,2.967614829540252686e-01,-1.013057733446071609e+02,8.500709352206627045e+00,7.098706158153912327e+01,-9.328530012860117893e+01,0.000000000000000000e+00,0.000000000000000000e+00,2.869777679443359375e-01,3.024198710918426514e-01,1.820809543132781982e-01,2.967614829540252686e-01,7.233692187500000000e+04,3.862696875000000000e+04,2.556507226562500000e+04,6.408187500000000000e+04,-6.372067691532436758e+06
6.410000000000000142e-01,1.767739311625854270e+01,-1.153657932651583629e+01,-6.998304218750716643e+01,-9.479734375000000000e+03,1.063852844238281250e+02,3.194649658203125000e+03,2.894532084465026855e-01,3.124889731407165527e-01,1.928771585226058960e-01,3.051172792911529541e-01,-1.109626932448597216e+02,1.153657932651583629e+01,6.998304218750716643e+01,-9.328530012860117893e+01,0.000000000000000000e+00,0.000000000000000000e+00,2.894532084465026855e-01,3.124889731407165527e-01,1.928771585226058960e-01,3.051172792911529541e-01,7.244637500000000000e+04,3.874264453125000000e+04,2.568055078125000000e+04,6.419162109375000000e+04,-6.377410900616198778e+06
6.420000000000000151e-01,2.751135800998676473e+01,-1.435759097927984484e+01,-6.845206801414512654e+01,-9.488370117187500000e+03,1.114335708618164062e+02,3.192911132812500000e+03,2.910064458847045898e-01,3.229468464851379395e-01,2.039702981710433960e-01,3.123852908611297607e-01,-1.207966581385879437e+02,1.435759097927984484e+01,6.845206801414512654e+01,-9.328530012860117893e+01,0.000000000000000000e+00,0.000000000000000000e+00,2.910064458847045898e-01,3.229468464851379395e-01,2.039702981710433960e-01,3.123852908611297607e-01,7.255887500000000000e+04,3.885521875000000000e+04,2.579361914062500000e+04,6.430396093750000000e+04,-6.383059601469893940e+06
6.430000000000000160e-01,3.755091325883641673e+01,-1.687956861144484222e+01,-6.641731322448782748e+01,-9.489094726562500000e+03,1.136267700195312500e+02,3.195334960937500000e+03,2.897760272026062012e-01,3.328269124031066895e-01,2.142279744148254395e-01,3.191917836666107178e-01,-1.308362133874375957e+02,1.687956861144484222e+01,6.641731322448782748e+01,-9.328530012860117893e+01,0.000000000000000000e+00,0.000000000000000000e+00,2.897760272026062012e-01,3.328269124031066895e-01,2.142279744148254395e-01,3.191917836666107178e-01,7.267199218750000000e+04,3.896754296875000000e+04,2.590548828125000000e+04,6.441684765625000000e+04,-6.389165851888935082e+06
6.440000000000000169e-01,4.780688037908170429e+01,-1.901268986922190507e+01,-6.392741852500626010e+01,-9.486083007812500000e+03,1.134914321899414062e+02,3.189141845703125000e+03,2.855460047721862793e-01,3.417198956012725830e-01,2.221821248531341553e-01,3.258344829082489014e-01,-1.410921805076828832e+02,1.901268986922190507e+01,6.392741852500626010e+01,-9.328530012860117893e+01,0.000000000000000000e+00,0.000000000000000000e+00,2.855460047721862793e-01,3.417198956012725830e-01,2.221821248531341553e-01,3.258344829082489014e-01,7.278330468750000000e+04,3.908120312500000000e+04,2.601922656250000000e+04,6.452818750000000000e+04,-6.395899546915849671e+06
6.450000000000000178e-01,5.826844351545234701e+01,-2.067701598955870779e+01,-6.105951749848283328e+01,-9.485285156250000000e+03,1.112948379516601562e+02,3.171230468750000000e+03,2.788979411125183105e-01,3.498973846435546875e-01,2.265592068433761597e-01,3.320783972740173340e-01,-1.515537436440535259e+02,2.067701598955870779e+01,6.105951749848283328e+01,-9.328530012860117893e+01,0.000000000000000000e+00,0.000000000000000000e+00,2.788979411125183105e-01,3.498973846435546875e-01,2.265592068433761597e-01,3.320783972740173340e-01,7.289270312500000000e+04,3.919644921875000000e+04,2.613454687500000000e+04,6.463753125000000000e+04,-6.403450562092943117e+06
6.460000000000000187e-01,6.890414548916582760e+01,-2.181210219456366772e+01,-5.790523543580150800e+01,-9.490048828125000000e+03,1.113364334106445312e+02,3.152969726562500000e+03,2.704190015792846680e-01,3.576250672340393066e-01,2.266441434621810913e-01,3.375583291053771973e-01,-1.621894456177670065e+02,2.181210219456366772e+01,5.790523543580150800e+01,-9.328530012860117893e+01,0.000000000000000000e+00,0.000000000000000000e+00,2.704190015792846680e-01,3.576250672340393066e-01,2.266441434621810913e-01,3.375583291053771973e-01,7.300219531250000000e+04,3.931226171875000000e+04,2.625021093750000000e+04,6.474683203125000000e+04,-6.412027127451556735e+06
6.470000000000000195e-01,7.966951130204610365e+01,-2.237784301166423973e+01,-5.455796934208506599e+01,-9.503595703125000000e+03,1.152699813842773438e+02,3.154060302734375000e+03,2.602292001247406006e-01,3.652011752128601074e-01,2.222411334514617920e-01,3.415145277976989746e-01,-1.729548114306472826e+02,2.237784301166423973e+01,5.455796934208506599e+01,-9.328530012860117893e+01,0.000000000000000000e+00,0.000000000000000000e+00,2.602292001247406006e-01,3.652011752128601074e-01,2.222411334514617920e-01,3.415145277976989746e-01,7.311522656250000000e+04,3.942467968750000000e+04,2.636262109375000000e+04,6.485939062500000000e+04,-6.421851698359250091e+06
6.480000000000000204e-01,-2.695023247021192674e+02,-2.234550945228557595e+01,-5.114084949624653120e+01,-9.525369140625000000e+03,1.223997955322265625e+02,3.161528564453125000e+03,2.481132596731185913e-01,3.725655972957611084e-01,2.136874347925186157e-01,3.433556854724884033e-01,1.762170245735180742e+02,2.234550945228557595e+01,5.114084949624653120e+01,-9.328530012860117893e+01,0.000000000000000000e+00,0.000000000000000000e+00,2.481132596731185913e-01,3.725655972957611084e-01,2.136874347925186157e-01,3.433556854724884033e-01,7.322902343750000000e+04,3.953569921875000000e+04,2.647388867187500000e+04,6.497304296875000000e+04,-6.497597909658976831e+06
6.490000000000000213e-01,-2.587013375290376871e+02,-2.171215470884445864e+01,-4.781072155754797848e+01,-9.549218750000000000e+03,1.325338592529296875e+02,3.152098876953125000e+03,2.574586868286132812e-01,-1.060084328055381775e-01,3.305427730083465576e-01,3.143453598022460938e-01,1.654160374004364940e+02,2.171215470884445864e+01,4.781072155754797848e+01,-9.328530012860117893e+01,0.000000000000000000e+00,0.000000000000000000e+00,2.574586868286132812e-01,0.000000000000000000e+00,3.305427730083465576e-01,3.143453598022460938e-01,7.333978125000000000e+04,3.965005078125000000e+04,2.658822656250000000e+04,6.508393750000000000e+04,-6.567281574456243776e+06
6.500000000000000222e-01,-2.480041647146687751e+02,-2.050256181504863662e+01,-4.468526693781944203e+01,-9.568920898437500000e+03,1.429721832275390625e+02,3.157023437500000000e+03,2.528050839900970459e-01,-9.795783460140228271e-02,3.374405801296234131e-01,3.225297927856445312e-01,1.547188645860676104e+02,2.050256181504863662e+01,4.468526693781944203e+01,-9.328530012860117893e+01,0.000000000000000000e+00,0.000000000000000000e+00,2.528050839900970459e-01,0.000000000000000000e+00,3.374405801296234131e-01,3.225297927856445312e-01,7.345302343750000000e+04,3.942417968750000000e+04,2.669974609375000000e+04,6.519733593750000000e+04,-6.631204768294348381e+06
6.510000000000000231e-01,-2.374779701987116596e+02,-1.875994645979081454e+01,-4.186814376971930329e+01,-9.577009765625000000e+03,1.521714630126953125e+02,3.174360107421875000e+03,2.484176158905029297e-01,-8.833567053079605103e-02,3.433166742324829102e-01,3.298045396804809570e-01,1.441926700701104949e+02,1.875994645979081454e+01,4.186814376971930329e+01,-9.328530012860117893e+01,0.000000000000000000e+00,0.000000000000000000e+00,2.484176158905029297e-01,0.000000000000000000e+00,3.433166742324829102e-01,3.298045396804809570e-01,7.356862500000000000e+04,3.919592578125000000e+04,2.680961914062500000e+04,6.531295312500000000e+04,-6.689705431677944958e+06
6.520000000000000240e-01,-2.271676480671675904e+02,-1.654564194570228608e+01,-3.944254312942724283e+01,-9.572035156250000000e+03,1.566832885742187500e+02,3.200628906250000000e+03,2.445692718029022217e-01,-7.734327763319015503e-02,3.478629589080810547e-01,3.359848856925964355e-01,1.338823479385663973e+02,1.654564194570228608e+01,3.944254312942724283e+01,-9.328530012860117893e+01,0.000000000000000000e+00,0.000000000000000000e+00,2.445692718029022217e-01,0.000000000000000000e+00,3.478629589080810547e-01,3.359848856925964355e-01,7.368577343750000000e+04,3.896669531250000000e+04,2.691749023437500000e+04,6.543017187500000000e+04,-6.743140044482225552e+06
6.530000000000000249e-01,-2.170900750719474104e+02,-1.394327192281880379e+01,-3.747926823481471814e+01,-9.558664062500000000e+03,1.567777404785156250e+02,3.218539794921875000e+03,2.414949089288711548e-01,-6.535127758979797363e-02,3.508576750755310059e-01,3.410508930683135986e-01,1.238047749433462457e+02,1.394327192281880379e+01,3.747926823481471814e+01,-9.328530012860117893e+01,0.000000000000000000e+00,0.000000000000000000e+00,2.414949089288711548e-01,0.000000000000000000e+00,3.508576750755310059e-01,3.410508930683135986e-01,7.380112500000000000e+04,3.873862109375000000e+04,2.702719726562500000e+04,6.554598437500000000e+04,-6.791867255556300282e+06
6.540000000000000258e-01,-2.072309057311855724e+02,-1.105810226302016375e+01,-3.602926130039383423e+01,-9.542689453125000000e+03,1.535995178222656250e+02,3.213730224609375000e+03,2.399590015411376953e-01,-5.282128602266311646e-02,3.520483970642089844e-01,3.448592126369476318e-01,1.139456056025843935e+02,1.105810226302016375e+01,3.602926130039383423e+01,-9.328530012860117893e+01,0.000000000000000000e+00,0.000000000000000000e+00,2.399590015411376953e-01,0.000000000000000000e+00,3.520483970642089844e-01,3.448592126369476318e-01,7.391269531250000000e+04,3.851413281250000000e+04,2.714034765625000000e+04,6.565785156250000000e+04,-6.836232293141979724e+06
6.550000000000000266e-01,-1.975488133789970107e+02,-7.982315698079951005e+00,-3.511254688741717445e+01,-9.527931640625000000e+03,1.524394226074218750e+02,3.205953613281250000e+03,2.405460476875305176e-01,-4.007963836193084717e-02,3.511959910392761230e-01,3.471835851669311523e-01,1.042635132503958459e+02,7.982315698079951005e+00,3.511254688741717445e+01,-9.328530012860117893e+01,0.000000000000000000e+00,0.000000000000000000e+00,2.405460476875305176e-01,0.000000000000000000e+00,3.511959910392761230e-01,3.471835851669311523e-01,7.402396875000000000e+04,3.829054687500000000e+04,2.725426953125000000e+04,6.576902343750000000e+04,-6.876554435122254305e+06
6.560000000000000275e-01,-1.879866564495051762e+02,-4.794275436454146444e+00,-3.473485731261576603e+01,-9.517629882812500000e+03,1.551281890869140625e+02,3.210000732421875000e+03,2.423040419816970825e-01,-2.611333131790161133e-02,3.481932282447814941e-01,3.476053774356842041e-01,9.470135632090399724e+01,4.794275436454146444e+00,3.473485731261576603e+01,-9.328530012860117893e+01,0.000000000000000000e+00,0.000000000000000000e+00,2.423040419816970825e-01,0.000000000000000000e+00,3.481932282447814941e-01,3.476053774356842041e-01,7.413749218750000000e+04,3.806467968750000000e+04,2.736614062500000000e+04,6.588204687500000000e+04,-6.913122913514806889e+06
6.570000000000000284e-01,-1.784821032459511230e+02,-1.595129348132913183e+00,-3.490015378385950129e+01,-9.511290039062500000e+03,1.624030609130859375e+02,3.202968505859375000e+03,2.443835735321044922e-01,-1.023201271891593933e-02,3.430267572402954102e-01,3.459608554840087891e-01,8.519680311734995826e+01,1.595129348132913183e+00,3.490015378385950129e+01,-9.328530012860117893e+01,0.000000000000000000e+00,0.000000000000000000e+00,2.443835735321044922e-01,0.000000000000000000e+00,3.430267572402954102e-01,3.459608554840087891e-01,7.424877343750000000e+04,3.784074609375000000e+04,2.747986718750000000e+04,6.599321093750000000e+04,-6.946199339865679853e+06
6.580000000000000293e-01,-1.689750279955681549e+02,1.505856525201194618e+00,-3.559841628932667135e+01,-9.505176757812500000e+03,1.740249938964843750e+02,3.177499511718750000e+03,2.477350234985351562e-01,7.054047659039497375e-03,3.354129791259765625e-01,3.420400619506835938e-01,7.568972786696697597e+01,-1.505856525201194618e+00,3.559841628932667135e+01,-9.328530012860117893e+01,0.000000000000000000e+00,0.000000000000000000e+00,2.477350234985351562e-01,7.054047659039497375e-03,3.354129791259765625e-01,3.420400619506835938e-01,7.435687500000000000e+04,3.762003125000000000e+04,2.759682226562500000e+04,6.610133593750000000e+04,-6.976021414797965437e+06
6.590000000000000302e-01,-1.594147515309994105e+02,4.430853801676535753e+00,-3.681057159123952260e+01,-9.495073242187500000e+03,1.876801605224609375e+02,3.163610351562500000e+03,2.526383101940155029e-01,2.552399225533008575e-02,3.251959681510925293e-01,3.357361555099487305e-01,6.612945140239823161e+01,-4.430853801676535753e+00,3.681057159123952260e+01,-9.328530012860117893e+01,0.000000000000000000e+00,0.000000000000000000e+00,2.526383101940155029e-01,2.552399225533008575e-02,3.251959681510925293e-01,3.357361555099487305e-01,7.446705468750000000e+04,3.739701171875000000e+04,2.771158789062500000e+04,6.621142968750000000e+04,-7.002809128449941054e+06
6.600000000000000311e-01,-1.497646784736325003e+02,7.105877285581612135e+00,-3.851296405813570090e+01,-9.476498046875000000e+03,2.017795562744140625e+02,3.163264892578125000e+03,2.574337720870971680e-01,4.575571417808532715e-02,3.127285242080688477e-01,3.274170756340026855e-01,5.647937834503133558e+01,-7.105877285581612135e+00,3.851296405813570090e+01,-9.328530012860117893e+01,0.000000000000000000e+00,0.000000000000000000e+00,2.574337720870971680e-01,4.575571417808532715e-02,3.127285242080688477e-01,3.274170756340026855e-01,7.457984375000000000e+04,3.717217187500000000e+04,2.782441992187500000e+04,6.632388281250000000e+04,-7.026772329260792583e+06
6.610000000000000320e-01,-1.399967415134910311e+02,9.461834356238185251e+00,-4.067513916137632179e+01,-9.453886718750000000e+03,2.136851348876953125e+02,3.178861816406250000e+03,2.618694007396697998e-01,6.748891621828079224e-02,2.981915175914764404e-01,3.173826336860656738e-01,4.671144138488984510e+01,-9.461834356238185251e+00,4.067513916137632179e+01,-9.328530012860117893e+01,0.000000000000000000e+00,0.000000000000000000e+00,2.618694007396697998e-01,6.748891621828079224e-02,2.981915175914764404e-01,3.173826336860656738e-01,7.469496875000000000e+04,3.694453515625000000e+04,2.793416210937500000e+04,6.643915625000000000e+04,-7.048115410150369629e+06
6.620000000000000329e-01,-1.300982118005202892e+02,1.140996691220495762e+01,-4.323478817863463064e+01,-9.432318359375000000e+03,2.240606536865234375e+02,3.178690429687500000e+03,2.655632495880126953e-01,9.030038863420486450e-02,2.820415794849395752e-01,3.061959445476531982e-01,3.681291167191911740e+01,-1.140996691220495762e+01,4.323478817863463064e+01,-9.328530012860117893e+01,0.000000000000000000e+00,0.000000000000000000e+00,2.655632495880126953e-01,9.030038863420486450e-02,2.820415794849395752e-01,3.061959445476531982e-01,7.480728125000000000e+04,3.671923437500000000e+04,2.804695507812500000e+04,6.655195312500000000e+04,-7.067040389117851853e+06
6.630000000000000338e-01,-1.200700804956886998e+02,1.288247575461464578e+01,-4.612068540280277773e+01,-9.418326171875000000e+03,2.357275238037109375e+02,3.177211669921875000e+03,2.701515257358551025e-01,1.131853088736534119e-01,2.643614709377288818e-01,2.939695715904235840e-01,2.678478036708752086e+01,-1.288247575461464578e+01,4.612068540280277773e+01,-9.328530012860117893e+01,0.000000000000000000e+00,0.000000000000000000e+00,2.701515257358551025e-01,1.131853088736534119e-01,2.643614709377288818e-01,2.939695715904235840e-01,7.491950000000000000e+04,3.664280859375000000e+04,2.815947851562500000e+04,6.666452343750000000e+04,-7.083750289151685312e+06
6.640000000000000346e-01,-1.099248163981015409e+02,1.382924152048773969e+01,-4.926403650353055497e+01,-9.416505859375000000e+03,2.523320007324218750e+02,3.195132812500000000e+03,2.746963202953338623e-01,1.363319307565689087e-01,2.460100799798965454e-01,2.814123034477233887e-01,1.663951626950036911e+01,-1.382924152048773969e+01,4.926403650353055497e+01,-9.328530012860117893e+01,0.000000000000000000e+00,0.000000000000000000e+00,2.746963202953338623e-01,1.363319307565689087e-01,2.460100799798965454e-01,2.814123034477233887e-01,7.503531250000000000e+04,3.656461328125000000e+04,2.826921875000000000e+04,6.678012500000000000e+04,-7.098451947625494562e+06
6.650000000000000355e-01,-9.969611306252555494e+01,1.420027329636679170e+01,-5.255426319652507061e+01,-9.429222656250000000e+03,2.746712646484375000e+02,3.205627685546875000e+03,2.778345346450805664e-01,1.598882675170898438e-01,2.280264198780059814e-01,2.694194614887237549e-01,6.410812933924377788e+00,-1.420027329636679170e+01,5.255426319652507061e+01,-9.328530012860117893e+01,0.000000000000000000e+00,0.000000000000000000e+00,2.778345346450805664e-01,1.598882675170898438e-01,2.280264198780059814e-01,2.694194614887237549e-01,7.514961718750000000e+04,3.667550000000000000e+04,2.837973632812500000e+04,6.689427343750000000e+04,-7.111354860927091911e+06
6.660000000000000364e-01,-8.943789956237563388e+01,1.396823888441402950e+01,-5.585416007947250705e+01,-9.452506835937500000e+03,3.038482360839843750e+02,3.198312988281250000e+03,2.810479402542114258e-01,1.829516887664794922e-01,2.108064442873001099e-01,2.582893967628479004e-01,-3.847400566225547269e+00,-1.396823888441402950e+01,5.585416007947250705e+01,-9.328530012860117893e+01,0.000000000000000000e+00,0.000000000000000000e+00,2.810479402542114258e-01,1.829516887664794922e-01,2.108064442873001099e-01,2.582893967628479004e-01,7.526073437500000000e+04,3.678935156250000000e+04,2.849363867187500000e+04,6.700538281250000000e+04,-7.122668797700936906e+06
6.670000000000000373e-01,-7.921002466483444948e+01,1.313928964551836032e+01,-5.903924221944954098e+01,-9.478752929687500000e+03,3.366813964843750000e+02,3.191317871093750000e+03,2.848997116088867188e-01,2.051009833812713623e-01,1.949351578950881958e-01,2.484559267759323120e-01,-1.407527546376673477e+01,-1.313928964551836032e+01,5.903924221944954098e+01,-9.328530012860117893e+01,0.000000000000000000e+00,0.000000000000000000e+00,2.848997116088867188e-01,2.051009833812713623e-01,1.949351578950881958e-01,2.484559267759323120e-01,7.537203906250000000e+04,3.690278515625000000e+04,2.860711718750000000e+04,6.711657812500000000e+04,-7.132601298762576655e+06
6.680000000000000382e-01,-6.907155178738180723e+01,1.174038678468491526e+01,-6.200861667875226146e+01,-9.496145507812500000e+03,3.706883239746093750e+02,3.201682617187500000e+03,2.881610989570617676e-01,2.259214818477630615e-01,1.814760267734527588e-01,2.410473227500915527e-01,-2.421374834121937170e+01,-1.174038678468491526e+01,6.200861667875226146e+01,-9.328530012860117893e+01,0.000000000000000000e+00,0.000000000000000000e+00,2.881610989570617676e-01,2.259214818477630615e-01,1.814760267734527588e-01,2.410473227500915527e-01,7.548660937500000000e+04,3.701383593750000000e+04,2.871804687500000000e+04,6.723071875000000000e+04,-7.141355083253160119e+06
6.690000000000000391e-01,-5.906929261906491746e+01,9.819963347531597719e+00,-6.467120659259926185e+01,-9.501548828125000000e+03,3.995919494628906250e+02,3.223841308593750000e+03,2.897521853446960449e-01,2.449507415294647217e-01,1.712747216224670410e-01,2.369934618473052979e-01,-3.421600750953626147e+01,-9.819963347531597719e+00,6.467120659259926185e+01,-9.328530012860117893e+01,0.000000000000000000e+00,0.000000000000000000e+00,2.897521853446960449e-01,2.449507415294647217e-01,1.712747216224670410e-01,2.369934618473052979e-01,7.560281250000000000e+04,3.712264843750000000e+04,2.882672851562500000e+04,6.734693750000000000e+04,-7.149123061225966550e+06
6.700000000000000400e-01,-4.923425627098591661e+01,7.457349181027671747e+00,-6.693380606308944891e+01,-9.492520507812500000e+03,4.209777526855468750e+02,3.229872314453125000e+03,2.899196743965148926e-01,2.614997327327728271e-01,1.647734642028808594e-01,2.367586791515350342e-01,-4.405104385761526231e+01,-7.457349181027671747e+00,6.693380606308944891e+01,-9.328530012860117893e+01,0.000000000000000000e+00,0.000000000000000000e+00,2.899196743965148926e-01,2.614997327327728271e-01,1.647734642028808594e-01,2.367586791515350342e-01,7.571616406250000000e+04,3.723411718750000000e+04,2.893835546875000000e+04,6.746067187500000000e+04,-7.156082819667423144e+06
6.710000000000000409e-01,-3.956633520773925738e+01,4.734868161695899857e+00,-6.874334162722207964e+01,-9.473124023437500000e+03,4.348676452636718750e+02,3.237892089843750000e+03,2.903819084167480469e-01,2.756386101245880127e-01,1.615822762250900269e-01,2.395750880241394043e-01,-5.371896492086192154e+01,-4.734868161695899857e+00,6.874334162722207964e+01,-9.328530012860117893e+01,0.000000000000000000e+00,0.000000000000000000e+00,2.903819084167480469e-01,2.756386101245880127e-01,1.615822762250900269e-01,2.395750880241394043e-01,7.583000781250000000e+04,3.734546875000000000e+04,2.904947070312500000e+04,6.757487500000000000e+04,-7.162396380543779582e+06
6.720000000000000417e-01,-3.003877589130675574e+01,1.724303437666579120e+00,-7.007131501867618795e+01,-9.450123046875000000e+03,4.438132324218750000e+02,3.263221191406250000e+03,2.900137007236480713e-01,2.875423729419708252e-01,1.620970666408538818e-01,2.455535531044006348e-01,-6.324652423729442319e+01,-1.724303437666579120e+00,7.007131501867618795e+01,-9.328530012860117893e+01,0.000000000000000000e+00,0.000000000000000000e+00,2.900137007236480713e-01,2.875423729419708252e-01,1.620970666408538818e-01,2.455535531044006348e-01,7.594708593750000000e+04,3.745356250000000000e+04,2.915786328125000000e+04,6.769181250000000000e+04,-7.168211671011619270e+06
6.730000000000000426e-01,-2.060183508805903330e+01,-1.466525545003497522e+00,-7.087636504688984473e+01,-9.432534179687500000e+03,4.512638549804687500e+02,3.263464355468750000e+03,2.880628108978271484e-01,2.974717020988464355e-01,1.665603369474411011e-01,2.544031143188476562e-01,-7.268346504054214563e+01,1.466525545003497522e+00,7.087636504688984473e+01,-9.328530012860117893e+01,0.000000000000000000e+00,0.000000000000000000e+00,2.880628108978271484e-01,2.974717020988464355e-01,1.665603369474411011e-01,2.544031143188476562e-01,7.605953906250000000e+04,3.756624609375000000e+04,2.927034179687500000e+04,6.780429687500000000e+04,-7.173661716440049000e+06
6.740000000000000435e-01,-1.118887572286467957e+01,-4.726123445066511941e+00,-7.113266027868101560e+01,-9.424250000000000000e+03,4.623563842773437500e+02,3.240498535156250000e+03,2.875903844833374023e-01,3.068980574607849121e-01,1.736547499895095825e-01,2.637403309345245361e-01,-8.209642440573649935e+01,4.726123445066511941e+00,7.113266027868101560e+01,-9.328530012860117893e+01,0.000000000000000000e+00,0.000000000000000000e+00,2.875903844833374023e-01,3.068980574607849121e-01,1.736547499895095825e-01,2.637403309345245361e-01,7.616807812500000000e+04,3.768267578125000000e+04,2.938675781250000000e+04,6.791278906250000000e+04,-7.178869098981130868e+06
6.750000000000000444e-01,-1.728825151441995445e+00,-7.959877014857412725e+00,-7.083079815825253434e+01,-9.424165039062500000e+03,4.791559143066406250e+02,3.215798828125000000e+03,2.890290915966033936e-01,3.169297277927398682e-01,1.826918870210647583e-01,2.722955644130706787e-01,-9.155647497715918348e+01,7.959877014857412725e+00,7.083079815825253434e+01,-9.328530012860117893e+01,0.000000000000000000e+00,0.000000000000000000e+00,2.890290915966033936e-01,3.169297277927398682e-01,1.826918870210647583e-01,2.722955644130706787e-01,7.627657812500000000e+04,3.779908203125000000e+04,2.950344335937500000e+04,6.802103125000000000e+04,-7.183952449427361600e+06
6.760000000000000453e-01,7.842616562924121126e+00,-1.108770667133970278e+01,-6.996734049911890452e+01,-9.426009765625000000e+03,5.015007934570312500e+02,3.206326660156250000e+03,2.912770211696624756e-01,3.277064561843872070e-01,1.932967603206634521e-01,2.797845602035522461e-01,-1.011279166915253001e+02,1.108770667133970278e+01,6.996734049911890452e+01,-9.328530012860117893e+01,0.000000000000000000e+00,0.000000000000000000e+00,2.912770211696624756e-01,3.277064561843872070e-01,1.932967603206634521e-01,2.797845602035522461e-01,7.638779687500000000e+04,3.791342968750000000e+04,2.961759960937500000e+04,6.813186718750000000e+04,-7.189032322037664242e+06
6.770000000000000462e-01,1.758016284932539008e+01,-1.401178213551709639e+01,-6.854868315189435179e+01,-9.426667968750000000e+03,5.260978393554687500e+02,3.195963867187500000e+03,2.927353382110595703e-01,3.387187421321868896e-01,2.047736495733261108e-01,2.863588035106658936e-01,-1.108654629779265690e+02,1.401178213551709639e+01,6.854868315189435179e+01,-9.328530012860117893e+01,0.000000000000000000e+00,0.000000000000000000e+00,2.927353382110595703e-01,3.387187421321868896e-01,2.047736495733261108e-01,2.863588035106658936e-01,7.649840625000000000e+04,3.802766796875000000e+04,2.973192187500000000e+04,6.824271875000000000e+04,-7.194236636163945310e+06
6.780000000000000471e-01,2.751805560956269403e+01,-1.663700268904866419e+01,-6.659873924539225243e+01,-9.419875976562500000e+03,5.495390625000000000e+02,3.185787597656250000e+03,2.931452989578247070e-01,3.497520983219146729e-01,2.154584079980850220e-01,2.919749319553375244e-01,-1.208033557381638730e+02,1.663700268904866419e+01,6.659873924539225243e+01,-9.328530012860117893e+01,0.000000000000000000e+00,0.000000000000000000e+00,2.931452989578247070e-01,3.497520983219146729e-01,2.154584079980850220e-01,2.919749319553375244e-01,7.660911718750000000e+04,3.814180078125000000e+04,2.984618750000000000e+04,6.835382812500000000e+04,-7.199706061476027593e+06
6.790000000000000480e-01,3.767237573226294955e+01,-1.889219223958907179e+01,-6.414806219503131501e+01,-9.403844726562500000e+03,5.701583862304687500e+02,3.198472656250000000e+03,2.911984920501708984e-01,3.600506484508514404e-01,2.239063084125518799e-01,2.972055077552795410e-01,-1.309576758608641285e+02,1.889219223958907179e+01,6.414806219503131501e+01,-9.328530012860117893e+01,0.000000000000000000e+00,0.000000000000000000e+00,2.911984920501708984e-01,3.600506484508514404e-01,2.239063084125518799e-01,2.972055077552795410e-01,7.672400781250000000e+04,3.825239453125000000e+04,2.995667773437500000e+04,6.846876562500000000e+04,-7.205597158180335537e+06
6.800000000000000488e-01,4.804135202935013638e+01,-2.070326053574071068e+01,-6.124747666114879507e+01,-9.383679687500000000e+03,5.860620117187500000e+02,3.226098632812500000e+03,2.849453687667846680e-01,3.685104250907897949e-01,2.294319719076156616e-01,3.027541935443878174e-01,-1.413266521579513153e+02,2.070326053574071068e+01,6.124747666114879507e+01,-9.328530012860117893e+01,0.000000000000000000e+00,0.000000000000000000e+00,2.849453687667846680e-01,3.685104250907897949e-01,2.294319719076156616e-01,3.027541935443878174e-01,7.684121093750000000e+04,3.836017968750000000e+04,3.006464453125000000e+04,6.858592187500000000e+04,-7.212085008079311810e+06
6.810000000000000497e-01,5.858748907705727049e+01,-2.197453819624605487e+01,-5.801087320170805128e+01,-9.365502929687500000e+03,5.992067260742187500e+02,3.220034667968750000e+03,2.752553224563598633e-01,3.753682374954223633e-01,2.312140464782714844e-01,3.082292079925537109e-01,-1.518727892056584494e+02,2.197453819624605487e+01,5.801087320170805128e+01,-9.328530012860117893e+01,0.000000000000000000e+00,0.000000000000000000e+00,2.752553224563598633e-01,3.753682374954223633e-01,2.312140464782714844e-01,3.082292079925537109e-01,7.695253125000000000e+04,3.847380859375000000e+04,3.017826171875000000e+04,6.869725000000000000e+04,-7.219365643694229424e+06
6.820000000000000506e-01,6.925778391522227651e+01,-2.265469268384066481e+01,-5.455162938844331677e+01,-9.353938476562500000e+03,6.135382080078125000e+02,3.217237792968750000e+03,2.657084465026855469e-01,3.827011287212371826e-01,2.277368605136871338e-01,3.120310604572296143e-01,-1.625430840438234554e+02,2.265469268384066481e+01,5.455162938844331677e+01,-9.328530012860117893e+01,0.000000000000000000e+00,0.000000000000000000e+00,2.657084465026855469e-01,3.827011287212371826e-01,2.277368605136871338e-01,3.120310604572296143e-01,7.706457812500000000e+04,3.858692187500000000e+04,3.029129882812500000e+04,6.880913281250000000e+04,-7.227651399696609937e+06
6.830000000000000515e-01,7.998845032987621551e+01,-2.271607726408320715e+01,-5.098274037863835417e+01,-9.351300781250000000e+03,6.304349975585937500e+02,3.236098876953125000e+03,2.549997568130493164e-01,3.900113105773925781e-01,2.194914519786834717e-01,3.139235675334930420e-01,-1.732737504584773944e+02,2.271607726408320715e+01,5.098274037863835417e+01,-9.328530012860117893e+01,0.000000000000000000e+00,0.000000000000000000e+00,2.549997568130493164e-01,3.900113105773925781e-01,2.194914519786834717e-01,3.139235675334930420e-01,7.718057031250000000e+04,3.869608203125000000e+04,3.040074023437500000e+04,6.892468750000000000e+04,-7.237164811865568161e+06
6.840000000000000524e-01,-2.693041331802572813e+02,-2.214391940662131475e+01,-4.745122171137598599e+01,-9.356959960937500000e+03,6.507138671875000000e+02,3.253264892578125000e+03,2.430299073457717896e-01,3.971422314643859863e-01,2.070367485284805298e-01,3.134877383708953857e-01,1.760188330516560882e+02,2.214391940662131475e+01,4.745122171137598599e+01,-9.328530012860117893e+01,0.000000000000000000e+00,0.000000000000000000e+00,2.430299073457717896e-01,3.971422314643859863e-01,2.070367485284805298e-01,3.134877383708953857e-01,7.729579687500000000e+04,3.880594531250000000e+04,3.051046289062500000e+04,6.904011718750000000e+04,-7.312431499622127041e+06
6.850000000000000533e-01,-2.587045373600985272e+02,-2.095333735086367355e+01,-4.410094861469542593e+01,-9.366055664062500000e+03,6.728358154296875000e+02,3.270911621093750000e+03,2.518923878669738770e-01,-7.014168798923492432e-02,3.239786326885223389e-01,2.931005358695983887e-01,1.654192372314973625e+02,2.095333735086367355e+01,4.410094861469542593e+01,-9.328530012860117893e+01,0.000000000000000000e+00,0.000000000000000000e+00,2.518923878669738770e-01,0.000000000000000000e+00,3.239786326885223389e-01,2.931005358695983887e-01,7.741113281250000000e+04,3.891561718750000000e+04,3.062007617187500000e+04,6.915587500000000000e+04,-7.381743473287684843e+06
6.860000000000000542e-01,-2.482787060042689973e+02,-1.917901307674603828e+01,-4.103331460467179426e+01,-9.370237304687500000e+03,6.940729980468750000e+02,3.315642333984375000e+03,2.470531165599822998e-01,-5.868215113878250122e-02,3.304355144500732422e-01,2.997695803642272949e-01,1.549934058756678326e+02,1.917901307674603828e+01,4.103331460467179426e+01,-9.328530012860117893e+01,0.000000000000000000e+00,0.000000000000000000e+00,2.470531165599822998e-01,0.000000000000000000e+00,3.304355144500732422e-01,2.997695803642272949e-01,7.753134375000000000e+04,3.902043359375000000e+04,3.072522070312500000e+04,6.927611718750000000e+04,-7.445437356592883356e+06
6.870000000000000551e-01,-2.380821655722198784e+02,-1.688177107934796339e+01,-3.835457992601140376e+01,-9.364313476562500000e+03,7.100709838867187500e+02,3.359504150390625000e+03,2.424268871545791626e-01,-4.534100741147994995e-02,3.355957567691802979e-01,3.055517971515655518e-01,1.447968654436187137e+02,1.688177107934796339e+01,3.835457992601140376e+01,-9.328530012860117893e+01,0.000000000000000000e+00,0.000000000000000000e+00,2.424268871545791626e-01,0.000000000000000000e+00,3.355957567691802979e-01,3.055517971515655518e-01,7.765125000000000000e+04,3.878825390625000000e+04,3.083041210937500000e+04,6.939590625000000000e+04,-7.503876542152517475e+06
6.879999999999999449e-01,-2.281461748710166830e+02,-1.415554030277119324e+01,-3.616154031934335222e+01,-9.346183593750000000e+03,7.204881591796875000e+02,3.376939208984375000e+03,2.391617000102996826e-01,-3.132586926221847534e-02,3.389572501182556152e-01,3.102839291095733643e-01,1.348608747424154899e+02,1.415554030277119324e+01,3.616154031934335222e+01,-9.328530012860117893e+01,0.000000000000000000e+00,0.000000000000000000e+00,2.391617000102996826e-01,0.000000000000000000e+00,3.389572501182556152e-01,3.102839291095733643e-01,7.776649218750000000e+04,3.856028906250000000e+04,3.094011718750000000e+04,6.951114062500000000e+04,-7.557435255580324680e+06
6.889999999999999458e-01,-2.184632013649425062e+02,-1.110205064557768573e+01,-3.450275690025800657e+01,-9.317330078125000000e+03,7.244414672851562500e+02,3.382999511718750000e+03,2.381891608238220215e-01,-1.755074411630630493e-02,3.399870395660400391e-01,3.135270774364471436e-01,1.251779012363413131e+02,1.110205064557768573e+01,3.450275690025800657e+01,-9.328530012860117893e+01,0.000000000000000000e+00,0.000000000000000000e+00,2.381891608238220215e-01,0.000000000000000000e+00,3.399870395660400391e-01,3.135270774364471436e-01,7.787700781250000000e+04,3.833395312500000000e+04,3.105155468750000000e+04,6.962451562500000000e+04,-7.606475121693199500e+06
6.899999999999999467e-01,-2.089964155619429391e+02,-7.805690553105036678e+00,-3.339054623060101079e+01,-9.281175781250000000e+03,7.250518188476562500e+02,3.401472656250000000e+03,2.389097511768341064e-01,-3.726098686456680298e-03,3.386467099189758301e-01,3.152044713497161865e-01,1.157111154333417602e+02,7.805690553105036678e+00,3.339054623060101079e+01,-9.328530012860117893e+01,0.000000000000000000e+00,0.000000000000000000e+00,2.389097511768341064e-01,0.000000000000000000e+00,3.386467099189758301e-01,3.152044713497161865e-01,7.798016406250000000e+04,3.810599609375000000e+04,3.116110351562500000e+04,6.974006250000000000e+04,-7.651330480793528259e+06
6.909999999999999476e-01,-1.996873931091207623e+02,-4.364002271637750674e+00,-3.283777368208102132e+01,-9.247548828125000000e+03,7.243093261718750000e+02,3.413067871093750000e+03,2.403138130903244019e-01,1.113060396164655685e-02,3.350977897644042969e-01,3.152949810028076172e-01,1.064020929805195834e+02,4.364002271637750674e+00,3.283777368208102132e+01,-9.328530012860117893e+01,0.000000000000000000e+00,0.000000000000000000e+00,2.403138130903244019e-01,1.113060396164655685e-02,3.350977897644042969e-01,3.152949810028076172e-01,7.808450000000000000e+04,3.787892187500000000e+04,3.127155078125000000e+04,6.985473437500000000e+04,-7.692302899656467140e+06
6.919999999999999485e-01,-1.904665853964160078e+02,-8.754302764146923987e-01,-3.285030790580019300e+01,-9.218533203125000000e+03,7.259455566406250000e+02,3.416080322265625000e+03,2.428036779165267944e-01,2.669778652489185333e-02,3.292038440704345703e-01,3.134634494781494141e-01,9.718128526781482890e+01,8.754302764146923987e-01,3.285030790580019300e+01,-9.328530012860117893e+01,0.000000000000000000e+00,0.000000000000000000e+00,2.428036779165267944e-01,2.669778652489185333e-02,3.292038440704345703e-01,3.134634494781494141e-01,7.819526562500000000e+04,3.765325781250000000e+04,3.138369335937500000e+04,6.996807812500000000e+04,-7.729660328916711733e+06
6.929999999999999494e-01,-1.812612397395987216e+02,2.588646840775198577e+00,-3.342661537001433203e+01,-9.193852539062500000e+03,7.323795776367187500e+02,3.438301025390625000e+03,2.462454438209533691e-01,4.329827055335044861e-02,3.208969235420227051e-01,3.094118237495422363e-01,8.797593961099754267e+01,-2.588646840775198577e+00,3.342661537001433203e+01,-9.328530012860117893e+01,0.000000000000000000e+00,0.000000000000000000e+00,2.462454438209533691e-01,4.329827055335044861e-02,3.208969235420227051e-01,3.094118237495422363e-01,7.831181250000000000e+04,3.742460156250000000e+04,3.149230859375000000e+04,7.008432812500000000e+04,-7.763640005656208843e+06
6.939999999999999503e-01,-1.720024611336465625e+02,5.925747728754644505e+00,-3.456567201917425081e+01,-9.171282226562500000e+03,7.425827636718750000e+02,3.449832763671875000e+03,2.493328899145126343e-01,6.192467361688613892e-02,3.104845583438873291e-01,3.033490180969238281e-01,7.871716100504538360e+01,-5.925747728754644505e+00,3.456567201917425081e+01,-9.328530012860117893e+01,0.000000000000000000e+00,0.000000000000000000e+00,2.493328899145126343e-01,6.192467361688613892e-02,3.104845583438873291e-01,3.033490180969238281e-01,7.842614843750000000e+04,3.719739062500000000e+04,3.160306250000000000e+04,7.019857812500000000e+04,-7.794454752460522577e+06
6.949999999999999512e-01,-1.626352495410754386e+02,9.017627461611477102e+00,-3.624751970926335787e+01,-9.145553710937500000e+03,7.537946777343750000e+02,3.434794433593750000e+03,2.530817687511444092e-01,8.162297308444976807e-02,2.976061105728149414e-01,2.948739230632781982e-01,6.934994941247427391e+01,-9.017627461611477102e+00,3.624751970926335787e+01,-9.328530012860117893e+01,0.000000000000000000e+00,0.000000000000000000e+00,2.530817687511444092e-01,8.162297308444976807e-02,2.976061105728149414e-01,2.948739230632781982e-01,7.853603125000000000e+04,3.697496875000000000e+04,3.171786132812500000e+04,7.030843750000000000e+04,-7.822300177143920213e+06
6.959999999999999520e-01,-1.531220045878617384e+02,1.179876113131995297e+01,-3.845112393512994942e+01,-9.112102539062500000e+03,7.656592407226562500e+02,3.445445800781250000e+03,2.581365704536437988e-01,1.017253473401069641e-01,2.821925878524780273e-01,2.839386165142059326e-01,5.983670445926057369e+01,-1.179876113131995297e+01,3.845112393512994942e+01,-9.328530012860117893e+01,0.000000000000000000e+00,0.000000000000000000e+00,2.581365704536437988e-01,1.017253473401069641e-01,2.821925878524780273e-01,2.839386165142059326e-01,7.865056250000000000e+04,3.681869921875000000e+04,3.182879882812500000e+04,7.042268750000000000e+04,-7.847364225129034370e+06
6.969999999999999529e-01,-1.434400654303665590e+02,1.419735776165998686e+01,-4.114263339591355617e+01,-9.073420898437500000e+03,7.734407958984375000e+02,3.472464355468750000e+03,2.621529102325439453e-01,1.232116818428039551e-01,2.652847468852996826e-01,2.717687487602233887e-01,5.015476530176538716e+01,-1.419735776165998686e+01,4.114263339591355617e+01,-9.328530012860117893e+01,0.000000000000000000e+00,0.000000000000000000e+00,2.621529102325439453e-01,1.232116818428039551e-01,2.652847468852996826e-01,2.717687487602233887e-01,7.876761718750000000e+04,3.682833593750000000e+04,3.193659960937500000e+04,7.053994531250000000e+04,-7.869833558749865741e+06
6.979999999999999538e-01,-1.335912263619296709e+02,1.611595639895303478e+01,-4.424772192053065112e+01,-9.033779296875000000e+03,7.777976684570312500e+02,3.476153320312500000e+03,2.653752565383911133e-01,1.451627612113952637e-01,2.472673952579498291e-01,2.588850259780883789e-01,4.030592623332850621e+01,-1.611595639895303478e+01,4.424772192053065112e+01,-9.328530012860117893e+01,0.000000000000000000e+00,0.000000000000000000e+00,2.653752565383911133e-01,1.451627612113952637e-01,2.472673952579498291e-01,2.588850259780883789e-01,7.888058593750000000e+04,3.694045703125000000e+04,3.204873046875000000e+04,7.065337500000000000e+04,-7.889897759456560016e+06
6.989999999999999547e-01,-1.235903877351329498e+02,1.749810840864374839e+01,-4.769633418729192442e+01,-9.000403320312500000e+03,7.811712036132812500e+02,3.496302001953125000e+03,2.696873247623443604e-01,1.666632890701293945e-01,2.280718535184860229e-01,2.450421452522277832e-01,3.030508760653177447e+01,-1.749810840864374839e+01,4.769633418729192442e+01,-9.328530012860117893e+01,0.000000000000000000e+00,0.000000000000000000e+00,2.696873247623443604e-01,1.666632890701293945e-01,2.280718535184860229e-01,2.450421452522277832e-01,7.899660156250000000e+04,3.704955078125000000e+04,3.215774609375000000e+04,7.076920312500000000e+04,-7.907753467489866540e+06
6.999999999999999556e-01,-1.134787564783320875e+02,1.828233733925193860e+01,-5.137916420151648111e+01,-8.976967773437500000e+03,7.867230224609375000e+02,3.507874511718750000e+03,2.730662822723388672e-01,1.880912184715270996e-01,2.091357707977294922e-01,2.317704260349273682e-01,2.019345634973090142e+01,-1.828233733925193860e+01,5.137916420151648111e+01,-9.328530012860117893e+01,0.000000000000000000e+00,0.000000000000000000e+00,2.730662822723388672e-01,1.880912184715270996e-01,2.091357707977294922e-01,2.317704260349273682e-01,7.911119531250000000e+04,3.716020312500000000e+04,3.226856835937500000e+04,7.088346875000000000e+04,-7.923604958034367301e+06
7.009999999999999565e-01,-1.033182899032590853e+02,1.842581037053192361e+01,-5.515550850610168254e+01,-8.968021484375000000e+03,7.968474731445312500e+02,3.501174072265625000e+03,2.767544984817504883e-01,2.089203894138336182e-01,1.907436698675155640e-01,2.191297858953475952e-01,1.003298977465790998e+01,-1.842581037053192361e+01,5.515550850610168254e+01,-9.328530012860117893e+01,0.000000000000000000e+00,0.000000000000000000e+00,2.767544984817504883e-01,2.089203894138336182e-01,1.907436698675155640e-01,2.191297858953475952e-01,7.922242187500000000e+04,3.727395312500000000e+04,3.238215429687500000e+04,7.099474218750000000e+04,-7.937661267669278197e+06
7.019999999999999574e-01,-9.317430577652444867e+01,1.791950267144106945e+01,-5.890623667181145606e+01,-8.970861328125000000e+03,8.132246093750000000e+02,3.510064697265625000e+03,2.811666131019592285e-01,2.289043962955474854e-01,1.735467612743377686e-01,2.075588703155517578e-01,-1.109943520767345398e-01,-1.791950267144106945e+01,5.890623667181145606e+01,-9.328530012860117893e+01,0.000000000000000000e+00,0.000000000000000000e+00,2.811666131019592285e-01,2.289043962955474854e-01,1.735467612743377686e-01,2.075588703155517578e-01,7.933647656250000000e+04,3.738477734375000000e+04,3.249335742187500000e+04,7.110880468750000000e+04,-7.950133772221042775e+06
7.029999999999999583e-01,-8.311274765960494904e+01,1.677108577548766633e+01,-6.252922891874963796e+01,-8.978029296875000000e+03,8.343222656250000000e+02,3.550844482421875000e+03,2.844139933586120605e-01,2.478569447994232178e-01,1.589294075965881348e-01,1.986192315816879272e-01,-1.017255246899623167e+01,-1.677108577548766633e+01,6.252922891874963796e+01,-9.328530012860117893e+01,0.000000000000000000e+00,0.000000000000000000e+00,2.844139933586120605e-01,2.478569447994232178e-01,1.589294075965881348e-01,1.986192315816879272e-01,7.945601562500000000e+04,3.749073046875000000e+04,3.259911914062500000e+04,7.114921093750000000e+04,-7.961232674831833690e+06
7.039999999999999591e-01,-7.320472490547220445e+01,1.501271249039953481e+01,-6.588382476961768930e+01,-8.986025390625000000e+03,8.558677368164062500e+02,3.577067626953125000e+03,2.855666875839233398e-01,2.651371061801910400e-01,1.478789150714874268e-01,1.935107707977294922e-01,-2.008057522312898158e+01,-1.501271249039953481e+01,6.588382476961768930e+01,-9.328530012860117893e+01,0.000000000000000000e+00,0.000000000000000000e+00,2.855666875839233398e-01,2.651371061801910400e-01,1.478789150714874268e-01,1.935107707977294922e-01,7.957271875000000000e+04,3.759892187500000000e+04,3.270728515625000000e+04,7.111895312500000000e+04,-7.971157666482912377e+06
7.049999999999999600e-01,-6.350276612742520399e+01,1.270550851395343450e+01,-6.885999689424527048e+01,-8.985644531250000000e+03,8.744970703125000000e+02,3.596456054687500000e+03,2.869783043861389160e-01,2.804517149925231934e-01,1.400306522846221924e-01,1.913835108280181885e-01,-2.978253400117597138e+01,-1.270550851395343450e+01,6.885999689424527048e+01,-9.328530012860117893e+01,0.000000000000000000e+00,0.000000000000000000e+00,2.869783043861389160e-01,2.804517149925231934e-01,1.400306522846221924e-01,1.913835108280181885e-01,7.968848437500000000e+04,3.770805468750000000e+04,3.281666406250000000e+04,7.104940625000000000e+04,-7.980093396907620132e+06
7.059999999999999609e-01,-5.403178810649125552e+01,9.925559480718032290e+00,-7.138845730069047590e+01,-8.971482421875000000e+03,8.859869995117187500e+02,3.621756103515625000e+03,2.881469130516052246e-01,2.936075925827026367e-01,1.359001398086547852e-01,1.927042603492736816e-01,-3.925351202210992341e+01,-9.925559480718032290e+00,7.138845730069047590e+01,-9.328530012860117893e+01,0.000000000000000000e+00,0.000000000000000000e+00,2.881469130516052246e-01,2.936075925827026367e-01,1.359001398086547852e-01,1.927042603492736816e-01,7.980548437500000000e+04,3.781656250000000000e+04,3.292481640625000000e+04,7.096636718750000000e+04,-7.988207659600382671e+06
7.069999999999999618e-01,-4.478795999925361571e+01,6.772308245273715777e+00,-7.340780336389896377e+01,-8.947306640625000000e+03,8.887505493164062500e+02,3.629351318359375000e+03,2.883436083793640137e-01,3.042849302291870117e-01,1.360172629356384277e-01,1.979663968086242676e-01,-4.849734012934756322e+01,-6.772308245273715777e+00,7.340780336389896377e+01,-9.328530012860117893e+01,0.000000000000000000e+00,0.000000000000000000e+00,2.883436083793640137e-01,3.042849302291870117e-01,1.360172629356384277e-01,1.979663968086242676e-01,7.991907812500000000e+04,3.792773828125000000e+04,3.303621093750000000e+04,7.089245312500000000e+04,-7.995648190714959055e+06
7.079999999999999627e-01,-3.573593388130631610e+01,3.338226236878089725e+00,-7.489332017268382913e+01,-8.917899414062500000e+03,8.840303344726562500e+02,3.637119873046875000e+03,2.888002991676330566e-01,3.130484819412231445e-01,1.398240923881530762e-01,2.058540880680084229e-01,-5.754936624729486283e+01,-3.338226236878089725e+00,7.489332017268382913e+01,-9.328530012860117893e+01,0.000000000000000000e+00,0.000000000000000000e+00,2.888002991676330566e-01,3.130484819412231445e-01,1.398240923881530762e-01,2.058540880680084229e-01,8.003289062500000000e+04,3.803901171875000000e+04,3.314721875000000000e+04,7.082059375000000000e+04,-8.002545400846225210e+06
7.089999999999999636e-01,-2.681834225542144168e+01,-3.052467743890527885e-01,-7.583832935491301441e+01,-8.889373046875000000e+03,8.765794067382812500e+02,3.664299560546875000e+03,2.887601256370544434e-01,3.200348913669586182e-01,1.475535035133361816e-01,2.163034230470657349e-01,-6.646695787317973725e+01,3.052467743890527885e-01,7.583832935491301441e+01,-9.328530012860117893e+01,0.000000000000000000e+00,0.000000000000000000e+00,2.887601256370544434e-01,3.200348913669586182e-01,1.475535035133361816e-01,2.163034230470657349e-01,8.015021093750000000e+04,3.814713281250000000e+04,3.325542187500000000e+04,7.085274218750000000e+04,-8.009016169702491723e+06
7.099999999999999645e-01,-1.795801377982051861e+01,-4.049670188668788029e+00,-7.621655834943423713e+01,-8.871511718750000000e+03,8.690800170898437500e+02,3.665593505859375000e+03,2.876055240631103516e-01,3.254282474517822266e-01,1.593825072050094604e-01,2.290184050798416138e-01,-7.532728634878066032e+01,4.049670188668788029e+00,7.621655834943423713e+01,-9.328530012860117893e+01,0.000000000000000000e+00,0.000000000000000000e+00,2.876055240631103516e-01,3.254282474517822266e-01,1.593825072050094604e-01,2.290184050798416138e-01,8.026275781250000000e+04,3.825925000000000000e+04,3.336758203125000000e+04,7.095737500000000000e+04,-8.015164023556677625e+06
7.109999999999999654e-01,-9.070511195461804732e+00,-7.782513893861334964e+00,-7.600885755317840164e+01,-8.862935546875000000e+03,8.670970458984375000e+02,3.640444580078125000e+03,2.882029414176940918e-01,3.310697376728057861e-01,1.735559254884719849e-01,2.410671114921569824e-01,-8.421478893313937419e+01,7.782513893861334964e+00,7.600885755317840164e+01,-9.328530012860117893e+01,0.000000000000000000e+00,0.000000000000000000e+00,2.882029414176940918e-01,3.310697376728057861e-01,1.735559254884719849e-01,2.410671114921569824e-01,8.037110156250000000e+04,3.837615625000000000e+04,3.348451562500000000e+04,7.106551562500000000e+04,-8.021084211679072119e+06
7.119999999999999662e-01,-7.244072685116975663e-02,-1.143769324046241032e+01,-7.520860748568948395e+01,-8.861258789062500000e+03,8.718701171875000000e+02,3.640116455078125000e+03,2.908930480480194092e-01,3.379101455211639404e-01,1.890009045600891113e-01,2.513265311717987061e-01,-9.321285940175000917e+01,1.143769324046241032e+01,7.520860748568948395e+01,-9.328530012860117893e+01,0.000000000000000000e+00,0.000000000000000000e+00,2.908930480480194092e-01,3.379101455211639404e-01,1.890009045600891113e-01,2.513265311717987061e-01,8.048381250000000000e+04,3.848880468750000000e+04,3.359707812500000000e+04,7.117785156250000000e+04,-8.026861372393330559e+06
7.129999999999999671e-01,9.113653176281061974e+00,-1.490446936002635248e+01,-7.380842462826588246e+01,-8.863772460937500000e+03,8.809715576171875000e+02,3.623287597656250000e+03,2.922990322113037109e-01,3.445161879062652588e-01,2.059492170810699463e-01,2.613759934902191162e-01,-1.023989533048822409e+02,1.490446936002635248e+01,7.380842462826588246e+01,-9.328530012860117893e+01,0.000000000000000000e+00,0.000000000000000000e+00,2.922990322113037109e-01,3.445161879062652588e-01,2.059492170810699463e-01,2.613759934902191162e-01,8.059333593750000000e+04,3.860392187500000000e+04,3.371248046875000000e+04,7.128765625000000000e+04,-8.032624257820558734e+06
7.139999999999999680e-01,1.854703334605066800e+01,-1.810224542380983337e+01,-7.180845314199831364e+01,-8.861834960937500000e+03,8.927690429687500000e+02,3.623862060546875000e+03,2.935138344764709473e-01,3.518261909484863281e-01,2.219767868518829346e-01,2.699076235294342041e-01,-1.118323334746518469e+02,1.810224542380983337e+01,7.180845314199831364e+01,-9.328530012860117893e+01,0.000000000000000000e+00,0.000000000000000000e+00,2.935138344764709473e-01,3.518261909484863281e-01,2.219767868518829346e-01,2.699076235294342041e-01,8.070600000000000000e+04,3.871657812500000000e+04,3.382498046875000000e+04,7.140060156250000000e+04,-8.038452395498529077e+06
7.149999999999999689e-01,2.826999482767644167e+01,-2.095621096502862457e+01,-6.921532076574051473e+01,-8.852539062500000000e+03,9.027438964843750000e+02,3.650945068359375000e+03,2.914077043533325195e-01,3.581701219081878662e-01,2.363515347242355347e-01,2.784514725208282471e-01,-1.215552949562776206e+02,2.095621096502862457e+01,6.921532076574051473e+01,-9.328530012860117893e+01,0.000000000000000000e+00,0.000000000000000000e+00,2.914077043533325195e-01,3.581701219081878662e-01,2.363515347242355347e-01,2.784514725208282471e-01,8.082322656250000000e+04,3.882462109375000000e+04,3.393283203125000000e+04,7.151771875000000000e+04,-8.044481511512801051e+06
7.159999999999999698e-01,3.828808553874877418e+01,-2.333862111044679111e+01,-6.608825487922045738e+01,-8.835557617187500000e+03,9.084494628906250000e+02,3.642141357421875000e+03,2.849105894565582275e-01,3.626669943332672119e-01,2.480734139680862427e-01,2.875668108463287354e-01,-1.315733856673499531e+02,2.333862111044679111e+01,6.608825487922045738e+01,-9.328530012860117893e+01,0.000000000000000000e+00,0.000000000000000000e+00,2.849105894565582275e-01,3.626669943332672119e-01,2.480734139680862427e-01,2.875668108463287354e-01,8.093410156250000000e+04,3.893844531250000000e+04,3.404697265625000000e+04,7.162858593750000000e+04,-8.050859837675341405e+06
7.169999999999999707e-01,4.857671907595893401e+01,-2.517004392586387240e+01,-6.250255941184989439e+01,-8.811943359375000000e+03,9.094899902343750000e+02,3.638710937500000000e+03,2.776371538639068604e-01,3.676807582378387451e-01,2.548308372497558594e-01,2.953376471996307373e-01,-1.418620192045601129e+02,2.517004392586387240e+01,6.250255941184989439e+01,-9.328530012860117893e+01,0.000000000000000000e+00,0.000000000000000000e+00,2.776371538639068604e-01,3.676807582378387451e-01,2.548308372497558594e-01,2.953376471996307373e-01,8.104616406250000000e+04,3.905175390625000000e+04,3.415986328125000000e+04,7.174039062500000000e+04,-8.057759636355787516e+06
7.179999999999999716e-01,5.908868194913172545e+01,-2.639425886235077812e+01,-5.854598367349604615e+01,-8.787226562500000000e+03,9.074543457031250000e+02,3.659817138671875000e+03,2.680588364601135254e-01,3.721089065074920654e-01,2.568386197090148926e-01,3.024766743183135986e-01,-1.523739820777329044e+02,2.639425886235077812e+01,5.854598367349604615e+01,-9.328530012860117893e+01,0.000000000000000000e+00,0.000000000000000000e+00,2.680588364601135254e-01,3.721089065074920654e-01,2.568386197090148926e-01,3.024766743183135986e-01,8.116230468750000000e+04,3.916074218750000000e+04,3.426909375000000000e+04,7.185643750000000000e+04,-8.065375397795462981e+06
7.189999999999999725e-01,6.973882127586971080e+01,-2.695160165329667379e+01,-5.436374614344487810e+01,-8.768881835937500000e+03,9.035728149414062500e+02,3.672486572265625000e+03,2.561733126640319824e-01,3.758496046066284180e-01,2.542540132999420166e-01,3.086867332458496094e-01,-1.630241214044708897e+02,2.695160165329667379e+01,5.436374614344487810e+01,-9.328530012860117893e+01,0.000000000000000000e+00,0.000000000000000000e+00,2.561733126640319824e-01,3.758496046066284180e-01,2.542540132999420166e-01,3.086867332458496094e-01,8.127677343750000000e+04,3.927105468750000000e+04,3.437944921875000000e+04,7.197138281250000000e+04,-8.073920706714837812e+06
7.199999999999999734e-01,8.042978792591166837e+01,-2.681438937624973917e+01,-5.009868615196675989e+01,-8.758502929687500000e+03,9.020742187500000000e+02,3.701821777343750000e+03,2.442972362041473389e-01,3.805430531501770020e-01,2.463749796152114868e-01,3.126243650913238525e-01,-1.737150880545128473e+02,2.681438937624973917e+01,5.009868615196675989e+01,-9.328530012860117893e+01,0.000000000000000000e+00,0.000000000000000000e+00,2.442972362041473389e-01,3.805430531501770020e-01,2.463749796152114868e-01,3.126243650913238525e-01,8.139439062500000000e+04,3.937888281250000000e+04,3.448719921875000000e+04,7.208892187500000000e+04,-8.083618547332419083e+06
7.209999999999999742e-01,-2.689504268848186825e+02,-2.597510562452480443e+01,-4.591572665971192890e+01,-8.756247070312500000e+03,9.033881225585937500e+02,3.735586914062500000e+03,2.320458441972732544e-01,3.858005106449127197e-01,2.337234169244766235e-01,3.139702677726745605e-01,1.756651267562175178e+02,2.597510562452480443e+01,4.591572665971192890e+01,-9.328530012860117893e+01,0.000000000000000000e+00,0.000000000000000000e+00,2.320458441972732544e-01,3.858005106449127197e-01,2.337234169244766235e-01,3.139702677726745605e-01,8.146122656250000000e+04,3.948572265625000000e+04,3.459416406250000000e+04,7.220689843750000000e+04,-8.158735839520839974e+06
7.219999999999999751e-01,-2.585265879351384797e+02,-2.446395687397252061e+01,-4.201477839655927227e+01,-8.757746093750000000e+03,9.051636962890625000e+02,3.734378662109375000e+03,2.344845980405807495e-01,-4.507809132337570190e-02,3.272816836833953857e-01,2.914881408214569092e-01,1.652412878065372865e+02,2.446395687397252061e+01,4.201477839655927227e+01,-9.328530012860117893e+01,0.000000000000000000e+00,0.000000000000000000e+00,2.344845980405807495e-01,0.000000000000000000e+00,3.272816836833953857e-01,2.914881408214569092e-01,8.152053906250000000e+04,3.959840625000000000e+04,3.470674218750000000e+04,7.231907031250000000e+04,-8.227935562979868613e+06
7.229999999999999760e-01,-2.483714112142798740e+02,-2.233448413478240369e+01,-3.849639659904760691e+01,-8.753964843750000000e+03,9.075702514648437500e+02,3.763558349609375000e+03,2.300859689712524414e-01,-3.514765948057174683e-02,3.342910706996917725e-01,2.995298206806182861e-01,1.550861110856786809e+02,2.233448413478240369e+01,3.849639659904760691e+01,-9.328530012860117893e+01,0.000000000000000000e+00,0.000000000000000000e+00,2.300859689712524414e-01,0.000000000000000000e+00,3.342910706996917725e-01,2.995298206806182861e-01,8.149475000000000000e+04,3.970624218750000000e+04,3.481456250000000000e+04,7.243647656250000000e+04,-8.291604722621119581e+06
7.239999999999999769e-01,-2.385292003952537243e+02,-1.965583642188285651e+01,-3.544030289614278217e+01,-8.743321289062500000e+03,9.043295288085937500e+02,3.811234619140625000e+03,2.262658625841140747e-01,-2.338768914341926575e-02,3.397516310214996338e-01,3.067438006401062012e-01,1.452439002666525596e+02,1.965583642188285651e+01,3.544030289614278217e+01,-9.328530012860117893e+01,0.000000000000000000e+00,0.000000000000000000e+00,2.262658625841140747e-01,0.000000000000000000e+00,3.397516310214996338e-01,3.067438006401062012e-01,8.149006250000000000e+04,3.947309765625000000e+04,3.491894921875000000e+04,7.255725781250000000e+04,-8.350143269037133083e+06
7.249999999999999778e-01,-2.290246260005400813e+02,-1.653168906630098078e+01,-3.293447623920354772e+01,-8.722512695312500000e+03,8.953132324218750000e+02,3.828853759765625000e+03,2.233501970767974854e-01,-1.077202707529067993e-02,3.433038890361785889e-01,3.130445778369903564e-01,1.357393258719389166e+02,1.653168906630098078e+01,3.293447623920354772e+01,-9.328530012860117893e+01,0.000000000000000000e+00,0.000000000000000000e+00,2.233501970767974854e-01,0.000000000000000000e+00,3.433038890361785889e-01,3.130445778369903564e-01,8.144832031250000000e+04,3.924504687500000000e+04,3.502876171875000000e+04,7.267278906250000000e+04,-8.403953524820355698e+06
7.259999999999999787e-01,-2.198358447649848131e+02,-1.305012738189112120e+01,-3.099809057329268214e+01,-8.690714843750000000e+03,8.812854614257812500e+02,3.857266845703125000e+03,2.225893586874008179e-01,1.143660396337509155e-03,3.441909253597259521e-01,3.175499141216278076e-01,1.265505446363836342e+02,1.305012738189112120e+01,3.099809057329268214e+01,-9.328530012860117893e+01,0.000000000000000000e+00,0.000000000000000000e+00,2.225893586874008179e-01,1.143660396337509155e-03,3.441909253597259521e-01,3.175499141216278076e-01,8.138170312500000000e+04,3.901535156250000000e+04,3.513653906250000000e+04,7.278986718750000000e+04,-8.453412510907763615e+06
7.269999999999999796e-01,-2.109171022953556758e+02,-9.331419121726314714e+00,-2.965682435307984832e+01,-8.654863281250000000e+03,8.614441528320312500e+02,3.853168212890625000e+03,2.227773964405059814e-01,1.357878930866718292e-02,3.427609801292419434e-01,3.206150233745574951e-01,1.176318021667545111e+02,9.331419121726314714e+00,2.965682435307984832e+01,-9.328530012860117893e+01,0.000000000000000000e+00,0.000000000000000000e+00,2.227773964405059814e-01,1.357878930866718292e-02,3.427609801292419434e-01,3.206150233745574951e-01,8.128925781250000000e+04,3.879079687500000000e+04,3.524975781250000000e+04,7.290157812500000000e+04,-8.498865137561967596e+06
7.279999999999999805e-01,-2.021985976338394835e+02,-5.470757008529928633e+00,-2.890415710462459487e+01,-8.618111328125000000e+03,8.403428344726562500e+02,3.845078613281250000e+03,2.248673290014266968e-01,2.528214827179908752e-02,3.385964035987854004e-01,3.214848935604095459e-01,1.089132975052383188e+02,5.470757008529928633e+00,2.890415710462459487e+01,-9.328530012860117893e+01,0.000000000000000000e+00,0.000000000000000000e+00,2.248673290014266968e-01,2.528214827179908752e-02,3.385964035987854004e-01,3.214848935604095459e-01,8.119288281250000000e+04,3.856712500000000000e+04,3.536373046875000000e+04,7.301286718750000000e+04,-8.540614789927234873e+06
7.289999999999999813e-01,-1.935994656783680057e+02,-1.523156810406748773e+00,-2.872200830006498862e+01,-8.584612304687500000e+03,8.207885131835937500e+02,3.869388183593750000e+03,2.279015481472015381e-01,3.755517303943634033e-02,3.320679068565368652e-01,3.203221261501312256e-01,1.003141655497668268e+02,1.523156810406748773e+00,2.872200830006498862e+01,-9.328530012860117893e+01,0.000000000000000000e+00,0.000000000000000000e+00,2.279015481472015381e-01,3.755517303943634033e-02,3.320679068565368652e-01,3.203221261501312256e-01,8.110583593750000000e+04,3.833807031250000000e+04,3.547199218750000000e+04,7.312974218750000000e+04,-8.578922816805642098e+06
7.299999999999999822e-01,-1.850353290295326474e+02,2.396800620962047823e+00,-2.911627520451709472e+01,-8.557755859375000000e+03,8.048277587890625000e+02,3.860390869140625000e+03,2.304154038429260254e-01,5.171322822570800781e-02,3.236636817455291748e-01,3.175682127475738525e-01,9.175002890093145425e+01,-2.396800620962047823e+00,2.911627520451709472e+01,-9.328530012860117893e+01,0.000000000000000000e+00,0.000000000000000000e+00,2.304154038429260254e-01,5.171322822570800781e-02,3.236636817455291748e-01,3.175682127475738525e-01,8.103026562500000000e+04,3.811426562500000000e+04,3.558622656250000000e+04,7.324069531250000000e+04,-8.614014391929712147e+06
7.309999999999999831e-01,-1.764269878277586372e+02,6.197355651177238300e+00,-3.008215223679734862e+01,-8.532595703125000000e+03,7.937529296875000000e+02,3.843172363281250000e+03,2.343721985816955566e-01,6.629827618598937988e-02,3.125697374343872070e-01,3.118925988674163818e-01,8.314168769915747248e+01,-6.197355651177238300e+00,3.008215223679734862e+01,-9.328530012860117893e+01,0.000000000000000000e+00,0.000000000000000000e+00,2.343721985816955566e-01,6.629827618598937988e-02,3.125697374343872070e-01,3.118925988674163818e-01,8.097767187500000000e+04,3.789222265625000000e+04,3.570155078125000000e+04,7.335017187500000000e+04,-8.646084217063954100e+06
7.319999999999999840e-01,-1.677048397756664713e+02,9.814751219686650430e+00,-3.161496280003077075e+01,-8.505220703125000000e+03,7.860506591796875000e+02,3.846959472656250000e+03,2.388983517885208130e-01,8.214306086301803589e-02,2.990919351577758789e-01,3.036449253559112549e-01,7.441953964706529234e+01,-9.814751219686650430e+00,3.161496280003077075e+01,-9.328530012860117893e+01,0.000000000000000000e+00,0.000000000000000000e+00,2.388983517885208130e-01,8.214306086301803589e-02,2.990919351577758789e-01,3.036449253559112549e-01,8.097732031250000000e+04,3.766652734375000000e+04,3.581353515625000000e+04,7.346327343750000000e+04,-8.675304965562487021e+06
7.329999999999999849e-01,-1.588115046148689942e+02,1.315812672808783113e+01,-3.370320994001549053e+01,-8.473961914062500000e+03,7.787964477539062500e+02,3.845283203125000000e+03,2.427230626344680786e-01,9.974855184555053711e-02,2.837105691432952881e-01,2.935087084770202637e-01,6.552620448626781524e+01,-1.315812672808783113e+01,3.370320994001549053e+01,-9.328530012860117893e+01,0.000000000000000000e+00,0.000000000000000000e+00,2.427230626344680786e-01,9.974855184555053711e-02,2.837105691432952881e-01,2.935087084770202637e-01,8.097574218750000000e+04,3.744151562500000000e+04,3.592641796875000000e+04,7.357578125000000000e+04,-8.701835102219779044e+06
7.339999999999999858e-01,-1.497057690138070996e+02,1.615590545300304015e+01,-3.633182928187427052e+01,-8.436964843750000000e+03,7.702826538085937500e+02,3.858329833984375000e+03,2.467909604310989380e-01,1.182346120476722717e-01,2.662382125854492188e-01,2.812515795230865479e-01,5.642046888520592773e+01,-1.615590545300304015e+01,3.633182928187427052e+01,-9.328530012860117893e+01,0.000000000000000000e+00,0.000000000000000000e+00,2.467909604310989380e-01,1.182346120476722717e-01,2.662382125854492188e-01,2.812515795230865479e-01,8.100996093750000000e+04,3.727829296875000000e+04,3.603657031250000000e+04,7.369060937500000000e+04,-8.725827934595767409e+06
7.349999999999999867e-01,-1.403674804705927670e+02,1.872200250746451644e+01,-3.946459453637570647e+01,-8.395676757812500000e+03,7.598308715820312500e+02,3.868585205078125000e+03,2.502103745937347412e-01,1.376541852951049805e-01,2.473070621490478516e-01,2.677245736122131348e-01,4.708218034199158097e+01,-1.872200250746451644e+01,3.946459453637570647e+01,-9.328530012860117893e+01,0.000000000000000000e+00,0.000000000000000000e+00,2.502103745937347412e-01,1.376541852951049805e-01,2.473070621490478516e-01,2.677245736122131348e-01,8.107060937500000000e+04,3.726391406250000000e+04,3.614758984375000000e+04,7.380467187500000000e+04,-8.747438931769238785e+06
7.359999999999999876e-01,-1.308087575528570312e+02,2.075735388368999779e+01,-4.301659666637534229e+01,-8.355263671875000000e+03,7.460947875976562500e+02,3.845601318359375000e+03,2.537907660007476807e-01,1.574220061302185059e-01,2.271029800176620483e-01,2.530788779258728027e-01,3.752345742425585229e+01,-2.075735388368999779e+01,4.301659666637534229e+01,-9.328530012860117893e+01,0.000000000000000000e+00,0.000000000000000000e+00,2.537907660007476807e-01,1.574220061302185059e-01,2.271029800176620483e-01,2.530788779258728027e-01,8.115353906250000000e+04,3.738028906250000000e+04,3.626387109375000000e+04,7.391324218750000000e+04,-8.766831158150771633e+06
7.369999999999999885e-01,-1.210541152067823987e+02,2.221714172205100368e+01,-4.692379495142714774e+01,-8.319621093750000000e+03,7.332337036132812500e+02,3.851826416015625000e+03,2.590685486793518066e-01,1.768882870674133301e-01,2.058441936969757080e-01,2.373504191637039185e-01,2.776881507818122685e+01,-2.221714172205100368e+01,4.692379495142714774e+01,-9.328530012860117893e+01,0.000000000000000000e+00,0.000000000000000000e+00,2.590685486793518066e-01,1.768882870674133301e-01,2.058441936969757080e-01,2.373504191637039185e-01,8.126440625000000000e+04,3.749189453125000000e+04,3.637544140625000000e+04,7.402694531250000000e+04,-8.784180700878210366e+06
7.379999999999999893e-01,-1.111494024431990795e+02,2.305461553487055681e+01,-5.109631390954140784e+01,-8.294902343750000000e+03,7.224017944335937500e+02,3.877669921875000000e+03,2.630466222763061523e-01,1.964299082756042480e-01,1.853593587875366211e-01,2.227355837821960449e-01,1.786410231459790410e+01,-2.305461553487055681e+01,5.109631390954140784e+01,-9.328530012860117893e+01,0.000000000000000000e+00,0.000000000000000000e+00,2.630466222763061523e-01,1.964299082756042480e-01,1.853593587875366211e-01,2.227355837821960449e-01,8.138119531250000000e+04,3.759992968750000000e+04,3.648375000000000000e+04,7.414402343750000000e+04,-8.799677239134293050e+06
7.389999999999999902e-01,-1.011837338668042321e+02,2.321947979140874097e+01,-5.536795606986743223e+01,-8.283292968750000000e+03,7.156467895507812500e+02,3.869182373046875000e+03,2.660954296588897705e-01,2.153888642787933350e-01,1.662916243076324463e-01,2.097954303026199341e-01,7.898433738203046950e+00,-2.321947979140874097e+01,5.536795606986743223e+01,-9.328530012860117893e+01,0.000000000000000000e+00,0.000000000000000000e+00,2.660954296588897705e-01,2.153888642787933350e-01,1.662916243076324463e-01,2.097954303026199341e-01,8.149218750000000000e+04,3.771406250000000000e+04,3.659749218750000000e+04,7.425500781250000000e+04,-8.813520141934659332e+06
7.399999999999999911e-01,-9.124686111771998753e+01,2.270309028565002407e+01,-5.960803144307670465e+01,-8.278865234375000000e+03,7.156400756835937500e+02,3.875892089843750000e+03,2.709854543209075928e-01,2.333567440509796143e-01,1.484171301126480103e-01,1.977328509092330933e-01,-2.038439010881184732e+00,-2.270309028565002407e+01,5.960803144307670465e+01,-9.328530012860117893e+01,0.000000000000000000e+00,0.000000000000000000e+00,2.709854543209075928e-01,2.333567440509796143e-01,1.484171301126480103e-01,1.977328509092330933e-01,8.160610937500000000e+04,3.782551562500000000e+04,3.670910937500000000e+04,7.423182812500000000e+04,-8.825914679319532588e+06
7.409999999999999920e-01,-8.143118778361753130e+01,2.151982445153641521e+01,-6.367801484603837991e+01,-8.279774414062500000e+03,7.186665039062500000e+02,3.889353759765625000e+03,2.750557661056518555e-01,2.500458955764770508e-01,1.333718150854110718e-01,1.885928064584732056e-01,-1.185411234498364408e+01,-2.151982445153641521e+01,6.367801484603837991e+01,-9.328530012860117893e+01,0.000000000000000000e+00,0.000000000000000000e+00,2.750557661056518555e-01,2.500458955764770508e-01,1.333718150854110718e-01,1.885928064584732056e-01,8.172074218750000000e+04,3.793561718750000000e+04,3.681935546875000000e+04,7.412002343750000000e+04,-8.837063710082540289e+06
7.419999999999999929e-01,-7.182154402898970602e+01,1.971069917890014267e+01,-6.744465525425096075e+01,-8.279559570312500000e+03,7.224857788085937500e+02,3.899366455078125000e+03,2.785168886184692383e-01,2.649196088314056396e-01,1.216523423790931702e-01,1.828303188085556030e-01,-2.146375609961146935e+01,-1.971069917890014267e+01,6.744465525425096075e+01,-9.328530012860117893e+01,0.000000000000000000e+00,0.000000000000000000e+00,2.785168886184692383e-01,2.649196088314056396e-01,1.216523423790931702e-01,1.828303188085556030e-01,8.183486718750000000e+04,3.804668359375000000e+04,3.693021484375000000e+04,7.394133593750000000e+04,-8.847159337453734130e+06
7.429999999999999938e-01,-6.246939004130873485e+01,1.732668633488862753e+01,-7.083190132546324946e+01,-8.272440429687500000e+03,7.250499267578125000e+02,3.936925048828125000e+03,2.817352414131164551e-01,2.777971029281616211e-01,1.134603768587112427e-01,1.804893612861633301e-01,-3.081591008729244408e+01,-1.732668633488862753e+01,7.083190132546324946e+01,-9.328530012860117893e+01,0.000000000000000000e+00,0.000000000000000000e+00,2.817352414131164551e-01,2.777971029281616211e-01,1.134603768587112427e-01,1.804893612861633301e-01,8.195392187500000000e+04,3.815291406250000000e+04,3.703660156250000000e+04,7.372721875000000000e+04,-8.856379134450595826e+06
7.439999999999999947e-01,-5.341340089738046260e+01,1.446443234594492466e+01,-7.373214854807385166e+01,-8.257903320312500000e+03,7.210867309570312500e+02,3.934277832031250000e+03,2.828636765480041504e-01,2.880904078483581543e-01,1.098009124398231506e-01,1.829109042882919312e-01,-3.987189923122071633e+01,-1.446443234594492466e+01,7.373214854807385166e+01,-9.328530012860117893e+01,0.000000000000000000e+00,0.000000000000000000e+00,2.828636765480041504e-01,2.880904078483581543e-01,1.098009124398231506e-01,1.829109042882919312e-01,8.206583593750000000e+04,3.826583984375000000e+04,3.714133593750000000e+04,7.350150000000000000e+04,-8.864877775378625840e+06
7.449999999999999956e-01,-4.464731893820462716e+01,1.121728198975002755e+01,-7.610521107784657602e+01,-8.235078125000000000e+03,7.111762695312500000e+02,3.926476318359375000e+03,2.853709459304809570e-01,2.967000901699066162e-01,1.093034818768501282e-01,1.875092983245849609e-01,-4.863798119039655177e+01,-1.121728198975002755e+01,7.610521107784657602e+01,-9.328530012860117893e+01,0.000000000000000000e+00,0.000000000000000000e+00,2.853709459304809570e-01,2.967000901699066162e-01,1.093034818768501282e-01,1.875092983245849609e-01,8.217710156250000000e+04,3.837981250000000000e+04,3.721523046875000000e+04,7.329080468750000000e+04,-8.872788989035436884e+06
7.459999999999999964e-01,-3.613115418770312459e+01,7.646531798195316476e+00,-7.795875992428463519e+01,-8.208885742187500000e+03,6.959676513671875000e+02,3.954197021484375000e+03,2.873386442661285400e-01,3.034211099147796631e-01,1.126661747694015503e-01,1.951363831758499146e-01,-5.715414594089805433e+01,-7.646531798195316476e+00,7.795875992428463519e+01,-9.328530012860117893e+01,0.000000000000000000e+00,0.000000000000000000e+00,2.873386442661285400e-01,3.034211099147796631e-01,1.126661747694015503e-01,1.951363831758499146e-01,8.229437500000000000e+04,3.848759375000000000e+04,3.727726562500000000e+04,7.312633593750000000e+04,-8.880230487035846338e+06
7.469999999999999973e-01,-2.780901151544792071e+01,3.866251208667033090e+00,-7.926204438161340704e+01,-8.188025878906250000e+03,6.772190551757812500e+02,3.942078857421875000e+03,2.866509556770324707e-01,3.076022565364837646e-01,1.209258511662483215e-01,2.069398015737533569e-01,-6.547628861315325821e+01,-3.866251208667033090e+00,7.926204438161340704e+01,-9.328530012860117893e+01,0.000000000000000000e+00,0.000000000000000000e+00,2.866509556770324707e-01,3.076022565364837646e-01,1.209258511662483215e-01,2.069398015737533569e-01,8.240472656250000000e+04,3.860223828125000000e+04,3.737153125000000000e+04,7.301681250000000000e+04,-8.887301247735274956e+06
7.479999999999999982e-01,-1.960618882669643881e+01,-4.500595900989642212e-02,-8.001290076619699221e+01,-8.174483398437500000e+03,6.619188232421875000e+02,3.930607421875000000e+03,2.877945899963378906e-01,3.115949928760528564e-01,1.318434327840805054e-01,2.188967615365982056e-01,-7.367911130190474012e+01,4.500595900989642212e-02,8.001290076619699221e+01,-9.328530012860117893e+01,0.000000000000000000e+00,0.000000000000000000e+00,2.877945899963378906e-01,3.115949928760528564e-01,1.318434327840805054e-01,2.188967615365982056e-01,8.251555468750000000e+04,3.871676953125000000e+04,3.748614843750000000e+04,7.299843750000000000e+04,-8.894077716690139845e+06
7.489999999999999991e-01,-1.143825896562769628e+01,-4.004647112822777189e+00,-8.020668349487827697e+01,-8.171515625000000000e+03,6.505137939453125000e+02,3.914049316406250000e+03,2.890907227993011475e-01,3.153707981109619141e-01,1.459170281887054443e-01,2.314943224191665649e-01,-8.184704116297348264e+01,4.004647112822777189e+00,8.020668349487827697e+01,-9.328530012860117893e+01,0.000000000000000000e+00,0.000000000000000000e+00,2.890907227993011475e-01,3.153707981109619141e-01,1.459170281887054443e-01,2.314943224191665649e-01,8.262524218750000000e+04,3.883187500000000000e+04,3.760134765625000000e+04,7.306866406250000000e+04,-8.900667699734050781e+06
7.500000000000000000e-01,-3.219057874193552493e+00,-7.912792852394841425e+00,-7.983426437703774070e+01,-8.177319824218750000e+03,6.456730957031250000e+02,3.875571533203125000e+03,2.912200689315795898e-01,3.195714652538299561e-01,1.624558120965957642e-01,2.437140196561813354e-01,-9.006624225440762643e+01,7.912792852394841425e+00,7.983426437703774070e+01,-9.328530012860117893e+01,0.000000000000000000e+00,0.000000000000000000e+00,2.912200689315795898e-01,3.195714652538299561e-01,1.624558120965957642e-01,2.437140196561813354e-01,8.273125781250000000e+04,3.895099218750000000e+04,3.772035156250000000e+04,7.317485937500000000e+04,-8.907114184126995504e+06
7.510000000000000009e-01,5.132205859574071383e+00,-1.173623874407054402e+01,-7.888692234306964224e+01,-8.186308105468750000e+03,6.488129272460937500e+02,3.885248291015625000e+03,2.951248288154602051e-01,3.252491652965545654e-01,1.800829619169235229e-01,2.542327344417572021e-01,-9.841750598817525031e+01,1.173623874407054402e+01,7.888692234306964224e+01,-9.328530012860117893e+01,0.000000000000000000e+00,0.000000000000000000e+00,2.951248288154602051e-01,3.252491652965545654e-01,1.800829619169235229e-01,2.542327344417572021e-01,8.284567187500000000e+04,3.906197265625000000e+04,3.783137109375000000e+04,7.328927343750000000e+04,-8.913501409480599687e+06
7.520000000000000018e-01,1.369158863240538437e+01,-1.536946137888844000e+01,-7.735511743367476356e+01,-8.197000976562500000e+03,6.550098876953125000e+02,3.874829345703125000e+03,2.958841621875762939e-01,3.300176858901977539e-01,1.995192468166351318e-01,2.654301822185516357e-01,-1.069768887610065633e+02,1.536946137888844000e+01,7.735511743367476356e+01,-9.328530012860117893e+01,0.000000000000000000e+00,0.000000000000000000e+00,2.958841621875762939e-01,3.300176858901977539e-01,1.995192468166351318e-01,2.654301822185516357e-01,8.295629687500000000e+04,3.917603906250000000e+04,3.794544921875000000e+04,7.340002343750000000e+04,-8.919908903616134077e+06
7.530000000000000027e-01,2.251376775261296359e+01,-1.870654701639249851e+01,-7.524426023292700449e+01,-8.200198242187500000e+03,6.632153320312500000e+02,3.846295166015625000e+03,2.962027490139007568e-01,3.355591595172882080e-01,2.178105711936950684e-01,2.753142714500427246e-01,-1.157990678812141425e+02,1.870654701639249851e+01,7.524426023292700449e+01,-9.328530012860117893e+01,0.000000000000000000e+00,0.000000000000000000e+00,2.962027490139007568e-01,3.355591595172882080e-01,2.178105711936950684e-01,2.753142714500427246e-01,8.306412500000000000e+04,3.929352734375000000e+04,3.806292187500000000e+04,7.350763281250000000e+04,-8.926427406953830272e+06
7.540000000000000036e-01,3.163825128393756358e+01,-2.168726179415896738e+01,-7.255815555146959639e+01,-8.193478515625000000e+03,6.696840209960937500e+02,3.849050537109375000e+03,2.949846684932708740e-01,3.415004611015319824e-01,2.335030585527420044e-01,2.842792868614196777e-01,-1.249235514125387425e+02,2.168726179415896738e+01,7.255815555146959639e+01,-9.328530012860117893e+01,0.000000000000000000e+00,0.000000000000000000e+00,2.949846684932708740e-01,3.415004611015319824e-01,2.335030585527420044e-01,2.842792868614196777e-01,8.317718750000000000e+04,3.940563671875000000e+04,3.817503515625000000e+04,7.362054687500000000e+04,-8.933163409159295261e+06
7.550000000000000044e-01,4.107743225543596566e+01,-2.421595940554275117e+01,-6.933880237590767592e+01,-8.180042968750000000e+03,6.706065673828125000e+02,3.841366455078125000e+03,2.890033125877380371e-01,3.456138968467712402e-01,2.464984655380249023e-01,2.939853370189666748e-01,-1.343627323840371446e+02,2.421595940554275117e+01,6.933880237590767592e+01,-9.328530012860117893e+01,0.000000000000000000e+00,0.000000000000000000e+00,2.890033125877380371e-01,3.456138968467712402e-01,2.464984655380249023e-01,2.939853370189666748e-01,8.328829687500000000e+04,3.951925781250000000e+04,3.828866796875000000e+04,7.373203125000000000e+04,-8.940245046804850921e+06
7.560000000000000053e-01,5.082243845735517596e+01,-2.622777233919448747e+01,-6.562959206223212050e+01,-8.160548828125000000e+03,6.685002441406250000e+02,3.857947265625000000e+03,2.809679210186004639e-01,3.494358658790588379e-01,2.552498579025268555e-01,3.032126426696777344e-01,-1.441077385859563549e+02,2.622777233919448747e+01,6.562959206223212050e+01,-9.328530012860117893e+01,0.000000000000000000e+00,0.000000000000000000e+00,2.809679210186004639e-01,3.494358658790588379e-01,2.552498579025268555e-01,3.032126426696777344e-01,8.340385156250000000e+04,3.962923046875000000e+04,3.839863671875000000e+04,7.384745312500000000e+04,-8.947823106451734900e+06
7.570000000000000062e-01,6.082561239144997955e+01,-2.764133917754915615e+01,-6.153190178442563507e+01,-8.143090820312500000e+03,6.635966796875000000e+02,3.863563964843750000e+03,2.698625326156616211e-01,3.522558510303497314e-01,2.598433792591094971e-01,3.121155798435211182e-01,-1.541109125200511585e+02,2.764133917754915615e+01,6.153190178442563507e+01,-9.328530012860117893e+01,0.000000000000000000e+00,0.000000000000000000e+00,2.698625326156616211e-01,3.522558510303497314e-01,2.598433792591094971e-01,3.121155798435211182e-01,8.351717187500000000e+04,3.974084765625000000e+04,3.851020703125000000e+04,7.396075781250000000e+04,-8.956073080143265426e+06
7.580000000000000071e-01,7.099830798554934574e+01,-2.839428214184208699e+01,-5.719351281448230395e+01,-8.130808593750000000e+03,6.572157592773437500e+02,3.850593261718750000e+03,2.582350969314575195e-01,3.558449745178222656e-01,2.594455778598785400e-01,3.194275796413421631e-01,-1.642836081141505247e+02,2.839428214184208699e+01,5.719351281448230395e+01,-9.328530012860117893e+01,0.000000000000000000e+00,0.000000000000000000e+00,2.582350969314575195e-01,3.558449745178222656e-01,2.594455778598785400e-01,3.194275796413421631e-01,8.362751562500000000e+04,3.985536718750000000e+04,3.862482031250000000e+04,7.407100781250000000e+04,-8.965191173046486452e+06
7.590000000000000080e-01,8.124875132469908579e+01,-2.846357223372570644e+01,-5.273300008694848628e+01,-8.122932128906250000e+03,6.534083251953125000e+02,3.871537597656250000e+03,2.470441311597824097e-01,3.608599305152893066e-01,2.537443637847900391e-01,3.244743347167968750e-01,-1.745340514533002647e+02,2.846357223372570644e+01,5.273300008694848628e+01,-9.328530012860117893e+01,0.000000000000000000e+00,0.000000000000000000e+00,2.470441311597824097e-01,3.608599305152893066e-01,2.537443637847900391e-01,3.244743347167968750e-01,8.374007812500000000e+04,3.996461328125000000e+04,3.873402343750000000e+04,7.418715625000000000e+04,-8.975383476880783215e+06
7.600000000000000089e-01,-2.685433921263760908e+02,-2.783709328778084569e+01,-4.832276324922299438e+01,-8.123136230468750000e+03,6.512375488281250000e+02,3.887591552734375000e+03,2.347197532653808594e-01,3.659697473049163818e-01,2.435838431119918823e-01,3.272780478000640869e-01,1.752580919977748977e+02,2.783709328778084569e+01,4.832276324922299438e+01,-9.328530012860117893e+01,0.000000000000000000e+00,0.000000000000000000e+00,2.347197532653808594e-01,3.659697473049163818e-01,2.435838431119918823e-01,3.272780478000640869e-01,8.376842187500000000e+04,4.007448046875000000e+04,3.884378906250000000e+04,7.430258593750000000e+04,-9.050609023546276614e+06
7.610000000000000098e-01,-2.584941021654747715e+02,-2.653255946401979415e+01,-4.412078321944400017e+01,-8.125523925781250000e+03,6.514900512695312500e+02,3.908012695312500000e+03,2.326487600803375244e-01,-6.345038115978240967e-02,3.228296935558319092e-01,2.975168228149414062e-01,1.652088020368736068e+02,2.653255946401979415e+01,4.412078321944400017e+01,-9.328530012860117893e+01,0.000000000000000000e+00,0.000000000000000000e+00,2.326487600803375244e-01,0.000000000000000000e+00,3.228296935558319092e-01,2.975168228149414062e-01,8.370767968750000000e+04,4.018342968750000000e+04,3.895293359375000000e+04,7.441839062500000000e+04,-9.120078844624221325e+06
7.620000000000000107e-01,-2.487098616501784250e+02,-2.460237156773346001e+01,-4.028307673350440865e+01,-8.124009277343750000e+03,6.511483764648437500e+02,3.912809082031250000e+03,2.270323187112808228e-01,-5.423790216445922852e-02,3.305135965347290039e-01,3.064753115177154541e-01,1.554245615215772318e+02,2.460237156773346001e+01,4.028307673350440865e+01,-9.328530012860117893e+01,0.000000000000000000e+00,0.000000000000000000e+00,2.270323187112808228e-01,0.000000000000000000e+00,3.305135965347290039e-01,3.064753115177154541e-01,8.363026562500000000e+04,3.995773046875000000e+04,3.906478515625000000e+04,7.453157812500000000e+04,-9.184163442864146084e+06
7.630000000000000115e-01,-2.392509948225809353e+02,-2.211783685304715164e+01,-3.690421055378067905e+01,-8.115222167968750000e+03,6.481152954101562500e+02,3.924072753906250000e+03,2.231307774782180786e-01,-4.454421252012252808e-02,3.364856541156768799e-01,3.143014609813690186e-01,1.459656946939797422e+02,2.211783685304715164e+01,3.690421055378067905e+01,-9.328530012860117893e+01,0.000000000000000000e+00,0.000000000000000000e+00,2.231307774782180786e-01,0.000000000000000000e+00,3.364856541156768799e-01,3.143014609813690186e-01,8.351464062500000000e+04,3.973076562500000000e+04,3.917529687500000000e+04,7.464604687500000000e+04,-9.243255600851396099e+06
7.640000000000000124e-01,-2.301370705154169514e+02,-1.914704811571166942e+01,-3.402467413879420377e+01,-8.095417480468750000e+03,6.409273071289062500e+02,3.962483154296875000e+03,2.204191684722900391e-01,-3.409708663821220398e-02,3.406542241573333740e-01,3.210526704788208008e-01,1.368517703868157867e+02,1.914704811571166942e+01,3.402467413879420377e+01,-9.328530012860117893e+01,0.000000000000000000e+00,0.000000000000000000e+00,2.204191684722900391e-01,0.000000000000000000e+00,3.406542241573333740e-01,3.210526704788208008e-01,8.337778125000000000e+04,3.949907812500000000e+04,3.928151953125000000e+04,7.476524218750000000e+04,-9.297742959978610277e+06
7.650000000000000133e-01,-2.213710917651780505e+02,-1.580631205355459556e+01,-3.171247057064884345e+01,-8.067926757812500000e+03,6.287489013671875000e+02,3.956511230468750000e+03,2.182727009057998657e-01,-2.255103737115859985e-02,3.429823219776153564e-01,3.268406093120574951e-01,1.280857916365768574e+02,1.580631205355459556e+01,3.171247057064884345e+01,-9.328530012860117893e+01,0.000000000000000000e+00,0.000000000000000000e+00,2.182727009057998657e-01,0.000000000000000000e+00,3.429823219776153564e-01,3.268406093120574951e-01,8.321635937500000000e+04,3.927516796875000000e+04,3.939513671875000000e+04,7.487667187500000000e+04,-9.348003640538346022e+06
7.660000000000000142e-01,-2.129114810851804691e+02,-1.218342468151206326e+01,-2.996756903173884368e+01,-8.034126953125000000e+03,6.124225463867187500e+02,3.954993408203125000e+03,2.186726927757263184e-01,-1.203983277082443237e-02,3.426829278469085693e-01,3.306212127208709717e-01,1.196261809565792760e+02,1.218342468151206326e+01,2.996756903173884368e+01,-9.328530012860117893e+01,0.000000000000000000e+00,0.000000000000000000e+00,2.186726927757263184e-01,0.000000000000000000e+00,3.426829278469085693e-01,3.306212127208709717e-01,8.304393750000000000e+04,3.905031250000000000e+04,3.950775000000000000e+04,7.498879687500000000e+04,-9.394381430346872658e+06
7.670000000000000151e-01,-2.046985422613585683e+02,-8.367219905721793083e+00,-2.878419764375281886e+01,-7.998491699218750000e+03,5.935424804687500000e+02,3.948705322265625000e+03,2.200478464365005493e-01,-1.108888536691665649e-03,3.401833474636077881e-01,3.328202664852142334e-01,1.114132421327573894e+02,8.367219905721793083e+00,2.878419764375281886e+01,-9.328530012860117893e+01,0.000000000000000000e+00,0.000000000000000000e+00,2.200478464365005493e-01,0.000000000000000000e+00,3.401833474636077881e-01,3.328202664852142334e-01,8.287750781250000000e+04,3.882612109375000000e+04,3.962146875000000000e+04,7.510032812500000000e+04,-9.437181463953742757e+06
7.680000000000000160e-01,-1.966596400207144200e+02,-4.445226088688563948e+00,-2.815433802244524841e+01,-7.965393066406250000e+03,5.754607543945312500e+02,3.932932861328125000e+03,2.224762141704559326e-01,1.020015776157379150e-02,3.354201018810272217e-01,3.331472873687744141e-01,1.033743398921132410e+02,4.445226088688563948e+00,2.815433802244524841e+01,-9.328530012860117893e+01,0.000000000000000000e+00,0.000000000000000000e+00,2.224762141704559326e-01,1.020015776157379150e-02,3.354201018810272217e-01,3.331472873687744141e-01,8.272356250000000000e+04,3.860382812500000000e+04,3.973670312500000000e+04,7.521049218750000000e+04,-9.476668904751282185e+06
7.690000000000000169e-01,-1.887161122049881214e+02,-4.687947585304093612e-01,-2.806418027881148447e+01,-7.936472656250000000e+03,5.611971435546875000e+02,3.940877441406250000e+03,2.259643524885177612e-01,2.216207049787044525e-02,3.283664882183074951e-01,3.313019275665283203e-01,9.543081207638695673e+01,4.687947585304093612e-01,2.806418027881148447e+01,-9.328530012860117893e+01,0.000000000000000000e+00,0.000000000000000000e+00,2.259643524885177612e-01,2.216207049787044525e-02,3.283664882183074951e-01,3.313019275665283203e-01,8.259550000000000000e+04,3.837733984375000000e+04,3.984772656250000000e+04,7.532424218750000000e+04,-9.513070493740295991e+06
7.700000000000000178e-01,-1.807906344400008720e+02,3.443780066727542888e+00,-2.851464057890334303e+01,-7.910660644531250000e+03,5.509259643554687500e+02,3.902833007812500000e+03,2.291195988655090332e-01,3.600955009460449219e-02,3.193683922290802002e-01,3.275885283946990967e-01,8.750533431139970730e+01,-3.443780066727542888e+00,2.851464057890334303e+01,-9.328530012860117893e+01,0.000000000000000000e+00,0.000000000000000000e+00,2.291195988655090332e-01,3.600955009460449219e-02,3.193683922290802002e-01,3.275885283946990967e-01,8.246236718750000000e+04,3.815855859375000000e+04,3.996675390625000000e+04,7.543028906250000000e+04,-9.546580691590005532e+06
7.710000000000000187e-01,-1.728115019524724971e+02,7.237160491156763520e+00,-2.949843902580171573e+01,-7.884442382812500000e+03,5.454957885742187500e+02,3.882724853515625000e+03,2.344952672719955444e-01,5.010442435741424561e-02,3.075844943523406982e-01,3.207615911960601807e-01,7.952620182387131820e+01,-7.237160491156763520e+00,2.949843902580171573e+01,-9.328530012860117893e+01,0.000000000000000000e+00,0.000000000000000000e+00,2.344952672719955444e-01,5.010442435741424561e-02,3.075844943523406982e-01,3.207615911960601807e-01,8.238445312500000000e+04,3.793692968750000000e+04,4.008270703125000000e+04,7.553954687500000000e+04,-9.577367041194008663e+06
7.720000000000000195e-01,-1.647132240257684543e+02,1.087822141628916839e+01,-3.101981263700665536e+01,-7.855537597656250000e+03,5.420574951171875000e+02,3.904386718750000000e+03,2.394924312829971313e-01,6.612997502088546753e-02,2.937996387481689453e-01,3.118598461151123047e-01,7.142792389716726120e+01,-1.087822141628916839e+01,3.101981263700665536e+01,-9.328530012860117893e+01,0.000000000000000000e+00,0.000000000000000000e+00,2.394924312829971313e-01,6.612997502088546753e-02,2.937996387481689453e-01,3.118598461151123047e-01,8.231543750000000000e+04,3.770807031250000000e+04,4.019144531250000000e+04,7.565591406250000000e+04,-9.605578051840187982e+06
7.730000000000000204e-01,-1.564434216129937454e+02,1.424470484572713680e+01,-3.306108613440014921e+01,-7.822581054687500000e+03,5.392781372070312500e+02,3.877443847656250000e+03,2.427509874105453491e-01,8.426757901906967163e-02,2.784316837787628174e-01,3.015134334564208984e-01,6.315812148439258067e+01,-1.424470484572713680e+01,3.306108613440014921e+01,-9.328530012860117893e+01,0.000000000000000000e+00,0.000000000000000000e+00,2.427509874105453491e-01,8.426757901906967163e-02,2.784316837787628174e-01,3.015134334564208984e-01,8.227903125000000000e+04,3.748758984375000000e+04,4.030861328125000000e+04,7.576382031250000000e+04,-9.631348543038697913e+06
7.740000000000000213e-01,-1.479648690028810734e+02,1.727725492459690670e+01,-3.561041764543116983e+01,-7.782738769531250000e+03,5.366088256835937500e+02,3.866473632812500000e+03,2.483438700437545776e-01,1.025271117687225342e-01,2.603395283222198486e-01,2.881880700588226318e-01,5.467956887427988022e+01,-1.727725492459690670e+01,3.561041764543116983e+01,-9.328530012860117893e+01,0.000000000000000000e+00,0.000000000000000000e+00,2.483438700437545776e-01,1.025271117687225342e-01,2.603395283222198486e-01,2.881880700588226318e-01,8.230657031250000000e+04,3.734471484375000000e+04,4.042304687500000000e+04,7.587440625000000000e+04,-9.654808750880349427e+06
7.750000000000000222e-01,-1.392522390636057708e+02,1.991834857779675971e+01,-3.864836497877649890e+01,-7.740291992187500000e+03,5.308528442382812500e+02,3.873640380859375000e+03,2.533043026924133301e-01,1.219324842095375061e-01,2.408134788274765015e-01,2.735703587532043457e-01,4.596693893500459183e+01,-1.991834857779675971e+01,3.864836497877649890e+01,-9.328530012860117893e+01,0.000000000000000000e+00,0.000000000000000000e+00,2.533043026924133301e-01,1.219324842095375061e-01,2.408134788274765015e-01,2.735703587532043457e-01,8.237669531250000000e+04,3.735183203125000000e+04,4.053421875000000000e+04,7.598826562500000000e+04,-9.676090373690176755e+06
7.760000000000000231e-01,-1.303073350236831232e+02,2.208220914466926388e+01,-4.211346519394818699e+01,-7.699597167968750000e+03,5.235374145507812500e+02,3.859234619140625000e+03,2.573766112327575684e-01,1.419587731361389160e-01,2.204261273145675659e-01,2.583506703376770020e-01,3.702203489508195133e+01,-2.208220914466926388e+01,4.211346519394818699e+01,-9.328530012860117893e+01,0.000000000000000000e+00,0.000000000000000000e+00,2.573766112327575684e-01,1.419587731361389160e-01,2.204261273145675659e-01,2.583506703376770020e-01,8.247724218750000000e+04,3.746695312500000000e+04,4.064926953125000000e+04,7.609854687500000000e+04,-9.695331543162502348e+06
7.770000000000000240e-01,-1.211458979772710052e+02,2.371789677238857408e+01,-4.595357467117297290e+01,-7.663572265625000000e+03,5.181423339843750000e+02,3.865387939453125000e+03,2.626857161521911621e-01,1.619017422199249268e-01,1.990765333175659180e-01,2.421683371067047119e-01,2.786059784866982625e+01,-2.371789677238857408e+01,4.595357467117297290e+01,-9.328530012860117893e+01,0.000000000000000000e+00,0.000000000000000000e+00,2.626857161521911621e-01,1.619017422199249268e-01,1.990765333175659180e-01,2.421683371067047119e-01,8.259105468750000000e+04,3.757843359375000000e+04,4.076086718750000000e+04,7.621196093750000000e+04,-9.712682141411585733e+06
7.780000000000000249e-01,-1.118228707854736399e+02,2.476183941810965550e+01,-5.005207227409970017e+01,-7.636774414062500000e+03,5.134279785156250000e+02,3.848795410156250000e+03,2.670536637306213379e-01,1.819609403610229492e-01,1.781910508871078491e-01,2.266436666250228882e-01,1.853757065687246808e+01,-2.476183941810965550e+01,5.005207227409970017e+01,-9.328530012860117893e+01,0.000000000000000000e+00,0.000000000000000000e+00,2.670536637306213379e-01,1.819609403610229492e-01,1.781910508871078491e-01,2.266436666250228882e-01,8.270067187500000000e+04,3.769368750000000000e+04,4.087602343750000000e+04,7.632164062500000000e+04,-9.728304854472590610e+06
7.790000000000000258e-01,-1.024056423303718333e+02,2.518241678665296490e+01,-5.430296843263018758e+01,-7.619000976562500000e+03,5.132381591796875000e+02,3.844961914062500000e+03,2.728132307529449463e-01,2.012761533260345459e-01,1.578030586242675781e-01,2.114938348531723022e-01,9.120342201770657908e+00,-2.518241678665296490e+01,5.430296843263018758e+01,-9.328530012860117893e+01,0.000000000000000000e+00,0.000000000000000000e+00,2.728132307529449463e-01,2.012761533260345459e-01,1.578030586242675781e-01,2.114938348531723022e-01,8.281257031250000000e+04,3.780698437500000000e+04,4.098926171875000000e+04,7.637318750000000000e+04,-9.742374736549498513e+06
7.800000000000000266e-01,-9.296985751027553135e+01,2.496268810152093565e+01,-5.860453918524714823e+01,-7.609279296875000000e+03,5.184190673828125000e+02,3.870574462890625000e+03,2.779670357704162598e-01,2.197518348693847656e-01,1.392947435379028320e-01,1.982678920030593872e-01,-3.154426183256508476e-01,-2.496268810152093565e+01,5.860453918524714823e+01,-9.328530012860117893e+01,0.000000000000000000e+00,0.000000000000000000e+00,2.779670357704162598e-01,2.197518348693847656e-01,1.392947435379028320e-01,1.982678920030593872e-01,8.292949218750000000e+04,3.791511328125000000e+04,4.109764453125000000e+04,7.631607031250000000e+04,-9.755075758765349165e+06
7.810000000000000275e-01,-8.363242969575061636e+01,2.410346036458442143e+01,-6.276860302892576726e+01,-7.604840332031250000e+03,5.268516235351562500e+02,3.851151611328125000e+03,2.814270555973052979e-01,2.368784844875335693e-01,1.236388310790061951e-01,1.880995035171508789e-01,-9.652870432850566118e+00,-2.410346036458442143e+01,6.276860302892576726e+01,-9.328530012860117893e+01,0.000000000000000000e+00,0.000000000000000000e+00,2.814270555973052979e-01,2.368784844875335693e-01,1.236388310790061951e-01,1.880995035171508789e-01,8.303864843750000000e+04,3.803100000000000000e+04,4.121331640625000000e+04,7.615350000000000000e+04,-9.766591016389913857e+06
7.820000000000000284e-01,-7.447225796057395542e+01,2.263386814796380264e+01,-6.669525784406900470e+01,-7.599115722656250000e+03,5.380434570312500000e+02,3.857896972656250000e+03,2.873556613922119141e-01,2.524941861629486084e-01,1.098681017756462097e-01,1.792800873517990112e-01,-1.881304216802722351e+01,-2.263386814796380264e+01,6.669525784406900470e+01,-9.328530012860117893e+01,0.000000000000000000e+00,0.000000000000000000e+00,2.873556613922119141e-01,2.524941861629486084e-01,1.098681017756462097e-01,1.792800873517990112e-01,8.315250000000000000e+04,3.814247265625000000e+04,4.130011328125000000e+04,7.592950781250000000e+04,-9.777097683001887053e+06
7.830000000000000293e-01,-6.555256002951819028e+01,2.059669032029590241e+01,-7.029661085418682376e+01,-7.589511230468750000e+03,5.482514648437500000e+02,3.883241210937500000e+03,2.914114594459533691e-01,2.660869956016540527e-01,9.983495622873306274e-02,1.744195967912673950e-01,-2.773274009908298510e+01,-2.059669032029590241e+01,7.029661085418682376e+01,-9.328530012860117893e+01,0.000000000000000000e+00,0.000000000000000000e+00,2.914114594459533691e-01,2.660869956016540527e-01,9.983495622873306274e-02,1.744195967912673950e-01,8.326916406250000000e+04,3.825059765625000000e+04,4.127096093750000000e+04,7.570886718750000000e+04,-9.786760658278046176e+06
7.840000000000000302e-01,-5.692270498374431753e+01,1.806475879001975926e+01,-7.347377067349216873e+01,-7.574692382812500000e+03,5.549625244140625000e+02,3.887307861328125000e+03,2.938364744186401367e-01,2.773360610008239746e-01,9.371365606784820557e-02,1.736436486244201660e-01,-3.636259514485686140e+01,-1.806475879001975926e+01,7.347377067349216873e+01,-9.328530012860117893e+01,0.000000000000000000e+00,0.000000000000000000e+00,2.938364744186401367e-01,2.773360610008239746e-01,9.371365606784820557e-02,1.736436486244201660e-01,8.338230468750000000e+04,3.836263671875000000e+04,4.116422265625000000e+04,7.548437500000000000e+04,-9.795725583107834682e+06
7.850000000000000311e-01,-4.859193324441184103e+01,1.510738472953953959e+01,-7.618803614695893600e+01,-7.552605468750000000e+03,5.572653808593750000e+02,3.901656494140625000e+03,2.968165278434753418e-01,2.866851985454559326e-01,9.077302366495132446e-02,1.755412369966506958e-01,-4.469336688418933790e+01,-1.510738472953953959e+01,7.618803614695893600e+01,-9.328530012860117893e+01,0.000000000000000000e+00,0.000000000000000000e+00,2.968165278434753418e-01,2.866851985454559326e-01,9.077302366495132446e-02,1.755412369966506958e-01,8.349743750000000000e+04,3.847279687500000000e+04,4.100810937500000000e+04,7.526152343750000000e+04,-9.804119609009560198e+06
7.860000000000000320e-01,-4.054674154703359079e+01,1.182193483256800448e+01,-7.839599741955051115e+01,-7.527860839843750000e+03,5.540606079101562500e+02,3.888274169921875000e+03,2.984207272529602051e-01,2.938287854194641113e-01,9.180618822574615479e-02,1.810934692621231079e-01,-5.273855858156758813e+01,-1.182193483256800448e+01,7.839599741955051115e+01,-9.328530012860117893e+01,0.000000000000000000e+00,0.000000000000000000e+00,2.984207272529602051e-01,2.938287854194641113e-01,9.180618822574615479e-02,1.810934692621231079e-01,8.360759375000000000e+04,3.858741796875000000e+04,4.083641796875000000e+04,7.503422656250000000e+04,-9.812049337814234197e+06
7.870000000000000329e-01,-3.274144756135178369e+01,8.265811620404857507e+00,-8.010688551353419484e+01,-7.503795410156250000e+03,5.483546752929687500e+02,3.899305908203125000e+03,3.009209632873535156e-01,2.997159957885742188e-01,9.584283828735351562e-02,1.884005069732666016e-01,-6.054385256724939524e+01,-8.265811620404857507e+00,8.010688551353419484e+01,-9.328530012860117893e+01,0.000000000000000000e+00,0.000000000000000000e+00,3.009209632873535156e-01,2.997159957885742188e-01,9.584283828735351562e-02,1.884005069732666016e-01,8.372208593750000000e+04,3.869828906250000000e+04,4.067302343750000000e+04,7.481119531250000000e+04,-9.819606776951069012e+06
7.880000000000000338e-01,-2.511667398192543033e+01,4.515250048294589647e+00,-8.131365584742445662e+01,-7.487430664062500000e+03,5.421337890625000000e+02,3.902896972656250000e+03,3.014287650585174561e-01,3.037990629673004150e-01,1.041211336851119995e-01,1.989346146583557129e-01,-6.816862614667574860e+01,-4.515250048294589647e+00,8.131365584742445662e+01,-9.328530012860117893e+01,0.000000000000000000e+00,0.000000000000000000e+00,3.014287650585174561e-01,3.037990629673004150e-01,1.041211336851119995e-01,1.989346146583557129e-01,8.383517968750000000e+04,3.881018750000000000e+04,4.054770312500000000e+04,7.461332031250000000e+04,-9.826869922373255715e+06
7.890000000000000346e-01,-1.760268518169574747e+01,6.844821065865426268e-01,-8.199821535313799359e+01,-7.480046386718750000e+03,5.386367187500000000e+02,3.856640380859375000e+03,3.022036254405975342e-01,3.072753250598907471e-01,1.156890317797660828e-01,2.106769531965255737e-01,-7.568261494690543145e+01,-6.844821065865426268e-01,8.199821535313799359e+01,-9.328530012860117893e+01,0.000000000000000000e+00,0.000000000000000000e+00,3.022036254405975342e-01,3.072753250598907471e-01,1.156890317797660828e-01,2.106769531965255737e-01,8.393991406250000000e+04,3.893037500000000000e+04,4.050157031250000000e+04,7.449145312500000000e+04,-9.833903952735714614e+06
7.900000000000000355e-01,-1.012323025862590953e+01,-3.194694606177415963e+00,-8.217198041799865393e+01,-7.480401855468750000e+03,5.416699829101562500e+02,3.847889892578125000e+03,3.063402771949768066e-01,3.120787739753723145e-01,1.288254261016845703e-01,2.209590226411819458e-01,-8.316206986997526940e+01,3.194694606177415963e+00,8.217198041799865393e+01,-9.328530012860117893e+01,0.000000000000000000e+00,0.000000000000000000e+00,3.063402771949768066e-01,3.120787739753723145e-01,1.288254261016845703e-01,2.209590226411819458e-01,8.405121093750000000e+04,3.904450781250000000e+04,4.054383984375000000e+04,7.446686718750000000e+04,-9.840768872966026887e+06
7.910000000000000364e-01,-2.599203565215944423e+00,-7.048268355092814019e+00,-8.182719825617684251e+01,-7.490378906250000000e+03,5.501484375000000000e+02,3.832311523437500000e+03,3.087587952613830566e-01,3.164277076721191406e-01,1.454779803752899170e-01,2.325401604175567627e-01,-9.068609656338523450e+01,7.048268355092814019e+00,8.182719825617684251e+01,-9.328530012860117893e+01,0.000000000000000000e+00,0.000000000000000000e+00,3.087587952613830566e-01,3.164277076721191406e-01,1.454779803752899170e-01,2.325401604175567627e-01,8.416100000000000000e+04,3.915955859375000000e+04,4.065881250000000000e+04,7.451828125000000000e+04,-9.847520997286461294e+06
7.920000000000000373e-01,5.042969533980993901e+00,-1.080516539849151414e+01,-8.095341814753840026e+01,-7.503681152343750000e+03,5.658610839843750000e+02,3.815777587890625000e+03,3.119202852249145508e-01,3.216515779495239258e-01,1.638232022523880005e-01,2.433377355337142944e-01,-9.832826966258217283e+01,1.080516539849151414e+01,8.095341814753840026e+01,-9.328530012860117893e+01,0.000000000000000000e+00,0.000000000000000000e+00,3.119202852249145508e-01,3.216515779495239258e-01,1.638232022523880005e-01,2.433377355337142944e-01,8.427089843750000000e+04,3.927485546875000000e+04,4.077427734375000000e+04,7.462801562500000000e+04,-9.854216636337241158e+06
7.930000000000000382e-01,1.286844750112494751e+01,-1.438996156445118579e+01,-7.954256651501522413e+01,-7.514794921875000000e+03,5.861957397460937500e+02,3.797816406250000000e+03,3.146922588348388672e-01,3.276134729385375977e-01,1.829401403665542603e-01,2.533613145351409912e-01,-1.061537476297261264e+02,1.438996156445118579e+01,7.954256651501522413e+01,-9.328530012860117893e+01,0.000000000000000000e+00,0.000000000000000000e+00,3.146922588348388672e-01,3.276134729385375977e-01,1.829401403665542603e-01,2.533613145351409912e-01,8.438039062500000000e+04,3.939049609375000000e+04,4.088983593750000000e+04,7.473741406250000000e+04,-9.860916324159951881e+06
7.940000000000000391e-01,2.093066206107705796e+01,-1.771974332112852224e+01,-7.759717778614589179e+01,-7.521144531250000000e+03,6.065460205078125000e+02,3.772847900390625000e+03,3.159343302249908447e-01,3.338356018066406250e-01,2.015766203403472900e-01,2.628799378871917725e-01,-1.142159621896782369e+02,1.771974332112852224e+01,7.759717778614589179e+01,-9.328530012860117893e+01,0.000000000000000000e+00,0.000000000000000000e+00,3.159343302249908447e-01,3.338356018066406250e-01,2.015766203403472900e-01,2.628799378871917725e-01,8.448867968750000000e+04,3.950708203125000000e+04,4.100636328125000000e+04,7.484576562500000000e+04,-9.867689728078007698e+06
7.950000000000000400e-01,2.927045984226997177e+01,-2.075111669232490286e+01,-7.510933606127534290e+01,-7.516970703125000000e+03,6.263015747070312500e+02,3.786004150390625000e+03,3.149986565113067627e-01,3.398910760879516602e-01,2.183321416378021240e-01,2.721399962902069092e-01,-1.225557599708711507e+02,2.075111669232490286e+01,7.510933606127534290e+01,-9.328530012860117893e+01,0.000000000000000000e+00,0.000000000000000000e+00,3.149986565113067627e-01,3.398910760879516602e-01,2.183321416378021240e-01,2.721399962902069092e-01,8.460360937500000000e+04,3.961746875000000000e+04,4.111685937500000000e+04,7.496073437500000000e+04,-9.874618509104929864e+06
7.960000000000000409e-01,3.790679920107756118e+01,-2.338601084642492367e+01,-7.211119528352756447e+01,-7.506578613281250000e+03,6.425867309570312500e+02,3.777356445312500000e+03,3.088574409484863281e-01,3.438971340656280518e-01,2.331031560897827148e-01,2.824194729328155518e-01,-1.311920993296787401e+02,2.338601084642492367e+01,7.211119528352756447e+01,-9.328530012860117893e+01,0.000000000000000000e+00,0.000000000000000000e+00,3.088574409484863281e-01,3.438971340656280518e-01,2.331031560897827148e-01,2.824194729328155518e-01,8.471456250000000000e+04,3.973154296875000000e+04,4.123089062500000000e+04,7.507179687500000000e+04,-9.881802364519128576e+06
7.970000000000000417e-01,4.683786612669065619e+01,-2.555894300802323826e+01,-6.864101839819771556e+01,-7.490103515625000000e+03,6.545900268554687500e+02,3.779847167968750000e+03,3.014667332172393799e-01,3.480356335639953613e-01,2.438525259494781494e-01,2.918922603130340576e-01,-1.401231662552918351e+02,2.555894300802323826e+01,6.864101839819771556e+01,-9.328530012860117893e+01,0.000000000000000000e+00,0.000000000000000000e+00,3.014667332172393799e-01,3.480356335639953613e-01,2.438525259494781494e-01,2.918922603130340576e-01,8.482767968750000000e+04,3.984353515625000000e+04,4.134285156250000000e+04,7.518460937500000000e+04,-9.889360999196859077e+06
7.980000000000000426e-01,5.602862847306137439e+01,-2.719671628040522293e+01,-6.477861861640545271e+01,-7.471265136718750000e+03,6.626896972656250000e+02,3.772935302734375000e+03,2.915272116661071777e-01,3.514117598533630371e-01,2.506688535213470459e-01,3.010036349296569824e-01,-1.493139286016625533e+02,2.719671628040522293e+01,6.477861861640545271e+01,-9.328530012860117893e+01,0.000000000000000000e+00,0.000000000000000000e+00,2.915272116661071777e-01,3.514117598533630371e-01,2.506688535213470459e-01,3.010036349296569824e-01,8.493896093750000000e+04,3.995728906250000000e+04,4.145663671875000000e+04,7.529596875000000000e+04,-9.897436137211717665e+06
7.990000000000000435e-01,6.542481093813277937e+01,-2.825014154387118381e+01,-6.061371518333589137e+01,-7.455120605468750000e+03,6.694539794921875000e+02,3.777925537109375000e+03,2.809018492698669434e-01,3.552071154117584229e-01,2.528392374515533447e-01,3.087984323501586914e-01,-1.587101110667339583e+02,2.825014154387118381e+01,6.061371518333589137e+01,-9.328530012860117893e+01,0.000000000000000000e+00,0.000000000000000000e+00,2.809018492698669434e-01,3.552071154117584229e-01,2.528392374515533447e-01,3.087984323501586914e-01,8.505228125000000000e+04,4.006908593750000000e+04,4.156843359375000000e+04,7.540957031250000000e+04,-9.906188636063583195e+06
8.000000000000000444e-01,7.495842918819992917e+01,-2.868609561724505852e+01,-5.623892046733678995e+01,-7.444659667968750000e+03,6.764456176757812500e+02,3.813401855468750000e+03,2.691477537155151367e-01,3.592076897621154785e-01,2.505574226379394531e-01,3.150576651096343994e-01,-1.682437293168011081e+02,2.868609561724505852e+01,5.623892046733678995e+01,-9.328530012860117893e+01,0.000000000000000000e+00,0.000000000000000000e+00,2.691477537155151367e-01,3.592076897621154785e-01,2.505574226379394531e-01,3.150576651096343994e-01,8.517085156250000000e+04,4.017558203125000000e+04,4.167495312500000000e+04,7.552798437500000000e+04,-9.915793110427038744e+06
8.010000000000000453e-01,8.449715402118455643e+01,-2.846788628826772083e+01,-5.186055758957302686e+01,-7.440788085937500000e+03,6.846405029296875000e+02,3.792345214843750000e+03,2.560769617557525635e-01,3.631697297096252441e-01,2.441327869892120361e-01,3.194735050201416016e-01,-1.777824541497857354e+02,2.846788628826772083e+01,5.186055758957302686e+01,-9.328530012860117893e+01,0.000000000000000000e+00,0.000000000000000000e+00,2.560769617557525635e-01,3.631697297096252441e-01,2.441327869892120361e-01,3.194735050201416016e-01,8.527975000000000000e+04,4.029168750000000000e+04,4.179098828125000000e+04,7.563686718750000000e+04,-9.926432817447941750e+06
8.020000000000000462e-01,-2.660507593489393230e+02,-2.760537102618049232e+01,-4.758532264556847480e+01,-7.438960937500000000e+03,6.965839233398437500e+02,3.810159912109375000e+03,2.459879070520401001e-01,3.700033724308013916e-01,2.319630086421966553e-01,3.203826248645782471e-01,1.727654592203381583e+02,2.760537102618049232e+01,4.758532264556847480e+01,-9.328530012860117893e+01,0.000000000000000000e+00,0.000000000000000000e+00,2.459879070520401001e-01,3.700033724308013916e-01,2.319630086421966553e-01,3.203826248645782471e-01,8.533747656250000000e+04,4.040135546875000000e+04,4.190069921875000000e+04,7.575238281250000000e+04,-1.000024224343886413e+07
8.030000000000000471e-01,-2.567813651970528213e+02,-2.612302628502161994e+01,-4.354323051377932785e+01,-7.439236816406250000e+03,7.088461303710937500e+02,3.836167968750000000e+03,2.379275858402252197e-01,-6.284587085247039795e-02,3.155593276023864746e-01,2.920709252357482910e-01,1.634960650684516281e+02,2.612302628502161994e+01,4.354323051377932785e+01,-9.328530012860117893e+01,0.000000000000000000e+00,0.000000000000000000e+00,2.379275858402252197e-01,0.000000000000000000e+00,3.155593276023864746e-01,2.920709252357482910e-01,8.532219531250000000e+04,4.050944140625000000e+04,4.200887109375000000e+04,7.586947656250000000e+04,-1.006875733837719075e+07
8.040000000000000480e-01,-2.477777703555842095e+02,-2.406926394589484630e+01,-3.985760585149175483e+01,-7.436787597656250000e+03,7.206024169921875000e+02,3.854578857421875000e+03,2.330101430416107178e-01,-5.299050360918045044e-02,3.223890662193298340e-01,2.999243736267089844e-01,1.544924702269830448e+02,2.406926394589484630e+01,3.985760585149175483e+01,-9.328530012860117893e+01,0.000000000000000000e+00,0.000000000000000000e+00,2.330101430416107178e-01,0.000000000000000000e+00,3.223890662193298340e-01,2.999243736267089844e-01,8.524774218750000000e+04,4.028130078125000000e+04,4.211820312500000000e+04,7.598499218750000000e+04,-1.013231912007068470e+07
8.050000000000000488e-01,-2.390953557699148178e+02,-2.151405670990068941e+01,-3.662068643411159741e+01,-7.424987304687500000e+03,7.307644042968750000e+02,3.862566894531250000e+03,2.296039313077926636e-01,-4.245787113904953003e-02,3.275858163833618164e-01,3.067254424095153809e-01,1.458100556413136530e+02,2.151405670990068941e+01,3.662068643411159741e+01,-9.328530012860117893e+01,0.000000000000000000e+00,0.000000000000000000e+00,2.296039313077926636e-01,0.000000000000000000e+00,3.275858163833618164e-01,3.067254424095153809e-01,8.513730468750000000e+04,4.005497656250000000e+04,4.222958203125000000e+04,7.609872656250000000e+04,-1.019128963853244856e+07
8.060000000000000497e-01,-2.307491243081549328e+02,-1.853644644050421064e+01,-3.387980996698808411e+01,-7.404275390625000000e+03,7.363459472656250000e+02,3.869730468750000000e+03,2.279034703969955444e-01,-3.159084171056747437e-02,3.307819366455078125e-01,3.121931254863739014e-01,1.374638241795537681e+02,1.853644644050421064e+01,3.387980996698808411e+01,-9.328530012860117893e+01,0.000000000000000000e+00,0.000000000000000000e+00,2.279034703969955444e-01,0.000000000000000000e+00,3.307819366455078125e-01,3.121931254863739014e-01,8.500432812500000000e+04,3.982858203125000000e+04,4.234095703125000000e+04,7.621254687500000000e+04,-1.024602623827146925e+07
8.070000000000000506e-01,-2.227197449780221064e+02,-1.519438503892408043e+01,-3.163231726155931867e+01,-7.374015136718750000e+03,7.368911132812500000e+02,3.908009033203125000e+03,2.275778800249099731e-01,-2.047426626086235046e-02,3.319205045700073242e-01,3.163755834102630615e-01,1.294344448494209416e+02,1.519438503892408043e+01,3.163231726155931867e+01,-9.328530012860117893e+01,0.000000000000000000e+00,0.000000000000000000e+00,2.275778800249099731e-01,0.000000000000000000e+00,3.319205045700073242e-01,3.163755834102630615e-01,8.486747656250000000e+04,3.959712109375000000e+04,4.244694140625000000e+04,7.633164062500000000e+04,-1.029686179590659216e+07
8.080000000000000515e-01,-2.149810595416610965e+02,-1.160595227378359162e+01,-2.992125664896179771e+01,-7.339010742187500000e+03,7.332770385742187500e+02,3.889730224609375000e+03,2.275310605764389038e-01,-8.319497108459472656e-03,3.312898874282836914e-01,3.196588754653930664e-01,1.216957594130599176e+02,1.160595227378359162e+01,2.992125664896179771e+01,-9.328530012860117893e+01,0.000000000000000000e+00,0.000000000000000000e+00,2.275310605764389038e-01,0.000000000000000000e+00,3.312898874282836914e-01,3.196588754653930664e-01,8.472167968750000000e+04,3.937516406250000000e+04,4.256262890625000000e+04,7.644098437500000000e+04,-1.034410863159588166e+07
8.090000000000000524e-01,-2.074765080433500941e+02,-7.834303725445668221e+00,-2.872688040920826680e+01,-7.299884277343750000e+03,7.276604003906250000e+02,3.886169677734375000e+03,2.302989363670349121e-01,2.564487978816032410e-03,3.278179168701171875e-01,3.204984366893768311e-01,1.141912079147489152e+02,7.834303725445668221e+00,2.872688040920826680e+01,-9.328530012860117893e+01,0.000000000000000000e+00,0.000000000000000000e+00,2.302989363670349121e-01,2.564487978816032410e-03,3.278179168701171875e-01,3.204984366893768311e-01,8.458210937500000000e+04,3.915053906250000000e+04,4.267585546875000000e+04,7.655282812500000000e+04,-1.038804174295865186e+07
8.100000000000000533e-01,-2.001412253630155931e+02,-3.941200362339564389e+00,-2.803515752008249251e+01,-7.261401367187500000e+03,7.208350830078125000e+02,3.889842041015625000e+03,2.335277646780014038e-01,1.433508004993200302e-02,3.224069178104400635e-01,3.198499083518981934e-01,1.068559252344144141e+02,3.941200362339564389e+00,2.803515752008249251e+01,-9.328530012860117893e+01,0.000000000000000000e+00,0.000000000000000000e+00,2.335277646780014038e-01,1.433508004993200302e-02,3.224069178104400635e-01,3.198499083518981934e-01,8.446671875000000000e+04,3.892489453125000000e+04,4.278769921875000000e+04,7.666617187500000000e+04,-1.042889975616593286e+07
8.110000000000000542e-01,-1.929043629789181864e+02,-4.739620623972612239e-03,-2.784428612030023942e+01,-7.227438476562500000e+03,7.161513671875000000e+02,3.878124511718750000e+03,2.371745854616165161e-01,2.694189175963401794e-02,3.150547742843627930e-01,3.175186216831207275e-01,9.961906285031699326e+01,4.739620623972612239e-03,2.784428612030023942e+01,-9.328530012860117893e+01,0.000000000000000000e+00,0.000000000000000000e+00,2.371745854616165161e-01,2.694189175963401794e-02,3.150547742843627930e-01,3.175186216831207275e-01,8.435154687500000000e+04,3.870182031250000000e+04,4.290211718750000000e+04,7.677678125000000000e+04,-1.046687715371424891e+07
8.120000000000000551e-01,-1.856962919709283142e+02,3.917127668323840961e+00,-2.815054255075039080e+01,-7.194781738281250000e+03,7.158917236328125000e+02,3.870731933593750000e+03,2.418763339519500732e-01,4.018026590347290039e-02,3.054801821708679199e-01,3.128816485404968262e-01,9.241099184232713526e+01,-3.917127668323840961e+00,2.815054255075039080e+01,-9.328530012860117893e+01,0.000000000000000000e+00,0.000000000000000000e+00,2.418763339519500732e-01,4.018026590347290039e-02,3.054801821708679199e-01,3.128816485404968262e-01,8.429024218750000000e+04,3.847780468750000000e+04,4.301604687500000000e+04,7.688794531250000000e+04,-1.050217806350107305e+07
8.129999999999999449e-01,-1.784481083009986264e+02,7.739540912116651405e+00,-2.895425347573043950e+01,-7.163752929687500000e+03,7.190700073242187500e+02,3.840928466796875000e+03,2.468010932207107544e-01,5.479361861944198608e-02,2.939349412918090820e-01,3.061448335647583008e-01,8.516280817239744749e+01,-7.739540912116651405e+00,2.895425347573043950e+01,-9.328530012860117893e+01,0.000000000000000000e+00,0.000000000000000000e+00,2.468010932207107544e-01,5.479361861944198608e-02,2.939349412918090820e-01,3.061448335647583008e-01,8.426057031250000000e+04,3.825780859375000000e+04,4.313356250000000000e+04,7.699551562500000000e+04,-1.053492004014514573e+07
8.139999999999999458e-01,-1.710956914756722824e+02,1.144698470348179775e+01,-3.026122755346769466e+01,-7.131696289062500000e+03,7.263593750000000000e+02,3.859736816406250000e+03,2.528853714466094971e-01,7.014365494251251221e-02,2.800541818141937256e-01,2.967622280120849609e-01,7.781039134707110350e+01,-1.144698470348179775e+01,3.026122755346769466e+01,-9.328530012860117893e+01,0.000000000000000000e+00,0.000000000000000000e+00,2.528853714466094971e-01,7.014365494251251221e-02,2.800541818141937256e-01,2.967622280120849609e-01,8.424003906250000000e+04,3.802960937500000000e+04,4.324280468750000000e+04,7.711139843750000000e+04,-1.056524055113852955e+07
8.149999999999999467e-01,-1.635813804497777539e+02,1.494514209013963679e+01,-3.207287170070143389e+01,-7.097750488281250000e+03,7.356458740234375000e+02,3.850385253906250000e+03,2.569695115089416504e-01,8.779104799032211304e-02,2.650746405124664307e-01,2.863035202026367188e-01,7.029608032117657501e+01,-1.494514209013963679e+01,3.207287170070143389e+01,-9.328530012860117893e+01,0.000000000000000000e+00,0.000000000000000000e+00,2.569695115089416504e-01,8.779104799032211304e-02,2.650746405124664307e-01,2.863035202026367188e-01,8.425064062500000000e+04,3.780591796875000000e+04,4.335699609375000000e+04,7.722226562500000000e+04,-1.059325144553960860e+07
8.159999999999999476e-01,-1.558638346934666288e+02,1.814921287313929099e+01,-3.437813698429562237e+01,-7.057934082031250000e+03,7.456194458007812500e+02,3.822415527343750000e+03,2.623092532157897949e-01,1.059396713972091675e-01,2.477625757455825806e-01,2.731980979442596436e-01,6.257853456486544985e+01,-1.814921287313929099e+01,3.437813698429562237e+01,-9.328530012860117893e+01,0.000000000000000000e+00,0.000000000000000000e+00,2.623092532157897949e-01,1.059396713972091675e-01,2.477625757455825806e-01,2.731980979442596436e-01,8.433114062500000000e+04,3.768757421875000000e+04,4.347428515625000000e+04,7.733003125000000000e+04,-1.061905623073538579e+07
8.169999999999999485e-01,-1.479057835529679892e+02,2.103779758472257555e+01,-3.718703249720537940e+01,-7.012910644531250000e+03,7.546961669921875000e+02,3.846288818359375000e+03,2.685855627059936523e-01,1.246510297060012817e-01,2.285289168357849121e-01,2.579620182514190674e-01,5.462048342436682447e+01,-2.103779758472257555e+01,3.718703249720537940e+01,-9.328530012860117893e+01,0.000000000000000000e+00,0.000000000000000000e+00,2.685855627059936523e-01,1.246510297060012817e-01,2.285289168357849121e-01,2.579620182514190674e-01,8.444775781250000000e+04,3.771176562500000000e+04,4.358279296875000000e+04,7.744671875000000000e+04,-1.064275781585696712e+07
8.179999999999999494e-01,-1.396953789023594368e+02,2.351333820874594949e+01,-4.045524039123578319e+01,-6.968275390625000000e+03,7.610764770507812500e+02,3.835603759765625000e+03,2.723040580749511719e-01,1.446438729763031006e-01,2.090964168310165405e-01,2.427977621555328369e-01,4.641007877375827206e+01,-2.351333820874594949e+01,4.045524039123578319e+01,-9.328530012860117893e+01,0.000000000000000000e+00,0.000000000000000000e+00,2.723040580749511719e-01,1.446438729763031006e-01,2.090964168310165405e-01,2.427977621555328369e-01,8.455839062500000000e+04,3.782603125000000000e+04,4.369700000000000000e+04,7.755750781250000000e+04,-1.066446211829247326e+07
8.189999999999999503e-01,-1.312421292819136625e+02,2.551428119755451362e+01,-4.413667600381740641e+01,-6.922431152343750000e+03,7.676484375000000000e+02,3.827573242187500000e+03,2.777597904205322266e-01,1.644174754619598389e-01,1.882300674915313721e-01,2.260053157806396484e-01,3.795682915331247642e+01,-2.551428119755451362e+01,4.413667600381740641e+01,-9.328530012860117893e+01,0.000000000000000000e+00,0.000000000000000000e+00,2.777597904205322266e-01,1.644174754619598389e-01,1.882300674915313721e-01,2.260053157806396484e-01,8.466979687500000000e+04,3.794001171875000000e+04,4.381102734375000000e+04,7.766856250000000000e+04,-1.068428563950461708e+07
8.199999999999999512e-01,-1.225786997566143555e+02,2.698570857754262775e+01,-4.815893800297050831e+01,-6.881041992187500000e+03,7.734194335937500000e+02,3.820557617187500000e+03,2.832213640213012695e-01,1.842806935310363770e-01,1.672156453132629395e-01,2.090750038623809814e-01,2.929339962801317654e+01,-2.698570857754262775e+01,4.815893800297050831e+01,-9.328530012860117893e+01,0.000000000000000000e+00,0.000000000000000000e+00,2.832213640213012695e-01,1.842806935310363770e-01,1.672156453132629395e-01,2.090750038623809814e-01,8.478103125000000000e+04,3.805362109375000000e+04,4.392478125000000000e+04,7.768295312500000000e+04,-1.070235868891564570e+07
8.209999999999999520e-01,-1.137558576049352013e+02,2.788844702524323083e+01,-5.243981602257243679e+01,-6.846891113281250000e+03,7.804624023437500000e+02,3.828462402343750000e+03,2.887353897094726562e-01,2.037451863288879395e-01,1.467328816652297974e-01,1.926749795675277710e-01,2.047055747633402589e+01,-2.788844702524323083e+01,5.243981602257243679e+01,-9.328530012860117893e+01,0.000000000000000000e+00,0.000000000000000000e+00,2.887353897094726562e-01,2.037451863288879395e-01,1.467328816652297974e-01,1.926749795675277710e-01,8.489492187500000000e+04,3.816491406250000000e+04,4.403589453125000000e+04,7.757412500000000000e+04,-1.071882678383704089e+07
8.219999999999999529e-01,-1.048547590747591869e+02,2.818495852939634361e+01,-5.685732928866828928e+01,-6.821245605468750000e+03,7.916163940429687500e+02,3.831531982421875000e+03,2.935184240341186523e-01,2.225209772586822510e-01,1.276949942111968994e-01,1.777850538492202759e-01,1.156945894615801329e+01,-2.818495852939634361e+01,5.685732928866828928e+01,-9.328530012860117893e+01,0.000000000000000000e+00,0.000000000000000000e+00,2.935184240341186523e-01,2.225209772586822510e-01,1.276949942111968994e-01,1.777850538492202759e-01,8.500799218750000000e+04,3.827699218750000000e+04,4.414788671875000000e+04,7.734941406250000000e+04,-1.073384845211881027e+07
8.229999999999999538e-01,-9.598542001650766053e+01,2.785768022443686931e+01,-6.124692039570090429e+01,-6.803704101562500000e+03,8.063084106445312500e+02,3.806412353515625000e+03,2.986335158348083496e-01,2.402828335762023926e-01,1.102518811821937561e-01,1.643369942903518677e-01,2.700119887906481164e+00,-2.785768022443686931e+01,6.124692039570090429e+01,-9.328530012860117893e+01,0.000000000000000000e+00,0.000000000000000000e+00,2.986335158348083496e-01,2.402828335762023926e-01,1.102518811821937561e-01,1.643369942903518677e-01,8.511624218750000000e+04,3.839357812500000000e+04,4.420344921875000000e+04,7.712004687500000000e+04,-1.074758888858000003e+07
8.239999999999999547e-01,-8.721788374694185109e+01,2.691950375018754471e+01,-6.553918773833876799e+01,-6.789544433593750000e+03,8.257991943359375000e+02,3.839144042968750000e+03,3.052859008312225342e-01,2.567625045776367188e-01,9.450457990169525146e-02,1.521806865930557251e-01,-6.067416381659326952e+00,-2.691950375018754471e+01,6.553918773833876799e+01,-9.328530012860117893e+01,0.000000000000000000e+00,0.000000000000000000e+00,3.052859008312225342e-01,2.567625045776367188e-01,9.450457990169525146e-02,1.521806865930557251e-01,8.523443750000000000e+04,3.850080078125000000e+04,4.410761328125000000e+04,7.690058593750000000e+04,-1.076021589263685234e+07
8.249999999999999556e-01,-7.864690910713426319e+01,2.539371941731987903e+01,-6.959220953078654759e+01,-6.780858886718750000e+03,8.469798583984375000e+02,3.855020263671875000e+03,3.084490895271301270e-01,2.714332640171051025e-01,8.263520151376724243e-02,1.444364786148071289e-01,-1.463839102146691395e+01,-2.539371941731987903e+01,6.959220953078654759e+01,-9.328530012860117893e+01,0.000000000000000000e+00,0.000000000000000000e+00,3.084490895271301270e-01,2.714332640171051025e-01,8.263520151376724243e-02,1.444364786148071289e-01,8.534948437500000000e+04,3.861071093750000000e+04,4.388832812500000000e+04,7.667813281250000000e+04,-1.077188914556218125e+07
8.259999999999999565e-01,-7.034383037953845985e+01,2.332630855868480069e+01,-7.329949709876514419e+01,-6.770551269531250000e+03,8.691620483398437500e+02,3.865239013671875000e+03,3.122143447399139404e-01,2.843830883502960205e-01,7.340109348297119141e-02,1.390624493360519409e-01,-2.294146974906271907e+01,-2.332630855868480069e+01,7.329949709876514419e+01,-9.328530012860117893e+01,0.000000000000000000e+00,0.000000000000000000e+00,3.122143447399139404e-01,2.843830883502960205e-01,7.340109348297119141e-02,1.390624493360519409e-01,8.546385937500000000e+04,3.872141406250000000e+04,4.366156640625000000e+04,7.645460156250000000e+04,-1.078275433298055269e+07
8.269999999999999574e-01,-6.234835886848333075e+01,2.077750812256549651e+01,-7.659245986311150034e+01,-6.755830078125000000e+03,8.892628173828125000e+02,3.877675537109375000e+03,3.158355355262756348e-01,2.955605387687683105e-01,6.722877919673919678e-02,1.365558207035064697e-01,-3.093694126011784817e+01,-2.077750812256549651e+01,7.659245986311150034e+01,-9.328530012860117893e+01,0.000000000000000000e+00,0.000000000000000000e+00,3.158355355262756348e-01,2.955605387687683105e-01,6.722877919673919678e-02,1.365558207035064697e-01,8.557838281250000000e+04,3.883202734375000000e+04,4.343451171875000000e+04,7.623159375000000000e+04,-1.079293976058581099e+07
8.279999999999999583e-01,-5.466554592772611443e+01,1.780640876071766954e+01,-7.944346899480306945e+01,-6.737653808593750000e+03,9.052896118164062500e+02,3.907052734375000000e+03,3.187417387962341309e-01,3.048271238803863525e-01,6.448781490325927734e-02,1.373021155595779419e-01,-3.861975420087506450e+01,-1.780640876071766954e+01,7.944346899480306945e+01,-9.328530012860117893e+01,0.000000000000000000e+00,0.000000000000000000e+00,3.187417387962341309e-01,3.048271238803863525e-01,6.448781490325927734e-02,1.373021155595779419e-01,8.569578125000000000e+04,3.893965625000000000e+04,4.320449609375000000e+04,7.601158593750000000e+04,-1.080255641545626894e+07
8.289999999999999591e-01,-4.728246992010375749e+01,1.447941455510689046e+01,-8.183089900600640476e+01,-6.716136230468750000e+03,9.165020141601562500e+02,3.937631591796875000e+03,3.200277388095855713e-01,3.119659721851348877e-01,6.574320048093795776e-02,1.418842077255249023e-01,-4.600283020849742144e+01,-1.447941455510689046e+01,8.183089900600640476e+01,-9.328530012860117893e+01,0.000000000000000000e+00,0.000000000000000000e+00,3.200277388095855713e-01,3.119659721851348877e-01,6.574320048093795776e-02,1.418842077255249023e-01,8.581350781250000000e+04,3.904700000000000000e+04,4.297416406250000000e+04,7.579150000000000000e+04,-1.081169799689600430e+07
8.299999999999999600e-01,-4.017301327928031895e+01,1.090447159246419417e+01,-8.371131436741282528e+01,-6.693334960937500000e+03,9.229559326171875000e+02,3.912893798828125000e+03,3.206594586372375488e-01,3.173346221446990967e-01,7.075235992670059204e-02,1.494576632976531982e-01,-5.311228684932085997e+01,-1.090447159246419417e+01,8.371131436741282528e+01,-9.328530012860117893e+01,0.000000000000000000e+00,0.000000000000000000e+00,3.206594586372375488e-01,3.173346221446990967e-01,7.075235992670059204e-02,1.494576632976531982e-01,8.592180468750000000e+04,3.916379296875000000e+04,4.275332812500000000e+04,7.556215625000000000e+04,-1.082043835954577290e+07
8.309999999999999609e-01,-3.327775202382334641e+01,7.109048197742053432e+00,-8.512364185365420610e+01,-6.671259765625000000e+03,9.277277221679687500e+02,3.938031738281250000e+03,3.240231275558471680e-01,3.225299715995788574e-01,7.778355479240417480e-02,1.569445729255676270e-01,-6.000754810477783252e+01,-7.109048197742053432e+00,8.512364185365420610e+01,-9.328530012860117893e+01,0.000000000000000000e+00,0.000000000000000000e+00,3.240231275558471680e-01,3.225299715995788574e-01,7.778355479240417480e-02,1.569445729255676270e-01,8.603874218750000000e+04,3.927209765625000000e+04,4.252408984375000000e+04,7.534132812500000000e+04,-1.082884234129423834e+07
8.319999999999999618e-01,-2.653402788092982689e+01,3.172594097058291318e+00,-8.605988547250882448e+01,-6.657012695312500000e+03,9.305392456054687500e+02,3.939210693359375000e+03,3.243952393531799316e-01,3.256782293319702148e-01,8.983826637268066406e-02,1.685359328985214233e-01,-6.675127224767135203e+01,-3.172594097058291318e+00,8.605988547250882448e+01,-9.328530012860117893e+01,0.000000000000000000e+00,0.000000000000000000e+00,3.243952393531799316e-01,3.256782293319702148e-01,8.983826637268066406e-02,1.685359328985214233e-01,8.615133593750000000e+04,3.938439453125000000e+04,4.229867968750000000e+04,7.511658593750000000e+04,-1.083696276517067105e+07
8.329999999999999627e-01,-1.987093928499344031e+01,-8.413014463355958927e-01,-8.651818827468973438e+01,-6.651006347656250000e+03,9.370084228515625000e+02,3.932125000000000000e+03,3.263393938541412354e-01,3.288432359695434570e-01,1.046460792422294617e-01,1.803135424852371216e-01,-7.341436084360773862e+01,8.413014463355958927e-01,8.651818827468973438e+01,-9.328530012860117893e+01,0.000000000000000000e+00,0.000000000000000000e+00,3.263393938541412354e-01,3.288432359695434570e-01,1.046460792422294617e-01,1.803135424852371216e-01,8.626284375000000000e+04,3.949822656250000000e+04,4.208768750000000000e+04,7.489019531250000000e+04,-1.084484372408919781e+07
8.339999999999999636e-01,-1.321269259659050022e+01,-4.860609133986596220e+00,-8.649158580221755699e+01,-6.654190917968750000e+03,9.480722045898437500e+02,3.908311035156250000e+03,3.292544484138488770e-01,3.323386609554290771e-01,1.221874207258224487e-01,1.921623051166534424e-01,-8.007260753201067871e+01,4.860609133986596220e+00,8.649158580221755699e+01,-9.328530012860117893e+01,0.000000000000000000e+00,0.000000000000000000e+00,3.292544484138488770e-01,3.323386609554290771e-01,1.221874207258224487e-01,1.921623051166534424e-01,8.637130468750000000e+04,3.961467187500000000e+04,4.200571484375000000e+04,7.466101562500000000e+04,-1.085252271927058510e+07
8.349999999999999645e-01,-6.482516126457980477e+00,-8.834354176419415339e+00,-8.597435968697242004e+01,-6.665753906250000000e+03,9.649488525390625000e+02,3.891178955078125000e+03,3.335466682910919189e-01,3.367314934730529785e-01,1.415694952011108398e-01,2.032280564308166504e-01,-8.680278400214319845e+01,8.834354176419415339e+00,8.597435968697242004e+01,-9.328530012860117893e+01,0.000000000000000000e+00,0.000000000000000000e+00,3.335466682910919189e-01,3.367314934730529785e-01,1.415694952011108398e-01,2.032280564308166504e-01,8.648099218750000000e+04,3.973005078125000000e+04,4.206615234375000000e+04,7.449194531250000000e+04,-1.086003437862321362e+07
8.359999999999999654e-01,3.939471021186875532e-01,-1.272567679241346283e+01,-8.495273973959109526e+01,-6.682531250000000000e+03,9.879685668945312500e+02,3.897617431640625000e+03,3.371908962726593018e-01,3.413540124893188477e-01,1.627170741558074951e-01,2.143598496913909912e-01,-9.367924723071986648e+01,1.272567679241346283e+01,8.495273973959109526e+01,-9.328530012860117893e+01,0.000000000000000000e+00,0.000000000000000000e+00,3.371908962726593018e-01,3.413540124893188477e-01,1.627170741558074951e-01,2.143598496913909912e-01,8.659462500000000000e+04,3.984162109375000000e+04,4.217752734375000000e+04,7.441432031250000000e+04,-1.086741344465661980e+07
8.369999999999999662e-01,7.487553813860216678e+00,-1.643818563955229450e+01,-8.340892881862603758e+01,-6.701973632812500000e+03,1.016103088378906250e+03,3.872966552734375000e+03,3.381412327289581299e-01,3.453181087970733643e-01,1.851412951946258545e-01,2.262808680534362793e-01,-1.007728539424613956e+02,1.643818563955229450e+01,8.340892881862603758e+01,-9.328530012860117893e+01,0.000000000000000000e+00,0.000000000000000000e+00,3.381412327289581299e-01,3.453181087970733643e-01,1.851412951946258545e-01,2.262808680534362793e-01,8.670296875000000000e+04,3.995819531250000000e+04,4.229431640625000000e+04,7.441621093750000000e+04,-1.087469677147252671e+07
8.379999999999999671e-01,1.485691760805393358e+01,-1.992501627275059661e+01,-8.132526952366127659e+01,-6.716098632812500000e+03,1.047396362304687500e+03,3.872555419921875000e+03,3.387876451015472412e-01,3.502252399921417236e-01,2.058923542499542236e-01,2.367631494998931885e-01,-1.081422177366551125e+02,1.992501627275059661e+01,8.132526952366127659e+01,-9.328530012860117893e+01,0.000000000000000000e+00,0.000000000000000000e+00,3.387876451015472412e-01,3.502252399921417236e-01,2.058923542499542236e-01,2.367631494998931885e-01,8.681560156250000000e+04,4.007079687500000000e+04,4.240693359375000000e+04,7.451023437500000000e+04,-1.088192830520990491e+07
8.389999999999999680e-01,2.254689520572316042e+01,-2.309481035312471420e+01,-7.870218097620990250e+01,-6.724942382812500000e+03,1.077235961914062500e+03,3.854702148437500000e+03,3.352327048778533936e-01,3.537151515483856201e-01,2.253662645816802979e-01,2.480711191892623901e-01,-1.158321953343243393e+02,2.309481035312471420e+01,7.870218097620990250e+01,-9.328530012860117893e+01,0.000000000000000000e+00,0.000000000000000000e+00,3.352327048778533936e-01,3.537151515483856201e-01,2.253662645816802979e-01,2.480711191892623901e-01,8.692503125000000000e+04,4.018640625000000000e+04,4.252231640625000000e+04,7.461984375000000000e+04,-1.088916407124898210e+07
8.399999999999999689e-01,3.059207881675700946e+01,-2.591226788037808504e+01,-7.552605611870569646e+01,-6.724433105468750000e+03,1.105212524414062500e+03,3.883905761718750000e+03,3.299656510353088379e-01,3.571047782897949219e-01,2.414811700582504272e-01,2.586312592029571533e-01,-1.238773789453581884e+02,2.591226788037808504e+01,7.552605611870569646e+01,-9.328530012860117893e+01,0.000000000000000000e+00,0.000000000000000000e+00,3.299656510353088379e-01,3.571047782897949219e-01,2.414811700582504272e-01,2.586312592029571533e-01,8.704264843750000000e+04,4.029401171875000000e+04,4.263008593750000000e+04,7.473745312500000000e+04,-1.089647557731486298e+07
8.409999999999999698e-01,3.899030600449289352e+01,-2.826893335372461280e+01,-7.184357937138361194e+01,-6.717635253906250000e+03,1.128667846679687500e+03,3.878598144531250000e+03,3.197947144508361816e-01,3.581624329090118408e-01,2.551715373992919922e-01,2.702291309833526611e-01,-1.322756061330940724e+02,2.826893335372461280e+01,7.184357937138361194e+01,-9.328530012860117893e+01,0.000000000000000000e+00,0.000000000000000000e+00,3.197947144508361816e-01,3.581624329090118408e-01,2.551715373992919922e-01,2.702291309833526611e-01,8.715416406250000000e+04,4.040741406250000000e+04,4.274357421875000000e+04,7.484903125000000000e+04,-1.090395645376703702e+07
8.419999999999999707e-01,4.771463558710543396e+01,-3.010192648757510625e+01,-6.770815113232097815e+01,-6.704026855468750000e+03,1.147589721679687500e+03,3.885007080078125000e+03,3.099353611469268799e-01,3.602271378040313721e-01,2.639853060245513916e-01,2.800099849700927734e-01,-1.409999357157066129e+02,3.010192648757510625e+01,6.770815113232097815e+01,-9.328530012860117893e+01,0.000000000000000000e+00,0.000000000000000000e+00,3.099353611469268799e-01,3.602271378040313721e-01,2.639853060245513916e-01,2.800099849700927734e-01,8.726792187500000000e+04,4.051899609375000000e+04,4.285497265625000000e+04,7.496250781250000000e+04,-1.091172365992426872e+07
8.429999999999999716e-01,5.670394731536480037e+01,-3.135001321189949053e+01,-6.321287283504757681e+01,-6.688718750000000000e+03,1.161666137695312500e+03,3.893081787109375000e+03,2.985353767871856689e-01,3.620223104953765869e-01,2.685914039611816406e-01,2.889199852943420410e-01,-1.499892474439659793e+02,3.135001321189949053e+01,6.321287283504757681e+01,-9.328530012860117893e+01,0.000000000000000000e+00,0.000000000000000000e+00,2.985353767871856689e-01,3.620223104953765869e-01,2.685914039611816406e-01,2.889199852943420410e-01,8.738168750000000000e+04,4.063013671875000000e+04,4.296610937500000000e+04,7.507641406250000000e+04,-1.091991768818585947e+07
8.439999999999999725e-01,6.587031413303357397e+01,-3.197001278503251953e+01,-5.847236094817777285e+01,-6.674287109375000000e+03,1.173476562500000000e+03,3.912124023437500000e+03,2.866914272308349609e-01,3.642972409725189209e-01,2.685845494270324707e-01,2.963019907474517822e-01,-1.591556142616347529e+02,3.197001278503251953e+01,5.847236094817777285e+01,-9.328530012860117893e+01,0.000000000000000000e+00,0.000000000000000000e+00,2.866914272308349609e-01,3.642972409725189209e-01,2.685845494270324707e-01,2.963019907474517822e-01,8.749743750000000000e+04,4.073944531250000000e+04,4.307561328125000000e+04,7.519232812500000000e+04,-1.092869768518217281e+07
8.449999999999999734e-01,7.510010382095988746e+01,-3.193220053335072706e+01,-5.363066193816101190e+01,-6.663633789062500000e+03,1.185030273437500000e+03,3.935800048828125000e+03,2.745300233364105225e-01,3.671556115150451660e-01,2.640098631381988525e-01,3.018215000629425049e-01,-1.683854039495610664e+02,3.193220053335072706e+01,5.363066193816101190e+01,-9.328530012860117893e+01,0.000000000000000000e+00,0.000000000000000000e+00,2.745300233364105225e-01,3.671556115150451660e-01,2.640098631381988525e-01,3.018215000629425049e-01,8.761388281250000000e+04,4.084816796875000000e+04,4.318421484375000000e+04,7.530875000000000000e+04,-1.093823362410691939e+07
8.459999999999999742e-01,8.425425007551204715e+01,-3.122703663435520838e+01,-4.887284265981853082e+01,-6.658609863281250000e+03,1.196631591796875000e+03,3.938299072265625000e+03,2.627886235713958740e-01,3.710756897926330566e-01,2.547004520893096924e-01,3.048574924468994141e-01,-1.775395502041132261e+02,3.122703663435520838e+01,4.887284265981853082e+01,-9.328530012860117893e+01,0.000000000000000000e+00,0.000000000000000000e+00,2.627886235713958740e-01,3.710756897926330566e-01,2.547004520893096924e-01,3.048574924468994141e-01,8.772679687500000000e+04,4.096025781250000000e+04,4.329620312500000000e+04,7.542157031250000000e+04,-1.094869608532932028e+07
8.469999999999999751e-01,-2.667733446090579150e+02,-2.987768385978351304e+01,-4.432345045976905595e+01,-6.655870605468750000e+03,1.209908447265625000e+03,3.965053466796875000e+03,2.527646422386169434e-01,3.769039213657379150e-01,2.401898503303527832e-01,3.046306967735290527e-01,1.734880444804567219e+02,2.987768385978351304e+01,4.432345045976905595e+01,-9.328530012860117893e+01,0.000000000000000000e+00,0.000000000000000000e+00,2.527646422386169434e-01,3.769039213657379150e-01,2.401898503303527832e-01,3.046306967735290527e-01,8.777610937500000000e+04,4.106823828125000000e+04,4.340437109375000000e+04,7.553860156250000000e+04,-1.102272134697670862e+07
8.479999999999999760e-01,-2.580853095639482149e+02,-2.792647077805126443e+01,-4.012610751982536783e+01,-6.655485839843750000e+03,1.223959960937500000e+03,3.978327392578125000e+03,2.349817007780075073e-01,-2.694852650165557861e-02,3.159269094467163086e-01,2.798977494239807129e-01,1.648000094353470217e+02,2.792647077805126443e+01,4.012610751982536783e+01,-9.328530012860117893e+01,0.000000000000000000e+00,0.000000000000000000e+00,2.349817007780075073e-01,0.000000000000000000e+00,3.159269094467163086e-01,2.798977494239807129e-01,8.775014062500000000e+04,4.117871093750000000e+04,4.351477734375000000e+04,7.565355468750000000e+04,-1.109171936626423709e+07
8.489999999999999769e-01,-2.497276706015780405e+02,-2.542278887675377774e+01,-3.633758976089480086e+01,-6.652989257812500000e+03,1.238251342773437500e+03,4.026333496093750000e+03,2.313387095928192139e-01,-1.674252375960350037e-02,3.219197988510131836e-01,2.870235443115234375e-01,1.564423704729768474e+02,2.542278887675377774e+01,3.633758976089480086e+01,-9.328530012860117893e+01,0.000000000000000000e+00,0.000000000000000000e+00,2.313387095928192139e-01,0.000000000000000000e+00,3.219197988510131836e-01,2.870235443115234375e-01,8.760198437500000000e+04,4.094560937500000000e+04,4.361926562500000000e+04,7.577400000000000000e+04,-1.115605001435223036e+07
8.499999999999999778e-01,-2.417517672957997661e+02,-2.245571531343324523e+01,-3.306949463970065750e+01,-6.646082031250000000e+03,1.249208984375000000e+03,4.022593261718750000e+03,2.284613847732543945e-01,-4.945099353790283203e-03,3.265108764171600342e-01,2.937795221805572510e-01,1.484664671671986014e+02,2.245571531343324523e+01,3.306949463970065750e+01,-9.328530012860117893e+01,0.000000000000000000e+00,0.000000000000000000e+00,2.284613847732543945e-01,0.000000000000000000e+00,3.265108764171600342e-01,2.937795221805572510e-01,8.742177343750000000e+04,4.072101171875000000e+04,4.373233203125000000e+04,7.588578906250000000e+04,-1.121609178196883574e+07
8.509999999999999787e-01,-2.341415274404917000e+02,-1.908554769517578364e+01,-3.031155325044741389e+01,-6.628577636718750000e+03,1.257608154296875000e+03,4.055040039062500000e+03,2.281056195497512817e-01,5.726762115955352783e-03,3.280400633811950684e-01,2.982271313667297363e-01,1.408562273118905068e+02,1.908554769517578364e+01,3.031155325044741389e+01,-9.328530012860117893e+01,0.000000000000000000e+00,0.000000000000000000e+00,2.281056195497512817e-01,5.726762115955352783e-03,3.280400633811950684e-01,2.982271313667297363e-01,8.723108593750000000e+04,4.049065234375000000e+04,4.383960546875000000e+04,7.600382812500000000e+04,-1.127219708523228206e+07
8.519999999999999796e-01,-2.268714704585786990e+02,-1.539436708504209150e+01,-2.807849561866021659e+01,-6.604769531250000000e+03,1.260869873046875000e+03,4.074509033203125000e+03,2.284379303455352783e-01,1.753620430827140808e-02,3.278294205665588379e-01,3.020593822002410889e-01,1.335861703299775058e+02,1.539436708504209150e+01,2.807849561866021659e+01,-9.328530012860117893e+01,0.000000000000000000e+00,0.000000000000000000e+00,2.284379303455352783e-01,1.753620430827140808e-02,3.278294205665588379e-01,3.020593822002410889e-01,8.703975000000000000e+04,4.026231640625000000e+04,4.394893750000000000e+04,7.611976562500000000e+04,-1.132469313779447600e+07
8.529999999999999805e-01,-2.198944160328711064e+02,-1.144950230029131610e+01,-2.635579672237590998e+01,-6.573851562500000000e+03,1.259316894531250000e+03,4.099118652343750000e+03,2.302365452051162720e-01,2.895734086632728577e-02,3.250911831855773926e-01,3.041742146015167236e-01,1.266091159042699132e+02,1.144950230029131610e+01,2.635579672237590998e+01,-9.328530012860117893e+01,0.000000000000000000e+00,0.000000000000000000e+00,2.302365452051162720e-01,2.895734086632728577e-02,3.250911831855773926e-01,3.041742146015167236e-01,8.685655468750000000e+04,4.003298046875000000e+04,4.405727343750000000e+04,7.623627343750000000e+04,-1.137387241112070903e+07
8.539999999999999813e-01,-2.131561079200980942e+02,-7.348651213430026807e+00,-2.514940019698422802e+01,-6.538127441406250000e+03,1.252790527343750000e+03,4.084510742187500000e+03,2.328983843326568604e-01,4.047816619277000427e-02,3.202059566974639893e-01,3.048789203166961670e-01,1.198708077914969152e+02,7.348651213430026807e+00,2.514940019698422802e+01,-9.328530012860117893e+01,0.000000000000000000e+00,0.000000000000000000e+00,2.328983843326568604e-01,4.047816619277000427e-02,3.202059566974639893e-01,3.048789203166961670e-01,8.668401562500000000e+04,3.981046093750000000e+04,4.417222656250000000e+04,7.634628125000000000e+04,-1.141999443246927857e+07
8.549999999999999822e-01,-2.065869755899811082e+02,-3.132402427273583090e+00,-2.442800470012740277e+01,-6.500178710937500000e+03,1.245037597656250000e+03,4.094157714843750000e+03,2.372614592313766479e-01,5.102368816733360291e-02,3.124943077564239502e-01,3.029556274414062500e-01,1.133016754613799293e+02,3.132402427273583090e+00,2.442800470012740277e+01,-9.328530012860117893e+01,0.000000000000000000e+00,0.000000000000000000e+00,2.372614592313766479e-01,5.102368816733360291e-02,3.124943077564239502e-01,3.029556274414062500e-01,8.653928906250000000e+04,3.958376171875000000e+04,4.428329296875000000e+04,7.646060937500000000e+04,-1.146327915031128936e+07
8.559999999999999831e-01,-2.001158844499410918e+02,1.150678747248863099e+00,-2.417972301038898308e+01,-6.463771972656250000e+03,1.236969116210937500e+03,4.110456054687500000e+03,2.415692806243896484e-01,6.253761053085327148e-02,3.033187687397003174e-01,2.998927235603332520e-01,1.068305843213399129e+02,-1.150678747248863099e+00,2.417972301038898308e+01,-9.328530012860117893e+01,0.000000000000000000e+00,0.000000000000000000e+00,2.415692806243896484e-01,6.253761053085327148e-02,3.033187687397003174e-01,2.998927235603332520e-01,8.643082031250000000e+04,3.935582031250000000e+04,4.439312500000000000e+04,7.657590625000000000e+04,-1.150391150058691017e+07
8.569999999999999840e-01,-1.936693032726389561e+02,5.408332096528875255e+00,-2.441476072694806376e+01,-6.430162597656250000e+03,1.230443237304687500e+03,4.085066894531250000e+03,2.459505349397659302e-01,7.471913844347000122e-02,2.924902737140655518e-01,2.951762080192565918e-01,1.003840031440377629e+02,-5.408332096528875255e+00,2.441476072694806376e+01,-9.328530012860117893e+01,0.000000000000000000e+00,0.000000000000000000e+00,2.459505349397659302e-01,7.471913844347000122e-02,2.924902737140655518e-01,2.951762080192565918e-01,8.634928906250000000e+04,3.913509765625000000e+04,4.450977734375000000e+04,7.668407031250000000e+04,-1.154204463021443971e+07
8.579999999999999849e-01,-1.871751378797434597e+02,9.615959350312127896e+00,-2.513082136559827973e+01,-6.397525390625000000e+03,1.227965209960937500e+03,4.088878662109375000e+03,2.517458796501159668e-01,8.676768839359283447e-02,2.791138887405395508e-01,2.873528301715850830e-01,9.388983775114228081e+01,-9.615959350312127896e+00,2.513082136559827973e+01,-9.328530012860117893e+01,0.000000000000000000e+00,0.000000000000000000e+00,2.517458796501159668e-01,8.676768839359283447e-02,2.791138887405395508e-01,2.873528301715850830e-01,8.630645312500000000e+04,3.890935156250000000e+04,4.462171093750000000e+04,7.679722656250000000e+04,-1.157780318731147796e+07
8.589999999999999858e-01,-1.805597014371902560e+02,1.370286910151932780e+01,-2.634252539299486173e+01,-6.367467773437500000e+03,1.229044311523437500e+03,4.076584228515625000e+03,2.566253542900085449e-01,1.004291698336601257e-01,2.647171616554260254e-01,2.783092856407165527e-01,8.727440130858909129e+01,-1.370286910151932780e+01,2.634252539299486173e+01,-9.328530012860117893e+01,0.000000000000000000e+00,0.000000000000000000e+00,2.566253542900085449e-01,1.004291698336601257e-01,2.647171616554260254e-01,2.783092856407165527e-01,8.630350781250000000e+04,3.875369140625000000e+04,4.473641406250000000e+04,7.690792187500000000e+04,-1.161128669036025926e+07
8.599999999999999867e-01,-1.737539020530084599e+02,1.763198820588178251e+01,-2.806967988694748684e+01,-6.336136230468750000e+03,1.234994262695312500e+03,4.086015380859375000e+03,2.619545459747314453e-01,1.148364096879959106e-01,2.484019398689270020e-01,2.667723894119262695e-01,8.046860192440726678e+01,-1.763198820588178251e+01,2.806967988694748684e+01,-9.328530012860117893e+01,0.000000000000000000e+00,0.000000000000000000e+00,2.619545459747314453e-01,1.148364096879959106e-01,2.484019398689270020e-01,2.667723894119262695e-01,8.633960937500000000e+04,3.871042968750000000e+04,4.484737500000000000e+04,7.702194531250000000e+04,-1.164257590277595446e+07
8.609999999999999876e-01,-1.666947626794344615e+02,2.130686384223501051e+01,-3.032473823843344007e+01,-6.304162109375000000e+03,1.241714599609375000e+03,4.061925048828125000e+03,2.663237154483795166e-01,1.307293325662612915e-01,2.310154587030410767e-01,2.538421154022216797e-01,7.340946255083328253e+01,-2.130686384223501051e+01,3.032473823843344007e+01,-9.328530012860117893e+01,0.000000000000000000e+00,0.000000000000000000e+00,2.663237154483795166e-01,1.307293325662612915e-01,2.310154587030410767e-01,2.538421154022216797e-01,8.636892187500000000e+04,3.867360156250000000e+04,4.496381250000000000e+04,7.713035156250000000e+04,-1.167173661887672916e+07
8.619999999999999885e-01,-1.593287231174169563e+02,2.468708905506998974e+01,-3.312695657157116358e+01,-6.267730468750000000e+03,1.249641845703125000e+03,4.066087158203125000e+03,2.718501687049865723e-01,1.470495462417602539e-01,2.115438878536224365e-01,2.382028847932815552e-01,6.604342298881577733e+01,-2.468708905506998974e+01,3.312695657157116358e+01,-9.328530012860117893e+01,0.000000000000000000e+00,0.000000000000000000e+00,2.718501687049865723e-01,1.470495462417602539e-01,2.115438878536224365e-01,2.382028847932815552e-01,8.647171093750000000e+04,3.878540234375000000e+04,4.507570312500000000e+04,7.724371875000000000e+04,-1.169882910850466415e+07
8.629999999999999893e-01,-1.516173272728439088e+02,2.769552854680366849e+01,-3.647763137520596644e+01,-6.228796386718750000e+03,1.256943847656250000e+03,4.065031494140625000e+03,2.761258482933044434e-01,1.645640432834625244e-01,1.915531903505325317e-01,2.219329327344894409e-01,5.833202714424272983e+01,-2.769552854680366849e+01,3.647763137520596644e+01,-9.328530012860117893e+01,0.000000000000000000e+00,0.000000000000000000e+00,2.761258482933044434e-01,1.645640432834625244e-01,1.915531903505325317e-01,2.219329327344894409e-01,8.657095312500000000e+04,3.889821875000000000e+04,4.518852734375000000e+04,7.735615625000000000e+04,-1.172391458232625760e+07
8.639999999999999902e-01,-1.435481591950621123e+02,3.025182784528770341e+01,-4.035374215518739760e+01,-6.187700683593750000e+03,1.263232299804687500e+03,4.055929199218750000e+03,2.806046009063720703e-01,1.826611161231994629e-01,1.705785244703292847e-01,2.044292390346527100e-01,5.026285906646093338e+01,-3.025182784528770341e+01,4.035374215518739760e+01,-9.328530012860117893e+01,0.000000000000000000e+00,0.000000000000000000e+00,2.806046009063720703e-01,1.826611161231994629e-01,1.705785244703292847e-01,2.044292390346527100e-01,8.668200000000000000e+04,3.901220703125000000e+04,4.530257421875000000e+04,7.746667968750000000e+04,-1.174706425392845646e+07
8.649999999999999911e-01,-1.351358803583651707e+02,3.229449203015499137e+01,-4.471364552474273779e+01,-6.144999511718750000e+03,1.266975708007812500e+03,4.057815185546875000e+03,2.855754196643829346e-01,2.011251151561737061e-01,1.489986479282379150e-01,1.861238181591033936e-01,4.185058022976397751e+01,-3.229449203015499137e+01,4.471364552474273779e+01,-9.328530012860117893e+01,0.000000000000000000e+00,0.000000000000000000e+00,2.855754196643829346e-01,2.011251151561737061e-01,1.489986479282379150e-01,1.861238181591033936e-01,8.679485156250000000e+04,3.912444531250000000e+04,4.541468359375000000e+04,7.745724218750000000e+04,-1.176836820440028422e+07
8.659999999999999920e-01,-1.264365030331815944e+02,3.375258469209163081e+01,-4.946602895626126184e+01,-6.105357910156250000e+03,1.270186035156250000e+03,4.049975830078125000e+03,2.902612388134002686e-01,2.196331620216369629e-01,1.277873963117599487e-01,1.682194471359252930e-01,3.315120290458040841e+01,-3.375258469209163081e+01,4.946602895626126184e+01,-9.328530012860117893e+01,0.000000000000000000e+00,0.000000000000000000e+00,2.902612388134002686e-01,2.196331620216369629e-01,1.277873963117599487e-01,1.682194471359252930e-01,8.690600781250000000e+04,3.923835937500000000e+04,4.552855859375000000e+04,7.731637500000000000e+04,-1.178794051869364269e+07
8.669999999999999929e-01,-1.175305093326552992e+02,3.458378141719047250e+01,-5.450917659884360233e+01,-6.069528320312500000e+03,1.275558593750000000e+03,4.060496826171875000e+03,2.957013249397277832e-01,2.378153800964355469e-01,1.071015074849128723e-01,1.506837010383605957e-01,2.424520920405412738e+01,-3.458378141719047250e+01,5.450917659884360233e+01,-9.328530012860117893e+01,0.000000000000000000e+00,0.000000000000000000e+00,2.957013249397277832e-01,2.378153800964355469e-01,1.071015074849128723e-01,1.506837010383605957e-01,8.702043750000000000e+04,3.934905859375000000e+04,4.563946093750000000e+04,7.709293750000000000e+04,-1.180592122758823261e+07
8.679999999999999938e-01,-1.085612526509515021e+02,3.474143821585967373e+01,-5.965199765592753778e+01,-6.040233886718750000e+03,1.282321411132812500e+03,4.035655761718750000e+03,3.005469441413879395e-01,2.553001046180725098e-01,8.812654018402099609e-02,1.349467486143112183e-01,1.527595252235032142e+01,-3.474143821585967373e+01,5.965199765592753778e+01,-9.328530012860117893e+01,0.000000000000000000e+00,0.000000000000000000e+00,3.005469441413879395e-01,2.553001046180725098e-01,8.812654018402099609e-02,1.349467486143112183e-01,8.712871875000000000e+04,3.946579687500000000e+04,4.549379687500000000e+04,7.686359375000000000e+04,-1.182247210151902586e+07
8.689999999999999947e-01,-9.962847812619435217e+01,3.423534002622818662e+01,-6.479480649240689161e+01,-6.016573242187500000e+03,1.292230712890625000e+03,4.070297607421875000e+03,3.073706626892089844e-01,2.717425525188446045e-01,7.043804228305816650e-02,1.200558096170425415e-01,6.343177997593174133e+00,-3.423534002622818662e+01,6.479480649240689161e+01,-9.328530012860117893e+01,0.000000000000000000e+00,0.000000000000000000e+00,3.073706626892089844e-01,2.717425525188446045e-01,7.043804228305816650e-02,1.200558096170425415e-01,8.724721875000000000e+04,3.957261718750000000e+04,4.526282421875000000e+04,7.664439843750000000e+04,-1.183776836062786728e+07
8.699999999999999956e-01,-9.087968558070238601e+01,3.307167942249653692e+01,-6.974474077474776834e+01,-6.001577636718750000e+03,1.304280639648437500e+03,4.079504394531250000e+03,3.112539649009704590e-01,2.864333391189575195e-01,5.641299486160278320e-02,1.094424426555633545e-01,-2.405614547898800026e+00,-3.307167942249653692e+01,6.974474077474776834e+01,-9.328530012860117893e+01,0.000000000000000000e+00,0.000000000000000000e+00,3.112539649009704590e-01,2.864333391189575195e-01,5.641299486160278320e-02,1.094424426555633545e-01,8.736116406250000000e+04,3.968352734375000000e+04,4.503618359375000000e+04,7.642090625000000000e+04,-1.185198554272467643e+07
8.709999999999999964e-01,-8.242633251581625586e+01,3.128757400261786970e+01,-7.436391286554953695e+01,-5.989234863281250000e+03,1.320143920898437500e+03,4.091074707031250000e+03,3.163039386272430420e-01,2.996164262294769287e-01,4.470165073871612549e-02,1.008126735687255859e-01,-1.085896761278492306e+01,-3.128757400261786970e+01,7.436391286554953695e+01,-9.328530012860117893e+01,0.000000000000000000e+00,0.000000000000000000e+00,3.163039386272430420e-01,2.996164262294769287e-01,4.470165073871612549e-02,1.008126735687255859e-01,8.747579687500000000e+04,3.979421093750000000e+04,4.480928125000000000e+04,7.619760937500000000e+04,-1.186528854684032872e+07
8.719999999999999973e-01,-7.434602516198251010e+01,2.894192598470372957e+01,-7.854391292162442539e+01,-5.979108398437500000e+03,1.336562377929687500e+03,4.098949707031250000e+03,3.209804296493530273e-01,3.111127912998199463e-01,3.608614578843116760e-02,9.526799619197845459e-02,-1.893927496661866883e+01,-2.894192598470372957e+01,7.854391292162442539e+01,-9.328530012860117893e+01,0.000000000000000000e+00,0.000000000000000000e+00,3.209804296493530273e-01,3.111127912998199463e-01,3.608614578843116760e-02,9.526799619197845459e-02,8.758952343750000000e+04,3.990548046875000000e+04,4.458287500000000000e+04,7.597377343750000000e+04,-1.187782265963445790e+07
8.729999999999999982e-01,-6.665659371149035906e+01,2.609107490394791995e+01,-8.225915772999975673e+01,-5.969091308593750000e+03,1.351909057617187500e+03,4.143528808593750000e+03,3.253916501998901367e-01,3.209170997142791748e-01,3.065192513167858124e-02,9.276183694601058960e-02,-2.662870641711082698e+01,-2.609107490394791995e+01,8.225915772999975673e+01,-9.328530012860117893e+01,0.000000000000000000e+00,0.000000000000000000e+00,3.253916501998901367e-01,3.209170997142791748e-01,3.065192513167858124e-02,9.276183694601058960e-02,8.770957812500000000e+04,4.001048828125000000e+04,4.435024609375000000e+04,7.575629687500000000e+04,-1.188971307433976978e+07
8.739999999999999991e-01,-5.937211000504463954e+01,2.281266992039829589e+01,-8.545453475571439128e+01,-5.958094726562500000e+03,1.364760498046875000e+03,4.166486816406250000e+03,3.274041414260864258e-01,3.284665048122406006e-01,2.949507534503936768e-02,9.494135528802871704e-02,-3.391319012355653939e+01,-2.281266992039829589e+01,8.545453475571439128e+01,-9.328530012860117893e+01,0.000000000000000000e+00,0.000000000000000000e+00,3.274041414260864258e-01,3.284665048122406006e-01,2.949507534503936768e-02,9.494135528802871704e-02,8.782586718750000000e+04,4.011927734375000000e+04,4.412133203125000000e+04,7.553501562500000000e+04,-1.190106101720543392e+07
8.750000000000000000e-01,-5.247238859444887282e+01,1.919024521026937791e+01,-8.810950445412129284e+01,-5.944669921875000000e+03,1.374789184570312500e+03,4.170085449218750000e+03,3.299221694469451904e-01,3.346957266330718994e-01,3.140508010983467102e-02,9.936773777008056641e-02,-4.081291153415230610e+01,-1.919024521026937791e+01,8.810950445412129284e+01,-9.328530012860117893e+01,0.000000000000000000e+00,0.000000000000000000e+00,3.299221694469451904e-01,3.346957266330718994e-01,3.140508010983467102e-02,9.936773777008056641e-02,8.793901562500000000e+04,4.023125390625000000e+04,4.389574609375000000e+04,7.531038281250000000e+04,-1.191194591905662231e+07
8.760000000000000009e-01,-4.590273228111551163e+01,1.527813737325756449e+01,-9.026014953589917411e+01,-5.929088378906250000e+03,1.380092895507812500e+03,4.199342285156250000e+03,3.328489959239959717e-01,3.398588895797729492e-01,3.640834987163543701e-02,1.057334989309310913e-01,-4.738256784748566730e+01,-1.527813737325756449e+01,9.026014953589917411e+01,-9.328530012860117893e+01,0.000000000000000000e+00,0.000000000000000000e+00,3.328489959239959717e-01,3.398588895797729492e-01,3.640834987163543701e-02,1.057334989309310913e-01,8.805642187500000000e+04,4.033882031250000000e+04,4.366575781250000000e+04,7.509014062500000000e+04,-1.192243329596333392e+07
8.770000000000000018e-01,-3.960553084221736242e+01,1.114851752937978269e+01,-9.191613439133121233e+01,-5.915458496093750000e+03,1.380659667968750000e+03,4.214584960937500000e+03,3.340432345867156982e-01,3.431288301944732666e-01,4.593852534890174866e-02,1.158941835165023804e-01,-5.367976928638381651e+01,-1.114851752937978269e+01,9.191613439133121233e+01,-9.328530012860117893e+01,0.000000000000000000e+00,0.000000000000000000e+00,3.340432345867156982e-01,3.431288301944732666e-01,4.593852534890174866e-02,1.158941835165023804e-01,8.817144531250000000e+04,4.044888671875000000e+04,4.343801171875000000e+04,7.486778906250000000e+04,-1.193257475924117677e+07
8.780000000000000027e-01,-3.351236829478762758e+01,6.851609841919956700e+00,-9.310031440779995648e+01,-5.904806152343750000e+03,1.379887329101562500e+03,4.236058105468750000e+03,3.357361555099487305e-01,3.455967903137207031e-01,5.890349298715591431e-02,1.275536864995956421e-01,-5.977293183381355135e+01,-6.851609841919956700e+00,9.310031440779995648e+01,-9.328530012860117893e+01,0.000000000000000000e+00,0.000000000000000000e+00,3.357361555099487305e-01,3.455967903137207031e-01,5.890349298715591431e-02,1.275536864995956421e-01,8.828764062500000000e+04,4.055789843750000000e+04,4.320942187500000000e+04,7.464624218750000000e+04,-1.194241245117015950e+07
8.790000000000000036e-01,-2.755081186373475077e+01,2.473493551950513680e+00,-9.380680642485114618e+01,-5.901139648437500000e+03,1.378780273437500000e+03,4.216614746093750000e+03,3.372178077697753906e-01,3.471787273883819580e-01,7.584615051746368408e-02,1.411233544349670410e-01,-6.573448826486642815e+01,-2.473493551950513680e+00,9.380680642485114618e+01,-9.328530012860117893e+01,0.000000000000000000e+00,0.000000000000000000e+00,3.372178077697753906e-01,3.471787273883819580e-01,7.584615051746368408e-02,1.411233544349670410e-01,8.839684375000000000e+04,4.067359375000000000e+04,4.298761718750000000e+04,7.441776562500000000e+04,-1.195197733350649104e+07
8.800000000000000044e-01,-2.164284692342378946e+01,-1.964801746099069879e+00,-9.405767927209917900e+01,-5.903887695312500000e+03,1.379878540039062500e+03,4.227866699218750000e+03,3.411763012409210205e-01,3.495895862579345703e-01,9.473728388547897339e-02,1.535624116659164429e-01,-7.164245320517738946e+01,1.964801746099069879e+00,9.405767927209917900e+01,-9.328530012860117893e+01,0.000000000000000000e+00,0.000000000000000000e+00,3.411763012409210205e-01,3.495895862579345703e-01,9.473728388547897339e-02,1.535624116659164429e-01,8.851139843750000000e+04,4.078429687500000000e+04,4.276058593750000000e+04,7.419451562500000000e+04,-1.196129645380539633e+07
8.810000000000000053e-01,-1.570648211772493141e+01,-6.394191748539517661e+00,-9.384086656733126119e+01,-5.917596679687500000e+03,1.384610107421875000e+03,4.215046386718750000e+03,3.438016474246978760e-01,3.509673476219177246e-01,1.177088916301727295e-01,1.681196540594100952e-01,-7.757881801087624751e+01,6.394191748539517661e+00,9.384086656733126119e+01,-9.328530012860117893e+01,0.000000000000000000e+00,0.000000000000000000e+00,3.438016474246978760e-01,3.509673476219177246e-01,1.177088916301727295e-01,1.681196540594100952e-01,8.862167968750000000e+04,4.089903906250000000e+04,4.253757812500000000e+04,7.396747656250000000e+04,-1.197039014131213538e+07
8.820000000000000062e-01,-9.660574444855015486e+00,-1.079595340238595647e+01,-9.314714567902278475e+01,-5.939160644531250000e+03,1.396298583984375000e+03,4.232482910156250000e+03,3.475595116615295410e-01,3.531498312950134277e-01,1.420443952083587646e-01,1.816304773092269897e-01,-8.362472568374616344e+01,1.079595340238595647e+01,9.314714567902278475e+01,-9.328530012860117893e+01,0.000000000000000000e+00,0.000000000000000000e+00,3.475595116615295410e-01,3.531498312950134277e-01,1.420443952083587646e-01,1.816304773092269897e-01,8.873730468750000000e+04,4.100859765625000000e+04,4.235721484375000000e+04,7.374532031250000000e+04,-1.197927641136875562e+07
8.830000000000000071e-01,-3.419758490478429280e+00,-1.506575669504275439e+01,-9.194442686930854336e+01,-5.968507812500000000e+03,1.413658569335937500e+03,4.198082519531250000e+03,3.486599624156951904e-01,3.542708754539489746e-01,1.687598824501037598e-01,1.965919435024261475e-01,-8.986554163812274965e+01,1.506575669504275439e+01,9.194442686930854336e+01,-9.328530012860117893e+01,0.000000000000000000e+00,0.000000000000000000e+00,3.486599624156951904e-01,3.542708754539489746e-01,1.687598824501037598e-01,1.965919435024261475e-01,8.884397656250000000e+04,4.112687500000000000e+04,4.237627343750000000e+04,7.351434375000000000e+04,-1.198796886077400856e+07
8.840000000000000080e-01,3.095318349748410469e+00,-1.917580473730693669e+01,-9.020510971925298804e+01,-5.999686035156250000e+03,1.436875244140625000e+03,4.196114746093750000e+03,3.507857918739318848e-01,3.570773303508758545e-01,1.936962157487869263e-01,2.089829593896865845e-01,-9.638061847834958940e+01,1.917580473730693669e+01,9.020510971925298804e+01,-9.328530012860117893e+01,0.000000000000000000e+00,0.000000000000000000e+00,3.507857918739318848e-01,3.570773303508758545e-01,1.936962157487869263e-01,2.089829593896865845e-01,8.895639062500000000e+04,4.123983984375000000e+04,4.248903515625000000e+04,7.329451562500000000e+04,-1.199648311507648043e+07
8.850000000000000089e-01,9.961788431131310517e+00,-2.304423975876719055e+01,-8.789710222134360151e+01,-6.031642578125000000e+03,1.463403686523437500e+03,4.180269042968750000e+03,3.485086262226104736e-01,3.582388162612915039e-01,2.185276597738265991e-01,2.226880192756652832e-01,-1.032470885597324894e+02,2.304423975876719055e+01,8.789710222134360151e+01,-9.328530012860117893e+01,0.000000000000000000e+00,0.000000000000000000e+00,3.485086262226104736e-01,3.582388162612915039e-01,2.185276597738265991e-01,2.226880192756652832e-01,8.906614843750000000e+04,4.135497265625000000e+04,4.260432031250000000e+04,7.319141406250000000e+04,-1.200483928987019509e+07
8.860000000000000098e-01,1.724994578058225159e+01,-2.663585701891328483e+01,-8.497886691201161113e+01,-6.058362792968750000e+03,1.491743896484375000e+03,4.207395996093750000e+03,3.442192971706390381e-01,3.593599796295166016e-01,2.406880408525466919e-01,2.355297058820724487e-01,-1.105352459091834305e+02,2.663585701891328483e+01,8.497886691201161113e+01,-9.328530012860117893e+01,0.000000000000000000e+00,0.000000000000000000e+00,3.442192971706390381e-01,3.593599796295166016e-01,2.406880408525466919e-01,2.355297058820724487e-01,8.918341406250000000e+04,4.146292187500000000e+04,4.271238671875000000e+04,7.319096093750000000e+04,-1.201306772720040940e+07
8.870000000000000107e-01,2.500624185987942383e+01,-2.983005644926740274e+01,-8.144343597107659605e+01,-6.079703613281250000e+03,1.517551025390625000e+03,4.197076660156250000e+03,3.350936174392700195e-01,3.582558631896972656e-01,2.609826922416687012e-01,2.494629621505737305e-01,-1.182915419884806028e+02,2.983005644926740274e+01,8.144343597107659605e+01,-9.328530012860117893e+01,0.000000000000000000e+00,0.000000000000000000e+00,3.350936174392700195e-01,3.582558631896972656e-01,2.609826922416687012e-01,2.494629621505737305e-01,8.929408593750000000e+04,4.157730859375000000e+04,4.282657031250000000e+04,7.328576562500000000e+04,-1.202121590486290492e+07
8.880000000000000115e-01,3.325496700454777965e+01,-3.255890690315256109e+01,-7.728702109141319454e+01,-6.091522949218750000e+03,1.540170532226562500e+03,4.210489746093750000e+03,3.259602189064025879e-01,3.582380414009094238e-01,2.765613496303558350e-01,2.613533735275268555e-01,-1.265402671331489586e+02,3.255890690315256109e+01,7.728702109141319454e+01,-9.328530012860117893e+01,0.000000000000000000e+00,0.000000000000000000e+00,3.259602189064025879e-01,3.582380414009094238e-01,2.765613496303558350e-01,2.613533735275268555e-01,8.940906250000000000e+04,4.168759765625000000e+04,4.293685156250000000e+04,7.340040625000000000e+04,-1.202935516374129057e+07
8.890000000000000124e-01,4.196850582665150853e+01,-3.471717289954754193e+01,-7.257068626283998469e+01,-6.096357421875000000e+03,1.556622680664062500e+03,4.203010253906250000e+03,3.142840564250946045e-01,3.573265075683593750e-01,2.884741425514221191e-01,2.730133533477783203e-01,-1.352538059552526875e+02,3.471717289954754193e+01,7.257068626283998469e+01,-9.328530012860117893e+01,0.000000000000000000e+00,0.000000000000000000e+00,3.142840564250946045e-01,3.573265075683593750e-01,2.884741425514221191e-01,2.730133533477783203e-01,8.952020312500000000e+04,4.180127734375000000e+04,4.305075390625000000e+04,7.351170312500000000e+04,-1.203758830582140945e+07
8.900000000000000133e-01,5.109733572845767924e+01,-3.625561679880448906e+01,-6.735141610677722213e+01,-6.094174804687500000e+03,1.568118408203125000e+03,4.240402343750000000e+03,3.028090596199035645e-01,3.575356900691986084e-01,2.953508496284484863e-01,2.829187512397766113e-01,-1.443826358570588582e+02,3.625561679880448906e+01,6.735141610677722213e+01,-9.328530012860117893e+01,0.000000000000000000e+00,0.000000000000000000e+00,3.028090596199035645e-01,3.575356900691986084e-01,2.953508496284484863e-01,2.829187512397766113e-01,8.963917187500000000e+04,4.190771093750000000e+04,4.315705078125000000e+04,7.363067968750000000e+04,-1.204604992654100619e+07
8.910000000000000142e-01,6.051150596374294821e+01,-3.708951663191898263e+01,-6.179722393781202783e+01,-6.092040527343750000e+03,1.574051147460937500e+03,4.251582519531250000e+03,2.891506552696228027e-01,3.569097816944122314e-01,2.983373403549194336e-01,2.924389243125915527e-01,-1.537968060923441271e+02,3.708951663191898263e+01,6.179722393781202783e+01,-9.328530012860117893e+01,0.000000000000000000e+00,0.000000000000000000e+00,2.891506552696228027e-01,3.569097816944122314e-01,2.983373403549194336e-01,2.924389243125915527e-01,8.975342187500000000e+04,4.201840625000000000e+04,4.326761328125000000e+04,7.374510156250000000e+04,-1.205490609802541509e+07
8.920000000000000151e-01,7.005239679578407674e+01,-3.718183690856482571e+01,-5.608793057708381724e+01,-6.089145996093750000e+03,1.577796997070312500e+03,4.271821289062500000e+03,2.768436074256896973e-01,3.583130836486816406e-01,2.957896590232849121e-01,2.994514405727386475e-01,-1.633376969243852557e+02,3.718183690856482571e+01,5.608793057708381724e+01,-9.328530012860117893e+01,0.000000000000000000e+00,0.000000000000000000e+00,2.768436074256896973e-01,3.583130836486816406e-01,2.957896590232849121e-01,2.994514405727386475e-01,8.986952343750000000e+04,4.212746875000000000e+04,4.337687890625000000e+04,7.386086718750000000e+04,-1.206434178127456456e+07
8.930000000000000160e-01,7.951746022088165944e+01,-3.651771641521713008e+01,-5.046666769338936120e+01,-6.088900390625000000e+03,1.579611816406250000e+03,4.265285644531250000e+03,2.649008631706237793e-01,3.608455657958984375e-01,2.882330715656280518e-01,3.042244017124176025e-01,-1.728027603494828384e+02,3.651771641521713008e+01,5.046666769338936120e+01,-9.328530012860117893e+01,0.000000000000000000e+00,0.000000000000000000e+00,2.649008631706237793e-01,3.608455657958984375e-01,2.882330715656280518e-01,3.042244017124176025e-01,8.998082812500000000e+04,4.224115234375000000e+04,4.349055859375000000e+04,7.397224218750000000e+04,-1.207454523591480218e+07
8.940000000000000169e-01,-2.712290957551305723e+02,-3.513006757279188719e+01,-4.507227615736655935e+01,-6.091107910156250000e+03,1.581939697265625000e+03,4.308881835937500000e+03,2.549050450325012207e-01,3.657203018665313721e-01,2.750040888786315918e-01,3.056702911853790283e-01,1.779437956265293792e+02,3.513006757279188719e+01,4.507227615736655935e+01,-9.328530012860117893e+01,0.000000000000000000e+00,0.000000000000000000e+00,2.549050450325012207e-01,3.657203018665313721e-01,2.750040888786315918e-01,3.056702911853790283e-01,9.007942968750000000e+04,4.234650781250000000e+04,4.359577343750000000e+04,7.409220312500000000e+04,-1.215137609002462216e+07
8.950000000000000178e-01,-2.623356981446657414e+02,-3.306551847933288002e+01,-4.009576859334863030e+01,-6.098586425781250000e+03,1.583832519531250000e+03,4.329954589843750000e+03,2.294407039880752563e-01,-1.074913889169692993e-03,3.255486190319061279e-01,2.791700065135955811e-01,1.690503980160645767e+02,3.306551847933288002e+01,4.009576859334863030e+01,-9.328530012860117893e+01,0.000000000000000000e+00,0.000000000000000000e+00,2.294407039880752563e-01,0.000000000000000000e+00,3.255486190319061279e-01,2.791700065135955811e-01,9.008717968750000000e+04,4.245547656250000000e+04,4.370473046875000000e+04,7.420837500000000000e+04,-1.222289710771707073e+07
8.960000000000000187e-01,-2.538816766036948707e+02,-3.039238470980192375e+01,-3.563994517813881657e+01,-6.105871582031250000e+03,1.586981567382812500e+03,4.359255859375000000e+03,2.248245924711227417e-01,8.419386111199855804e-03,3.326602578163146973e-01,2.876675128936767578e-01,1.605963764750937059e+02,3.039238470980192375e+01,3.563994517813881657e+01,-9.328530012860117893e+01,0.000000000000000000e+00,0.000000000000000000e+00,2.248245924711227417e-01,8.419386111199855804e-03,3.326602578163146973e-01,2.876675128936767578e-01,9.002505468750000000e+04,4.222543359375000000e+04,4.381252343750000000e+04,7.432566406250000000e+04,-1.228954691617282294e+07
8.970000000000000195e-01,-2.459156872016594662e+02,-2.720413754547781693e+01,-3.179827228638968251e+01,-6.110767578125000000e+03,1.589446533203125000e+03,4.357294921875000000e+03,2.217457592487335205e-01,1.876172982156276703e-02,3.376640677452087402e-01,2.952698469161987305e-01,1.526303870730582730e+02,2.720413754547781693e+01,3.179827228638968251e+01,-9.328530012860117893e+01,0.000000000000000000e+00,0.000000000000000000e+00,2.217457592487335205e-01,1.876172982156276703e-02,3.376640677452087402e-01,2.952698469161987305e-01,8.979947656250000000e+04,4.200079687500000000e+04,4.392539843750000000e+04,7.443776562500000000e+04,-1.235177263660467975e+07
8.980000000000000204e-01,-2.384031976728082896e+02,-2.356714121346939095e+01,-2.853696006440933530e+01,-6.109926269531250000e+03,1.589953735351562500e+03,4.404160156250000000e+03,2.207100987434387207e-01,2.866070903837680817e-02,3.396176993846893311e-01,3.007785379886627197e-01,1.451178975442071248e+02,2.356714121346939095e+01,2.853696006440933530e+01,-9.328530012860117893e+01,0.000000000000000000e+00,0.000000000000000000e+00,2.207100987434387207e-01,2.866070903837680817e-02,3.396176993846893311e-01,3.007785379886627197e-01,8.958237500000000000e+04,4.176787890625000000e+04,4.403002343750000000e+04,7.455821875000000000e+04,-1.240997848949999362e+07
8.990000000000000213e-01,-2.313149502499377945e+02,-1.957723985537292322e+01,-2.587270110805794943e+01,-6.104505859375000000e+03,1.585711791992187500e+03,4.422739746093750000e+03,2.205796837806701660e-01,3.985739126801490784e-02,3.399376869201660156e-01,3.061771094799041748e-01,1.380296501213366298e+02,1.957723985537292322e+01,2.587270110805794943e+01,-9.328530012860117893e+01,0.000000000000000000e+00,0.000000000000000000e+00,2.205796837806701660e-01,3.985739126801490784e-02,3.399376869201660156e-01,3.061771094799041748e-01,8.936022656250000000e+04,4.153956640625000000e+04,4.413947265625000000e+04,7.467402343750000000e+04,-1.246453776069210656e+07
9.000000000000000222e-01,-2.245922763490913212e+02,-1.531164608576684749e+01,-2.377942385443492057e+01,-6.091213867187500000e+03,1.578549072265625000e+03,4.439594726562500000e+03,2.220993489027023315e-01,5.020581185817718506e-02,3.371974229812622070e-01,3.093375861644744873e-01,1.313069762204901565e+02,1.531164608576684749e+01,2.377942385443492057e+01,-9.328530012860117893e+01,0.000000000000000000e+00,0.000000000000000000e+00,2.220993489027023315e-01,5.020581185817718506e-02,3.371974229812622070e-01,3.093375861644744873e-01,8.913811718750000000e+04,4.131178906250000000e+04,4.424932812500000000e+04,7.478925781250000000e+04,-1.251577935879247822e+07
9.010000000000000231e-01,-2.181670329806676989e+02,-1.085862298823049343e+01,-2.223872307417861549e+01,-6.072741699218750000e+03,1.566557128906250000e+03,4.432469726562500000e+03,2.247368544340133667e-01,6.045846268534660339e-02,3.319698572158813477e-01,3.107658922672271729e-01,1.248817328520665200e+02,1.085862298823049343e+01,2.223872307417861549e+01,-9.328530012860117893e+01,0.000000000000000000e+00,0.000000000000000000e+00,2.247368544340133667e-01,6.045846268534660339e-02,3.319698572158813477e-01,3.107658922672271729e-01,8.891168750000000000e+04,4.108789062500000000e+04,4.436303515625000000e+04,7.490047656250000000e+04,-1.256398868356923573e+07
9.020000000000000240e-01,-2.119584445882404111e+02,-6.257220367381901127e+00,-2.120045111219267042e+01,-6.050543945312500000e+03,1.550807006835937500e+03,4.454451660156250000e+03,2.285933494567871094e-01,7.000275701284408569e-02,3.240059018135070801e-01,3.097643852233886719e-01,1.186731444596392180e+02,6.257220367381901127e+00,2.120045111219267042e+01,-9.328530012860117893e+01,0.000000000000000000e+00,0.000000000000000000e+00,2.285933494567871094e-01,7.000275701284408569e-02,3.240059018135070801e-01,3.097643852233886719e-01,8.869039843750000000e+04,4.085901953125000000e+04,4.447179296875000000e+04,7.501677343750000000e+04,-1.260940367773558758e+07
9.030000000000000249e-01,-2.058901067067382655e+02,-1.582649267138743321e+00,-2.065509681914183560e+01,-6.027633789062500000e+03,1.532731689453125000e+03,4.451815917968750000e+03,2.324303686618804932e-01,8.013736456632614136e-02,3.145994842052459717e-01,3.078280091285705566e-01,1.126048065781371008e+02,1.582649267138743321e+00,2.065509681914183560e+01,-9.328530012860117893e+01,0.000000000000000000e+00,0.000000000000000000e+00,2.324303686618804932e-01,8.013736456632614136e-02,3.145994842052459717e-01,3.078280091285705566e-01,8.846472656250000000e+04,4.063445703125000000e+04,4.458483593750000000e+04,7.512904687500000000e+04,-1.265222355157861114e+07
9.040000000000000258e-01,-1.998820866405305310e+02,3.110501038089006354e+00,-2.059284757797198750e+01,-6.005495117187500000e+03,1.516428710937500000e+03,4.444117675781250000e+03,2.370478510856628418e-01,8.991460502147674561e-02,3.028602302074432373e-01,3.032787442207336426e-01,1.065967865119293378e+02,-3.110501038089006354e+00,2.059284757797198750e+01,-9.328530012860117893e+01,0.000000000000000000e+00,0.000000000000000000e+00,2.370478510856628418e-01,8.991460502147674561e-02,3.028602302074432373e-01,3.032787442207336426e-01,8.824360937500000000e+04,4.041067578125000000e+04,4.469875390625000000e+04,7.524018750000000000e+04,-1.269261014072646201e+07
9.050000000000000266e-01,-1.938540087981825764e+02,7.767344897453669184e+00,-2.101335089185440097e+01,-5.984864746093750000e+03,1.501348754882812500e+03,4.430260253906250000e+03,2.419364154338836670e-01,1.001622676849365234e-01,2.893497645854949951e-01,2.965670526027679443e-01,1.005687086695813974e+02,-7.767344897453669184e+00,2.101335089185440097e+01,-9.328530012860117893e+01,0.000000000000000000e+00,0.000000000000000000e+00,2.419364154338836670e-01,1.001622676849365234e-01,2.893497645854949951e-01,2.965670526027679443e-01,8.805461718750000000e+04,4.018778906250000000e+04,4.481357031250000000e+04,7.535028906250000000e+04,-1.273069141001604870e+07
9.060000000000000275e-01,-1.877248447068525365e+02,1.234180608292795611e+01,-2.192591411510937149e+01,-5.966413085937500000e+03,1.489164672851562500e+03,4.419806152343750000e+03,2.469572722911834717e-01,1.109411865472793579e-01,2.741806507110595703e-01,2.876577079296112061e-01,9.443954457825135762e+01,-1.234180608292795611e+01,2.192591411510937149e+01,-9.328530012860117893e+01,0.000000000000000000e+00,0.000000000000000000e+00,2.469572722911834717e-01,1.109411865472793579e-01,2.741806507110595703e-01,2.876577079296112061e-01,8.790448437500000000e+04,4.002779296875000000e+04,4.492774218750000000e+04,7.546119531250000000e+04,-1.276656509322343208e+07
9.070000000000000284e-01,-1.814134280855858208e+02,1.679251895763568214e+01,-2.335243029368052348e+01,-5.949064941406250000e+03,1.481035156250000000e+03,4.420403320312500000e+03,2.517253756523132324e-01,1.226494908332824707e-01,2.576427757740020752e-01,2.768010497093200684e-01,8.812812795698464186e+01,-1.679251895763568214e+01,2.335243029368052348e+01,-9.328530012860117893e+01,0.000000000000000000e+00,0.000000000000000000e+00,2.517253756523132324e-01,1.226494908332824707e-01,2.576427757740020752e-01,2.768010497093200684e-01,8.783160156250000000e+04,4.004133984375000000e+04,4.504025781250000000e+04,7.557398437500000000e+04,-1.280030324980675988e+07
9.080000000000000293e-01,-1.748379856115968209e+02,2.103320554196387349e+01,-2.532308983256524115e+01,-5.932962402343750000e+03,1.476465820312500000e+03,4.392724121093750000e+03,2.558911442756652832e-01,1.355522722005844116e-01,2.399210482835769653e-01,2.641992568969726562e-01,8.155268548299562781e+01,-2.103320554196387349e+01,2.532308983256524115e+01,-9.328530012860117893e+01,0.000000000000000000e+00,0.000000000000000000e+00,2.558911442756652832e-01,1.355522722005844116e-01,2.399210482835769653e-01,2.641992568969726562e-01,8.779007031250000000e+04,4.015350000000000000e+04,4.515750000000000000e+04,7.568178125000000000e+04,-1.283195522563351877e+07
9.090000000000000302e-01,-1.679240810847098828e+02,2.501685443320802804e+01,-2.787060403378831452e+01,-5.913542480468750000e+03,1.473638183593750000e+03,4.382951660156250000e+03,2.607859075069427490e-01,1.492596268653869629e-01,2.202021181583404541e-01,2.487333416938781738e-01,7.463878095610871810e+01,-2.501685443320802804e+01,2.787060403378831452e+01,-9.328530012860117893e+01,0.000000000000000000e+00,0.000000000000000000e+00,2.607859075069427490e-01,1.492596268653869629e-01,2.202021181583404541e-01,2.487333416938781738e-01,8.778253906250000000e+04,4.026774218750000000e+04,4.527163671875000000e+04,7.579258593750000000e+04,-1.286155633621660434e+07
9.100000000000000311e-01,-1.606038809038495003e+02,2.866544081301190516e+01,-3.102205715867777869e+01,-5.893072265625000000e+03,1.470595214843750000e+03,4.366926757812500000e+03,2.648606896400451660e-01,1.642516851425170898e-01,1.996612697839736938e-01,2.320693582296371460e-01,6.731858077524832140e+01,-2.866544081301190516e+01,3.102205715867777869e+01,-9.328530012860117893e+01,0.000000000000000000e+00,0.000000000000000000e+00,2.648606896400451660e-01,1.642516851425170898e-01,1.996612697839736938e-01,2.320693582296371460e-01,8.780896875000000000e+04,4.038299218750000000e+04,4.538673828125000000e+04,7.590260937500000000e+04,-1.288913401830534264e+07
9.110000000000000320e-01,-1.528186391802672119e+02,3.192929938286850700e+01,-3.481161605459465136e+01,-5.868974609375000000e+03,1.467718872070312500e+03,4.383636230468750000e+03,2.690631747245788574e-01,1.802293062210083008e-01,1.779426485300064087e-01,2.137685716152191162e-01,5.953333905166603301e+01,-3.192929938286850700e+01,3.481161605459465136e+01,-9.328530012860117893e+01,0.000000000000000000e+00,0.000000000000000000e+00,2.690631747245788574e-01,1.802293062210083008e-01,1.779426485300064087e-01,2.137685716152191162e-01,8.786952343750000000e+04,4.049265234375000000e+04,4.549655468750000000e+04,7.600714843750000000e+04,-1.291471888355766423e+07
9.120000000000000329e-01,-1.445606987223476096e+02,3.467334476200885973e+01,-3.920137928338774458e+01,-5.843149902343750000e+03,1.463757446289062500e+03,4.342653320312500000e+03,2.719908952713012695e-01,1.973295807838439941e-01,1.560841202735900879e-01,1.953244060277938843e-01,5.127539859374643783e+01,-3.467334476200885973e+01,3.920137928338774458e+01,-9.328530012860117893e+01,0.000000000000000000e+00,0.000000000000000000e+00,2.719908952713012695e-01,1.973295807838439941e-01,1.560841202735900879e-01,1.953244060277938843e-01,8.794857031250000000e+04,4.061208593750000000e+04,4.561601953125000000e+04,7.596432812500000000e+04,-1.293835566814746335e+07
9.130000000000000338e-01,-1.358375598510871782e+02,3.684924658346276516e+01,-4.416977297722276319e+01,-5.814744628906250000e+03,1.459648681640625000e+03,4.343699707031250000e+03,2.776400446891784668e-01,2.150036096572875977e-01,1.325910538434982300e-01,1.745866537094116211e-01,4.255225972248599220e+01,-3.684924658346276516e+01,4.416977297722276319e+01,-9.328530012860117893e+01,0.000000000000000000e+00,0.000000000000000000e+00,2.776400446891784668e-01,2.150036096572875977e-01,1.325910538434982300e-01,1.745866537094116211e-01,8.805379687500000000e+04,4.072450781250000000e+04,4.572836718750000000e+04,7.579134375000000000e+04,-1.296011634663238935e+07
9.140000000000000346e-01,-1.267206509740084357e+02,3.837414694262626824e+01,-4.961292032036651278e+01,-5.789979980468750000e+03,1.453943603515625000e+03,4.337414550781250000e+03,2.819321453571319580e-01,2.330949008464813232e-01,1.102074757218360901e-01,1.552306562662124634e-01,3.343535084540725677e+01,-3.837414694262626824e+01,4.961292032036651278e+01,-9.328530012860117893e+01,0.000000000000000000e+00,0.000000000000000000e+00,2.819321453571319580e-01,2.330949008464813232e-01,1.102074757218360901e-01,1.552306562662124634e-01,8.816514843750000000e+04,4.083801562500000000e+04,4.578232421875000000e+04,7.556539062500000000e+04,-1.298010848703195527e+07
9.150000000000000355e-01,-1.173227653741735708e+02,3.919462589368462346e+01,-5.539890982736092440e+01,-5.768547851562500000e+03,1.450001586914062500e+03,4.350034667968750000e+03,2.870405614376068115e-01,2.509739696979522705e-01,8.856572210788726807e-02,1.364918649196624756e-01,2.403746524557239184e+01,-3.919462589368462346e+01,5.539890982736092440e+01,-9.328530012860117893e+01,0.000000000000000000e+00,0.000000000000000000e+00,2.870405614376068115e-01,2.509739696979522705e-01,8.856572210788726807e-02,1.364918649196624756e-01,8.827998437500000000e+04,4.094846875000000000e+04,4.565226171875000000e+04,7.534241406250000000e+04,-1.299847837621600553e+07
9.160000000000000364e-01,-1.078448788833157863e+02,3.925693143098948923e+01,-6.128181191780024761e+01,-5.752677734375000000e+03,1.447729858398437500e+03,4.322802734375000000e+03,2.918174862861633301e-01,2.680846154689788818e-01,6.886147707700729370e-02,1.198422312736511230e-01,1.455957875471460738e+01,-3.925693143098948923e+01,6.128181191780024761e+01,-9.328530012860117893e+01,0.000000000000000000e+00,0.000000000000000000e+00,2.918174862861633301e-01,2.680846154689788818e-01,6.886147707700729370e-02,1.198422312736511230e-01,8.838783593750000000e+04,4.106562500000000000e+04,4.543181640625000000e+04,7.511263281250000000e+04,-1.301540546125466935e+07
9.170000000000000373e-01,-9.844777422521440258e+01,3.857277956572769995e+01,-6.709342316615190782e+01,-5.741442382812500000e+03,1.448248657226562500e+03,4.339145996093750000e+03,2.988836169242858887e-01,2.841746211051940918e-01,5.071832239627838135e-02,1.042740121483802795e-01,5.162474096613228092e+00,-3.857277956572769995e+01,6.709342316615190782e+01,-9.328530012860117893e+01,0.000000000000000000e+00,0.000000000000000000e+00,2.988836169242858887e-01,2.841746211051940918e-01,5.071832239627838135e-02,1.042740121483802795e-01,8.850325781250000000e+04,4.117538281250000000e+04,4.520399609375000000e+04,7.489021875000000000e+04,-1.303108681226014718e+07
9.180000000000000382e-01,-8.930985786427953599e+01,3.716774620559985465e+01,-7.262654462148590540e+01,-5.736305664062500000e+03,1.449506713867187500e+03,4.354368652343750000e+03,3.041011393070220947e-01,2.983283102512359619e-01,3.628623113036155701e-02,9.295587241649627686e-02,-3.975442264321650043e+00,-3.716774620559985465e+01,7.262654462148590540e+01,-9.328530012860117893e+01,0.000000000000000000e+00,0.000000000000000000e+00,3.041011393070220947e-01,2.983283102512359619e-01,3.628623113036155701e-02,9.295587241649627686e-02,8.861821093750000000e+04,4.128534765625000000e+04,4.497626562500000000e+04,7.466785156250000000e+04,-1.304571911931354553e+07
9.190000000000000391e-01,-8.056473691060060105e+01,3.509395675975287787e+01,-7.772292148555698077e+01,-5.735257324218750000e+03,1.453256713867187500e+03,4.375031738281250000e+03,3.093236684799194336e-01,3.105837106704711914e-01,2.506833709776401520e-02,8.491998165845870972e-02,-1.272056321800057077e+01,-3.509395675975287787e+01,7.772292148555698077e+01,-9.328530012860117893e+01,0.000000000000000000e+00,0.000000000000000000e+00,3.093236684799194336e-01,3.105837106704711914e-01,2.506833709776401520e-02,8.491998165845870972e-02,8.873429687500000000e+04,4.139456250000000000e+04,4.474771875000000000e+04,7.444621875000000000e+04,-1.305948223447232507e+07
9.200000000000000400e-01,-7.230650308925737590e+01,3.242902310962064405e+01,-8.225305067285744087e+01,-5.735988281250000000e+03,1.457926269531250000e+03,4.378331054687500000e+03,3.140245079994201660e-01,3.209061920642852783e-01,1.736844517290592194e-02,8.054322004318237305e-02,-2.097879703934381013e+01,-3.242902310962064405e+01,8.225305067285744087e+01,-9.328530012860117893e+01,0.000000000000000000e+00,0.000000000000000000e+00,3.140245079994201660e-01,3.209061920642852783e-01,1.736844517290592194e-02,8.054322004318237305e-02,8.884728906250000000e+04,4.150651171875000000e+04,4.452219531250000000e+04,7.422153125000000000e+04,-1.307252767074615695e+07
9.210000000000000409e-01,-6.455195449455297307e+01,2.925515624737778708e+01,-8.618057492091394067e+01,-5.736531738281250000e+03,1.461655273437500000e+03,4.395324707031250000e+03,3.190708756446838379e-01,3.296401202678680420e-01,1.281640399247407913e-02,7.899399101734161377e-02,-2.873334563404820230e+01,-2.925515624737778708e+01,8.618057492091394067e+01,-9.328530012860117893e+01,0.000000000000000000e+00,0.000000000000000000e+00,3.190708756446838379e-01,3.296401202678680420e-01,1.281640399247407913e-02,7.899399101734161377e-02,8.896271875000000000e+04,4.161613281250000000e+04,4.429426171875000000e+04,7.399919531250000000e+04,-1.308497758123598062e+07
9.220000000000000417e-01,-5.727797740381933522e+01,2.565216272447510804e+01,-8.950727746987807620e+01,-5.736005859375000000e+03,1.462055297851562500e+03,4.423920410156250000e+03,3.228274583816528320e-01,3.364280760288238525e-01,1.214300096035003662e-02,8.136250078678131104e-02,-3.600732272478184370e+01,-2.565216272447510804e+01,8.950727746987807620e+01,-9.328530012860117893e+01,0.000000000000000000e+00,0.000000000000000000e+00,3.228274583816528320e-01,3.364280760288238525e-01,1.214300096035003662e-02,8.136250078678131104e-02,8.907995312500000000e+04,4.172404296875000000e+04,4.406429296875000000e+04,7.377903125000000000e+04,-1.309692793410396576e+07
9.230000000000000426e-01,-5.043821453994409154e+01,2.169977967980075206e+01,-9.224634657686306127e+01,-5.735831542968750000e+03,1.459482788085937500e+03,4.449506835937500000e+03,3.253279328346252441e-01,3.413119316101074219e-01,1.546105928719043732e-02,8.747845143079757690e-02,-4.284708558865708738e+01,-2.169977967980075206e+01,9.224634657686306127e+01,-9.328530012860117893e+01,0.000000000000000000e+00,0.000000000000000000e+00,3.253279328346252441e-01,3.413119316101074219e-01,1.546105928719043732e-02,8.747845143079757690e-02,8.919678125000000000e+04,4.183231250000000000e+04,4.383496484375000000e+04,7.355829687500000000e+04,-1.310845221648487449e+07
9.240000000000000435e-01,-4.397053559012304191e+01,1.747820173633261120e+01,-9.441954701225101587e+01,-5.735291992187500000e+03,1.453374877929687500e+03,4.462856933593750000e+03,3.272895812988281250e-01,3.447495996952056885e-01,2.252524904906749725e-02,9.640508890151977539e-02,-4.931476453847813701e+01,-1.747820173633261120e+01,9.441954701225101587e+01,-9.328530012860117893e+01,0.000000000000000000e+00,0.000000000000000000e+00,3.272895812988281250e-01,3.447495996952056885e-01,2.252524904906749725e-02,9.640508890151977539e-02,8.931150000000000000e+04,4.194251953125000000e+04,4.360774609375000000e+04,7.333530468750000000e+04,-1.311960616287889145e+07
9.250000000000000444e-01,-3.780030863918788242e+01,1.306612401351045705e+01,-9.605270919032999188e+01,-5.736502441406250000e+03,1.443882080078125000e+03,4.458771484375000000e+03,3.293166756629943848e-01,3.471684753894805908e-01,3.310135379433631897e-02,1.072807833552360535e-01,-5.548499148941329651e+01,-1.306612401351045705e+01,9.605270919032999188e+01,-9.328530012860117893e+01,0.000000000000000000e+00,0.000000000000000000e+00,3.293166756629943848e-01,3.471684753894805908e-01,3.310135379433631897e-02,1.072807833552360535e-01,8.942335937500000000e+04,4.205584375000000000e+04,4.338329296875000000e+04,7.310940625000000000e+04,-1.313043187275164761e+07
9.260000000000000453e-01,-3.184180122391756385e+01,8.505902437915416670e+00,-9.719082725988843663e+01,-5.742125000000000000e+03,1.432510498046875000e+03,4.473395019531250000e+03,3.319260179996490479e-01,3.490403294563293457e-01,4.692357778549194336e-02,1.193051040172576904e-01,-6.144349890468361508e+01,-8.505902437915416670e+00,9.719082725988843663e+01,-9.328530012860117893e+01,0.000000000000000000e+00,0.000000000000000000e+00,3.319260179996490479e-01,3.490403294563293457e-01,4.692357778549194336e-02,1.193051040172576904e-01,8.953831250000000000e+04,4.216598828125000000e+04,4.315565625000000000e+04,7.288681250000000000e+04,-1.314096418033657596e+07
9.270000000000000462e-01,-2.601166007338939323e+01,3.854496342965838096e+00,-9.785103799577701977e+01,-5.755783203125000000e+03,1.421518920898437500e+03,4.479289550781250000e+03,3.336249589920043945e-01,3.497063517570495605e-01,6.515280157327651978e-02,1.338601708412170410e-01,-6.727364005521178569e+01,-3.854496342965838096e+00,9.785103799577701977e+01,-9.328530012860117893e+01,0.000000000000000000e+00,0.000000000000000000e+00,3.336249589920043945e-01,3.497063517570495605e-01,6.515280157327651978e-02,1.338601708412170410e-01,8.965182031250000000e+04,4.227745703125000000e+04,4.292969140625000000e+04,7.266289062500000000e+04,-1.315123046957525797e+07
9.280000000000000471e-01,-2.022547944185006941e+01,-8.419346105717403494e-01,-9.804262995091367827e+01,-5.777896972656250000e+03,1.413807128906250000e+03,4.484755371093750000e+03,3.359981179237365723e-01,3.502613604068756104e-01,8.661954104900360107e-02,1.489687561988830566e-01,-7.305982068675110952e+01,8.419346105717403494e-01,9.804262995091367827e+01,-9.328530012860117893e+01,0.000000000000000000e+00,0.000000000000000000e+00,3.359981179237365723e-01,3.502613604068756104e-01,8.661954104900360107e-02,1.489687561988830566e-01,8.976525781250000000e+04,4.238908984375000000e+04,4.270371875000000000e+04,7.243868750000000000e+04,-1.316125260573549010e+07
9.290000000000000480e-01,-1.439613572962676358e+01,-5.511745545657489309e+00,-9.775537398606664397e+01,-5.810182128906250000e+03,1.410691528320312500e+03,4.462970214843750000e+03,3.386042118072509766e-01,3.507571220397949219e-01,1.111046448349952698e-01,1.645384430885314941e-01,-7.888916439897441535e+01,5.511745545657489309e+00,9.775537398606664397e+01,-9.328530012860117893e+01,0.000000000000000000e+00,0.000000000000000000e+00,3.386042118072509766e-01,3.507571220397949219e-01,1.111046448349952698e-01,1.645384430885314941e-01,8.987414062500000000e+04,4.250536718750000000e+04,4.248216406250000000e+04,7.220981250000000000e+04,-1.317104634694155119e+07
9.300000000000000488e-01,-8.436743318120022650e+00,-1.011806108202636700e+01,-9.697880115496414533e+01,-5.850475097656250000e+03,1.413947509765625000e+03,4.453027832031250000e+03,3.424291312694549561e-01,3.522789776325225830e-01,1.367715746164321899e-01,1.788158118724822998e-01,-8.484855681048115628e+01,1.011806108202636700e+01,9.697880115496414533e+01,-9.328530012860117893e+01,0.000000000000000000e+00,0.000000000000000000e+00,3.424291312694549561e-01,3.522789776325225830e-01,1.367715746164321899e-01,1.788158118724822998e-01,8.998502343750000000e+04,4.261952343750000000e+04,4.244090625000000000e+04,7.198296875000000000e+04,-1.318062478861287981e+07
9.310000000000000497e-01,-2.259289056998483147e+00,-1.460051282915248549e+01,-9.568675231027114592e+01,-5.897427246093750000e+03,1.423567016601562500e+03,4.435876953125000000e+03,3.446008861064910889e-01,3.534249365329742432e-01,1.640464067459106445e-01,1.936199814081192017e-01,-9.102601107160269578e+01,1.460051282915248549e+01,9.568675231027114592e+01,-9.328530012860117893e+01,0.000000000000000000e+00,0.000000000000000000e+00,3.446008861064910889e-01,3.534249365329742432e-01,1.640464067459106445e-01,1.936199814081192017e-01,9.009467187500000000e+04,4.273482812500000000e+04,4.255641015625000000e+04,7.177536718750000000e+04,-1.318999902254248410e+07
9.320000000000000506e-01,4.221847861689624892e+00,-1.892595433620668643e+01,-9.384431505915816274e+01,-5.946033203125000000e+03,1.438543212890625000e+03,4.446343750000000000e+03,3.452548682689666748e-01,3.546841442584991455e-01,1.910506784915924072e-01,2.079156637191772461e-01,-9.750714799029080382e+01,1.892595433620668643e+01,9.384431505915816274e+01,-9.328530012860117893e+01,0.000000000000000000e+00,0.000000000000000000e+00,3.452548682689666748e-01,3.546841442584991455e-01,1.910506784915924072e-01,2.079156637191772461e-01,9.020895312500000000e+04,4.284575390625000000e+04,4.266716796875000000e+04,7.169005468750000000e+04,-1.319918179375831038e+07
9.330000000000000515e-01,1.109151428246661908e+01,-2.300934098051756393e+01,-9.141150870683873109e+01,-5.995117675781250000e+03,1.456566162109375000e+03,4.441827636718750000e+03,3.418380022048950195e-01,3.544035255908966064e-01,2.177329510450363159e-01,2.231779098510742188e-01,-1.043768144110677980e+02,2.300934098051756393e+01,9.141150870683873109e+01,-9.328530012860117893e+01,0.000000000000000000e+00,0.000000000000000000e+00,3.418380022048950195e-01,3.544035255908966064e-01,2.177329510450363159e-01,2.231779098510742188e-01,9.032071875000000000e+04,4.295906640625000000e+04,4.278036328125000000e+04,7.171156250000000000e+04,-1.320819030914380588e+07
9.340000000000000524e-01,1.842185444337732747e+01,-2.677487453281187513e+01,-8.835045023920871188e+01,-6.037605468750000000e+03,1.475329589843750000e+03,4.441631347656250000e+03,3.364900648593902588e-01,3.541713654994964600e-01,2.416160851716995239e-01,2.373772114515304565e-01,-1.117071545719785064e+02,2.677487453281187513e+01,8.835045023920871188e+01,-9.328530012860117893e+01,0.000000000000000000e+00,0.000000000000000000e+00,3.364900648593902588e-01,3.541713654994964600e-01,2.416160851716995239e-01,2.373772114515304565e-01,9.043320312500000000e+04,4.307153906250000000e+04,4.289306640625000000e+04,7.182392187500000000e+04,-1.321705236982865818e+07
9.350000000000000533e-01,2.626423533607888317e+01,-3.012392211808549902e+01,-8.464366260037330392e+01,-6.071936523437500000e+03,1.491502197265625000e+03,4.430296386718750000e+03,3.284454345703125000e-01,3.532877564430236816e-01,2.623483538627624512e-01,2.511155903339385986e-01,-1.195495354646800621e+02,3.012392211808549902e+01,8.464366260037330392e+01,-9.328530012860117893e+01,0.000000000000000000e+00,0.000000000000000000e+00,3.284454345703125000e-01,3.532877564430236816e-01,2.623483538627624512e-01,2.511155903339385986e-01,9.054384375000000000e+04,4.318598437500000000e+04,4.300751562500000000e+04,7.193446875000000000e+04,-1.322581418018862978e+07
9.360000000000000542e-01,3.464916352855057369e+01,-3.298768295335136713e+01,-8.028071893546727722e+01,-6.096746093750000000e+03,1.502539916992187500e+03,4.447286132812500000e+03,3.189817368984222412e-01,3.525890409946441650e-01,2.788889110088348389e-01,2.637011408805847168e-01,-1.279344636571517526e+02,3.298768295335136713e+01,8.028071893546727722e+01,-9.328530012860117893e+01,0.000000000000000000e+00,0.000000000000000000e+00,3.189817368984222412e-01,3.525890409946441650e-01,2.788889110088348389e-01,2.637011408805847168e-01,9.065917968750000000e+04,4.329580859375000000e+04,4.311712500000000000e+04,7.204992968750000000e+04,-1.323454792578128353e+07
9.370000000000000551e-01,4.356365445810503445e+01,-3.527043104908515403e+01,-7.530035787295169314e+01,-6.115013671875000000e+03,1.507492919921875000e+03,4.466188476562500000e+03,3.067891597747802734e-01,3.508124649524688721e-01,2.917126715183258057e-01,2.762043178081512451e-01,-1.368489545867062134e+02,3.527043104908515403e+01,7.530035787295169314e+01,-9.328530012860117893e+01,0.000000000000000000e+00,0.000000000000000000e+00,3.067891597747802734e-01,3.508124649524688721e-01,2.917126715183258057e-01,2.762043178081512451e-01,9.077487500000000000e+04,4.340516796875000000e+04,4.322651953125000000e+04,7.216582812500000000e+04,-1.324335986497321166e+07
9.379999999999999449e-01,5.293587619500407015e+01,-3.687989259513712170e+01,-6.980010796787045990e+01,-6.128000000000000000e+03,1.506672485351562500e+03,4.482845214843750000e+03,2.937684655189514160e-01,3.494553267955780029e-01,2.998856306076049805e-01,2.875439822673797607e-01,-1.462211763236052491e+02,3.687989259513712170e+01,6.980010796787045990e+01,-9.328530012860117893e+01,0.000000000000000000e+00,0.000000000000000000e+00,2.937684655189514160e-01,3.494553267955780029e-01,2.998856306076049805e-01,2.875439822673797607e-01,9.089013281250000000e+04,4.351481640625000000e+04,4.333640234375000000e+04,7.228112500000000000e+04,-1.325239425351190008e+07
9.389999999999999458e-01,6.262346145923244478e+01,-3.773651016251627510e+01,-6.395370660884158553e+01,-6.138534179687500000e+03,1.501294677734375000e+03,4.485225585937500000e+03,2.806412577629089355e-01,3.491127490997314453e-01,3.030247986316680908e-01,2.973011136054992676e-01,-1.559087615878336237e+02,3.773651016251627510e+01,6.395370660884158553e+01,-9.328530012860117893e+01,0.000000000000000000e+00,0.000000000000000000e+00,2.806412577629089355e-01,3.491127490997314453e-01,3.030247986316680908e-01,2.973011136054992676e-01,9.100310937500000000e+04,4.362707812500000000e+04,4.344851562500000000e+04,7.239390625000000000e+04,-1.326183007222529128e+07
9.399999999999999467e-01,7.244375406291446495e+01,-3.780217030318041083e+01,-5.797049213282817703e+01,-6.150091308593750000e+03,1.492446777343750000e+03,4.490010253906250000e+03,2.683212161064147949e-01,3.505794107913970947e-01,3.006938695907592773e-01,3.048053681850433350e-01,-1.657290541915156439e+02,3.780217030318041083e+01,5.797049213282817703e+01,-9.328530012860117893e+01,0.000000000000000000e+00,0.000000000000000000e+00,2.683212161064147949e-01,3.505794107913970947e-01,3.006938695907592773e-01,3.048053681850433350e-01,9.109753906250000000e+04,4.373887109375000000e+04,4.356014453125000000e+04,7.250714843750000000e+04,-1.327186775176577270e+07
9.409999999999999476e-01,8.220542717918225151e+01,-3.707489790596475387e+01,-5.206210617412437358e+01,-6.164303222656250000e+03,1.482780395507812500e+03,4.511346679687500000e+03,2.565476894378662109e-01,3.534766435623168945e-01,2.931007742881774902e-01,3.099717497825622559e-01,-1.754907273077834304e+02,3.707489790596475387e+01,5.206210617412437358e+01,-9.328530012860117893e+01,0.000000000000000000e+00,0.000000000000000000e+00,2.565476894378662109e-01,3.534766435623168945e-01,2.931007742881774902e-01,3.099717497825622559e-01,9.110583593750000000e+04,4.384778125000000000e+04,4.366923828125000000e+04,7.262336718750000000e+04,-1.328271049497750774e+07
9.419999999999999485e-01,-2.682821725182211026e+02,-3.558219100387901079e+01,-4.644984309310409287e+01,-6.182045410156250000e+03,1.472523437500000000e+03,4.529506347656250000e+03,2.452415525913238525e-01,3.574864864349365234e-01,2.805564105510711670e-01,3.125475645065307617e-01,1.749968723896199378e+02,3.558219100387901079e+01,4.644984309310409287e+01,-9.328530012860117893e+01,0.000000000000000000e+00,0.000000000000000000e+00,2.452415525913238525e-01,3.574864864349365234e-01,2.805564105510711670e-01,3.125475645065307617e-01,9.102931250000000000e+04,4.395722656250000000e+04,4.377880859375000000e+04,7.273912500000000000e+04,-1.335810949930861406e+07
9.429999999999999494e-01,-2.591607075503059718e+02,-3.338316568165100762e+01,-4.130257178980002664e+01,-6.201836425781250000e+03,1.462573608398437500e+03,4.551015625000000000e+03,2.267155498266220093e-01,-1.186599954962730408e-03,3.303097784519195557e-01,2.882798612117767334e-01,1.658754074217047787e+02,3.338316568165100762e+01,4.130257178980002664e+01,-9.328530012860117893e+01,0.000000000000000000e+00,0.000000000000000000e+00,2.267155498266220093e-01,0.000000000000000000e+00,3.303097784519195557e-01,2.882798612117767334e-01,9.087400000000000000e+04,4.406632812500000000e+04,4.388769531250000000e+04,7.285517968750000000e+04,-1.342809410983396880e+07
9.439999999999999503e-01,-2.505261716756392616e+02,-3.056622558717450744e+01,-3.675689569382178945e+01,-6.222157226562500000e+03,1.451538940429687500e+03,4.550911132812500000e+03,2.216503620147705078e-01,7.632078602910041809e-03,3.374922871589660645e-01,2.972983121871948242e-01,1.572408715470380685e+02,3.056622558717450744e+01,3.675689569382178945e+01,-9.328530012860117893e+01,0.000000000000000000e+00,0.000000000000000000e+00,2.216503620147705078e-01,7.632078602910041809e-03,3.374922871589660645e-01,2.972983121871948242e-01,9.064874218750000000e+04,4.384125781250000000e+04,4.400017968750000000e+04,7.296754687500000000e+04,-1.349314283605611324e+07
9.449999999999999512e-01,-2.423917036830843017e+02,-2.721813045683923349e+01,-3.284143102244241419e+01,-6.237654785156250000e+03,1.439965209960937500e+03,4.572026855468750000e+03,2.184697091579437256e-01,1.642165891826152802e-02,3.420066237449645996e-01,3.046947419643402100e-01,1.491064035544831086e+02,2.721813045683923349e+01,3.284143102244241419e+01,-9.328530012860117893e+01,0.000000000000000000e+00,0.000000000000000000e+00,2.184697091579437256e-01,1.642165891826152802e-02,3.420066237449645996e-01,3.046947419643402100e-01,9.042732031250000000e+04,4.361253125000000000e+04,4.410934765625000000e+04,7.308355468750000000e+04,-1.355371596028766967e+07
9.459999999999999520e-01,-2.347408550394555391e+02,-2.343590271954139581e+01,-2.957241970315113022e+01,-6.247690429687500000e+03,1.425433593750000000e+03,4.584901855468750000e+03,2.166484147310256958e-01,2.608700469136238098e-02,3.444225192070007324e-01,3.113213777542114258e-01,1.414555549108543460e+02,2.343590271954139581e+01,2.957241970315113022e+01,-9.328530012860117893e+01,0.000000000000000000e+00,0.000000000000000000e+00,2.166484147310256958e-01,2.608700469136238098e-02,3.444225192070007324e-01,3.113213777542114258e-01,9.020422656250000000e+04,4.338530078125000000e+04,4.421976171875000000e+04,7.319843750000000000e+04,-1.361024299885570258e+07
9.469999999999999529e-01,-2.275162288180019914e+02,-1.929476300170719583e+01,-2.691294216018782848e+01,-6.251265136718750000e+03,1.407370117187500000e+03,4.617526367187500000e+03,2.163971662521362305e-01,3.561489284038543701e-02,3.441765010356903076e-01,3.163159787654876709e-01,1.342309286894008267e+02,1.929476300170719583e+01,2.691294216018782848e+01,-9.328530012860117893e+01,0.000000000000000000e+00,0.000000000000000000e+00,2.163971662521362305e-01,3.561489284038543701e-02,3.441765010356903076e-01,3.163159787654876709e-01,8.998473437500000000e+04,4.315489453125000000e+04,4.432675781250000000e+04,7.331651562500000000e+04,-1.366310322756627761e+07
9.479999999999999538e-01,-2.206583446162583471e+02,-1.490163371656791291e+01,-2.485952930181329990e+01,-6.249978515625000000e+03,1.385010742187500000e+03,4.610192382812500000e+03,2.170638740062713623e-01,4.554213583469390869e-02,3.417629599571228027e-01,3.202701508998870850e-01,1.273730444876571681e+02,1.490163371656791291e+01,2.485952930181329990e+01,-9.328530012860117893e+01,0.000000000000000000e+00,0.000000000000000000e+00,2.170638740062713623e-01,4.554213583469390869e-02,3.417629599571228027e-01,3.202701508998870850e-01,8.975825781250000000e+04,4.293098046875000000e+04,4.444050390625000000e+04,7.342769531250000000e+04,-1.371263338749959506e+07
9.489999999999999547e-01,-2.140860106825851403e+02,-1.032576636292919581e+01,-2.336834963585546276e+01,-6.242761230468750000e+03,1.359576904296875000e+03,4.607520019531250000e+03,2.193514108657836914e-01,5.447100475430488586e-02,3.363024592399597168e-01,3.214623630046844482e-01,1.208007105539839756e+02,1.032576636292919581e+01,2.336834963585546276e+01,-9.328530012860117893e+01,0.000000000000000000e+00,0.000000000000000000e+00,2.193514108657836914e-01,5.447100475430488586e-02,3.363024592399597168e-01,3.214623630046844482e-01,8.953289062500000000e+04,4.270621093750000000e+04,4.455362890625000000e+04,7.353965625000000000e+04,-1.375911890868526511e+07
9.499999999999999556e-01,-2.077159514243720082e+02,-5.640784276763265659e+00,-2.241046070518477507e+01,-6.233297363281250000e+03,1.331503784179687500e+03,4.593263183593750000e+03,2.223311513662338257e-01,6.352289021015167236e-02,3.286988735198974609e-01,3.209378719329833984e-01,1.144306512957708293e+02,5.640784276763265659e+00,2.241046070518477507e+01,-9.328530012860117893e+01,0.000000000000000000e+00,0.000000000000000000e+00,2.223311513662338257e-01,6.352289021015167236e-02,3.286988735198974609e-01,3.209378719329833984e-01,8.930526562500000000e+04,4.248362890625000000e+04,4.466854296875000000e+04,7.364990625000000000e+04,-1.380279887235767208e+07
9.509999999999999565e-01,-2.014617821521721339e+02,-8.775535168133029584e-01,-2.195057227734353589e+01,-6.224379882812500000e+03,1.303264160156250000e+03,4.606855957031250000e+03,2.260674387216567993e-01,7.248306274414062500e-02,3.188877701759338379e-01,3.181862533092498779e-01,1.081764820235709408e+02,8.775535168133029584e-01,2.195057227734353589e+01,-9.328530012860117893e+01,0.000000000000000000e+00,0.000000000000000000e+00,2.260674387216567993e-01,7.248306274414062500e-02,3.188877701759338379e-01,3.181862533092498779e-01,8.908258593750000000e+04,4.225629687500000000e+04,4.477869531250000000e+04,7.376491406250000000e+04,-1.384386831974907964e+07
9.519999999999999574e-01,-1.952385606927708182e+02,3.882322468413846650e+00,-2.199040293745053987e+01,-6.218596191406250000e+03,1.276238769531250000e+03,4.588191894531250000e+03,2.293949574232101440e-01,8.240514248609542847e-02,3.077423274517059326e-01,3.142151236534118652e-01,1.019532605641696534e+02,-3.882322468413846650e+00,2.199040293745053987e+01,-9.328530012860117893e+01,0.000000000000000000e+00,0.000000000000000000e+00,2.293949574232101440e-01,8.240514248609542847e-02,3.077423274517059326e-01,3.142151236534118652e-01,8.885423437500000000e+04,4.203420312500000000e+04,4.489436328125000000e+04,7.387427343750000000e+04,-1.388248506557956524e+07
9.529999999999999583e-01,-1.889624688285465481e+02,8.576006584460216686e+00,-2.253321042033290311e+01,-6.213619628906250000e+03,1.253286743164062500e+03,4.557727050781250000e+03,2.336375862360000610e-01,9.241151809692382812e-02,2.942852973937988281e-01,3.072229623794555664e-01,9.567716869994538342e+01,-8.576006584460216686e+00,2.253321042033290311e+01,-9.328530012860117893e+01,0.000000000000000000e+00,0.000000000000000000e+00,2.336375862360000610e-01,9.241151809692382812e-02,2.942852973937988281e-01,3.072229623794555664e-01,8.862604687500000000e+04,4.181422656250000000e+04,4.501211328125000000e+04,7.398157812500000000e+04,-1.391877317366612889e+07
9.539999999999999591e-01,-1.825500379066896812e+02,1.315711662903272305e+01,-2.358892678356719230e+01,-6.209769042968750000e+03,1.234201293945312500e+03,4.534228027343750000e+03,2.383065521717071533e-01,1.032540425658226013e-01,2.789205312728881836e-01,2.976749241352081299e-01,8.926473777808848808e+01,-1.315711662903272305e+01,2.358892678356719230e+01,-9.328530012860117893e+01,0.000000000000000000e+00,0.000000000000000000e+00,2.383065521717071533e-01,1.032540425658226013e-01,2.789205312728881836e-01,2.976749241352081299e-01,8.843525000000000000e+04,4.163861328125000000e+04,4.512855859375000000e+04,7.409019531250000000e+04,-1.395282723719065264e+07
9.549999999999999600e-01,-1.759175885871738387e+02,1.759109805730703258e+01,-2.518040103622635328e+01,-6.206699218750000000e+03,1.218412475585937500e+03,4.533272949218750000e+03,2.427062839269638062e-01,1.153443679213523865e-01,2.620516717433929443e-01,2.861132323741912842e-01,8.263228845857267402e+01,-1.759109805730703258e+01,2.518040103622635328e+01,-9.328530012860117893e+01,0.000000000000000000e+00,0.000000000000000000e+00,2.427062839269638062e-01,1.153443679213523865e-01,2.620516717433929443e-01,2.861132323741912842e-01,8.828692187500000000e+04,4.155191406250000000e+04,4.524113671875000000e+04,7.420278906250000000e+04,-1.398471773449218646e+07
9.559999999999999609e-01,-1.689836532530757154e+02,2.180298782970310256e+01,-2.733860795370622299e+01,-6.202504394531250000e+03,1.205092773437500000e+03,4.520536132812500000e+03,2.461199462413787842e-01,1.289093494415283203e-01,2.439981102943420410e-01,2.730100452899932861e-01,7.569835312447452225e+01,-2.180298782970310256e+01,2.733860795370622299e+01,-9.328530012860117893e+01,0.000000000000000000e+00,0.000000000000000000e+00,2.461199462413787842e-01,1.289093494415283203e-01,2.439981102943420410e-01,2.730100452899932861e-01,8.817199218750000000e+04,4.156725390625000000e+04,4.535581250000000000e+04,7.431321093750000000e+04,-1.401449597932209074e+07
9.569999999999999618e-01,-1.616783759740750384e+02,2.569347811402738557e+01,-3.008517293487136257e+01,-6.195001953125000000e+03,1.193551147460937500e+03,4.477546875000000000e+03,2.497678846120834351e-01,1.435649991035461426e-01,2.240854501724243164e-01,2.574517726898193359e-01,6.839307584547385943e+01,-2.569347811402738557e+01,3.008517293487136257e+01,-9.328530012860117893e+01,0.000000000000000000e+00,0.000000000000000000e+00,2.497678846120834351e-01,1.435649991035461426e-01,2.240854501724243164e-01,2.574517726898193359e-01,8.807949218750000000e+04,4.168709375000000000e+04,4.547564843750000000e+04,7.441842968750000000e+04,-1.404220114902782254e+07
9.579999999999999627e-01,-1.539387530233207997e+02,2.921830197348783642e+01,-3.345152751000760816e+01,-6.183074218750000000e+03,1.181927734375000000e+03,4.468313964843750000e+03,2.545902729034423828e-01,1.592411994934082031e-01,2.021057903766632080e-01,2.391757369041442871e-01,6.065345289471962786e+01,-2.921830197348783642e+01,3.345152751000760816e+01,-9.328530012860117893e+01,0.000000000000000000e+00,0.000000000000000000e+00,2.545902729034423828e-01,1.592411994934082031e-01,2.021057903766632080e-01,2.391757369041442871e-01,8.802116406250000000e+04,4.180114062500000000e+04,4.558973046875000000e+04,7.452937500000000000e+04,-1.406787100257316418e+07
9.589999999999999636e-01,-1.457242412500938826e+02,3.229207337713158665e+01,-3.744128615061830345e+01,-6.169601562500000000e+03,1.167689208984375000e+03,4.455737304687500000e+03,2.580710053443908691e-01,1.762255132198333740e-01,1.796794533729553223e-01,2.205033302307128906e-01,5.243894112149271791e+01,-3.229207337713158665e+01,3.744128615061830345e+01,-9.328530012860117893e+01,0.000000000000000000e+00,0.000000000000000000e+00,2.580710053443908691e-01,1.762255132198333740e-01,1.796794533729553223e-01,2.205033302307128906e-01,8.799823437500000000e+04,4.191566406250000000e+04,4.570426171875000000e+04,7.464001562500000000e+04,-1.409155118497268669e+07
9.599999999999999645e-01,-1.370214795097280387e+02,3.484001791084691746e+01,-4.204236570774111925e+01,-6.153945312500000000e+03,1.152616577148437500e+03,4.458051757812500000e+03,2.618557512760162354e-01,1.939655244350433350e-01,1.564282178878784180e-01,2.008551657199859619e-01,4.373617938112685266e+01,-3.484001791084691746e+01,4.204236570774111925e+01,-9.328530012860117893e+01,0.000000000000000000e+00,0.000000000000000000e+00,2.618557512760162354e-01,1.939655244350433350e-01,1.564282178878784180e-01,2.008551657199859619e-01,8.800345312500000000e+04,4.202796093750000000e+04,4.581638281250000000e+04,7.468678125000000000e+04,-1.411330745818205364e+07
9.609999999999999654e-01,-1.278916939842978593e+02,3.674772438050679568e+01,-4.714577588447944834e+01,-6.139997558593750000e+03,1.137230224609375000e+03,4.415158203125000000e+03,2.653663754463195801e-01,2.122401595115661621e-01,1.332245022058486938e-01,1.813360154628753662e-01,3.460639385569668747e+01,-3.674772438050679568e+01,4.714577588447944834e+01,-9.328530012860117893e+01,0.000000000000000000e+00,0.000000000000000000e+00,2.653663754463195801e-01,2.122401595115661621e-01,1.332245022058486938e-01,1.813360154628753662e-01,8.802782031250000000e+04,4.214765625000000000e+04,4.593621484375000000e+04,7.457818750000000000e+04,-1.413323686300312169e+07
9.619999999999999662e-01,-1.184112886610317048e+02,3.797239284081953059e+01,-5.266286812748884216e+01,-6.127460449218750000e+03,1.122937377929687500e+03,4.413733886718750000e+03,2.715754210948944092e-01,2.306134402751922607e-01,1.096350252628326416e-01,1.609404534101486206e-01,2.512598853243052588e+01,-3.797239284081953059e+01,5.266286812748884216e+01,-9.328530012860117893e+01,0.000000000000000000e+00,0.000000000000000000e+00,2.715754210948944092e-01,2.306134402751922607e-01,1.096350252628326416e-01,1.609404534101486206e-01,8.805881250000000000e+04,4.226031640625000000e+04,4.598963671875000000e+04,7.435277343750000000e+04,-1.415147337658295780e+07
9.629999999999999671e-01,-1.087347041208285674e+02,3.845785536335105803e+01,-5.840231181222207368e+01,-6.121011718750000000e+03,1.108967773437500000e+03,4.399283691406250000e+03,2.764476537704467773e-01,2.483494877815246582e-01,8.823564648628234863e-02,1.431251913309097290e-01,1.544940399222738847e+01,-3.845785536335105803e+01,5.840231181222207368e+01,-9.328530012860117893e+01,0.000000000000000000e+00,0.000000000000000000e+00,2.764476537704467773e-01,2.483494877815246582e-01,8.823564648628234863e-02,1.431251913309097290e-01,8.811158593750000000e+04,4.237533203125000000e+04,4.585446093750000000e+04,7.412544531250000000e+04,-1.416818644912736304e+07
9.639999999999999680e-01,-9.901465485704403591e+01,3.819121416831411864e+01,-6.419964618989972394e+01,-6.119913574218750000e+03,1.098018310546875000e+03,4.423039550781250000e+03,2.824866175651550293e-01,2.649724483489990234e-01,6.869349628686904907e-02,1.270141154527664185e-01,5.729354728442857869e+00,-3.819121416831411864e+01,6.419964618989972394e+01,-9.328530012860117893e+01,0.000000000000000000e+00,0.000000000000000000e+00,2.824866175651550293e-01,2.649724483489990234e-01,6.869349628686904907e-02,1.270141154527664185e-01,8.822828906250000000e+04,4.248400000000000000e+04,4.562531250000000000e+04,7.390439843750000000e+04,-1.418357051441438124e+07
9.649999999999999689e-01,-8.946946161865176350e+01,3.717499464074215609e+01,-6.978616624942834790e+01,-6.125160156250000000e+03,1.089452758789062500e+03,4.405128906250000000e+03,2.870147526264190674e-01,2.797488272190093994e-01,5.259332060813903809e-02,1.148533374071121216e-01,-3.815838509949413648e+00,-3.717499464074215609e+01,6.978616624942834790e+01,-9.328530012860117893e+01,0.000000000000000000e+00,0.000000000000000000e+00,2.870147526264190674e-01,2.797488272190093994e-01,5.259332060813903809e-02,1.148533374071121216e-01,8.833769531250000000e+04,4.259945703125000000e+04,4.540333203125000000e+04,7.367618750000000000e+04,-1.419782738820304535e+07
9.659999999999999698e-01,-8.024121984062016111e+01,3.545553701621630438e+01,-7.500610465005053129e+01,-6.131896972656250000e+03,1.083457275390625000e+03,4.414258789062500000e+03,2.937476038932800293e-01,2.930213212966918945e-01,3.885006532073020935e-02,1.045527756214141846e-01,-1.304408028798101782e+01,-3.545553701621630438e+01,7.500610465005053129e+01,-9.328530012860117893e+01,0.000000000000000000e+00,0.000000000000000000e+00,2.937476038932800293e-01,2.930213212966918945e-01,3.885006532073020935e-02,1.045527756214141846e-01,8.845195312500000000e+04,4.271040625000000000e+04,4.517677343750000000e+04,7.345250000000000000e+04,-1.421114905240443908e+07
9.669999999999999707e-01,-7.144543259190353979e+01,3.310406017608302420e+01,-7.971203731536022019e+01,-6.140450683593750000e+03,1.076898071289062500e+03,4.416123046875000000e+03,2.989649474620819092e-01,3.040224611759185791e-01,2.907462231814861298e-02,9.872747957706451416e-02,-2.183986753669764269e+01,-3.310406017608302420e+01,7.971203731536022019e+01,-9.328530012860117893e+01,0.000000000000000000e+00,0.000000000000000000e+00,2.989649474620819092e-01,3.040224611759185791e-01,2.907462231814861298e-02,9.872747957706451416e-02,8.856466406250000000e+04,4.282278125000000000e+04,4.495130078125000000e+04,7.322779687500000000e+04,-1.422370338993578963e+07
9.679999999999999716e-01,-6.311523693519588107e+01,3.019014341009777169e+01,-8.386062843311121640e+01,-6.148823242187500000e+03,1.069579833984375000e+03,4.453373535156250000e+03,3.040874302387237549e-01,3.130663633346557617e-01,2.272127754986286163e-02,9.630435705184936523e-02,-3.017006319340529430e+01,-3.019014341009777169e+01,8.386062843311121640e+01,-9.328530012860117893e+01,0.000000000000000000e+00,0.000000000000000000e+00,3.040874302387237549e-01,3.130663633346557617e-01,2.272127754986286163e-02,9.630435705184936523e-02,8.868357031250000000e+04,4.292911328125000000e+04,4.471988671875000000e+04,7.300909375000000000e+04,-1.423563097282949463e+07
9.689999999999999725e-01,-5.527200869901700031e+01,2.681409042450019342e+01,-8.738479509555706670e+01,-6.157105468750000000e+03,1.059242431640625000e+03,4.458888671875000000e+03,3.067584931850433350e-01,3.195859193801879883e-01,2.077438496053218842e-02,9.890719503164291382e-02,-3.801329142958417862e+01,-2.681409042450019342e+01,8.738479509555706670e+01,-9.328530012860117893e+01,0.000000000000000000e+00,0.000000000000000000e+00,3.067584931850433350e-01,3.195859193801879883e-01,2.077438496053218842e-02,9.890719503164291382e-02,8.879689843750000000e+04,4.304060546875000000e+04,4.449400390625000000e+04,7.278486718750000000e+04,-1.424704106563430466e+07
9.699999999999999734e-01,-4.788039759944059881e+01,2.306569663835435335e+01,-9.028816815510005256e+01,-6.163197265625000000e+03,1.046250366210937500e+03,4.461227050781250000e+03,3.102393746376037598e-01,3.247866928577423096e-01,2.177957631647586823e-02,1.036034077405929565e-01,-4.540490252916058012e+01,-2.306569663835435335e+01,9.028816815510005256e+01,-9.328530012860117893e+01,0.000000000000000000e+00,0.000000000000000000e+00,3.102393746376037598e-01,3.247866928577423096e-01,2.177957631647586823e-02,1.036034077405929565e-01,8.890995312500000000e+04,4.315283984375000000e+04,4.426857031250000000e+04,7.256001562500000000e+04,-1.425801757777880132e+07
9.709999999999999742e-01,-4.087713830491244238e+01,1.903010171294259933e+01,-9.259613470430204529e+01,-6.170467285156250000e+03,1.029026123046875000e+03,4.459166015625000000e+03,3.130688667297363281e-01,3.284530043601989746e-01,2.632982470095157623e-02,1.111588925123214722e-01,-5.240816182368873655e+01,-1.903010171294259933e+01,9.259613470430204529e+01,-9.328530012860117893e+01,0.000000000000000000e+00,0.000000000000000000e+00,3.130688667297363281e-01,3.284530043601989746e-01,2.632982470095157623e-02,1.111588925123214722e-01,8.902203125000000000e+04,4.326580468750000000e+04,4.404373828125000000e+04,7.233450781250000000e+04,-1.426862470714818314e+07
9.719999999999999751e-01,-3.418092311283562168e+01,1.476621521512464952e+01,-9.435330834712068793e+01,-6.181769042968750000e+03,1.009475341796875000e+03,4.472937011718750000e+03,3.153756856918334961e-01,3.308159410953521729e-01,3.442331776022911072e-02,1.211482584476470947e-01,-5.910437701576555725e+01,-1.476621521512464952e+01,9.435330834712068793e+01,-9.328530012860117893e+01,0.000000000000000000e+00,0.000000000000000000e+00,3.153756856918334961e-01,3.308159410953521729e-01,3.442331776022911072e-02,1.211482584476470947e-01,8.913694531250000000e+04,4.337598437500000000e+04,4.381627343750000000e+04,7.211186718750000000e+04,-1.427891363056085445e+07
9.729999999999999760e-01,-2.771022463127164315e+01,1.034609326422899578e+01,-9.558272682426249389e+01,-6.199915039062500000e+03,9.892150268554687500e+02,4.474222656250000000e+03,3.163375854492187500e-01,3.317141830921173096e-01,4.668885469436645508e-02,1.340719759464263916e-01,-6.557507549732953578e+01,-1.034609326422899578e+01,9.558272682426249389e+01,-9.328530012860117893e+01,0.000000000000000000e+00,0.000000000000000000e+00,3.163375854492187500e-01,3.317141830921173096e-01,4.668885469436645508e-02,1.340719759464263916e-01,8.924960937500000000e+04,4.348822265625000000e+04,4.359110937500000000e+04,7.188713281250000000e+04,-1.428892458642296307e+07
9.739999999999999769e-01,-2.137842066584458678e+01,5.837668729653979760e+00,-9.630150682757145830e+01,-6.227253417968750000e+03,9.717746582031250000e+02,4.461865234375000000e+03,3.177883028984069824e-01,3.322777450084686279e-01,6.220284104347229004e-02,1.479681283235549927e-01,-7.190687946275659215e+01,-5.837668729653979760e+00,9.630150682757145830e+01,-9.328530012860117893e+01,0.000000000000000000e+00,0.000000000000000000e+00,3.177883028984069824e-01,3.322777450084686279e-01,6.220284104347229004e-02,1.479681283235549927e-01,8.936014062500000000e+04,4.360297265625000000e+04,4.336808203125000000e+04,7.165989062500000000e+04,-1.429868968188658729e+07
9.749999999999999778e-01,-1.509637255227494279e+01,1.298408818559000810e+00,-9.652240420515640551e+01,-6.265005371093750000e+03,9.585958251953125000e+02,4.444676269531250000e+03,3.201648294925689697e-01,3.331391215324401855e-01,8.060921728610992432e-02,1.620815992355346680e-01,-7.818892757632623614e+01,-1.298408818559000810e+00,9.652240420515640551e+01,-9.328530012860117893e+01,0.000000000000000000e+00,0.000000000000000000e+00,3.201648294925689697e-01,3.331391215324401855e-01,8.060921728610992432e-02,1.620815992355346680e-01,8.946974218750000000e+04,4.371839453125000000e+04,4.314573046875000000e+04,7.143178906250000000e+04,-1.430823584272982739e+07
9.759999999999999787e-01,-8.775515026963319087e+00,-3.212719833424326321e+00,-9.624674082156288080e+01,-6.312976074218750000e+03,9.515537109375000000e+02,4.420573730468750000e+03,3.231490254402160645e-01,3.344251513481140137e-01,1.017859429121017456e-01,1.763313561677932739e-01,-8.450978510163785984e+01,3.212719833424326321e+00,9.624674082156288080e+01,-9.328530012860117893e+01,0.000000000000000000e+00,0.000000000000000000e+00,3.231490254402160645e-01,3.344251513481140137e-01,1.017859429121017456e-01,1.763313561677932739e-01,8.957829687500000000e+04,4.383483593750000000e+04,4.292469531250000000e+04,7.120260156250000000e+04,-1.431758660908131674e+07
9.769999999999999796e-01,-2.330751327715276489e+00,-7.652435787492279928e+00,-9.546725097286173423e+01,-6.367622070312500000e+03,9.517474365234375000e+02,4.407727050781250000e+03,3.266592025756835938e-01,3.364807665348052979e-01,1.250150352716445923e-01,1.902062594890594482e-01,-9.095454880088590244e+01,7.652435787492279928e+00,9.546725097286173423e+01,-9.328530012860117893e+01,0.000000000000000000e+00,0.000000000000000000e+00,3.266592025756835938e-01,3.364807665348052979e-01,1.250150352716445923e-01,1.902062594890594482e-01,8.968862500000000000e+04,4.394952343750000000e+04,4.279787109375000000e+04,7.099508593750000000e+04,-1.432676459726486541e+07
9.779999999999999805e-01,4.321223771684827852e+00,-1.196640405436037113e+01,-9.416571719137922969e+01,-6.426757812500000000e+03,9.577509765625000000e+02,4.399803222656250000e+03,3.290199637413024902e-01,3.386461436748504639e-01,1.500302404165267944e-01,2.043673396110534668e-01,-9.760652390028600678e+01,1.196640405436037113e+01,9.416571719137922969e+01,-9.328530012860117893e+01,0.000000000000000000e+00,0.000000000000000000e+00,3.290199637413024902e-01,3.386461436748504639e-01,1.500302404165267944e-01,2.043673396110534668e-01,8.979986718750000000e+04,4.406351953125000000e+04,4.286076562500000000e+04,7.089923437500000000e+04,-1.433579364735990949e+07
9.789999999999999813e-01,1.125880394388396155e+01,-1.609786096019989898e+01,-9.231664777428261459e+01,-6.485578125000000000e+03,9.677994995117187500e+02,4.401180175781250000e+03,3.296254277229309082e-01,3.408107757568359375e-01,1.755051612854003906e-01,2.185098081827163696e-01,-1.045441040724851405e+02,1.609786096019989898e+01,9.231664777428261459e+01,-9.328530012860117893e+01,0.000000000000000000e+00,0.000000000000000000e+00,3.296254277229309082e-01,3.408107757568359375e-01,1.755051612854003906e-01,2.185098081827163696e-01,8.991257812500000000e+04,4.417581640625000000e+04,4.297296484375000000e+04,7.091379687500000000e+04,-1.434470191260993108e+07
9.799999999999999822e-01,1.854885676540327211e+01,-1.995459505038386894e+01,-8.990154670686065685e+01,-6.538830566406250000e+03,9.790137329101562500e+02,4.382843750000000000e+03,3.274027407169342041e-01,3.424162268638610840e-01,2.002903372049331665e-01,2.328145354986190796e-01,-1.118341568940044510e+02,1.995459505038386894e+01,8.990154670686065685e+01,-9.328530012860117893e+01,0.000000000000000000e+00,0.000000000000000000e+00,3.274027407169342041e-01,3.424162268638610840e-01,2.002903372049331665e-01,2.328145354986190796e-01,9.002207812500000000e+04,4.429127734375000000e+04,4.308871093750000000e+04,7.102314062500000000e+04,-1.435352644666114450e+07
9.809999999999999831e-01,2.624325948726168178e+01,-2.346574137180756736e+01,-8.690520382478133854e+01,-6.581919433593750000e+03,9.884719848632812500e+02,4.372521484375000000e+03,3.236170113086700439e-01,3.443665802478790283e-01,2.223148792982101440e-01,2.460881322622299194e-01,-1.195285596158628607e+02,2.346574137180756736e+01,8.690520382478133854e+01,-9.328530012860117893e+01,0.000000000000000000e+00,0.000000000000000000e+00,3.236170113086700439e-01,3.443665802478790283e-01,2.223148792982101440e-01,2.460881322622299194e-01,9.013283593750000000e+04,4.440560937500000000e+04,4.320300000000000000e+04,7.113383593750000000e+04,-1.436231831079961546e+07
9.819999999999999840e-01,3.437648986181523014e+01,-2.655528451919480659e+01,-8.332696184182920263e+01,-6.616086425781250000e+03,9.929681396484375000e+02,4.369431640625000000e+03,3.167724609375000000e-01,3.454679548740386963e-01,2.413268387317657471e-01,2.592899203300476074e-01,-1.276617899904164091e+02,2.655528451919480659e+01,8.332696184182920263e+01,-9.328530012860117893e+01,0.000000000000000000e+00,0.000000000000000000e+00,3.167724609375000000e-01,3.454679548740386963e-01,2.413268387317657471e-01,2.592899203300476074e-01,9.024487500000000000e+04,4.451877734375000000e+04,4.331593359375000000e+04,7.124589843750000000e+04,-1.437114861956051923e+07
9.829999999999999849e-01,4.296172722441330905e+01,-2.915463558934855115e+01,-7.917794396429972892e+01,-6.642102050781250000e+03,9.917523193359375000e+02,4.387086425781250000e+03,3.073593974113464355e-01,3.458763957023620605e-01,2.566157877445220947e-01,2.721715271472930908e-01,-1.362470273530144880e+02,2.915463558934855115e+01,7.917794396429972892e+01,-9.328530012860117893e+01,0.000000000000000000e+00,0.000000000000000000e+00,3.073593974113464355e-01,3.458763957023620605e-01,2.566157877445220947e-01,2.721715271472930908e-01,9.036028906250000000e+04,4.462834375000000000e+04,4.342554296875000000e+04,7.136160156250000000e+04,-1.438011346915338561e+07
9.839999999999999858e-01,5.196975528442295911e+01,-3.117333119531462415e+01,-7.452263916561518897e+01,-6.664083496093750000e+03,9.847360229492187500e+02,4.395770507812500000e+03,2.953909933567047119e-01,3.454427719116210938e-01,2.679700255393981934e-01,2.847528457641601562e-01,-1.452550554130241380e+02,3.117333119531462415e+01,7.452263916561518897e+01,-9.328530012860117893e+01,0.000000000000000000e+00,0.000000000000000000e+00,2.953909933567047119e-01,3.454427719116210938e-01,2.679700255393981934e-01,2.847528457641601562e-01,9.047430468750000000e+04,4.473928906250000000e+04,4.353676562500000000e+04,7.147565625000000000e+04,-1.438933972494372912e+07
9.849999999999999867e-01,6.132613338848044293e+01,-3.253465622128373269e+01,-6.946897997149386583e+01,-6.684401855468750000e+03,9.737377319335937500e+02,4.398741210937500000e+03,2.829560935497283936e-01,3.458174467086791992e-01,2.744809389114379883e-01,2.958573698997497559e-01,-1.546114335170816219e+02,3.253465622128373269e+01,6.946897997149386583e+01,-9.328530012860117893e+01,0.000000000000000000e+00,0.000000000000000000e+00,2.829560935497283936e-01,3.458174467086791992e-01,2.744809389114379883e-01,2.958573698997497559e-01,9.058725781250000000e+04,4.485143750000000000e+04,4.364878515625000000e+04,7.158856250000000000e+04,-1.439898506261382811e+07
9.859999999999999876e-01,7.091069659632795208e+01,-3.318083279974187860e+01,-6.417529671446663997e+01,-6.707523437500000000e+03,9.603143920898437500e+02,4.391795410156250000e+03,2.704267501831054688e-01,3.473464250564575195e-01,2.759684920310974121e-01,3.051633536815643311e-01,-1.641959967249291310e+02,3.318083279974187860e+01,6.417529671446663997e+01,-9.328530012860117893e+01,0.000000000000000000e+00,0.000000000000000000e+00,2.704267501831054688e-01,3.473464250564575195e-01,2.759684920310974121e-01,3.051633536815643311e-01,9.069869531250000000e+04,4.496523828125000000e+04,4.376233984375000000e+04,7.169980468750000000e+04,-1.440923282587927952e+07
9.869999999999999885e-01,8.058127039510715406e+01,-3.308660968497424903e+01,-5.881304505433409702e+01,-6.734641113281250000e+03,9.472675170898437500e+02,4.392440917968750000e+03,2.583944201469421387e-01,3.505111634731292725e-01,2.722409665584564209e-01,3.121535480022430420e-01,-1.738665705237083330e+02,3.308660968497424903e+01,5.881304505433409702e+01,-9.328530012860117893e+01,0.000000000000000000e+00,0.000000000000000000e+00,2.583944201469421387e-01,3.505111634731292725e-01,2.722409665584564209e-01,3.121535480022430420e-01,9.072767187500000000e+04,4.507762890625000000e+04,4.387489453125000000e+04,7.181243750000000000e+04,-1.442027986502677761e+07
9.879999999999999893e-01,-2.698093309278815468e+02,-3.225349972770919038e+01,-5.355453096955095305e+01,-6.765878417968750000e+03,9.353966064453125000e+02,4.408233886718750000e+03,2.466104030609130859e-01,3.549286723136901855e-01,2.635384798049926758e-01,3.166265189647674561e-01,1.765240307992803537e+02,3.225349972770919038e+01,5.355453096955095305e+01,-9.328530012860117893e+01,0.000000000000000000e+00,0.000000000000000000e+00,2.466104030609130859e-01,3.549286723136901855e-01,2.635384798049926758e-01,3.166265189647674561e-01,9.067308593750000000e+04,4.518738671875000000e+04,4.398488281250000000e+04,7.192782031250000000e+04,-1.449698531611458212e+07
9.889999999999999902e-01,-2.604075099406222762e+02,-3.071007535366512542e+01,-4.858116085561473341e+01,-6.799651855468750000e+03,9.239768066406250000e+02,4.419931640625000000e+03,2.324217855930328369e-01,-3.800430893898010254e-02,3.151002824306488037e-01,2.879942655563354492e-01,1.671222098120210831e+02,3.071007535366512542e+01,4.858116085561473341e+01,-9.328530012860117893e+01,0.000000000000000000e+00,0.000000000000000000e+00,2.324217855930328369e-01,0.000000000000000000e+00,3.151002824306488037e-01,2.879942655563354492e-01,9.053417968750000000e+04,4.529807812500000000e+04,4.409540234375000000e+04,7.204241406250000000e+04,-1.456810062526636384e+07
9.899999999999999911e-01,-2.513252108371625582e+02,-2.851331555941295903e+01,-4.403832735519277719e+01,-6.832750976562500000e+03,9.130218505859375000e+02,4.428234863281250000e+03,2.264247089624404907e-01,-3.033484891057014465e-02,3.232839107513427734e-01,2.973414361476898193e-01,1.580399107085613934e+02,2.851331555941295903e+01,4.403832735519277719e+01,-9.328530012860117893e+01,0.000000000000000000e+00,0.000000000000000000e+00,2.264247089624404907e-01,0.000000000000000000e+00,3.232839107513427734e-01,2.973414361476898193e-01,9.031057812500000000e+04,4.507171093750000000e+04,4.420644531250000000e+04,7.215621093750000000e+04,-1.463401737030914240e+07
9.909999999999999920e-01,-2.426359104510814291e+02,-2.574650184262018016e+01,-4.003658528248395498e+01,-6.859807617187500000e+03,9.014083251953125000e+02,4.421033691406250000e+03,2.218346446752548218e-01,-2.179118245840072632e-02,3.296772539615631104e-01,3.056732416152954102e-01,1.493506103224802644e+02,2.574650184262018016e+01,4.003658528248395498e+01,-9.328530012860117893e+01,0.000000000000000000e+00,0.000000000000000000e+00,2.218346446752548218e-01,0.000000000000000000e+00,3.296772539615631104e-01,3.056732416152954102e-01,9.008414843750000000e+04,4.484777734375000000e+04,4.432034765625000000e+04,7.226740625000000000e+04,-1.469515536586778052e+07
9.919999999999999929e-01,-2.343516172995476836e+02,-2.249035593223589657e+01,-3.660679434053077586e+01,-6.878319335937500000e+03,8.873587646484375000e+02,4.431045410156250000e+03,2.190271914005279541e-01,-1.298699900507926941e-02,3.338515758514404297e-01,3.125428855419158936e-01,1.410663171709464905e+02,2.249035593223589657e+01,3.660679434053077586e+01,-9.328530012860117893e+01,0.000000000000000000e+00,0.000000000000000000e+00,2.190271914005279541e-01,0.000000000000000000e+00,3.338515758514404297e-01,3.125428855419158936e-01,8.986084375000000000e+04,4.462085546875000000e+04,4.443126953125000000e+04,7.238160937500000000e+04,-1.475192191990054213e+07
9.929999999999999938e-01,-2.264560260719008511e+02,-1.883448263085442065e+01,-3.376374252930845898e+01,-6.888123535156250000e+03,8.683364868164062500e+02,4.439481933593750000e+03,2.172587513923645020e-01,-3.369502723217010498e-03,3.360676467418670654e-01,3.184461891651153564e-01,1.331707259432996580e+02,1.883448263085442065e+01,3.376374252930845898e+01,-9.328530012860117893e+01,0.000000000000000000e+00,0.000000000000000000e+00,2.172587513923645020e-01,0.000000000000000000e+00,3.360676467418670654e-01,3.184461891651153564e-01,8.963701562500000000e+04,4.439446093750000000e+04,4.454229296875000000e+04,7.249577343750000000e+04,-1.480469897969037667e+07
9.939999999999999947e-01,-2.189043303171694674e+02,-1.486337855111208484e+01,-3.149913250713750656e+01,-6.891240722656250000e+03,8.452077026367187500e+02,4.446927246093750000e+03,2.167509198188781738e-01,6.282646209001541138e-03,3.360058963298797607e-01,3.229261934757232666e-01,1.256190301885682743e+02,1.486337855111208484e+01,3.149913250713750656e+01,-9.328530012860117893e+01,0.000000000000000000e+00,0.000000000000000000e+00,2.167509198188781738e-01,6.282646209001541138e-03,3.360058963298797607e-01,3.229261934757232666e-01,8.941327343750000000e+04,4.416822656250000000e+04,4.465352343750000000e+04,7.260963281250000000e+04,-1.485383120089264028e+07
9.949999999999999956e-01,-2.116366576228627423e+02,-1.067279461536559104e+01,-2.980565122489035090e+01,-6.889583007812500000e+03,8.189038085937500000e+02,4.431845703125000000e+03,2.173076570034027100e-01,1.603967696428298950e-02,3.336991369724273682e-01,3.258343338966369629e-01,1.183513574942615634e+02,1.067279461536559104e+01,2.980565122489035090e+01,-9.328530012860117893e+01,0.000000000000000000e+00,0.000000000000000000e+00,2.173076570034027100e-01,1.603967696428298950e-02,3.336991369724273682e-01,3.258343338966369629e-01,8.918553906250000000e+04,4.394558593750000000e+04,4.476874218750000000e+04,7.271950781250000000e+04,-1.489962356113225780e+07
9.959999999999999964e-01,-2.045778841500970771e+02,-6.340293972333723715e+00,-2.866026655000739254e+01,-6.885716308593750000e+03,7.908197631835937500e+02,4.410430175781250000e+03,2.193140536546707153e-01,2.550113946199417114e-02,3.289387822151184082e-01,3.265513181686401367e-01,1.112925840214958981e+02,6.340293972333723715e+00,2.866026655000739254e+01,-9.328530012860117893e+01,0.000000000000000000e+00,0.000000000000000000e+00,2.193140536546707153e-01,2.550113946199417114e-02,3.289387822151184082e-01,3.265513181686401367e-01,8.895695312500000000e+04,4.372392578125000000e+04,4.488488281250000000e+04,7.282835156250000000e+04,-1.494233728202196211e+07
9.969999999999999973e-01,-1.976472271619651622e+02,-1.927405186964104233e+00,-2.804026773755087021e+01,-6.882458496093750000e+03,7.626049194335937500e+02,4.392967285156250000e+03,2.222097367048263550e-01,3.527370095252990723e-02,3.220273256301879883e-01,3.252712190151214600e-01,1.043619270333639832e+02,1.927405186964104233e+00,2.804026773755087021e+01,-9.328530012860117893e+01,0.000000000000000000e+00,0.000000000000000000e+00,2.222097367048263550e-01,3.527370095252990723e-02,3.220273256301879883e-01,3.252712190151214600e-01,8.872884375000000000e+04,4.350189843750000000e+04,4.500021093750000000e+04,7.293803906250000000e+04,-1.498219167993232422e+07
9.979999999999999982e-01,-1.907618137350098664e+02,2.509051543246858973e+00,-2.793459316722027452e+01,-6.882509277343750000e+03,7.370314331054687500e+02,4.378791503906250000e+03,2.254972010850906372e-01,4.584847018122673035e-02,3.131785392761230469e-01,3.220851421356201172e-01,9.747651360640870166e+01,-2.509051543246858973e+00,2.793459316722027452e+01,-9.328530012860117893e+01,0.000000000000000000e+00,0.000000000000000000e+00,2.254972010850906372e-01,4.584847018122673035e-02,3.131785392761230469e-01,3.220851421356201172e-01,8.850142187500000000e+04,4.327921093750000000e+04,4.511506250000000000e+04,7.304843750000000000e+04,-1.501936838634685986e+07
9.989999999999999991e-01,-1.838398191903497434e+02,6.912845539057800970e+00,-2.834372248998874610e+01,-6.884942871093750000e+03,7.156607055664062500e+02,4.367034667968750000e+03,2.290160953998565674e-01,5.756045505404472351e-02,3.024052381515502930e-01,3.168033063411712646e-01,9.055451906174856447e+01,-6.912845539057800970e+00,2.834372248998874610e+01,-9.328530012860117893e+01,0.000000000000000000e+00,0.000000000000000000e+00,2.290160953998565674e-01,5.756045505404472351e-02,3.024052381515502930e-01,3.168033063411712646e-01,8.827430468750000000e+04,4.305595312500000000e+04,4.522972656250000000e+04,7.315899218750000000e+04,-1.505401661950483732e+07
1.000000000000000000e+00,-1.768017771139482193e+02,1.119485482736937243e+01,-2.927572746244772617e+01,-6.887921386718750000e+03,6.983487548828125000e+02,4.326402832031250000e+03,2.326524257659912109e-01,7.061921060085296631e-02,2.896421551704406738e-01,3.092519342899322510e-01,8.351647698534705455e+01,-1.119485482736937243e+01,2.927572746244772617e+01,-9.328530012860117893e+01,0.000000000000000000e+00,0.000000000000000000e+00,2.326524257659912109e-01,7.061921060085296631e-02,2.896421551704406738e-01,3.092519342899322510e-01,8.804241406250000000e+04,4.283761718750000000e+04,4.534906640625000000e+04,7.326460156250000000e+04,-1.508625788088854961e+07
1.000999999999999890e+00,-1.695738940029725654e+02,1.531568639005911514e+01,-3.074269849991860326e+01,-6.887961425781250000e+03,6.840441894531250000e+02,4.309767578125000000e+03,2.375794649124145508e-01,8.456540852785110474e-02,2.743805646896362305e-01,2.986421287059783936e-01,7.628859387437138651e+01,-1.531568639005911514e+01,3.074269849991860326e+01,-9.328530012860117893e+01,0.000000000000000000e+00,0.000000000000000000e+00,2.375794649124145508e-01,8.456540852785110474e-02,2.743805646896362305e-01,2.986421287059783936e-01,8.785943750000000000e+04,4.261544140625000000e+04,4.546426562500000000e+04,7.337428906250000000e+04,-1.511619287017653696e+07
1.002000000000000002e+00,-1.620866865403045267e+02,1.920142187430185388e+01,-3.275786704426921858e+01,-6.885650878906250000e+03,6.711443481445312500e+02,4.286348144531250000e+03,2.415886968374252319e-01,1.002706661820411682e-01,2.574420571327209473e-01,2.862972021102905273e-01,6.880138641170336200e+01,-1.920142187430185388e+01,3.275786704426921858e+01,-9.328530012860117893e+01,0.000000000000000000e+00,0.000000000000000000e+00,2.415886968374252319e-01,1.002706661820411682e-01,2.574420571327209473e-01,2.862972021102905273e-01,8.771550781250000000e+04,4.239421875000000000e+04,4.558063671875000000e+04,7.348310937500000000e+04,-1.514390673658543639e+07
1.002999999999999892e+00,-1.542773164861341115e+02,2.280625927217707272e+01,-3.534575446933375531e+01,-6.877903320312500000e+03,6.593914794921875000e+02,4.291453125000000000e+03,2.458956241607666016e-01,1.171346828341484070e-01,2.384193241596221924e-01,2.716322541236877441e-01,6.099201635753292550e+01,-2.280625927217707272e+01,3.534575446933375531e+01,-9.328530012860117893e+01,0.000000000000000000e+00,0.000000000000000000e+00,2.458956241607666016e-01,1.171346828341484070e-01,2.384193241596221924e-01,2.716322541236877441e-01,8.760909375000000000e+04,4.226428906250000000e+04,4.569248828125000000e+04,7.359662500000000000e+04,-1.516947767478859611e+07
1.004000000000000004e+00,-1.461080579079850281e+02,2.601219433976257278e+01,-3.848661206371848920e+01,-6.867301269531250000e+03,6.468786621093750000e+02,4.249489746093750000e+03,2.489017993211746216e-01,1.354485303163528442e-01,2.180685400962829590e-01,2.557891309261322021e-01,5.282275777938385630e+01,-2.601219433976257278e+01,3.848661206371848920e+01,-9.328530012860117893e+01,0.000000000000000000e+00,0.000000000000000000e+00,2.489017993211746216e-01,1.354485303163528442e-01,2.180685400962829590e-01,2.557891309261322021e-01,8.752830468750000000e+04,4.228235156250000000e+04,4.581207031250000000e+04,7.370203125000000000e+04,-1.519298309293675236e+07
1.004999999999999893e+00,-1.375504005166976640e+02,2.877063549569506762e+01,-4.218137081023902368e+01,-6.853666992187500000e+03,6.336427001953125000e+02,4.241075683593750000e+03,2.543307542800903320e-01,1.541882157325744629e-01,1.954323053359985352e-01,2.372822910547256470e-01,4.426510038809647796e+01,-2.877063549569506762e+01,4.218137081023902368e+01,-9.328530012860117893e+01,0.000000000000000000e+00,0.000000000000000000e+00,2.543307542800903320e-01,1.541882157325744629e-01,1.954323053359985352e-01,2.372822910547256470e-01,8.747703906250000000e+04,4.239633203125000000e+04,4.592592968750000000e+04,7.381304687500000000e+04,-1.521451022312931344e+07
1.006000000000000005e+00,-1.286171423369442550e+02,3.099231189716884316e+01,-4.636837859671202722e+01,-6.843027343750000000e+03,6.180892333984375000e+02,4.213106445312500000e+03,2.583395242691040039e-01,1.736877262592315674e-01,1.725777387619018555e-01,2.189047783613204956e-01,3.533184220834307609e+01,-3.099231189716884316e+01,4.636837859671202722e+01,-9.328530012860117893e+01,0.000000000000000000e+00,0.000000000000000000e+00,2.583395242691040039e-01,1.736877262592315674e-01,1.725777387619018555e-01,2.189047783613204956e-01,8.746244531250000000e+04,4.251339843750000000e+04,4.604301171875000000e+04,7.392099218750000000e+04,-1.523416314236265421e+07
1.006999999999999895e+00,-1.193400332429659727e+02,3.262445704754109954e+01,-5.099376167195966048e+01,-6.834810546875000000e+03,6.040484008789062500e+02,4.215039062500000000e+03,2.636895775794982910e-01,1.931074559688568115e-01,1.492352634668350220e-01,1.999600231647491455e-01,2.605473311436479023e+01,-3.262445704754109954e+01,5.099376167195966048e+01,-9.328530012860117893e+01,0.000000000000000000e+00,0.000000000000000000e+00,2.636895775794982910e-01,1.931074559688568115e-01,1.492352634668350220e-01,1.999600231647491455e-01,8.748225000000000000e+04,4.262565625000000000e+04,4.615536328125000000e+04,7.397296875000000000e+04,-1.525206990482418984e+07
1.008000000000000007e+00,-1.098175479658960398e+02,3.359400529840864635e+01,-5.590784538017195615e+01,-6.833879394531250000e+03,5.922833862304687500e+02,4.189201660156250000e+03,2.679241299629211426e-01,2.122222781181335449e-01,1.270973086357116699e-01,1.825268268585205078e-01,1.653224783729486802e+01,-3.359400529840864635e+01,5.590784538017195615e+01,-9.328530012860117893e+01,0.000000000000000000e+00,0.000000000000000000e+00,2.679241299629211426e-01,2.122222781181335449e-01,1.270973086357116699e-01,1.825268268585205078e-01,8.753478125000000000e+04,4.274261718750000000e+04,4.627230078125000000e+04,7.387738281250000000e+04,-1.526838404303247482e+07
1.008999999999999897e+00,-1.001627546686087840e+02,3.387032339493218558e+01,-6.097139115497954265e+01,-6.838582519531250000e+03,5.841917114257812500e+02,4.181581542968750000e+03,2.741467952728271484e-01,2.304821610450744629e-01,1.058582887053489685e-01,1.657052338123321533e-01,6.877454540007597927e+00,-3.387032339493218558e+01,6.097139115497954265e+01,-9.328530012860117893e+01,0.000000000000000000e+00,0.000000000000000000e+00,2.741467952728271484e-01,2.304821610450744629e-01,1.058582887053489685e-01,1.657052338123321533e-01,8.758939843750000000e+04,4.285637500000000000e+04,4.626992187500000000e+04,7.365485156250000000e+04,-1.528328132980152965e+07
1.010000000000000009e+00,-9.052117029496369582e+01,3.344209519142871301e+01,-6.600183483229693593e+01,-6.849332519531250000e+03,5.782371215820312500e+02,4.171256835937500000e+03,2.797532677650451660e-01,2.473572492599487305e-01,8.718019723892211914e-02,1.516087949275970459e-01,-2.764129833637480882e+00,-3.344209519142871301e+01,6.600183483229693593e+01,-9.328530012860117893e+01,0.000000000000000000e+00,0.000000000000000000e+00,2.797532677650451660e-01,2.473572492599487305e-01,8.718019723892211914e-02,1.516087949275970459e-01,8.767209375000000000e+04,4.297051562500000000e+04,4.626792187500000000e+04,7.343723437500000000e+04,-1.529695002800512128e+07
1.010999999999999899e+00,-8.103016667948433849e+01,3.232638702110963891e+01,-7.083554686595874728e+01,-6.862257812500000000e+03,5.752565917968750000e+02,4.172315917968750000e+03,2.856785655021667480e-01,2.624776959419250488e-01,7.123131304979324341e-02,1.402363479137420654e-01,-1.225513344911684221e+01,-3.232638702110963891e+01,7.083554686595874728e+01,-9.328530012860117893e+01,0.000000000000000000e+00,0.000000000000000000e+00,2.856785655021667480e-01,2.624776959419250488e-01,7.123131304979324341e-02,1.402363479137420654e-01,8.778485937500000000e+04,4.308303906250000000e+04,4.609308203125000000e+04,7.321252343750000000e+04,-1.530957858591486514e+07
1.012000000000000011e+00,-7.180179578669549301e+01,3.056138990363296060e+01,-7.533696621832737605e+01,-6.875869628906250000e+03,5.739995727539062500e+02,4.189424804687500000e+03,2.909139394760131836e-01,2.755917012691497803e-01,5.862934142351150513e-02,1.324148774147033691e-01,-2.148350434190568237e+01,-3.056138990363296060e+01,7.533696621832737605e+01,-9.328530012860117893e+01,0.000000000000000000e+00,0.000000000000000000e+00,2.909139394760131836e-01,2.755917012691497803e-01,5.862934142351150513e-02,1.324148774147033691e-01,8.790019531250000000e+04,4.319276562500000000e+04,4.586527734375000000e+04,7.299032031250000000e+04,-1.532134374082488194e+07
1.012999999999999901e+00,-6.292959989915941321e+01,2.821718142288026598e+01,-7.937112330183924769e+01,-6.888314453125000000e+03,5.713056640625000000e+02,4.188192871093750000e+03,2.949170470237731934e-01,2.865036427974700928e-01,4.970356076955795288e-02,1.285959184169769287e-01,-3.035570022944176927e+01,-2.821718142288026598e+01,7.937112330183924769e+01,-9.328530012860117893e+01,0.000000000000000000e+00,0.000000000000000000e+00,2.949170470237731934e-01,2.865036427974700928e-01,4.970356076955795288e-02,1.285959184169769287e-01,8.801250000000000000e+04,4.330537109375000000e+04,4.564039843750000000e+04,7.276488281250000000e+04,-1.533239985990999825e+07
1.014000000000000012e+00,-5.444752729733561836e+01,2.536978371355891682e+01,-8.287942749168541923e+01,-6.896594726562500000e+03,5.651600341796875000e+02,4.196774414062500000e+03,2.993832826614379883e-01,2.955694198608398438e-01,4.387219250202178955e-02,1.276606321334838867e-01,-3.883777283126556057e+01,-2.536978371355891682e+01,8.287942749168541923e+01,-9.328530012860117893e+01,0.000000000000000000e+00,0.000000000000000000e+00,2.993832826614379883e-01,2.955694198608398438e-01,4.387219250202178955e-02,1.276606321334838867e-01,8.812650000000000000e+04,4.341650390625000000e+04,4.541372265625000000e+04,7.254110156250000000e+04,-1.534287701856581494e+07
1.014999999999999902e+00,-4.635898277172142201e+01,2.211905822495884877e+01,-8.581208129324276968e+01,-6.903882324218750000e+03,5.548324584960937500e+02,4.181348144531250000e+03,3.025166392326354980e-01,3.024681210517883301e-01,4.179049655795097351e-02,1.305895894765853882e-01,-4.692631735687975691e+01,-2.211905822495884877e+01,8.581208129324276968e+01,-9.328530012860117893e+01,0.000000000000000000e+00,0.000000000000000000e+00,3.025166392326354980e-01,3.024681210517883301e-01,4.179049655795097351e-02,1.305895894765853882e-01,8.823638281250000000e+04,4.353175000000000000e+04,4.519118750000000000e+04,7.231350781250000000e+04,-1.535287913988208026e+07
1.016000000000000014e+00,-3.861612944086126475e+01,1.851923209320530361e+01,-8.819666785071177628e+01,-6.911142089843750000e+03,5.421437377929687500e+02,4.205331542968750000e+03,3.061410486698150635e-01,3.080106675624847412e-01,4.264915734529495239e-02,1.357181817293167114e-01,-5.466917068773991417e+01,-1.851923209320530361e+01,8.819666785071177628e+01,-9.328530012860117893e+01,0.000000000000000000e+00,0.000000000000000000e+00,3.061410486698150635e-01,3.080106675624847412e-01,4.264915734529495239e-02,1.357181817293167114e-01,8.835303125000000000e+04,4.364026562500000000e+04,4.496225390625000000e+04,7.209261718750000000e+04,-1.536249195951236412e+07
1.016999999999999904e+00,-3.116673381857651748e+01,1.467604790056511632e+01,-9.001886998438874343e+01,-6.925423339843750000e+03,5.267359008789062500e+02,4.190745117187500000e+03,3.066326677799224854e-01,3.112608194351196289e-01,4.802720248699188232e-02,1.453318446874618530e-01,-6.211856631002466145e+01,-1.467604790056511632e+01,9.001886998438874343e+01,-9.328530012860117893e+01,0.000000000000000000e+00,0.000000000000000000e+00,3.066326677799224854e-01,3.112608194351196289e-01,4.802720248699188232e-02,1.453318446874618530e-01,8.846302343750000000e+04,4.375508203125000000e+04,4.473960937500000000e+04,7.186507031250000000e+04,-1.537178210814452730e+07
1.018000000000000016e+00,-2.393545569015002172e+01,1.065125322595324597e+01,-9.130213548544017499e+01,-6.946630859375000000e+03,5.126507568359375000e+02,4.186271972656250000e+03,3.086601793766021729e-01,3.142138421535491943e-01,5.591013282537460327e-02,1.556020975112915039e-01,-6.934984443845115720e+01,-1.065125322595324597e+01,9.130213548544017499e+01,-9.328530012860117893e+01,0.000000000000000000e+00,0.000000000000000000e+00,3.086601793766021729e-01,3.142138421535491943e-01,5.591013282537460327e-02,1.556020975112915039e-01,8.857499218750000000e+04,4.386850390625000000e+04,4.451510937500000000e+04,7.163908593750000000e+04,-1.538080454332310706e+07
1.018999999999999906e+00,-1.684095134906809221e+01,6.552715060114030265e+00,-9.204681746002816567e+01,-6.979974609375000000e+03,5.017339477539062500e+02,4.136385742187500000e+03,3.097343444824218750e-01,3.163576126098632812e-01,6.741277873516082764e-02,1.679584980010986328e-01,-7.644434877953308671e+01,-6.552715060114030265e+00,9.204681746002816567e+01,-9.328530012860117893e+01,0.000000000000000000e+00,0.000000000000000000e+00,3.097343444824218750e-01,3.163576126098632812e-01,6.741277873516082764e-02,1.679584980010986328e-01,8.867908593750000000e+04,4.398942968750000000e+04,4.429833593750000000e+04,7.140557031250000000e+04,-1.538960371564462781e+07
1.020000000000000018e+00,-9.796997033632905527e+00,2.400043340858593943e+00,-9.227640713953748275e+01,-7.022938964843750000e+03,4.983829345703125000e+02,4.131625488281250000e+03,3.135536015033721924e-01,3.197998702526092529e-01,8.061784505844116211e-02,1.792102754116058350e-01,-8.348830309496827340e+01,-2.400043340858593943e+00,9.227640713953748275e+01,-9.328530012860117893e+01,0.000000000000000000e+00,0.000000000000000000e+00,3.135536015033721924e-01,3.197998702526092529e-01,8.061784505844116211e-02,1.792102754116058350e-01,8.879103906250000000e+04,4.410267968750000000e+04,4.407418359375000000e+04,7.117974218750000000e+04,-1.539822039231812395e+07
1.020999999999999908e+00,-2.719182937903170227e+00,-1.723805722072454083e+00,-9.198913129028755975e+01,-7.076444335937500000e+03,5.011276550292968750e+02,4.106001953125000000e+03,3.150053918361663818e-01,3.225623965263366699e-01,9.793988615274429321e-02,1.927210539579391479e-01,-9.056611719069800870e+01,1.723805722072454083e+00,9.198913129028755975e+01,-9.328530012860117893e+01,0.000000000000000000e+00,0.000000000000000000e+00,3.150053918361663818e-01,3.225623965263366699e-01,9.793988615274429321e-02,1.927210539579391479e-01,8.889917187500000000e+04,4.421938671875000000e+04,4.385335546875000000e+04,7.095059375000000000e+04,-1.540669275805568323e+07
1.022000000000000020e+00,4.471345280077287043e+00,-5.782060313749325609e+00,-9.118022311236755684e+01,-7.134448730468750000e+03,5.110610961914062500e+02,4.108729980468750000e+03,3.180862367153167725e-01,3.267555534839630127e-01,1.169618815183639526e-01,2.051957696676254272e-01,-9.775664540867846597e+01,5.782060313749325609e+00,9.118022311236755684e+01,-9.328530012860117893e+01,0.000000000000000000e+00,0.000000000000000000e+00,3.180862367153167725e-01,3.267555534839630127e-01,1.169618815183639526e-01,2.051957696676254272e-01,8.901238281250000000e+04,4.433164062500000000e+04,4.362763671875000000e+04,7.077359375000000000e+04,-1.541506001629259065e+07
1.022999999999999909e+00,1.184749578552749938e+01,-9.667526212907201710e+00,-8.984557590528144999e+01,-7.193558105468750000e+03,5.259078369140625000e+02,4.073187744140625000e+03,3.192822337150573730e-01,3.308326601982116699e-01,1.383954435586929321e-01,2.184456735849380493e-01,-1.051327959141286783e+02,9.667526212907201710e+00,8.984557590528144999e+01,-9.328530012860117893e+01,0.000000000000000000e+00,0.000000000000000000e+00,3.192822337150573730e-01,3.308326601982116699e-01,1.383954435586929321e-01,2.184456735849380493e-01,8.911885156250000000e+04,4.445014843750000000e+04,4.345660546875000000e+04,7.069709375000000000e+04,-1.542336606802180782e+07
1.024000000000000021e+00,1.946924822372304220e+01,-1.333631851124065015e+01,-8.797507180570902108e+01,-7.245454101562500000e+03,5.433991088867187500e+02,4.067621826171875000e+03,3.218876123428344727e-01,3.368376791477203369e-01,1.591283082962036133e-01,2.297255396842956543e-01,-1.127545483523242211e+02,1.333631851124065015e+01,8.797507180570902108e+01,-9.328530012860117893e+01,0.000000000000000000e+00,0.000000000000000000e+00,3.218876123428344727e-01,3.368376791477203369e-01,1.591283082962036133e-01,2.297255396842956543e-01,8.923068750000000000e+04,4.456349609375000000e+04,4.343905468750000000e+04,7.072136718750000000e+04,-1.543166259029885754e+07
1.024999999999999911e+00,2.738215739678334160e+01,-1.669563049663636178e+01,-8.557916318600031502e+01,-7.288727050781250000e+03,5.580600585937500000e+02,4.043408691406250000e+03,3.206062912940979004e-01,3.418026268482208252e-01,1.798026561737060547e-01,2.419175356626510620e-01,-1.206674575253845205e+02,1.669563049663636178e+01,8.557916318600031502e+01,-9.328530012860117893e+01,0.000000000000000000e+00,0.000000000000000000e+00,3.206062912940979004e-01,3.418026268482208252e-01,1.798026561737060547e-01,2.419175356626510620e-01,8.933903906250000000e+04,4.468000390625000000e+04,4.355557421875000000e+04,7.082982812500000000e+04,-1.544001491009185649e+07
1.026000000000000023e+00,3.561899412175590385e+01,-1.969805927013698721e+01,-8.265601849818553148e+01,-7.320395996093750000e+03,5.687768554687500000e+02,4.052509765625000000e+03,3.178433179855346680e-01,3.469609320163726807e-01,1.978852599859237671e-01,2.534181773662567139e-01,-1.289042942503570828e+02,1.969805927013698721e+01,8.265601849818553148e+01,-9.328530012860117893e+01,0.000000000000000000e+00,0.000000000000000000e+00,3.178433179855346680e-01,3.469609320163726807e-01,1.978852599859237671e-01,2.534181773662567139e-01,8.945331250000000000e+04,4.479120312500000000e+04,4.366645703125000000e+04,7.094406250000000000e+04,-1.544850365376708470e+07
1.026999999999999913e+00,4.418919207937837257e+01,-2.225472905146748559e+01,-7.924453527371686334e+01,-7.345213378906250000e+03,5.737355346679687500e+02,4.046507080078125000e+03,3.103987574577331543e-01,3.501591384410858154e-01,2.136061936616897583e-01,2.658299505710601807e-01,-1.374744922079795515e+02,2.225472905146748559e+01,7.924453527371686334e+01,-9.328530012860117893e+01,0.000000000000000000e+00,0.000000000000000000e+00,3.103987574577331543e-01,3.501591384410858154e-01,2.136061936616897583e-01,2.658299505710601807e-01,8.956469531250000000e+04,4.490478515625000000e+04,4.378016406250000000e+04,7.105578125000000000e+04,-1.545723130779961497e+07
1.028000000000000025e+00,5.308741688580649054e+01,-2.430895225967142892e+01,-7.537823111046350277e+01,-7.366166503906250000e+03,5.742852172851562500e+02,4.064899414062500000e+03,3.015926182270050049e-01,3.534302413463592529e-01,2.251286655664443970e-01,2.773106098175048828e-01,-1.463727170144076695e+02,2.430895225967142892e+01,7.537823111046350277e+01,-9.328530012860117893e+01,0.000000000000000000e+00,0.000000000000000000e+00,3.015926182270050049e-01,3.534302413463592529e-01,2.251286655664443970e-01,2.773106098175048828e-01,8.968050781250000000e+04,4.501412500000000000e+04,4.388969921875000000e+04,7.117132031250000000e+04,-1.546632238451652788e+07
1.028999999999999915e+00,6.226237109690190152e+01,-2.577510940752874902e+01,-7.116873234174437357e+01,-7.389207031250000000e+03,5.704461059570312500e+02,4.048452880859375000e+03,2.898536920547485352e-01,3.556839227676391602e-01,2.327771633863449097e-01,2.884398698806762695e-01,-1.555476712255030804e+02,2.577510940752874902e+01,7.116873234174437357e+01,-9.328530012860117893e+01,0.000000000000000000e+00,0.000000000000000000e+00,2.898536920547485352e-01,3.556839227676391602e-01,2.327771633863449097e-01,2.884398698806762695e-01,8.979014843750000000e+04,4.512934765625000000e+04,4.400485156250000000e+04,7.128096093750000000e+04,-1.547592833209923655e+07
1.030000000000000027e+00,7.164693169344191404e+01,-2.660850714416422136e+01,-6.671805891947626321e+01,-7.416154296875000000e+03,5.666424560546875000e+02,4.042796630859375000e+03,2.789259552955627441e-01,3.595966398715972900e-01,2.350903600454330444e-01,2.973117232322692871e-01,-1.649322318220430930e+02,2.660850714416422136e+01,6.671805891947626321e+01,-9.328530012860117893e+01,0.000000000000000000e+00,0.000000000000000000e+00,2.789259552955627441e-01,3.595966398715972900e-01,2.350903600454330444e-01,2.973117232322692871e-01,8.990194531250000000e+04,4.524300781250000000e+04,4.411828906250000000e+04,7.139245312500000000e+04,-1.548622092695874535e+07
1.030999999999999917e+00,8.114542808383431804e+01,-2.677479381708722883e+01,-6.216777632968076261e+01,-7.450569335937500000e+03,5.650491333007812500e+02,4.032037353515625000e+03,2.670733332633972168e-01,3.639800250530242920e-01,2.326799035072326660e-01,3.042923212051391602e-01,-1.744307282124354970e+02,2.677479381708722883e+01,6.216777632968076261e+01,-9.328530012860117893e+01,0.000000000000000000e+00,0.000000000000000000e+00,2.670733332633972168e-01,3.639800250530242920e-01,2.326799035072326660e-01,3.042923212051391602e-01,9.001253906250000000e+04,4.535738281250000000e+04,4.423279296875000000e+04,7.150329687500000000e+04,-1.549738722945537791e+07
1.032000000000000028e+00,-2.693304681105078089e+02,-2.626534544215305189e+01,-5.762192827765591829e+01,-7.490263183593750000e+03,5.668085937500000000e+02,4.062643554687500000e+03,2.555547952651977539e-01,3.696933686733245850e-01,2.251983731985092163e-01,3.085064589977264404e-01,1.760451679819066442e+02,2.626534544215305189e+01,5.762192827765591829e+01,-9.328530012860117893e+01,0.000000000000000000e+00,0.000000000000000000e+00,2.555547952651977539e-01,3.696933686733245850e-01,2.251983731985092163e-01,3.085064589977264404e-01,9.012287500000000000e+04,4.546469531250000000e+04,4.434026171875000000e+04,7.162117187500000000e+04,-1.557393628549763374e+07
1.032999999999999918e+00,-2.599028390540802889e+02,-2.508916214197457961e+01,-5.326120133041836624e+01,-7.534059082031250000e+03,5.702167968750000000e+02,4.065211181640625000e+03,2.449624091386795044e-01,-6.107056885957717896e-02,3.047486841678619385e-01,2.844012081623077393e-01,1.666175389254791241e+02,2.508916214197457961e+01,5.326120133041836624e+01,-9.328530012860117893e+01,0.000000000000000000e+00,0.000000000000000000e+00,2.449624091386795044e-01,0.000000000000000000e+00,3.047486841678619385e-01,2.844012081623077393e-01,9.014192968750000000e+04,4.557671484375000000e+04,4.445220312500000000e+04,7.173413281250000000e+04,-1.564495199287015013e+07
1.034000000000000030e+00,-2.506699227890035786e+02,-2.328584739166187134e+01,-4.922036479797763775e+01,-7.573275390625000000e+03,5.757080078125000000e+02,4.065659912109375000e+03,2.396163046360015869e-01,-5.313935875892639160e-02,3.124792873859405518e-01,2.927779555320739746e-01,1.573846226604023855e+02,2.328584739166187134e+01,4.922036479797763775e+01,-9.328530012860117893e+01,0.000000000000000000e+00,0.000000000000000000e+00,2.396163046360015869e-01,0.000000000000000000e+00,3.124792873859405518e-01,2.927779555320739746e-01,9.007839062500000000e+04,4.568936328125000000e+04,4.456469140625000000e+04,7.184658593750000000e+04,-1.571075227806078829e+07
1.034999999999999920e+00,-2.417054022000003215e+02,-2.092644501852039696e+01,-4.561762845685524326e+01,-7.604827148437500000e+03,5.795903930664062500e+02,4.048961425781250000e+03,2.355168312788009644e-01,-4.393213242292404175e-02,3.187142014503479004e-01,3.000929057598114014e-01,1.484201020713991568e+02,2.092644501852039696e+01,4.561762845685524326e+01,-9.328530012860117893e+01,0.000000000000000000e+00,0.000000000000000000e+00,2.355168312788009644e-01,0.000000000000000000e+00,3.187142014503479004e-01,3.000929057598114014e-01,8.993681250000000000e+04,4.546711328125000000e+04,4.468017187500000000e+04,7.195621875000000000e+04,-1.577169266364059225e+07
1.036000000000000032e+00,-2.330315137038259650e+02,-1.806881948864407761e+01,-4.248255110749694552e+01,-7.623676269531250000e+03,5.803568115234375000e+02,4.072494873046875000e+03,2.332239896059036255e-01,-3.430788964033126831e-02,3.230285942554473877e-01,3.060238361358642578e-01,1.397462135752247718e+02,1.806881948864407761e+01,4.248255110749694552e+01,-9.328530012860117893e+01,0.000000000000000000e+00,0.000000000000000000e+00,2.332239896059036255e-01,0.000000000000000000e+00,3.230285942554473877e-01,3.060238361358642578e-01,8.976686718750000000e+04,4.523799609375000000e+04,4.478880078125000000e+04,7.207274218750000000e+04,-1.582812759940600209e+07
1.036999999999999922e+00,-2.246557899500501776e+02,-1.480501539359183205e+01,-3.986812214054496906e+01,-7.632245605468750000e+03,5.742517700195312500e+02,4.078417968750000000e+03,2.309645265340805054e-01,-2.298329398036003113e-02,3.257682621479034424e-01,3.112244307994842529e-01,1.313704898214490129e+02,1.480501539359183205e+01,3.986812214054496906e+01,-9.328530012860117893e+01,0.000000000000000000e+00,0.000000000000000000e+00,2.309645265340805054e-01,0.000000000000000000e+00,3.257682621479034424e-01,3.112244307994842529e-01,8.956775781250000000e+04,4.501177343750000000e+04,4.490016796875000000e+04,7.218651562500000000e+04,-1.588040647900790162e+07
1.038000000000000034e+00,-2.165529545866523904e+02,-1.121745321516198501e+01,-3.778858451799087703e+01,-7.631069335937500000e+03,5.635479736328125000e+02,4.084342285156250000e+03,2.304008603096008301e-01,-1.189792156219482422e-02,3.262497782707214355e-01,3.148738145828247070e-01,1.232676544580511973e+02,1.121745321516198501e+01,3.778858451799087703e+01,-9.328530012860117893e+01,0.000000000000000000e+00,0.000000000000000000e+00,2.304008603096008301e-01,0.000000000000000000e+00,3.262497782707214355e-01,3.148738145828247070e-01,8.934385156250000000e+04,4.478586718750000000e+04,4.501176562500000000e+04,7.230003906250000000e+04,-1.592885546952461824e+07
1.038999999999999924e+00,-2.086765364256355610e+02,-7.412728772429939106e+00,-3.626089748667465074e+01,-7.625750000000000000e+03,5.494226074218750000e+02,4.058399414062500000e+03,2.308923453092575073e-01,-4.287026822566986084e-04,3.245709836483001709e-01,3.169953525066375732e-01,1.153912362970343963e+02,7.412728772429939106e+00,3.626089748667465074e+01,-9.328530012860117893e+01,0.000000000000000000e+00,0.000000000000000000e+00,2.308923453092575073e-01,0.000000000000000000e+00,3.245709836483001709e-01,3.169953525066375732e-01,8.911610156250000000e+04,4.456516406250000000e+04,4.512878125000000000e+04,7.240809375000000000e+04,-1.597377116761361063e+07
1.040000000000000036e+00,-2.009600534245341237e+02,-3.452033632066126234e+00,-3.526737659086523280e+01,-7.619142578125000000e+03,5.338673706054687500e+02,4.050248779296875000e+03,2.333970367908477783e-01,1.073672994971275330e-02,3.204043507575988770e-01,3.168995082378387451e-01,1.076747532959329448e+02,3.452033632066126234e+00,3.526737659086523280e+01,-9.328530012860117893e+01,0.000000000000000000e+00,0.000000000000000000e+00,2.333970367908477783e-01,1.073672994971275330e-02,3.204043507575988770e-01,3.168995082378387451e-01,8.889650000000000000e+04,4.434132031250000000e+04,4.524268750000000000e+04,7.251915625000000000e+04,-1.601541181507380120e+07
1.040999999999999925e+00,-1.933296102118598583e+02,5.855610599050601328e-01,-3.480462872914343819e+01,-7.615665039062500000e+03,5.183248291015625000e+02,4.033831787109375000e+03,2.360044866800308228e-01,2.313678152859210968e-02,3.143106997013092041e-01,3.152357637882232666e-01,1.000443100832586651e+02,-5.855610599050601328e-01,3.480462872914343819e+01,-9.328530012860117893e+01,0.000000000000000000e+00,0.000000000000000000e+00,2.360044866800308228e-01,2.313678152859210968e-02,3.143106997013092041e-01,3.152357637882232666e-01,8.868036718750000000e+04,4.411885156250000000e+04,4.535778125000000000e+04,7.262907031250000000e+04,-1.605399985832119919e+07
1.042000000000000037e+00,-1.857088526217627305e+02,4.638138952990082942e+00,-3.487089588763667791e+01,-7.614568359375000000e+03,5.062543029785156250e+02,4.024386474609375000e+03,2.394535988569259644e-01,3.633885830640792847e-02,3.059978783130645752e-01,3.113995194435119629e-01,9.242355249316153731e+01,-4.638138952990082942e+00,3.487089588763667791e+01,-9.328530012860117893e+01,0.000000000000000000e+00,0.000000000000000000e+00,2.394535988569259644e-01,3.633885830640792847e-02,3.059978783130645752e-01,3.113995194435119629e-01,8.850814843750000000e+04,4.389551562500000000e+04,4.547192578125000000e+04,7.274025781250000000e+04,-1.608972512797624432e+07
1.042999999999999927e+00,-1.780201641418545364e+02,8.632579605138088752e+00,-3.547267263062658316e+01,-7.615952636718750000e+03,4.990096740722656250e+02,4.010955322265625000e+03,2.430240213871002197e-01,5.107289552688598633e-02,2.955571711063385010e-01,3.054189682006835938e-01,8.473486401325337170e+01,-8.632579605138088752e+00,3.547267263062658316e+01,-9.328530012860117893e+01,0.000000000000000000e+00,0.000000000000000000e+00,2.430240213871002197e-01,5.107289552688598633e-02,2.955571711063385010e-01,3.054189682006835938e-01,8.836419531250000000e+04,4.367269921875000000e+04,4.558687109375000000e+04,7.285049218750000000e+04,-1.612274913875153661e+07
1.044000000000000039e+00,-1.701911768884747858e+02,1.249116251012921808e+01,-3.661640407805663955e+01,-7.616099121093750000e+03,4.949871215820312500e+02,3.991378417968750000e+03,2.470355182886123657e-01,6.725738942623138428e-02,2.827690243721008301e-01,2.969380319118499756e-01,7.690587675987360683e+01,-1.249116251012921808e+01,3.661640407805663955e+01,-9.328530012860117893e+01,0.000000000000000000e+00,0.000000000000000000e+00,2.470355182886123657e-01,6.725738942623138428e-02,2.827690243721008301e-01,2.969380319118499756e-01,8.824871875000000000e+04,4.345070703125000000e+04,4.570269140625000000e+04,7.295960937500000000e+04,-1.615321096563068219e+07
1.044999999999999929e+00,-1.621576966065323404e+02,1.614601026006630491e+01,-3.830831763366958853e+01,-7.611704589843750000e+03,4.921633605957031250e+02,3.978156250000000000e+03,2.514940500259399414e-01,8.473439514636993408e-02,2.675746977329254150e-01,2.859428226947784424e-01,6.887239647793116148e+01,-1.614601026006630491e+01,3.830831763366958853e+01,-9.328530012860117893e+01,0.000000000000000000e+00,0.000000000000000000e+00,2.514940500259399414e-01,8.473439514636993408e-02,2.675746977329254150e-01,2.859428226947784424e-01,8.816591406250000000e+04,4.322782812500000000e+04,4.581726953125000000e+04,7.306987500000000000e+04,-1.618123430504665896e+07
1.046000000000000041e+00,-1.538662978659665157e+02,1.951588353661621511e+01,-4.054730779294772702e+01,-7.602356445312500000e+03,4.895130310058593750e+02,3.959927734375000000e+03,2.557306289672851562e-01,1.035166233777999878e-01,2.502396106719970703e-01,2.728773653507232666e-01,6.058099773736532967e+01,-1.951588353661621511e+01,4.054730779294772702e+01,-9.328530012860117893e+01,0.000000000000000000e+00,0.000000000000000000e+00,2.557306289672851562e-01,1.035166233777999878e-01,2.502396106719970703e-01,2.728773653507232666e-01,8.811644531250000000e+04,4.300591796875000000e+04,4.593281640625000000e+04,7.317957031250000000e+04,-1.620693409654510766e+07
1.046999999999999931e+00,-1.452717695989871345e+02,2.254776061757934968e+01,-4.334089498564497944e+01,-7.588338867187500000e+03,4.868966369628906250e+02,3.971794189453125000e+03,2.602887749671936035e-01,1.232085824012756348e-01,2.307927757501602173e-01,2.577732205390930176e-01,5.198646947038594135e+01,-2.254776061757934968e+01,4.334089498564497944e+01,-9.328530012860117893e+01,0.000000000000000000e+00,0.000000000000000000e+00,2.602887749671936035e-01,1.232085824012756348e-01,2.307927757501602173e-01,2.577732205390930176e-01,8.807317968750000000e+04,4.277882031250000000e+04,4.604355859375000000e+04,7.329421875000000000e+04,-1.623042481827455387e+07
1.048000000000000043e+00,-1.363603222458782227e+02,2.513148879149430570e+01,-4.664062876407990643e+01,-7.574083496093750000e+03,4.828362731933593750e+02,3.946165039062500000e+03,2.633550167083740234e-01,1.439942717552185059e-01,2.101786881685256958e-01,2.418760806322097778e-01,4.307502211727704378e+01,-2.513148879149430570e+01,4.664062876407990643e+01,-9.328530012860117893e+01,0.000000000000000000e+00,0.000000000000000000e+00,2.633550167083740234e-01,1.439942717552185059e-01,2.101786881685256958e-01,2.418760806322097778e-01,8.808763281250000000e+04,4.283051953125000000e+04,4.616042187500000000e+04,7.340234375000000000e+04,-1.625182589573793858e+07
1.048999999999999932e+00,-1.271356810809057407e+02,2.720610917215920921e+01,-5.040540055690210153e+01,-7.560541503906250000e+03,4.782547912597656250e+02,3.938532714843750000e+03,2.685883939266204834e-01,1.647082269191741943e-01,1.877976804971694946e-01,2.241571843624114990e-01,3.385038095230456179e+01,-2.720610917215920921e+01,5.040540055690210153e+01,-9.328530012860117893e+01,0.000000000000000000e+00,0.000000000000000000e+00,2.685883939266204834e-01,1.647082269191741943e-01,1.877976804971694946e-01,2.241571843624114990e-01,8.810492968750000000e+04,4.287833984375000000e+04,4.627412109375000000e+04,7.351347656250000000e+04,-1.627127025392343290e+07
1.050000000000000044e+00,-1.176437661303114908e+02,2.869310305309780418e+01,-5.453045789441074476e+01,-7.554737792968750000e+03,4.741031494140625000e+02,3.909515380859375000e+03,2.730834484100341797e-01,1.854768097400665283e-01,1.654136627912521362e-01,2.067660987377166748e-01,2.435846600171030829e+01,-2.869310305309780418e+01,5.453045789441074476e+01,-9.328530012860117893e+01,0.000000000000000000e+00,0.000000000000000000e+00,2.730834484100341797e-01,1.854768097400665283e-01,1.654136627912521362e-01,2.067660987377166748e-01,8.813989843750000000e+04,4.299577343750000000e+04,4.639137109375000000e+04,7.362123437500000000e+04,-1.628890717463374697e+07
1.050999999999999934e+00,-1.079341993336627752e+02,2.955810237656850958e+01,-5.894769369678437698e+01,-7.555709960937500000e+03,4.736592102050781250e+02,3.928591064453125000e+03,2.790679931640625000e-01,2.056416571140289307e-01,1.431400030851364136e-01,1.894334256649017334e-01,1.464889920506160337e+01,-2.955810237656850958e+01,5.894769369678437698e+01,-9.328530012860117893e+01,0.000000000000000000e+00,0.000000000000000000e+00,2.790679931640625000e-01,2.056416571140289307e-01,1.431400030851364136e-01,1.894334256649017334e-01,8.821953906250000000e+04,4.310499218750000000e+04,4.650088671875000000e+04,7.372196093750000000e+04,-1.630490547802781872e+07
1.052000000000000046e+00,-9.812819696902002420e+01,2.974905899602071457e+01,-6.346648797989168145e+01,-7.566458496093750000e+03,4.769685668945312500e+02,3.905209716796875000e+03,2.825632691383361816e-01,2.249746024608612061e-01,1.230905577540397644e-01,1.747688204050064087e-01,4.842896840418845272e+00,-2.974905899602071457e+01,6.346648797989168145e+01,-9.328530012860117893e+01,0.000000000000000000e+00,0.000000000000000000e+00,2.825632691383361816e-01,2.249746024608612061e-01,1.230905577540397644e-01,1.747688204050064087e-01,8.832804687500000000e+04,4.322142187500000000e+04,4.661742578125000000e+04,7.355314062500000000e+04,-1.631944762267586030e+07
1.052999999999999936e+00,-8.833234396452328951e+01,2.925964799339860178e+01,-6.795511803923250227e+01,-7.581390625000000000e+03,4.857333679199218750e+02,3.909629394531250000e+03,2.887480556964874268e-01,2.430111765861511230e-01,1.042315885424613953e-01,1.608926951885223389e-01,-4.952956164077882306e+00,-2.925964799339860178e+01,6.795511803923250227e+01,-9.328530012860117893e+01,0.000000000000000000e+00,0.000000000000000000e+00,2.887480556964874268e-01,2.430111765861511230e-01,1.042315885424613953e-01,1.608926951885223389e-01,8.844154687500000000e+04,4.333338281250000000e+04,4.672920312500000000e+04,7.339285156250000000e+04,-1.633272425073455088e+07
1.054000000000000048e+00,-7.867559369386943047e+01,2.810915873005263066e+01,-7.223262497750573630e+01,-7.599801757812500000e+03,4.960510864257812500e+02,3.896082031250000000e+03,2.933555245399475098e-01,2.593539655208587646e-01,8.855222910642623901e-02,1.504512876272201538e-01,-1.460970643473174313e+01,-2.810915873005263066e+01,7.223262497750573630e+01,-9.328530012860117893e+01,0.000000000000000000e+00,0.000000000000000000e+00,2.933555245399475098e-01,2.593539655208587646e-01,8.855222910642623901e-02,1.504512876272201538e-01,8.855167968750000000e+04,4.344817187500000000e+04,4.668481250000000000e+04,7.316542968750000000e+04,-1.634492177669328637e+07
1.054999999999999938e+00,-6.923971750646350642e+01,2.633182757483000458e+01,-7.620565814107023073e+01,-7.614730468750000000e+03,5.074713745117187500e+02,3.924775878906250000e+03,2.988286912441253662e-01,2.738813459873199463e-01,7.560094445943832397e-02,1.425744146108627319e-01,-2.404558262213766895e+01,-2.633182757483000458e+01,7.620565814107023073e+01,-9.328530012860117893e+01,0.000000000000000000e+00,0.000000000000000000e+00,2.988286912441253662e-01,2.738813459873199463e-01,7.560094445943832397e-02,1.425744146108627319e-01,8.866923437500000000e+04,4.355573828125000000e+04,4.645496093750000000e+04,7.294532031250000000e+04,-1.635621658264980465e+07
1.056000000000000050e+00,-6.010805801452180930e+01,2.399962335807957459e+01,-7.973743917009358029e+01,-7.626079589843750000e+03,5.163037109375000000e+02,3.925655761718750000e+03,3.013998568058013916e-01,2.859780192375183105e-01,6.685505807399749756e-02,1.395185589790344238e-01,-3.317724211407936963e+01,-2.399962335807957459e+01,7.973743917009358029e+01,-9.328530012860117893e+01,0.000000000000000000e+00,0.000000000000000000e+00,3.013998568058013916e-01,2.859780192375183105e-01,6.685505807399749756e-02,1.395185589790344238e-01,8.878176562500000000e+04,4.366826953125000000e+04,4.622988671875000000e+04,7.272048437500000000e+04,-1.636676360241481662e+07
1.056999999999999940e+00,-5.130525166862526021e+01,2.118168973848496961e+01,-8.277561601336236663e+01,-7.632056152343750000e+03,5.222705688476562500e+02,3.944255371093750000e+03,3.050139546394348145e-01,2.963020205497741699e-01,6.103884801268577576e-02,1.390437632799148560e-01,-4.198004845997591872e+01,-2.118168973848496961e+01,8.277561601336236663e+01,-9.328530012860117893e+01,0.000000000000000000e+00,0.000000000000000000e+00,3.050139546394348145e-01,2.963020205497741699e-01,6.103884801268577576e-02,1.390437632799148560e-01,8.889761718750000000e+04,4.377780859375000000e+04,4.600173046875000000e+04,7.249834375000000000e+04,-1.637669629785016738e+07
1.058000000000000052e+00,-4.283082006962286670e+01,1.797987997947090477e+01,-8.526494256964966212e+01,-7.636676269531250000e+03,5.219440917968750000e+02,3.937151611328125000e+03,3.067929446697235107e-01,3.044136166572570801e-01,5.922298878431320190e-02,1.426869183778762817e-01,-5.045448005897831223e+01,-1.797987997947090477e+01,8.526494256964966212e+01,-9.328530012860117893e+01,0.000000000000000000e+00,0.000000000000000000e+00,3.067929446697235107e-01,3.044136166572570801e-01,5.922298878431320190e-02,1.426869183778762817e-01,8.900881250000000000e+04,4.389144921875000000e+04,4.577767578125000000e+04,7.227192968750000000e+04,-1.638612416351348534e+07
1.058999999999999941e+00,-3.464351580270699316e+01,1.447461765993636185e+01,-8.720171268454058122e+01,-7.642721679687500000e+03,5.182270507812500000e+02,3.936810791015625000e+03,3.092031478881835938e-01,3.111341297626495361e-01,6.047897413372993469e-02,1.485998183488845825e-01,-5.864178432589418577e+01,-1.447461765993636185e+01,8.720171268454058122e+01,-9.328530012860117893e+01,0.000000000000000000e+00,0.000000000000000000e+00,3.092031478881835938e-01,3.111341297626495361e-01,6.047897413372993469e-02,1.485998183488845825e-01,8.912147656250000000e+04,4.400391796875000000e+04,4.555255468750000000e+04,7.204677343750000000e+04,-1.639513798995217681e+07
1.060000000000000053e+00,-2.668330260140025700e+01,1.075876034792090330e+01,-8.858072254434962645e+01,-7.655790527343750000e+03,5.138828735351562500e+02,3.921354492187500000e+03,3.103861212730407715e-01,3.163573443889617920e-01,6.547896564006805420e-02,1.575163602828979492e-01,-6.660199752720092192e+01,-1.075876034792090330e+01,8.858072254434962645e+01,-9.328530012860117893e+01,0.000000000000000000e+00,0.000000000000000000e+00,3.103861212730407715e-01,3.163573443889617920e-01,6.547896564006805420e-02,1.575163602828979492e-01,8.923128125000000000e+04,4.411921484375000000e+04,4.533021484375000000e+04,7.181933593750000000e+04,-1.640381228392059729e+07
1.060999999999999943e+00,-1.887150007376753535e+01,6.893075374676944200e+00,-8.941481970684469616e+01,-7.680706054687500000e+03,5.131210937500000000e+02,3.922079833984375000e+03,3.118851184844970703e-01,3.211229145526885986e-01,7.352189719676971436e-02,1.678515523672103882e-01,-7.441380005483364357e+01,-6.893075374676944200e+00,8.941481970684469616e+01,-9.328530012860117893e+01,0.000000000000000000e+00,0.000000000000000000e+00,3.118851184844970703e-01,3.211229145526885986e-01,7.352189719676971436e-02,1.678515523672103882e-01,8.934409375000000000e+04,4.423169140625000000e+04,4.510505859375000000e+04,7.159444531250000000e+04,-1.641221094190696068e+07
1.062000000000000055e+00,-1.112424105979428646e+01,2.966016840968658919e+00,-8.970220953737143077e+01,-7.719507812500000000e+03,5.171777343750000000e+02,3.906374755859375000e+03,3.121619820594787598e-01,3.253167271614074707e-01,8.530918508768081665e-02,1.801829636096954346e-01,-8.216105906880689247e+01,-2.966016840968658919e+00,8.970220953737143077e+01,-9.328530012860117893e+01,0.000000000000000000e+00,0.000000000000000000e+00,3.121619820594787598e-01,3.253167271614074707e-01,8.530918508768081665e-02,1.801829636096954346e-01,8.945386718750000000e+04,4.434670703125000000e+04,4.488246484375000000e+04,7.136657812500000000e+04,-1.642038997429790534e+07
1.062999999999999945e+00,-3.357522227276689364e+00,-9.340376258970692902e-01,-8.944244685828543595e+01,-7.768316406250000000e+03,5.285932006835937500e+02,3.875812500000000000e+03,3.136066794395446777e-01,3.303108811378479004e-01,9.962215274572372437e-02,1.923832744359970093e-01,-8.992777790132448956e+01,9.340376258970692902e-01,8.944244685828543595e+01,-9.328530012860117893e+01,0.000000000000000000e+00,0.000000000000000000e+00,3.136066794395446777e-01,3.303108811378479004e-01,9.962215274572372437e-02,1.923832744359970093e-01,8.956143750000000000e+04,4.446429296875000000e+04,4.466236328125000000e+04,7.113624218750000000e+04,-1.642840207097969577e+07
1.064000000000000057e+00,4.507421095002470679e+00,-4.727973914394993038e+00,-8.863694130368891422e+01,-7.822147949218750000e+03,5.478553466796875000e+02,3.842421630859375000e+03,3.163978457450866699e-01,3.366522490978240967e-01,1.158321946859359741e-01,2.037358731031417847e-01,-9.779272122360364961e+01,4.727973914394993038e+00,8.863694130368891422e+01,-9.328530012860117893e+01,0.000000000000000000e+00,0.000000000000000000e+00,3.163978457450866699e-01,3.366522490978240967e-01,1.158321946859359741e-01,2.037358731031417847e-01,8.966826562500000000e+04,4.458257812500000000e+04,4.444301171875000000e+04,7.095621875000000000e+04,-1.643630124892563187e+07
1.064999999999999947e+00,1.254000895963767448e+01,-8.367381305073365638e+00,-8.728280044836313323e+01,-7.875076171875000000e+03,5.727401123046875000e+02,3.840602294921875000e+03,3.195396661758422852e-01,3.441624343395233154e-01,1.334287375211715698e-01,2.143077701330184937e-01,-1.058253090882388534e+02,8.367381305073365638e+00,8.728280044836313323e+01,-9.328530012860117893e+01,0.000000000000000000e+00,0.000000000000000000e+00,3.195396661758422852e-01,3.441624343395233154e-01,1.334287375211715698e-01,2.143077701330184937e-01,8.978060937500000000e+04,4.469545703125000000e+04,4.426085546875000000e+04,7.087882031250000000e+04,-1.644414680107435212e+07
1.066000000000000059e+00,2.079819051799225349e+01,-1.178030769254474031e+01,-8.537964725890027751e+01,-7.922069335937500000e+03,5.974155883789062500e+02,3.850370849609375000e+03,3.199583888053894043e-01,3.512386679649353027e-01,1.524067819118499756e-01,2.255498766899108887e-01,-1.140834906465934324e+02,1.178030769254474031e+01,8.537964725890027751e+01,-9.328530012860117893e+01,0.000000000000000000e+00,0.000000000000000000e+00,3.199583888053894043e-01,3.512386679649353027e-01,1.524067819118499756e-01,2.255498766899108887e-01,8.989463281250000000e+04,4.480620312500000000e+04,4.435335546875000000e+04,7.096968750000000000e+04,-1.645200782561855949e+07
1.066999999999999948e+00,2.932024819308298902e+01,-1.486946481498598338e+01,-8.294504526009586698e+01,-7.957599121093750000e+03,6.193554077148437500e+02,3.846362792968750000e+03,3.178437948226928711e-01,3.577043712139129639e-01,1.709437817335128784e-01,2.369812875986099243e-01,-1.226055483216841679e+02,1.486946481498598338e+01,8.294504526009586698e+01,-9.328530012860117893e+01,0.000000000000000000e+00,0.000000000000000000e+00,3.178437948226928711e-01,3.577043712139129639e-01,1.709437817335128784e-01,2.369812875986099243e-01,9.000660937500000000e+04,4.491939062500000000e+04,4.446650781250000000e+04,7.108146875000000000e+04,-1.645996848408974707e+07
1.068000000000000060e+00,3.812112361116605541e+01,-1.754273936795758360e+01,-8.001796512754839341e+01,-7.980514648437500000e+03,6.366271362304687500e+02,3.829359375000000000e+03,3.141170144081115723e-01,3.640618920326232910e-01,1.869092434644699097e-01,2.476947158575057983e-01,-1.314064237397672343e+02,1.754273936795758360e+01,8.001796512754839341e+01,-9.328530012860117893e+01,0.000000000000000000e+00,0.000000000000000000e+00,3.141170144081115723e-01,3.640618920326232910e-01,1.869092434644699097e-01,2.476947158575057983e-01,9.011616406250000000e+04,4.503494140625000000e+04,4.458206250000000000e+04,7.119100000000000000e+04,-1.646813232660281099e+07
1.068999999999999950e+00,4.719871130468645504e+01,-1.973676340518731109e+01,-7.664295862690755712e+01,-7.995344726562500000e+03,6.480181274414062500e+02,3.826661132812500000e+03,3.085388541221618652e-01,3.701457083225250244e-01,1.991342753171920776e-01,2.576616704463958740e-01,-1.404840114332876340e+02,1.973676340518731109e+01,7.664295862690755712e+01,-9.328530012860117893e+01,0.000000000000000000e+00,0.000000000000000000e+00,3.085388541221618652e-01,3.701457083225250244e-01,1.991342753171920776e-01,2.576616704463958740e-01,9.022835937500000000e+04,4.514796484375000000e+04,4.469508984375000000e+04,7.130298437500000000e+04,-1.647662372788843326e+07
1.070000000000000062e+00,5.653188655806953022e+01,-2.139246668433018783e+01,-7.288393880966101790e+01,-8.009144531250000000e+03,6.534182739257812500e+02,3.837191650390625000e+03,2.998123764991760254e-01,3.750039935111999512e-01,2.075323462486267090e-01,2.674996554851531982e-01,-1.498171866866707092e+02,2.139246668433018783e+01,7.288393880966101790e+01,-9.328530012860117893e+01,0.000000000000000000e+00,0.000000000000000000e+00,2.998123764991760254e-01,3.750039935111999512e-01,2.075323462486267090e-01,2.674996554851531982e-01,9.034250781250000000e+04,4.525858203125000000e+04,4.480570703125000000e+04,7.141738281250000000e+04,-1.648558928825349919e+07
1.070999999999999952e+00,6.607390920807175405e+01,-2.245061933483772521e+01,-6.883637938842647941e+01,-8.027212890625000000e+03,6.564726562500000000e+02,3.848578369140625000e+03,2.887129485607147217e-01,3.790366351604461670e-01,2.116456776857376099e-01,2.766279280185699463e-01,-1.593592093366729330e+02,2.245061933483772521e+01,6.883637938842647941e+01,-9.328530012860117893e+01,0.000000000000000000e+00,0.000000000000000000e+00,2.887129485607147217e-01,3.790366351604461670e-01,2.116456776857376099e-01,2.766279280185699463e-01,9.045706250000000000e+04,4.536918750000000000e+04,4.491632812500000000e+04,7.153207812500000000e+04,-1.649519752716736123e+07
1.072000000000000064e+00,7.575187359478935889e+01,-2.286240979695068987e+01,-6.463103535247830678e+01,-8.054295898437500000e+03,6.612633666992187500e+02,3.849296630859375000e+03,2.766836285591125488e-01,3.833222091197967529e-01,2.108828872442245483e-01,2.839314043521881104e-01,-1.690371737233905378e+02,2.286240979695068987e+01,6.463103535247830678e+01,-9.328530012860117893e+01,0.000000000000000000e+00,0.000000000000000000e+00,2.766836285591125488e-01,3.833222091197967529e-01,2.108828872442245483e-01,2.839314043521881104e-01,9.056956250000000000e+04,4.548179687500000000e+04,4.502892578125000000e+04,7.164471875000000000e+04,-1.650563573403293826e+07
1.072999999999999954e+00,8.548153493055026786e+01,-2.260563680242853124e+01,-6.039867729165619892e+01,-8.090267089843750000e+03,6.704098510742187500e+02,3.857273193359375000e+03,2.649016380310058594e-01,3.887887597084045410e-01,2.048068046569824219e-01,2.884101867675781250e-01,-1.787668350591514468e+02,2.260563680242853124e+01,6.039867729165619892e+01,-9.328530012860117893e+01,0.000000000000000000e+00,0.000000000000000000e+00,2.649016380310058594e-01,3.887887597084045410e-01,2.048068046569824219e-01,2.884101867675781250e-01,9.064718750000000000e+04,4.559305468750000000e+04,4.514017187500000000e+04,7.175842187500000000e+04,-1.651710184188084677e+07
1.074000000000000066e+00,-2.648346043852120033e+02,-2.168244141751726062e+01,-5.629264421766026061e+01,-8.132367675781250000e+03,6.821364746093750000e+02,3.856874267578125000e+03,2.530411481857299805e-01,3.950227499008178711e-01,1.937847286462783813e-01,2.898640334606170654e-01,1.715493042566108102e+02,2.168244141751726062e+01,5.629264421766026061e+01,-9.328530012860117893e+01,0.000000000000000000e+00,0.000000000000000000e+00,2.530411481857299805e-01,3.950227499008178711e-01,1.937847286462783813e-01,2.898640334606170654e-01,9.063795312500000000e+04,4.570551171875000000e+04,4.525260546875000000e+04,7.187076562500000000e+04,-1.659087819961955957e+07
1.074999999999999956e+00,-2.552830311739265881e+02,-2.012078152610796167e+01,-5.243763378160407029e+01,-8.172465820312500000e+03,6.962222290039062500e+02,3.866265625000000000e+03,2.533029913902282715e-01,-4.520026594400405884e-02,3.052742183208465576e-01,2.785450518131256104e-01,1.619977310453253949e+02,2.012078152610796167e+01,5.243763378160407029e+01,-9.328530012860117893e+01,0.000000000000000000e+00,0.000000000000000000e+00,2.533029913902282715e-01,0.000000000000000000e+00,3.052742183208465576e-01,2.785450518131256104e-01,9.054613281250000000e+04,4.581639062500000000e+04,4.536354687500000000e+04,7.198492968750000000e+04,-1.665920217691074312e+07
1.076000000000000068e+00,-2.459355211034315971e+02,-1.797309535346955300e+01,-4.894637102405641826e+01,-8.204416015625000000e+03,7.093133544921875000e+02,3.876169189453125000e+03,2.489576041698455811e-01,-3.497843816876411438e-02,3.116370439529418945e-01,2.852631211280822754e-01,1.526502209748304040e+02,1.797309535346955300e+01,4.894637102405641826e+01,-9.328530012860117893e+01,0.000000000000000000e+00,0.000000000000000000e+00,2.489576041698455811e-01,0.000000000000000000e+00,3.116370439529418945e-01,2.852631211280822754e-01,9.045809375000000000e+04,4.558983984375000000e+04,4.547462890625000000e+04,7.209939062500000000e+04,-1.672240523684416898e+07
1.076999999999999957e+00,-2.368315329667016726e+02,-1.529775516776610367e+01,-4.588273864950200220e+01,-8.223204101562500000e+03,7.199154663085937500e+02,3.909059814453125000e+03,2.458072006702423096e-01,-2.363161742687225342e-02,3.162405192852020264e-01,2.908003330230712891e-01,1.435462328381004795e+02,1.529775516776610367e+01,4.588273864950200220e+01,-9.328530012860117893e+01,0.000000000000000000e+00,0.000000000000000000e+00,2.458072006702423096e-01,0.000000000000000000e+00,3.162405192852020264e-01,2.908003330230712891e-01,9.034505468750000000e+04,4.535933984375000000e+04,4.558174218750000000e+04,7.221742187500000000e+04,-1.678083365887067840e+07
1.078000000000000069e+00,-2.279913098303400147e+02,-1.218989566352653320e+01,-4.332351009074402981e+01,-8.228574218750000000e+03,7.232443847656250000e+02,3.916769287109375000e+03,2.431906908750534058e-01,-1.081045717000961304e-02,3.190529048442840576e-01,2.953301966190338135e-01,1.347060097017388500e+02,1.218989566352653320e+01,4.332351009074402981e+01,-9.328530012860117893e+01,0.000000000000000000e+00,0.000000000000000000e+00,2.431906908750534058e-01,0.000000000000000000e+00,3.190529048442840576e-01,2.953301966190338135e-01,9.020735156250000000e+04,4.513284765625000000e+04,4.569283984375000000e+04,7.233106250000000000e+04,-1.683483921631170437e+07
1.078999999999999959e+00,-2.193993457014968840e+02,-8.740145435524405926e+00,-4.129759563333036709e+01,-8.220471679687500000e+03,7.195429077148437500e+02,3.921467041015625000e+03,2.425838708877563477e-01,1.658760011196136475e-03,3.193837404251098633e-01,2.981319427490234375e-01,1.261140455728957193e+02,8.740145435524405926e+00,4.129759563333036709e+01,-9.328530012860117893e+01,0.000000000000000000e+00,0.000000000000000000e+00,2.425838708877563477e-01,1.658760011196136475e-03,3.193837404251098633e-01,2.981319427490234375e-01,9.005385156250000000e+04,4.490682421875000000e+04,4.580450781250000000e+04,7.244425781250000000e+04,-1.688475717075327784e+07
1.080000000000000071e+00,-2.110142704907779603e+02,-5.050827622677154238e+00,-3.982538266703397056e+01,-8.204938476562500000e+03,7.105030517578125000e+02,3.907506103515625000e+03,2.431786358356475830e-01,1.434141770005226135e-02,3.173886537551879883e-01,2.993644177913665771e-01,1.177289703621767671e+02,5.050827622677154238e+00,3.982538266703397056e+01,-9.328530012860117893e+01,0.000000000000000000e+00,0.000000000000000000e+00,2.431786358356475830e-01,1.434141770005226135e-02,3.173886537551879883e-01,2.993644177913665771e-01,8.989604687500000000e+04,4.468425000000000000e+04,4.591957031250000000e+04,7.255456250000000000e+04,-1.693089576506828144e+07
1.080999999999999961e+00,-2.027725013931330977e+02,-1.174836559306482009e+00,-3.889322903940689002e+01,-8.187821289062500000e+03,6.997709960937500000e+02,3.927686767578125000e+03,2.453579008579254150e-01,2.699194103479385376e-02,3.129001259803771973e-01,2.985884249210357666e-01,1.094872012645319330e+02,1.174836559306482009e+00,3.889322903940689002e+01,-9.328530012860117893e+01,0.000000000000000000e+00,0.000000000000000000e+00,2.453579008579254150e-01,2.699194103479385376e-02,3.129001259803771973e-01,2.985884249210357666e-01,8.975236718750000000e+04,4.445586718750000000e+04,4.602882421875000000e+04,7.267072656250000000e+04,-1.697352651589556411e+07
1.082000000000000073e+00,-1.945986641631898806e+02,2.794637361973542511e+00,-3.851317560414219798e+01,-8.175905761718750000e+03,6.882719726562500000e+02,3.931208984375000000e+03,2.469865977764129639e-01,4.134406894445419312e-02,3.066130876541137695e-01,2.965470552444458008e-01,1.013133640345886874e+02,-2.794637361973542511e+00,3.851317560414219798e+01,-9.328530012860117893e+01,0.000000000000000000e+00,0.000000000000000000e+00,2.469865977764129639e-01,4.134406894445419312e-02,3.066130876541137695e-01,2.965470552444458008e-01,8.962468750000000000e+04,4.423005859375000000e+04,4.614068359375000000e+04,7.278380468750000000e+04,-1.701288623068276420e+07
1.082999999999999963e+00,-1.864127965730632752e+02,6.770591498363518923e+00,-3.869475428233954517e+01,-8.167441894531250000e+03,6.798469238281250000e+02,3.924999023437500000e+03,2.496458441019058228e-01,5.626096948981285095e-02,2.978876531124114990e-01,2.921547889709472656e-01,9.312749644446209629e+01,-6.770591498363518923e+00,3.869475428233954517e+01,-9.328530012860117893e+01,0.000000000000000000e+00,0.000000000000000000e+00,2.496458441019058228e-01,5.626096948981285095e-02,2.978876531124114990e-01,2.921547889709472656e-01,8.951055468750000000e+04,4.400589843750000000e+04,4.625408593750000000e+04,7.289512500000000000e+04,-1.704917908632716164e+07
1.084000000000000075e+00,-1.781349025105575379e+02,1.065072273116067514e+01,-3.944680371490444770e+01,-8.160698242187500000e+03,6.754822387695312500e+02,3.895889404296875000e+03,2.530023753643035889e-01,7.230067253112792969e-02,2.866922318935394287e-01,2.852437198162078857e-01,8.484960238195635895e+01,-1.065072273116067514e+01,3.944680371490444770e+01,-9.328530012860117893e+01,0.000000000000000000e+00,0.000000000000000000e+00,2.530023753643035889e-01,7.230067253112792969e-02,2.866922318935394287e-01,2.852437198162078857e-01,8.941410156250000000e+04,4.378584765625000000e+04,4.637163671875000000e+04,7.300272656250000000e+04,-1.708258061803762615e+07
1.084999999999999964e+00,-1.696906026075488114e+02,1.438881770421394535e+01,-4.077936635583878200e+01,-8.152023437500000000e+03,6.755726318359375000e+02,3.903206542968750000e+03,2.575691044330596924e-01,8.932953327894210815e-02,2.727614045143127441e-01,2.754061222076416016e-01,7.640530247894763249e+01,-1.438881770421394535e+01,4.077936635583878200e+01,-9.328530012860117893e+01,0.000000000000000000e+00,0.000000000000000000e+00,2.575691044330596924e-01,8.932953327894210815e-02,2.727614045143127441e-01,2.754061222076416016e-01,8.935050781250000000e+04,4.355957421875000000e+04,4.648308593750000000e+04,7.311667187500000000e+04,-1.711324551344624907e+07
1.086000000000000076e+00,-1.610120013081236152e+02,1.790433309044509258e+01,-4.270238454429846087e+01,-8.140256835937500000e+03,6.758555908203125000e+02,3.916542480468750000e+03,2.606043517589569092e-01,1.084676533937454224e-01,2.570048570632934570e-01,2.639589309692382812e-01,6.772670117952242208e+01,-1.790433309044509258e+01,4.270238454429846087e+01,-9.328530012860117893e+01,0.000000000000000000e+00,0.000000000000000000e+00,2.606043517589569092e-01,1.084676533937454224e-01,2.570048570632934570e-01,2.639589309692382812e-01,8.932182031250000000e+04,4.333206250000000000e+04,4.659339062500000000e+04,7.323161718750000000e+04,-1.714131443680067733e+07
1.086999999999999966e+00,-1.520482859890080931e+02,2.109565311096149642e+01,-4.521025928913854841e+01,-8.122875976562500000e+03,6.753265380859375000e+02,3.916815185546875000e+03,2.633023262023925781e-01,1.286372244358062744e-01,2.390909940004348755e-01,2.505250871181488037e-01,5.876298586040691418e+01,-2.109565311096149642e+01,4.521025928913854841e+01,-9.328530012860117893e+01,0.000000000000000000e+00,0.000000000000000000e+00,2.633023262023925781e-01,1.286372244358062744e-01,2.390909940004348755e-01,2.505250871181488037e-01,8.931363281250000000e+04,4.324774218750000000e+04,4.670567968750000000e+04,7.334404687500000000e+04,-1.716692211219803989e+07
1.088000000000000078e+00,-1.427755107928625762e+02,2.385376060048012192e+01,-4.826602634317874418e+01,-8.100845214843750000e+03,6.729763793945312500e+02,3.892405517578125000e+03,2.666617333889007568e-01,1.493151187896728516e-01,2.189551591873168945e-01,2.349993139505386353e-01,4.949021066426139015e+01,-2.385376060048012192e+01,4.826602634317874418e+01,-9.328530012860117893e+01,0.000000000000000000e+00,0.000000000000000000e+00,2.666617333889007568e-01,1.493151187896728516e-01,2.189551591873168945e-01,2.349993139505386353e-01,8.932045312500000000e+04,4.333192968750000000e+04,4.682230859375000000e+04,7.345236718750000000e+04,-1.719020556987394765e+07
1.088999999999999968e+00,-1.331895667586892102e+02,2.610836485202270296e+01,-5.182713654407056225e+01,-8.078156250000000000e+03,6.689684448242187500e+02,3.883081787109375000e+03,2.714306116104125977e-01,1.701283752918243408e-01,1.969275176525115967e-01,2.176839411258697510e-01,3.990426663008803132e+01,-2.610836485202270296e+01,5.182713654407056225e+01,-9.328530012860117893e+01,0.000000000000000000e+00,0.000000000000000000e+00,2.714306116104125977e-01,1.701283752918243408e-01,1.969275176525115967e-01,2.176839411258697510e-01,8.935378906250000000e+04,4.344598828125000000e+04,4.693658593750000000e+04,7.356337500000000000e+04,-1.721131272936492041e+07
1.090000000000000080e+00,-1.233120934313933788e+02,2.779282600662189751e+01,-5.582738632041672844e+01,-8.060509765625000000e+03,6.642518310546875000e+02,3.890269775390625000e+03,2.756375670433044434e-01,1.910774707794189453e-01,1.744841635227203369e-01,2.003445476293563843e-01,3.002679330279220693e+01,-2.779282600662189751e+01,5.582738632041672844e+01,-9.328530012860117893e+01,0.000000000000000000e+00,0.000000000000000000e+00,2.756375670433044434e-01,1.910774707794189453e-01,1.744841635227203369e-01,2.003445476293563843e-01,8.942261718750000000e+04,4.355714062500000000e+04,4.704798828125000000e+04,7.361567187500000000e+04,-1.723040773999215662e+07
1.090999999999999970e+00,-1.132070943026314467e+02,2.883565571636941627e+01,-6.014613906182134428e+01,-8.052564453125000000e+03,6.609286499023437500e+02,3.889690673828125000e+03,2.792051136493682861e-01,2.116507887840270996e-01,1.524682193994522095e-01,1.837933212518692017e-01,1.992179417403026775e+01,-2.883565571636941627e+01,6.014613906182134428e+01,-9.328530012860117893e+01,0.000000000000000000e+00,0.000000000000000000e+00,2.792051136493682861e-01,2.116507887840270996e-01,1.524682193994522095e-01,1.837933212518692017e-01,8.951842187500000000e+04,4.366995703125000000e+04,4.716051953125000000e+04,7.353566406250000000e+04,-1.724767263927723840e+07
1.092000000000000082e+00,-1.029751287255453178e+02,2.918664566991301967e+01,-6.462494033285491923e+01,-8.055820800781250000e+03,6.622653808593750000e+02,3.879392333984375000e+03,2.834722399711608887e-01,2.313499748706817627e-01,1.312773227691650391e-01,1.681429147720336914e-01,9.689828596944137118e+00,-2.918664566991301967e+01,6.462494033285491923e+01,-9.328530012860117893e+01,0.000000000000000000e+00,0.000000000000000000e+00,2.834722399711608887e-01,2.313499748706817627e-01,1.312773227691650391e-01,1.681429147720336914e-01,8.962911718750000000e+04,4.378428906250000000e+04,4.727460546875000000e+04,7.333036718750000000e+04,-1.726330475961176679e+07
1.092999999999999972e+00,-9.273752842677862418e+01,2.882860899517613973e+01,-6.909070598483901904e+01,-8.068038085937500000e+03,6.684847412109375000e+02,3.867584228515625000e+03,2.885186076164245605e-01,2.499223053455352783e-01,1.117100566625595093e-01,1.540499031543731689e-01,-5.477717018225541912e-01,-2.882860899517613973e+01,6.909070598483901904e+01,-9.328530012860117893e+01,0.000000000000000000e+00,0.000000000000000000e+00,2.885186076164245605e-01,2.499223053455352783e-01,1.117100566625595093e-01,1.540499031543731689e-01,8.973974218750000000e+04,4.389867187500000000e+04,4.728281250000000000e+04,7.310321875000000000e+04,-1.727750962314055488e+07
1.094000000000000083e+00,-8.260677863834220602e+01,2.777313717284287620e+01,-7.339836378507376935e+01,-8.084466308593750000e+03,6.794619750976562500e+02,3.880839599609375000e+03,2.937386035919189453e-01,2.670113146305084229e-01,9.466107934713363647e-02,1.424544900655746460e-01,-1.067852149025896580e+01,-2.777313717284287620e+01,7.339836378507376935e+01,-9.328530012860117893e+01,0.000000000000000000e+00,0.000000000000000000e+00,2.937386035919189453e-01,2.670113146305084229e-01,9.466107934713363647e-02,1.424544900655746460e-01,8.985437500000000000e+04,4.400891406250000000e+04,4.712957421875000000e+04,7.288051562500000000e+04,-1.729049216997230798e+07
1.094999999999999973e+00,-7.269004290692072345e+01,2.605597344187659914e+01,-7.740040878539787172e+01,-8.101150878906250000e+03,6.915821533203125000e+02,3.902352539062500000e+03,2.974377572536468506e-01,2.821703851222991943e-01,8.116778731346130371e-02,1.347202062606811523e-01,-2.059525722168046258e+01,-2.605597344187659914e+01,7.740040878539787172e+01,-9.328530012860117893e+01,0.000000000000000000e+00,0.000000000000000000e+00,2.974377572536468506e-01,2.821703851222991943e-01,8.116778731346130371e-02,1.347202062606811523e-01,8.997054687500000000e+04,4.411806250000000000e+04,4.690091406250000000e+04,7.265917968750000000e+04,-1.730244574934227020e+07
1.096000000000000085e+00,-6.306518693814517462e+01,2.373679196580673789e+01,-8.097895097692995137e+01,-8.114375976562500000e+03,7.019418945312500000e+02,3.930142578125000000e+03,3.003470301628112793e-01,2.952066957950592041e-01,7.129614055156707764e-02,1.308054178953170776e-01,-3.022011319045600786e+01,-2.373679196580673789e+01,8.097895097692995137e+01,-9.328530012860117893e+01,0.000000000000000000e+00,0.000000000000000000e+00,3.003470301628112793e-01,2.952066957950592041e-01,7.129614055156707764e-02,1.308054178953170776e-01,9.008760156250000000e+04,4.422601562500000000e+04,4.667101171875000000e+04,7.243857812500000000e+04,-1.731354399293996394e+07
1.096999999999999975e+00,-5.378134486145734883e+01,2.090975852427258275e+01,-8.402887075037965303e+01,-8.121508789062500000e+03,7.068494262695312500e+02,3.934021484375000000e+03,3.023577332496643066e-01,3.060199022293090820e-01,6.529202312231063843e-02,1.309100687503814697e-01,-3.950395526714383010e+01,-2.090975852427258275e+01,8.402887075037965303e+01,-9.328530012860117893e+01,0.000000000000000000e+00,0.000000000000000000e+00,3.023577332496643066e-01,3.060199022293090820e-01,6.529202312231063843e-02,1.309100687503814697e-01,9.020083593750000000e+04,4.433773046875000000e+04,4.644519140625000000e+04,7.221396875000000000e+04,-1.732393449511619657e+07
1.098000000000000087e+00,-4.483585481407210693e+01,1.767063047631069139e+01,-8.650748608140835927e+01,-8.122939453125000000e+03,7.065167846679687500e+02,3.935801757812500000e+03,3.049587309360504150e-01,3.151031136512756348e-01,6.262860447168350220e-02,1.338868886232376099e-01,-4.844944531452907199e+01,-1.767063047631069139e+01,8.650748608140835927e+01,-9.328530012860117893e+01,0.000000000000000000e+00,0.000000000000000000e+00,3.049587309360504150e-01,3.151031136512756348e-01,6.262860447168350220e-02,1.338868886232376099e-01,9.031354687500000000e+04,4.444997656250000000e+04,4.621999218750000000e+04,7.198912500000000000e+04,-1.733374054532266036e+07
1.098999999999999977e+00,-3.618802692369177265e+01,1.410984530976368845e+01,-8.840424818493676185e+01,-8.124906738281250000e+03,7.017377319335937500e+02,3.942117431640625000e+03,3.068071305751800537e-01,3.224061131477355957e-01,6.377218663692474365e-02,1.402139216661453247e-01,-5.709727320490940627e+01,-1.410984530976368845e+01,8.840424818493676185e+01,-9.328530012860117893e+01,0.000000000000000000e+00,0.000000000000000000e+00,3.068071305751800537e-01,3.224061131477355957e-01,6.377218663692474365e-02,1.402139216661453247e-01,9.042720312500000000e+04,4.456164062500000000e+04,4.599392187500000000e+04,7.176532031250000000e+04,-1.734306451744709909e+07
1.100000000000000089e+00,-2.777025062831573621e+01,1.030549080404231788e+01,-8.972469840896175697e+01,-8.135057617187500000e+03,6.947734985351562500e+02,3.960112548828125000e+03,3.075238466262817383e-01,3.281237483024597168e-01,6.888631731271743774e-02,1.497169882059097290e-01,-6.551504950028544272e+01,-1.030549080404231788e+01,8.972469840896175697e+01,-9.328530012860117893e+01,0.000000000000000000e+00,0.000000000000000000e+00,3.075238466262817383e-01,3.281237483024597168e-01,6.888631731271743774e-02,1.497169882059097290e-01,9.054260937500000000e+04,4.467119921875000000e+04,4.576573828125000000e+04,7.154337500000000000e+04,-1.735199242891234905e+07
1.100999999999999979e+00,-1.950140130179214282e+01,6.361921125700309432e+00,-9.046057721438207011e+01,-8.158796875000000000e+03,6.891896972656250000e+02,3.953972167968750000e+03,3.068721592426300049e-01,3.325098156929016113e-01,7.815279811620712280e-02,1.621149778366088867e-01,-7.378389882680903611e+01,-6.361921125700309432e+00,9.046057721438207011e+01,-9.328530012860117893e+01,0.000000000000000000e+00,0.000000000000000000e+00,3.068721592426300049e-01,3.325098156929016113e-01,7.815279811620712280e-02,1.621149778366088867e-01,9.065421093750000000e+04,4.478456250000000000e+04,4.554149218750000000e+04,7.131710937500000000e+04,-1.736059632363545150e+07
1.102000000000000091e+00,-1.129125479842682012e+01,2.385779346747023855e+00,-9.060892559197564822e+01,-8.195532226562500000e+03,6.901544189453125000e+02,3.922031250000000000e+03,3.072683513164520264e-01,3.371791541576385498e-01,9.028337150812149048e-02,1.749051511287689209e-01,-8.199404533017435881e+01,-2.385779346747023855e+00,9.060892559197564822e+01,-9.328530012860117893e+01,0.000000000000000000e+00,0.000000000000000000e+00,3.072683513164520264e-01,3.371791541576385498e-01,9.028337150812149048e-02,1.749051511287689209e-01,9.076126562500000000e+04,4.490248046875000000e+04,4.532188671875000000e+04,7.108651562500000000e+04,-1.736893948541039973e+07
1.102999999999999980e+00,-3.047493459315703035e+00,-1.546146851104680087e+00,-9.017505224940128983e+01,-8.243667968750000000e+03,6.998950805664062500e+02,3.896844238281250000e+03,3.093262612819671631e-01,3.431030809879302979e-01,1.045516505837440491e-01,1.869033724069595337e-01,-9.023780666928547589e+01,1.546146851104680087e+00,9.017505224940128983e+01,-9.328530012860117893e+01,0.000000000000000000e+00,0.000000000000000000e+00,3.093262612819671631e-01,3.431030809879302979e-01,1.045516505837440491e-01,1.869033724069595337e-01,9.086973437500000000e+04,4.501938281250000000e+04,4.510108984375000000e+04,7.086850781250000000e+04,-1.737708270324505121e+07
1.104000000000000092e+00,5.315506595942082413e+00,-5.369051998426519923e+00,-8.915944859392919852e+01,-8.298415039062500000e+03,7.169905395507812500e+02,3.892975097656250000e+03,3.113722205162048340e-01,3.497874438762664795e-01,1.212294995784759521e-01,1.988102942705154419e-01,-9.860080672454326134e+01,5.369051998426519923e+00,8.915944859392919852e+01,-9.328530012860117893e+01,0.000000000000000000e+00,0.000000000000000000e+00,3.113722205162048340e-01,3.497874438762664795e-01,1.212294995784759521e-01,1.988102942705154419e-01,9.098146093750000000e+04,4.513257421875000000e+04,4.494383593750000000e+04,7.075120312500000000e+04,-1.738508919184835628e+07
1.104999999999999982e+00,1.387085050854290103e+01,-9.008620672787333916e+00,-8.755927568435906494e+01,-8.351638671875000000e+03,7.374252319335937500e+02,3.905147949218750000e+03,3.121684789657592773e-01,3.566097319126129150e-01,1.399123519659042358e-01,2.109503597021102905e-01,-1.071561506371440800e+02,9.008620672787333916e+00,8.755927568435906494e+01,-9.328530012860117893e+01,0.000000000000000000e+00,0.000000000000000000e+00,3.121684789657592773e-01,3.566097319126129150e-01,1.399123519659042358e-01,2.109503597021102905e-01,9.109619531250000000e+04,4.524287890625000000e+04,4.492229687500000000e+04,7.072956250000000000e+04,-1.739302937434698269e+07
1.106000000000000094e+00,2.267233193321169438e+01,-1.234832013224618663e+01,-8.538842751605886860e+01,-8.395667968750000000e+03,7.580541992187500000e+02,3.893123779296875000e+03,3.111223578453063965e-01,3.631313443183898926e-01,1.592270284891128540e-01,2.231383919715881348e-01,-1.159576320618128733e+02,1.234832013224618663e+01,8.538842751605886860e+01,-9.328530012860117893e+01,0.000000000000000000e+00,0.000000000000000000e+00,3.111223578453063965e-01,3.631313443183898926e-01,1.592270284891128540e-01,2.231383919715881348e-01,9.120654687500000000e+04,4.535746484375000000e+04,4.503701171875000000e+04,7.079510156250000000e+04,-1.740098707354602590e+07
1.106999999999999984e+00,3.175116305108495851e+01,-1.530810807738010837e+01,-8.266760347530126296e+01,-8.424819335937500000e+03,7.756181640625000000e+02,3.894259277343750000e+03,3.096388578414916992e-01,3.703432083129882812e-01,1.764081865549087524e-01,2.337781041860580444e-01,-1.250364631796861374e+02,1.530810807738010837e+01,8.266760347530126296e+01,-9.328530012860117893e+01,0.000000000000000000e+00,0.000000000000000000e+00,3.096388578414916992e-01,3.703432083129882812e-01,1.764081865549087524e-01,2.337781041860580444e-01,9.131950000000000000e+04,4.546999218750000000e+04,4.514947265625000000e+04,7.090764062500000000e+04,-1.740906348073837906e+07
1.108000000000000096e+00,4.111374815654379233e+01,-1.779289786121065475e+01,-7.945064334302745124e+01,-8.442402343750000000e+03,7.854830932617187500e+02,3.884919921875000000e+03,3.048350811004638672e-01,3.763338327407836914e-01,1.910577267408370972e-01,2.445412874221801758e-01,-1.343990482851449713e+02,1.779289786121065475e+01,7.945064334302745124e+01,-9.328530012860117893e+01,0.000000000000000000e+00,0.000000000000000000e+00,3.048350811004638672e-01,3.763338327407836914e-01,1.910577267408370972e-01,2.445412874221801758e-01,9.143029687500000000e+04,4.558411328125000000e+04,4.526351171875000000e+04,7.101847656250000000e+04,-1.741738281296778098e+07
1.108999999999999986e+00,5.074931617188174471e+01,-1.974697256734448203e+01,-7.578631449504838713e+01,-8.452567382812500000e+03,7.879534912109375000e+02,3.906594482421875000e+03,2.980197966098785400e-01,3.818079531192779541e-01,2.014956474304199219e-01,2.545260787010192871e-01,-1.440346163004829236e+02,1.974697256734448203e+01,7.578631449504838713e+01,-9.328530012860117893e+01,0.000000000000000000e+00,0.000000000000000000e+00,2.980197966098785400e-01,3.818079531192779541e-01,2.014956474304199219e-01,2.545260787010192871e-01,9.154671875000000000e+04,4.569284765625000000e+04,4.537223046875000000e+04,7.113464062500000000e+04,-1.742609181445001066e+07
1.110000000000000098e+00,6.061070901842261094e+01,-2.108403715958758795e+01,-7.179233884336302651e+01,-8.464210937500000000e+03,7.853137207031250000e+02,3.899872802734375000e+03,2.874241173267364502e-01,3.853906393051147461e-01,2.080862671136856079e-01,2.647168040275573730e-01,-1.538960091470237899e+02,2.108403715958758795e+01,7.179233884336302651e+01,-9.328530012860117893e+01,0.000000000000000000e+00,0.000000000000000000e+00,2.874241173267364502e-01,3.853906393051147461e-01,2.080862671136856079e-01,2.647168040275573730e-01,9.165795312500000000e+04,4.580648046875000000e+04,4.548605078125000000e+04,7.124634375000000000e+04,-1.743536414903727546e+07
1.110999999999999988e+00,7.064458918798437992e+01,-2.176616687870368949e+01,-6.755661503156539993e+01,-8.482543945312500000e+03,7.831823730468750000e+02,3.927773681640625000e+03,2.769199013710021973e-01,3.900385200977325439e-01,2.089537084102630615e-01,2.725064754486083984e-01,-1.639298893165855588e+02,2.176616687870368949e+01,6.755661503156539993e+01,-9.328530012860117893e+01,0.000000000000000000e+00,0.000000000000000000e+00,2.769199013710021973e-01,3.900385200977325439e-01,2.089537084102630615e-01,2.725064754486083984e-01,9.177542968750000000e+04,4.591457421875000000e+04,4.559407031250000000e+04,7.136364843750000000e+04,-1.744539246927392855e+07
1.112000000000000099e+00,8.075779669716844467e+01,-2.174674765915255747e+01,-6.325406444905294734e+01,-8.514314453125000000e+03,7.831602783203125000e+02,3.922253173828125000e+03,2.640883922576904297e-01,3.939356803894042969e-01,2.053150087594985962e-01,2.788918018341064453e-01,-1.740430968257696236e+02,2.174674765915255747e+01,6.325406444905294734e+01,-9.328530012860117893e+01,0.000000000000000000e+00,0.000000000000000000e+00,2.640883922576904297e-01,3.939356803894042969e-01,2.053150087594985962e-01,2.788918018341064453e-01,9.182373437500000000e+04,4.602808984375000000e+04,4.570750000000000000e+04,7.147510156250000000e+04,-1.745638828870438412e+07
1.112999999999999989e+00,-2.691356505409708006e+02,-2.102196024994616153e+01,-5.900701079544205641e+01,-8.553824218750000000e+03,7.874401245117187500e+02,3.946320800781250000e+03,2.526906728744506836e-01,3.999950587749481201e-01,1.955861598253250122e-01,2.814522385597229004e-01,1.758503504123696075e+02,2.102196024994616153e+01,5.900701079544205641e+01,-9.328530012860117893e+01,0.000000000000000000e+00,0.000000000000000000e+00,2.526906728744506836e-01,3.999950587749481201e-01,1.955861598253250122e-01,2.814522385597229004e-01,9.187624218750000000e+04,4.613647265625000000e+04,4.581580468750000000e+04,7.159147656250000000e+04,-1.753274603723226115e+07
1.114000000000000101e+00,-2.591471538970588426e+02,-1.961427949327890374e+01,-5.501178119208178430e+01,-8.597128906250000000e+03,7.945452270507812500e+02,3.926323974609375000e+03,2.540642917156219482e-01,-3.407250344753265381e-02,3.046278357505798340e-01,2.728016078472137451e-01,1.658618537684576495e+02,1.961427949327890374e+01,5.501178119208178430e+01,-9.328530012860117893e+01,0.000000000000000000e+00,0.000000000000000000e+00,2.540642917156219482e-01,0.000000000000000000e+00,3.046278357505798340e-01,2.728016078472137451e-01,9.174749218750000000e+04,4.625221093750000000e+04,4.593178125000000000e+04,7.170064062500000000e+04,-1.760331430063517392e+07
1.114999999999999991e+00,-2.493414736623082604e+02,-1.756420217184123445e+01,-5.134285265956378197e+01,-8.631975585937500000e+03,8.034113159179687500e+02,3.959696044921875000e+03,2.500376701354980469e-01,-2.499678730964660645e-02,3.113638162612915039e-01,2.796235084533691406e-01,1.560561735337070957e+02,1.756420217184123445e+01,5.134285265956378197e+01,-9.328530012860117893e+01,0.000000000000000000e+00,0.000000000000000000e+00,2.500376701354980469e-01,0.000000000000000000e+00,3.113638162612915039e-01,2.796235084533691406e-01,9.164085156250000000e+04,4.602175390625000000e+04,4.603892968750000000e+04,7.181898437500000000e+04,-1.766843006084042042e+07
1.116000000000000103e+00,-2.397793199697313185e+02,-1.494589801665638973e+01,-4.811907552558430723e+01,-8.655708984375000000e+03,8.086875000000000000e+02,3.976057128906250000e+03,2.456033527851104736e-01,-1.305687427520751953e-02,3.168418705463409424e-01,2.859005630016326904e-01,1.464940198411301537e+02,1.494589801665638973e+01,4.811907552558430723e+01,-9.328530012860117893e+01,0.000000000000000000e+00,0.000000000000000000e+00,2.456033527851104736e-01,0.000000000000000000e+00,3.168418705463409424e-01,2.859005630016326904e-01,9.153360937500000000e+04,4.579403515625000000e+04,4.614876171875000000e+04,7.193443750000000000e+04,-1.772846300842252746e+07
1.116999999999999993e+00,-2.304801243100684474e+02,-1.183198816698839906e+01,-4.538904599559872821e+01,-8.663000000000000000e+03,8.079113159179687500e+02,4.015844238281250000e+03,2.429171800613403320e-01,-7.748249918222427368e-04,3.200082778930664062e-01,2.905903756618499756e-01,1.371948241814672826e+02,1.183198816698839906e+01,4.538904599559872821e+01,-9.328530012860117893e+01,0.000000000000000000e+00,0.000000000000000000e+00,2.429171800613403320e-01,0.000000000000000000e+00,3.200082778930664062e-01,2.905903756618499756e-01,9.137200000000000000e+04,4.556223828125000000e+04,4.625445312500000000e+04,7.205345312500000000e+04,-1.778378425756488740e+07
1.118000000000000105e+00,-2.214417927076272008e+02,-8.350249047679062286e+00,-4.323052683807794239e+01,-8.656247070312500000e+03,7.979285278320312500e+02,4.004016845703125000e+03,2.407332807779312134e-01,1.261334680020809174e-02,3.210909962654113770e-01,2.942098379135131836e-01,1.281564925790260361e+02,8.350249047679062286e+00,4.323052683807794239e+01,-9.328530012860117893e+01,0.000000000000000000e+00,0.000000000000000000e+00,2.407332807779312134e-01,1.261334680020809174e-02,3.210909962654113770e-01,2.942098379135131836e-01,9.118601562500000000e+04,4.533890625000000000e+04,4.636894140625000000e+04,7.216383593750000000e+04,-1.783475933023231104e+07
1.118999999999999995e+00,-2.126215543260718448e+02,-4.587570570857498531e+00,-4.164702710599365076e+01,-8.638082031250000000e+03,7.823012084960937500e+02,4.006500000000000000e+03,2.412433177232742310e-01,2.473695389926433563e-02,3.191508948802947998e-01,2.954255044460296631e-01,1.193362541974706659e+02,4.587570570857498531e+00,4.164702710599365076e+01,-9.328530012860117893e+01,0.000000000000000000e+00,0.000000000000000000e+00,2.412433177232742310e-01,2.473695389926433563e-02,3.191508948802947998e-01,2.954255044460296631e-01,9.100684375000000000e+04,4.511356250000000000e+04,4.648127734375000000e+04,7.227673437500000000e+04,-1.788172277626685426e+07
1.120000000000000107e+00,-2.039536478938032360e+02,-6.377186692875619345e-01,-4.064519767526399363e+01,-8.618576171875000000e+03,7.629168090820312500e+02,4.006472900390625000e+03,2.422657310962677002e-01,3.769145160913467407e-02,3.149569630622863770e-01,2.951301932334899902e-01,1.106683477652020429e+02,6.377186692875619345e-01,4.064519767526399363e+01,-9.328530012860117893e+01,0.000000000000000000e+00,0.000000000000000000e+00,2.422657310962677002e-01,3.769145160913467407e-02,3.149569630622863770e-01,2.951301932334899902e-01,9.081563281250000000e+04,4.488859375000000000e+04,4.659389062500000000e+04,7.238952343750000000e+04,-1.792497230553520471e+07
1.120999999999999996e+00,-1.953573988772663483e+02,3.437807342168299307e+00,-4.022163745913825039e+01,-8.602934570312500000e+03,7.429982299804687500e+02,4.033448974609375000e+03,2.440522909164428711e-01,5.127268284559249878e-02,3.083939552307128906e-01,2.928814291954040527e-01,1.020720987486651694e+02,-3.437807342168299307e+00,4.022163745913825039e+01,-9.328530012860117893e+01,0.000000000000000000e+00,0.000000000000000000e+00,2.440522909164428711e-01,5.127268284559249878e-02,3.083939552307128906e-01,2.928814291954040527e-01,9.064449218750000000e+04,4.465894921875000000e+04,4.670182031250000000e+04,7.250671875000000000e+04,-1.796476641747051105e+07
1.122000000000000108e+00,-1.867431797537767011e+02,7.519893797379326728e+00,-4.039671979802525925e+01,-8.593854492187500000e+03,7.249307861328125000e+02,4.024873535156250000e+03,2.452302277088165283e-01,6.650778651237487793e-02,2.998319864273071289e-01,2.890383303165435791e-01,9.345787962517553638e+01,-7.519893797379326728e+00,4.039671979802525925e+01,-9.328530012860117893e+01,0.000000000000000000e+00,0.000000000000000000e+00,2.452302277088165283e-01,6.650778651237487793e-02,2.998319864273071289e-01,2.890383303165435791e-01,9.047156250000000000e+04,4.443507031250000000e+04,4.681560156250000000e+04,7.261765625000000000e+04,-1.800132787642822787e+07
1.122999999999999998e+00,-1.780241198719680824e+02,1.151201934539961158e+01,-4.118139500895770766e+01,-8.585641601562500000e+03,7.117850341796875000e+02,4.007502441406250000e+03,2.479799687862396240e-01,8.224380016326904297e-02,2.883487343788146973e-01,2.820782661437988281e-01,8.473881974336688927e+01,-1.151201934539961158e+01,4.118139500895770766e+01,-9.328530012860117893e+01,0.000000000000000000e+00,0.000000000000000000e+00,2.479799687862396240e-01,8.224380016326904297e-02,2.883487343788146973e-01,2.820782661437988281e-01,9.032258593750000000e+04,4.421305468750000000e+04,4.693120312500000000e+04,7.272713281250000000e+04,-1.803484889756871015e+07
1.124000000000000110e+00,-1.691185910077164181e+02,1.532586169765765760e+01,-4.258414047355068988e+01,-8.576228515625000000e+03,7.023163452148437500e+02,3.992962158203125000e+03,2.513125538825988770e-01,9.937882423400878906e-02,2.741558253765106201e-01,2.723309993743896484e-01,7.583329087911525335e+01,-1.532586169765765760e+01,4.258414047355068988e+01,-9.328530012860117893e+01,0.000000000000000000e+00,0.000000000000000000e+00,2.513125538825988770e-01,9.937882423400878906e-02,2.741558253765106201e-01,2.723309993743896484e-01,9.017775000000000000e+04,4.399048046875000000e+04,4.704631250000000000e+04,7.283725000000000000e+04,-1.806549828644979373e+07
1.125000000000000000e+00,-1.599544064586930858e+02,1.890067705413519050e+01,-4.461899935814876272e+01,-8.561450195312500000e+03,6.936170654296875000e+02,4.013674560546875000e+03,2.546457052230834961e-01,1.180003136396408081e-01,2.574404478073120117e-01,2.601316869258880615e-01,6.666910633009192111e+01,-1.890067705413519050e+01,4.461899935814876272e+01,-9.328530012860117893e+01,0.000000000000000000e+00,0.000000000000000000e+00,2.546457052230834961e-01,1.180003136396408081e-01,2.574404478073120117e-01,2.601316869258880615e-01,9.008593750000000000e+04,4.381308593750000000e+04,4.715541015625000000e+04,7.295353125000000000e+04,-1.809343178929217532e+07
1.125999999999999890e+00,-1.504766087292674399e+02,2.212391570373058158e+01,-4.727804895056021905e+01,-8.541935546875000000e+03,6.820206909179687500e+02,4.019305175781250000e+03,2.563842535018920898e-01,1.381602883338928223e-01,2.388508915901184082e-01,2.465262562036514282e-01,5.719130860066626809e+01,-2.212391570373058158e+01,4.727804895056021905e+01,-9.328530012860117893e+01,0.000000000000000000e+00,0.000000000000000000e+00,2.563842535018920898e-01,1.381602883338928223e-01,2.388508915901184082e-01,2.465262562036514282e-01,8.999393750000000000e+04,4.364234765625000000e+04,4.726680468750000000e+04,7.306704687500000000e+04,-1.811879968062547222e+07
1.127000000000000002e+00,-1.406608255517610644e+02,2.488104912657431100e+01,-5.052338323332158154e+01,-8.517356445312500000e+03,6.688270874023437500e+02,4.004868652343750000e+03,2.588654160499572754e-01,1.586757898330688477e-01,2.179336994886398315e-01,2.308232039213180542e-01,4.737552542315989257e+01,-2.488104912657431100e+01,5.052338323332158154e+01,-9.328530012860117893e+01,0.000000000000000000e+00,0.000000000000000000e+00,2.588654160499572754e-01,1.586757898330688477e-01,2.179336994886398315e-01,2.308232039213180542e-01,8.992454687500000000e+04,4.375750781250000000e+04,4.738168750000000000e+04,7.317697656250000000e+04,-1.814175682732935622e+07
1.127999999999999892e+00,-1.305169076213520327e+02,2.707392921621181259e+01,-5.428170010762067932e+01,-8.493431640625000000e+03,6.534614868164062500e+02,3.977843994140625000e+03,2.625960707664489746e-01,1.793797016143798828e-01,1.951501220464706421e-01,2.134673446416854858e-01,3.723160749275086090e+01,-2.707392921621181259e+01,5.428170010762067932e+01,-9.328530012860117893e+01,0.000000000000000000e+00,0.000000000000000000e+00,2.625960707664489746e-01,1.793797016143798828e-01,1.951501220464706421e-01,2.134673446416854858e-01,8.986732812500000000e+04,4.387460156250000000e+04,4.749893750000000000e+04,7.328488281250000000e+04,-1.816247099111417308e+07
1.129000000000000004e+00,-1.200764867463384320e+02,2.864131234742503196e+01,-5.847722316980880919e+01,-8.475591796875000000e+03,6.384167480468750000e+02,3.979301513671875000e+03,2.673434913158416748e-01,1.999445557594299316e-01,1.715289354324340820e-01,1.955374330282211304e-01,2.679118661773724952e+01,-2.864131234742503196e+01,5.847722316980880919e+01,-9.328530012860117893e+01,0.000000000000000000e+00,0.000000000000000000e+00,2.673434913158416748e-01,1.999445557594299316e-01,1.715289354324340820e-01,1.955374330282211304e-01,8.986042187500000000e+04,4.398670703125000000e+04,4.761133984375000000e+04,7.331135937500000000e+04,-1.818112926418615133e+07
1.129999999999999893e+00,-1.094175175769256754e+02,2.951591152493513448e+01,-6.297449240809078930e+01,-8.468847656250000000e+03,6.250617065429687500e+02,3.981133544921875000e+03,2.710069715976715088e-01,2.200679779052734375e-01,1.487700790166854858e-01,1.789904236793518066e-01,1.613221744832450000e+01,-2.951591152493513448e+01,6.297449240809078930e+01,-9.328530012860117893e+01,0.000000000000000000e+00,0.000000000000000000e+00,2.710069715976715088e-01,2.200679779052734375e-01,1.487700790166854858e-01,1.789904236793518066e-01,8.985389843750000000e+04,4.409894140625000000e+04,4.772353515625000000e+04,7.333736718750000000e+04,-1.819793843306605145e+07
1.131000000000000005e+00,-9.865490388127739152e+01,2.965299467602223515e+01,-6.760155378178188812e+01,-8.473778320312500000e+03,6.165212402343750000e+02,3.982124267578125000e+03,2.750416994094848633e-01,2.391501665115356445e-01,1.273148059844970703e-01,1.639412641525268555e-01,5.369603752676217923e+00,-2.965299467602223515e+01,6.760155378178188812e+01,-9.328530012860117893e+01,0.000000000000000000e+00,0.000000000000000000e+00,2.750416994094848633e-01,2.391501665115356445e-01,1.273148059844970703e-01,1.639412641525268555e-01,8.988099218750000000e+04,4.421150390625000000e+04,4.783568750000000000e+04,7.311230468750000000e+04,-1.821312049329284206e+07
1.131999999999999895e+00,-8.793607429160765321e+01,2.904089179826520706e+01,-7.214638062650155348e+01,-8.487043945312500000e+03,6.130073242187500000e+02,3.964863525390625000e+03,2.794441580772399902e-01,2.568708062171936035e-01,1.080156341195106506e-01,1.511254012584686279e-01,-5.349225836993520389e+00,-2.904089179826520706e+01,7.214638062650155348e+01,-9.328530012860117893e+01,0.000000000000000000e+00,0.000000000000000000e+00,2.794441580772399902e-01,2.568708062171936035e-01,1.080156341195106506e-01,1.511254012584686279e-01,8.993049218750000000e+04,4.432692968750000000e+04,4.795110156250000000e+04,7.288415625000000000e+04,-1.822690172008860484e+07
1.133000000000000007e+00,-7.738426981225158841e+01,2.770650802335093488e+01,-7.645131142999987617e+01,-8.501647460937500000e+03,6.130046386718750000e+02,3.972266601562500000e+03,2.849851846694946289e-01,2.730641365051269531e-01,9.126950800418853760e-02,1.406957954168319702e-01,-1.590103031634958874e+01,-2.770650802335093488e+01,7.645131142999987617e+01,-9.328530012860117893e+01,0.000000000000000000e+00,0.000000000000000000e+00,2.849851846694946289e-01,2.730641365051269531e-01,9.126950800418853760e-02,1.406957954168319702e-01,9.004222656250000000e+04,4.443801171875000000e+04,4.775320703125000000e+04,7.266025000000000000e+04,-1.823950249890919402e+07
1.133999999999999897e+00,-6.710870314488127519e+01,2.570501941855191674e+01,-8.036401203997287723e+01,-8.512843750000000000e+03,6.129957275390625000e+02,3.984242431640625000e+03,2.890382111072540283e-01,2.871039211750030518e-01,7.844205200672149658e-02,1.345762610435485840e-01,-2.617659698371990373e+01,-2.570501941855191674e+01,8.036401203997287723e+01,-9.328530012860117893e+01,0.000000000000000000e+00,0.000000000000000000e+00,2.890382111072540283e-01,2.871039211750030518e-01,7.844205200672149658e-02,1.345762610435485840e-01,9.015222656250000000e+04,4.454864062500000000e+04,4.755910156250000000e+04,7.243740625000000000e+04,-1.825112519940144941e+07
1.135000000000000009e+00,-5.717061744321978267e+01,2.310715323091547546e+01,-8.379020618849889956e+01,-8.518101562500000000e+03,6.094187622070312500e+02,4.017374755859375000e+03,2.924357056617736816e-01,2.989575266838073730e-01,6.946764141321182251e-02,1.324872374534606934e-01,-3.611468268538139625e+01,-2.310715323091547546e+01,8.379020618849889956e+01,-9.328530012860117893e+01,0.000000000000000000e+00,0.000000000000000000e+00,2.924357056617736816e-01,2.989575266838073730e-01,6.946764141321182251e-02,1.324872374534606934e-01,9.027017968750000000e+04,4.465582421875000000e+04,4.732842578125000000e+04,7.221795312500000000e+04,-1.826194841808383539e+07
1.135999999999999899e+00,-4.760003649637901901e+01,2.001864769085637263e+01,-8.663930025527432122e+01,-8.519325195312500000e+03,5.994447021484375000e+02,4.028439208984375000e+03,2.939783036708831787e-01,3.082242310047149658e-01,6.496305763721466064e-02,1.352568566799163818e-01,-4.568526363222215991e+01,-2.001864769085637263e+01,8.663930025527432122e+01,-9.328530012860117893e+01,0.000000000000000000e+00,0.000000000000000000e+00,2.939783036708831787e-01,3.082242310047149658e-01,6.496305763721466064e-02,1.352568566799163818e-01,9.038459375000000000e+04,4.476650390625000000e+04,4.710125390625000000e+04,7.199453125000000000e+04,-1.827212129616238549e+07
1.137000000000000011e+00,-3.837677385543113218e+01,1.655141188160656895e+01,-8.887167632422678309e+01,-8.518895507812500000e+03,5.841178588867187500e+02,4.025182373046875000e+03,2.958067059516906738e-01,3.157182037830352783e-01,6.408908218145370483e-02,1.411008685827255249e-01,-5.490852627317004675e+01,-1.655141188160656895e+01,8.887167632422678309e+01,-9.328530012860117893e+01,0.000000000000000000e+00,0.000000000000000000e+00,2.958067059516906738e-01,3.157182037830352783e-01,6.408908218145370483e-02,1.411008685827255249e-01,9.049646875000000000e+04,4.487935937500000000e+04,4.687676562500000000e+04,7.176872656250000000e+04,-1.828176619702189043e+07
1.137999999999999901e+00,-2.944268201341304803e+01,1.281971564029163879e+01,-9.047511786106704790e+01,-8.523819335937500000e+03,5.663963012695312500e+02,4.004955078125000000e+03,2.973974347114562988e-01,3.217502534389495850e-01,6.687937676906585693e-02,1.497502624988555908e-01,-6.384261811518813090e+01,-1.281971564029163879e+01,9.047511786106704790e+01,-9.328530012860117893e+01,0.000000000000000000e+00,0.000000000000000000e+00,2.973974347114562988e-01,3.217502534389495850e-01,6.687937676906585693e-02,1.497502624988555908e-01,9.060569531250000000e+04,4.499539453125000000e+04,4.665523046875000000e+04,7.154023437500000000e+04,-1.829098316060710698e+07
1.139000000000000012e+00,-2.071104480773188072e+01,8.901381292077063634e+00,-9.146609755243426321e+01,-8.541268554687500000e+03,5.512204589843750000e+02,4.003312500000000000e+03,2.989900112152099609e-01,3.270232379436492920e-01,7.301427423954010010e-02,1.603064686059951782e-01,-7.257425532086929820e+01,-8.901381292077063634e+00,9.146609755243426321e+01,-9.328530012860117893e+01,0.000000000000000000e+00,0.000000000000000000e+00,2.989900112152099609e-01,3.270232379436492920e-01,7.301427423954010010e-02,1.603064686059951782e-01,9.071781250000000000e+04,4.510835937500000000e+04,4.643045703125000000e+04,7.131512500000000000e+04,-1.829985738957451284e+07
1.139999999999999902e+00,-1.208539658777294790e+01,4.882061800195756973e+00,-9.185040227824397618e+01,-8.575957031250000000e+03,5.407117309570312500e+02,4.004815673828125000e+03,2.988683879375457764e-01,3.313324749469757080e-01,8.321263641119003296e-02,1.734542399644851685e-01,-8.119990354082823103e+01,-4.882061800195756973e+00,9.185040227824397618e+01,-9.328530012860117893e+01,0.000000000000000000e+00,0.000000000000000000e+00,2.988683879375457764e-01,3.313324749469757080e-01,8.321263641119003296e-02,1.734542399644851685e-01,9.083070312500000000e+04,4.522062890625000000e+04,4.620494140625000000e+04,7.109043750000000000e+04,-1.830846377731129155e+07
1.141000000000000014e+00,-3.467354090949257284e+00,8.674446019139292474e-01,-9.162584237553303979e+01,-8.625772460937500000e+03,5.384987182617187500e+02,3.988491455078125000e+03,2.983324527740478516e-01,3.356258571147918701e-01,9.682298451662063599e-02,1.876916289329528809e-01,-8.981794603765192164e+01,-8.674446019139292474e-01,9.162584237553303979e+01,-9.328530012860117893e+01,0.000000000000000000e+00,0.000000000000000000e+00,2.983324527740478516e-01,3.356258571147918701e-01,9.682298451662063599e-02,1.876916289329528809e-01,9.094034375000000000e+04,4.533566015625000000e+04,4.598244531250000000e+04,7.086257812500000000e+04,-1.831687184730684757e+07
1.141999999999999904e+00,5.233344033740380041e+00,-3.035256567720062026e+00,-9.079526409671491649e+01,-8.681465820312500000e+03,5.452526855468750000e+02,3.956470947265625000e+03,2.990658283233642578e-01,3.412539660930633545e-01,1.125802248716354370e-01,2.010641694068908691e-01,-9.851864416234155897e+01,3.035256567720062026e+00,9.079526409671491649e+01,-9.328530012860117893e+01,0.000000000000000000e+00,0.000000000000000000e+00,2.990658283233642578e-01,3.412539660930633545e-01,1.125802248716354370e-01,2.010641694068908691e-01,9.104770312500000000e+04,4.545364843750000000e+04,4.576289843750000000e+04,7.063743750000000000e+04,-1.832515222796144709e+07
1.143000000000000016e+00,1.409436713910176309e+01,-6.737501475098772730e+00,-8.936680405844164454e+01,-8.735788085937500000e+03,5.582768554687500000e+02,3.930704101562500000e+03,3.011023998260498047e-01,3.485549688339233398e-01,1.295383125543594360e-01,2.129214853048324585e-01,-1.073796672677029420e+02,6.737501475098772730e+00,8.936680405844164454e+01,-9.328530012860117893e+01,0.000000000000000000e+00,0.000000000000000000e+00,3.011023998260498047e-01,3.485549688339233398e-01,1.295383125543594360e-01,2.129214853048324585e-01,9.115575000000000000e+04,4.557064843750000000e+04,4.565896875000000000e+04,7.062877343750000000e+04,-1.833338269874024391e+07
1.143999999999999906e+00,2.317482707224451133e+01,-1.017861012274871158e+01,-8.734503291358053900e+01,-8.779389648437500000e+03,5.715784301757812500e+02,3.942514160156250000e+03,3.025337457656860352e-01,3.565594553947448730e-01,1.471448391675949097e-01,2.240310758352279663e-01,-1.164601272008456903e+02,1.017861012274871158e+01,8.734503291358053900e+01,-9.328530012860117893e+01,0.000000000000000000e+00,0.000000000000000000e+00,3.025337457656860352e-01,3.565594553947448730e-01,1.471448391675949097e-01,2.240310758352279663e-01,9.127046875000000000e+04,4.568122656250000000e+04,4.555103125000000000e+04,7.062681250000000000e+04,-1.834165253022877872e+07
1.145000000000000018e+00,3.251441395281440805e+01,-1.325573323514849555e+01,-8.475731937066885280e+01,-8.810243164062500000e+03,5.792066650390625000e+02,3.947518798828125000e+03,3.003696203231811523e-01,3.632165193557739258e-01,1.649398952722549438e-01,2.360023409128189087e-01,-1.257997140814155870e+02,1.325573323514849555e+01,8.475731937066885280e+01,-9.328530012860117893e+01,0.000000000000000000e+00,0.000000000000000000e+00,3.003696203231811523e-01,3.632165193557739258e-01,1.649398952722549438e-01,2.360023409128189087e-01,9.138364062500000000e+04,4.579269531250000000e+04,4.558287109375000000e+04,7.071261718750000000e+04,-1.835006923499397561e+07
1.145999999999999908e+00,4.212869628794344123e+01,-1.588203824656728003e+01,-8.164282808189949492e+01,-8.826878906250000000e+03,5.802968139648437500e+02,3.959373535156250000e+03,2.963044643402099609e-01,3.694520592689514160e-01,1.802641153335571289e-01,2.473877072334289551e-01,-1.354139964165446202e+02,1.588203824656728003e+01,8.164282808189949492e+01,-9.328530012860117893e+01,0.000000000000000000e+00,0.000000000000000000e+00,2.963044643402099609e-01,3.694520592689514160e-01,1.802641153335571289e-01,2.473877072334289551e-01,9.149842187500000000e+04,4.590328906250000000e+04,4.569362890625000000e+04,7.082714843750000000e+04,-1.835876185256097466e+07
1.147000000000000020e+00,5.200391009083317329e+01,-1.795171580227777142e+01,-7.809262461100411201e+01,-8.838146484375000000e+03,5.748579711914062500e+02,3.939457031250000000e+03,2.892463207244873047e-01,3.745622634887695312e-01,1.921460181474685669e-01,2.585940957069396973e-01,-1.452892102194343522e+02,1.795171580227777142e+01,7.809262461100411201e+01,-9.328530012860117893e+01,0.000000000000000000e+00,0.000000000000000000e+00,2.892463207244873047e-01,3.745622634887695312e-01,1.921460181474685669e-01,2.585940957069396973e-01,9.160744531250000000e+04,4.601935156250000000e+04,4.580960937500000000e+04,7.093616406250000000e+04,-1.836788698134459183e+07
1.147999999999999909e+00,6.211354749209753834e+01,-1.941445759162304441e+01,-7.417569482085923482e+01,-8.850791992187500000e+03,5.658932495117187500e+02,3.951904296875000000e+03,2.815496623516082764e-01,3.803440034389495850e-01,1.987614184617996216e-01,2.679952085018157959e-01,-1.553988476206987173e+02,1.941445759162304441e+01,7.417569482085923482e+01,-9.328530012860117893e+01,0.000000000000000000e+00,0.000000000000000000e+00,2.815496623516082764e-01,3.803440034389495850e-01,1.987614184617996216e-01,2.679952085018157959e-01,9.172235937500000000e+04,4.612986718750000000e+04,4.592002734375000000e+04,7.105060937500000000e+04,-1.837762402899237722e+07
1.149000000000000021e+00,7.239577214734809729e+01,-2.020225115117154147e+01,-7.003676940192671907e+01,-8.875516601562500000e+03,5.553789672851562500e+02,3.937785888671875000e+03,2.703844308853149414e-01,3.847167789936065674e-01,2.010469585657119751e-01,2.769497334957122803e-01,-1.656810722759492762e+02,2.020225115117154147e+01,7.003676940192671907e+01,-9.328530012860117893e+01,0.000000000000000000e+00,0.000000000000000000e+00,2.703844308853149414e-01,3.847167789936065674e-01,2.010469585657119751e-01,2.769497334957122803e-01,9.183235937500000000e+04,4.624457421875000000e+04,4.603468359375000000e+04,7.116078906250000000e+04,-1.838817845683702081e+07
1.149999999999999911e+00,8.278257175638371734e+01,-2.028698751015982182e+01,-6.578201520736585906e+01,-8.910328125000000000e+03,5.500223388671875000e+02,3.958703369140625000e+03,2.594652473926544189e-01,3.904941678047180176e-01,1.974915564060211182e-01,2.830823063850402832e-01,-1.760678718849848963e+02,2.028698751015982182e+01,6.578201520736585906e+01,-9.328530012860117893e+01,0.000000000000000000e+00,0.000000000000000000e+00,2.594652473926544189e-01,3.904941678047180176e-01,1.974915564060211182e-01,2.830823063850402832e-01,9.191667187500000000e+04,4.635351171875000000e+04,4.614385546875000000e+04,7.127708593750000000e+04,-1.839977024641060084e+07
1.151000000000000023e+00,-2.668300986668945143e+02,-1.965103838763691968e+01,-6.160224952562904832e+01,-8.955705078125000000e+03,5.495687255859375000e+02,3.945448486328125000e+03,2.466556727886199951e-01,3.958781659603118896e-01,1.892249584197998047e-01,2.869596183300018311e-01,1.735447985382933496e+02,1.965103838763691968e+01,6.160224952562904832e+01,-9.328530012860117893e+01,0.000000000000000000e+00,0.000000000000000000e+00,2.466556727886199951e-01,3.958781659603118896e-01,1.892249584197998047e-01,2.869596183300018311e-01,9.191426562500000000e+04,4.646848828125000000e+04,4.625878125000000000e+04,7.138758593750000000e+04,-1.847514954842151701e+07
1.151999999999999913e+00,-2.565268786750157233e+02,-1.830974010566541210e+01,-5.761166010968165807e+01,-9.001078125000000000e+03,5.546487426757812500e+02,3.970292968750000000e+03,2.538837194442749023e-01,-4.407475888729095459e-02,3.073767125606536865e-01,2.792510688304901123e-01,1.632415785464145301e+02,1.830974010566541210e+01,5.761166010968165807e+01,-9.328530012860117893e+01,0.000000000000000000e+00,0.000000000000000000e+00,2.538837194442749023e-01,0.000000000000000000e+00,3.073767125606536865e-01,2.792510688304901123e-01,9.174894531250000000e+04,4.657699609375000000e+04,4.636720703125000000e+04,7.150410156250000000e+04,-1.854460993786759302e+07
1.153000000000000025e+00,-2.464039382178532378e+02,-1.632340347323783192e+01,-5.398487165556299061e+01,-9.039277343750000000e+03,5.569765014648437500e+02,3.956610107421875000e+03,2.481141388416290283e-01,-3.403319418430328369e-02,3.145613670349121094e-01,2.867626249790191650e-01,1.531186380892520731e+02,1.632340347323783192e+01,5.398487165556299061e+01,-9.328530012860117893e+01,0.000000000000000000e+00,0.000000000000000000e+00,2.481141388416290283e-01,0.000000000000000000e+00,3.145613670349121094e-01,2.867626249790191650e-01,9.158077343750000000e+04,4.669173828125000000e+04,4.648179687500000000e+04,7.161417187500000000e+04,-1.860850565850547701e+07
1.153999999999999915e+00,-2.365117631516693564e+02,-1.375716917914448700e+01,-5.079358352363172457e+01,-9.059931640625000000e+03,5.549351196289062500e+02,3.975879882812500000e+03,2.447135448455810547e-01,-2.385581657290458679e-02,3.197013139724731445e-01,2.926863431930541992e-01,1.432264630230681917e+02,1.375716917914448700e+01,5.079358352363172457e+01,-9.328530012860117893e+01,0.000000000000000000e+00,0.000000000000000000e+00,2.447135448455810547e-01,0.000000000000000000e+00,3.197013139724731445e-01,2.926863431930541992e-01,9.147434375000000000e+04,4.646317968750000000e+04,4.659107421875000000e+04,7.172983593750000000e+04,-1.866721272044558451e+07
1.155000000000000027e+00,-2.268808083504137585e+02,-1.071856117270335318e+01,-4.813159806252973283e+01,-9.062717773437500000e+03,5.457791748046875000e+02,3.966685058593750000e+03,2.414012998342514038e-01,-1.188963651657104492e-02,3.230258226394653320e-01,2.976224422454833984e-01,1.335955082218125654e+02,1.071856117270335318e+01,4.813159806252973283e+01,-9.328530012860117893e+01,0.000000000000000000e+00,0.000000000000000000e+00,2.414012998342514038e-01,0.000000000000000000e+00,3.230258226394653320e-01,2.976224422454833984e-01,9.132396093750000000e+04,4.623974609375000000e+04,4.670537890625000000e+04,7.184108593750000000e+04,-1.872111915992898867e+07
1.155999999999999917e+00,-2.174941195120367183e+02,-7.280901917296493053e+00,-4.601294923494474176e+01,-9.051353515625000000e+03,5.304123535156250000e+02,3.993409667968750000e+03,2.402595132589340210e-01,-1.723766326904296875e-04,3.238272070884704590e-01,3.007449209690093994e-01,1.242088193834355252e+02,7.280901917296493053e+00,4.601294923494474176e+01,-9.328530012860117893e+01,0.000000000000000000e+00,0.000000000000000000e+00,2.402595132589340210e-01,0.000000000000000000e+00,3.238272070884704590e-01,3.007449209690093994e-01,9.115861718750000000e+04,4.601038281250000000e+04,4.681356250000000000e+04,7.195830468750000000e+04,-1.877059305498133227e+07
1.157000000000000028e+00,-2.083087806461467721e+02,-3.561417780493211893e+00,-4.447614435749190420e+01,-9.036356445312500000e+03,5.082477111816406250e+02,3.993704345703125000e+03,2.388964891433715820e-01,1.309577655047178268e-02,3.225727975368499756e-01,3.027308881282806396e-01,1.150234805175455790e+02,3.561417780493211893e+00,4.447614435749190420e+01,-9.328530012860117893e+01,0.000000000000000000e+00,0.000000000000000000e+00,2.388964891433715820e-01,1.309577655047178268e-02,3.225727975368499756e-01,3.027308881282806396e-01,9.096871093750000000e+04,4.578525390625000000e+04,4.692594531250000000e+04,7.207075000000000000e+04,-1.881597641418913379e+07
1.157999999999999918e+00,-1.992560873013793525e+02,3.453345052597615039e-01,-4.353185525501074693e+01,-9.022473632812500000e+03,4.841315612792968750e+02,3.994049804687500000e+03,2.392999976873397827e-01,2.622919529676437378e-02,3.187430202960968018e-01,3.026463687419891357e-01,1.059707871727781878e+02,-3.453345052597615039e-01,4.353185525501074693e+01,-9.328530012860117893e+01,0.000000000000000000e+00,0.000000000000000000e+00,2.392999976873397827e-01,2.622919529676437378e-02,3.187430202960968018e-01,3.026463687419891357e-01,9.077496875000000000e+04,4.555985156250000000e+04,4.703819140625000000e+04,7.218315625000000000e+04,-1.885757454419365153e+07
1.159000000000000030e+00,-1.902527440808944732e+02,4.317498671196300819e+00,-4.319625001312564905e+01,-9.013368164062500000e+03,4.616004943847656250e+02,3.963614257812500000e+03,2.403578907251358032e-01,4.040601477026939392e-02,3.124921321868896484e-01,3.005290031433105469e-01,9.696744395229329427e+01,-4.317498671196300819e+00,4.319625001312564905e+01,-9.328530012860117893e+01,0.000000000000000000e+00,0.000000000000000000e+00,2.403578907251358032e-01,4.040601477026939392e-02,3.124921321868896484e-01,3.005290031433105469e-01,9.057082812500000000e+04,4.533985156250000000e+04,4.715595312500000000e+04,7.229053906250000000e+04,-1.889565520763393492e+07
1.159999999999999920e+00,-1.812109685620065989e+02,8.290073463603604864e+00,-4.347286603575899022e+01,-9.007757812500000000e+03,4.447848205566406250e+02,3.961288330078125000e+03,2.432254105806350708e-01,5.527469888329505920e-02,3.033968508243560791e-01,2.955767214298248291e-01,8.792566843340543414e+01,-8.290073463603604864e+00,4.347286603575899022e+01,-9.328530012860117893e+01,0.000000000000000000e+00,0.000000000000000000e+00,2.432254105806350708e-01,5.527469888329505920e-02,3.033968508243560791e-01,2.955767214298248291e-01,9.037900000000000000e+04,4.511535546875000000e+04,4.726906640625000000e+04,7.240293750000000000e+04,-1.893045123816050962e+07
1.161000000000000032e+00,-1.720431956018365156e+02,1.217449421628026762e+01,-4.437429378278861947e+01,-9.003916992187500000e+03,4.313437805175781250e+02,3.965098876953125000e+03,2.453042864799499512e-01,7.256869971752166748e-02,2.918693721294403076e-01,2.884549796581268311e-01,7.875789547323533668e+01,-1.217449421628026762e+01,4.437429378278861947e+01,-9.328530012860117893e+01,0.000000000000000000e+00,0.000000000000000000e+00,2.453042864799499512e-01,7.256869971752166748e-02,2.918693721294403076e-01,2.884549796581268311e-01,9.020054687500000000e+04,4.488966406250000000e+04,4.738101171875000000e+04,7.251630468750000000e+04,-1.896216739557154477e+07
1.161999999999999922e+00,-1.626701238625186079e+02,1.587763069991021680e+01,-4.591212489584761869e+01,-8.996503906250000000e+03,4.191483459472656250e+02,3.974345214843750000e+03,2.472964823246002197e-01,9.153189510107040405e-02,2.775884866714477539e-01,2.788003087043762207e-01,6.938482373391742897e+01,-1.587763069991021680e+01,4.591212489584761869e+01,-9.328530012860117893e+01,0.000000000000000000e+00,0.000000000000000000e+00,2.472964823246002197e-01,9.153189510107040405e-02,2.775884866714477539e-01,2.788003087043762207e-01,9.004786718750000000e+04,4.466278906250000000e+04,4.749181250000000000e+04,7.263021875000000000e+04,-1.899098898713808507e+07
1.163000000000000034e+00,-1.530327985460875766e+02,1.926610348402169848e+01,-4.807245911793354765e+01,-8.981173828125000000e+03,4.055386962890625000e+02,3.948363037109375000e+03,2.491478621959686279e-01,1.118290647864341736e-01,2.605419158935546875e-01,2.667363584041595459e-01,5.974749841748639057e+01,-1.926610348402169848e+01,4.807245911793354765e+01,-9.328530012860117893e+01,0.000000000000000000e+00,0.000000000000000000e+00,2.491478621959686279e-01,1.118290647864341736e-01,2.605419158935546875e-01,2.667363584041595459e-01,8.990813281250000000e+04,4.444204296875000000e+04,4.760853515625000000e+04,7.273825000000000000e+04,-1.901709016863803566e+07
1.163999999999999924e+00,-1.430907727663582136e+02,2.225128977256695961e+01,-5.083680153670931645e+01,-8.958205078125000000e+03,3.908221435546875000e+02,3.933156982421875000e+03,2.529669404029846191e-01,1.324782371520996094e-01,2.404167503118515015e-01,2.518101930618286133e-01,4.980547263775704891e+01,-2.225128977256695961e+01,5.083680153670931645e+01,-9.328530012860117893e+01,0.000000000000000000e+00,0.000000000000000000e+00,2.529669404029846191e-01,1.324782371520996094e-01,2.404167503118515015e-01,2.518101930618286133e-01,8.978773437500000000e+04,4.421968750000000000e+04,4.772381640625000000e+04,7.284822656250000000e+04,-1.904064463817593455e+07
1.165000000000000036e+00,-1.328262799598133483e+02,2.474178297148771577e+01,-5.416263497577751451e+01,-8.934357421875000000e+03,3.743678894042968750e+02,3.923533447265625000e+03,2.565513551235198975e-01,1.538668572902679443e-01,2.183398157358169556e-01,2.355261892080307007e-01,3.954097983121216231e+01,-2.474178297148771577e+01,5.416263497577751451e+01,-9.328530012860117893e+01,0.000000000000000000e+00,0.000000000000000000e+00,2.565513551235198975e-01,1.538668572902679443e-01,2.183398157358169556e-01,2.355261892080307007e-01,8.971209375000000000e+04,4.430898046875000000e+04,4.783811328125000000e+04,7.295946093750000000e+04,-1.906183320567602664e+07
1.165999999999999925e+00,-1.222449804595950127e+02,2.665937802488551611e+01,-5.798989327592458665e+01,-8.917281250000000000e+03,3.568963317871093750e+02,3.933403320312500000e+03,2.601804733276367188e-01,1.754170358180999756e-01,1.950307041406631470e-01,2.185619622468948364e-01,2.895968033099383021e+01,-2.665937802488551611e+01,5.798989327592458665e+01,-9.328530012860117893e+01,0.000000000000000000e+00,0.000000000000000000e+00,2.601804733276367188e-01,1.754170358180999756e-01,1.950307041406631470e-01,2.185619622468948364e-01,8.964136718750000000e+04,4.439265625000000000e+04,4.794901953125000000e+04,7.307371093750000000e+04,-1.908085059108242020e+07
1.167000000000000037e+00,-1.114117351169924177e+02,2.790826326252309997e+01,-6.217232362390252831e+01,-8.911761718750000000e+03,3.406965942382812500e+02,3.910166015625000000e+03,2.630958557128906250e-01,1.966471970081329346e-01,1.717018932104110718e-01,2.021675705909729004e-01,1.812643498839124234e+01,-2.790826326252309997e+01,6.217232362390252831e+01,-9.328530012860117893e+01,0.000000000000000000e+00,0.000000000000000000e+00,2.630958557128906250e-01,1.966471970081329346e-01,1.717018932104110718e-01,2.021675705909729004e-01,8.959261718750000000e+04,4.450917578125000000e+04,4.806521484375000000e+04,7.318217968750000000e+04,-1.909790743478732556e+07
1.167999999999999927e+00,-1.004185680815645867e+02,2.843740138898039049e+01,-6.656003979475286769e+01,-8.917323242187500000e+03,3.299581604003906250e+02,3.893673583984375000e+03,2.683092355728149414e-01,2.169595360755920410e-01,1.485043913125991821e-01,1.859245002269744873e-01,7.133267952963408653e+00,-2.843740138898039049e+01,6.656003979475286769e+01,-9.328530012860117893e+01,0.000000000000000000e+00,0.000000000000000000e+00,2.683092355728149414e-01,2.169595360755920410e-01,1.485043913125991821e-01,1.859245002269744873e-01,8.957199218750000000e+04,4.462463671875000000e+04,4.818038281250000000e+04,7.324561718750000000e+04,-1.911323024829811603e+07
1.169000000000000039e+00,-8.939017999046116358e+01,2.822256777357320701e+01,-7.096967480309541543e+01,-8.931567382812500000e+03,3.246217041015625000e+02,3.877590332031250000e+03,2.735538780689239502e-01,2.361424565315246582e-01,1.271435618400573730e-01,1.716998368501663208e-01,-3.895120138140012234e+00,-2.822256777357320701e+01,7.096967480309541543e+01,-9.328530012860117893e+01,0.000000000000000000e+00,0.000000000000000000e+00,2.735538780689239502e-01,2.361424565315246582e-01,1.271435618400573730e-01,1.716998368501663208e-01,8.957278906250000000e+04,4.473983593750000000e+04,4.829581250000000000e+04,7.318559375000000000e+04,-1.912705406065023318e+07
1.169999999999999929e+00,-7.844551318366927717e+01,2.726961701158284868e+01,-7.524988721089157195e+01,-8.947735351562500000e+03,3.235418395996093750e+02,3.896402587890625000e+03,2.790076136589050293e-01,2.537598311901092529e-01,1.083787307143211365e-01,1.601417809724807739e-01,-1.483978694493190531e+01,-2.726961701158284868e+01,7.524988721089157195e+01,-9.328530012860117893e+01,0.000000000000000000e+00,0.000000000000000000e+00,2.790076136589050293e-01,2.537598311901092529e-01,1.083787307143211365e-01,1.601417809724807739e-01,8.961637500000000000e+04,4.484898046875000000e+04,4.840537890625000000e+04,7.301009375000000000e+04,-1.913961393672609329e+07
1.171000000000000041e+00,-6.771962860004835250e+01,2.562306263901677639e+01,-7.920413303010408868e+01,-8.960611328125000000e+03,3.222508544921875000e+02,3.894952636718750000e+03,2.824187576770782471e-01,2.691798806190490723e-01,9.350315481424331665e-02,1.529626548290252686e-01,-2.556567152855282643e+01,-2.562306263901677639e+01,7.920413303010408868e+01,-9.328530012860117893e+01,0.000000000000000000e+00,0.000000000000000000e+00,2.824187576770782471e-01,2.691798806190490723e-01,9.350315481424331665e-02,1.529626548290252686e-01,8.969267968750000000e+04,4.496190234375000000e+04,4.835211328125000000e+04,7.278464843750000000e+04,-1.915112972085187584e+07
1.171999999999999931e+00,-5.729737789505161061e+01,2.335226033064624929e+01,-8.270991091773899484e+01,-8.964965820312500000e+03,3.180691223144531250e+02,3.906770507812500000e+03,2.867138385772705078e-01,2.825627624988555908e-01,8.190160244703292847e-02,1.489790529012680054e-01,-3.598792223354956832e+01,-2.335226033064624929e+01,8.270991091773899484e+01,-9.328530012860117893e+01,0.000000000000000000e+00,0.000000000000000000e+00,2.867138385772705078e-01,2.825627624988555908e-01,8.190160244703292847e-02,1.489790529012680054e-01,8.980714062500000000e+04,4.507264062500000000e+04,4.814656640625000000e+04,7.256133593750000000e+04,-1.916179896779209375e+07
1.173000000000000043e+00,-4.722736744934707076e+01,2.056565037473094648e+01,-8.565795280094442887e+01,-8.963608398437500000e+03,3.074141845703125000e+02,3.895524169921875000e+03,2.896130681037902832e-01,2.934798300266265869e-01,7.448409497737884521e-02,1.494912058115005493e-01,-4.605793267925410817e+01,-2.056565037473094648e+01,8.565795280094442887e+01,-9.328530012860117893e+01,0.000000000000000000e+00,0.000000000000000000e+00,2.896130681037902832e-01,2.934798300266265869e-01,7.448409497737884521e-02,1.494912058115005493e-01,8.991775781250000000e+04,4.518702734375000000e+04,4.792317968750000000e+04,7.233428125000000000e+04,-1.917178962288167328e+07
1.173999999999999932e+00,-3.749635673968462157e+01,1.735194560163213140e+01,-8.801850220448902462e+01,-8.960214843750000000e+03,2.924713745117187500e+02,3.905866943359375000e+03,2.929281592369079590e-01,3.025352358818054199e-01,7.059239596128463745e-02,1.531709134578704834e-01,-5.578894338891655735e+01,-1.735194560163213140e+01,8.801850220448902462e+01,-9.328530012860117893e+01,0.000000000000000000e+00,0.000000000000000000e+00,2.929281592369079590e-01,3.025352358818054199e-01,7.059239596128463745e-02,1.531709134578704834e-01,9.003198437500000000e+04,4.529758593750000000e+04,4.769655078125000000e+04,7.211112500000000000e+04,-1.918124394639690593e+07
1.175000000000000044e+00,-2.806067026116083696e+01,1.383500786818605910e+01,-8.975562595766345453e+01,-8.965022460937500000e+03,2.750132751464843750e+02,3.888790771484375000e+03,2.938684821128845215e-01,3.093356490135192871e-01,7.112970203161239624e-02,1.612118482589721680e-01,-6.522462986744034197e+01,-1.383500786818605910e+01,8.975562595766345453e+01,-9.328530012860117893e+01,0.000000000000000000e+00,0.000000000000000000e+00,2.938684821128845215e-01,3.093356490135192871e-01,7.112970203161239624e-02,1.612118482589721680e-01,9.014163281250000000e+04,4.541310156250000000e+04,4.747446484375000000e+04,7.188339062500000000e+04,-1.919027882744617760e+07
1.175999999999999934e+00,-1.884100911981148840e+01,1.010236368645539251e+01,-9.087229966314608021e+01,-8.984507812500000000e+03,2.613874511718750000e+02,3.884353515625000000e+03,2.953053116798400879e-01,3.153962790966033936e-01,7.482805848121643066e-02,1.710864305496215820e-01,-7.444429100878969052e+01,-1.010236368645539251e+01,9.087229966314608021e+01,-9.328530012860117893e+01,0.000000000000000000e+00,0.000000000000000000e+00,2.953053116798400879e-01,3.153962790966033936e-01,7.482805848121643066e-02,1.710864305496215820e-01,9.025338281250000000e+04,4.552655468750000000e+04,4.725012109375000000e+04,7.165741406250000000e+04,-1.919899364366895333e+07
1.177000000000000046e+00,-9.745296755149865930e+00,6.279642298427186020e+00,-9.136301362327998277e+01,-9.022360351562500000e+03,2.533191680908203125e+02,3.849102294921875000e+03,2.950788140296936035e-01,3.206634819507598877e-01,8.234741538763046265e-02,1.833913177251815796e-01,-8.354000337345131300e+01,-6.279642298427186020e+00,9.136301362327998277e+01,-9.328530012860117893e+01,0.000000000000000000e+00,0.000000000000000000e+00,2.950788140296936035e-01,3.206634819507598877e-01,8.234741538763046265e-02,1.833913177251815796e-01,9.036002343750000000e+04,4.564496484375000000e+04,4.703067578125000000e+04,7.142625781250000000e+04,-1.920747524864352494e+07
1.177999999999999936e+00,-6.782572857784998632e-01,2.450134083853287681e+00,-9.123672671739026896e+01,-9.073268554687500000e+03,2.548756713867187500e+02,3.827112304687500000e+03,2.962634563446044922e-01,3.269435465335845947e-01,9.218799322843551636e-02,1.954739093780517578e-01,-9.260704284282267906e+01,-2.450134083853287681e+00,9.123672671739026896e+01,-9.328530012860117893e+01,0.000000000000000000e+00,0.000000000000000000e+00,2.962634563446044922e-01,3.269435465335845947e-01,9.218799322843551636e-02,1.954739093780517578e-01,9.046882031250000000e+04,4.576091406250000000e+04,4.680916015625000000e+04,7.119739843750000000e+04,-1.921580585213560238e+07
1.179000000000000048e+00,8.446488256759479896e+00,-1.275595452457334966e+00,-9.050149470504604210e+01,-9.128948242187500000e+03,2.648735961914062500e+02,3.792331298828125000e+03,2.967556715011596680e-01,3.337973952293395996e-01,1.048884466290473938e-01,2.080153077840805054e-01,-1.017317883853606588e+02,1.275595452457334966e+00,9.050149470504604210e+01,-9.328530012860117893e+01,0.000000000000000000e+00,0.000000000000000000e+00,2.967556715011596680e-01,3.337973952293395996e-01,1.048884466290473938e-01,2.080153077840805054e-01,9.057555468750000000e+04,4.587930859375000000e+04,4.659009375000000000e+04,7.104043750000000000e+04,-1.922406934298707917e+07
1.179999999999999938e+00,1.770030894699603152e+01,-4.834088038657292863e+00,-8.916307516119138654e+01,-9.179087890625000000e+03,2.807165832519531250e+02,3.794831054687500000e+03,2.985012531280517578e-01,3.422805070877075195e-01,1.189898923039436340e-01,2.192528694868087769e-01,-1.109856090755972104e+02,4.834088038657292863e+00,8.916307516119138654e+01,-9.328530012860117893e+01,0.000000000000000000e+00,0.000000000000000000e+00,2.985012531280517578e-01,3.422805070877075195e-01,1.189898923039436340e-01,2.192528694868087769e-01,9.068841406250000000e+04,4.599164843750000000e+04,4.636469140625000000e+04,7.098522656250000000e+04,-1.923235606630326435e+07
1.181000000000000050e+00,2.713855964176509872e+01,-8.122676571884452912e+00,-8.724126459301747616e+01,-9.217916992187500000e+03,2.948872680664062500e+02,3.795309570312500000e+03,2.980027198791503906e-01,3.505239188671112061e-01,1.348656862974166870e-01,2.308399975299835205e-01,-1.204238597703662776e+02,8.122676571884452912e+00,8.724126459301747616e+01,-9.328530012860117893e+01,0.000000000000000000e+00,0.000000000000000000e+00,2.980027198791503906e-01,3.505239188671112061e-01,1.348656862974166870e-01,2.308399975299835205e-01,9.080104687500000000e+04,4.610415625000000000e+04,4.617963671875000000e+04,7.102489062500000000e+04,-1.924076958384517580e+07
1.181999999999999940e+00,3.679502906305124554e+01,-1.104461297568241385e+01,-8.477079665725315749e+01,-9.241580078125000000e+03,3.036174011230468750e+02,3.795998779296875000e+03,2.967343330383300781e-01,3.589904308319091797e-01,1.502311825752258301e-01,2.416455298662185669e-01,-1.300803291916524245e+02,1.104461297568241385e+01,8.477079665725315749e+01,-9.328530012860117893e+01,0.000000000000000000e+00,0.000000000000000000e+00,2.967343330383300781e-01,3.589904308319091797e-01,1.502311825752258301e-01,2.416455298662185669e-01,9.091356250000000000e+04,4.621635937500000000e+04,4.623973437500000000e+04,7.113733593750000000e+04,-1.924943152945061401e+07
1.183000000000000052e+00,4.667789733327582269e+01,-1.349291253892898190e+01,-8.182324115189554448e+01,-9.252884765625000000e+03,3.048609619140625000e+02,3.771815429687500000e+03,2.934717535972595215e-01,3.669543862342834473e-01,1.636192500591278076e-01,2.520421445369720459e-01,-1.399631974618770016e+02,1.349291253892898190e+01,8.182324115189554448e+01,-9.328530012860117893e+01,0.000000000000000000e+00,0.000000000000000000e+00,2.934717535972595215e-01,3.669543862342834473e-01,1.636192500591278076e-01,2.520421445369720459e-01,9.102214062500000000e+04,4.633283984375000000e+04,4.630298046875000000e+04,7.124569531250000000e+04,-1.925848745703145489e+07
1.183999999999999941e+00,5.678019671028259552e+01,-1.539967388845531637e+01,-7.846739390228890443e+01,-9.261434570312500000e+03,3.019645690917968750e+02,3.759650878906250000e+03,2.891477942466735840e-01,3.750365972518920898e-01,1.730616092681884766e-01,2.612893879413604736e-01,-1.500654968388837744e+02,1.539967388845531637e+01,7.846739390228890443e+01,-9.328530012860117893e+01,0.000000000000000000e+00,0.000000000000000000e+00,2.891477942466735840e-01,3.750365972518920898e-01,1.730616092681884766e-01,2.612893879413604736e-01,9.113247656250000000e+04,4.644764843750000000e+04,4.641772265625000000e+04,7.135626562500000000e+04,-1.926810572963160276e+07
1.185000000000000053e+00,6.708112142697471825e+01,-1.670792683523766087e+01,-7.478250761393250912e+01,-9.278154296875000000e+03,2.974714050292968750e+02,3.767392333984375000e+03,2.815192937850952148e-01,3.820578455924987793e-01,1.784405559301376343e-01,2.701185941696166992e-01,-1.603664215555758972e+02,1.670792683523766087e+01,7.478250761393250912e+01,-9.328530012860117893e+01,0.000000000000000000e+00,0.000000000000000000e+00,2.815192937850952148e-01,3.820578455924987793e-01,1.784405559301376343e-01,2.701185941696166992e-01,9.124643750000000000e+04,4.655900781250000000e+04,4.652898437500000000e+04,7.147040625000000000e+04,-1.927847718474766240e+07
1.185999999999999943e+00,7.753780754269466513e+01,-1.736149226392820211e+01,-7.088353872128115540e+01,-9.310671875000000000e+03,2.949747009277343750e+02,3.777354980468750000e+03,2.707553207874298096e-01,3.881013095378875732e-01,1.794062107801437378e-01,2.780140638351440430e-01,-1.708231076712958441e+02,1.736149226392820211e+01,7.088353872128115540e+01,-9.328530012860117893e+01,0.000000000000000000e+00,0.000000000000000000e+00,2.707553207874298096e-01,3.881013095378875732e-01,1.794062107801437378e-01,2.780140638351440430e-01,9.134203906250000000e+04,4.666978515625000000e+04,4.663960156250000000e+04,7.158467187500000000e+04,-1.928981519382147118e+07
1.187000000000000055e+00,-2.719216434669623936e+02,-1.732091791720774054e+01,-6.692139954663716139e+01,-9.355761718750000000e+03,2.984620361328125000e+02,3.774618164062500000e+03,2.586703896522521973e-01,3.943473100662231445e-01,1.752935051918029785e-01,2.835998237133026123e-01,1.786363433383612289e+02,1.732091791720774054e+01,6.692139954663716139e+01,-9.328530012860117893e+01,0.000000000000000000e+00,0.000000000000000000e+00,2.586703896522521973e-01,3.943473100662231445e-01,1.752935051918029785e-01,2.835998237133026123e-01,9.143367187500000000e+04,4.678252734375000000e+04,4.675257421875000000e+04,7.169655468750000000e+04,-1.936853506192202121e+07
1.187999999999999945e+00,-2.613911592607960870e+02,-1.658278379562709759e+01,-6.307562955648560177e+01,-9.405409179687500000e+03,3.086052246093750000e+02,3.743428466796875000e+03,2.645419239997863770e-01,-6.138509511947631836e-02,3.029558360576629639e-01,2.774167954921722412e-01,1.681058591321949223e+02,1.658278379562709759e+01,6.307562955648560177e+01,-9.328530012860117893e+01,0.000000000000000000e+00,0.000000000000000000e+00,2.645419239997863770e-01,0.000000000000000000e+00,3.029558360576629639e-01,2.774167954921722412e-01,9.135628906250000000e+04,4.690042187500000000e+04,4.687055078125000000e+04,7.180372656250000000e+04,-1.944111392382408306e+07
1.189000000000000057e+00,-2.509493912446523041e+02,-1.517366931166548127e+01,-5.945642300113252787e+01,-9.447812500000000000e+03,3.221392211914062500e+02,3.745790771484375000e+03,2.603786289691925049e-01,-5.390783399343490601e-02,3.101679086685180664e-01,2.846211493015289307e-01,1.576640911160511394e+02,1.517366931166548127e+01,5.945642300113252787e+01,-9.328530012860117893e+01,0.000000000000000000e+00,0.000000000000000000e+00,2.603786289691925049e-01,0.000000000000000000e+00,3.101679086685180664e-01,2.846211493015289307e-01,9.128682031250000000e+04,4.701276562500000000e+04,4.698279687500000000e+04,7.191664843750000000e+04,-1.950785482726661488e+07
1.189999999999999947e+00,-2.406675040769531506e+02,-1.314635108857130774e+01,-5.617905635799190378e+01,-9.476391601562500000e+03,3.322400207519531250e+02,3.758857666015625000e+03,2.558466792106628418e-01,-4.367640614509582520e-02,3.160967230796813965e-01,2.907412350177764893e-01,1.473822039483519859e+02,1.314635108857130774e+01,5.617905635799190378e+01,-9.328530012860117893e+01,0.000000000000000000e+00,0.000000000000000000e+00,2.558466792106628418e-01,0.000000000000000000e+00,3.160967230796813965e-01,2.907412350177764893e-01,9.126215625000000000e+04,4.678553125000000000e+04,4.709304296875000000e+04,7.203167968750000000e+04,-1.956910458770546317e+07
1.191000000000000059e+00,-2.305912715563122788e+02,-1.056360293171616682e+01,-5.332176016795938978e+01,-9.485490234375000000e+03,3.362158508300781250e+02,3.795886474609375000e+03,2.519505321979522705e-01,-3.185860812664031982e-02,3.203591406345367432e-01,2.956919372081756592e-01,1.373059714277110857e+02,1.056360293171616682e+01,5.332176016795938978e+01,-9.328530012860117893e+01,0.000000000000000000e+00,0.000000000000000000e+00,2.519505321979522705e-01,0.000000000000000000e+00,3.203591406345367432e-01,2.956919372081756592e-01,9.118050000000000000e+04,4.655402734375000000e+04,4.719914453125000000e+04,7.215050000000000000e+04,-1.962523172203772888e+07
1.191999999999999948e+00,-2.207423538885386165e+02,-7.551022864797633183e+00,-5.099381255743956842e+01,-9.478816406250000000e+03,3.324260864257812500e+02,3.779106201171875000e+03,2.482086569070816040e-01,-1.842682808637619019e-02,3.227273225784301758e-01,2.994842231273651123e-01,1.274570537599374518e+02,7.551022864797633183e+00,5.099381255743956842e+01,-9.328530012860117893e+01,0.000000000000000000e+00,0.000000000000000000e+00,2.482086569070816040e-01,0.000000000000000000e+00,3.227273225784301758e-01,2.994842231273651123e-01,9.109128906250000000e+04,4.633162500000000000e+04,4.731463281250000000e+04,7.226003125000000000e+04,-1.967661629570342973e+07
1.193000000000000060e+00,-2.110967155809627229e+02,-4.198681961418800235e+00,-4.922226651472190184e+01,-9.460765625000000000e+03,3.238070068359375000e+02,3.777640625000000000e+03,2.477903366088867188e-01,-5.715385079383850098e-03,3.225319981575012207e-01,3.013463616371154785e-01,1.178114154523615582e+02,4.198681961418800235e+00,4.922226651472190184e+01,-9.328530012860117893e+01,0.000000000000000000e+00,0.000000000000000000e+00,2.477903366088867188e-01,0.000000000000000000e+00,3.225319981575012207e-01,3.013463616371154785e-01,9.097928906250000000e+04,4.610702343750000000e+04,4.742762500000000000e+04,7.237214843750000000e+04,-1.972361857948355749e+07
1.193999999999999950e+00,-2.015987821692429236e+02,-6.225111196196070340e-01,-4.803784658883371605e+01,-9.444692382812500000e+03,3.122396850585937500e+02,3.758139892578125000e+03,2.477905899286270142e-01,8.352464064955711365e-03,3.200520575046539307e-01,3.015927970409393311e-01,1.083134820406417447e+02,6.225111196196070340e-01,4.803784658883371605e+01,-9.328530012860117893e+01,0.000000000000000000e+00,0.000000000000000000e+00,2.477905899286270142e-01,8.352464064955711365e-03,3.200520575046539307e-01,3.015927970409393311e-01,9.083642187500000000e+04,4.588527734375000000e+04,4.754346484375000000e+04,7.248146093750000000e+04,-1.976656867068066448e+07
1.195000000000000062e+00,-1.921747529236491516e+02,3.128044377724660929e+00,-4.744045968138518532e+01,-9.433640625000000000e+03,3.017402954101562500e+02,3.790097412109375000e+03,2.494153976440429688e-01,2.311166934669017792e-02,3.150368630886077881e-01,2.997111380100250244e-01,9.888945279504797270e+01,-3.128044377724660929e+00,4.744045968138518532e+01,-9.328530012860117893e+01,0.000000000000000000e+00,0.000000000000000000e+00,2.494153976440429688e-01,2.311166934669017792e-02,3.150368630886077881e-01,2.997111380100250244e-01,9.070600000000000000e+04,4.565473046875000000e+04,4.765047656250000000e+04,7.259964843750000000e+04,-1.980576018821834028e+07
1.195999999999999952e+00,-1.827381407945952958e+02,6.912982387387952343e+00,-4.745858234811232279e+01,-9.431590820312500000e+03,2.936414489746093750e+02,3.777868408203125000e+03,2.492968738079071045e-01,4.069082438945770264e-02,3.078667223453521729e-01,2.962024807929992676e-01,8.945284066599411688e+01,-6.912982387387952343e+00,4.745858234811232279e+01,-9.328530012860117893e+01,0.000000000000000000e+00,0.000000000000000000e+00,2.492968738079071045e-01,4.069082438945770264e-02,3.078667223453521729e-01,2.962024807929992676e-01,9.058252343750000000e+04,4.543144921875000000e+04,4.776486328125000000e+04,7.271017968750000000e+04,-1.984145352268338576e+07
1.197000000000000064e+00,-1.732074766069198972e+02,1.064354573011583582e+01,-4.810563008616212244e+01,-9.428439453125000000e+03,2.917622375488281250e+02,3.777979003906250000e+03,2.516637146472930908e-01,5.885364487767219543e-02,2.975517809391021729e-01,2.896341085433959961e-01,7.992217647831873251e+01,-1.064354573011583582e+01,4.810563008616212244e+01,-9.328530012860117893e+01,0.000000000000000000e+00,0.000000000000000000e+00,2.516637146472930908e-01,5.885364487767219543e-02,2.975517809391021729e-01,2.896341085433959961e-01,9.046362500000000000e+04,4.520655859375000000e+04,4.787758984375000000e+04,7.282252343750000000e+04,-1.987388178934761882e+07
1.197999999999999954e+00,-1.635083888971186639e+02,1.418202327042333089e+01,-4.938022464674592982e+01,-9.421601562500000000e+03,2.918575439453125000e+02,3.743844482421875000e+03,2.538627982139587402e-01,7.915546000003814697e-02,2.843067646026611328e-01,2.804527282714843750e-01,7.022308876851749915e+01,-1.418202327042333089e+01,4.938022464674592982e+01,-9.328530012860117893e+01,0.000000000000000000e+00,0.000000000000000000e+00,2.538627982139587402e-01,7.915546000003814697e-02,2.843067646026611328e-01,2.804527282714843750e-01,9.035841406250000000e+04,4.498727734375000000e+04,4.799599609375000000e+04,7.292922656250000000e+04,-1.990325631895755604e+07
1.199000000000000066e+00,-1.535788644388804869e+02,1.747838762867311857e+01,-5.129253984711492365e+01,-9.404200195312500000e+03,2.919712829589843750e+02,3.767824218750000000e+03,2.581479549407958984e-01,1.001847088336944580e-01,2.676792144775390625e-01,2.681414186954498291e-01,6.029356431027929375e+01,-1.747838762867311857e+01,5.129253984711492365e+01,-9.328530012860117893e+01,0.000000000000000000e+00,0.000000000000000000e+00,2.581479549407958984e-01,1.001847088336944580e-01,2.676792144775390625e-01,2.681414186954498291e-01,9.028160937500000000e+04,4.475809375000000000e+04,4.810458203125000000e+04,7.304587500000000000e+04,-1.992977920523795858e+07
1.199999999999999956e+00,-1.433768836271881355e+02,2.040236874466295092e+01,-5.380987930774494998e+01,-9.381126953125000000e+03,2.867450866699218750e+02,3.763887451171875000e+03,2.596197128295898438e-01,1.231772601604461670e-01,2.489556819200515747e-01,2.546312808990478516e-01,5.009158349858694947e+01,-2.040236874466295092e+01,5.380987930774494998e+01,-9.328530012860117893e+01,0.000000000000000000e+00,0.000000000000000000e+00,2.596197128295898438e-01,1.231772601604461670e-01,2.489556819200515747e-01,2.546312808990478516e-01,9.023224218750000000e+04,4.457316796875000000e+04,4.821756250000000000e+04,7.315806250000000000e+04,-1.995364789575811103e+07
1.201000000000000068e+00,-1.328800799085811377e+02,2.286272766582194294e+01,-5.689690460414450968e+01,-9.354869140625000000e+03,2.799436035156250000e+02,3.773493408203125000e+03,2.627956867218017578e-01,1.459555923938751221e-01,2.276017814874649048e-01,2.390674352645874023e-01,3.959477977997997300e+01,-2.286272766582194294e+01,5.689690460414450968e+01,-9.328530012860117893e+01,0.000000000000000000e+00,0.000000000000000000e+00,2.627956867218017578e-01,1.459555923938751221e-01,2.276017814874649048e-01,2.390674352645874023e-01,9.019723437500000000e+04,4.457684765625000000e+04,4.832831250000000000e+04,7.327208593750000000e+04,-1.997506497346447781e+07
1.201999999999999957e+00,-1.221143510125113778e+02,2.473340013721521302e+01,-6.043124110992494735e+01,-9.335696289062500000e+03,2.721203002929687500e+02,3.729864990234375000e+03,2.655270099639892578e-01,1.689116656780242920e-01,2.048610299825668335e-01,2.228389084339141846e-01,2.882905088391020598e+01,-2.473340013721521302e+01,6.043124110992494735e+01,-9.328530012860117893e+01,0.000000000000000000e+00,0.000000000000000000e+00,2.655270099639892578e-01,1.689116656780242920e-01,2.048610299825668335e-01,2.228389084339141846e-01,9.017642187500000000e+04,4.469676953125000000e+04,4.844831640625000000e+04,7.337715625000000000e+04,-1.999424056417211890e+07
1.203000000000000069e+00,-1.111122242484235869e+02,2.596362052401603293e+01,-6.433453058256698398e+01,-9.327106445312500000e+03,2.679594116210937500e+02,3.730147705078125000e+03,2.716737091541290283e-01,1.910758614540100098e-01,1.807394176721572876e-01,2.053892761468887329e-01,1.782692411982240088e+01,-2.596362052401603293e+01,6.433453058256698398e+01,-9.328530012860117893e+01,0.000000000000000000e+00,0.000000000000000000e+00,2.716737091541290283e-01,1.910758614540100098e-01,1.807394176721572876e-01,2.053892761468887329e-01,9.018325000000000000e+04,4.480913671875000000e+04,4.856100390625000000e+04,7.347048437500000000e+04,-2.001139953196554631e+07
1.203999999999999959e+00,-9.996087083756287939e+01,2.648943379719363023e+01,-6.843856489772521456e+01,-9.333772460937500000e+03,2.678885192871093750e+02,3.713194580078125000e+03,2.755893766880035400e-01,2.127640545368194580e-01,1.578827202320098877e-01,1.898101866245269775e-01,6.675570708961704902e+00,-2.648943379719363023e+01,6.843856489772521456e+01,-9.328530012860117893e+01,0.000000000000000000e+00,0.000000000000000000e+00,2.755893766880035400e-01,2.127640545368194580e-01,1.578827202320098877e-01,1.898101866245269775e-01,9.023021093750000000e+04,4.492430859375000000e+04,4.867642578125000000e+04,7.342935156250000000e+04,-2.002677723493230715e+07
1.205000000000000071e+00,-8.875291025119641120e+01,2.628518554901870985e+01,-7.261069841685716142e+01,-9.349725585937500000e+03,2.743111877441406250e+02,3.736952148437500000e+03,2.807636260986328125e-01,2.332014441490173340e-01,1.363099217414855957e-01,1.755522638559341431e-01,-4.532389877404767731e+00,-2.628518554901870985e+01,7.261069841685716142e+01,-9.328530012860117893e+01,0.000000000000000000e+00,0.000000000000000000e+00,2.807636260986328125e-01,2.332014441490173340e-01,1.363099217414855957e-01,1.755522638559341431e-01,9.031085156250000000e+04,4.503312500000000000e+04,4.878484375000000000e+04,7.327830468750000000e+04,-2.004061753851429373e+07
1.205999999999999961e+00,-7.763261464604185846e+01,2.535421005617549284e+01,-7.661844513451606531e+01,-9.370821289062500000e+03,2.842968750000000000e+02,3.718944091796875000e+03,2.836138606071472168e-01,2.519512176513671875e-01,1.179203614592552185e-01,1.649019718170166016e-01,-1.565268548255931513e+01,-2.535421005617549284e+01,7.661844513451606531e+01,-9.328530012860117893e+01,0.000000000000000000e+00,0.000000000000000000e+00,2.836138606071472168e-01,2.519512176513671875e-01,1.179203614592552185e-01,1.649019718170166016e-01,9.041859375000000000e+04,4.514877734375000000e+04,4.879811718750000000e+04,7.305000000000000000e+04,-2.005315758347347751e+07
1.207000000000000073e+00,-6.670434591758609599e+01,2.373457074298391589e+01,-8.032622468166400154e+01,-9.384129882812500000e+03,2.955279235839843750e+02,3.733730468750000000e+03,2.888744473457336426e-01,2.689941227436065674e-01,1.018948182463645935e-01,1.562886685132980347e-01,-2.658095421101507938e+01,-2.373457074298391589e+01,8.032622468166400154e+01,-9.328530012860117893e+01,0.000000000000000000e+00,0.000000000000000000e+00,2.888744473457336426e-01,2.689941227436065674e-01,1.018948182463645935e-01,1.562886685132980347e-01,9.053381250000000000e+04,4.525872265625000000e+04,4.865898046875000000e+04,7.282721093750000000e+04,-2.006462268545773253e+07
1.207999999999999963e+00,-5.606354513240601278e+01,2.151382762864310294e+01,-8.357122749500432235e+01,-9.388663085937500000e+03,3.021614379882812500e+02,3.720389160156250000e+03,2.918274402618408203e-01,2.835933566093444824e-01,9.010288119316101074e-02,1.523933708667755127e-01,-3.722175499619516614e+01,-2.151382762864310294e+01,8.357122749500432235e+01,-9.328530012860117893e+01,0.000000000000000000e+00,0.000000000000000000e+00,2.918274402618408203e-01,2.835933566093444824e-01,9.010288119316101074e-02,1.523933708667755127e-01,9.064398437500000000e+04,4.537328125000000000e+04,4.843633593750000000e+04,7.259997656250000000e+04,-2.007521280139480159e+07
1.209000000000000075e+00,-4.573665083708051071e+01,1.876325814408444259e+01,-8.630070070738609900e+01,-9.383364257812500000e+03,3.039606323242187500e+02,3.750985107421875000e+03,2.958171665668487549e-01,2.962095439434051514e-01,8.165130764245986938e-02,1.516237258911132812e-01,-4.754864929152066821e+01,-1.876325814408444259e+01,8.630070070738609900e+01,-9.328530012860117893e+01,0.000000000000000000e+00,0.000000000000000000e+00,2.958171665668487549e-01,2.962095439434051514e-01,8.165130764245986938e-02,1.516237258911132812e-01,9.076178906250000000e+04,4.548095312500000000e+04,4.820624218750000000e+04,7.238029687500000000e+04,-2.008510451342336088e+07
1.209999999999999964e+00,-3.572215368596882712e+01,1.561181050153317607e+01,-8.843258331713731479e+01,-9.380869140625000000e+03,2.989341735839843750e+02,3.744387695312500000e+03,2.962594926357269287e-01,3.059455156326293945e-01,7.814470678567886353e-02,1.563302278518676758e-01,-5.756314644263235181e+01,-1.561181050153317607e+01,8.843258331713731479e+01,-9.328530012860117893e+01,0.000000000000000000e+00,0.000000000000000000e+00,2.962594926357269287e-01,3.059455156326293945e-01,7.814470678567886353e-02,1.563302278518676758e-01,9.087310156250000000e+04,4.559471875000000000e+04,4.798215625000000000e+04,7.215404687500000000e+04,-2.009444463610660285e+07
1.211000000000000076e+00,-2.596712520086668974e+01,1.215442792441641195e+01,-8.995103735698842229e+01,-9.387134765625000000e+03,2.928192443847656250e+02,3.751209472656250000e+03,2.977839112281799316e-01,3.144045472145080566e-01,7.789859920740127563e-02,1.633613854646682739e-01,-6.731817492773448919e+01,-1.215442792441641195e+01,8.995103735698842229e+01,-9.328530012860117893e+01,0.000000000000000000e+00,0.000000000000000000e+00,2.977839112281799316e-01,3.144045472145080566e-01,7.789859920740127563e-02,1.633613854646682739e-01,9.098689062500000000e+04,4.570603515625000000e+04,4.775564453125000000e+04,7.192988281250000000e+04,-2.010335784693756700e+07
1.211999999999999966e+00,-1.639553708048450176e+01,8.544190218197595499e+00,-9.082757789519969549e+01,-9.410745117187500000e+03,2.889996032714843750e+02,3.704672851562500000e+03,2.973642349243164062e-01,3.213853240013122559e-01,8.179368823766708374e-02,1.737058013677597046e-01,-7.688976304811667717e+01,-8.544190218197595499e+00,9.082757789519969549e+01,-9.328530012860117893e+01,0.000000000000000000e+00,0.000000000000000000e+00,2.973642349243164062e-01,3.213853240013122559e-01,8.179368823766708374e-02,1.737058013677597046e-01,9.109157031250000000e+04,4.582608593750000000e+04,4.753837890625000000e+04,7.169689062500000000e+04,-2.011194931266651675e+07
1.213000000000000078e+00,-6.913648633888698214e+00,4.855870177858244929e+00,-9.107370203944275033e+01,-9.449878906250000000e+03,2.952997436523437500e+02,3.688802246093750000e+03,2.993187606334686279e-01,3.293034434318542480e-01,8.777163922786712646e-02,1.837590187788009644e-01,-8.637165149471248071e+01,-4.855870177858244929e+00,9.107370203944275033e+01,-9.328530012860117893e+01,0.000000000000000000e+00,0.000000000000000000e+00,2.993187606334686279e-01,3.293034434318542480e-01,8.777163922786712646e-02,1.837590187788009644e-01,9.120150000000000000e+04,4.594145703125000000e+04,4.731615625000000000e+04,7.146925781250000000e+04,-2.012031510988230258e+07
1.213999999999999968e+00,2.572012197342033346e+00,1.200343446649472678e+00,-9.069182489815672454e+01,-9.502583007812500000e+03,3.105896911621093750e+02,3.666444091796875000e+03,2.990624904632568359e-01,3.370825946331024170e-01,9.735231101512908936e-02,1.954968720674514771e-01,-9.585731232594321227e+01,-1.200343446649472678e+00,9.069182489815672454e+01,-9.328530012860117893e+01,0.000000000000000000e+00,0.000000000000000000e+00,2.990624904632568359e-01,3.370825946331024170e-01,9.735231101512908936e-02,1.954968720674514771e-01,9.131024218750000000e+04,4.605789062500000000e+04,4.709486718750000000e+04,7.131090625000000000e+04,-2.012854817305679247e+07
1.215000000000000080e+00,1.214276722895080241e+01,-2.353040616401261165e+00,-8.968559307098072964e+01,-9.557318359375000000e+03,3.331849060058593750e+02,3.682293701171875000e+03,2.993884086608886719e-01,3.460694849491119385e-01,1.090945526957511902e-01,2.066625207662582397e-01,-1.054280673575519813e+02,2.353040616401261165e+00,8.968559307098072964e+01,-9.328530012860117893e+01,0.000000000000000000e+00,0.000000000000000000e+00,2.993884086608886719e-01,3.460694849491119385e-01,1.090945526957511902e-01,2.066625207662582397e-01,9.142537500000000000e+04,4.616777734375000000e+04,4.686698046875000000e+04,7.125143750000000000e+04,-2.013674466225740314e+07
1.215999999999999970e+00,2.186206837185483209e+01,-5.664943810378944455e+00,-8.807810723437012257e+01,-9.603562500000000000e+03,3.564237670898437500e+02,3.666620361328125000e+03,2.976791262626647949e-01,3.548732995986938477e-01,1.234129592776298523e-01,2.184148430824279785e-01,-1.151473685004560110e+02,5.664943810378944455e+00,8.807810723437012257e+01,-9.328530012860117893e+01,0.000000000000000000e+00,0.000000000000000000e+00,2.976791262626647949e-01,3.548732995986938477e-01,1.234129592776298523e-01,2.184148430824279785e-01,9.153528906250000000e+04,4.628264843750000000e+04,4.670679687500000000e+04,7.127185156250000000e+04,-2.014501245685326308e+07
1.217000000000000082e+00,3.176666959776319743e+01,-8.633011467458226562e+00,-8.590561755501501295e+01,-9.630820312500000000e+03,3.772578125000000000e+02,3.652995361328125000e+03,2.978491187095642090e-01,3.652282953262329102e-01,1.371943950653076172e-01,2.280113697052001953e-01,-1.250519697263643764e+02,8.633011467458226562e+00,8.590561755501501295e+01,-9.328530012860117893e+01,0.000000000000000000e+00,0.000000000000000000e+00,2.978491187095642090e-01,3.652282953262329102e-01,1.371943950653076172e-01,2.280113697052001953e-01,9.164541406250000000e+04,4.639751171875000000e+04,4.666591406250000000e+04,7.137967968750000000e+04,-2.015347588216510415e+07
1.217999999999999972e+00,4.187243780340351407e+01,-1.116218965626576143e+01,-8.322537455850387289e+01,-9.641604492187500000e+03,3.911677856445312500e+02,3.639433593750000000e+03,2.967357635498046875e-01,3.754414021968841553e-01,1.496852785348892212e-01,2.368556857109069824e-01,-1.351577379320046930e+02,1.116218965626576143e+01,8.322537455850387289e+01,-9.328530012860117893e+01,0.000000000000000000e+00,0.000000000000000000e+00,2.967357635498046875e-01,3.754414021968841553e-01,1.496852785348892212e-01,2.368556857109069824e-01,9.175577343750000000e+04,4.651254296875000000e+04,4.673582812500000000e+04,7.148997656250000000e+04,-2.016228024066102877e+07
1.219000000000000083e+00,5.218177841871029443e+01,-1.318721873075704920e+01,-8.009252199423548291e+01,-9.645080078125000000e+03,3.982690734863281250e+02,3.653913330078125000e+03,2.933726012706756592e-01,3.848554491996765137e-01,1.594026237726211548e-01,2.452818751335144043e-01,-1.454670785473114734e+02,1.318721873075704920e+01,8.009252199423548291e+01,-9.328530012860117893e+01,0.000000000000000000e+00,0.000000000000000000e+00,2.933726012706756592e-01,3.848554491996765137e-01,1.594026237726211548e-01,2.452818751335144043e-01,9.187052343750000000e+04,4.662274218750000000e+04,4.684596484375000000e+04,7.160525000000000000e+04,-2.017159189347721636e+07
1.219999999999999973e+00,6.268073935513389472e+01,-1.463491339827705850e+01,-7.659325371376246494e+01,-9.654024414062500000e+03,3.996102600097656250e+02,3.674869140625000000e+03,2.856320738792419434e-01,3.922126591205596924e-01,1.659287065267562866e-01,2.541291117668151855e-01,-1.559660394837350736e+02,1.463491339827705850e+01,7.659325371376246494e+01,-9.328530012860117893e+01,0.000000000000000000e+00,0.000000000000000000e+00,2.856320738792419434e-01,3.922126591205596924e-01,1.659287065267562866e-01,2.541291117668151855e-01,9.198675000000000000e+04,4.673159375000000000e+04,4.695473828125000000e+04,7.172139843750000000e+04,-2.018160147576795891e+07
1.221000000000000085e+00,7.332662260853221881e+01,-1.542774776937394954e+01,-7.287295315176238830e+01,-9.677369140625000000e+03,4.024328613281250000e+02,3.661693115234375000e+03,2.752065658569335938e-01,3.985509574413299561e-01,1.680360138416290283e-01,2.621241211891174316e-01,-1.666119227371333977e+02,1.542774776937394954e+01,7.287295315176238830e+01,-9.328530012860117893e+01,0.000000000000000000e+00,0.000000000000000000e+00,2.752065658569335938e-01,3.985509574413299561e-01,1.680360138416290283e-01,2.621241211891174316e-01,9.208976562500000000e+04,4.684615234375000000e+04,4.706943750000000000e+04,7.183153125000000000e+04,-2.019252675205342844e+07
1.221999999999999975e+00,8.405961782072215271e+01,-1.552917346313845570e+01,-6.906790161145056572e+01,-9.713852539062500000e+03,4.118132324218750000e+02,3.649635498046875000e+03,2.650715708732604980e-01,4.061313569545745850e-01,1.642261892557144165e-01,2.669737637042999268e-01,-1.773449179493233316e+02,1.552917346313845570e+01,6.906790161145056572e+01,-9.328530012860117893e+01,0.000000000000000000e+00,0.000000000000000000e+00,2.650715708732604980e-01,4.061313569545745850e-01,1.642261892557144165e-01,2.669737637042999268e-01,9.211798437500000000e+04,4.696093359375000000e+04,4.718423828125000000e+04,7.194187500000000000e+04,-2.020460430166305229e+07
1.223000000000000087e+00,-2.651951165709147062e+02,-1.492980843063734042e+01,-6.533544458054187487e+01,-9.761161132812500000e+03,4.282414550781250000e+02,3.630104003906250000e+03,2.540680468082427979e-01,4.140670895576477051e-01,1.550533622503280640e-01,2.686819732189178467e-01,1.719098164423135131e+02,1.492980843063734042e+01,6.533544458054187487e+01,-9.328530012860117893e+01,0.000000000000000000e+00,0.000000000000000000e+00,2.540680468082427979e-01,4.140670895576477051e-01,1.550533622503280640e-01,2.686819732189178467e-01,9.214376562500000000e+04,4.707688281250000000e+04,4.730014062500000000e+04,7.205114062500000000e+04,-2.027942437101442739e+07
1.223999999999999977e+00,-2.545057264561817760e+02,-1.364282431879914625e+01,-6.176812824401939395e+01,-9.805381835937500000e+03,4.486885986328125000e+02,3.665821044921875000e+03,2.689230740070343018e-01,-4.543802887201309204e-02,3.056806325912475586e-01,2.741133570671081543e-01,1.612204263275805829e+02,1.364282431879914625e+01,6.176812824401939395e+01,-9.328530012860117893e+01,0.000000000000000000e+00,0.000000000000000000e+00,2.689230740070343018e-01,0.000000000000000000e+00,3.056806325912475586e-01,2.741133570671081543e-01,9.202838281250000000e+04,4.718345703125000000e+04,4.740664453125000000e+04,7.216994531250000000e+04,-2.034819896413557976e+07
1.225000000000000089e+00,-2.439524438758631391e+02,-1.172388582899512421e+01,-5.853121015573704256e+01,-9.838884765625000000e+03,4.650369567871093750e+02,3.670291748046875000e+03,2.630020678043365479e-01,-3.366723284125328064e-02,3.118430972099304199e-01,2.798594534397125244e-01,1.506671437472619459e+02,1.172388582899512421e+01,5.853121015573704256e+01,-9.328530012860117893e+01,0.000000000000000000e+00,0.000000000000000000e+00,2.630020678043365479e-01,0.000000000000000000e+00,3.118430972099304199e-01,2.798594534397125244e-01,9.190997656250000000e+04,4.729496093750000000e+04,4.751814453125000000e+04,7.228335937500000000e+04,-2.041127511106981337e+07
1.225999999999999979e+00,-2.335864056957718162e+02,-9.240176743100828816e+00,-5.571233286009562846e+01,-9.849521484375000000e+03,4.759303283691406250e+02,3.695698974609375000e+03,2.593538761138916016e-01,-2.131587639451026917e-02,3.160936534404754639e-01,2.841683626174926758e-01,1.403011055671706515e+02,9.240176743100828816e+00,5.571233286009562846e+01,-9.328530012860117893e+01,0.000000000000000000e+00,0.000000000000000000e+00,2.593538761138916016e-01,0.000000000000000000e+00,3.160936534404754639e-01,2.841683626174926758e-01,9.190428125000000000e+04,4.706560937500000000e+04,4.762653906250000000e+04,7.239991406250000000e+04,-2.046902696489464119e+07
1.227000000000000091e+00,-2.234322164529736483e+02,-6.318059450912972608e+00,-5.342508049029233064e+01,-9.841043945312500000e+03,4.782797851562500000e+02,3.671264648437500000e+03,2.560564577579498291e-01,-7.301060482859611511e-03,3.183094561100006104e-01,2.871758937835693359e-01,1.301469163243724836e+02,6.318059450912972608e+00,5.342508049029233064e+01,-9.328530012860117893e+01,0.000000000000000000e+00,0.000000000000000000e+00,2.560564577579498291e-01,0.000000000000000000e+00,3.183094561100006104e-01,2.871758937835693359e-01,9.184789843750000000e+04,4.684484375000000000e+04,4.774339062500000000e+04,7.250819531250000000e+04,-2.052184307734435052e+07
1.227999999999999980e+00,-2.134670308410323400e+02,-3.025305917957759938e+00,-5.168017087462450831e+01,-9.819542968750000000e+03,4.748825378417968750e+02,3.697890136718750000e+03,2.559857368469238281e-01,6.128601729869842529e-03,3.178063333034515381e-01,2.881855368614196777e-01,1.201817307124311469e+02,3.025305917957759938e+00,5.168017087462450831e+01,-9.328530012860117893e+01,0.000000000000000000e+00,0.000000000000000000e+00,2.559857368469238281e-01,6.128601729869842529e-03,3.178063333034515381e-01,2.881855368614196777e-01,9.177565625000000000e+04,4.661541406250000000e+04,4.785158593750000000e+04,7.262517968750000000e+04,-2.057009124313796312e+07
1.229000000000000092e+00,-2.036389556179911153e+02,5.223865669437287584e-01,-5.051916449527294617e+01,-9.799241210937500000e+03,4.649960327148437500e+02,3.708207275390625000e+03,2.548466920852661133e-01,2.185486815869808197e-02,3.152290880680084229e-01,2.879689335823059082e-01,1.103536554893899364e+02,-5.223865669437287584e-01,5.051916449527294617e+01,-9.328530012860117893e+01,0.000000000000000000e+00,0.000000000000000000e+00,2.548466920852661133e-01,2.185486815869808197e-02,3.152290880680084229e-01,2.879689335823059082e-01,9.167800781250000000e+04,4.638846875000000000e+04,4.796227343750000000e+04,7.273978906250000000e+04,-2.061411252625217661e+07
1.229999999999999982e+00,-1.938728291474052412e+02,4.242888159444063945e+00,-4.996155277666911587e+01,-9.785796875000000000e+03,4.559328308105468750e+02,3.738851806640625000e+03,2.551321983337402344e-01,3.806221485137939453e-02,3.100801408290863037e-01,2.857851982116699219e-01,1.005875290188040623e+02,-4.242888159444063945e+00,4.996155277666911587e+01,-9.328530012860117893e+01,0.000000000000000000e+00,0.000000000000000000e+00,2.551321983337402344e-01,3.806221485137939453e-02,3.100801408290863037e-01,2.857851982116699219e-01,9.157803906250000000e+04,4.615800781250000000e+04,4.806942187500000000e+04,7.285746875000000000e+04,-2.065421335898958519e+07
1.231000000000000094e+00,-1.840806915713071135e+02,7.981955399649727667e+00,-5.004152033582881387e+01,-9.780148437500000000e+03,4.504874877929687500e+02,3.717261962890625000e+03,2.550359964370727539e-01,5.626854673027992249e-02,3.024798333644866943e-01,2.816329002380371094e-01,9.079539144270594875e+01,-7.981955399649727667e+00,5.004152033582881387e+01,-9.328530012860117893e+01,0.000000000000000000e+00,0.000000000000000000e+00,2.550359964370727539e-01,5.626854673027992249e-02,3.024798333644866943e-01,2.816329002380371094e-01,9.147367187500000000e+04,4.593671875000000000e+04,4.818568359375000000e+04,7.296617187500000000e+04,-2.069066692536848038e+07
1.231999999999999984e+00,-1.741773147248058535e+02,1.165158534111530031e+01,-5.077060570967412190e+01,-9.775528320312500000e+03,4.512290649414062500e+02,3.716515869140625000e+03,2.577655017375946045e-01,7.498049736022949219e-02,2.914867103099822998e-01,2.741616666316986084e-01,8.089201459620466039e+01,-1.165158534111530031e+01,5.077060570967412190e+01,-9.328530012860117893e+01,0.000000000000000000e+00,0.000000000000000000e+00,2.577655017375946045e-01,7.498049736022949219e-02,2.914867103099822998e-01,2.741616666316986084e-01,9.137453125000000000e+04,4.571191406250000000e+04,4.829858203125000000e+04,7.307843750000000000e+04,-2.072371807617831230e+07
1.233000000000000096e+00,-1.640861464276943025e+02,1.514613235867203578e+01,-5.215629451796502991e+01,-9.766423828125000000e+03,4.533508605957031250e+02,3.722463623046875000e+03,2.598691582679748535e-01,9.596157819032669067e-02,2.776520252227783203e-01,2.642515599727630615e-01,7.080084629909312355e+01,-1.514613235867203578e+01,5.215629451796502991e+01,-9.328530012860117893e+01,0.000000000000000000e+00,0.000000000000000000e+00,2.598691582679748535e-01,9.596157819032669067e-02,2.776520252227783203e-01,2.642515599727630615e-01,9.129847656250000000e+04,4.548579296875000000e+04,4.841022656250000000e+04,7.319211718750000000e+04,-2.075359202401107550e+07
1.233999999999999986e+00,-1.537446023666256565e+02,1.837557685460102519e+01,-5.420258881383586669e+01,-9.747610351562500000e+03,4.531531982421875000e+02,3.754496337890625000e+03,2.618659734725952148e-01,1.182857975363731384e-01,2.608812749385833740e-01,2.519605457782745361e-01,6.045930223802448467e+01,-1.837557685460102519e+01,5.420258881383586669e+01,-9.328530012860117893e+01,0.000000000000000000e+00,0.000000000000000000e+00,2.618659734725952148e-01,1.182857975363731384e-01,2.608812749385833740e-01,2.519605457782745361e-01,9.124345312500000000e+04,4.525505859375000000e+04,4.851731640625000000e+04,7.331029687500000000e+04,-2.078050500922681019e+07
1.235000000000000098e+00,-1.431170170402654094e+02,2.119858870274075002e+01,-5.687107733979792812e+01,-9.720296875000000000e+03,4.481847839355468750e+02,3.755755615234375000e+03,2.627008557319641113e-01,1.416071355342864990e-01,2.416905015707015991e-01,2.381126582622528076e-01,4.983171691166421624e+01,-2.119858870274075002e+01,5.687107733979792812e+01,-9.328530012860117893e+01,0.000000000000000000e+00,0.000000000000000000e+00,2.627008557319641113e-01,1.416071355342864990e-01,2.416905015707015991e-01,2.381126582622528076e-01,9.119907812500000000e+04,4.520467968750000000e+04,4.862935546875000000e+04,7.342289843750000000e+04,-2.080467118939409032e+07
1.235999999999999988e+00,-1.322001063370592533e+02,2.349566177527987776e+01,-6.008853247793551589e+01,-9.689581054687500000e+03,4.402172546386718750e+02,3.737624023437500000e+03,2.654211521148681641e-01,1.645903587341308594e-01,2.198445796966552734e-01,2.222177982330322266e-01,3.891480620845808147e+01,-2.349566177527987776e+01,6.008853247793551589e+01,-9.328530012860117893e+01,0.000000000000000000e+00,0.000000000000000000e+00,2.654211521148681641e-01,1.645903587341308594e-01,2.198445796966552734e-01,2.222177982330322266e-01,9.115817187500000000e+04,4.532042578125000000e+04,4.874496484375000000e+04,7.353221093750000000e+04,-2.082631073536723107e+07
1.237000000000000099e+00,-1.210181159094575349e+02,2.518101824211214179e+01,-6.376033747598742707e+01,-9.664711914062500000e+03,4.307077026367187500e+02,3.725400146484375000e+03,2.695830166339874268e-01,1.872068941593170166e-01,1.963457465171813965e-01,2.052475064992904663e-01,2.773281578085635957e+01,-2.518101824211214179e+01,6.376033747598742707e+01,-9.328530012860117893e+01,0.000000000000000000e+00,0.000000000000000000e+00,2.695830166339874268e-01,1.872068941593170166e-01,1.963457465171813965e-01,2.052475064992904663e-01,9.113894531250000000e+04,4.543499218750000000e+04,4.885979296875000000e+04,7.361523437500000000e+04,-2.084565558406026661e+07
1.237999999999999989e+00,-1.096245257482318607e+02,2.618542186197687371e+01,-6.776466111902712441e+01,-9.654058593750000000e+03,4.238020629882812500e+02,3.726083007812500000e+03,2.737916111946105957e-01,2.092450857162475586e-01,1.726987212896347046e-01,1.887319684028625488e-01,1.633922561963068887e+01,-2.618542186197687371e+01,6.776466111902712441e+01,-9.328530012860117893e+01,0.000000000000000000e+00,0.000000000000000000e+00,2.737916111946105957e-01,2.092450857162475586e-01,1.726987212896347046e-01,1.887319684028625488e-01,9.115146093750000000e+04,4.554712890625000000e+04,4.897234375000000000e+04,7.357260937500000000e+04,-2.086295084632045776e+07
1.239000000000000101e+00,-9.810824906268238976e+01,2.645651722615518509e+01,-7.194447668867201173e+01,-9.658820312500000000e+03,4.220676879882812500e+02,3.736794677734375000e+03,2.775715291500091553e-01,2.303534150123596191e-01,1.501165181398391724e-01,1.737116128206253052e-01,4.822948934081217054e+00,-2.645651722615518509e+01,7.194447668867201173e+01,-9.328530012860117893e+01,0.000000000000000000e+00,0.000000000000000000e+00,2.775715291500091553e-01,2.303534150123596191e-01,1.501165181398391724e-01,1.737116128206253052e-01,9.119553906250000000e+04,4.565798046875000000e+04,4.908307421875000000e+04,7.340777343750000000e+04,-2.087845202988434955e+07
1.239999999999999991e+00,-8.660034458597570506e+01,2.597001908695603944e+01,-7.608301491745621092e+01,-9.675756835937500000e+03,4.263815917968750000e+02,3.724601806640625000e+03,2.809908092021942139e-01,2.500730752944946289e-01,1.295757591724395752e-01,1.610017269849777222e-01,-6.684955542625473868e+00,-2.597001908695603944e+01,7.608301491745621092e+01,-9.328530012860117893e+01,0.000000000000000000e+00,0.000000000000000000e+00,2.809908092021942139e-01,2.500730752944946289e-01,1.295757591724395752e-01,1.610017269849777222e-01,9.126092187500000000e+04,4.577276562500000000e+04,4.919725390625000000e+04,7.318041406250000000e+04,-2.089241471661706641e+07
1.241000000000000103e+00,-7.522132638549499006e+01,2.474644537269409028e+01,-8.001089306180517724e+01,-9.692697265625000000e+03,4.345271606445312500e+02,3.733455078125000000e+03,2.857778072357177734e-01,2.682681381702423096e-01,1.113514825701713562e-01,1.504592895507812500e-01,-1.806397374310619242e+01,-2.474644537269409028e+01,8.001089306180517724e+01,-9.328530012860117893e+01,0.000000000000000000e+00,0.000000000000000000e+00,2.857778072357177734e-01,2.682681381702423096e-01,1.113514825701713562e-01,1.504592895507812500e-01,9.135278125000000000e+04,4.588386328125000000e+04,4.914286328125000000e+04,7.295664843750000000e+04,-2.090508709412739053e+07
1.241999999999999993e+00,-6.408482058841899232e+01,2.284626196227097950e+01,-8.355376745489967050e+01,-9.702944335937500000e+03,4.412557678222656250e+02,3.735804443359375000e+03,2.891934216022491455e-01,2.843368053436279297e-01,9.691845625638961792e-02,1.440390944480895996e-01,-2.920047954018219016e+01,-2.284626196227097950e+01,8.355376745489967050e+01,-9.328530012860117893e+01,0.000000000000000000e+00,0.000000000000000000e+00,2.891934216022491455e-01,2.843368053436279297e-01,9.691845625638961792e-02,1.440390944480895996e-01,9.146549218750000000e+04,4.599574218750000000e+04,4.894476562500000000e+04,7.273209375000000000e+04,-2.091669714209879562e+07
1.243000000000000105e+00,-5.325306628234435635e+01,2.034190911489010389e+01,-8.661597988657345581e+01,-9.700729492187500000e+03,4.434378662109375000e+02,3.770204345703125000e+03,2.925543785095214844e-01,2.982376813888549805e-01,8.621113002300262451e-02,1.414171457290649414e-01,-4.003223384625682257e+01,-2.034190911489010389e+01,8.661597988657345581e+01,-9.328530012860117893e+01,0.000000000000000000e+00,0.000000000000000000e+00,2.925543785095214844e-01,2.982376813888549805e-01,8.621113002300262451e-02,1.414171457290649414e-01,9.158410156250000000e+04,4.610251562500000000e+04,4.871413281250000000e+04,7.251303906250000000e+04,-2.092744915240541846e+07
1.243999999999999995e+00,-4.275751490814727163e+01,1.735955947918922604e+01,-8.908529725055520032e+01,-9.693790039062500000e+03,4.380411071777343750e+02,3.767769287109375000e+03,2.933887839317321777e-01,3.092999160289764404e-01,8.028490096330642700e-02,1.441159546375274658e-01,-5.052778522045390730e+01,-1.735955947918922604e+01,8.908529725055520032e+01,-9.328530012860117893e+01,0.000000000000000000e+00,0.000000000000000000e+00,2.933887839317321777e-01,3.092999160289764404e-01,8.028490096330642700e-02,1.441159546375274658e-01,9.169602343750000000e+04,4.621571484375000000e+04,4.848950000000000000e+04,7.228741406250000000e+04,-2.093751490197807178e+07
1.245000000000000107e+00,-3.256549847096575689e+01,1.399850576916136013e+01,-9.093517206271793896e+01,-9.688277343750000000e+03,4.278871154785156250e+02,3.784057128906250000e+03,2.953221797943115234e-01,3.188118934631347656e-01,7.781158387660980225e-02,1.495412588119506836e-01,-6.071980165763542203e+01,-1.399850576916136013e+01,9.093517206271793896e+01,-9.328530012860117893e+01,0.000000000000000000e+00,0.000000000000000000e+00,2.953221797943115234e-01,3.188118934631347656e-01,7.781158387660980225e-02,1.495412588119506836e-01,9.181161718750000000e+04,4.632562890625000000e+04,4.826150781250000000e+04,7.206481250000000000e+04,-2.094704057735057920e+07
1.245999999999999996e+00,-2.261210420961107559e+01,1.041065221796657170e+01,-9.212673403543963957e+01,-9.697859375000000000e+03,4.155036621093750000e+02,3.753658447265625000e+03,2.950161695480346680e-01,3.262238800525665283e-01,7.989381998777389526e-02,1.591438949108123779e-01,-7.067319591899010334e+01,-1.041065221796657170e+01,9.212673403543963957e+01,-9.328530012860117893e+01,0.000000000000000000e+00,0.000000000000000000e+00,2.950161695480346680e-01,3.262238800525665283e-01,7.989381998777389526e-02,1.591438949108123779e-01,9.191890625000000000e+04,4.644306250000000000e+04,4.804123828125000000e+04,7.183453906250000000e+04,-2.095614760141100734e+07
1.247000000000000108e+00,-1.280340754556939942e+01,6.676323846799931516e+00,-9.267008434818566798e+01,-9.724416992187500000e+03,4.101084899902343750e+02,3.754978515625000000e+03,2.962830364704132080e-01,3.337640464305877686e-01,8.468125015497207642e-02,1.694515049457550049e-01,-8.048189258303177951e+01,-6.676323846799931516e+00,9.267008434818566798e+01,-9.328530012860117893e+01,0.000000000000000000e+00,0.000000000000000000e+00,2.962830364704132080e-01,3.337640464305877686e-01,8.468125015497207642e-02,1.694515049457550049e-01,9.203192187500000000e+04,4.655517578125000000e+04,4.781608593750000000e+04,7.160985937500000000e+04,-2.096494384648899361e+07
1.247999999999999998e+00,-3.038985463403150789e+00,2.936433297725350666e+00,-9.255884337414681795e+01,-9.770274414062500000e+03,4.132814636230468750e+02,3.723207763671875000e+03,2.949973344802856445e-01,3.405246138572692871e-01,9.358866512775421143e-02,1.823117136955261230e-01,-9.024631466519802814e+01,-2.936433297725350666e+00,9.255884337414681795e+01,-9.328530012860117893e+01,0.000000000000000000e+00,0.000000000000000000e+00,2.949973344802856445e-01,3.405246138572692871e-01,9.358866512775421143e-02,1.823117136955261230e-01,9.213901562500000000e+04,4.667324218750000000e+04,4.759649218750000000e+04,7.137976562500000000e+04,-2.097352884404891357e+07
1.249000000000000110e+00,6.775002157147355319e+00,-7.395789725445994778e-01,-9.179861352064230573e+01,-9.825048828125000000e+03,4.274934997558593750e+02,3.733957519531250000e+03,2.955168485641479492e-01,3.489788770675659180e-01,1.043731048703193665e-01,1.939974129199981689e-01,-1.000603022857485342e+02,7.395789725445994778e-01,9.179861352064230573e+01,-9.328530012860117893e+01,0.000000000000000000e+00,0.000000000000000000e+00,2.955168485641479492e-01,3.489788770675659180e-01,1.043731048703193665e-01,1.939974129199981689e-01,9.225345312500000000e+04,4.678415234375000000e+04,4.736966796875000000e+04,7.121757031250000000e+04,-2.098200227712451294e+07
1.250000000000000000e+00,1.671658770398089189e+01,-4.209316519457547479e+00,-9.040568159695851591e+01,-9.877913085937500000e+03,4.449681701660156250e+02,3.716429931640625000e+03,2.938158214092254639e-01,3.572762906551361084e-01,1.182556450366973877e-01,2.066203653812408447e-01,-1.100018878325820708e+02,4.209316519457547479e+00,9.040568159695851591e+01,-9.328530012860117893e+01,0.000000000000000000e+00,0.000000000000000000e+00,2.938158214092254639e-01,3.572762906551361084e-01,1.182556450366973877e-01,2.066203653812408447e-01,9.236298437500000000e+04,4.689959375000000000e+04,4.715961718750000000e+04,7.114317187500000000e+04,-2.099047262703954801e+07
1.250999999999999890e+00,2.683721661018188342e+01,-7.379499932315932931e+00,-8.840442205746538207e+01,-9.914960937500000000e+03,4.616220397949218750e+02,3.719566162109375000e+03,2.940210402011871338e-01,3.672808110713958740e-01,1.322275251150131226e-01,2.170735746622085571e-01,-1.201225167387830624e+02,7.379499932315932931e+00,8.840442205746538207e+01,-9.328530012860117893e+01,0.000000000000000000e+00,0.000000000000000000e+00,2.940210402011871338e-01,3.672808110713958740e-01,1.322275251150131226e-01,2.170735746622085571e-01,9.247597656250000000e+04,4.701131250000000000e+04,4.706344140625000000e+04,7.116902343750000000e+04,-2.099906266209349409e+07
1.252000000000000002e+00,3.716178644993210867e+01,-1.012986688744043384e+01,-8.585211277837740340e+01,-9.932408203125000000e+03,4.714799804687500000e+02,3.706647216796875000e+03,2.923415899276733398e-01,3.767185509204864502e-01,1.460693180561065674e-01,2.273742556571960449e-01,-1.304470865785332876e+02,1.012986688744043384e+01,8.585211277837740340e+01,-9.328530012860117893e+01,0.000000000000000000e+00,0.000000000000000000e+00,2.923415899276733398e-01,3.767185509204864502e-01,1.460693180561065674e-01,2.273742556571960449e-01,9.258639843750000000e+04,4.712601953125000000e+04,4.708448437500000000e+04,7.126971875000000000e+04,-2.100791685993731394e+07
1.252999999999999892e+00,4.769598362350184573e+01,-1.238229926158946803e+01,-8.280679157180500738e+01,-9.935983398437500000e+03,4.741266174316406250e+02,3.715247070312500000e+03,2.898620665073394775e-01,3.861244618892669678e-01,1.572201102972030640e-01,2.364832013845443726e-01,-1.409812837521030247e+02,1.238229926158946803e+01,8.280679157180500738e+01,-9.328530012860117893e+01,0.000000000000000000e+00,0.000000000000000000e+00,2.898620665073394775e-01,3.861244618892669678e-01,1.572201102972030640e-01,2.364832013845443726e-01,9.270016406250000000e+04,4.723738671875000000e+04,4.719576171875000000e+04,7.138404687500000000e+04,-2.101720205285654590e+07
1.254000000000000004e+00,5.842974776679302806e+01,-1.405914336011153232e+01,-7.935006324733981842e+01,-9.939326171875000000e+03,4.699916687011718750e+02,3.734869873046875000e+03,2.835617661476135254e-01,3.937369883060455322e-01,1.652789115905761719e-01,2.458592802286148071e-01,-1.517150478953942070e+02,1.405914336011153232e+01,7.935006324733981842e+01,-9.328530012860117893e+01,0.000000000000000000e+00,0.000000000000000000e+00,2.835617661476135254e-01,3.937369883060455322e-01,1.652789115905761719e-01,2.458592802286148071e-01,9.281617187500000000e+04,4.734676171875000000e+04,4.730503515625000000e+04,7.149989843750000000e+04,-2.102711018033001572e+07
1.254999999999999893e+00,6.932875910917958606e+01,-1.507888867731435667e+01,-7.561546934311044765e+01,-9.955668945312500000e+03,4.638513183593750000e+02,3.731529541015625000e+03,2.741082608699798584e-01,4.000279009342193604e-01,1.690916866064071655e-01,2.547407150268554688e-01,-1.626140592377807650e+02,1.507888867731435667e+01,7.561546934311044765e+01,-9.328530012860117893e+01,0.000000000000000000e+00,0.000000000000000000e+00,2.741082608699798584e-01,4.000279009342193604e-01,1.690916866064071655e-01,2.547407150268554688e-01,9.288680468750000000e+04,4.745973437500000000e+04,4.741783984375000000e+04,7.161164843750000000e+04,-2.103786172925735638e+07
1.256000000000000005e+00,8.033900419897214817e+01,-1.539464447208117370e+01,-7.173800632159820623e+01,-9.987276367187500000e+03,4.619234313964843750e+02,3.730682128906250000e+03,2.639457583427429199e-01,4.068959355354309082e-01,1.672338694334030151e-01,2.611339986324310303e-01,-1.736243043275733271e+02,1.539464447208117370e+01,7.173800632159820623e+01,-9.328530012860117893e+01,0.000000000000000000e+00,0.000000000000000000e+00,2.639457583427429199e-01,4.068959355354309082e-01,1.672338694334030151e-01,2.611339986324310303e-01,9.289040625000000000e+04,4.757212890625000000e+04,4.753046875000000000e+04,7.172385937500000000e+04,-2.104969942148245871e+07
1.256999999999999895e+00,-2.686196139424677085e+02,-1.498335913723487778e+01,-6.790286465336292565e+01,-1.003267089843750000e+04,4.669061279296875000e+02,3.699304931640625000e+03,2.525073885917663574e-01,4.139327406883239746e-01,1.599503308534622192e-01,2.647486329078674316e-01,1.753343138138665438e+02,1.498335913723487778e+01,6.790286465336292565e+01,-9.328530012860117893e+01,0.000000000000000000e+00,0.000000000000000000e+00,2.525073885917663574e-01,4.139327406883239746e-01,1.599503308534622192e-01,2.647486329078674316e-01,9.281628906250000000e+04,4.769003906250000000e+04,4.764850390625000000e+04,7.183118750000000000e+04,-2.112669121855622903e+07
1.258000000000000007e+00,-2.576176539336328233e+02,-1.385585379849460175e+01,-6.421044144018843269e+01,-1.007852734375000000e+04,4.787936096191406250e+02,3.723726562500000000e+03,2.682448625564575195e-01,-4.060555249452590942e-02,3.053018450736999512e-01,2.708572447299957275e-01,1.643323538050316586e+02,1.385585379849460175e+01,6.421044144018843269e+01,-9.328530012860117893e+01,0.000000000000000000e+00,0.000000000000000000e+00,2.682448625564575195e-01,0.000000000000000000e+00,3.053018450736999512e-01,2.708572447299957275e-01,9.267193750000000000e+04,4.779875000000000000e+04,4.775710937500000000e+04,7.194814843750000000e+04,-2.119737303964892775e+07
1.258999999999999897e+00,-2.467372320471711760e+02,-1.205640384679055721e+01,-6.081996271255033548e+01,-1.011631738281250000e+04,4.888972778320312500e+02,3.735255371093750000e+03,2.623010277748107910e-01,-2.984392642974853516e-02,3.120797872543334961e-01,2.771751582622528076e-01,1.534519319185699828e+02,1.205640384679055721e+01,6.081996271255033548e+01,-9.328530012860117893e+01,0.000000000000000000e+00,0.000000000000000000e+00,2.623010277748107910e-01,0.000000000000000000e+00,3.120797872543334961e-01,2.771751582622528076e-01,9.264069531250000000e+04,4.757181250000000000e+04,4.786767968750000000e+04,7.206271093750000000e+04,-2.126209672606530041e+07
1.260000000000000009e+00,-2.360372519360388992e+02,-9.644817519365059155e+00,-5.782832924342465475e+01,-1.013284277343750000e+04,4.949296875000000000e+02,3.773559082031250000e+03,2.578145861625671387e-01,-1.780349388718605042e-02,3.170602917671203613e-01,2.821052968502044678e-01,1.427519518074377061e+02,9.644817519365059155e+00,5.782832924342465475e+01,-9.328530012860117893e+01,0.000000000000000000e+00,0.000000000000000000e+00,2.578145861625671387e-01,0.000000000000000000e+00,3.170602917671203613e-01,2.821052968502044678e-01,9.257273437500000000e+04,4.734015234375000000e+04,4.797351562500000000e+04,7.218139843750000000e+04,-2.132124744853488356e+07
1.260999999999999899e+00,-2.255542746229734234e+02,-6.747313489455176949e+00,-5.536669082308052481e+01,-1.012819433593750000e+04,4.910107421875000000e+02,3.758589355468750000e+03,2.534257173538208008e-01,-3.775317221879959106e-03,3.200277090072631836e-01,2.857546508312225342e-01,1.322689744943722303e+02,6.747313489455176949e+00,5.536669082308052481e+01,-9.328530012860117893e+01,0.000000000000000000e+00,0.000000000000000000e+00,2.534257173538208008e-01,0.000000000000000000e+00,3.200277090072631836e-01,2.857546508312225342e-01,9.246519531250000000e+04,4.711729687500000000e+04,4.808854687500000000e+04,7.229125000000000000e+04,-2.137523317602760345e+07
1.262000000000000011e+00,-2.152748442285890178e+02,-3.457688373555103833e+00,-5.347078390899799416e+01,-1.010703613281250000e+04,4.803302001953125000e+02,3.767404541015625000e+03,2.522982358932495117e-01,9.502309374511241913e-03,3.202379047870635986e-01,2.874183058738708496e-01,1.219895440999878531e+02,3.457688373555103833e+00,5.347078390899799416e+01,-9.328530012860117893e+01,0.000000000000000000e+00,0.000000000000000000e+00,2.522982358932495117e-01,9.502309374511241913e-03,3.202379047870635986e-01,2.874183058738708496e-01,9.233274218750000000e+04,4.689094531250000000e+04,4.819989062500000000e+04,7.240527343750000000e+04,-2.142444751492597908e+07
1.262999999999999901e+00,-2.051491804010040596e+02,1.128358814836850077e-01,-5.217720184717122578e+01,-1.008419140625000000e+04,4.644104003906250000e+02,3.773813720703125000e+03,2.513212859630584717e-01,2.429042942821979523e-02,3.180547356605529785e-01,2.875615954399108887e-01,1.118638802724028807e+02,-1.128358814836850077e-01,5.217720184717122578e+01,-9.328530012860117893e+01,0.000000000000000000e+00,0.000000000000000000e+00,2.513212859630584717e-01,2.429042942821979523e-02,3.180547356605529785e-01,2.875615954399108887e-01,9.219496875000000000e+04,4.666497656250000000e+04,4.831150000000000000e+04,7.251925000000000000e+04,-2.146925617426972091e+07
1.264000000000000012e+00,-1.950995351750178770e+02,3.875839944034690898e+00,-5.150609550571778072e+01,-1.006927539062500000e+04,4.485960693359375000e+02,3.800830566406250000e+03,2.512609958648681641e-01,4.005219414830207825e-02,3.132991492748260498e-01,2.857864499092102051e-01,1.018142350464166981e+02,-3.875839944034690898e+00,5.150609550571778072e+01,-9.328530012860117893e+01,0.000000000000000000e+00,0.000000000000000000e+00,2.512609958648681641e-01,4.005219414830207825e-02,3.132991492748260498e-01,2.857864499092102051e-01,9.205664843750000000e+04,4.643539453125000000e+04,4.841949609375000000e+04,7.263633593750000000e+04,-2.150998790290474519e+07
1.264999999999999902e+00,-1.850334396475208223e+02,7.703875174546337412e+00,-5.148827664922146141e+01,-1.006415332031250000e+04,4.349570922851562500e+02,3.808245605468750000e+03,2.508459389209747314e-01,5.780669301748275757e-02,3.060247600078582764e-01,2.820352017879486084e-01,9.174813951891964336e+01,-7.703875174546337412e+00,5.148827664922146141e+01,-9.328530012860117893e+01,0.000000000000000000e+00,0.000000000000000000e+00,2.508459389209747314e-01,5.780669301748275757e-02,3.060247600078582764e-01,2.820352017879486084e-01,9.191823437500000000e+04,4.620876171875000000e+04,4.853049218750000000e+04,7.274986718750000000e+04,-2.154693566901754960e+07
1.266000000000000014e+00,-1.748587995314264276e+02,1.146125231535074640e+01,-5.214284844026971655e+01,-1.006189843750000000e+04,4.261499023437500000e+02,3.793433837890625000e+03,2.516605854034423828e-01,7.674270868301391602e-02,2.956667542457580566e-01,2.754908502101898193e-01,8.157349940282524869e+01,-1.146125231535074640e+01,5.214284844026971655e+01,-9.328530012860117893e+01,0.000000000000000000e+00,0.000000000000000000e+00,2.516605854034423828e-01,7.674270868301391602e-02,2.956667542457580566e-01,2.754908502101898193e-01,9.177599218750000000e+04,4.598612890625000000e+04,4.864543750000000000e+04,7.285977343750000000e+04,-2.158036150573922321e+07
1.266999999999999904e+00,-1.644958683432366229e+02,1.504837800707438156e+01,-5.347857148975401032e+01,-1.005279199218750000e+04,4.204560241699218750e+02,3.797082763671875000e+03,2.538824379444122314e-01,9.698441624641418457e-02,2.819126546382904053e-01,2.658141851425170898e-01,7.121056821463544395e+01,-1.504837800707438156e+01,5.347857148975401032e+01,-9.328530012860117893e+01,0.000000000000000000e+00,0.000000000000000000e+00,2.538824379444122314e-01,9.698441624641418457e-02,2.819126546382904053e-01,2.658141851425170898e-01,9.164656250000000000e+04,4.576068750000000000e+04,4.875763671875000000e+04,7.297304687500000000e+04,-2.161050680773044750e+07
1.268000000000000016e+00,-1.538791839255304410e+02,1.834945702330250583e+01,-5.549203906699904820e+01,-1.003411132812500000e+04,4.135794067382812500e+02,3.805458496093750000e+03,2.555427551269531250e-01,1.189777180552482605e-01,2.651232182979583740e-01,2.537711858749389648e-01,6.059388379692925497e+01,-1.834945702330250583e+01,5.549203906699904820e+01,-9.328530012860117893e+01,0.000000000000000000e+00,0.000000000000000000e+00,2.555427551269531250e-01,1.189777180552482605e-01,2.651232182979583740e-01,2.537711858749389648e-01,9.153642187500000000e+04,4.553427343750000000e+04,4.886894921875000000e+04,7.308732031250000000e+04,-2.163760167994889989e+07
1.268999999999999906e+00,-1.429634550718008654e+02,2.126137628262351242e+01,-5.816751406955801684e+01,-1.000500097656250000e+04,4.018953857421875000e+02,3.832732177734375000e+03,2.572472095489501953e-01,1.417995691299438477e-01,2.454300671815872192e-01,2.396075576543807983e-01,4.967815494319969361e+01,-2.126137628262351242e+01,5.816751406955801684e+01,-9.328530012860117893e+01,0.000000000000000000e+00,0.000000000000000000e+00,2.572472095489501953e-01,1.417995691299438477e-01,2.454300671815872192e-01,2.396075576543807983e-01,9.144453125000000000e+04,4.547816406250000000e+04,4.897696875000000000e+04,7.320428906250000000e+04,-2.166187573524942994e+07
1.270000000000000018e+00,-1.317462151121862917e+02,2.363181467213183140e+01,-6.141256257804074892e+01,-9.973960937500000000e+03,3.839587707519531250e+02,3.808066894531250000e+03,2.582766115665435791e-01,1.648920178413391113e-01,2.236070334911346436e-01,2.243438065052032471e-01,3.846091498358512695e+01,-2.363181467213183140e+01,6.141256257804074892e+01,-9.328530012860117893e+01,0.000000000000000000e+00,0.000000000000000000e+00,2.582766115665435791e-01,1.648920178413391113e-01,2.236070334911346436e-01,2.243438065052032471e-01,9.135778125000000000e+04,4.559470312500000000e+04,4.909337500000000000e+04,7.331249218750000000e+04,-2.168356276595291495e+07
1.270999999999999908e+00,-1.202478582993113889e+02,2.537837084357219908e+01,-6.514065248209472259e+01,-9.947734375000000000e+03,3.647168579101562500e+02,3.802566406250000000e+03,2.624986171722412109e-01,1.871186792850494385e-01,1.996030956506729126e-01,2.073883116245269775e-01,2.696255817071020999e+01,-2.537837084357219908e+01,6.514065248209472259e+01,-9.328530012860117893e+01,0.000000000000000000e+00,0.000000000000000000e+00,2.624986171722412109e-01,1.871186792850494385e-01,1.996030956506729126e-01,2.073883116245269775e-01,9.128423437500000000e+04,4.570842968750000000e+04,4.920660937500000000e+04,7.341746093750000000e+04,-2.170290967969095334e+07
1.272000000000000020e+00,-1.085361368424150754e+02,2.641336727482721258e+01,-6.919366479664886072e+01,-9.937327148437500000e+03,3.482445068359375000e+02,3.778621337890625000e+03,2.661585807800292969e-01,2.088184058666229248e-01,1.755516380071640015e-01,1.911846250295639038e-01,1.525083671381389472e+01,-2.641336727482721258e+01,6.919366479664886072e+01,-9.328530012860117893e+01,0.000000000000000000e+00,0.000000000000000000e+00,2.661585807800292969e-01,2.088184058666229248e-01,1.755516380071640015e-01,1.911846250295639038e-01,9.123891406250000000e+04,4.582506250000000000e+04,4.932332031250000000e+04,7.339140625000000000e+04,-2.172017520191041380e+07
1.272999999999999909e+00,-9.669082275293692419e+01,2.669472222548252915e+01,-7.344095739589353400e+01,-9.942231445312500000e+03,3.387217407226562500e+02,3.799203857421875000e+03,2.712715268135070801e-01,2.295580208301544189e-01,1.520377248525619507e-01,1.757494509220123291e-01,3.405522624335747039e+00,-2.669472222548252915e+01,7.344095739589353400e+01,-9.328530012860117893e+01,0.000000000000000000e+00,0.000000000000000000e+00,2.712715268135070801e-01,2.295580208301544189e-01,1.520377248525619507e-01,1.757494509220123291e-01,9.122866406250000000e+04,4.593400390625000000e+04,4.943267187500000000e+04,7.325118750000000000e+04,-2.173563049953297526e+07
1.274000000000000021e+00,-8.486013820171146449e+01,2.619528985011792699e+01,-7.763332964669322678e+01,-9.959345703125000000e+03,3.347610168457031250e+02,3.776549560546875000e+03,2.741539180278778076e-01,2.488881051540374756e-01,1.312025785446166992e-01,1.635845154523849487e-01,-8.425161926889719766e+00,-2.619528985011792699e+01,7.763332964669322678e+01,-9.328530012860117893e+01,0.000000000000000000e+00,0.000000000000000000e+00,2.741539180278778076e-01,2.488881051540374756e-01,1.312025785446166992e-01,1.635845154523849487e-01,9.124715625000000000e+04,4.605010156250000000e+04,4.954908984375000000e+04,7.302207031250000000e+04,-2.174954486967095360e+07
1.274999999999999911e+00,-7.316724943349939281e+01,2.493820069339929546e+01,-8.160760075094870558e+01,-9.973422851562500000e+03,3.343948059082031250e+02,3.788970214843750000e+03,2.796269059181213379e-01,2.667509019374847412e-01,1.124469041824340820e-01,1.531818062067031860e-01,-2.011805069510179322e+01,-2.493820069339929546e+01,8.160760075094870558e+01,-9.328530012860117893e+01,0.000000000000000000e+00,0.000000000000000000e+00,2.796269059181213379e-01,2.667509019374847412e-01,1.124469041824340820e-01,1.531818062067031860e-01,9.129186718750000000e+04,4.616082031250000000e+04,4.949884375000000000e+04,7.279886718750000000e+04,-2.176218003041476756e+07
1.276000000000000023e+00,-6.173510752020054326e+01,2.299393032504433165e+01,-8.517066824058092323e+01,-9.980597656250000000e+03,3.309307556152343750e+02,3.782285888671875000e+03,2.829787135124206543e-01,2.822714149951934814e-01,9.786324203014373779e-02,1.474956423044204712e-01,-3.155019260840063211e+01,-2.299393032504433165e+01,8.517066824058092323e+01,-9.328530012860117893e+01,0.000000000000000000e+00,0.000000000000000000e+00,2.829787135124206543e-01,2.822714149951934814e-01,9.786324203014373779e-02,1.474956423044204712e-01,9.137039843750000000e+04,4.627462890625000000e+04,4.930219531250000000e+04,7.257273437500000000e+04,-2.177377401747563854e+07
1.276999999999999913e+00,-5.062059921704911858e+01,2.043306894012848574e+01,-8.823870356187484276e+01,-9.975203125000000000e+03,3.224272766113281250e+02,3.822749023437500000e+03,2.869616150856018066e-01,2.956643700599670410e-01,8.693395555019378662e-02,1.454257518053054810e-01,-4.266470091155206035e+01,-2.043306894012848574e+01,8.823870356187484276e+01,-9.328530012860117893e+01,0.000000000000000000e+00,0.000000000000000000e+00,2.869616150856018066e-01,2.956643700599670410e-01,8.693395555019378662e-02,1.454257518053054810e-01,9.147875781250000000e+04,4.638037500000000000e+04,4.907025781250000000e+04,7.235473437500000000e+04,-2.178454004165332392e+07
1.278000000000000025e+00,-3.985468230848179161e+01,1.739521839516034873e+01,-9.069067530183659187e+01,-9.967024414062500000e+03,3.056371765136718750e+02,3.814533447265625000e+03,2.874743938446044922e-01,3.058896064758300781e-01,8.120909333229064941e-02,1.493336260318756104e-01,-5.343061782011938732e+01,-1.739521839516034873e+01,9.069067530183659187e+01,-9.328530012860117893e+01,0.000000000000000000e+00,0.000000000000000000e+00,2.874743938446044922e-01,3.058896064758300781e-01,8.120909333229064941e-02,1.493336260318756104e-01,9.158979687500000000e+04,4.649397656250000000e+04,4.884678515625000000e+04,7.212823437500000000e+04,-2.179465582956495136e+07
1.278999999999999915e+00,-2.940009280126002977e+01,1.399343695298904144e+01,-9.249357948183292422e+01,-9.962953125000000000e+03,2.870103149414062500e+02,3.812886230468750000e+03,2.896576523780822754e-01,3.147604763507843018e-01,7.881028950214385986e-02,1.556544303894042969e-01,-6.388520732734114915e+01,-1.399343695298904144e+01,9.249357948183292422e+01,-9.328530012860117893e+01,0.000000000000000000e+00,0.000000000000000000e+00,2.896576523780822754e-01,3.147604763507843018e-01,7.881028950214385986e-02,1.556544303894042969e-01,9.170211718750000000e+04,4.660690234375000000e+04,4.862214843750000000e+04,7.190262500000000000e+04,-2.180427107354479283e+07
1.280000000000000027e+00,-1.918235514460107538e+01,1.037755165621684839e+01,-9.361920669493427738e+01,-9.976394531250000000e+03,2.691467895507812500e+02,3.774717285156250000e+03,2.902032732963562012e-01,3.220401704311370850e-01,8.060101419687271118e-02,1.654682010412216187e-01,-7.410294498400010355e+01,-1.037755165621684839e+01,9.361920669493427738e+01,-9.328530012860117893e+01,0.000000000000000000e+00,0.000000000000000000e+00,2.902032732963562012e-01,3.220401704311370850e-01,8.060101419687271118e-02,1.654682010412216187e-01,9.180821875000000000e+04,4.672603515625000000e+04,4.840344140625000000e+04,7.167100781250000000e+04,-2.181351128573425114e+07
1.280999999999999917e+00,-9.099858321021230267e+00,6.628589937461729420e+00,-9.407916433336690432e+01,-1.001082519531250000e+04,2.595603637695312500e+02,3.772340087890625000e+03,2.916888594627380371e-01,3.295015692710876465e-01,8.523474633693695068e-02,1.761897057294845581e-01,-8.418544180757994866e+01,-6.628589937461729420e+00,9.407916433336690432e+01,-9.328530012860117893e+01,0.000000000000000000e+00,0.000000000000000000e+00,2.916888594627380371e-01,3.295015692710876465e-01,8.523474633693695068e-02,1.761897057294845581e-01,9.192028906250000000e+04,4.683903125000000000e+04,4.817850000000000000e+04,7.144560937500000000e+04,-2.182248892052193731e+07
1.282000000000000028e+00,9.497459760361266490e-01,2.870988432612100016e+00,-9.387215628586733374e+01,-1.006313574218750000e+04,2.584381103515625000e+02,3.759230468750000000e+03,2.902903556823730469e-01,3.362552225589752197e-01,9.398823231458663940e-02,1.894251555204391479e-01,-9.423504610463730558e+01,-2.870988432612100016e+00,9.387215628586733374e+01,-9.328530012860117893e+01,0.000000000000000000e+00,0.000000000000000000e+00,2.902903556823730469e-01,3.362552225589752197e-01,9.398823231458663940e-02,1.894251555204391479e-01,9.203065625000000000e+04,4.695351953125000000e+04,4.795538281250000000e+04,7.123145312500000000e+04,-2.183131004683969542e+07
1.282999999999999918e+00,1.105772778736815098e+01,-7.845957531250341566e-01,-9.300410671084327419e+01,-1.012016699218750000e+04,2.669609680175781250e+02,3.752573486328125000e+03,2.893838286399841309e-01,3.440780937671661377e-01,1.051933243870735168e-01,2.023634910583496094e-01,-1.043430279159693299e+02,7.845957531250341566e-01,9.300410671084327419e+01,-9.328530012860117893e+01,0.000000000000000000e+00,0.000000000000000000e+00,2.893838286399841309e-01,3.440780937671661377e-01,1.051933243870735168e-01,2.023634910583496094e-01,9.214189843750000000e+04,4.706699609375000000e+04,4.773162500000000000e+04,7.112415625000000000e+04,-2.184008269963909313e+07
1.284000000000000030e+00,2.129423740409914956e+01,-4.210477455593221841e+00,-9.149646886292310910e+01,-1.016716113281250000e+04,2.793943481445312500e+02,3.736763427734375000e+03,2.884787917137145996e-01,3.529056012630462646e-01,1.183369457721710205e-01,2.146337032318115234e-01,-1.145795375327003285e+02,4.210477455593221841e+00,9.149646886292310910e+01,-9.328530012860117893e+01,0.000000000000000000e+00,0.000000000000000000e+00,2.884787917137145996e-01,3.529056012630462646e-01,1.183369457721710205e-01,2.146337032318115234e-01,9.225196093750000000e+04,4.718243359375000000e+04,4.751983203125000000e+04,7.111529687500000000e+04,-2.184892547612050176e+07
1.284999999999999920e+00,3.170503068525734136e+01,-7.294466310690615352e+00,-8.938840976927301085e+01,-1.019580175781250000e+04,2.891807556152343750e+02,3.723215576171875000e+03,2.884213924407958984e-01,3.629417121410369873e-01,1.317969560623168945e-01,2.253098189830780029e-01,-1.249903308138585203e+02,7.294466310690615352e+00,8.938840976927301085e+01,-9.328530012860117893e+01,0.000000000000000000e+00,0.000000000000000000e+00,2.884213924407958984e-01,3.629417121410369873e-01,1.317969560623168945e-01,2.253098189830780029e-01,9.236199218750000000e+04,4.729739843750000000e+04,4.741883593750000000e+04,7.119875000000000000e+04,-2.185797418213109300e+07
1.286000000000000032e+00,4.231402583529349215e+01,-9.952845799700977381e+00,-8.672486113583370582e+01,-1.020580371093750000e+04,2.902366638183593750e+02,3.735436035156250000e+03,2.875406742095947266e-01,3.730581402778625488e-01,1.443817317485809326e-01,2.350941747426986694e-01,-1.355993259638946711e+02,9.952845799700977381e+00,8.672486113583370582e+01,-9.328530012860117893e+01,0.000000000000000000e+00,0.000000000000000000e+00,2.875406742095947266e-01,3.730581402778625488e-01,1.443817317485809326e-01,2.350941747426986694e-01,9.247687500000000000e+04,4.740788671875000000e+04,4.742336718750000000e+04,7.131329687500000000e+04,-2.186738491959202662e+07
1.286999999999999922e+00,5.312480438001550453e+01,-1.207761975497932028e+01,-8.359543565419203048e+01,-1.020897949218750000e+04,2.824526062011718750e+02,3.729117431640625000e+03,2.831407487392425537e-01,3.814463317394256592e-01,1.552195250988006592e-01,2.453937679529190063e-01,-1.464101045086166835e+02,1.207761975497932028e+01,8.359543565419203048e+01,-9.328530012860117893e+01,0.000000000000000000e+00,0.000000000000000000e+00,2.831407487392425537e-01,3.814463317394256592e-01,1.552195250988006592e-01,2.453937679529190063e-01,9.258277343750000000e+04,4.752116406250000000e+04,4.753071875000000000e+04,7.142511718750000000e+04,-2.187734123019360006e+07
1.288000000000000034e+00,6.412553056030903065e+01,-1.359858966608784314e+01,-8.008250281304317753e+01,-1.021621875000000000e+04,2.717227478027343750e+02,3.742626708984375000e+03,2.772167325019836426e-01,3.895514607429504395e-01,1.619208455085754395e-01,2.546071708202362061e-01,-1.574108306889102096e+02,1.359858966608784314e+01,8.008250281304317753e+01,-9.328530012860117893e+01,0.000000000000000000e+00,0.000000000000000000e+00,2.772167325019836426e-01,3.895514607429504395e-01,1.619208455085754395e-01,2.546071708202362061e-01,9.265938281250000000e+04,4.763141015625000000e+04,4.764127734375000000e+04,7.154010156250000000e+04,-2.188805144276094809e+07
1.288999999999999924e+00,7.527519729187669384e+01,-1.443203778263653447e+01,-7.634997600983261634e+01,-1.024179785156250000e+04,2.633364257812500000e+02,3.711639648437500000e+03,2.676137685775756836e-01,3.963043689727783203e-01,1.643802523612976074e-01,2.632417380809783936e-01,-1.685604974204778728e+02,1.443203778263653447e+01,7.634997600983261634e+01,-9.328530012860117893e+01,0.000000000000000000e+00,0.000000000000000000e+00,2.676137685775756836e-01,3.963043689727783203e-01,1.643802523612976074e-01,2.632417380809783936e-01,9.268466406250000000e+04,4.774939843750000000e+04,4.775914843750000000e+04,7.164725781250000000e+04,-2.189975540063954145e+07
1.290000000000000036e+00,8.652336947950432489e+01,-1.454683700055356432e+01,-7.250888543335990732e+01,-1.028317285156250000e+04,2.630012817382812500e+02,3.716355712890625000e+03,2.585092186927795410e-01,4.046854078769683838e-01,1.606342643499374390e-01,2.684469819068908691e-01,-1.798086696081055038e+02,1.454683700055356432e+01,7.250888543335990732e+01,-9.328530012860117893e+01,0.000000000000000000e+00,0.000000000000000000e+00,2.585092186927795410e-01,4.046854078769683838e-01,1.606342643499374390e-01,2.684469819068908691e-01,9.264795312500000000e+04,4.786129296875000000e+04,4.787089453125000000e+04,7.176037500000000000e+04,-2.191271084303913638e+07
1.290999999999999925e+00,-2.622121297863693030e+02,-1.393107830139377512e+01,-6.874727366042773724e+01,-1.033535644531250000e+04,2.674059753417968750e+02,3.692971923828125000e+03,2.464581280946731567e-01,4.121579527854919434e-01,1.521047949790954590e-01,2.712923884391784668e-01,1.689268296577681099e+02,1.393107830139377512e+01,6.874727366042773724e+01,-9.328530012860117893e+01,0.000000000000000000e+00,0.000000000000000000e+00,2.464581280946731567e-01,4.121579527854919434e-01,1.521047949790954590e-01,2.712923884391784668e-01,9.254216406250000000e+04,4.797766796875000000e+04,4.798702343750000000e+04,7.186893750000000000e+04,-2.198638630662462115e+07
1.292000000000000037e+00,-2.510097108573365858e+02,-1.260317851193502747e+01,-6.518066477050911089e+01,-1.037996679687500000e+04,2.759436950683593750e+02,3.711460205078125000e+03,2.659601867198944092e-01,-4.486741870641708374e-02,3.123872578144073486e-01,2.803074717521667480e-01,1.577244107287354211e+02,1.260317851193502747e+01,6.518066477050911089e+01,-9.328530012860117893e+01,0.000000000000000000e+00,0.000000000000000000e+00,2.659601867198944092e-01,0.000000000000000000e+00,3.123872578144073486e-01,2.803074717521667480e-01,9.235942187500000000e+04,4.808678906250000000e+04,4.809638281250000000e+04,7.198485156250000000e+04,-2.205379954073783383e+07
1.292999999999999927e+00,-2.399527355032179230e+02,-1.062714311021674796e+01,-6.196873669163966980e+01,-1.040638769531250000e+04,2.802298583984375000e+02,3.709620117187500000e+03,2.602910995483398438e-01,-3.403111919760704041e-02,3.184269666671752930e-01,2.862027585506439209e-01,1.466674353746167583e+02,1.062714311021674796e+01,6.196873669163966980e+01,-9.328530012860117893e+01,0.000000000000000000e+00,0.000000000000000000e+00,2.602910995483398438e-01,0.000000000000000000e+00,3.184269666671752930e-01,2.862027585506439209e-01,9.231721093750000000e+04,4.786198828125000000e+04,4.820951171875000000e+04,7.209732812500000000e+04,-2.211532991651115566e+07
1.294000000000000039e+00,-2.290911146572986468e+02,-8.080510661190421828e+00,-5.920807922143541191e+01,-1.040906054687500000e+04,2.800832519531250000e+02,3.723408935546875000e+03,2.565048933029174805e-01,-2.225760743021965027e-02,3.225122094154357910e-01,2.906408905982971191e-01,1.358058145286974536e+02,8.080510661190421828e+00,5.920807922143541191e+01,-9.328530012860117893e+01,0.000000000000000000e+00,0.000000000000000000e+00,2.565048933029174805e-01,0.000000000000000000e+00,3.225122094154357910e-01,2.906408905982971191e-01,9.223817187500000000e+04,4.763488671875000000e+04,4.831992968750000000e+04,7.221196093750000000e+04,-2.217138354662371799e+07
1.294999999999999929e+00,-2.184384591654655310e+02,-5.079537180288591358e+00,-5.698815558240490731e+01,-1.039449218750000000e+04,2.706601257324218750e+02,3.719260009765625000e+03,2.532213926315307617e-01,-8.754547685384750366e-03,3.243943750858306885e-01,2.935494184494018555e-01,1.251531590368643521e+02,5.079537180288591358e+00,5.698815558240490731e+01,-9.328530012860117893e+01,0.000000000000000000e+00,0.000000000000000000e+00,2.532213926315307617e-01,0.000000000000000000e+00,3.243943750858306885e-01,2.935494184494018555e-01,9.213111718750000000e+04,4.741061718750000000e+04,4.843316406250000000e+04,7.232358593750000000e+04,-2.222237235864095017e+07
1.296000000000000041e+00,-2.079625210077470570e+02,-1.727708773142503151e+00,-5.535038146281594607e+01,-1.037498828125000000e+04,2.545871124267578125e+02,3.725601074218750000e+03,2.518008947372436523e-01,5.156654864549636841e-03,3.238162398338317871e-01,2.947869896888732910e-01,1.146772208791458922e+02,1.727708773142503151e+00,5.535038146281594607e+01,-9.328530012860117893e+01,0.000000000000000000e+00,0.000000000000000000e+00,2.518008947372436523e-01,5.156654864549636841e-03,3.238162398338317871e-01,2.947869896888732910e-01,9.200448437500000000e+04,4.718437500000000000e+04,4.854434375000000000e+04,7.243710937500000000e+04,-2.226868741849053279e+07
1.296999999999999931e+00,-1.975992526986755138e+02,1.868158889809068413e+00,-5.432827508908730607e+01,-1.036084667968750000e+04,2.366925048828125000e+02,3.735873535156250000e+03,2.508269548416137695e-01,2.043096534907817841e-02,3.208117187023162842e-01,2.943320572376251221e-01,1.043139525700743206e+02,-1.868158889809068413e+00,5.432827508908730607e+01,-9.328530012860117893e+01,0.000000000000000000e+00,0.000000000000000000e+00,2.508269548416137695e-01,2.043096534907817841e-02,3.208117187023162842e-01,2.943320572376251221e-01,9.187171093750000000e+04,4.695723046875000000e+04,4.865500781250000000e+04,7.255168750000000000e+04,-2.231068793464940041e+07
1.298000000000000043e+00,-1.872626502688762571e+02,5.582622753557381579e+00,-5.395505910970647534e+01,-1.035720117187500000e+04,2.229354095458984375e+02,3.731519775390625000e+03,2.503753900527954102e-01,3.730208054184913635e-02,3.151782155036926270e-01,2.918038368225097656e-01,9.397735014027509237e+01,-5.582622753557381579e+00,5.395505910970647534e+01,-9.328530012860117893e+01,0.000000000000000000e+00,0.000000000000000000e+00,2.503753900527954102e-01,3.730208054184913635e-02,3.151782155036926270e-01,2.918038368225097656e-01,9.173216406250000000e+04,4.673297656250000000e+04,4.876852734375000000e+04,7.266367968750000000e+04,-2.234869754891546443e+07
1.298999999999999932e+00,-1.768614056948289317e+02,9.306832842325043487e+00,-5.425270309281812331e+01,-1.035898144531250000e+04,2.159083251953125000e+02,3.734744384765625000e+03,2.512018680572509766e-01,5.579902231693267822e-02,3.065080046653747559e-01,2.865604162216186523e-01,8.357610556622776699e+01,-9.306832842325043487e+00,5.425270309281812331e+01,-9.328530012860117893e+01,0.000000000000000000e+00,0.000000000000000000e+00,2.512018680572509766e-01,5.579902231693267822e-02,3.065080046653747559e-01,2.865604162216186523e-01,9.159448437500000000e+04,4.650759765625000000e+04,4.888074609375000000e+04,7.277651562500000000e+04,-2.238300747867024690e+07
1.300000000000000044e+00,-1.663107315361818337e+02,1.290231806214988453e+01,-5.523162288822606314e+01,-1.035839257812500000e+04,2.120259552001953125e+02,3.720588378906250000e+03,2.521538734436035156e-01,7.656057178974151611e-02,2.946147620677947998e-01,2.785247266292572021e-01,7.302543140758066897e+01,-1.290231806214988453e+01,5.523162288822606314e+01,-9.328530012860117893e+01,0.000000000000000000e+00,0.000000000000000000e+00,2.521538734436035156e-01,7.656057178974151611e-02,2.946147620677947998e-01,2.785247266292572021e-01,9.146254687500000000e+04,4.628492578125000000e+04,4.899570703125000000e+04,7.288650000000000000e+04,-2.241388374007258937e+07
1.300999999999999934e+00,-1.555419124507292281e+02,1.628051816028165533e+01,-5.689744616479922712e+01,-1.034526464843750000e+04,2.063872833251953125e+02,3.742422851562500000e+03,2.544342577457427979e-01,9.859070926904678345e-02,2.791733443737030029e-01,2.674799561500549316e-01,6.225661232212806340e+01,-1.628051816028165533e+01,5.689744616479922712e+01,-9.328530012860117893e+01,0.000000000000000000e+00,0.000000000000000000e+00,2.544342577457427979e-01,9.859070926904678345e-02,2.791733443737030029e-01,2.674799561500549316e-01,9.134717968750000000e+04,4.605591796875000000e+04,4.910439843750000000e+04,7.300269531250000000e+04,-2.244157940125306323e+07
1.302000000000000046e+00,-1.445081497519093716e+02,1.929508475100681153e+01,-5.921834093485691852e+01,-1.032075488281250000e+04,1.953122711181640625e+02,3.737595458984375000e+03,2.551861405372619629e-01,1.221542283892631531e-01,2.608095109462738037e-01,2.546061575412750244e-01,5.122284962330819269e+01,-1.929508475100681153e+01,5.921834093485691852e+01,-9.328530012860117893e+01,0.000000000000000000e+00,0.000000000000000000e+00,2.551861405372619629e-01,1.221542283892631531e-01,2.608095109462738037e-01,2.546061575412750244e-01,9.124588281250000000e+04,4.583150390625000000e+04,4.921744140625000000e+04,7.311481250000000000e+04,-2.246634111879640818e+07
1.302999999999999936e+00,-1.331836568432958359e+02,2.184126973386890214e+01,-6.215467327622805271e+01,-1.028877636718750000e+04,1.809434204101562500e+02,3.747534667968750000e+03,2.577888667583465576e-01,1.455419063568115234e-01,2.393777817487716675e-01,2.395584732294082642e-01,3.989835671469465694e+01,-2.184126973386890214e+01,6.215467327622805271e+01,-9.328530012860117893e+01,0.000000000000000000e+00,0.000000000000000000e+00,2.577888667583465576e-01,1.455419063568115234e-01,2.393777817487716675e-01,2.395584732294082642e-01,9.115541406250000000e+04,4.579732421875000000e+04,4.932843750000000000e+04,7.322899218750000000e+04,-2.248841924972022325e+07
1.304000000000000048e+00,-1.215868236074706772e+02,2.378212091411466744e+01,-6.558172972422886460e+01,-1.026403906250000000e+04,1.646968383789062500e+02,3.708643066406250000e+03,2.600477933883666992e-01,1.689884066581726074e-01,2.161132991313934326e-01,2.237387746572494507e-01,2.830152347886949826e+01,-2.378212091411466744e+01,6.558172972422886460e+01,-9.328530012860117893e+01,0.000000000000000000e+00,0.000000000000000000e+00,2.600477933883666992e-01,1.689884066581726074e-01,2.161132991313934326e-01,2.237387746572494507e-01,9.107701562500000000e+04,4.591645312500000000e+04,4.944773437500000000e+04,7.333479687500000000e+04,-2.250806915794397146e+07
1.304999999999999938e+00,-1.097497412314407086e+02,2.505290754247287310e+01,-6.940531341720232206e+01,-1.025231933593750000e+04,1.513908386230468750e+02,3.707912841796875000e+03,2.655823230743408203e-01,1.915772259235382080e-01,1.913190186023712158e-01,2.068353593349456787e-01,1.646444110283953322e+01,-2.505290754247287310e+01,6.940531341720232206e+01,-9.328530012860117893e+01,0.000000000000000000e+00,0.000000000000000000e+00,2.655823230743408203e-01,1.915772259235382080e-01,1.913190186023712158e-01,2.068353593349456787e-01,9.100735937500000000e+04,4.602894531250000000e+04,4.956053906250000000e+04,7.344707812500000000e+04,-2.252555890935121104e+07
1.306000000000000050e+00,-9.776092762378851830e+01,2.558265752889153433e+01,-7.344065439242727678e+01,-1.025900292968750000e+04,1.423466339111328125e+02,3.688043701171875000e+03,2.693114876747131348e-01,2.135357558727264404e-01,1.674473285675048828e-01,1.916291862726211548e-01,4.475627495187337601e+00,-2.558265752889153433e+01,7.344065439242727678e+01,-9.328530012860117893e+01,0.000000000000000000e+00,0.000000000000000000e+00,2.693114876747131348e-01,2.135357558727264404e-01,1.674473285675048828e-01,1.916291862726211548e-01,9.095178906250000000e+04,4.614455078125000000e+04,4.967636718750000000e+04,7.354234375000000000e+04,-2.254116411040490493e+07
1.306999999999999940e+00,-8.571978681324603144e+01,2.534263268799170277e+01,-7.753892470531843628e+01,-1.027499804687500000e+04,1.402564086914062500e+02,3.710139892578125000e+03,2.744666337966918945e-01,2.341835796833038330e-01,1.448357403278350830e-01,1.778371632099151611e-01,-7.565513315355149260e+00,-2.534263268799170277e+01,7.753892470531843628e+01,-9.328530012860117893e+01,0.000000000000000000e+00,0.000000000000000000e+00,2.744666337966918945e-01,2.341835796833038330e-01,1.448357403278350830e-01,1.778371632099151611e-01,9.097085937500000000e+04,4.625366015625000000e+04,4.978492187500000000e+04,7.340229687500000000e+04,-2.255516652613222972e+07
1.308000000000000052e+00,-7.377863893674387441e+01,2.434226692117328028e+01,-8.145005686859008165e+01,-1.029384277343750000e+04,1.416541442871093750e+02,3.689566894531250000e+03,2.772851288318634033e-01,2.530374526977539062e-01,1.254699081182479858e-01,1.678132414817810059e-01,-1.950666119185729741e+01,-2.434226692117328028e+01,8.145005686859008165e+01,-9.328530012860117893e+01,0.000000000000000000e+00,0.000000000000000000e+00,2.772851288318634033e-01,2.530374526977539062e-01,1.254699081182479858e-01,1.678132414817810059e-01,9.101834375000000000e+04,4.636980468750000000e+04,4.984249609375000000e+04,7.317355468750000000e+04,-2.256783647141834721e+07
1.308999999999999941e+00,-6.205133951999948749e+01,2.263047816518150768e+01,-8.502057038990442095e+01,-1.030022363281250000e+04,1.432309875488281250e+02,3.697087646484375000e+03,2.825808525085449219e-01,2.701486051082611084e-01,1.086894795298576355e-01,1.601026803255081177e-01,-3.123396060860169499e+01,-2.263047816518150768e+01,8.502057038990442095e+01,-9.328530012860117893e+01,0.000000000000000000e+00,0.000000000000000000e+00,2.825808525085449219e-01,2.701486051082611084e-01,1.086894795298576355e-01,1.601026803255081177e-01,9.106977343750000000e+04,4.648105078125000000e+04,4.989443359375000000e+04,7.294951562500000000e+04,-2.257942747608598322e+07
1.310000000000000053e+00,-5.063034469687642769e+01,2.031204718439323642e+01,-8.808634332407231682e+01,-1.029482226562500000e+04,1.377780914306640625e+02,3.678368896484375000e+03,2.858418226242065430e-01,2.847207784652709961e-01,9.625857323408126831e-02,1.572213768959045410e-01,-4.265495543172475124e+01,-2.031204718439323642e+01,8.808634332407231682e+01,-9.328530012860117893e+01,0.000000000000000000e+00,0.000000000000000000e+00,2.858418226242065430e-01,2.847207784652709961e-01,9.625857323408126831e-02,1.572213768959045410e-01,9.117224218750000000e+04,4.659637890625000000e+04,4.967271484375000000e+04,7.272129687500000000e+04,-2.259016269103113562e+07
1.310999999999999943e+00,-3.953480539053640541e+01,1.747204935988325403e+01,-9.058913324076092977e+01,-1.028123437500000000e+04,1.272006835937500000e+02,3.700243896484375000e+03,2.899297475814819336e-01,2.971627116203308105e-01,8.749760687351226807e-02,1.578828841447830200e-01,-5.375049473806477351e+01,-1.747204935988325403e+01,9.058913324076092977e+01,-9.328530012860117893e+01,0.000000000000000000e+00,0.000000000000000000e+00,2.899297475814819336e-01,2.971627116203308105e-01,8.749760687351226807e-02,1.578828841447830200e-01,9.128853906250000000e+04,4.670535156250000000e+04,4.944410156250000000e+04,7.250020312500000000e+04,-2.260023735543854907e+07
1.312000000000000055e+00,-2.874506741329911108e+01,1.425483526114298272e+01,-9.245228124504114930e+01,-1.027667285156250000e+04,1.112439193725585938e+02,3.685840087890625000e+03,2.904947400093078613e-01,3.067578673362731934e-01,8.376333862543106079e-02,1.639577746391296387e-01,-6.454023271530206785e+01,-1.425483526114298272e+01,9.245228124504114930e+01,-9.328530012860117893e+01,0.000000000000000000e+00,0.000000000000000000e+00,2.904947400093078613e-01,3.067578673362731934e-01,8.376333862543106079e-02,1.639577746391296387e-01,9.139857031250000000e+04,4.682055468750000000e+04,4.922133984375000000e+04,7.227275781250000000e+04,-2.260981425897487998e+07
1.312999999999999945e+00,-1.818993104019220652e+01,1.076759268464241615e+01,-9.365752140121757918e+01,-1.029037792968750000e+04,9.866299438476562500e+01,3.683957519531250000e+03,2.918906807899475098e-01,3.153023421764373779e-01,8.342679589986801147e-02,1.723661273717880249e-01,-7.509536908840897240e+01,-1.076759268464241615e+01,9.365752140121757918e+01,-9.328530012860117893e+01,0.000000000000000000e+00,0.000000000000000000e+00,2.918906807899475098e-01,3.153023421764373779e-01,8.342679589986801147e-02,1.723661273717880249e-01,9.151078906250000000e+04,4.693349218750000000e+04,4.899622656250000000e+04,7.204710156250000000e+04,-2.261903280493336916e+07
1.314000000000000057e+00,-7.777046006574863668e+00,7.168462083333349888e+00,-9.418534256391940573e+01,-1.032709863281250000e+04,9.242251586914062500e+01,3.640440673828125000e+03,2.912071049213409424e-01,3.228657543659210205e-01,8.712197095155715942e-02,1.836186498403549194e-01,-8.550825412202631526e+01,-7.168462083333349888e+00,9.418534256391940573e+01,-9.328530012860117893e+01,0.000000000000000000e+00,0.000000000000000000e+00,2.912071049213409424e-01,3.228657543659210205e-01,8.712197095155715942e-02,1.836186498403549194e-01,9.161603125000000000e+04,4.705306640625000000e+04,4.877829687500000000e+04,7.181457812500000000e+04,-2.262801555298047885e+07
1.314999999999999947e+00,2.591699973245681576e+00,3.555605936291331926e+00,-9.404271156623494221e+01,-1.037863378906250000e+04,9.847563934326171875e+01,3.619255859375000000e+03,2.921735048294067383e-01,3.316181898117065430e-01,9.305090457201004028e-02,1.946258395910263062e-01,-9.587700010184686050e+01,-3.555605936291331926e+00,9.404271156623494221e+01,-9.328530012860117893e+01,0.000000000000000000e+00,0.000000000000000000e+00,2.921735048294067383e-01,3.316181898117065430e-01,9.305090457201004028e-02,1.946258395910263062e-01,9.172491406250000000e+04,4.716890625000000000e+04,4.855700390625000000e+04,7.164692968750000000e+04,-2.263687894382153451e+07
1.316000000000000059e+00,1.300217359167521636e+01,5.101361357241434441e-02,-9.324108800877226599e+01,-1.043228808593750000e+04,1.129322433471679688e+02,3.598192382812500000e+03,2.915498614311218262e-01,3.408647477626800537e-01,1.019823178648948669e-01,2.063063681125640869e-01,-1.062874737202763953e+02,-5.101361357241434441e-02,9.324108800877226599e+01,-9.328530012860117893e+01,0.000000000000000000e+00,0.000000000000000000e+00,2.915498614311218262e-01,3.408647477626800537e-01,1.019823178648948669e-01,2.063063681125640869e-01,9.183399218750000000e+04,4.728520703125000000e+04,4.833560546875000000e+04,7.148357812500000000e+04,-2.264573190343509242e+07
1.316999999999999948e+00,2.352086973622550659e+01,-3.250529546592911156e+00,-9.179677478564400417e+01,-1.047489746093750000e+04,1.307650299072265625e+02,3.605993164062500000e+03,2.913419008255004883e-01,3.513076603412628174e-01,1.126566678285598755e-01,2.171083390712738037e-01,-1.168061698648266855e+02,3.250529546592911156e+00,9.179677478564400417e+01,-9.328530012860117893e+01,0.000000000000000000e+00,0.000000000000000000e+00,2.913419008255004883e-01,3.513076603412628174e-01,1.126566678285598755e-01,2.171083390712738037e-01,9.194761718750000000e+04,4.739665234375000000e+04,4.810923828125000000e+04,7.150007031250000000e+04,-2.265473234855161980e+07
1.318000000000000060e+00,3.419158647599959977e+01,-6.228712421495641749e+00,-8.974991756066293647e+01,-1.049804101562500000e+04,1.433551788330078125e+02,3.611873779296875000e+03,2.896736860275268555e-01,3.616872727870941162e-01,1.247915104031562805e-01,2.277607172727584839e-01,-1.274768866046007787e+02,6.228712421495641749e+00,8.974991756066293647e+01,-9.328530012860117893e+01,0.000000000000000000e+00,0.000000000000000000e+00,2.896736860275268555e-01,3.616872727870941162e-01,1.247915104031562805e-01,2.277607172727584839e-01,9.206131250000000000e+04,4.750823437500000000e+04,4.794496093750000000e+04,7.159600000000000000e+04,-2.266399525769793987e+07
1.318999999999999950e+00,4.503546040128175321e+01,-8.761826373656703026e+00,-8.717360291786899040e+01,-1.050421679687500000e+04,1.475172882080078125e+02,3.599241699218750000e+03,2.876417040824890137e-01,3.720644414424896240e-01,1.362958699464797974e-01,2.375600039958953857e-01,-1.383207605298829321e+02,8.761826373656703026e+00,8.717360291786899040e+01,-9.328530012860117893e+01,0.000000000000000000e+00,0.000000000000000000e+00,2.876417040824890137e-01,3.720644414424896240e-01,1.362958699464797974e-01,2.375600039958953857e-01,9.217148437500000000e+04,4.762256640625000000e+04,4.778775781250000000e+04,7.168664062500000000e+04,-2.267369945703858137e+07
1.320000000000000062e+00,5.605530637692656626e+01,-1.076106195226302731e+01,-8.415004032222351782e+01,-1.050358886718750000e+04,1.453188018798828125e+02,3.590267333984375000e+03,2.850347161293029785e-01,3.824152946472167969e-01,1.451620757579803467e-01,2.462350875139236450e-01,-1.493406065055277452e+02,1.076106195226302731e+01,8.415004032222351782e+01,-9.328530012860117893e+01,0.000000000000000000e+00,0.000000000000000000e+00,2.850347161293029785e-01,3.824152946472167969e-01,1.451620757579803467e-01,2.462350875139236450e-01,9.228284375000000000e+04,4.773648046875000000e+04,4.782343359375000000e+04,7.179766406250000000e+04,-2.268403868415216357e+07
1.320999999999999952e+00,6.723864270969606594e+01,-1.214315797322300661e+01,-8.079468327332619992e+01,-1.051350488281250000e+04,1.420017700195312500e+02,3.569272705078125000e+03,2.795683741569519043e-01,3.917473256587982178e-01,1.505134701728820801e-01,2.544178068637847900e-01,-1.605239428382972449e+02,1.214315797322300661e+01,8.079468327332619992e+01,-9.328530012860117893e+01,0.000000000000000000e+00,0.000000000000000000e+00,2.795683741569519043e-01,3.917473256587982178e-01,1.505134701728820801e-01,2.544178068637847900e-01,9.237339843750000000e+04,4.785280859375000000e+04,4.793028515625000000e+04,7.190706250000000000e+04,-2.269523495635640621e+07
1.322000000000000064e+00,7.856327265165306528e+01,-1.285940661766006876e+01,-7.719679574220602092e+01,-1.054212597656250000e+04,1.435912780761718750e+02,3.587006103515625000e+03,2.721173763275146484e-01,4.009081423282623291e-01,1.510425806045532227e-01,2.609612047672271729e-01,-1.718485727802542442e+02,1.285940661766006876e+01,7.719679574220602092e+01,-9.328530012860117893e+01,0.000000000000000000e+00,0.000000000000000000e+00,2.721173763275146484e-01,4.009081423282623291e-01,1.510425806045532227e-01,2.609612047672271729e-01,9.243063281250000000e+04,4.796257421875000000e+04,4.803989453125000000e+04,7.202271093750000000e+04,-2.270753185377756506e+07
1.322999999999999954e+00,-2.700279907659314063e+02,-1.286043944400386430e+01,-7.353857397226269654e+01,-1.059084765625000000e+04,1.514573669433593750e+02,3.568311279296875000e+03,2.603224515914916992e-01,4.085539877414703369e-01,1.472717374563217163e-01,2.661749720573425293e-01,1.767426906373302415e+02,1.286043944400386430e+01,7.353857397226269654e+01,-9.328530012860117893e+01,0.000000000000000000e+00,0.000000000000000000e+00,2.603224515914916992e-01,4.085539877414703369e-01,1.472717374563217163e-01,2.661749720573425293e-01,9.247985937500000000e+04,4.807821875000000000e+04,4.815524609375000000e+04,7.213189062500000000e+04,-2.278602028233921900e+07
1.324000000000000066e+00,-2.586064016703462016e+02,-1.213950074992014372e+01,-6.995591101705136339e+01,-1.064245703125000000e+04,1.668851013183593750e+02,3.572460449218750000e+03,2.764082849025726318e-01,-5.496423691511154175e-02,3.083253502845764160e-01,2.762540578842163086e-01,1.653211015417450369e+02,1.213950074992014372e+01,6.995591101705136339e+01,-9.328530012860117893e+01,0.000000000000000000e+00,0.000000000000000000e+00,2.764082849025726318e-01,0.000000000000000000e+00,3.083253502845764160e-01,2.762540578842163086e-01,9.247979687500000000e+04,4.818973828125000000e+04,4.826692578125000000e+04,7.224491406250000000e+04,-2.285793875028878450e+07
1.324999999999999956e+00,-2.472621525504962960e+02,-1.073837486598899282e+01,-6.664096939003498221e+01,-1.068319726562500000e+04,1.835972900390625000e+02,3.538601318359375000e+03,2.708179950714111328e-01,-4.561841487884521484e-02,3.150148987770080566e-01,2.824546992778778076e-01,1.539768524218951313e+02,1.073837486598899282e+01,6.664096939003498221e+01,-9.328530012860117893e+01,0.000000000000000000e+00,0.000000000000000000e+00,2.708179950714111328e-01,0.000000000000000000e+00,3.150148987770080566e-01,2.824546992778778076e-01,9.238917187500000000e+04,4.830780859375000000e+04,4.838214843750000000e+04,7.235180468750000000e+04,-2.292363365386869386e+07
1.326000000000000068e+00,-2.360583492092953861e+02,-8.703944828061887407e+00,-6.367164873557404547e+01,-1.069878320312500000e+04,1.974994506835937500e+02,3.563895263671875000e+03,2.678783535957336426e-01,-3.512588888406753540e-02,3.200075328350067139e-01,2.871357500553131104e-01,1.427730490806941930e+02,8.703944828061887407e+00,6.367164873557404547e+01,-9.328530012860117893e+01,0.000000000000000000e+00,0.000000000000000000e+00,2.678783535957336426e-01,0.000000000000000000e+00,3.200075328350067139e-01,2.871357500553131104e-01,9.238539843750000000e+04,4.807878515625000000e+04,4.849069140625000000e+04,7.246892968750000000e+04,-2.298348703560838848e+07
1.326999999999999957e+00,-2.250378524219435690e+02,-6.135425758215586889e+00,-6.116947903626498828e+01,-1.069378515625000000e+04,2.025176391601562500e+02,3.570535400390625000e+03,2.633294463157653809e-01,-2.148484811186790466e-02,3.231211602687835693e-01,2.903605997562408447e-01,1.317525522933424043e+02,6.135425758215586889e+00,6.116947903626498828e+01,-9.328530012860117893e+01,0.000000000000000000e+00,0.000000000000000000e+00,2.633294463157653809e-01,0.000000000000000000e+00,3.231211602687835693e-01,2.903605997562408447e-01,9.237838281250000000e+04,4.785277343750000000e+04,4.860217578125000000e+04,7.258267187500000000e+04,-2.303790841924587265e+07
1.328000000000000069e+00,-2.141989484852333021e+02,-3.124256600567811404e+00,-5.919716461587952949e+01,-1.067612402343750000e+04,2.002998657226562500e+02,3.595593750000000000e+03,2.607396245002746582e-01,-7.153458893299102783e-03,3.239698410034179688e-01,2.920536100864410400e-01,1.209136483566321374e+02,3.124256600567811404e+00,5.919716461587952949e+01,-9.328530012860117893e+01,0.000000000000000000e+00,0.000000000000000000e+00,2.607396245002746582e-01,0.000000000000000000e+00,3.239698410034179688e-01,2.920536100864410400e-01,9.235380468750000000e+04,4.762351171875000000e+04,4.871027343750000000e+04,7.269913281250000000e+04,-2.308730367405591905e+07
1.328999999999999959e+00,-2.035002524784561615e+02,1.881548610043481951e-01,-5.782535344549941669e+01,-1.066004980468750000e+04,1.923152465820312500e+02,3.585017333984375000e+03,2.582996487617492676e-01,8.874448016285896301e-03,3.224703073501586914e-01,2.921521365642547607e-01,1.102149523498549684e+02,-1.881548610043481951e-01,5.782535344549941669e+01,-9.328530012860117893e+01,0.000000000000000000e+00,0.000000000000000000e+00,2.582996487617492676e-01,8.874448016285896301e-03,3.224703073501586914e-01,2.921521365642547607e-01,9.229165625000000000e+04,4.739984765625000000e+04,4.882431250000000000e+04,7.280971875000000000e+04,-2.313205983371806145e+07
1.330000000000000071e+00,-1.928688570979639110e+02,3.692194644121303604e+00,-5.708660667456872062e+01,-1.065295410156250000e+04,1.876050262451171875e+02,3.581212646484375000e+03,2.584148049354553223e-01,2.532659284770488739e-02,3.182702660560607910e-01,2.901710569858551025e-01,9.958355696936273205e+01,-3.692194644121303604e+00,5.708660667456872062e+01,-9.328530012860117893e+01,0.000000000000000000e+00,0.000000000000000000e+00,2.584148049354553223e-01,2.532659284770488739e-02,3.182702660560607910e-01,2.901710569858551025e-01,9.221338281250000000e+04,4.717529687500000000e+04,4.893768750000000000e+04,7.292170312500000000e+04,-2.317253074271924421e+07
1.330999999999999961e+00,-1.822175547302956602e+02,7.278879604837941386e+00,-5.700805078169886286e+01,-1.065533300781250000e+04,1.885755767822265625e+02,3.587761962890625000e+03,2.589356601238250732e-01,4.398419335484504700e-02,3.112405240535736084e-01,2.857832014560699463e-01,8.893225460169446706e+01,-7.278879604837941386e+00,5.700805078169886286e+01,-9.328530012860117893e+01,0.000000000000000000e+00,0.000000000000000000e+00,2.589356601238250732e-01,4.398419335484504700e-02,3.112405240535736084e-01,2.857832014560699463e-01,9.212167187500000000e+04,4.694941015625000000e+04,4.904940234375000000e+04,7.303572656250000000e+04,-2.320903687991336361e+07
1.332000000000000073e+00,-1.714570186205099276e+02,1.082687209774648096e+01,-5.761298365752225692e+01,-1.066179785156250000e+04,1.955541839599609375e+02,3.597807373046875000e+03,2.594829797744750977e-01,6.504623591899871826e-02,3.011151254177093506e-01,2.787467837333679199e-01,7.817171849190876287e+01,-1.082687209774648096e+01,5.761298365752225692e+01,-9.328530012860117893e+01,0.000000000000000000e+00,0.000000000000000000e+00,2.594829797744750977e-01,6.504623591899871826e-02,3.011151254177093506e-01,2.787467837333679199e-01,9.203679687500000000e+04,4.672278906250000000e+04,4.916038281250000000e+04,7.314985937500000000e+04,-2.324187086619294062e+07
1.332999999999999963e+00,-1.605133450970171225e+02,1.421556086592767265e+01,-5.891115753173788505e+01,-1.065855273437500000e+04,2.027588043212890625e+02,3.617378173828125000e+03,2.602867484092712402e-01,8.817784488201141357e-02,2.875902056694030762e-01,2.688689529895782471e-01,6.722804496841592936e+01,-1.421556086592767265e+01,5.891115753173788505e+01,-9.328530012860117893e+01,0.000000000000000000e+00,0.000000000000000000e+00,2.602867484092712402e-01,8.817784488201141357e-02,2.875902056694030762e-01,2.688689529895782471e-01,9.195609375000000000e+04,4.649432812500000000e+04,4.926953906250000000e+04,7.326541406250000000e+04,-2.327130800679963827e+07
1.334000000000000075e+00,-1.493348474786046438e+02,1.728835695520055182e+01,-6.087574986027084378e+01,-1.064140429687500000e+04,2.048308563232421875e+02,3.607177001953125000e+03,2.609964013099670410e-01,1.126832440495491028e-01,2.706937491893768311e-01,2.565558850765228271e-01,5.604954735000346489e+01,-1.728835695520055182e+01,6.087574986027084378e+01,-9.328530012860117893e+01,0.000000000000000000e+00,0.000000000000000000e+00,2.609964013099670410e-01,1.126832440495491028e-01,2.706937491893768311e-01,2.565558850765228271e-01,9.187567187500000000e+04,4.627059375000000000e+04,4.938342578125000000e+04,7.337612500000000000e+04,-2.329761364767835662e+07
1.334999999999999964e+00,-1.378919684098423488e+02,1.994306174306637658e+01,-6.347509495465897089e+01,-1.060923046875000000e+04,2.020830993652343750e+02,3.620875000000000000e+03,2.637991309165954590e-01,1.370904594659805298e-01,2.504189014434814453e-01,2.418530136346817017e-01,4.460666828124116989e+01,-1.994306174306637658e+01,6.347509495465897089e+01,-9.328530012860117893e+01,0.000000000000000000e+00,0.000000000000000000e+00,2.637991309165954590e-01,1.370904594659805298e-01,2.504189014434814453e-01,2.418530136346817017e-01,9.180750781250000000e+04,4.614904687500000000e+04,4.949364062500000000e+04,7.349123437500000000e+04,-2.332105465602148697e+07
1.336000000000000076e+00,-1.261854362550795940e+02,2.204602961440518882e+01,-6.661328680644226097e+01,-1.057825585937500000e+04,1.947994079589843750e+02,3.606103271484375000e+03,2.657652795314788818e-01,1.617568135261535645e-01,2.279946953058242798e-01,2.262589335441589355e-01,3.290013612647842223e+01,-2.204602961440518882e+01,6.661328680644226097e+01,-9.328530012860117893e+01,0.000000000000000000e+00,0.000000000000000000e+00,2.657652795314788818e-01,1.617568135261535645e-01,2.279946953058242798e-01,2.262589335441589355e-01,9.174065625000000000e+04,4.603514843750000000e+04,4.960893750000000000e+04,7.360152343750000000e+04,-2.334190077774528787e+07
1.336999999999999966e+00,-1.142347119902911032e+02,2.351313801152192440e+01,-7.019917815104305703e+01,-1.055830859375000000e+04,1.897670898437500000e+02,3.617037841796875000e+03,2.698066234588623047e-01,1.855857074260711670e-01,2.038697451353073120e-01,2.097828239202499390e-01,2.094941186168992076e+01,-2.351313801152192440e+01,7.019917815104305703e+01,-9.328530012860117893e+01,0.000000000000000000e+00,0.000000000000000000e+00,2.698066234588623047e-01,1.855857074260711670e-01,2.038697451353073120e-01,2.097828239202499390e-01,9.170021875000000000e+04,4.611487500000000000e+04,4.971985546875000000e+04,7.371564062500000000e+04,-2.336043113944102451e+07
1.338000000000000078e+00,-1.021189768434078644e+02,2.425260021386625198e+01,-7.403589137036233581e+01,-1.055840917968750000e+04,1.874768371582031250e+02,3.585316162109375000e+03,2.727124392986297607e-01,2.088702321052551270e-01,1.799137145280838013e-01,1.942716836929321289e-01,8.833676714806680152e+00,-2.425260021386625198e+01,7.403589137036233581e+01,-9.328530012860117893e+01,0.000000000000000000e+00,0.000000000000000000e+00,2.727124392986297607e-01,2.088702321052551270e-01,1.799137145280838013e-01,1.942716836929321289e-01,9.169571875000000000e+04,4.623237109375000000e+04,4.983774218750000000e+04,7.369864843750000000e+04,-2.337692892670070753e+07
1.338999999999999968e+00,-8.992222257747224035e+01,2.423168291115461415e+01,-7.798356537343249784e+01,-1.057185058593750000e+04,1.929302368164062500e+02,3.599448730468750000e+03,2.783947587013244629e-01,2.308487594127655029e-01,1.564239561557769775e-01,1.793474555015563965e-01,-3.363077551128945686e+00,-2.423168291115461415e+01,7.798356537343249784e+01,-9.328530012860117893e+01,0.000000000000000000e+00,0.000000000000000000e+00,2.783947587013244629e-01,2.308487594127655029e-01,1.564239561557769775e-01,1.793474555015563965e-01,9.169941406250000000e+04,4.634255078125000000e+04,4.994772265625000000e+04,7.368996875000000000e+04,-2.339168354373903945e+07
1.340000000000000080e+00,-7.777861468448611504e+01,2.344430512305659065e+01,-8.181436851087129014e+01,-1.059139257812500000e+04,2.023135986328125000e+02,3.590661621093750000e+03,2.814291119575500488e-01,2.513388097286224365e-01,1.358509808778762817e-01,1.678567379713058472e-01,-1.550668544411505678e+01,-2.344430512305659065e+01,8.181436851087129014e+01,-9.328530012860117893e+01,0.000000000000000000e+00,0.000000000000000000e+00,2.814291119575500488e-01,2.513388097286224365e-01,1.358509808778762817e-01,1.678567379713058472e-01,9.171932812500000000e+04,4.645684375000000000e+04,5.006139453125000000e+04,7.356142968750000000e+04,-2.340497628297881410e+07
1.340999999999999970e+00,-6.580110216597648787e+01,2.192209434987442762e+01,-8.537021715704567271e+01,-1.060223144531250000e+04,2.139693756103515625e+02,3.615385742187500000e+03,2.857654690742492676e-01,2.699728310108184814e-01,1.179792508482933044e-01,1.590309441089630127e-01,-2.748419796262469461e+01,-2.192209434987442762e+01,8.537021715704567271e+01,-9.328530012860117893e+01,0.000000000000000000e+00,0.000000000000000000e+00,2.857654690742492676e-01,2.699728310108184814e-01,1.179792508482933044e-01,1.590309441089630127e-01,9.178465625000000000e+04,4.656537500000000000e+04,5.016983203125000000e+04,7.334032031250000000e+04,-2.341707472022319585e+07
1.342000000000000082e+00,-5.410098198107651513e+01,1.976450085969125681e+01,-8.845308278304965199e+01,-1.059928417968750000e+04,2.191684265136718750e+02,3.597685058593750000e+03,2.878039479255676270e-01,2.860929667949676514e-01,1.044091433286666870e-01,1.549942940473556519e-01,-3.918431814752466380e+01,-1.976450085969125681e+01,8.845308278304965199e+01,-9.328530012860117893e+01,0.000000000000000000e+00,0.000000000000000000e+00,2.878039479255676270e-01,2.860929667949676514e-01,1.044091433286666870e-01,1.549942940473556519e-01,9.186241406250000000e+04,4.668066015625000000e+04,5.014730859375000000e+04,7.311203906250000000e+04,-2.342821621982257068e+07
1.342999999999999972e+00,-4.271488658647650283e+01,1.706937381682875454e+01,-9.098025821856411710e+01,-1.058385351562500000e+04,2.178308105468750000e+02,3.605691894531250000e+03,2.917789220809936523e-01,3.002072572708129883e-01,9.419014304876327515e-02,1.540374904870986938e-01,-5.057041354212467610e+01,-1.706937381682875454e+01,9.098025821856411710e+01,-9.328530012860117893e+01,0.000000000000000000e+00,0.000000000000000000e+00,2.917789220809936523e-01,3.002072572708129883e-01,9.419014304876327515e-02,1.540374904870986938e-01,9.197625000000000000e+04,4.679160546875000000e+04,4.992107812500000000e+04,7.288817187500000000e+04,-2.343860955226667970e+07
1.344000000000000083e+00,-3.163306530060032884e+01,1.397021262068047776e+01,-9.287804765656503037e+01,-1.057032031250000000e+04,2.100328674316406250e+02,3.597250488281250000e+03,2.932536005973815918e-01,3.116257190704345703e-01,8.872058242559432983e-02,1.581030488014221191e-01,-6.165223482800085009e+01,-1.397021262068047776e+01,9.287804765656503037e+01,-9.328530012860117893e+01,0.000000000000000000e+00,0.000000000000000000e+00,2.932536005973815918e-01,3.116257190704345703e-01,8.872058242559432983e-02,1.581030488014221191e-01,9.208736718750000000e+04,4.690580859375000000e+04,4.969744921875000000e+04,7.266198437500000000e+04,-2.344843170166415349e+07
1.344999999999999973e+00,-2.079108347763035169e+01,1.057391267809503432e+01,-9.412285112346624771e+01,-1.057377246093750000e+04,2.028482971191406250e+02,3.606906738281250000e+03,2.944533526897430420e-01,3.214529156684875488e-01,8.712161332368850708e-02,1.653538793325424194e-01,-7.249421665097082723e+01,-1.057391267809503432e+01,9.412285112346624771e+01,-9.328530012860117893e+01,0.000000000000000000e+00,0.000000000000000000e+00,2.944533526897430420e-01,3.214529156684875488e-01,8.712161332368850708e-02,1.653538793325424194e-01,9.220132812500000000e+04,4.701694140625000000e+04,4.947053906250000000e+04,7.243870312500000000e+04,-2.345783488954926282e+07
1.346000000000000085e+00,-1.009896755186974815e+01,7.023429313619524272e+00,-9.468861888373295699e+01,-1.060205371093750000e+04,2.014965362548828125e+02,3.593712158203125000e+03,2.932070791721343994e-01,3.298677206039428711e-01,8.988448977470397949e-02,1.759821325540542603e-01,-8.318633257673143078e+01,-7.023429313619524272e+00,9.468861888373295699e+01,-9.328530012860117893e+01,0.000000000000000000e+00,0.000000000000000000e+00,2.932070791721343994e-01,3.298677206039428711e-01,8.988448977470397949e-02,1.759821325540542603e-01,9.231180468750000000e+04,4.713167968750000000e+04,4.924731640625000000e+04,7.221116406250000000e+04,-2.346695214180031046e+07
1.346999999999999975e+00,5.432484535064929787e-01,3.461496544666100128e+00,-9.457034571456505034e+01,-1.064959667968750000e+04,2.108317871093750000e+02,3.562782958984375000e+03,2.923104763031005859e-01,3.387656211853027344e-01,9.560997039079666138e-02,1.872946321964263916e-01,-9.382854858210767190e+01,-3.461496544666100128e+00,9.457034571456505034e+01,-9.328530012860117893e+01,0.000000000000000000e+00,0.000000000000000000e+00,2.923104763031005859e-01,3.387656211853027344e-01,9.560997039079666138e-02,1.872946321964263916e-01,9.241892187500000000e+04,4.724904296875000000e+04,4.902746093750000000e+04,7.198070312500000000e+04,-2.347590796916609257e+07
1.348000000000000087e+00,1.122378208984808623e+01,4.305424773795640814e-03,-9.377971703452445240e+01,-1.070102929687500000e+04,2.297530670166015625e+02,3.544061523437500000e+03,2.921732068061828613e-01,3.490499854087829590e-01,1.035522893071174622e-01,1.980094015598297119e-01,-1.045090822184492652e+02,-4.305424773795640814e-03,9.377971703452445240e+01,-9.328530012860117893e+01,0.000000000000000000e+00,0.000000000000000000e+00,2.921732068061828613e-01,3.490499854087829590e-01,1.035522893071174622e-01,1.980094015598297119e-01,9.252864062500000000e+04,4.736465234375000000e+04,4.880577734375000000e+04,7.183746875000000000e+04,-2.348481857779610530e+07
1.348999999999999977e+00,2.200973751300344361e+01,-3.225560354896319204e+00,-9.234189573501896575e+01,-1.074212109375000000e+04,2.525271911621093750e+02,3.531300292968750000e+03,2.916754484176635742e-01,3.601960539817810059e-01,1.135462298989295959e-01,2.082339972257614136e-01,-1.152950376416046225e+02,3.225560354896319204e+00,9.234189573501896575e+01,-9.328530012860117893e+01,0.000000000000000000e+00,0.000000000000000000e+00,2.916754484176635742e-01,3.601960539817810059e-01,1.135462298989295959e-01,2.082339972257614136e-01,9.263879687500000000e+04,4.747962109375000000e+04,4.858295312500000000e+04,7.178013281250000000e+04,-2.349385043628903851e+07
1.350000000000000089e+00,3.294337480487628511e+01,-6.146224405334611340e+00,-9.028193737404981789e+01,-1.076179394531250000e+04,2.711282348632812500e+02,3.564899902343750000e+03,2.912674546241760254e-01,3.720273077487945557e-01,1.243395730853080750e-01,2.173883765935897827e-01,-1.262286749334774640e+02,6.146224405334611340e+00,9.028193737404981789e+01,-9.328530012860117893e+01,0.000000000000000000e+00,0.000000000000000000e+00,2.912674546241760254e-01,3.720273077487945557e-01,1.243395730853080750e-01,2.173883765935897827e-01,9.275732812500000000e+04,4.758671875000000000e+04,4.841032812500000000e+04,7.180847656250000000e+04,-2.350312430652302504e+07
1.350999999999999979e+00,4.404612317773704433e+01,-8.612314579802307080e+00,-8.768370994764303816e+01,-1.076543066406250000e+04,2.792219238281250000e+02,3.560827636718750000e+03,2.874970138072967529e-01,3.821385502815246582e-01,1.356901824474334717e-01,2.274152338504791260e-01,-1.373314233063382233e+02,8.612314579802307080e+00,8.768370994764303816e+01,-9.328530012860117893e+01,0.000000000000000000e+00,0.000000000000000000e+00,2.874970138072967529e-01,3.821385502815246582e-01,1.356901824474334717e-01,2.274152338504791260e-01,9.286897656250000000e+04,4.769986328125000000e+04,4.833457421875000000e+04,7.189756250000000000e+04,-2.351282697244261578e+07
1.352000000000000091e+00,5.531852445608662094e+01,-1.053676843447442302e+01,-8.462697291243888742e+01,-1.076028808593750000e+04,2.799017639160156250e+02,3.570293701171875000e+03,2.843592166900634766e-01,3.926303982734680176e-01,1.439389288425445557e-01,2.357344478368759155e-01,-1.486038245846877999e+02,1.053676843447442302e+01,8.462697291243888742e+01,-9.328530012860117893e+01,0.000000000000000000e+00,0.000000000000000000e+00,2.843592166900634766e-01,3.926303982734680176e-01,1.439389288425445557e-01,2.357344478368759155e-01,9.296850781250000000e+04,4.781046484375000000e+04,4.834914453125000000e+04,7.201146093750000000e+04,-2.352315985962397978e+07
1.352999999999999980e+00,6.673934836126626635e+01,-1.181696290933139082e+01,-8.126339144933983505e+01,-1.076518652343750000e+04,2.773200683593750000e+02,3.533681396484375000e+03,2.778036594390869141e-01,4.015511870384216309e-01,1.488241553306579590e-01,2.439233213663101196e-01,-1.600246484898674453e+02,1.181696290933139082e+01,8.126339144933983505e+01,-9.328530012860117893e+01,0.000000000000000000e+00,0.000000000000000000e+00,2.778036594390869141e-01,4.015511870384216309e-01,1.488241553306579590e-01,2.439233213663101196e-01,9.305754687500000000e+04,4.792915234375000000e+04,4.837141406250000000e+04,7.211783593750000000e+04,-2.353435737964591384e+07
1.354000000000000092e+00,7.828243801704967098e+01,-1.241295784915665301e+01,-7.768413945337897530e+01,-1.078820214843750000e+04,2.815186462402343750e+02,3.543971923828125000e+03,2.713460326194763184e-01,4.113608002662658691e-01,1.479614824056625366e-01,2.493904531002044678e-01,-1.715677381456508499e+02,1.241295784915665301e+01,7.768413945337897530e+01,-9.328530012860117893e+01,0.000000000000000000e+00,0.000000000000000000e+00,2.713460326194763184e-01,4.113608002662658691e-01,1.479614824056625366e-01,2.493904531002044678e-01,9.313063281250000000e+04,4.804027343750000000e+04,4.848241796875000000e+04,7.223243750000000000e+04,-2.354667442679298297e+07
1.354999999999999982e+00,-2.701055109435804411e+02,-1.228326868969850061e+01,-7.405331717701400862e+01,-1.083188281250000000e+04,2.924602966308593750e+02,3.542415527343750000e+03,2.601065337657928467e-01,4.193566739559173584e-01,1.428495198488235474e-01,2.536407709121704102e-01,1.768202108149792480e+02,1.228326868969850061e+01,7.405331717701400862e+01,-9.328530012860117893e+01,0.000000000000000000e+00,0.000000000000000000e+00,2.601065337657928467e-01,4.193566739559173584e-01,1.428495198488235474e-01,2.536407709121704102e-01,9.310846875000000000e+04,4.815321093750000000e+04,4.859233593750000000e+04,7.234491406250000000e+04,-2.362526618630969897e+07
1.356000000000000094e+00,-2.584936612570127181e+02,-1.142195864496656910e+01,-7.051742507013140937e+01,-1.088184082031250000e+04,3.104401245117187500e+02,3.557869140625000000e+03,2.781965434551239014e-01,-4.353701323270797729e-02,3.072586059570312500e-01,2.701235711574554443e-01,1.652083611284115250e+02,1.142195864496656910e+01,7.051742507013140937e+01,-9.328530012860117893e+01,0.000000000000000000e+00,0.000000000000000000e+00,2.781965434551239014e-01,0.000000000000000000e+00,3.072586059570312500e-01,2.701235711574554443e-01,9.308952343750000000e+04,4.826309375000000000e+04,4.865623437500000000e+04,7.245978125000000000e+04,-2.369718832759756222e+07
1.356999999999999984e+00,-2.469667791441227109e+02,-9.867008809287453275e+00,-6.724969004611348566e+01,-1.091954003906250000e+04,3.284359741210937500e+02,3.558314941406250000e+03,2.722467780113220215e-01,-3.288939967751502991e-02,3.138036727905273438e-01,2.757426500320434570e-01,1.536814790155215462e+02,9.867008809287453275e+00,6.724969004611348566e+01,-9.328530012860117893e+01,0.000000000000000000e+00,0.000000000000000000e+00,2.722467780113220215e-01,0.000000000000000000e+00,3.138036727905273438e-01,2.757426500320434570e-01,9.311715625000000000e+04,4.803755468750000000e+04,4.876851953125000000e+04,7.257217968750000000e+04,-2.376280079627252370e+07
1.358000000000000096e+00,-2.355946271160544825e+02,-7.696258451776413878e+00,-6.439052821365525858e+01,-1.093195410156250000e+04,3.433012084960937500e+02,3.551918457031250000e+03,2.678570151329040527e-01,-2.057720720767974854e-02,3.185613751411437988e-01,2.798237800598144531e-01,1.423093269874532893e+02,7.696258451776413878e+00,6.439052821365525858e+01,-9.328530012860117893e+01,0.000000000000000000e+00,0.000000000000000000e+00,2.678570151329040527e-01,0.000000000000000000e+00,3.185613751411437988e-01,2.798237800598144531e-01,9.310063281250000000e+04,4.781354296875000000e+04,4.888239453125000000e+04,7.268363281250000000e+04,-2.382251099711626768e+07
1.358999999999999986e+00,-2.244101149886969893e+02,-4.992151728537391087e+00,-6.201531336219486690e+01,-1.091836328125000000e+04,3.501488952636718750e+02,3.577755126953125000e+03,2.649441957473754883e-01,-6.772426888346672058e-03,3.210419416427612305e-01,2.821612656116485596e-01,1.311248148600958245e+02,4.992151728537391087e+00,6.201531336219486690e+01,-9.328530012860117893e+01,0.000000000000000000e+00,0.000000000000000000e+00,2.649441957473754883e-01,0.000000000000000000e+00,3.210419416427612305e-01,2.821612656116485596e-01,9.305946875000000000e+04,4.758444921875000000e+04,4.899086718750000000e+04,7.280088281250000000e+04,-2.387674171749579906e+07
1.360000000000000098e+00,-2.134029477000090935e+02,-1.877107106994655661e+00,-6.020816946242217682e+01,-1.089527148437500000e+04,3.481081237792968750e+02,3.588131835937500000e+03,2.617772221565246582e-01,9.047230705618858337e-03,3.211748898029327393e-01,2.829824686050415039e-01,1.201176475714079146e+02,1.877107106994655661e+00,6.020816946242217682e+01,-9.328530012860117893e+01,0.000000000000000000e+00,0.000000000000000000e+00,2.617772221565246582e-01,9.047230705618858337e-03,3.211748898029327393e-01,2.829824686050415039e-01,9.299539062500000000e+04,4.735776171875000000e+04,4.910176171875000000e+04,7.291521875000000000e+04,-2.392591108278395981e+07
1.360999999999999988e+00,-2.025215751662822754e+02,1.552092250427861364e+00,-5.900855687600409283e+01,-1.087432128906250000e+04,3.419409790039062500e+02,3.622269287109375000e+03,2.603116035461425781e-01,2.555817179381847382e-02,3.186950981616973877e-01,2.820077538490295410e-01,1.092362750376810965e+02,-1.552092250427861364e+00,5.900855687600409283e+01,-9.328530012860117893e+01,0.000000000000000000e+00,0.000000000000000000e+00,2.603116035461425781e-01,2.555817179381847382e-02,3.186950981616973877e-01,2.820077538490295410e-01,9.291486718750000000e+04,4.712686328125000000e+04,4.920840625000000000e+04,7.303317187500000000e+04,-2.397041048996673524e+07
1.362000000000000099e+00,-1.916816023065449031e+02,5.126639088080843010e+00,-5.847372190365967271e+01,-1.086753906250000000e+04,3.355678405761718750e+02,3.604027832031250000e+03,2.585023641586303711e-01,4.408842325210571289e-02,3.136433959007263184e-01,2.792085409164428711e-01,9.839630217794372413e+01,-5.126639088080843010e+00,5.847372190365967271e+01,-9.328530012860117893e+01,0.000000000000000000e+00,0.000000000000000000e+00,2.585023641586303711e-01,4.408842325210571289e-02,3.136433959007263184e-01,2.792085409164428711e-01,9.282693750000000000e+04,4.690445703125000000e+04,4.932364843750000000e+04,7.314249218750000000e+04,-2.401059778521114588e+07
1.362999999999999989e+00,-1.807912757038252778e+02,8.756980863921638658e+00,-5.862441021320717027e+01,-1.086845898437500000e+04,3.368210449218750000e+02,3.623256835937500000e+03,2.597579658031463623e-01,6.309828907251358032e-02,3.053631782531738281e-01,2.735751569271087646e-01,8.750597557522409886e+01,-8.756980863921638658e+00,5.862441021320717027e+01,-9.328530012860117893e+01,0.000000000000000000e+00,0.000000000000000000e+00,2.597579658031463623e-01,6.309828907251358032e-02,3.053631782531738281e-01,2.735751569271087646e-01,9.273725000000000000e+04,4.667631250000000000e+04,4.943306640625000000e+04,7.325838281250000000e+04,-2.404679677676846087e+07
1.364000000000000101e+00,-1.697597029087813212e+02,1.229209517156043319e+01,-5.948111199963063456e+01,-1.087137207031250000e+04,3.421356811523437500e+02,3.623381835937500000e+03,2.596609592437744141e-01,8.515764772891998291e-02,2.940302193164825439e-01,2.654624581336975098e-01,7.647440278018015647e+01,-1.229209517156043319e+01,5.948111199963063456e+01,-9.328530012860117893e+01,0.000000000000000000e+00,0.000000000000000000e+00,2.596609592437744141e-01,8.515764772891998291e-02,2.940302193164825439e-01,2.654624581336975098e-01,9.264222656250000000e+04,4.645145312500000000e+04,4.954589062500000000e+04,7.337131250000000000e+04,-2.407930423178855702e+07
1.364999999999999991e+00,-1.585128002571527190e+02,1.562776655962929873e+01,-6.105495011061380239e+01,-1.086332714843750000e+04,3.494505310058593750e+02,3.657461669921875000e+03,2.609203159809112549e-01,1.085106506943702698e-01,2.790621817111968994e-01,2.543141841888427734e-01,6.522750012855154012e+01,-1.562776655962929873e+01,6.105495011061380239e+01,-9.328530012860117893e+01,0.000000000000000000e+00,0.000000000000000000e+00,2.609203159809112549e-01,1.085106506943702698e-01,2.790621817111968994e-01,2.543141841888427734e-01,9.255446875000000000e+04,4.622074218750000000e+04,4.965292578125000000e+04,7.348937500000000000e+04,-2.410840247365457192e+07
1.366000000000000103e+00,-1.470054097580281791e+02,1.859922264271158454e+01,-6.331167458967667727e+01,-1.083929687500000000e+04,3.494873046875000000e+02,3.660344238281250000e+03,2.608188390731811523e-01,1.335614621639251709e-01,2.609663903713226318e-01,2.411182522773742676e-01,5.372010962942701440e+01,-1.859922264271158454e+01,6.331167458967667727e+01,-9.328530012860117893e+01,0.000000000000000000e+00,0.000000000000000000e+00,2.608188390731811523e-01,1.335614621639251709e-01,2.609663903713226318e-01,2.411182522773742676e-01,9.247264843750000000e+04,4.606787890625000000e+04,4.976499218750000000e+04,7.360214843750000000e+04,-2.413436736337495968e+07
1.366999999999999993e+00,-1.352206904791060822e+02,2.108152290329838863e+01,-6.619153822774998730e+01,-1.080317675781250000e+04,3.421541442871093750e+02,3.663513916015625000e+03,2.628554403781890869e-01,1.581245362758636475e-01,2.396370768547058105e-01,2.257597148418426514e-01,4.193539035050491037e+01,-2.108152290329838863e+01,6.619153822774998730e+01,-9.328530012860117893e+01,0.000000000000000000e+00,0.000000000000000000e+00,2.628554403781890869e-01,1.581245362758636475e-01,2.396370768547058105e-01,2.257597148418426514e-01,9.239183593750000000e+04,4.611999609375000000e+04,4.987671093750000000e+04,7.371514843750000000e+04,-2.415747774884948507e+07
1.368000000000000105e+00,-1.231711718280925538e+02,2.296324334866290684e+01,-6.959834183108773686e+01,-1.076788378906250000e+04,3.293182373046875000e+02,3.666739501953125000e+03,2.654122114181518555e-01,1.822051703929901123e-01,2.162907123565673828e-01,2.095884531736373901e-01,2.988587169949137845e+01,-2.296324334866290684e+01,6.959834183108773686e+01,-9.328530012860117893e+01,0.000000000000000000e+00,0.000000000000000000e+00,2.654122114181518555e-01,1.822051703929901123e-01,2.162907123565673828e-01,2.095884531736373901e-01,9.232788281250000000e+04,4.623230468750000000e+04,4.998843750000000000e+04,7.382298437500000000e+04,-2.417802012614971772e+07
1.368999999999999995e+00,-1.109035722819885734e+02,2.414564123613791935e+01,-7.338839682743578408e+01,-1.074879492187500000e+04,3.179966735839843750e+02,3.661377441406250000e+03,2.684521675109863281e-01,2.053784728050231934e-01,1.920882463455200195e-01,1.935736536979675293e-01,1.761827215338739094e+01,-2.414564123613791935e+01,7.338839682743578408e+01,-9.328530012860117893e+01,0.000000000000000000e+00,0.000000000000000000e+00,2.684521675109863281e-01,2.053784728050231934e-01,1.920882463455200195e-01,1.935736536979675293e-01,9.228172656250000000e+04,4.634585937500000000e+04,5.010202734375000000e+04,7.380664062500000000e+04,-2.419628859727422893e+07
1.370000000000000107e+00,-9.850055822080389589e+01,2.456320310114114136e+01,-7.738967044752851621e+01,-1.074872558593750000e+04,3.128627319335937500e+02,3.660957031250000000e+03,2.723420560359954834e-01,2.275255620479583740e-01,1.681289821863174438e-01,1.783520877361297607e-01,5.215258092202712525e+00,-2.456320310114114136e+01,7.738967044752851621e+01,-9.328530012860117893e+01,0.000000000000000000e+00,0.000000000000000000e+00,2.723420560359954834e-01,2.275255620479583740e-01,1.681289821863174438e-01,1.783520877361297607e-01,9.223810156250000000e+04,4.645829687500000000e+04,5.021492968750000000e+04,7.379117968750000000e+04,-2.421258346928260475e+07
1.370999999999999996e+00,-8.609143194880603289e+01,2.418648089226090647e+01,-8.136788119140092590e+01,-1.076311914062500000e+04,3.144040527343750000e+02,3.634796142578125000e+03,2.761907577514648438e-01,2.484031617641448975e-01,1.458234637975692749e-01,1.651468127965927124e-01,-7.193868179795141593e+00,-2.418648089226090647e+01,8.136788119140092590e+01,-9.328530012860117893e+01,0.000000000000000000e+00,0.000000000000000000e+00,2.761907577514648438e-01,2.484031617641448975e-01,1.458234637975692749e-01,1.651468127965927124e-01,9.223971093750000000e+04,4.657491406250000000e+04,5.033198437500000000e+04,7.356157031250000000e+04,-2.422720092188512906e+07
1.372000000000000108e+00,-7.379023309102171879e+01,2.303143654095410753e+01,-8.516622646067595781e+01,-1.077576367187500000e+04,3.205960083007812500e+02,3.658289306640625000e+03,2.815750241279602051e-01,2.678397297859191895e-01,1.257367581129074097e-01,1.540639102458953857e-01,-1.949506703757946369e+01,-2.303143654095410753e+01,8.516622646067595781e+01,-9.328530012860117893e+01,0.000000000000000000e+00,0.000000000000000000e+00,2.815750241279602051e-01,2.678397297859191895e-01,1.257367581129074097e-01,1.540639102458953857e-01,9.227734375000000000e+04,4.668378515625000000e+04,5.037732031250000000e+04,7.334061718750000000e+04,-2.424042965358344838e+07
1.372999999999999998e+00,-6.172197100693585980e+01,2.116249124737731435e+01,-8.857986057531462620e+01,-1.077994531250000000e+04,3.232658691406250000e+02,3.664769287109375000e+03,2.839593589305877686e-01,2.848566770553588867e-01,1.099753230810165405e-01,1.479757577180862427e-01,-3.156332912166531557e+01,-2.116249124737731435e+01,8.857986057531462620e+01,-9.328530012860117893e+01,0.000000000000000000e+00,0.000000000000000000e+00,2.839593589305877686e-01,2.848566770553588867e-01,1.099753230810165405e-01,1.479757577180862427e-01,9.231064062500000000e+04,4.679545703125000000e+04,5.042414062500000000e+04,7.311689843750000000e+04,-2.425253349802376702e+07
1.374000000000000110e+00,-4.995614069439177740e+01,1.866028810680835548e+01,-9.149593892600137224e+01,-1.076851757812500000e+04,3.194293823242187500e+02,3.703378173828125000e+03,2.869070768356323242e-01,2.995740473270416260e-01,9.801109880208969116e-02,1.457261592149734497e-01,-4.332915943420940152e+01,-1.866028810680835548e+01,9.149593892600137224e+01,-9.328530012860117893e+01,0.000000000000000000e+00,0.000000000000000000e+00,2.869070768356323242e-01,2.995740473270416260e-01,9.801109880208969116e-02,1.457261592149734497e-01,9.240352343750000000e+04,4.690157421875000000e+04,5.019228515625000000e+04,7.289802343750000000e+04,-2.426374882720902562e+07
1.375000000000000000e+00,-3.852791413382664132e+01,1.568470928920901208e+01,-9.377544855213744768e+01,-1.075118359375000000e+04,3.057082214355468750e+02,3.679996337890625000e+03,2.873024642467498779e-01,3.111925721168518066e-01,9.110026806592941284e-02,1.490925848484039307e-01,-5.475738599477453761e+01,-1.568470928920901208e+01,9.377544855213744768e+01,-9.328530012860117893e+01,0.000000000000000000e+00,0.000000000000000000e+00,2.873024642467498779e-01,3.111925721168518066e-01,9.110026806592941284e-02,1.490925848484039307e-01,9.248339062500000000e+04,4.701767187500000000e+04,4.997117968750000000e+04,7.266879687500000000e+04,-2.427427307223317027e+07
1.375999999999999890e+00,-2.739403768740612577e+01,1.234916309217270403e+01,-9.539104152523286473e+01,-1.073867089843750000e+04,2.896177062988281250e+02,3.679406738281250000e+03,2.901300787925720215e-01,3.216674625873565674e-01,8.739949762821197510e-02,1.545840948820114136e-01,-6.589126244119505316e+01,-1.234916309217270403e+01,9.539104152523286473e+01,-9.328530012860117893e+01,0.000000000000000000e+00,0.000000000000000000e+00,2.901300787925720215e-01,3.216674625873565674e-01,8.739949762821197510e-02,1.545840948820114136e-01,9.258878906250000000e+04,4.713026562500000000e+04,4.974648437500000000e+04,7.244355468750000000e+04,-2.428427545816633478e+07
1.377000000000000002e+00,-1.647354865269821289e+01,8.802316524283314791e+00,-9.631266858265804842e+01,-1.074759667968750000e+04,2.759818115234375000e+02,3.655657470703125000e+03,2.903373241424560547e-01,3.302125930786132812e-01,8.832637220621109009e-02,1.641698628664016724e-01,-7.681175147590296604e+01,-8.802316524283314791e+00,9.631266858265804842e+01,-9.328530012860117893e+01,0.000000000000000000e+00,0.000000000000000000e+00,2.903373241424560547e-01,3.302125930786132812e-01,8.832637220621109009e-02,1.641698628664016724e-01,9.268763281250000000e+04,4.724707031250000000e+04,4.952551171875000000e+04,7.221487500000000000e+04,-2.429390044687725604e+07
1.377999999999999892e+00,-5.660853555808344595e+00,5.137410399431455055e+00,-9.654061232805882753e+01,-1.078132714843750000e+04,2.724206542968750000e+02,3.667207031250000000e+03,2.906383275985717773e-01,3.387669622898101807e-01,9.250340610742568970e-02,1.750639677047729492e-01,-8.762444657279283433e+01,-5.137410399431455055e+00,9.654061232805882753e+01,-9.328530012860117893e+01,0.000000000000000000e+00,0.000000000000000000e+00,2.906383275985717773e-01,3.387669622898101807e-01,9.250340610742568970e-02,1.750639677047729492e-01,9.280198437500000000e+04,4.735782421875000000e+04,4.929850781250000000e+04,7.199185156250000000e+04,-2.430327897495452687e+07
1.379000000000000004e+00,5.148274361047228354e+00,1.504037553292057350e+00,-9.607017416377071584e+01,-1.083270019531250000e+04,2.774902343750000000e+02,3.658547119140625000e+03,2.880926728248596191e-01,3.467745184898376465e-01,1.007927134633064270e-01,1.881466805934906006e-01,-9.843357448964840728e+01,-1.504037553292057350e+00,9.607017416377071584e+01,-9.328530012860117893e+01,0.000000000000000000e+00,0.000000000000000000e+00,2.880926728248596191e-01,3.467745184898376465e-01,1.007927134633064270e-01,1.881466805934906006e-01,9.291314843750000000e+04,4.747169921875000000e+04,4.907456250000000000e+04,7.176505468750000000e+04,-2.431253722017624229e+07
1.379999999999999893e+00,1.603960532108712300e+01,-1.957637474198357319e+00,-9.491714884727642243e+01,-1.088308007812500000e+04,2.896190490722656250e+02,3.642596679687500000e+03,2.866979539394378662e-01,3.562380075454711914e-01,1.111410334706306458e-01,2.002545148134231567e-01,-1.093249054496883019e+02,1.957637474198357319e+00,9.491714884727642243e+01,-9.328530012860117893e+01,0.000000000000000000e+00,0.000000000000000000e+00,2.866979539394378662e-01,3.562380075454711914e-01,1.111410334706306458e-01,2.002545148134231567e-01,9.302276562500000000e+04,4.758654296875000000e+04,4.885187500000000000e+04,7.153707812500000000e+04,-2.432180758660487458e+07
1.381000000000000005e+00,2.706907515917140472e+01,-5.124281491961554913e+00,-9.311630010595635554e+01,-1.091451953125000000e+04,3.016559448242187500e+02,3.634097656250000000e+03,2.862298786640167236e-01,3.670366704463958740e-01,1.226169914007186890e-01,2.109241932630538940e-01,-1.203543752877725836e+02,5.124281491961554913e+00,9.311630010595635554e+01,-9.328530012860117893e+01,0.000000000000000000e+00,0.000000000000000000e+00,2.862298786640167236e-01,3.670366704463958740e-01,1.226169914007186890e-01,2.109241932630538940e-01,9.311981250000000000e+04,4.770060937500000000e+04,4.862842187500000000e+04,7.141247656250000000e+04,-2.433123722504108027e+07
1.381999999999999895e+00,3.826738955652707830e+01,-7.875130494382541535e+00,-9.072698049228029049e+01,-1.092406933593750000e+04,3.074894104003906250e+02,3.625917236328125000e+03,2.854673862457275391e-01,3.780733346939086914e-01,1.341826170682907104e-01,2.206655293703079224e-01,-1.315526896851282572e+02,7.875130494382541535e+00,9.072698049228029049e+01,-9.328530012860117893e+01,0.000000000000000000e+00,0.000000000000000000e+00,2.854673862457275391e-01,3.780733346939086914e-01,1.341826170682907104e-01,2.206655293703079224e-01,9.320434375000000000e+04,4.781480468750000000e+04,4.844253906250000000e+04,7.138284375000000000e+04,-2.434099502081410214e+07
1.383000000000000007e+00,4.964778927585236090e+01,-1.013412790670666119e+01,-8.780085942479443872e+01,-1.091850292968750000e+04,3.043390197753906250e+02,3.660937500000000000e+03,2.835852503776550293e-01,3.887417316436767578e-01,1.440783143043518066e-01,2.296286821365356445e-01,-1.429330894044535398e+02,1.013412790670666119e+01,8.780085942479443872e+01,-9.328530012860117893e+01,0.000000000000000000e+00,0.000000000000000000e+00,2.835852503776550293e-01,3.887417316436767578e-01,1.440783143043518066e-01,2.296286821365356445e-01,9.329150000000000000e+04,4.792162890625000000e+04,4.834615625000000000e+04,7.144090625000000000e+04,-2.435127161525824293e+07
1.383999999999999897e+00,6.120285036473104867e+01,-1.177939972533716428e+01,-8.447110802520317918e+01,-1.091822949218750000e+04,2.927385864257812500e+02,3.653441894531250000e+03,2.767396271228790283e-01,3.967287838459014893e-01,1.519318968057632446e-01,2.397574931383132935e-01,-1.544881504933322276e+02,1.177939972533716428e+01,8.447110802520317918e+01,-9.328530012860117893e+01,0.000000000000000000e+00,0.000000000000000000e+00,2.767396271228790283e-01,3.967287838459014893e-01,1.519318968057632446e-01,2.397574931383132935e-01,9.335042968750000000e+04,4.803526171875000000e+04,4.842950390625000000e+04,7.155196875000000000e+04,-2.436229152649990469e+07
1.385000000000000009e+00,7.290855601099529792e+01,-1.274398253165132822e+01,-8.085186084552825037e+01,-1.093305566406250000e+04,2.822009887695312500e+02,3.660505859375000000e+03,2.696114182472229004e-01,4.052370190620422363e-01,1.545329988002777100e-01,2.477511018514633179e-01,-1.661938561395964769e+02,1.274398253165132822e+01,8.085186084552825037e+01,-9.328530012860117893e+01,0.000000000000000000e+00,0.000000000000000000e+00,2.696114182472229004e-01,4.052370190620422363e-01,1.545329988002777100e-01,2.477511018514633179e-01,9.341086718750000000e+04,4.814627343750000000e+04,4.850832421875000000e+04,7.166544531250000000e+04,-2.437430661653246358e+07
1.385999999999999899e+00,8.470749023792210153e+01,-1.296639607689122187e+01,-7.714154738870024630e+01,-1.096950292968750000e+04,2.777968444824218750e+02,3.619007812500000000e+03,2.592563629150390625e-01,4.127863049507141113e-01,1.522958576679229736e-01,2.543201744556427002e-01,-1.779927903665232805e+02,1.296639607689122187e+01,7.714154738870024630e+01,-9.328530012860117893e+01,0.000000000000000000e+00,0.000000000000000000e+00,2.592563629150390625e-01,4.127863049507141113e-01,1.522958576679229736e-01,2.543201744556427002e-01,9.341339062500000000e+04,4.826585937500000000e+04,4.862792968750000000e+04,7.177096093750000000e+04,-2.438760092119561881e+07
1.387000000000000011e+00,-2.634632972129571726e+02,-1.243626814360383470e+01,-7.346427700913442038e+01,-1.101674218750000000e+04,2.846980895996093750e+02,3.620619140625000000e+03,2.499706447124481201e-01,4.221246540546417236e-01,1.434800624847412109e-01,2.564924657344818115e-01,1.701779970843560079e+02,1.243626814360383470e+01,7.346427700913442038e+01,-9.328530012860117893e+01,0.000000000000000000e+00,0.000000000000000000e+00,2.499706447124481201e-01,4.221246540546417236e-01,1.434800624847412109e-01,2.564924657344818115e-01,9.329915625000000000e+04,4.837842578125000000e+04,4.874049218750000000e+04,7.188406250000000000e+04,-2.446256549093575776e+07
1.387999999999999901e+00,-2.516870115208893139e+02,-1.117210166685532791e+01,-6.998561102398392109e+01,-1.106070605468750000e+04,2.950023803710937500e+02,3.625772705078125000e+03,2.717524766921997070e-01,-3.599160164594650269e-02,3.135070800781250000e-01,2.752287685871124268e-01,1.584017113922881492e+02,1.117210166685532791e+01,6.998561102398392109e+01,-9.328530012860117893e+01,0.000000000000000000e+00,0.000000000000000000e+00,2.717524766921997070e-01,0.000000000000000000e+00,3.135070800781250000e-01,2.752287685871124268e-01,9.312166406250000000e+04,4.849023828125000000e+04,4.880805468750000000e+04,7.199777343750000000e+04,-2.453093464431012794e+07
1.389000000000000012e+00,-2.400401740650012812e+02,-9.224970323025576846e+00,-6.683820041757351760e+01,-1.108557324218750000e+04,3.017247619628906250e+02,3.651940917968750000e+03,2.664776146411895752e-01,-2.486796304583549500e-02,3.193956315517425537e-01,2.804449796676635742e-01,1.467548739364000880e+02,9.224970323025576846e+00,6.683820041757351760e+01,-9.328530012860117893e+01,0.000000000000000000e+00,0.000000000000000000e+00,2.664776146411895752e-01,0.000000000000000000e+00,3.193956315517425537e-01,2.804449796676635742e-01,9.310700000000000000e+04,4.826066406250000000e+04,4.891613671875000000e+04,7.211447656250000000e+04,-2.459310637458780408e+07
1.389999999999999902e+00,-2.285805244660504627e+02,-6.690683872038694524e+00,-6.415575704834860460e+01,-1.108432910156250000e+04,2.992203063964843750e+02,3.664911621093750000e+03,2.612603306770324707e-01,-1.150850951671600342e-02,3.233533799648284912e-01,2.842112183570861816e-01,1.352952243374492696e+02,6.690683872038694524e+00,6.415575704834860460e+01,-9.328530012860117893e+01,0.000000000000000000e+00,0.000000000000000000e+00,2.612603306770324707e-01,0.000000000000000000e+00,3.233533799648284912e-01,2.842112183570861816e-01,9.305365625000000000e+04,4.803302343750000000e+04,4.902613281250000000e+04,7.222892187500000000e+04,-2.464951615716610104e+07
1.391000000000000014e+00,-2.173202559595315506e+02,-3.701988276334475803e+00,-6.204238647758809577e+01,-1.106502050781250000e+04,2.875670776367187500e+02,3.649643066406250000e+03,2.577330470085144043e-01,2.657257020473480225e-03,3.249050080776214600e-01,2.863840758800506592e-01,1.240349558309303859e+02,3.701988276334475803e+00,6.204238647758809577e+01,-9.328530012860117893e+01,0.000000000000000000e+00,0.000000000000000000e+00,2.577330470085144043e-01,2.657257020473480225e-03,3.249050080776214600e-01,2.863840758800506592e-01,9.299629687500000000e+04,4.781053515625000000e+04,4.914117187500000000e+04,7.233880468750000000e+04,-2.470060721325344965e+07
1.391999999999999904e+00,-2.062220295615918815e+02,-3.557534712909883323e-01,-6.053473702502883214e+01,-1.104104882812500000e+04,2.718032836914062500e+02,3.665335693359375000e+03,2.565862536430358887e-01,1.716415956616401672e-02,3.237898945808410645e-01,2.867051064968109131e-01,1.129367294329907025e+02,3.557534712909883323e-01,6.053473702502883214e+01,-9.328530012860117893e+01,0.000000000000000000e+00,0.000000000000000000e+00,2.565862536430358887e-01,1.716415956616401672e-02,3.237898945808410645e-01,2.867051064968109131e-01,9.288382812500000000e+04,4.758313671875000000e+04,4.925141015625000000e+04,7.245427343750000000e+04,-2.474679931967717409e+07
1.393000000000000016e+00,-1.952087432175987090e+02,3.210873606613629416e+00,-5.968320603122919721e+01,-1.103073925781250000e+04,2.564193420410156250e+02,3.663487792968750000e+03,2.549575269222259521e-01,3.390236943960189819e-02,3.200880885124206543e-01,2.852174937725067139e-01,1.019234430889975300e+02,-3.210873606613629416e+00,5.968320603122919721e+01,-9.328530012860117893e+01,0.000000000000000000e+00,0.000000000000000000e+00,2.549575269222259521e-01,3.390236943960189819e-02,3.200880885124206543e-01,2.852174937725067139e-01,9.276222656250000000e+04,4.735847656250000000e+04,4.936446484375000000e+04,7.256677343750000000e+04,-2.478847816789725050e+07
1.393999999999999906e+00,-1.841861764338107150e+02,6.907774819082211692e+00,-5.951514810860427929e+01,-1.103355664062500000e+04,2.468660430908203125e+02,3.698186279296875000e+03,2.548001408576965332e-01,5.205573141574859619e-02,3.134693205356597900e-01,2.812891900539398193e-01,9.090087630520952189e+01,-6.907774819082211692e+00,5.951514810860427929e+01,-9.328530012860117893e+01,0.000000000000000000e+00,0.000000000000000000e+00,2.548001408576965332e-01,5.205573141574859619e-02,3.134693205356597900e-01,2.812891900539398193e-01,9.263846875000000000e+04,4.712744531250000000e+04,4.947127734375000000e+04,7.268485937500000000e+04,-2.482599248569389805e+07
1.395000000000000018e+00,-1.730561977524690178e+02,1.055381674075831278e+01,-6.005960172395219843e+01,-1.104348632812500000e+04,2.403523406982421875e+02,3.683406738281250000e+03,2.533260583877563477e-01,7.322317361831665039e-02,3.038340806961059570e-01,2.749555110931396484e-01,7.977089762386785310e+01,-1.055381674075831278e+01,6.005960172395219843e+01,-9.328530012860117893e+01,0.000000000000000000e+00,0.000000000000000000e+00,2.533260583877563477e-01,7.322317361831665039e-02,3.038340806961059570e-01,2.749555110931396484e-01,9.250775000000000000e+04,4.690446875000000000e+04,4.958601953125000000e+04,7.279470312500000000e+04,-2.485965947208147869e+07
1.395999999999999908e+00,-1.617394086321075974e+02,1.404209526541639086e+01,-6.132726288975869977e+01,-1.104279980468750000e+04,2.369356231689453125e+02,3.699730224609375000e+03,2.547596395015716553e-01,9.513522684574127197e-02,2.904027104377746582e-01,2.652972340583801270e-01,6.845410850350640430e+01,-1.404209526541639086e+01,6.132726288975869977e+01,-9.328530012860117893e+01,0.000000000000000000e+00,0.000000000000000000e+00,2.547596395015716553e-01,9.513522684574127197e-02,2.904027104377746582e-01,2.652972340583801270e-01,9.238557812500000000e+04,4.667684765625000000e+04,4.969550390625000000e+04,7.290992187500000000e+04,-2.488977732199913636e+07
1.397000000000000020e+00,-1.501789639722183836e+02,1.721499629696237577e+01,-6.329718018988218375e+01,-1.102567578125000000e+04,2.295637969970703125e+02,3.695217529296875000e+03,2.551051378250122070e-01,1.190679594874382019e-01,2.735392451286315918e-01,2.532742023468017578e-01,5.689366384361719753e+01,-1.721499629696237577e+01,6.329718018988218375e+01,-9.328530012860117893e+01,0.000000000000000000e+00,0.000000000000000000e+00,2.551051378250122070e-01,1.190679594874382019e-01,2.735392451286315918e-01,2.532742023468017578e-01,9.226231250000000000e+04,4.645275781250000000e+04,4.980891796875000000e+04,7.302210937500000000e+04,-2.491663393233640119e+07
1.397999999999999909e+00,-1.383382490850134445e+02,1.996261941835903286e+01,-6.594074240662870068e+01,-1.099377636718750000e+04,2.172188720703125000e+02,3.717708496093750000e+03,2.571181058883666992e-01,1.431525945663452148e-01,2.531841695308685303e-01,2.388594895601272583e-01,4.505294895641225850e+01,-1.996261941835903286e+01,6.594074240662870068e+01,-9.328530012860117893e+01,0.000000000000000000e+00,0.000000000000000000e+00,2.571181058883666992e-01,1.431525945663452148e-01,2.531841695308685303e-01,2.388594895601272583e-01,9.214892968750000000e+04,4.637680078125000000e+04,4.991802734375000000e+04,7.313848437500000000e+04,-2.494051809117948636e+07
1.399000000000000021e+00,-1.262180473083991217e+02,2.213901697422750203e+01,-6.915711157743007220e+01,-1.096059472656250000e+04,1.980548400878906250e+02,3.707819580078125000e+03,2.582356333732604980e-01,1.674392521381378174e-01,2.305220365524291992e-01,2.235702425241470337e-01,3.293274717979793564e+01,-2.213901697422750203e+01,6.915711157743007220e+01,-9.328530012860117893e+01,0.000000000000000000e+00,0.000000000000000000e+00,2.582356333732604980e-01,1.674392521381378174e-01,2.305220365524291992e-01,2.235702425241470337e-01,9.203295312500000000e+04,4.630764453125000000e+04,5.003238671875000000e+04,7.324909375000000000e+04,-2.496172192880015075e+07
1.399999999999999911e+00,-1.138514808883626586e+02,2.364009956501037379e+01,-7.281872904732024665e+01,-1.093804101562500000e+04,1.786092376708984375e+02,3.693280029296875000e+03,2.617131769657135010e-01,1.906743049621582031e-01,2.060440033674240112e-01,2.074254751205444336e-01,2.056618075976148319e+01,-2.364009956501037379e+01,7.281872904732024665e+01,-9.328530012860117893e+01,0.000000000000000000e+00,0.000000000000000000e+00,2.617131769657135010e-01,1.906743049621582031e-01,2.060440033674240112e-01,2.074254751205444336e-01,9.193309375000000000e+04,4.642254687500000000e+04,5.014736328125000000e+04,7.335902343750000000e+04,-2.498054551010813564e+07
1.401000000000000023e+00,-1.013068002672536494e+02,2.439075524315707710e+01,-7.676424156685128253e+01,-1.093459375000000000e+04,1.629195709228515625e+02,3.683160156250000000e+03,2.659753561019897461e-01,2.130237817764282227e-01,1.813125461339950562e-01,1.918102204799652100e-01,8.021500138652474021e+00,-2.439075524315707710e+01,7.676424156685128253e+01,-9.328530012860117893e+01,0.000000000000000000e+00,0.000000000000000000e+00,2.659753561019897461e-01,2.130237817764282227e-01,1.813125461339950562e-01,1.918102204799652100e-01,9.186957812500000000e+04,4.653708984375000000e+04,5.026130859375000000e+04,7.333678125000000000e+04,-2.499729623561318964e+07
1.401999999999999913e+00,-8.868515132299512516e+01,2.434562674151451134e+01,-8.080791687140194313e+01,-1.094888769531250000e+04,1.552812500000000000e+02,3.685923095703125000e+03,2.703357934951782227e-01,2.341706752777099609e-01,1.577860414981842041e-01,1.779347360134124756e-01,-4.600148805606047553e+00,-2.434562674151451134e+01,8.080791687140194313e+01,-9.328530012860117893e+01,0.000000000000000000e+00,0.000000000000000000e+00,2.703357934951782227e-01,2.341706752777099609e-01,1.577860414981842041e-01,1.779347360134124756e-01,9.180924218750000000e+04,4.664930078125000000e+04,5.037306640625000000e+04,7.331740625000000000e+04,-2.501228392064890638e+07
1.403000000000000025e+00,-7.611992104909671752e+01,2.349882393751063248e+01,-8.473939495968713231e+01,-1.096666601562500000e+04,1.529698486328125000e+02,3.694488525390625000e+03,2.741131186485290527e-01,2.538084983825683594e-01,1.367321014404296875e-01,1.668605208396911621e-01,-1.716537907950446495e+01,-2.349882393751063248e+01,8.473939495968713231e+01,-9.328530012860117893e+01,0.000000000000000000e+00,0.000000000000000000e+00,2.741131186485290527e-01,2.538084983825683594e-01,1.367321014404296875e-01,1.668605208396911621e-01,9.181314062500000000e+04,4.676024218750000000e+04,5.048427734375000000e+04,7.309355468750000000e+04,-2.502581112281400710e+07
1.403999999999999915e+00,-6.375791099071226142e+01,2.190768571997490710e+01,-8.832254290024981458e+01,-1.097479687500000000e+04,1.506356964111328125e+02,3.670839843750000000e+03,2.775610089302062988e-01,2.714268863201141357e-01,1.190025433897972107e-01,1.593672782182693481e-01,-2.952738913788891750e+01,-2.190768571997490710e+01,8.832254290024981458e+01,-9.328530012860117893e+01,0.000000000000000000e+00,0.000000000000000000e+00,2.775610089302062988e-01,2.714268863201141357e-01,1.190025433897972107e-01,1.593672782182693481e-01,9.181098437500000000e+04,4.687640234375000000e+04,5.060107421875000000e+04,7.286426562500000000e+04,-2.503815701230587810e+07
1.405000000000000027e+00,-5.168937573388645745e+01,1.965840754893867626e+01,-9.142400152778236588e+01,-1.096384667968750000e+04,1.430508422851562500e+02,3.672346435546875000e+03,2.826126813888549805e-01,2.871488928794860840e-01,1.045975610613822937e-01,1.550238132476806641e-01,-4.159592439471472147e+01,-1.965840754893867626e+01,9.142400152778236588e+01,-9.328530012860117893e+01,0.000000000000000000e+00,0.000000000000000000e+00,2.826126813888549805e-01,2.871488928794860840e-01,1.045975610613822937e-01,1.550238132476806641e-01,9.184042187500000000e+04,4.698892578125000000e+04,5.057208203125000000e+04,7.263933593750000000e+04,-2.504957360491234809e+07
1.405999999999999917e+00,-3.995504869819288274e+01,1.687535664782771150e+01,-9.393102401038557048e+01,-1.094444140625000000e+04,1.270517196655273438e+02,3.665548583984375000e+03,2.855610549449920654e-01,3.000570237636566162e-01,9.492398798465728760e-02,1.558953970670700073e-01,-5.333025143040829619e+01,-1.687535664782771150e+01,9.393102401038557048e+01,-9.328530012860117893e+01,0.000000000000000000e+00,0.000000000000000000e+00,2.855610549449920654e-01,3.000570237636566162e-01,9.492398798465728760e-02,1.558953970670700073e-01,9.192684375000000000e+04,4.710283984375000000e+04,5.034818359375000000e+04,7.241346093750000000e+04,-2.506027782576245442e+07
1.407000000000000028e+00,-2.852738478304647174e+01,1.365671226593736165e+01,-9.580390687852703024e+01,-1.093051464843750000e+04,1.059697799682617188e+02,3.695036865234375000e+03,2.879143357276916504e-01,3.107213675975799561e-01,8.953884989023208618e-02,1.608806103467941284e-01,-6.475791534555470719e+01,-1.365671226593736165e+01,9.580390687852703024e+01,-9.328530012860117893e+01,0.000000000000000000e+00,0.000000000000000000e+00,2.879143357276916504e-01,3.107213675975799561e-01,8.953884989023208618e-02,1.608806103467941284e-01,9.201790625000000000e+04,4.721051171875000000e+04,5.011796484375000000e+04,7.219347656250000000e+04,-2.507045653180811927e+07
1.407999999999999918e+00,-1.734028290528704019e+01,1.017899950427604239e+01,-9.698087120169890341e+01,-1.094020117187500000e+04,8.475991821289062500e+01,3.667951171875000000e+03,2.867265343666076660e-01,3.187341392040252686e-01,8.933030068874359131e-02,1.709231585264205933e-01,-7.594501722331413873e+01,-1.017899950427604239e+01,9.698087120169890341e+01,-9.328530012860117893e+01,0.000000000000000000e+00,0.000000000000000000e+00,2.867265343666076660e-01,3.187341392040252686e-01,8.933030068874359131e-02,1.709231585264205933e-01,9.211739843750000000e+04,4.732724218750000000e+04,4.989701953125000000e+04,7.196360937500000000e+04,-2.508026611862930283e+07
1.409000000000000030e+00,-6.295314357203849909e+00,6.562949171682209482e+00,-9.745405887428943004e+01,-1.097233886718750000e+04,7.358091735839843750e+01,3.651059326171875000e+03,2.874469459056854248e-01,3.271107375621795654e-01,9.193601459264755249e-02,1.816657036542892456e-01,-8.698998577139732902e+01,-6.562949171682209482e+00,9.745405887428943004e+01,-9.328530012860117893e+01,0.000000000000000000e+00,0.000000000000000000e+00,2.874469459056854248e-01,3.271107375621795654e-01,9.193601459264755249e-02,1.816657036542892456e-01,9.222740625000000000e+04,4.744244921875000000e+04,4.967474609375000000e+04,7.173547656250000000e+04,-2.508984611550506204e+07
1.409999999999999920e+00,4.711412149965198637e+00,2.978013609239203774e+00,-9.722396382866115516e+01,-1.102225878906250000e+04,7.327860260009765625e+01,3.597061523437500000e+03,2.865986824035644531e-01,3.355759382247924805e-01,9.802696853876113892e-02,1.938442587852478027e-01,-9.799671227856637756e+01,-2.978013609239203774e+00,9.722396382866115516e+01,-9.328530012860117893e+01,0.000000000000000000e+00,0.000000000000000000e+00,2.865986824035644531e-01,3.355759382247924805e-01,9.802696853876113892e-02,1.938442587852478027e-01,9.232564062500000000e+04,4.756430078125000000e+04,4.945896484375000000e+04,7.150132812500000000e+04,-2.509932968061712384e+07
1.411000000000000032e+00,1.576607214875227214e+01,-5.015857965828649512e-01,-9.630110281940210371e+01,-1.107096777343750000e+04,8.362699890136718750e+01,3.604445800781250000e+03,2.878184318542480469e-01,3.461849093437194824e-01,1.056869551539421082e-01,2.045005112886428833e-01,-1.090513722773534511e+02,5.015857965828649512e-01,9.630110281940210371e+01,-9.328530012860117893e+01,0.000000000000000000e+00,0.000000000000000000e+00,2.878184318542480469e-01,3.461849093437194824e-01,1.056869551539421082e-01,2.045005112886428833e-01,9.243705468750000000e+04,4.767580468750000000e+04,4.923284375000000000e+04,7.133121093750000000e+04,-2.510885240364066884e+07
1.411999999999999922e+00,2.693386219023967953e+01,-3.736329897486036611e+00,-9.471520005018062704e+01,-1.110546484375000000e+04,9.262128448486328125e+01,3.606479492187500000e+03,2.857208251953125000e-01,3.562916815280914307e-01,1.164197400212287903e-01,2.162007540464401245e-01,-1.202191623188408585e+02,3.736329897486036611e+00,9.471520005018062704e+01,-9.328530012860117893e+01,0.000000000000000000e+00,0.000000000000000000e+00,2.857208251953125000e-01,3.562916815280914307e-01,1.164197400212287903e-01,2.162007540464401245e-01,9.253888281250000000e+04,4.778798437500000000e+04,4.900744921875000000e+04,7.125672656250000000e+04,-2.511856276585480198e+07
1.413000000000000034e+00,3.825508374470727802e+01,-6.616241478726718306e+00,-9.250632207377121574e+01,-1.111814257812500000e+04,9.510665893554687500e+01,3.628296386718750000e+03,2.843437492847442627e-01,3.670647144317626953e-01,1.276570409536361694e-01,2.267544418573379517e-01,-1.315403838733084569e+02,6.616241478726718306e+00,9.250632207377121574e+01,-9.328530012860117893e+01,0.000000000000000000e+00,0.000000000000000000e+00,2.843437492847442627e-01,3.670647144317626953e-01,1.276570409536361694e-01,2.267544418573379517e-01,9.265003906250000000e+04,4.789651171875000000e+04,4.877842187500000000e+04,7.126707812500000000e+04,-2.512862741156203672e+07
1.413999999999999924e+00,4.974580295710204325e+01,-8.997386994930874238e+00,-8.977338975279052136e+01,-1.111567089843750000e+04,8.774962615966796875e+01,3.610130859375000000e+03,2.810682654380798340e-01,3.769284784793853760e-01,1.384770423173904419e-01,2.372773438692092896e-01,-1.430311030857032222e+02,8.997386994930874238e+00,8.977338975279052136e+01,-9.328530012860117893e+01,0.000000000000000000e+00,0.000000000000000000e+00,2.810682654380798340e-01,3.769284784793853760e-01,1.384770423173904419e-01,2.372773438692092896e-01,9.272790625000000000e+04,4.801200781250000000e+04,4.872294921875000000e+04,7.137633593750000000e+04,-2.513924227095432580e+07
1.415000000000000036e+00,6.140406385228239117e+01,-1.078207367265499350e+01,-8.662601972278343965e+01,-1.111388671875000000e+04,7.644538116455078125e+01,3.582215087890625000e+03,2.783297300338745117e-01,3.873811662197113037e-01,1.458351761102676392e-01,2.460355907678604126e-01,-1.546893639808835701e+02,1.078207367265499350e+01,8.662601972278343965e+01,-9.328530012860117893e+01,0.000000000000000000e+00,0.000000000000000000e+00,2.783297300338745117e-01,3.873811662197113037e-01,1.458351761102676392e-01,2.460355907678604126e-01,9.277903906250000000e+04,4.812952343750000000e+04,4.875698437500000000e+04,7.148409375000000000e+04,-2.515063305041759461e+07
1.415999999999999925e+00,7.321583800574488521e+01,-1.190371532947883715e+01,-8.317200996218758746e+01,-1.112860937500000000e+04,6.766202545166015625e+01,3.572363769531250000e+03,2.733562290668487549e-01,3.974279761314392090e-01,1.489758789539337158e-01,2.536468207836151123e-01,-1.665011381343460641e+02,1.190371532947883715e+01,8.317200996218758746e+01,-9.328530012860117893e+01,0.000000000000000000e+00,0.000000000000000000e+00,2.733562290668487549e-01,3.974279761314392090e-01,1.489758789539337158e-01,2.536468207836151123e-01,9.281334375000000000e+04,4.824389062500000000e+04,4.884535937500000000e+04,7.159523437500000000e+04,-2.516305289103227481e+07
1.417000000000000037e+00,8.514524754024522224e+01,-1.230521907080883004e+01,-7.955436275118833578e+01,-1.116696972656250000e+04,6.598809051513671875e+01,3.564923095703125000e+03,2.645165324211120605e-01,4.063757061958312988e-01,1.476164013147354126e-01,2.600771188735961914e-01,-1.784305476688464012e+02,1.230521907080883004e+01,7.955436275118833578e+01,-9.328530012860117893e+01,0.000000000000000000e+00,0.000000000000000000e+00,2.645165324211120605e-01,4.063757061958312988e-01,1.476164013147354126e-01,2.600771188735961914e-01,9.281164843750000000e+04,4.835765234375000000e+04,4.895578125000000000e+04,7.170689843750000000e+04,-2.517678291926009208e+07
1.417999999999999927e+00,-2.628675335630607606e+02,-1.195752111109620408e+01,-7.591229343503674443e+01,-1.121792480468750000e+04,7.198697662353515625e+01,3.582646728515625000e+03,2.535814940929412842e-01,4.151595532894134521e-01,1.409883946180343628e-01,2.637481689453125000e-01,1.695822334344595959e+02,1.195752111109620408e+01,7.591229343503674443e+01,-9.328530012860117893e+01,0.000000000000000000e+00,0.000000000000000000e+00,2.535814940929412842e-01,4.151595532894134521e-01,1.409883946180343628e-01,2.637481689453125000e-01,9.275226562500000000e+04,4.846686718750000000e+04,4.904844921875000000e+04,7.182225000000000000e+04,-2.525178791806731001e+07
1.419000000000000039e+00,-2.509165957496211945e+02,-1.087864775233938097e+01,-7.246563579446072367e+01,-1.126478710937500000e+04,8.132736968994140625e+01,3.551239746093750000e+03,2.734305262565612793e-01,-4.625418037176132202e-02,3.173247575759887695e-01,2.820593416690826416e-01,1.576312956210200014e+02,1.087864775233938097e+01,7.246563579446072367e+01,-9.328530012860117893e+01,0.000000000000000000e+00,0.000000000000000000e+00,2.734305262565612793e-01,0.000000000000000000e+00,3.173247575759887695e-01,2.820593416690826416e-01,9.260728906250000000e+04,4.858450781250000000e+04,4.909464843750000000e+04,7.192928125000000000e+04,-2.532011666943790391e+07
1.419999999999999929e+00,-2.390827165799357203e+02,-9.117961491101082672e+00,-6.933506904998357356e+01,-1.128654882812500000e+04,8.920691680908203125e+01,3.554866699218750000e+03,2.696298956871032715e-01,-3.674242645502090454e-02,3.232390284538269043e-01,2.875697612762451172e-01,1.457974164513345272e+02,9.117961491101082672e+00,6.933506904998357356e+01,-9.328530012860117893e+01,0.000000000000000000e+00,0.000000000000000000e+00,2.696298956871032715e-01,0.000000000000000000e+00,3.232390284538269043e-01,2.875697612762451172e-01,9.261343750000000000e+04,4.835912109375000000e+04,4.920660937500000000e+04,7.204227343750000000e+04,-2.538216770382706448e+07
1.421000000000000041e+00,-2.274261465337254435e+02,-6.778025437989415813e+00,-6.666461026803867185e+01,-1.128359277343750000e+04,9.025045776367187500e+01,3.535746093750000000e+03,2.652091383934020996e-01,-2.447271347045898438e-02,3.271914124488830566e-01,2.914355695247650146e-01,1.341408464051242504e+02,6.778025437989415813e+00,6.666461026803867185e+01,-9.328530012860117893e+01,0.000000000000000000e+00,0.000000000000000000e+00,2.652091383934020996e-01,0.000000000000000000e+00,3.271914124488830566e-01,2.914355695247650146e-01,9.258827343750000000e+04,4.813742968750000000e+04,4.932266406250000000e+04,7.215184375000000000e+04,-2.543838046784527227e+07
1.421999999999999931e+00,-2.159573834844680960e+02,-3.931595133074763382e+00,-6.450696466545213070e+01,-1.126368457031250000e+04,8.465587615966796875e+01,3.570710205078125000e+03,2.630163431167602539e-01,-1.129144057631492615e-02,3.288593888282775879e-01,2.936530709266662598e-01,1.226720833558669170e+02,3.931595133074763382e+00,6.450696466545213070e+01,-9.328530012860117893e+01,0.000000000000000000e+00,0.000000000000000000e+00,2.630163431167602539e-01,0.000000000000000000e+00,3.288593888282775879e-01,2.936530709266662598e-01,9.254164843750000000e+04,4.790654296875000000e+04,4.942958203125000000e+04,7.227058593750000000e+04,-2.548919466525737196e+07
1.423000000000000043e+00,-2.046428038440483306e+02,-7.213746088344185070e-01,-6.295025183760731124e+01,-1.124772460937500000e+04,7.227808380126953125e+01,3.572110595703125000e+03,2.592415809631347656e-01,4.685861989855766296e-03,3.281484842300415039e-01,2.942104339599609375e-01,1.113575037154471374e+02,7.213746088344185070e-01,6.295025183760731124e+01,-9.328530012860117893e+01,0.000000000000000000e+00,0.000000000000000000e+00,2.592415809631347656e-01,4.685861989855766296e-03,3.281484842300415039e-01,2.942104339599609375e-01,9.247471093750000000e+04,4.768086718750000000e+04,4.954191796875000000e+04,7.238321093750000000e+04,-2.553503659701026976e+07
1.423999999999999932e+00,-1.934106097442829650e+02,2.733940907152705435e+00,-6.204105970344060239e+01,-1.124452441406250000e+04,6.240000534057617188e+01,3.578059814453125000e+03,2.579375505447387695e-01,2.128857001662254333e-02,3.248383700847625732e-01,2.928540706634521484e-01,1.001253096156817719e+02,-2.733940907152705435e+00,6.204105970344060239e+01,-9.328530012860117893e+01,0.000000000000000000e+00,0.000000000000000000e+00,2.579375505447387695e-01,2.128857001662254333e-02,3.248383700847625732e-01,2.928540706634521484e-01,9.238315625000000000e+04,4.745460546875000000e+04,4.965315625000000000e+04,7.249647656250000000e+04,-2.557630082849393412e+07
1.425000000000000044e+00,-1.821693311527495212e+02,6.279469542279493943e+00,-6.181902584380138421e+01,-1.125511914062500000e+04,5.786281204223632812e+01,3.557680908203125000e+03,2.571192085742950439e-01,4.016000032424926758e-02,3.186346888542175293e-01,2.890893220901489258e-01,8.888403102414834223e+01,-6.279469542279493943e+00,6.181902584380138421e+01,-9.328530012860117893e+01,0.000000000000000000e+00,0.000000000000000000e+00,2.571192085742950439e-01,4.016000032424926758e-02,3.186346888542175293e-01,2.890893220901489258e-01,9.228022656250000000e+04,4.723322656250000000e+04,4.976878515625000000e+04,7.260548437500000000e+04,-2.561334751740058139e+07
1.425999999999999934e+00,-1.708293989566280402e+02,9.802760672314107637e+00,-6.230504283155863732e+01,-1.126829980468750000e+04,6.173197555541992188e+01,3.561199462890625000e+03,2.583145201206207275e-01,6.072936579585075378e-02,3.090514838695526123e-01,2.823875546455383301e-01,7.754409882802686127e+01,-9.802760672314107637e+00,6.230504283155863732e+01,-9.328530012860117893e+01,0.000000000000000000e+00,0.000000000000000000e+00,2.583145201206207275e-01,6.072936579585075378e-02,3.090514838695526123e-01,2.823875546455383301e-01,9.217753125000000000e+04,4.700774218750000000e+04,4.988090625000000000e+04,7.271889843750000000e+04,-2.564650821342750639e+07
1.427000000000000046e+00,-1.593153955784428319e+02,1.317813424451091286e+01,-6.350971779870717171e+01,-1.127025292968750000e+04,6.672885131835937500e+01,3.580954589843750000e+03,2.588415145874023438e-01,8.415775001049041748e-02,2.958859503269195557e-01,2.727868556976318359e-01,6.603009544984165302e+01,-1.317813424451091286e+01,6.350971779870717171e+01,-9.328530012860117893e+01,0.000000000000000000e+00,0.000000000000000000e+00,2.588415145874023438e-01,8.415775001049041748e-02,2.958859503269195557e-01,2.727868556976318359e-01,9.208900781250000000e+04,4.677931250000000000e+04,4.999047656250000000e+04,7.283503125000000000e+04,-2.567609675617285818e+07
1.427999999999999936e+00,-1.475731525843725080e+02,1.625049172481682547e+01,-6.541235507997093634e+01,-1.125508984375000000e+04,6.789079284667968750e+01,3.586308349609375000e+03,2.590394616127014160e-01,1.092724278569221497e-01,2.790827155113220215e-01,2.606723308563232422e-01,5.428785245577134333e+01,-1.625049172481682547e+01,6.541235507997093634e+01,-9.328530012860117893e+01,0.000000000000000000e+00,0.000000000000000000e+00,2.590394616127014160e-01,1.092724278569221497e-01,2.790827155113220215e-01,2.606723308563232422e-01,9.200342187500000000e+04,4.655292187500000000e+04,5.010230078125000000e+04,7.294821875000000000e+04,-2.570241744621495530e+07
1.429000000000000048e+00,-1.355771948724304536e+02,1.888404667668495662e+01,-6.796026132927318031e+01,-1.122296191406250000e+04,6.163733291625976562e+01,3.587746826171875000e+03,2.606652081012725830e-01,1.346438527107238770e-01,2.587660253047943115e-01,2.463145554065704346e-01,4.229189474382928182e+01,-1.888404667668495662e+01,6.796026132927318031e+01,-9.328530012860117893e+01,0.000000000000000000e+00,0.000000000000000000e+00,2.606652081012725830e-01,1.346438527107238770e-01,2.587660253047943115e-01,2.463145554065704346e-01,9.192127343750000000e+04,4.639904296875000000e+04,5.021460156250000000e+04,7.306076562500000000e+04,-2.572577382632326335e+07
1.429999999999999938e+00,-1.233304202802397498e+02,2.094385773656640382e+01,-7.104553234904504677e+01,-1.119190917968750000e+04,4.965303039550781250e+01,3.562834960937500000e+03,2.631750702857971191e-01,1.596685051918029785e-01,2.358074188232421875e-01,2.307332754135131836e-01,3.004512015163857441e+01,-2.094385773656640382e+01,7.104553234904504677e+01,-9.328530012860117893e+01,0.000000000000000000e+00,0.000000000000000000e+00,2.631750702857971191e-01,1.596685051918029785e-01,2.358074188232421875e-01,2.307332754135131836e-01,9.184764062500000000e+04,4.645702734375000000e+04,5.033097265625000000e+04,7.316911718750000000e+04,-2.574647033173341304e+07
1.431000000000000050e+00,-1.108487820346925048e+02,2.235039925274422856e+01,-7.457810040932058371e+01,-1.117443847656250000e+04,3.885205078125000000e+01,3.577287841796875000e+03,2.677759230136871338e-01,1.837592422962188721e-01,2.111411839723587036e-01,2.145040631294250488e-01,1.756348190609133297e+01,-2.235039925274422856e+01,7.457810040932058371e+01,-9.328530012860117893e+01,0.000000000000000000e+00,0.000000000000000000e+00,2.677759230136871338e-01,1.837592422962188721e-01,2.111411839723587036e-01,2.145040631294250488e-01,9.180089062500000000e+04,4.656725781250000000e+04,5.044078125000000000e+04,7.328447656250000000e+04,-2.576481921761940792e+07
1.431999999999999940e+00,-9.820466193575293801e+01,2.301130752881998731e+01,-7.836266569619733957e+01,-1.118073730468750000e+04,3.278474807739257812e+01,3.559264892578125000e+03,2.704007923603057861e-01,2.072299122810363770e-01,1.867989450693130493e-01,1.996512562036514282e-01,4.919361807151759081e+00,-2.301130752881998731e+01,7.836266569619733957e+01,-9.328530012860117893e+01,0.000000000000000000e+00,0.000000000000000000e+00,2.704007923603057861e-01,2.072299122810363770e-01,1.867989450693130493e-01,1.996512562036514282e-01,9.178186718750000000e+04,4.668251953125000000e+04,5.055645703125000000e+04,7.331532031250000000e+04,-2.578113360089452192e+07
1.433000000000000052e+00,-8.549780452324849023e+01,2.288594779548069624e+01,-8.221823139064774466e+01,-1.119947851562500000e+04,3.647453308105468750e+01,3.558006347656250000e+03,2.752054631710052490e-01,2.294015288352966309e-01,1.631572097539901733e-01,1.857453286647796631e-01,-7.787495605352692252e+00,-2.288594779548069624e+01,8.221823139064774466e+01,-9.328530012860117893e+01,0.000000000000000000e+00,0.000000000000000000e+00,2.752054631710052490e-01,2.294015288352966309e-01,1.631572097539901733e-01,1.857453286647796631e-01,9.178529687500000000e+04,4.679504296875000000e+04,5.066953125000000000e+04,7.323680468750000000e+04,-2.579572707965232059e+07
1.433999999999999941e+00,-7.287308077947288609e+01,2.198681485885170162e+01,-8.589304160789839671e+01,-1.121823339843750000e+04,4.434351730346679688e+01,3.518843017578125000e+03,2.791053652763366699e-01,2.501703500747680664e-01,1.419866979122161865e-01,1.745995283126831055e-01,-2.041221934912828928e+01,-2.198681485885170162e+01,8.589304160789839671e+01,-9.328530012860117893e+01,0.000000000000000000e+00,0.000000000000000000e+00,2.791053652763366699e-01,2.501703500747680664e-01,1.419866979122161865e-01,1.745995283126831055e-01,9.181566406250000000e+04,4.691442578125000000e+04,5.078879687500000000e+04,7.304863281250000000e+04,-2.580889860017890483e+07
1.435000000000000053e+00,-6.043301468625067940e+01,2.035441536557029352e+01,-8.925791246516374144e+01,-1.122086425781250000e+04,5.227295303344726562e+01,3.542085693359375000e+03,2.852181196212768555e-01,2.692524492740631104e-01,1.234030574560165405e-01,1.658761650323867798e-01,-3.285228544235049952e+01,-2.035441536557029352e+01,8.925791246516374144e+01,-9.328530012860117893e+01,0.000000000000000000e+00,0.000000000000000000e+00,2.852181196212768555e-01,2.692524492740631104e-01,1.234030574560165405e-01,1.658761650323867798e-01,9.188358593750000000e+04,4.702329687500000000e+04,5.079321093750000000e+04,7.282759375000000000e+04,-2.582093202660548687e+07
1.435999999999999943e+00,-4.826992478705981426e+01,1.808768921743294555e+01,-9.214362059141123495e+01,-1.120913476562500000e+04,5.046604919433593750e+01,3.549498535156250000e+03,2.871446013450622559e-01,2.854078412055969238e-01,1.097636446356773376e-01,1.628792583942413330e-01,-4.501537534154136466e+01,-1.808768921743294555e+01,9.214362059141123495e+01,-9.328530012860117893e+01,0.000000000000000000e+00,0.000000000000000000e+00,2.871446013450622559e-01,2.854078412055969238e-01,1.097636446356773376e-01,1.628792583942413330e-01,9.198964843750000000e+04,4.713456640625000000e+04,5.065201953125000000e+04,7.260410156250000000e+04,-2.583207962356135622e+07
1.437000000000000055e+00,-3.641016018393286657e+01,1.529017253449337055e+01,-9.445727124135811437e+01,-1.119143847656250000e+04,4.129632186889648438e+01,3.574241455078125000e+03,2.893102765083312988e-01,2.988964319229125977e-01,1.002632454037666321e-01,1.641354262828826904e-01,-5.687513994466831235e+01,-1.529017253449337055e+01,9.445727124135811437e+01,-9.328530012860117893e+01,0.000000000000000000e+00,0.000000000000000000e+00,2.893102765083312988e-01,2.988964319229125977e-01,1.002632454037666321e-01,1.641354262828826904e-01,9.210638281250000000e+04,4.724258593750000000e+04,5.042240234375000000e+04,7.238296093750000000e+04,-2.584256128879247233e+07
1.437999999999999945e+00,-2.483253336098266573e+01,1.214191487652623103e+01,-9.609937861530112002e+01,-1.118455761718750000e+04,2.833721733093261719e+01,3.534763671875000000e+03,2.892746627330780029e-01,3.096721768379211426e-01,9.559391438961029053e-02,1.702600717544555664e-01,-6.845276676761851320e+01,-1.214191487652623103e+01,9.609937861530112002e+01,-9.328530012860117893e+01,0.000000000000000000e+00,0.000000000000000000e+00,2.892746627330780029e-01,3.096721768379211426e-01,9.559391438961029053e-02,1.702600717544555664e-01,9.221226562500000000e+04,4.736173046875000000e+04,5.020382421875000000e+04,7.215102343750000000e+04,-2.585256046017271280e+07
1.439000000000000057e+00,-1.345680113764247210e+01,8.767492394548090928e+00,-9.705054327428941008e+01,-1.119956640625000000e+04,2.227039146423339844e+01,3.507137695312500000e+03,2.917407155036926270e-01,3.201783001422882080e-01,9.378933161497116089e-02,1.777018904685974121e-01,-7.982849899095870683e+01,-8.767492394548090928e+00,9.705054327428941008e+01,-9.328530012860117893e+01,0.000000000000000000e+00,0.000000000000000000e+00,2.917407155036926270e-01,3.201783001422882080e-01,9.378933161497116089e-02,1.777018904685974121e-01,9.232006250000000000e+04,4.747919921875000000e+04,4.998364062500000000e+04,7.192119531250000000e+04,-2.586223722254229337e+07
1.439999999999999947e+00,-2.183235788257931631e+00,5.300348919854179108e+00,-9.730045287905619489e+01,-1.123949707031250000e+04,2.687999534606933594e+01,3.481478515625000000e+03,2.921340465545654297e-01,3.302118182182312012e-01,9.577903151512145996e-02,1.874241679906845093e-01,-9.110206434034324730e+01,-5.300348919854179108e+00,9.730045287905619489e+01,-9.328530012860117893e+01,0.000000000000000000e+00,0.000000000000000000e+00,2.921340465545654297e-01,3.302118182182312012e-01,9.577903151512145996e-02,1.874241679906845093e-01,9.242838281250000000e+04,4.759615234375000000e+04,4.976306640625000000e+04,7.170525000000000000e+04,-2.587173746088994294e+07
1.441000000000000059e+00,9.083989181959893244e+00,1.846746603864626302e+00,-9.684930080532741670e+01,-1.129188183593750000e+04,4.223461532592773438e+01,3.488214111328125000e+03,2.915675044059753418e-01,3.408220410346984863e-01,1.008372902870178223e-01,1.978638172149658203e-01,-1.023692893105610722e+02,-1.846746603864626302e+00,9.684930080532741670e+01,-9.328530012860117893e+01,0.000000000000000000e+00,0.000000000000000000e+00,2.915675044059753418e-01,3.408220410346984863e-01,1.008372902870178223e-01,1.978638172149658203e-01,9.254178906250000000e+04,4.770743359375000000e+04,4.953694921875000000e+04,7.157412500000000000e+04,-2.588120317728890106e+07
1.441999999999999948e+00,2.042125875025425330e+01,-1.454863952268306226e+00,-9.571037544832475419e+01,-1.133765625000000000e+04,6.089241027832031250e+01,3.497656494140625000e+03,2.889373004436492920e-01,3.515990972518920898e-01,1.090497598052024841e-01,2.089858800172805786e-01,-1.137065588788554322e+02,1.454863952268306226e+00,9.571037544832475419e+01,-9.328530012860117893e+01,0.000000000000000000e+00,0.000000000000000000e+00,2.889373004436492920e-01,3.515990972518920898e-01,1.090497598052024841e-01,2.089858800172805786e-01,9.265614843750000000e+04,4.781800781250000000e+04,4.931009375000000000e+04,7.152508593750000000e+04,-2.589078279769542441e+07
1.443000000000000060e+00,3.187804955420276087e+01,-4.444223439024510114e+00,-9.393340968238301514e+01,-1.136182714843750000e+04,7.687422180175781250e+01,3.481169677734375000e+03,2.867210507392883301e-01,3.630513548851013184e-01,1.188347935676574707e-01,2.193181961774826050e-01,-1.251633496828039398e+02,4.444223439024510114e+00,9.393340968238301514e+01,-9.328530012860117893e+01,0.000000000000000000e+00,0.000000000000000000e+00,2.867210507392883301e-01,3.630513548851013184e-01,1.188347935676574707e-01,2.193181961774826050e-01,9.276564843750000000e+04,4.793341796875000000e+04,4.909193359375000000e+04,7.155623437500000000e+04,-2.590064224431533739e+07
1.443999999999999950e+00,4.347745614470825615e+01,-7.010032076642313648e+00,-9.158180241995273718e+01,-1.136116699218750000e+04,8.536296844482421875e+01,3.477034912109375000e+03,2.864770889282226562e-01,3.756668865680694580e-01,1.280099153518676758e-01,2.276572734117507935e-01,-1.367627562733094351e+02,7.010032076642313648e+00,9.158180241995273718e+01,-9.328530012860117893e+01,0.000000000000000000e+00,0.000000000000000000e+00,2.864770889282226562e-01,3.756668865680694580e-01,1.280099153518676758e-01,2.276572734117507935e-01,9.286005468750000000e+04,4.804696484375000000e+04,4.895632421875000000e+04,7.166563281250000000e+04,-2.591096890059235692e+07
1.445000000000000062e+00,5.522795894631316571e+01,-9.035132580086639109e+00,-8.876030694653049125e+01,-1.135315722656250000e+04,8.643052673339843750e+01,3.455064941406250000e+03,2.844402194023132324e-01,3.873968720436096191e-01,1.358787119388580322e-01,2.356896251440048218e-01,-1.485132590749143446e+02,9.035132580086639109e+00,8.876030694653049125e+01,-9.328530012860117893e+01,0.000000000000000000e+00,0.000000000000000000e+00,2.844402194023132324e-01,3.873968720436096191e-01,1.358787119388580322e-01,2.356896251440048218e-01,9.294689062500000000e+04,4.816329687500000000e+04,4.890072265625000000e+04,7.177471093750000000e+04,-2.592197905375171453e+07
1.445999999999999952e+00,6.713099846425519956e+01,-1.045634173515836629e+01,-8.554125511631923473e+01,-1.135445800781250000e+04,8.572872161865234375e+01,3.480935791015625000e+03,2.811125516891479492e-01,3.987917304039001465e-01,1.402568370103836060e-01,2.426141053438186646e-01,-1.604162985928563785e+02,1.045634173515836629e+01,8.554125511631923473e+01,-9.328530012860117893e+01,0.000000000000000000e+00,0.000000000000000000e+00,2.811125516891479492e-01,3.987917304039001465e-01,1.402568370103836060e-01,2.426141053438186646e-01,9.302607031250000000e+04,4.827137890625000000e+04,4.890096875000000000e+04,7.189196875000000000e+04,-2.593391226611588150e+07
1.447000000000000064e+00,7.916296735476585411e+01,-1.118304397997447630e+01,-8.209728610109004876e+01,-1.138181250000000000e+04,8.751011657714843750e+01,3.464468017578125000e+03,2.717606425285339355e-01,4.076227545738220215e-01,1.414536833763122559e-01,2.499214708805084229e-01,-1.724482674833670330e+02,1.118304397997447630e+01,8.209728610109004876e+01,-9.328530012860117893e+01,0.000000000000000000e+00,0.000000000000000000e+00,2.717606425285339355e-01,4.076227545738220215e-01,1.414536833763122559e-01,2.499214708805084229e-01,9.307248437500000000e+04,4.838627343750000000e+04,4.894274609375000000e+04,7.200164843750000000e+04,-2.594704406637411565e+07
1.447999999999999954e+00,-2.687219884349992753e+02,-1.117406470519367367e+01,-7.856974201963966209e+01,-1.142748535156250000e+04,9.937699890136718750e+01,3.464936523437500000e+03,2.624594569206237793e-01,4.173462688922882080e-01,1.368352025747299194e-01,2.539874315261840820e-01,1.754366883063981106e+02,1.117406470519367367e+01,7.856974201963966209e+01,-9.328530012860117893e+01,0.000000000000000000e+00,0.000000000000000000e+00,2.624594569206237793e-01,4.173462688922882080e-01,1.368352025747299194e-01,2.539874315261840820e-01,9.305514062500000000e+04,4.849881250000000000e+04,4.898982031250000000e+04,7.211398437500000000e+04,-2.602555363752564415e+07
1.449000000000000066e+00,-2.566032913908824753e+02,-1.042766422387499148e+01,-7.516785226341067983e+01,-1.147758496093750000e+04,1.175903778076171875e+02,3.427645019531250000e+03,2.822655439376831055e-01,-4.703182727098464966e-02,3.137849271297454834e-01,2.759467363357543945e-01,1.633179912622812822e+02,1.042766422387499148e+01,7.516785226341067983e+01,-9.328530012860117893e+01,0.000000000000000000e+00,0.000000000000000000e+00,2.822655439376831055e-01,0.000000000000000000e+00,3.137849271297454834e-01,2.759467363357543945e-01,9.296569531250000000e+04,4.861789843750000000e+04,4.900569140625000000e+04,7.222014843750000000e+04,-2.609715782887333632e+07
1.449999999999999956e+00,-2.445572175322090516e+02,-8.974144362136096120e+00,-7.200955005899245975e+01,-1.151025976562500000e+04,1.391080169677734375e+02,3.438623535156250000e+03,2.786742746829986572e-01,-3.771654143929481506e-02,3.199856877326965332e-01,2.813099324703216553e-01,1.512719174036078584e+02,8.974144362136096120e+00,7.200955005899245975e+01,-9.328530012860117893e+01,0.000000000000000000e+00,0.000000000000000000e+00,2.786742746829986572e-01,0.000000000000000000e+00,3.199856877326965332e-01,2.813099324703216553e-01,9.302620312500000000e+04,4.839113671875000000e+04,4.911669140625000000e+04,7.233471093750000000e+04,-2.616223197208716348e+07
1.451000000000000068e+00,-2.326542072738039906e+02,-6.883001129204624924e+00,-6.923273956014132580e+01,-1.151634863281250000e+04,1.546181030273437500e+02,3.457212890625000000e+03,2.736726403236389160e-01,-2.489684149622917175e-02,3.243755698204040527e-01,2.848652005195617676e-01,1.393689071452028259e+02,6.883001129204624924e+00,6.923273956014132580e+01,-9.328530012860117893e+01,0.000000000000000000e+00,0.000000000000000000e+00,2.736726403236389160e-01,0.000000000000000000e+00,3.243755698204040527e-01,2.848652005195617676e-01,9.306164843750000000e+04,4.816287109375000000e+04,4.922640234375000000e+04,7.245075000000000000e+04,-2.622120050018091127e+07
1.451999999999999957e+00,-2.209273251455524019e+02,-4.254031635779943699e+00,-6.694935196541773337e+01,-1.150170214843750000e+04,1.613828125000000000e+02,3.477060058593750000e+03,2.693697512149810791e-01,-1.018128544092178345e-02,3.266010880470275879e-01,2.867904603481292725e-01,1.276420250169512087e+02,4.254031635779943699e+00,6.694935196541773337e+01,-9.328530012860117893e+01,0.000000000000000000e+00,0.000000000000000000e+00,2.693697512149810791e-01,0.000000000000000000e+00,3.266010880470275879e-01,2.867904603481292725e-01,9.309606250000000000e+04,4.793405468750000000e+04,4.933574609375000000e+04,7.256644531250000000e+04,-2.627450969569062814e+07
1.453000000000000069e+00,-2.093629002657372666e+02,-1.212768910136799994e+00,-6.524622240885720714e+01,-1.147962890625000000e+04,1.603987884521484375e+02,3.486777587890625000e+03,2.660880982875823975e-01,5.993099883198738098e-03,3.263967335224151611e-01,2.870424389839172363e-01,1.160776001371360877e+02,1.212768910136799994e+00,6.524622240885720714e+01,-9.328530012860117893e+01,0.000000000000000000e+00,0.000000000000000000e+00,2.660880982875823975e-01,5.993099883198738098e-03,3.263967335224151611e-01,2.870424389839172363e-01,9.309342187500000000e+04,4.770732812500000000e+04,4.944647656250000000e+04,7.268032812500000000e+04,-2.632260106004536524e+07
1.453999999999999959e+00,-1.978981334335609858e+02,2.087093454696432371e+00,-6.419152061201315007e+01,-1.146931738281250000e+04,1.585017700195312500e+02,3.466437011718750000e+03,2.642756700515747070e-01,2.335727401077747345e-02,3.235430121421813965e-01,2.854306995868682861e-01,1.046128333049598211e+02,-2.087093454696432371e+00,6.419152061201315007e+01,-9.328530012860117893e+01,0.000000000000000000e+00,0.000000000000000000e+00,2.642756700515747070e-01,2.335727401077747345e-02,3.235430121421813965e-01,2.854306995868682861e-01,9.303152343750000000e+04,4.748596093750000000e+04,4.956200781250000000e+04,7.278934375000000000e+04,-2.636588963853942230e+07
1.455000000000000071e+00,-1.864460431965094926e+02,5.553910775094531793e+00,-6.381406893184792040e+01,-1.147370898437500000e+04,1.636860961914062500e+02,3.489206542968750000e+03,2.647735476493835449e-01,4.194683581590652466e-02,3.177557587623596191e-01,2.814223170280456543e-01,9.316074306790831372e+01,-5.553910775094531793e+00,6.381406893184792040e+01,-9.328530012860117893e+01,0.000000000000000000e+00,0.000000000000000000e+00,2.647735476493835449e-01,4.194683581590652466e-02,3.177557587623596191e-01,2.814223170280456543e-01,9.296610156250000000e+04,4.725723437500000000e+04,4.967076562500000000e+04,7.290598437500000000e+04,-2.640475484688159451e+07
1.455999999999999961e+00,-1.749101899144061179e+02,9.027576461641656280e+00,-6.414943551297251645e+01,-1.148971777343750000e+04,1.746416778564453125e+02,3.491043212890625000e+03,2.636162042617797852e-01,6.403938680887222290e-02,3.089109063148498535e-01,2.748513519763946533e-01,8.162488978580493892e+01,-9.027576461641656280e+00,6.414943551297251645e+01,-9.328530012860117893e+01,0.000000000000000000e+00,0.000000000000000000e+00,2.636162042617797852e-01,6.403938680887222290e-02,3.089109063148498535e-01,2.748513519763946533e-01,9.290161718750000000e+04,4.703170703125000000e+04,4.978333593750000000e+04,7.301911718750000000e+04,-2.643954506863089278e+07
1.457000000000000073e+00,-1.632096331952550941e+02,1.239138162213290073e+01,-6.521666237035697122e+01,-1.149852246093750000e+04,1.903618164062500000e+02,3.524205810546875000e+03,2.640409469604492188e-01,8.785738795995712280e-02,2.964102327823638916e-01,2.652315795421600342e-01,6.992433306665390091e+01,-1.239138162213290073e+01,6.521666237035697122e+01,-9.328530012860117893e+01,0.000000000000000000e+00,0.000000000000000000e+00,2.640409469604492188e-01,8.785738795995712280e-02,2.964102327823638916e-01,2.652315795421600342e-01,9.283613281250000000e+04,4.680068359375000000e+04,4.989057421875000000e+04,7.313692187500000000e+04,-2.647058921238785610e+07
1.457999999999999963e+00,-1.512913654356210031e+02,1.545189488703267600e+01,-6.698693892010751938e+01,-1.148856933593750000e+04,2.012358093261718750e+02,3.509877929687500000e+03,2.632895708084106445e-01,1.139835715293884277e-01,2.803144454956054688e-01,2.530666887760162354e-01,5.800606530701983843e+01,-1.545189488703267600e+01,6.698693892010751938e+01,-9.328530012860117893e+01,0.000000000000000000e+00,0.000000000000000000e+00,2.632895708084106445e-01,1.139835715293884277e-01,2.803144454956054688e-01,2.530666887760162354e-01,9.276687500000000000e+04,4.657815234375000000e+04,5.000556640625000000e+04,7.324683593750000000e+04,-2.649820430068471655e+07
1.459000000000000075e+00,-1.391256821594363942e+02,1.810076172510488135e+01,-6.942575912896043633e+01,-1.145783789062500000e+04,2.052435150146484375e+02,3.530869384765625000e+03,2.658398449420928955e-01,1.397648453712463379e-01,2.603614330291748047e-01,2.382469475269317627e-01,4.584038203083521523e+01,-1.810076172510488135e+01,6.942575912896043633e+01,-9.328530012860117893e+01,0.000000000000000000e+00,0.000000000000000000e+00,2.658398449420928955e-01,1.397648453712463379e-01,2.603614330291748047e-01,2.382469475269317627e-01,9.269992968750000000e+04,4.645874609375000000e+04,5.011435546875000000e+04,7.336287500000000000e+04,-2.652270782972670719e+07
1.459999999999999964e+00,-1.267114334395624269e+02,2.019893274991648724e+01,-7.243857937424844806e+01,-1.142192675781250000e+04,2.003569335937500000e+02,3.535896728515625000e+03,2.670607268810272217e-01,1.658105850219726562e-01,2.380096763372421265e-01,2.226646840572357178e-01,3.342613331096124085e+01,-2.019893274991648724e+01,7.243857937424844806e+01,-9.328530012860117893e+01,0.000000000000000000e+00,0.000000000000000000e+00,2.670607268810272217e-01,1.658105850219726562e-01,2.380096763372421265e-01,2.226646840572357178e-01,9.265002343750000000e+04,4.655069921875000000e+04,5.022567187500000000e+04,7.347669531250000000e+04,-2.654441896175701171e+07
1.461000000000000076e+00,-1.140707838425446283e+02,2.164060074329001537e+01,-7.590752934294700083e+01,-1.139795703125000000e+04,1.938097076416015625e+02,3.546920898437500000e+03,2.697542905807495117e-01,1.907136142253875732e-01,2.139276266098022461e-01,2.066585719585418701e-01,2.078548371394344940e+01,-2.164060074329001537e+01,7.590752934294700083e+01,-9.328530012860117893e+01,0.000000000000000000e+00,0.000000000000000000e+00,2.697542905807495117e-01,1.907136142253875732e-01,2.139276266098022461e-01,2.066585719585418701e-01,9.261075781250000000e+04,4.666105468750000000e+04,5.033640625000000000e+04,7.356822656250000000e+04,-2.656366137409494445e+07
1.461999999999999966e+00,-1.012762664440287210e+02,2.233012221524967345e+01,-7.963590604845386167e+01,-1.139467871093750000e+04,1.917508392333984375e+02,3.525831298828125000e+03,2.724748849868774414e-01,2.145871520042419434e-01,1.896193325519561768e-01,1.914264410734176636e-01,7.990966315427548317e+00,-2.233012221524967345e+01,7.963590604845386167e+01,-9.328530012860117893e+01,0.000000000000000000e+00,0.000000000000000000e+00,2.724748849868774414e-01,2.145871520042419434e-01,1.896193325519561768e-01,1.914264410734176636e-01,9.258656250000000000e+04,4.677697656250000000e+04,5.045279296875000000e+04,7.353302343750000000e+04,-2.658075876813009381e+07
1.463000000000000078e+00,-8.842978240598871764e+01,2.222715584216717843e+01,-8.341638021127607772e+01,-1.140927050781250000e+04,1.989223175048828125e+02,3.499830810546875000e+03,2.773205637931823730e-01,2.372387349605560303e-01,1.658436208963394165e-01,1.770359575748443604e-01,-4.855517722612465725e+00,-2.222715584216717843e+01,8.341638021127607772e+01,-9.328530012860117893e+01,0.000000000000000000e+00,0.000000000000000000e+00,2.773205637931823730e-01,2.372387349605560303e-01,1.658436208963394165e-01,1.770359575748443604e-01,9.258087500000000000e+04,4.689418359375000000e+04,5.056989062500000000e+04,7.338325000000000000e+04,-2.659603093349085003e+07
1.463999999999999968e+00,-7.563979062750556182e+01,2.133392330366864087e+01,-8.708012950172695810e+01,-1.142651660156250000e+04,2.123440551757812500e+02,3.516810791015625000e+03,2.824615240097045898e-01,2.586581110954284668e-01,1.441383957862854004e-01,1.648482084274291992e-01,-1.764550950109562422e+01,-2.133392330366864087e+01,8.708012950172695810e+01,-9.328530012860117893e+01,0.000000000000000000e+00,0.000000000000000000e+00,2.824615240097045898e-01,2.586581110954284668e-01,1.441383957862854004e-01,1.648482084274291992e-01,9.261729687500000000e+04,4.700407031250000000e+04,5.067969921875000000e+04,7.316127343750000000e+04,-2.660979039665458724e+07
1.465000000000000080e+00,-6.302874280526366846e+01,1.969756218634568157e+01,-9.042665885805708115e+01,-1.143416601562500000e+04,2.229747467041015625e+02,3.534398925781250000e+03,2.848809957504272461e-01,2.779406905174255371e-01,1.262882649898529053e-01,1.570445746183395386e-01,-3.025655732333751047e+01,-1.969756218634568157e+01,9.042665885805708115e+01,-9.328530012860117893e+01,0.000000000000000000e+00,0.000000000000000000e+00,2.848809957504272461e-01,2.779406905174255371e-01,1.262882649898529053e-01,1.570445746183395386e-01,9.268837500000000000e+04,4.711358593750000000e+04,5.070437500000000000e+04,7.293940625000000000e+04,-2.662232799366251752e+07
1.465999999999999970e+00,-5.068498075317163654e+01,1.740022913378971126e+01,-9.330868423076736917e+01,-1.142289453125000000e+04,2.258087921142578125e+02,3.568346923828125000e+03,2.869253456592559814e-01,2.946186363697052002e-01,1.124486327171325684e-01,1.535501927137374878e-01,-4.260031937542954239e+01,-1.740022913378971126e+01,9.330868423076736917e+01,-9.328530012860117893e+01,0.000000000000000000e+00,0.000000000000000000e+00,2.869253456592559814e-01,2.946186363697052002e-01,1.124486327171325684e-01,1.535501927137374878e-01,9.277813281250000000e+04,4.722006250000000000e+04,5.058374609375000000e+04,7.271971093750000000e+04,-2.663390623946325108e+07
1.467000000000000082e+00,-3.865680557294010100e+01,1.460415317640725874e+01,-9.556863278639805515e+01,-1.140127636718750000e+04,2.186220092773437500e+02,3.539734375000000000e+03,2.874156534671783447e-01,3.082394301891326904e-01,1.033756658434867859e-01,1.552480757236480713e-01,-5.462849455566107792e+01,-1.460415317640725874e+01,9.556863278639805515e+01,-9.328530012860117893e+01,0.000000000000000000e+00,0.000000000000000000e+00,2.874156534671783447e-01,3.082394301891326904e-01,1.033756658434867859e-01,1.552480757236480713e-01,9.286894531250000000e+04,4.733749218750000000e+04,5.036536328125000000e+04,7.248960156250000000e+04,-2.664474723294301704e+07
1.467999999999999972e+00,-2.690904385541573163e+01,1.142570348583386775e+01,-9.716803619289528626e+01,-1.138378320312500000e+04,2.087764739990234375e+02,3.539476562500000000e+03,2.905361652374267578e-01,3.205447793006896973e-01,9.760152548551559448e-02,1.593118011951446533e-01,-6.637625627318544730e+01,-1.142570348583386775e+01,9.716803619289528626e+01,-9.328530012860117893e+01,0.000000000000000000e+00,0.000000000000000000e+00,2.905361652374267578e-01,3.205447793006896973e-01,9.760152548551559448e-02,1.593118011951446533e-01,9.296626562500000000e+04,4.745038281250000000e+04,5.014059375000000000e+04,7.226441406250000000e+04,-2.665504350354196131e+07
1.469000000000000083e+00,-1.536305229679204842e+01,8.021477964100359515e+00,-9.806558361109402711e+01,-1.139075097656250000e+04,2.016501007080078125e+02,3.517287841796875000e+03,2.906519770622253418e-01,3.307411074638366699e-01,9.662876278162002563e-02,1.676986366510391235e-01,-7.792224783180913050e+01,-8.021477964100359515e+00,9.806558361109402711e+01,-9.328530012860117893e+01,0.000000000000000000e+00,0.000000000000000000e+00,2.906519770622253418e-01,3.307411074638366699e-01,9.662876278162002563e-02,1.676986366510391235e-01,9.307495312500000000e+04,4.756673437500000000e+04,4.991947265625000000e+04,7.203602343750000000e+04,-2.666496072971554846e+07
1.469999999999999973e+00,-3.914645181818215747e+00,4.489319562755592408e+00,-9.825425026052320732e+01,-1.142421386718750000e+04,2.047945709228515625e+02,3.537074951171875000e+03,2.907108962535858154e-01,3.408733606338500977e-01,9.904313832521438599e-02,1.775350123643875122e-01,-8.937065494678296318e+01,-4.489319562755592408e+00,9.825425026052320732e+01,-9.328530012860117893e+01,0.000000000000000000e+00,0.000000000000000000e+00,2.907108962535858154e-01,3.408733606338500977e-01,9.904313832521438599e-02,1.775350123643875122e-01,9.319077343750000000e+04,4.767576562500000000e+04,4.969121093750000000e+04,7.181439843750000000e+04,-2.667465010584684089e+07
1.471000000000000085e+00,7.538321216417173787e+00,1.003077193444271042e+00,-9.772593137065267399e+01,-1.147466113281250000e+04,2.163415069580078125e+02,3.525219482421875000e+03,2.874170243740081787e-01,3.502980768680572510e-01,1.057469323277473450e-01,1.896826624870300293e-01,-1.008236213450183527e+02,-1.003077193444271042e+00,9.772593137065267399e+01,-9.328530012860117893e+01,0.000000000000000000e+00,0.000000000000000000e+00,2.874170243740081787e-01,3.502980768680572510e-01,1.057469323277473450e-01,1.896826624870300293e-01,9.330121093750000000e+04,4.778993359375000000e+04,4.946797656250000000e+04,7.160143750000000000e+04,-2.668425829595971853e+07
1.471999999999999975e+00,1.907491844037699025e+01,-2.294334839829653028e+00,-9.649976876217773736e+01,-1.151915429687500000e+04,2.340367126464843750e+02,3.516077880859375000e+03,2.860257029533386230e-01,3.614917099475860596e-01,1.142033860087394714e-01,2.003705203533172607e-01,-1.123602185689781692e+02,2.294334839829653028e+00,9.649976876217773736e+01,-9.328530012860117893e+01,0.000000000000000000e+00,0.000000000000000000e+00,2.860257029533386230e-01,3.614917099475860596e-01,1.142033860087394714e-01,2.003705203533172607e-01,9.338632031250000000e+04,4.790421093750000000e+04,4.924400000000000000e+04,7.148668750000000000e+04,-2.669393961781673506e+07
1.473000000000000087e+00,3.074331772423562370e+01,-5.266724169584244386e+00,-9.462070051054800501e+01,-1.154083203125000000e+04,2.488923950195312500e+02,3.511375488281250000e+03,2.850809097290039062e-01,3.736063241958618164e-01,1.238912120461463928e-01,2.098979800939559937e-01,-1.240286178528368026e+02,5.266724169584244386e+00,9.462070051054800501e+01,-9.328530012860117893e+01,0.000000000000000000e+00,0.000000000000000000e+00,2.850809097290039062e-01,3.736063241958618164e-01,1.238912120461463928e-01,2.098979800939559937e-01,9.346100000000000000e+04,4.801782421875000000e+04,4.906744531250000000e+04,7.145632812500000000e+04,-2.670386558475001529e+07
1.473999999999999977e+00,4.256582155760840180e+01,-7.790339212632735766e+00,-9.215933025744755014e+01,-1.153891894531250000e+04,2.556585388183593750e+02,3.510575439453125000e+03,2.840395271778106689e-01,3.857744038105010986e-01,1.334188729524612427e-01,2.184828370809555054e-01,-1.358511216862095807e+02,7.790339212632735766e+00,9.215933025744755014e+01,-9.328530012860117893e+01,0.000000000000000000e+00,0.000000000000000000e+00,2.840395271778106689e-01,3.857744038105010986e-01,1.334188729524612427e-01,2.184828370809555054e-01,9.352741406250000000e+04,4.813060156250000000e+04,4.897274609375000000e+04,7.149916406250000000e+04,-2.671423146545343846e+07
1.475000000000000089e+00,5.454945050601436662e+01,-9.777785944899470394e+00,-8.918732341763330851e+01,-1.152592382812500000e+04,2.527207183837890625e+02,3.543225830078125000e+03,2.815341353416442871e-01,3.971454501152038574e-01,1.411391347646713257e-01,2.265668362379074097e-01,-1.478347506346155456e+02,9.777785944899470394e+00,8.918732341763330851e+01,-9.328530012860117893e+01,0.000000000000000000e+00,0.000000000000000000e+00,2.815341353416442871e-01,3.971454501152038574e-01,1.411391347646713257e-01,2.265668362379074097e-01,9.359130468750000000e+04,4.823746875000000000e+04,4.895066406250000000e+04,7.161030468750000000e+04,-2.672525709176033363e+07
1.475999999999999979e+00,6.668191704910135797e+01,-1.110881105058111018e+01,-8.586051483475067414e+01,-1.152558496093750000e+04,2.447720642089843750e+02,3.529485351562500000e+03,2.744332253932952881e-01,4.060258269309997559e-01,1.463397592306137085e-01,2.354999929666519165e-01,-1.599672171777025369e+02,1.110881105058111018e+01,8.586051483475067414e+01,-9.328530012860117893e+01,0.000000000000000000e+00,0.000000000000000000e+00,2.744332253932952881e-01,4.060258269309997559e-01,1.463397592306137085e-01,2.354999929666519165e-01,9.362775000000000000e+04,4.835194531250000000e+04,4.899785156250000000e+04,7.172030468750000000e+04,-2.673719900351232290e+07
1.477000000000000091e+00,7.893467200039036413e+01,-1.172235313381962207e+01,-8.230935763403981298e+01,-1.154600488281250000e+04,2.416330566406250000e+02,3.532264160156250000e+03,2.672055959701538086e-01,4.155621528625488281e-01,1.459851562976837158e-01,2.418887019157409668e-01,-1.722199721289915431e+02,1.172235313381962207e+01,8.230935763403981298e+01,-9.328530012860117893e+01,0.000000000000000000e+00,0.000000000000000000e+00,2.672055959701538086e-01,4.155621528625488281e-01,1.459851562976837158e-01,2.418887019157409668e-01,9.361672656250000000e+04,4.846421093750000000e+04,4.908183593750000000e+04,7.183304687500000000e+04,-2.675034192987325415e+07
1.477999999999999980e+00,-2.687520834946450350e+02,-1.157547902749567292e+01,-7.874065391892416699e+01,-1.158884765625000000e+04,2.462042236328125000e+02,3.495567626953125000e+03,2.566450238227844238e-01,4.241089820861816406e-01,1.406830847263336182e-01,2.464041262865066528e-01,1.754667833660438703e+02,1.157547902749567292e+01,7.874065391892416699e+01,-9.328530012860117893e+01,0.000000000000000000e+00,0.000000000000000000e+00,2.566450238227844238e-01,4.241089820861816406e-01,1.406830847263336182e-01,2.464041262865066528e-01,9.354783593750000000e+04,4.858317187500000000e+04,4.916761718750000000e+04,7.193935156250000000e+04,-2.682890369455026090e+07
1.479000000000000092e+00,-2.564472534711383673e+02,-1.067050297683830529e+01,-7.528403127001143957e+01,-1.163413671875000000e+04,2.605643310546875000e+02,3.506668212890625000e+03,2.804706692695617676e-01,-3.657931834459304810e-02,3.135307133197784424e-01,2.714435756206512451e-01,1.631619533425371742e+02,1.067050297683830529e+01,7.528403127001143957e+01,-9.328530012860117893e+01,0.000000000000000000e+00,0.000000000000000000e+00,2.804706692695617676e-01,0.000000000000000000e+00,3.135307133197784424e-01,2.714435756206512451e-01,9.341330468750000000e+04,4.869399609375000000e+04,4.920209765625000000e+04,7.205407031250000000e+04,-2.690045043336119503e+07
1.479999999999999982e+00,-2.442347713795228401e+02,-9.047845630028930941e+00,-7.210482297219351722e+01,-1.166423925781250000e+04,2.732596435546875000e+02,3.523023681640625000e+03,2.745490670204162598e-01,-2.555574849247932434e-02,3.198628127574920654e-01,2.766194939613342285e-01,1.509494712509216754e+02,9.047845630028930941e+00,7.210482297219351722e+01,-9.328530012860117893e+01,0.000000000000000000e+00,0.000000000000000000e+00,2.745490670204162598e-01,0.000000000000000000e+00,3.198628127574920654e-01,2.766194939613342285e-01,9.345179687500000000e+04,4.846602734375000000e+04,4.931223046875000000e+04,7.216966406250000000e+04,-2.696538202591839805e+07
1.481000000000000094e+00,-2.321828669036868860e+02,-6.785156500683104497e+00,-6.934492908749342632e+01,-1.166790722656250000e+04,2.808634948730468750e+02,3.543443603515625000e+03,2.692390680313110352e-01,-1.234766468405723572e-02,3.243280053138732910e-01,2.802097499370574951e-01,1.388975667750857212e+02,6.785156500683104497e+00,6.934492908749342632e+01,-9.328530012860117893e+01,0.000000000000000000e+00,0.000000000000000000e+00,2.692390680313110352e-01,0.000000000000000000e+00,3.243280053138732910e-01,2.802097499370574951e-01,9.344809375000000000e+04,4.823710937500000000e+04,4.942152343750000000e+04,7.228536718750000000e+04,-2.702414566714090109e+07
1.481999999999999984e+00,-2.203225537866300385e+02,-3.999335062021919907e+00,-6.711925190283052700e+01,-1.164731738281250000e+04,2.774361267089843750e+02,3.554780517578125000e+03,2.648447453975677490e-01,2.656398341059684753e-03,3.264161050319671631e-01,2.820498049259185791e-01,1.270372536580288596e+02,3.999335062021919907e+00,6.711925190283052700e+01,-9.328530012860117893e+01,0.000000000000000000e+00,0.000000000000000000e+00,2.648447453975677490e-01,2.656398341059684753e-03,3.264161050319671631e-01,2.820498049259185791e-01,9.340607812500000000e+04,4.801019140625000000e+04,4.953209375000000000e+04,7.239952343750000000e+04,-2.707720868350489810e+07
1.483000000000000096e+00,-2.086281924815345405e+02,-8.360201990421448626e-01,-6.551380941070250685e+01,-1.162289648437500000e+04,2.662277526855468750e+02,3.542756591796875000e+03,2.620068490505218506e-01,1.856919936835765839e-02,3.258591294288635254e-01,2.821802496910095215e-01,1.153428923529333474e+02,8.360201990421448626e-01,6.551380941070250685e+01,-9.328530012860117893e+01,0.000000000000000000e+00,0.000000000000000000e+00,2.620068490505218506e-01,1.856919936835765839e-02,3.258591294288635254e-01,2.821802496910095215e-01,9.332933593750000000e+04,4.778743750000000000e+04,4.964623046875000000e+04,7.250996093750000000e+04,-2.712502716435628384e+07
1.483999999999999986e+00,-1.970303344257881122e+02,2.608965861673099962e+00,-6.456216269481417669e+01,-1.160881835937500000e+04,2.560173950195312500e+02,3.570903808593750000e+03,2.612441778182983398e-01,3.526409342885017395e-02,3.225145041942596436e-01,2.803134024143218994e-01,1.037450342971869333e+02,-2.608965861673099962e+00,6.456216269481417669e+01,-9.328530012860117893e+01,0.000000000000000000e+00,0.000000000000000000e+00,2.612441778182983398e-01,3.526409342885017395e-02,3.225145041942596436e-01,2.803134024143218994e-01,9.324164843750000000e+04,4.755780468750000000e+04,4.975391796875000000e+04,7.262756250000000000e+04,-2.716802319659492001e+07
1.485000000000000098e+00,-1.854302589489926163e+02,6.174088686870797815e+00,-6.431616945142825159e+01,-1.161515917968750000e+04,2.502506408691406250e+02,3.570917968750000000e+03,2.592273652553558350e-01,5.493533238768577576e-02,3.163477480411529541e-01,2.762917876243591309e-01,9.214495882039143737e+01,-6.174088686870797815e+00,6.431616945142825159e+01,-9.328530012860117893e+01,0.000000000000000000e+00,0.000000000000000000e+00,2.592273652553558350e-01,5.493533238768577576e-02,3.163477480411529541e-01,2.762917876243591309e-01,9.314522656250000000e+04,4.733255859375000000e+04,4.986675781250000000e+04,7.274034375000000000e+04,-2.720658226655282825e+07
1.485999999999999988e+00,-1.737292699341413993e+02,9.743308818287511386e+00,-6.480528035989732416e+01,-1.162939257812500000e+04,2.532321472167968750e+02,3.599226806640625000e+03,2.590799331665039062e-01,7.618293911218643188e-02,3.068160414695739746e-01,2.693787813186645508e-01,8.044396980554022036e+01,-9.743308818287511386e+00,6.480528035989732416e+01,-9.328530012860117893e+01,0.000000000000000000e+00,0.000000000000000000e+00,2.590799331665039062e-01,7.618293911218643188e-02,3.068160414695739746e-01,2.693787813186645508e-01,9.305628125000000000e+04,4.710233984375000000e+04,4.997485937500000000e+04,7.285731250000000000e+04,-2.724105878221393004e+07
1.487000000000000099e+00,-1.618460718597389132e+02,1.312220053835584466e+01,-6.603319100235503925e+01,-1.163588867187500000e+04,2.575935668945312500e+02,3.583702880859375000e+03,2.579419016838073730e-01,1.003008559346199036e-01,2.937250733375549316e-01,2.596655189990997314e-01,6.856077173113773426e+01,-1.312220053835584466e+01,6.603319100235503925e+01,-9.328530012860117893e+01,0.000000000000000000e+00,0.000000000000000000e+00,2.579419016838073730e-01,1.003008559346199036e-01,2.937250733375549316e-01,2.596655189990997314e-01,9.294731250000000000e+04,4.688001562500000000e+04,5.009010937500000000e+04,7.296703125000000000e+04,-2.727178550765128061e+07
1.487999999999999989e+00,-1.497264430708543443e+02,1.619950892898847172e+01,-6.798958772287910790e+01,-1.162039843750000000e+04,2.587456054687500000e+02,3.609567871093750000e+03,2.596928477287292480e-01,1.249366179108619690e-01,2.765610516071319580e-01,2.467804849147796631e-01,5.644114294225316542e+01,-1.619950892898847172e+01,6.798958772287910790e+01,-9.328530012860117893e+01,0.000000000000000000e+00,0.000000000000000000e+00,2.596928477287292480e-01,1.249366179108619690e-01,2.765610516071319580e-01,2.467804849147796631e-01,9.283871875000000000e+04,4.665090234375000000e+04,5.019821875000000000e+04,7.308389062500000000e+04,-2.729908852353419736e+07
1.489000000000000101e+00,-1.373446416394612868e+02,1.882324617987767468e+01,-7.061684709097809787e+01,-1.158706542968750000e+04,2.495168609619140625e+02,3.625289794921875000e+03,2.598983645439147949e-01,1.506682336330413818e-01,2.562805116176605225e-01,2.323894798755645752e-01,4.405934151086010075e+01,-1.882324617987767468e+01,7.061684709097809787e+01,-9.328530012860117893e+01,0.000000000000000000e+00,0.000000000000000000e+00,2.598983645439147949e-01,1.506682336330413818e-01,2.562805116176605225e-01,2.323894798755645752e-01,9.274356250000000000e+04,4.661853515625000000e+04,5.030772265625000000e+04,7.319950781250000000e+04,-2.732329312781108916e+07
1.489999999999999991e+00,-1.247003896371286658e+02,2.086567832836794523e+01,-7.382564279302602017e+01,-1.155064453125000000e+04,2.329952392578125000e+02,3.642882080078125000e+03,2.613410949707031250e-01,1.756012439727783203e-01,2.333662956953048706e-01,2.169125378131866455e-01,3.141508950852749038e+01,-2.086567832836794523e+01,7.382564279302602017e+01,-9.328530012860117893e+01,0.000000000000000000e+00,0.000000000000000000e+00,2.613410949707031250e-01,1.756012439727783203e-01,2.333662956953048706e-01,2.169125378131866455e-01,9.265070312500000000e+04,4.658620312500000000e+04,5.041716015625000000e+04,7.331496093750000000e+04,-2.734472891705264896e+07
1.491000000000000103e+00,-1.118389742551995170e+02,2.220042082494654068e+01,-7.745112679192115479e+01,-1.152640234375000000e+04,2.153760223388671875e+02,3.626530029296875000e+03,2.632810473442077637e-01,1.995265781879425049e-01,2.090938538312911987e-01,2.014606595039367676e-01,1.855367412659834159e+01,-2.220042082494654068e+01,7.745112679192115479e+01,-9.328530012860117893e+01,0.000000000000000000e+00,0.000000000000000000e+00,2.632810473442077637e-01,1.995265781879425049e-01,2.090938538312911987e-01,2.014606595039367676e-01,9.255632812500000000e+04,4.670130468750000000e+04,5.053270703125000000e+04,7.342446875000000000e+04,-2.736372840894124657e+07
1.491999999999999993e+00,-9.884192385667707015e+01,2.275040092162841177e+01,-8.129355048085936630e+01,-1.152387500000000000e+04,2.042391052246093750e+02,3.593065429687500000e+03,2.676451802253723145e-01,2.222201824188232422e-01,1.843279600143432617e-01,1.862121969461441040e-01,5.556623728075885893e+00,-2.275040092162841177e+01,8.129355048085936630e+01,-9.328530012860117893e+01,0.000000000000000000e+00,0.000000000000000000e+00,2.676451802253723145e-01,2.222201824188232422e-01,1.843279600143432617e-01,1.862121969461441040e-01,9.248489843750000000e+04,4.681976562500000000e+04,5.065112109375000000e+04,7.335174218750000000e+04,-2.738062435694481432e+07
1.493000000000000105e+00,-8.580397178652305001e+01,2.248795165207310021e+01,-8.518557158536141571e+01,-1.153676757812500000e+04,2.023069000244140625e+02,3.602539062500000000e+03,2.732626795768737793e-01,2.438707649707794189e-01,1.605831831693649292e-01,1.723036020994186401e-01,-7.481328342078134241e+00,-2.248795165207310021e+01,8.518557158536141571e+01,-9.328530012860117893e+01,0.000000000000000000e+00,0.000000000000000000e+00,2.732626795768737793e-01,2.438707649707794189e-01,1.605831831693649292e-01,1.723036020994186401e-01,9.245405468750000000e+04,4.693090625000000000e+04,5.076223828125000000e+04,7.317297656250000000e+04,-2.739574896809498593e+07
1.493999999999999995e+00,-7.285591679555672329e+01,2.142101925337956203e+01,-8.890546854864948045e+01,-1.155298925781250000e+04,2.033503265380859375e+02,3.611593261718750000e+03,2.764314413070678711e-01,2.638913094997406006e-01,1.399297118186950684e-01,1.620840728282928467e-01,-2.042938333304445209e+01,-2.142101925337956203e+01,8.890546854864948045e+01,-9.328530012860117893e+01,0.000000000000000000e+00,0.000000000000000000e+00,2.764314413070678711e-01,2.638913094997406006e-01,1.399297118186950684e-01,1.620840728282928467e-01,9.246292187500000000e+04,4.704184765625000000e+04,5.087324218750000000e+04,7.294970312500000000e+04,-2.740941999511081725e+07
1.495000000000000107e+00,-6.011682010801013121e+01,1.960151522010654190e+01,-9.227413986860426576e+01,-1.155440234375000000e+04,2.013713684082031250e+02,3.642571044921875000e+03,2.794717550277709961e-01,2.817440032958984375e-01,1.227650493383407593e-01,1.555979996919631958e-01,-3.316848002059104772e+01,-1.960151522010654190e+01,9.227413986860426576e+01,-9.328530012860117893e+01,0.000000000000000000e+00,0.000000000000000000e+00,2.794717550277709961e-01,2.817440032958984375e-01,1.227650493383407593e-01,1.555979996919631958e-01,9.247594531250000000e+04,4.714880859375000000e+04,5.098027343750000000e+04,7.272951562500000000e+04,-2.742193276345813274e+07
1.495999999999999996e+00,-4.768764989822658862e+01,1.716432954426879576e+01,-9.508729459759943836e+01,-1.153780566406250000e+04,1.896988830566406250e+02,3.615708251953125000e+03,2.809127569198608398e-01,2.966899573802947998e-01,1.101785451173782349e-01,1.542392075061798096e-01,-4.559765023037459031e+01,-1.716432954426879576e+01,9.508729459759943836e+01,-9.328530012860117893e+01,0.000000000000000000e+00,0.000000000000000000e+00,2.809127569198608398e-01,2.966899573802947998e-01,1.101785451173782349e-01,1.542392075061798096e-01,9.250068750000000000e+04,4.726594921875000000e+04,5.097185546875000000e+04,7.249969531250000000e+04,-2.743354308321354166e+07
1.497000000000000108e+00,-3.558036344560144926e+01,1.422326955500818357e+01,-9.727741296330344767e+01,-1.151077734375000000e+04,1.710826873779296875e+02,3.620653076171875000e+03,2.849478721618652344e-01,3.098981380462646484e-01,1.010786518454551697e-01,1.557818949222564697e-01,-5.770493668299972967e+01,-1.422326955500818357e+01,9.727741296330344767e+01,-9.328530012860117893e+01,0.000000000000000000e+00,0.000000000000000000e+00,2.849478721618652344e-01,3.098981380462646484e-01,1.010786518454551697e-01,1.557818949222564697e-01,9.256213281250000000e+04,4.737798046875000000e+04,5.074602734375000000e+04,7.227535937500000000e+04,-2.744447424194613099e+07
1.497999999999999998e+00,-2.375302343571553365e+01,1.093816645332553961e+01,-9.877640740769324168e+01,-1.149690820312500000e+04,1.490671539306640625e+02,3.599010253906250000e+03,2.860063910484313965e-01,3.203057050704956055e-01,9.708929806947708130e-02,1.625525057315826416e-01,-6.953227669288564528e+01,-1.093816645332553961e+01,9.877640740769324168e+01,-9.328530012860117893e+01,0.000000000000000000e+00,0.000000000000000000e+00,2.860063910484313965e-01,3.203057050704956055e-01,9.708929806947708130e-02,1.625525057315826416e-01,9.264546875000000000e+04,4.749424218750000000e+04,5.052487890625000000e+04,7.204706250000000000e+04,-2.745491487021420151e+07
1.499000000000000110e+00,-1.211384350458992287e+01,7.412779300389623849e+00,-9.957044555167379940e+01,-1.150868652343750000e+04,1.331953582763671875e+02,3.615085205078125000e+03,2.871474623680114746e-01,3.298479318618774414e-01,9.685828536748886108e-02,1.717279255390167236e-01,-8.117145662401125605e+01,-7.412779300389623849e+00,9.957044555167379940e+01,-9.328530012860117893e+01,0.000000000000000000e+00,0.000000000000000000e+00,2.871474623680114746e-01,3.298479318618774414e-01,9.685828536748886108e-02,1.717279255390167236e-01,9.274069531250000000e+04,4.760387890625000000e+04,5.029733203125000000e+04,7.182483593750000000e+04,-2.746503083834297210e+07
1.500000000000000000e+00,-5.559401435881170528e-01,3.823231916060869207e+00,-9.963575615646215056e+01,-1.154773144531250000e+04,1.262650451660156250e+02,3.594003173828125000e+03,2.847432494163513184e-01,3.380885720252990723e-01,1.013209819793701172e-01,1.841880232095718384e-01,-9.272935998501306187e+01,-3.823231916060869207e+00,9.963575615646215056e+01,-9.328530012860117893e+01,0.000000000000000000e+00,0.000000000000000000e+00,2.847432494163513184e-01,3.380885720252990723e-01,1.013209819793701172e-01,1.841880232095718384e-01,9.283537500000000000e+04,4.771958984375000000e+04,5.007582031250000000e+04,7.159594531250000000e+04,-2.747497304841956869e+07
1.500999999999999890e+00,1.101980701000320551e+01,3.052424636947407843e-01,-9.897735323286286757e+01,-1.159569628906250000e+04,1.300110473632812500e+02,3.582738525390625000e+03,2.838430404663085938e-01,3.478775024414062500e-01,1.081318855285644531e-01,1.959240883588790894e-01,-1.043051071386043844e+02,-3.052424636947407843e-01,9.897735323286286757e+01,-9.328530012860117893e+01,0.000000000000000000e+00,0.000000000000000000e+00,2.838430404663085938e-01,3.478775024414062500e-01,1.081318855285644531e-01,1.959240883588790894e-01,9.291250781250000000e+04,4.783423828125000000e+04,4.985237890625000000e+04,7.143915625000000000e+04,-2.748489109419205040e+07
1.502000000000000002e+00,2.268824886689199616e+01,-2.995318096613060810e+00,-9.762160675328647130e+01,-1.163284375000000000e+04,1.365653839111328125e+02,3.571467529296875000e+03,2.825941443443298340e-01,3.585642576217651367e-01,1.172888129949569702e-01,2.072548419237136841e-01,-1.159735489954931751e+02,2.995318096613060810e+00,9.762160675328647130e+01,-9.328530012860117893e+01,0.000000000000000000e+00,0.000000000000000000e+00,2.825941443443298340e-01,3.585642576217651367e-01,1.172888129949569702e-01,2.072548419237136841e-01,9.298192968750000000e+04,4.794894531250000000e+04,4.962875390625000000e+04,7.137528906250000000e+04,-2.749494480086429045e+07
1.502999999999999892e+00,3.449457674294231424e+01,-5.951795659702428409e+00,-9.561314961535464363e+01,-1.164582714843750000e+04,1.396569366455078125e+02,3.574040771484375000e+03,2.819865942001342773e-01,3.701063096523284912e-01,1.274152100086212158e-01,2.174184471368789673e-01,-1.277798768715434932e+02,5.951795659702428409e+00,9.561314961535464363e+01,-9.328530012860117893e+01,0.000000000000000000e+00,0.000000000000000000e+00,2.819865942001342773e-01,3.701063096523284912e-01,1.274152100086212158e-01,2.174184471368789673e-01,9.304280468750000000e+04,4.806115625000000000e+04,4.946692187500000000e+04,7.140083593750000000e+04,-2.750531197493990883e+07
1.504000000000000004e+00,4.646145497572165084e+01,-8.454381667260602029e+00,-9.301335178490178635e+01,-1.163695117187500000e+04,1.324411010742187500e+02,3.597418212890625000e+03,2.804574966430664062e-01,3.813377618789672852e-01,1.373421102762222290e-01,2.270284593105316162e-01,-1.397467551043228298e+02,8.454381667260602029e+00,9.301335178490178635e+01,-9.328530012860117893e+01,0.000000000000000000e+00,0.000000000000000000e+00,2.804574966430664062e-01,3.813377618789672852e-01,1.373421102762222290e-01,2.270284593105316162e-01,9.310217187500000000e+04,4.816953906250000000e+04,4.938699609375000000e+04,7.150489062500000000e+04,-2.751619360191800818e+07
1.504999999999999893e+00,5.859345006677106937e+01,-1.036724511177915709e+01,-8.994829310049131266e+01,-1.162685351562500000e+04,1.174027938842773438e+02,3.582146728515625000e+03,2.760585546493530273e-01,3.909574151039123535e-01,1.457002013921737671e-01,2.370124608278274536e-01,-1.518787501953722483e+02,1.036724511177915709e+01,8.994829310049131266e+01,-9.328530012860117893e+01,0.000000000000000000e+00,0.000000000000000000e+00,2.760585546493530273e-01,3.909574151039123535e-01,1.457002013921737671e-01,2.370124608278274536e-01,9.314230468750000000e+04,4.828427734375000000e+04,4.939425781250000000e+04,7.161465625000000000e+04,-2.752782496951163560e+07
1.506000000000000005e+00,7.087846408175487056e+01,-1.161051306512959691e+01,-8.653292828421309935e+01,-1.162998242187500000e+04,1.024354171752929688e+02,3.580430175781250000e+03,2.712543606758117676e-01,4.009565412998199463e-01,1.495935618877410889e-01,2.452073395252227783e-01,-1.641637642103560495e+02,1.161051306512959691e+01,8.653292828421309935e+01,-9.328530012860117893e+01,0.000000000000000000e+00,0.000000000000000000e+00,2.712543606758117676e-01,4.009565412998199463e-01,1.495935618877410889e-01,2.452073395252227783e-01,9.315356250000000000e+04,4.839732421875000000e+04,4.946494531250000000e+04,7.172663281250000000e+04,-2.754047147787329927e+07
1.506999999999999895e+00,8.327721969927155499e+01,-1.211114194813733747e+01,-8.295727656740213263e+01,-1.165989453125000000e+04,9.255295562744140625e+01,3.539812011718750000e+03,2.626917362213134766e-01,4.097836911678314209e-01,1.489974558353424072e-01,2.524288296699523926e-01,-1.765625198278727339e+02,1.211114194813733747e+01,8.295727656740213263e+01,-9.328530012860117893e+01,0.000000000000000000e+00,0.000000000000000000e+00,2.626917362213134766e-01,4.097836911678314209e-01,1.489974558353424072e-01,2.524288296699523926e-01,9.312354687500000000e+04,4.851693750000000000e+04,4.957069921875000000e+04,7.183227343750000000e+04,-2.755443516268890724e+07
1.508000000000000007e+00,-2.642638021980530425e+02,-1.184460022640516996e+01,-7.934246704895623736e+01,-1.170480371093750000e+04,9.405524444580078125e+01,3.551034912109375000e+03,2.540433406829833984e-01,4.196574985980987549e-01,1.422702670097351074e-01,2.560731768608093262e-01,1.709785020694518494e+02,1.184460022640516996e+01,7.934246704895623736e+01,-9.328530012860117893e+01,0.000000000000000000e+00,0.000000000000000000e+00,2.540433406829833984e-01,4.196574985980987549e-01,1.422702670097351074e-01,2.560731768608093262e-01,9.304250000000000000e+04,4.862773046875000000e+04,4.966063671875000000e+04,7.194696875000000000e+04,-2.763070604147301614e+07
1.508999999999999897e+00,-2.518335743123751058e+02,-1.081973412635150389e+01,-7.589054177227880871e+01,-1.174797851562500000e+04,9.920284271240234375e+01,3.541141601562500000e+03,2.759362459182739258e-01,-4.046265408396720886e-02,3.197568058967590332e-01,2.801779508590698242e-01,1.585482741837739411e+02,1.081973412635150389e+01,7.589054177227880871e+01,-9.328530012860117893e+01,0.000000000000000000e+00,0.000000000000000000e+00,2.759362459182739258e-01,0.000000000000000000e+00,3.197568058967590332e-01,2.801779508590698242e-01,9.289769531250000000e+04,4.874173437500000000e+04,4.969952343750000000e+04,7.205822656250000000e+04,-2.770000263160101697e+07
1.510000000000000009e+00,-2.395166325148088049e+02,-9.080738336640889585e+00,-7.274225685171349198e+01,-1.176897070312500000e+04,1.035611190795898438e+02,3.559889648437500000e+03,2.709032893180847168e-01,-3.040038794279098511e-02,3.258729279041290283e-01,2.856668531894683838e-01,1.462313323862076118e+02,9.080738336640889585e+00,7.274225685171349198e+01,-9.328530012860117893e+01,0.000000000000000000e+00,0.000000000000000000e+00,2.709032893180847168e-01,0.000000000000000000e+00,3.258729279041290283e-01,2.856668531894683838e-01,9.291671875000000000e+04,4.851308984375000000e+04,4.980927734375000000e+04,7.217368750000000000e+04,-2.776274474459287152e+07
1.510999999999999899e+00,-2.273820322486620285e+02,-6.734561099733820555e+00,-7.006115315163259538e+01,-1.176184570312500000e+04,1.001518249511718750e+02,3.548231689453125000e+03,2.654584944248199463e-01,-1.757477596402168274e-02,3.299737274646759033e-01,2.894344329833984375e-01,1.340967321200608637e+02,6.734561099733820555e+00,7.006115315163259538e+01,-9.328530012860117893e+01,0.000000000000000000e+00,0.000000000000000000e+00,2.654584944248199463e-01,0.000000000000000000e+00,3.299737274646759033e-01,2.894344329833984375e-01,9.289489843750000000e+04,4.829003125000000000e+04,4.992393750000000000e+04,7.228400000000000000e+04,-2.781940125267654657e+07
1.512000000000000011e+00,-2.154432369325627405e+02,-3.896263966576757554e+00,-6.793733749563376989e+01,-1.173823046875000000e+04,8.868704223632812500e+01,3.544421630859375000e+03,2.625895738601684570e-01,-3.994047641754150391e-03,3.316777944564819336e-01,2.915180027484893799e-01,1.221579368039615474e+02,3.896263966576757554e+00,6.793733749563376989e+01,-9.328530012860117893e+01,0.000000000000000000e+00,0.000000000000000000e+00,2.625895738601684570e-01,0.000000000000000000e+00,3.316777944564819336e-01,2.915180027484893799e-01,9.283594531250000000e+04,4.806591796875000000e+04,5.003709375000000000e+04,7.239577343750000000e+04,-2.787044770371542126e+07
1.512999999999999901e+00,-2.036613466809827173e+02,-6.776582063380960363e-01,-6.642870635806303881e+01,-1.171790234375000000e+04,7.250127410888671875e+01,3.559503662109375000e+03,2.604382634162902832e-01,1.119608338922262192e-02,3.308159708976745605e-01,2.918143570423126221e-01,1.103760465523815242e+02,6.776582063380960363e-01,6.642870635806303881e+01,-9.328530012860117893e+01,0.000000000000000000e+00,0.000000000000000000e+00,2.604382634162902832e-01,1.119608338922262192e-02,3.308159708976745605e-01,2.918143570423126221e-01,9.276171093750000000e+04,4.783846875000000000e+04,5.014674609375000000e+04,7.251114843750000000e+04,-2.791633888009638339e+07
1.514000000000000012e+00,-1.919557933262298093e+02,2.782790575184008297e+00,-6.559276096692494207e+01,-1.171714453125000000e+04,5.865335845947265625e+01,3.565653320312500000e+03,2.581876516342163086e-01,2.853475883603096008e-02,3.272826373577117920e-01,2.901512086391448975e-01,9.867049319762864457e+01,-2.782790575184008297e+00,6.559276096692494207e+01,-9.328530012860117893e+01,0.000000000000000000e+00,0.000000000000000000e+00,2.581876516342163086e-01,2.853475883603096008e-02,3.272826373577117920e-01,2.901512086391448975e-01,9.267179687500000000e+04,4.761221484375000000e+04,5.025795312500000000e+04,7.262502343750000000e+04,-2.795749606090253592e+07
1.514999999999999902e+00,-1.802297662250110193e+02,6.354756569318751325e+00,-6.547018515148042184e+01,-1.173199218750000000e+04,5.298680496215820312e+01,3.579918212890625000e+03,2.570104598999023438e-01,4.789809137582778931e-02,3.207552433013916016e-01,2.860030531883239746e-01,8.694446609640984036e+01,-6.354756569318751325e+00,6.547018515148042184e+01,-9.328530012860117893e+01,0.000000000000000000e+00,0.000000000000000000e+00,2.570104598999023438e-01,4.789809137582778931e-02,3.207552433013916016e-01,2.860030531883239746e-01,9.257002343750000000e+04,4.738431640625000000e+04,5.036830859375000000e+04,7.273967968750000000e+04,-2.799430555761088431e+07
1.516000000000000014e+00,-1.683906043727086796e+02,9.845504032352517143e+00,-6.608205935196059500e+01,-1.174915332031250000e+04,5.397092056274414062e+01,3.548711669921875000e+03,2.559785842895507812e-01,7.000610977411270142e-02,3.107557892799377441e-01,2.789390385150909424e-01,7.510530424410750072e+01,-9.845504032352517143e+00,6.608205935196059500e+01,-9.328530012860117893e+01,0.000000000000000000e+00,0.000000000000000000e+00,2.559785842895507812e-01,7.000610977411270142e-02,3.107557892799377441e-01,2.789390385150909424e-01,9.245393750000000000e+04,4.716456250000000000e+04,5.048639453125000000e+04,7.284676562500000000e+04,-2.802712472576973587e+07
1.516999999999999904e+00,-1.563691735639108060e+02,1.314814571148887090e+01,-6.743166020676483186e+01,-1.174854003906250000e+04,5.731570816040039062e+01,3.563302246093750000e+03,2.580800056457519531e-01,9.334464371204376221e-02,2.967083752155303955e-01,2.684965133666992188e-01,6.308387343530961999e+01,-1.314814571148887090e+01,6.743166020676483186e+01,-9.328530012860117893e+01,0.000000000000000000e+00,0.000000000000000000e+00,2.580800056457519531e-01,9.334464371204376221e-02,2.967083752155303955e-01,2.684965133666992188e-01,9.234148437500000000e+04,4.693735937500000000e+04,5.059670312500000000e+04,7.296167968750000000e+04,-2.805629594674468786e+07
1.518000000000000016e+00,-1.441198055085014857e+02,1.610372418109959014e+01,-6.948371327772933626e+01,-1.172720800781250000e+04,5.341925811767578125e+01,3.566276855468750000e+03,2.583992481231689453e-01,1.189421415328979492e-01,2.789737284183502197e-01,2.557496428489685059e-01,5.083450537990029261e+01,-1.610372418109959014e+01,6.948371327772933626e+01,-9.328530012860117893e+01,0.000000000000000000e+00,0.000000000000000000e+00,2.583992481231689453e-01,1.189421415328979492e-01,2.789737284183502197e-01,2.557496428489685059e-01,9.224418750000000000e+04,4.671187890625000000e+04,5.070878125000000000e+04,7.307515625000000000e+04,-2.808215378142786026e+07
1.518999999999999906e+00,-1.316141152821014657e+02,1.860108894553379244e+01,-7.219885363329127870e+01,-1.169172949218750000e+04,4.088459777832031250e+01,3.604851074218750000e+03,2.601116895675659180e-01,1.444556117057800293e-01,2.578229308128356934e-01,2.411359101533889771e-01,3.832881515350028678e+01,-1.860108894553379244e+01,7.219885363329127870e+01,-9.328530012860117893e+01,0.000000000000000000e+00,0.000000000000000000e+00,2.601116895675659180e-01,1.444556117057800293e-01,2.578229308128356934e-01,2.411359101533889771e-01,9.215781250000000000e+04,4.662577734375000000e+04,5.081459375000000000e+04,7.319421875000000000e+04,-2.810503473174527287e+07
1.520000000000000018e+00,-1.188682176644086042e+02,2.047312518877999210e+01,-7.542624691065046250e+01,-1.166242089843750000e+04,2.199236106872558594e+01,3.577430175781250000e+03,2.604407668113708496e-01,1.697441637516021729e-01,2.345753759145736694e-01,2.262406796216964722e-01,2.558291753580743233e+01,-2.047312518877999210e+01,7.542624691065046250e+01,-9.328530012860117893e+01,0.000000000000000000e+00,0.000000000000000000e+00,2.604407668113708496e-01,1.697441637516021729e-01,2.345753759145736694e-01,2.262406796216964722e-01,9.207436718750000000e+04,4.674263281250000000e+04,5.093130468750000000e+04,7.330187500000000000e+04,-2.812527265249400958e+07
1.520999999999999908e+00,-1.059208619571511889e+02,2.163025238339617218e+01,-7.902660613440430382e+01,-1.164989746093750000e+04,7.009379863739013672e+00,3.559702148437500000e+03,2.652063965797424316e-01,1.934781074523925781e-01,2.095360755920410156e-01,2.104636728763580322e-01,1.263556182855000642e+01,-2.163025238339617218e+01,7.902660613440430382e+01,-9.328530012860117893e+01,0.000000000000000000e+00,0.000000000000000000e+00,2.652063965797424316e-01,1.934781074523925781e-01,2.095360755920410156e-01,2.104636728763580322e-01,9.199696093750000000e+04,4.685846484375000000e+04,5.104680468750000000e+04,7.341126562500000000e+04,-2.814320495378704742e+07
1.522000000000000020e+00,-9.285456159253668318e+01,2.200509867438367806e+01,-8.280059620858709479e+01,-1.165956054687500000e+04,-1.263399571180343628e-01,3.529650146484375000e+03,2.698214650154113770e-01,2.164434790611267090e-01,1.847533285617828369e-01,1.957837045192718506e-01,-4.307385360645006322e-01,-2.200509867438367806e+01,8.280059620858709479e+01,-9.328530012860117893e+01,0.000000000000000000e+00,0.000000000000000000e+00,2.698214650154113770e-01,2.164434790611267090e-01,1.847533285617828369e-01,1.957837045192718506e-01,9.195326562500000000e+04,4.697622265625000000e+04,5.116468750000000000e+04,7.340717968750000000e+04,-2.815916708649575710e+07
1.522999999999999909e+00,-7.976800481704064794e+01,2.157334342787730819e+01,-8.658132310575297197e+01,-1.167901660156250000e+04,2.151082277297973633e+00,3.543099121093750000e+03,2.753540575504302979e-01,2.382996082305908203e-01,1.612970381975173950e-01,1.827241927385330200e-01,-1.351729531156053099e+01,-2.157334342787730819e+01,8.658132310575297197e+01,-9.328530012860117893e+01,0.000000000000000000e+00,0.000000000000000000e+00,2.753540575504302979e-01,2.382996082305908203e-01,1.612970381975173950e-01,1.827241927385330200e-01,9.195042968750000000e+04,4.708649218750000000e+04,5.127527343750000000e+04,7.330046093750000000e+04,-2.817349175574564934e+07
1.524000000000000021e+00,-6.679840575048693552e+01,2.035723733310096506e+01,-9.014045886003786734e+01,-1.169198339843750000e+04,5.549121856689453125e+00,3.545017333984375000e+03,2.782357335090637207e-01,2.584341764450073242e-01,1.411039382219314575e-01,1.734497249126434326e-01,-2.648689437811424341e+01,-2.035723733310096506e+01,9.014045886003786734e+01,-9.328530012860117893e+01,0.000000000000000000e+00,0.000000000000000000e+00,2.782357335090637207e-01,2.584341764450073242e-01,1.411039382219314575e-01,1.734497249126434326e-01,9.198509375000000000e+04,4.719828515625000000e+04,5.138763671875000000e+04,7.309454687500000000e+04,-2.818649350219178945e+07
1.524999999999999911e+00,-5.406554100025559961e+01,1.843650201893163754e+01,-9.328433422690619636e+01,-1.168466894531250000e+04,4.347283840179443359e+00,3.539064208984375000e+03,2.816444635391235352e-01,2.763024866580963135e-01,1.243550702929496765e-01,1.677871644496917725e-01,-3.921975912834557931e+01,-1.843650201893163754e+01,9.328433422690619636e+01,-9.328530012860117893e+01,0.000000000000000000e+00,0.000000000000000000e+00,2.816444635391235352e-01,2.763024866580963135e-01,1.243550702929496765e-01,1.677871644496917725e-01,9.203750781250000000e+04,4.731183593750000000e+04,5.137571093750000000e+04,7.286820312500000000e+04,-2.819845845653429255e+07
1.526000000000000023e+00,-4.163400856840185327e+01,1.592774166806825598e+01,-9.587974786891086865e+01,-1.166083203125000000e+04,-6.631788730621337891e+00,3.533251953125000000e+03,2.850703299045562744e-01,2.916627228260040283e-01,1.116658523678779602e-01,1.663439720869064331e-01,-5.165129156019932566e+01,-1.592774166806825598e+01,9.587974786891086865e+01,-9.328530012860117893e+01,0.000000000000000000e+00,0.000000000000000000e+00,2.850703299045562744e-01,2.916627228260040283e-01,1.116658523678779602e-01,1.663439720869064331e-01,9.211318750000000000e+04,4.742569140625000000e+04,5.123046484375000000e+04,7.264204687500000000e+04,-2.820963846620981768e+07
1.526999999999999913e+00,-2.950115046167835686e+01,1.296431799991625944e+01,-9.784063936963740105e+01,-1.163980859375000000e+04,-2.301279830932617188e+01,3.525458007812500000e+03,2.875832319259643555e-01,3.043466806411743164e-01,1.034976094961166382e-01,1.695178449153900146e-01,-6.378414966692282206e+01,-1.296431799991625944e+01,9.784063936963740105e+01,-9.328530012860117893e+01,0.000000000000000000e+00,0.000000000000000000e+00,2.875832319259643555e-01,3.043466806411743164e-01,1.034976094961166382e-01,1.695178449153900146e-01,9.221011718750000000e+04,4.753968750000000000e+04,5.100630468750000000e+04,7.241603906250000000e+04,-2.822024964834184200e+07
1.528000000000000025e+00,-1.760709761328133993e+01,9.669513107734722723e+00,-9.912306896543820756e+01,-1.163860839843750000e+04,-3.851031875610351562e+01,3.532417724609375000e+03,2.888492345809936523e-01,3.150898516178131104e-01,9.972792118787765503e-02,1.765398681163787842e-01,-7.567820251531983899e+01,-9.669513107734722723e+00,9.912306896543820756e+01,-9.328530012860117893e+01,0.000000000000000000e+00,0.000000000000000000e+00,2.888492345809936523e-01,3.150898516178131104e-01,9.972792118787765503e-02,1.765398681163787842e-01,9.232423437500000000e+04,4.765091406250000000e+04,5.078012890625000000e+04,7.219231250000000000e+04,-2.823047854051307216e+07
1.528999999999999915e+00,-5.858109226327542274e+00,6.224548948121349845e+00,-9.968580759493511323e+01,-1.166754101562500000e+04,-4.538539886474609375e+01,3.495486816406250000e+03,2.877025008201599121e-01,3.244220614433288574e-01,1.004460752010345459e-01,1.869083791971206665e-01,-8.742719090227363665e+01,-6.224548948121349845e+00,9.968580759493511323e+01,-9.328530012860117893e+01,0.000000000000000000e+00,0.000000000000000000e+00,2.877025008201599121e-01,3.244220614433288574e-01,1.004460752010345459e-01,1.869083791971206665e-01,9.243034375000000000e+04,4.776920312500000000e+04,5.056153906250000000e+04,7.196076562500000000e+04,-2.824048886320224032e+07
1.530000000000000027e+00,5.845277408234920813e+00,2.753960883785606661e+00,-9.952580176488125119e+01,-1.171232128906250000e+04,-3.929028320312500000e+01,3.480090820312500000e+03,2.880745530128479004e-01,3.349991738796234131e-01,1.037078127264976501e-01,1.971446573734283447e-01,-9.913057753683609974e+01,-2.753960883785606661e+00,9.952580176488125119e+01,-9.328530012860117893e+01,0.000000000000000000e+00,0.000000000000000000e+00,2.880745530128479004e-01,3.349991738796234131e-01,1.037078127264976501e-01,1.971446573734283447e-01,9.253763281250000000e+04,4.788445312500000000e+04,5.033924609375000000e+04,7.181542187500000000e+04,-2.825043599998771027e+07
1.530999999999999917e+00,1.758928640319632564e+01,-5.755210543151442204e-01,-9.866056730994876034e+01,-1.175693261718750000e+04,-2.620039749145507812e+01,3.445945312500000000e+03,2.868275642395019531e-01,3.461025357246398926e-01,1.100568547844886780e-01,2.078720480203628540e-01,-1.108745865317975046e+02,5.755210543151442204e-01,9.866056730994876034e+01,-9.328530012860117893e+01,0.000000000000000000e+00,0.000000000000000000e+00,2.868275642395019531e-01,3.461025357246398926e-01,1.100568547844886780e-01,2.078720480203628540e-01,9.264120312500000000e+04,4.800301171875000000e+04,5.011992578125000000e+04,7.174811718750000000e+04,-2.826047962175028771e+07
1.532000000000000028e+00,2.943034117013337436e+01,-3.679546502712536693e+00,-9.710643330053109423e+01,-1.177972558593750000e+04,-1.276409149169921875e+01,3.476890869140625000e+03,2.873427271842956543e-01,3.588980138301849365e-01,1.176689192652702332e-01,2.169709205627441406e-01,-1.227156412987345533e+02,3.679546502712536693e+00,9.710643330053109423e+01,-9.328530012860117893e+01,0.000000000000000000e+00,0.000000000000000000e+00,2.873427271842956543e-01,3.588980138301849365e-01,1.176689192652702332e-01,2.169709205627441406e-01,9.274498437500000000e+04,4.811054296875000000e+04,4.988945312500000000e+04,7.177425000000000000e+04,-2.827078896518249437e+07
1.532999999999999918e+00,4.140560823584890215e+01,-6.396262128835058292e+00,-9.493421448723125877e+01,-1.178083203125000000e+04,-9.745285987854003906e+00,3.479124755859375000e+03,2.842698097229003906e-01,3.702497780323028564e-01,1.273983865976333618e-01,2.270791381597518921e-01,-1.346909083644500811e+02,6.396262128835058292e+00,9.493421448723125877e+01,-9.328530012860117893e+01,0.000000000000000000e+00,0.000000000000000000e+00,2.842698097229003906e-01,3.702497780323028564e-01,1.273983865976333618e-01,2.270791381597518921e-01,9.284469531250000000e+04,4.822253515625000000e+04,4.972412890625000000e+04,7.186258593750000000e+04,-2.828155680682540312e+07
1.534000000000000030e+00,5.353272194424276620e+01,-8.611573976573293265e+00,-9.222173385585860217e+01,-1.176912304687500000e+04,-1.388940238952636719e+01,3.490169189453125000e+03,2.824872732162475586e-01,3.819908201694488525e-01,1.357228904962539673e-01,2.358374744653701782e-01,-1.468180220728439451e+02,8.611573976573293265e+00,9.222173385585860217e+01,-9.328530012860117893e+01,0.000000000000000000e+00,0.000000000000000000e+00,2.824872732162475586e-01,3.819908201694488525e-01,1.357228904962539673e-01,2.358374744653701782e-01,9.292222656250000000e+04,4.833281250000000000e+04,4.963971093750000000e+04,7.197668750000000000e+04,-2.829300156654589623e+07
1.534999999999999920e+00,6.580826942492409160e+01,-1.019738359839318242e+01,-8.912287872715545234e+01,-1.176546679687500000e+04,-2.201560020446777344e+01,3.449913574218750000e+03,2.780029773712158203e-01,3.926018178462982178e-01,1.417061537504196167e-01,2.443795055150985718e-01,-1.590935695535252705e+02,1.019738359839318242e+01,8.912287872715545234e+01,-9.328530012860117893e+01,0.000000000000000000e+00,0.000000000000000000e+00,2.780029773712158203e-01,3.926018178462982178e-01,1.417061537504196167e-01,2.443795055150985718e-01,9.297692187500000000e+04,4.845217968750000000e+04,4.963248437500000000e+04,7.208226562500000000e+04,-2.830537916901546717e+07
1.536000000000000032e+00,7.821712479598555490e+01,-1.108778749647423290e+01,-8.576303800676541300e+01,-1.178466210937500000e+04,-2.300296974182128906e+01,3.425901611328125000e+03,2.737538218498229980e-01,4.040357470512390137e-01,1.426475197076797485e-01,2.505736649036407471e-01,-1.715024249245867338e+02,1.108778749647423290e+01,8.576303800676541300e+01,-9.328530012860117893e+01,0.000000000000000000e+00,0.000000000000000000e+00,2.737538218498229980e-01,4.040357470512390137e-01,1.426475197076797485e-01,2.505736649036407471e-01,9.300134375000000000e+04,4.856906640625000000e+04,4.966997265625000000e+04,7.219073437500000000e+04,-2.831897532534653321e+07
1.536999999999999922e+00,-2.692799016959744449e+02,-1.123625883803331504e+01,-8.228395064889518551e+01,-1.182577246093750000e+04,-1.456673908233642578e+01,3.422523437500000000e+03,2.655145525932312012e-01,4.145080447196960449e-01,1.389425694942474365e-01,2.551005482673645020e-01,1.759946015673732802e+02,1.123625883803331504e+01,8.228395064889518551e+01,-9.328530012860117893e+01,0.000000000000000000e+00,0.000000000000000000e+00,2.655145525932312012e-01,4.145080447196960449e-01,1.389425694942474365e-01,2.551005482673645020e-01,9.299920312500000000e+04,4.868233593750000000e+04,4.971041015625000000e+04,7.230310937500000000e+04,-2.839838389285099134e+07
1.538000000000000034e+00,-2.567514639575841784e+02,-1.062510987505281257e+01,-7.885501147316293213e+01,-1.187450976562500000e+04,9.551149010658264160e-01,3.427855468750000000e+03,2.849963903427124023e-01,-4.960444569587707520e-02,3.184921741485595703e-01,2.801215350627899170e-01,1.634661638289829853e+02,1.062510987505281257e+01,7.885501147316293213e+01,-9.328530012860117893e+01,0.000000000000000000e+00,0.000000000000000000e+00,2.849963903427124023e-01,0.000000000000000000e+00,3.184921741485595703e-01,2.801215350627899170e-01,9.293969531250000000e+04,4.879389843750000000e+04,4.971880078125000000e+04,7.241675781250000000e+04,-2.847063621288964525e+07
1.538999999999999924e+00,-2.442852776403328789e+02,-9.277578095886047649e+00,-7.564051012642630667e+01,-1.190691992187500000e+04,1.697735977172851562e+01,3.447038085937500000e+03,2.791131436824798584e-01,-3.980431705713272095e-02,3.248782157897949219e-01,2.856860160827636719e-01,1.509999775117316858e+02,9.277578095886047649e+00,7.564051012642630667e+01,-9.328530012860117893e+01,0.000000000000000000e+00,0.000000000000000000e+00,2.791131436824798584e-01,0.000000000000000000e+00,3.248782157897949219e-01,2.856860160827636719e-01,9.302186718750000000e+04,4.856516015625000000e+04,4.982773828125000000e+04,7.253219531250000000e+04,-2.853611906998896971e+07
1.540000000000000036e+00,-2.319666902216210929e+02,-7.288897805085641224e+00,-7.283710105935391255e+01,-1.191104785156250000e+04,2.798713684082031250e+01,3.419257568359375000e+03,2.733182907104492188e-01,-2.737045660614967346e-02,3.295317292213439941e-01,2.895996272563934326e-01,1.386813900930199281e+02,7.288897805085641224e+00,7.283710105935391255e+01,-9.328530012860117893e+01,0.000000000000000000e+00,0.000000000000000000e+00,2.733182907104492188e-01,0.000000000000000000e+00,3.295317292213439941e-01,2.895996272563934326e-01,9.305239062500000000e+04,4.834463671875000000e+04,4.994501562500000000e+04,7.263986718750000000e+04,-2.859528598668328673e+07
1.540999999999999925e+00,-2.198316292525562403e+02,-4.749997100010333817e+00,-7.053259933609628263e+01,-1.188977441406250000e+04,3.205265808105468750e+01,3.426147460937500000e+03,2.709766626358032227e-01,-1.416051015257835388e-02,3.319680094718933105e-01,2.918471693992614746e-01,1.265463291239550472e+02,4.749997100010333817e+00,7.053259933609628263e+01,-9.328530012860117893e+01,0.000000000000000000e+00,0.000000000000000000e+00,2.709766626358032227e-01,0.000000000000000000e+00,3.319680094718933105e-01,2.918471693992614746e-01,9.304788281250000000e+04,4.811875781250000000e+04,5.005676953125000000e+04,7.275353906250000000e+04,-2.864860934194467589e+07
1.542000000000000037e+00,-2.078629971098617943e+02,-1.798379034326034187e+00,-6.882205061521571565e+01,-1.186738769531250000e+04,3.007975769042968750e+01,3.415933349609375000e+03,2.680507898330688477e-01,1.507554203271865845e-03,3.318746387958526611e-01,2.922010421752929688e-01,1.145776969812606012e+02,1.798379034326034187e+00,6.882205061521571565e+01,-9.328530012860117893e+01,0.000000000000000000e+00,0.000000000000000000e+00,2.680507898330688477e-01,1.507554203271865845e-03,3.318746387958526611e-01,2.922010421752929688e-01,9.302346093750000000e+04,4.789557031250000000e+04,5.017123046875000000e+04,7.286484375000000000e+04,-2.869655607633020356e+07
1.542999999999999927e+00,-1.959963245486433721e+02,1.476532357682023733e+00,-6.774878362952070177e+01,-1.186008007812500000e+04,2.990889167785644531e+01,3.452281982421875000e+03,2.669678032398223877e-01,1.849081367254257202e-02,3.291632831096649170e-01,2.906084060668945312e-01,1.027110244200421931e+02,-1.476532357682023733e+00,6.774878362952070177e+01,-9.328530012860117893e+01,0.000000000000000000e+00,0.000000000000000000e+00,2.669678032398223877e-01,1.849081367254257202e-02,3.291632831096649170e-01,2.906084060668945312e-01,9.298701562500000000e+04,4.766438671875000000e+04,5.027777343750000000e+04,7.298348437500000000e+04,-2.873956271339786425e+07
1.544000000000000039e+00,-1.841380777891610023e+02,4.893968044544584117e+00,-6.737607004318294912e+01,-1.187539843750000000e+04,3.403584289550781250e+01,3.443632080078125000e+03,2.641044855117797852e-01,3.889852017164230347e-02,3.236355483531951904e-01,2.866872549057006836e-01,9.085277766055983761e+01,-4.893968044544584117e+00,6.737607004318294912e+01,-9.328530012860117893e+01,0.000000000000000000e+00,0.000000000000000000e+00,2.641044855117797852e-01,3.889852017164230347e-02,3.236355483531951904e-01,2.866872549057006836e-01,9.293600000000000000e+04,4.744030078125000000e+04,5.039146875000000000e+04,7.309426562500000000e+04,-2.877803303082743660e+07
1.544999999999999929e+00,-1.721959894867920866e+02,8.316418566880683372e+00,-6.773213356212610847e+01,-1.189754003906250000e+04,4.710520935058593750e+01,3.446540283203125000e+03,2.642091512680053711e-01,6.070455536246299744e-02,3.147491514682769775e-01,2.799128293991088867e-01,7.891068935819089347e+01,-8.316418566880683372e+00,6.773213356212610847e+01,-9.328530012860117893e+01,0.000000000000000000e+00,0.000000000000000000e+00,2.642091512680053711e-01,6.070455536246299744e-02,3.147491514682769775e-01,2.799128293991088867e-01,9.286770312500000000e+04,4.721468750000000000e+04,5.050310937500000000e+04,7.320710156250000000e+04,-2.881234129435743019e+07
1.546000000000000041e+00,-1.600962180135405788e+02,1.158147516662173260e+01,-6.882091518349230341e+01,-1.190800488281250000e+04,6.287318038940429688e+01,3.442238281250000000e+03,2.642972767353057861e-01,8.529169857501983643e-02,3.020949959754943848e-01,2.700605392456054688e-01,6.681091788493939987e+01,-1.158147516662173260e+01,6.882091518349230341e+01,-9.328530012860117893e+01,0.000000000000000000e+00,0.000000000000000000e+00,2.642972767353057861e-01,8.529169857501983643e-02,3.020949959754943848e-01,2.700605392456054688e-01,9.280081250000000000e+04,4.699067187500000000e+04,5.061639453125000000e+04,7.331911718750000000e+04,-2.884284254231339693e+07
1.546999999999999931e+00,-1.477890432383338180e+02,1.455495410931289513e+01,-7.062594646607044524e+01,-1.189526074218750000e+04,7.603569793701171875e+01,3.459699462890625000e+03,2.655091583728790283e-01,1.113509535789489746e-01,2.854575514793395996e-01,2.573548853397369385e-01,5.450374310973262482e+01,-1.455495410931289513e+01,7.062594646607044524e+01,-9.328530012860117893e+01,0.000000000000000000e+00,0.000000000000000000e+00,2.655091583728790283e-01,1.113509535789489746e-01,2.854575514793395996e-01,2.573548853397369385e-01,9.273935156250000000e+04,4.676283203125000000e+04,5.072637890625000000e+04,7.343497656250000000e+04,-2.886988401461805031e+07
1.548000000000000043e+00,-1.352498240020969433e+02,1.709183682856541608e+01,-7.309195163618979052e+01,-1.186291113281250000e+04,8.038732910156250000e+01,3.478557128906250000e+03,2.662450671195983887e-01,1.384219825267791748e-01,2.653368115425109863e-01,2.427301853895187378e-01,4.196452387349576441e+01,-1.709183682856541608e+01,7.309195163618979052e+01,-9.328530012860117893e+01,0.000000000000000000e+00,0.000000000000000000e+00,2.662450671195983887e-01,1.384219825267791748e-01,2.653368115425109863e-01,2.427301853895187378e-01,9.268882812500000000e+04,4.661768750000000000e+04,5.083604687500000000e+04,7.355042968750000000e+04,-2.889381109379081056e+07
1.548999999999999932e+00,-1.224867632623664093e+02,1.903872880696336978e+01,-7.609359742549924022e+01,-1.182833984375000000e+04,7.772482299804687500e+01,3.459634765625000000e+03,2.676430344581604004e-01,1.650192737579345703e-01,2.425120323896408081e-01,2.270992845296859741e-01,2.920146313376523040e+01,-1.903872880696336978e+01,7.609359742549924022e+01,-9.328530012860117893e+01,0.000000000000000000e+00,0.000000000000000000e+00,2.676430344581604004e-01,1.650192737579345703e-01,2.425120323896408081e-01,2.270992845296859741e-01,9.263778125000000000e+04,4.669879687500000000e+04,5.095185546875000000e+04,7.365955468750000000e+04,-2.891496680972903967e+07
1.550000000000000044e+00,-1.095260909033872707e+02,2.030521533571180015e+01,-7.950836621595577469e+01,-1.180718652343750000e+04,7.426228332519531250e+01,3.461095947265625000e+03,2.718915045261383057e-01,1.903414130210876465e-01,2.178309857845306396e-01,2.108512818813323975e-01,1.624079077478608824e+01,-2.030521533571180015e+01,7.950836621595577469e+01,-9.328530012860117893e+01,0.000000000000000000e+00,0.000000000000000000e+00,2.718915045261383057e-01,1.903414130210876465e-01,2.178309857845306396e-01,2.108512818813323975e-01,9.260203125000000000e+04,4.681134765625000000e+04,5.106402734375000000e+04,7.377228906250000000e+04,-2.893369665638577566e+07
1.550999999999999934e+00,-9.643380055894765235e+01,2.080966250741389700e+01,-8.314377065175267489e+01,-1.181179199218750000e+04,7.626695251464843750e+01,3.446254150390625000e+03,2.752538323402404785e-01,2.147266864776611328e-01,1.932624131441116333e-01,1.958304345607757568e-01,3.148500430346469869e+00,-2.080966250741389700e+01,8.314377065175267489e+01,-9.328530012860117893e+01,0.000000000000000000e+00,0.000000000000000000e+00,2.752538323402404785e-01,2.147266864776611328e-01,1.932624131441116333e-01,1.958304345607757568e-01,9.259377343750000000e+04,4.692663281250000000e+04,5.117862500000000000e+04,7.376538281250000000e+04,-2.895034206292788312e+07
1.552000000000000046e+00,-8.329556602709143931e+01,2.051547367870654881e+01,-8.683621942144753802e+01,-1.183129199218750000e+04,8.757701873779296875e+01,3.472421875000000000e+03,2.796549797058105469e-01,2.378644347190856934e-01,1.697013229131698608e-01,1.822225004434585571e-01,-9.989734101509737840e+00,-2.051547367870654881e+01,8.683621942144753802e+01,-9.328530012860117893e+01,0.000000000000000000e+00,0.000000000000000000e+00,2.796549797058105469e-01,2.378644347190856934e-01,1.697013229131698608e-01,1.822225004434585571e-01,9.261689843750000000e+04,4.703487109375000000e+04,5.128653125000000000e+04,7.365231250000000000e+04,-2.896524162791132927e+07
1.552999999999999936e+00,-7.025313199592157787e+01,1.943980319669065437e+01,-9.031644631486742014e+01,-1.184945996093750000e+04,1.016046371459960938e+02,3.447677001953125000e+03,2.814748883247375488e-01,2.593459784984588623e-01,1.490893512964248657e-01,1.720975190401077271e-01,-2.303216813267960461e+01,-1.943980319669065437e+01,9.031644631486742014e+01,-9.328530012860117893e+01,0.000000000000000000e+00,0.000000000000000000e+00,2.814748883247375488e-01,2.593459784984588623e-01,1.490893512964248657e-01,1.720975190401077271e-01,9.266135156250000000e+04,4.715115625000000000e+04,5.140339453125000000e+04,7.342973437500000000e+04,-2.897871209688983858e+07
1.554000000000000048e+00,-5.741580102954464593e+01,1.764633941869775313e+01,-9.342227988949740336e+01,-1.184570703125000000e+04,1.136806564331054688e+02,3.451885986328125000e+03,2.861804962158203125e-01,2.790380418300628662e-01,1.310635358095169067e-01,1.643345057964324951e-01,-3.586949909905653300e+01,-1.764633941869775313e+01,9.342227988949740336e+01,-9.328530012860117893e+01,0.000000000000000000e+00,0.000000000000000000e+00,2.861804962158203125e-01,2.790380418300628662e-01,1.310635358095169067e-01,1.643345057964324951e-01,9.272267187500000000e+04,4.726283593750000000e+04,5.145270703125000000e+04,7.320516406250000000e+04,-2.899104778677233309e+07
1.554999999999999938e+00,-4.486177093156705098e+01,1.525900657383489012e+01,-9.599153932854918025e+01,-1.182255078125000000e+04,1.163779678344726562e+02,3.434832275390625000e+03,2.887450456619262695e-01,2.959951162338256836e-01,1.175215318799018860e-01,1.615265458822250366e-01,-4.842352919703412795e+01,-1.525900657383489012e+01,9.599153932854918025e+01,-9.328530012860117893e+01,0.000000000000000000e+00,0.000000000000000000e+00,2.887450456619262695e-01,2.959951162338256836e-01,1.175215318799018860e-01,1.615265458822250366e-01,9.277875781250000000e+04,4.737857421875000000e+04,5.150427343750000000e+04,7.297750000000000000e+04,-2.900250757816773281e+07
1.556000000000000050e+00,-3.259353230406407675e+01,1.238150146295567922e+01,-9.795854696073351420e+01,-1.179460156250000000e+04,1.123625946044921875e+02,3.457898193359375000e+03,2.918270230293273926e-01,3.105931878089904785e-01,1.080347001552581787e-01,1.626488864421844482e-01,-6.069176782453710217e+01,-1.238150146295567922e+01,9.795854696073351420e+01,-9.328530012860117893e+01,0.000000000000000000e+00,0.000000000000000000e+00,2.918270230293273926e-01,3.105931878089904785e-01,1.080347001552581787e-01,1.626488864421844482e-01,9.287305468750000000e+04,4.748747656250000000e+04,5.140524218750000000e+04,7.275660156250000000e+04,-2.901331909501692280e+07
1.556999999999999940e+00,-2.056340060495864464e+01,9.169841706410993609e+00,-9.924998251881184785e+01,-1.178500390625000000e+04,1.047266540527343750e+02,3.457595703125000000e+03,2.912827730178833008e-01,3.222376108169555664e-01,1.038404554128646851e-01,1.690799295902252197e-01,-7.272189952364253429e+01,-9.169841706410993609e+00,9.924998251881184785e+01,-9.328530012860117893e+01,0.000000000000000000e+00,0.000000000000000000e+00,2.912827730178833008e-01,3.222376108169555664e-01,1.038404554128646851e-01,1.690799295902252197e-01,9.297932031250000000e+04,4.760002343750000000e+04,5.120370312500000000e+04,7.253120312500000000e+04,-2.902367659348826855e+07
1.558000000000000052e+00,-8.680431359664893876e+00,5.780171615773745941e+00,-9.982897200605648891e+01,-1.180407031250000000e+04,1.035431823730468750e+02,3.442455078125000000e+03,2.907032966613769531e-01,3.328758478164672852e-01,1.035646796226501465e-01,1.780014336109161377e-01,-8.460486876893628505e+01,-5.780171615773745941e+00,9.982897200605648891e+01,-9.328530012860117893e+01,0.000000000000000000e+00,0.000000000000000000e+00,2.907032966613769531e-01,3.328758478164672852e-01,1.035646796226501465e-01,1.780014336109161377e-01,9.308903125000000000e+04,4.771466015625000000e+04,5.098070703125000000e+04,7.230332031250000000e+04,-2.903375117741255090e+07
1.558999999999999941e+00,3.156731138148103355e+00,2.362425500902674003e+00,-9.968450118022651907e+01,-1.184390234375000000e+04,1.131008071899414062e+02,3.425019775390625000e+03,2.898392677307128906e-01,3.437742888927459717e-01,1.066364869475364685e-01,1.879655569791793823e-01,-9.644203126674928228e+01,-2.362425500902674003e+00,9.968450118022651907e+01,-9.328530012860117893e+01,0.000000000000000000e+00,0.000000000000000000e+00,2.898392677307128906e-01,3.437742888927459717e-01,1.066364869475364685e-01,1.879655569791793823e-01,9.319900781250000000e+04,4.783009765625000000e+04,5.075829296875000000e+04,7.208167187500000000e+04,-2.904370372319382802e+07
1.560000000000000053e+00,1.503635186638959453e+01,-9.278098130402147037e-01,-9.882721198506111193e+01,-1.188687011718750000e+04,1.321357116699218750e+02,3.403582275390625000e+03,2.887687087059020996e-01,3.555745780467987061e-01,1.124559119343757629e-01,1.978572010993957520e-01,-1.083216519949907735e+02,9.278098130402147037e-01,9.882721198506111193e+01,-9.328530012860117893e+01,0.000000000000000000e+00,0.000000000000000000e+00,2.887687087059020996e-01,3.555745780467987061e-01,1.124559119343757629e-01,1.978572010993957520e-01,9.330729687500000000e+04,4.794656640625000000e+04,5.053701562500000000e+04,7.186505468750000000e+04,-2.905369749373106658e+07
1.560999999999999943e+00,2.701750917149783504e+01,-3.986039471114842581e+00,-9.727716505807235592e+01,-1.191112695312500000e+04,1.526990509033203125e+02,3.430677001953125000e+03,2.884740829467773438e-01,3.686992526054382324e-01,1.199010983109474182e-01,2.064664363861083984e-01,-1.203028093000990140e+02,3.986039471114842581e+00,9.727716505807235592e+01,-9.328530012860117893e+01,0.000000000000000000e+00,0.000000000000000000e+00,2.884740829467773438e-01,3.686992526054382324e-01,1.199010983109474182e-01,2.064664363861083984e-01,9.340843750000000000e+04,4.805477734375000000e+04,5.031098046875000000e+04,7.181250781250000000e+04,-2.906390617488529906e+07
1.562000000000000055e+00,3.913446291935149191e+01,-6.643607277968903269e+00,-9.510745568644655634e+01,-1.191235156250000000e+04,1.647792968750000000e+02,3.426991210937500000e+03,2.856987714767456055e-01,3.808323740959167480e-01,1.291013956069946289e-01,2.155719399452209473e-01,-1.324197630479526708e+02,6.643607277968903269e+00,9.510745568644655634e+01,-9.328530012860117893e+01,0.000000000000000000e+00,0.000000000000000000e+00,2.856987714767456055e-01,3.808323740959167480e-01,1.291013956069946289e-01,2.155719399452209473e-01,9.350137500000000000e+04,4.816785937500000000e+04,5.015527734375000000e+04,7.182017968750000000e+04,-2.907452724671809748e+07
1.562999999999999945e+00,5.139864022397524934e+01,-8.798084206022243947e+00,-9.239230040808105571e+01,-1.189568457031250000e+04,1.667891387939453125e+02,3.448888183593750000e+03,2.843394875526428223e-01,3.934724032878875732e-01,1.366456896066665649e-01,2.230200022459030151e-01,-1.446839403525764283e+02,8.798084206022243947e+00,9.239230040808105571e+01,-9.328530012860117893e+01,0.000000000000000000e+00,0.000000000000000000e+00,2.843394875526428223e-01,3.934724032878875732e-01,1.366456896066665649e-01,2.230200022459030151e-01,9.359483593750000000e+04,4.827630859375000000e+04,4.999879296875000000e+04,7.183193750000000000e+04,-2.908578281039536372e+07
1.564000000000000057e+00,6.380421428734369726e+01,-1.032086582885522752e+01,-8.928492939896969460e+01,-1.188582226562500000e+04,1.611266174316406250e+02,3.424007568359375000e+03,2.792496085166931152e-01,4.040294587612152100e-01,1.421594172716140747e-01,2.310952246189117432e-01,-1.570895144159448762e+02,1.032086582885522752e+01,8.928492939896969460e+01,-9.328530012860117893e+01,0.000000000000000000e+00,0.000000000000000000e+00,2.792496085166931152e-01,4.040294587612152100e-01,1.421594172716140747e-01,2.310952246189117432e-01,9.365855468750000000e+04,4.839296875000000000e+04,4.992711718750000000e+04,7.190365625000000000e+04,-2.909793210704542696e+07
1.564999999999999947e+00,7.633511293561305422e+01,-1.114719177189307509e+01,-8.590254381493775782e+01,-1.189719433593750000e+04,1.607281799316406250e+02,3.426742187500000000e+03,2.740580737590789795e-01,4.149272739887237549e-01,1.426305323839187622e-01,2.371211647987365723e-01,-1.696204130642142331e+02,1.114719177189307509e+01,8.590254381493775782e+01,-9.328530012860117893e+01,0.000000000000000000e+00,0.000000000000000000e+00,2.740580737590789795e-01,4.149272739887237549e-01,1.426305323839187622e-01,2.371211647987365723e-01,9.368025000000000000e+04,4.850541406250000000e+04,4.995624218750000000e+04,7.201700000000000000e+04,-2.911126266343059763e+07
1.566000000000000059e+00,-2.710520125614643803e+02,-1.122147795922081670e+01,-8.241973872123917033e+01,-1.193358789062500000e+04,1.689140625000000000e+02,3.419460937500000000e+03,2.643018364906311035e-01,4.242911934852600098e-01,1.386720985174179077e-01,2.419649958610534668e-01,1.777667124328631871e+02,1.122147795922081670e+01,8.241973872123917033e+01,-9.328530012860117893e+01,0.000000000000000000e+00,0.000000000000000000e+00,2.643018364906311035e-01,4.242911934852600098e-01,1.386720985174179077e-01,2.419649958610534668e-01,9.366347656250000000e+04,4.861937109375000000e+04,4.999058984375000000e+04,7.212864843750000000e+04,-2.919165079184268415e+07
1.566999999999999948e+00,-2.584254937853145293e+02,-1.052949031983768613e+01,-7.901311790361692999e+01,-1.198002734375000000e+04,1.872636718750000000e+02,3.417322021484375000e+03,2.859728932380676270e-01,-3.894645720720291138e-02,3.151656687259674072e-01,2.721072435379028320e-01,1.651401936567133646e+02,1.052949031983768613e+01,7.901311790361692999e+01,-9.328530012860117893e+01,0.000000000000000000e+00,0.000000000000000000e+00,2.859728932380676270e-01,0.000000000000000000e+00,3.151656687259674072e-01,2.721072435379028320e-01,9.364753125000000000e+04,4.873225781250000000e+04,5.002340234375000000e+04,7.224057031250000000e+04,-2.926478847064811364e+07
1.568000000000000060e+00,-2.458706195748865753e+02,-9.101717714004033510e+00,-7.584734542062437868e+01,-1.201141308593750000e+04,2.068441009521484375e+02,3.430629882812500000e+03,2.805323004722595215e-01,-2.838772535324096680e-02,3.215846717357635498e-01,2.771925330162048340e-01,1.525853194462854105e+02,9.101717714004033510e+00,7.584734542062437868e+01,-9.328530012860117893e+01,0.000000000000000000e+00,0.000000000000000000e+00,2.805323004722595215e-01,0.000000000000000000e+00,3.215846717357635498e-01,2.771925330162048340e-01,9.371882031250000000e+04,4.850453906250000000e+04,5.013391015625000000e+04,7.235505468750000000e+04,-2.933107649329095334e+07
1.568999999999999950e+00,-2.334656863557787574e+02,-7.025642724479728152e+00,-7.309531251914674499e+01,-1.201518164062500000e+04,2.202779998779296875e+02,3.424679687500000000e+03,2.751601040363311768e-01,-1.509791985154151917e-02,3.261654376983642578e-01,2.805236577987670898e-01,1.401803862271775927e+02,7.025642724479728152e+00,7.309531251914674499e+01,-9.328530012860117893e+01,0.000000000000000000e+00,0.000000000000000000e+00,2.751601040363311768e-01,0.000000000000000000e+00,3.261654376983642578e-01,2.805236577987670898e-01,9.378453125000000000e+04,4.828024218750000000e+04,5.024743750000000000e+04,7.246650781250000000e+04,-2.939097500436449051e+07
1.570000000000000062e+00,-2.212457427848119096e+02,-4.387766839051265855e+00,-7.084244300059782518e+01,-1.199218554687500000e+04,2.241510620117187500e+02,3.460684814453125000e+03,2.718140482902526855e-01,-4.884172230958938599e-04,3.283911645412445068e-01,2.820789515972137451e-01,1.279604426562107165e+02,4.387766839051265855e+00,7.084244300059782518e+01,-9.328530012860117893e+01,0.000000000000000000e+00,0.000000000000000000e+00,2.718140482902526855e-01,0.000000000000000000e+00,3.283911645412445068e-01,2.820789515972137451e-01,9.378061718750000000e+04,4.804948828125000000e+04,5.035360546875000000e+04,7.258544531250000000e+04,-2.944496258729302138e+07
1.570999999999999952e+00,-2.091929437511274728e+02,-1.340385809937162609e+00,-6.919928044186411853e+01,-1.196702050781250000e+04,2.192722778320312500e+02,3.460452148437500000e+03,2.675769925117492676e-01,1.653255522251129150e-02,3.280473053455352783e-01,2.818932533264160156e-01,1.159076436225263080e+02,1.340385809937162609e+00,6.919928044186411853e+01,-9.328530012860117893e+01,0.000000000000000000e+00,0.000000000000000000e+00,2.675769925117492676e-01,1.653255522251129150e-02,3.280473053455352783e-01,2.818932533264160156e-01,9.374650781250000000e+04,4.782467187500000000e+04,5.046583593750000000e+04,7.269818750000000000e+04,-2.949351461205607653e+07
1.572000000000000064e+00,-1.972395856381591273e+02,2.002052152674646646e+00,-6.821738633567271393e+01,-1.195534570312500000e+04,2.165643768310546875e+02,3.483239746093750000e+03,2.660472989082336426e-01,3.412910923361778259e-02,3.249357342720031738e-01,2.797653973102569580e-01,1.039542855095579483e+02,-2.002052152674646646e+00,6.821738633567271393e+01,-9.328530012860117893e+01,0.000000000000000000e+00,0.000000000000000000e+00,2.660472989082336426e-01,3.412910923361778259e-02,3.249357342720031738e-01,2.797653973102569580e-01,9.368734375000000000e+04,4.759580859375000000e+04,5.057473046875000000e+04,7.281421875000000000e+04,-2.953707568621008098e+07
1.572999999999999954e+00,-1.852876835123639694e+02,5.458624873029092939e+00,-6.795310164685135135e+01,-1.196545312500000000e+04,2.189505920410156250e+02,3.466018554687500000e+03,2.640579044818878174e-01,5.450813844799995422e-02,3.188673853874206543e-01,2.752540111541748047e-01,9.200238338376279046e+01,-5.458624873029092939e+00,6.795310164685135135e+01,-9.328530012860117893e+01,0.000000000000000000e+00,0.000000000000000000e+00,2.640579044818878174e-01,5.450813844799995422e-02,3.188673853874206543e-01,2.752540111541748047e-01,9.362275781250000000e+04,4.737318750000000000e+04,5.069050000000000000e+04,7.292364062500000000e+04,-2.957605463248039037e+07
1.574000000000000066e+00,-1.732395800662826275e+02,8.902617537156475080e+00,-6.843057765600498499e+01,-1.198471191406250000e+04,2.315191650390625000e+02,3.475057861328125000e+03,2.646606266498565674e-01,7.637114077806472778e-02,3.093369007110595703e-01,2.677538692951202393e-01,7.995427993768144859e+01,-8.902617537156475080e+00,6.843057765600498499e+01,-9.328530012860117893e+01,0.000000000000000000e+00,0.000000000000000000e+00,2.646606266498565674e-01,7.637114077806472778e-02,3.093369007110595703e-01,2.677538692951202393e-01,9.355301562500000000e+04,4.714644140625000000e+04,5.080175390625000000e+04,7.303770312500000000e+04,-2.961082858513927832e+07
1.574999999999999956e+00,-1.610172222604784338e+02,1.219061203420932138e+01,-6.965954710215456203e+01,-1.199357226562500000e+04,2.461876831054687500e+02,3.500649658203125000e+03,2.643989324569702148e-01,1.012821421027183533e-01,2.961267828941345215e-01,2.572873532772064209e-01,6.773192213187726907e+01,-1.219061203420932138e+01,6.965954710215456203e+01,-9.328530012860117893e+01,0.000000000000000000e+00,0.000000000000000000e+00,2.643989324569702148e-01,1.012821421027183533e-01,2.961267828941345215e-01,2.572873532772064209e-01,9.347830468750000000e+04,4.691744531250000000e+04,5.091010546875000000e+04,7.315498437500000000e+04,-2.964175619452800602e+07
1.576000000000000068e+00,-1.485686693701798333e+02,1.516153358864897349e+01,-7.161764156412492355e+01,-1.198161230468750000e+04,2.556784362792968750e+02,3.524954345703125000e+03,2.638450264930725098e-01,1.278620362281799316e-01,2.791459858417510986e-01,2.443059682846069336e-01,5.528336924157864729e+01,-1.516153358864897349e+01,7.161764156412492355e+01,-9.328530012860117893e+01,0.000000000000000000e+00,0.000000000000000000e+00,2.638450264930725098e-01,1.278620362281799316e-01,2.791459858417510986e-01,2.443059682846069336e-01,9.340458593750000000e+04,4.668849218750000000e+04,5.101836718750000000e+04,7.327156250000000000e+04,-2.966918780273040012e+07
1.576999999999999957e+00,-1.358749745251821537e+02,1.766760858229679343e+01,-7.424478210006924428e+01,-1.194717382812500000e+04,2.547541198730468750e+02,3.551162109375000000e+03,2.640811800956726074e-01,1.546269059181213379e-01,2.587013542652130127e-01,2.294394373893737793e-01,4.258967439658096055e+01,-1.766760858229679343e+01,7.424478210006924428e+01,-9.328530012860117893e+01,0.000000000000000000e+00,0.000000000000000000e+00,2.640811800956726074e-01,1.546269059181213379e-01,2.587013542652130127e-01,2.294394373893737793e-01,9.332790625000000000e+04,4.667669921875000000e+04,5.112609375000000000e+04,7.338814843750000000e+04,-2.969347424349472299e+07
1.578000000000000069e+00,-1.229562505230095155e+02,1.954641314194237367e+01,-7.739534820703185858e+01,-1.190933007812500000e+04,2.439748687744140625e+02,3.525548095703125000e+03,2.650153636932373047e-01,1.806037724018096924e-01,2.357252240180969238e-01,2.138107419013977051e-01,2.967095039440834370e+01,-1.954641314194237367e+01,7.739534820703185858e+01,-9.328530012860117893e+01,0.000000000000000000e+00,0.000000000000000000e+00,2.650153636932373047e-01,1.806037724018096924e-01,2.357252240180969238e-01,2.138107419013977051e-01,9.324535156250000000e+04,4.679308593750000000e+04,5.124278125000000000e+04,7.349624218750000000e+04,-2.971496458522820473e+07
1.578999999999999959e+00,-1.098454844389141130e+02,2.071763156003645179e+01,-8.094986015223179265e+01,-1.188317089843750000e+04,2.337922515869140625e+02,3.535384765625000000e+03,2.695406079292297363e-01,2.049739360809326172e-01,2.109901905059814453e-01,1.975902318954467773e-01,1.656018431031293758e+01,-2.071763156003645179e+01,8.094986015223179265e+01,-9.328530012860117893e+01,0.000000000000000000e+00,0.000000000000000000e+00,2.695406079292297363e-01,2.049739360809326172e-01,2.109901905059814453e-01,1.975902318954467773e-01,9.317128906250000000e+04,4.690416406250000000e+04,5.135397656250000000e+04,7.361071875000000000e+04,-2.973401271579594910e+07
1.580000000000000071e+00,-9.662209726172542901e+01,2.109888202690430248e+01,-8.469290678778716597e+01,-1.188343847656250000e+04,2.291005554199218750e+02,3.516076904296875000e+03,2.724381089210510254e-01,2.283919751644134521e-01,1.867454200983047485e-01,1.830766648054122925e-01,3.336797133124247416e+00,-2.109888202690430248e+01,8.469290678778716597e+01,-9.328530012860117893e+01,0.000000000000000000e+00,0.000000000000000000e+00,2.724381089210510254e-01,2.283919751644134521e-01,1.867454200983047485e-01,1.830766648054122925e-01,9.313230468750000000e+04,4.702022656250000000e+04,5.147005859375000000e+04,7.350730468750000000e+04,-2.975096659675815329e+07
1.580999999999999961e+00,-8.337923095513374960e+01,2.066225276019545731e+01,-8.844854597639088922e+01,-1.190007031250000000e+04,2.351204986572265625e+02,3.534515136718750000e+03,2.770954370498657227e-01,2.505348920822143555e-01,1.635588407516479492e-01,1.698898971080780029e-01,-9.906069173467436428e+00,-2.066225276019545731e+01,8.844854597639088922e+01,-9.328530012860117893e+01,0.000000000000000000e+00,0.000000000000000000e+00,2.770954370498657227e-01,2.505348920822143555e-01,1.635588407516479492e-01,1.698898971080780029e-01,9.312125781250000000e+04,4.712979296875000000e+04,5.157971484375000000e+04,7.330188281250000000e+04,-2.976616876688728854e+07
1.582000000000000073e+00,-7.025341568958020844e+01,1.943238197700384617e+01,-9.196804105420154940e+01,-1.191517675781250000e+04,2.421491394042968750e+02,3.525500488281250000e+03,2.794458866119384766e-01,2.710384428501129150e-01,1.434720009565353394e-01,1.603089272975921631e-01,-2.303188443902097404e+01,-1.943238197700384617e+01,9.196804105420154940e+01,-9.328530012860117893e+01,0.000000000000000000e+00,0.000000000000000000e+00,2.794458866119384766e-01,2.710384428501129150e-01,1.434720009565353394e-01,1.603089272975921631e-01,9.313860156250000000e+04,4.724352343750000000e+04,5.169379687500000000e+04,7.307503906250000000e+04,-2.977994004734798893e+07
1.582999999999999963e+00,-5.735180696134985112e+01,1.747879171498726336e+01,-9.508556784684624574e+01,-1.191053125000000000e+04,2.451451568603515625e+02,3.541950927734375000e+03,2.831670045852661133e-01,2.895295023918151855e-01,1.265766918659210205e-01,1.539029031991958618e-01,-3.593349316725132780e+01,-1.747879171498726336e+01,9.508556784684624574e+01,-9.328530012860117893e+01,0.000000000000000000e+00,0.000000000000000000e+00,2.831670045852661133e-01,2.895295023918151855e-01,1.265766918659210205e-01,1.539029031991958618e-01,9.317611718750000000e+04,4.735304687500000000e+04,5.168941406250000000e+04,7.285268750000000000e+04,-2.979257605048229545e+07
1.584000000000000075e+00,-4.474517789057168216e+01,1.491567338403966581e+01,-9.765794493576203195e+01,-1.188496289062500000e+04,2.371214294433593750e+02,3.558057373046875000e+03,2.850067615509033203e-01,3.051093816757202148e-01,1.143699511885643005e-01,1.526981145143508911e-01,-4.854012223802949677e+01,-1.491567338403966581e+01,9.765794493576203195e+01,-9.328530012860117893e+01,0.000000000000000000e+00,0.000000000000000000e+00,2.850067615509033203e-01,3.051093816757202148e-01,1.143699511885643005e-01,1.526981145143508911e-01,9.323918750000000000e+04,4.746322656250000000e+04,5.155082031250000000e+04,7.263075000000000000e+04,-2.980433773294832930e+07
1.584999999999999964e+00,-3.243809838338958684e+01,1.188684533352989092e+01,-9.958421629858806057e+01,-1.185661523437500000e+04,2.213802947998046875e+02,3.560957519531250000e+03,2.861298322677612305e-01,3.178402781486511230e-01,1.068575307726860046e-01,1.562814563512802124e-01,-6.084720174521159208e+01,-1.188684533352989092e+01,9.958421629858806057e+01,-9.328530012860117893e+01,0.000000000000000000e+00,0.000000000000000000e+00,2.861298322677612305e-01,3.178402781486511230e-01,1.068575307726860046e-01,1.562814563512802124e-01,9.331089062500000000e+04,4.757552343750000000e+04,5.132508203125000000e+04,7.240616406250000000e+04,-2.981544827640284598e+07
1.586000000000000076e+00,-2.037307659279512961e+01,8.535995218570313625e+00,-1.008118944442053078e+02,-1.184345507812500000e+04,2.047211456298828125e+02,3.562438232421875000e+03,2.867847084999084473e-01,3.286392688751220703e-01,1.037540510296821594e-01,1.635420769453048706e-01,-7.291222353580604931e+01,-8.535995218570313625e+00,1.008118944442053078e+02,-9.328530012860117893e+01,0.000000000000000000e+00,0.000000000000000000e+00,2.867847084999084473e-01,3.286392688751220703e-01,1.037540510296821594e-01,1.635420769453048706e-01,9.338928125000000000e+04,4.768784375000000000e+04,5.110001171875000000e+04,7.218099218750000000e+04,-2.982609923992850259e+07
1.586999999999999966e+00,-8.451063534235458974e+00,5.045848555995912754e+00,-1.013042262893139451e+02,-1.186002539062500000e+04,1.941071777343750000e+02,3.525173095703125000e+03,2.861404418945312500e-01,3.382529020309448242e-01,1.049446985125541687e-01,1.736901700496673584e-01,-8.483423659436571995e+01,-5.045848555995912754e+00,1.013042262893139451e+02,-9.328530012860117893e+01,0.000000000000000000e+00,0.000000000000000000e+00,2.861404418945312500e-01,3.382529020309448242e-01,1.049446985125541687e-01,1.736901700496673584e-01,9.346321875000000000e+04,4.780620703125000000e+04,5.088145312500000000e+04,7.194947656250000000e+04,-2.983645866725508869e+07
1.588000000000000078e+00,3.435487141723797322e+00,1.523265709706818516e+00,-1.010603885663595491e+02,-1.189676171875000000e+04,1.960084533691406250e+02,3.531899169921875000e+03,2.866677939891815186e-01,3.489068150520324707e-01,1.088936850428581238e-01,1.838343143463134766e-01,-9.672078727032497625e+01,-1.523265709706818516e+00,1.010603885663595491e+02,-9.328530012860117893e+01,0.000000000000000000e+00,0.000000000000000000e+00,2.866677939891815186e-01,3.489068150520324707e-01,1.088936850428581238e-01,1.838343143463134766e-01,9.353892968750000000e+04,4.791746484375000000e+04,5.065541796875000000e+04,7.172558593750000000e+04,-2.984668599230259657e+07
1.588999999999999968e+00,1.538003820776437180e+01,-1.861424359827139163e+00,-1.000893997307175027e+02,-1.193792578125000000e+04,2.040693054199218750e+02,3.521650390625000000e+03,2.843619585037231445e-01,3.592649996280670166e-01,1.166177019476890564e-01,1.953730285167694092e-01,-1.086653383363655507e+02,1.861424359827139163e+00,1.000893997307175027e+02,-9.328530012860117893e+01,0.000000000000000000e+00,0.000000000000000000e+00,2.843619585037231445e-01,3.592649996280670166e-01,1.166177019476890564e-01,1.953730285167694092e-01,9.361310156250000000e+04,4.803206640625000000e+04,5.043204296875000000e+04,7.156393750000000000e+04,-2.985694389071696997e+07
1.590000000000000080e+00,2.744586692131215955e+01,-4.998682497821135051e+00,-9.841034838012487285e+01,-1.196148437500000000e+04,2.125144653320312500e+02,3.556918457031250000e+03,2.835751175880432129e-01,3.710891604423522949e-01,1.257438510656356812e-01,2.053903490304946899e-01,-1.207311670499133385e+02,4.998682497821135051e+00,9.841034838012487285e+01,-9.328530012860117893e+01,0.000000000000000000e+00,0.000000000000000000e+00,2.835751175880432129e-01,3.710891604423522949e-01,1.257438510656356812e-01,2.053903490304946899e-01,9.367727343750000000e+04,4.813896093750000000e+04,5.024004296875000000e+04,7.150085156250000000e+04,-2.986740674982304499e+07
1.590999999999999970e+00,3.966661856720490675e+01,-7.713247491061093974e+00,-9.609967477911818889e+01,-1.196100195312500000e+04,2.109692230224609375e+02,3.555722412109375000e+03,2.803982198238372803e-01,3.818107545375823975e-01,1.364047527313232422e-01,2.160068899393081665e-01,-1.329519186958060857e+02,7.713247491061093974e+00,9.609967477911818889e+01,-9.328530012860117893e+01,0.000000000000000000e+00,0.000000000000000000e+00,2.803982198238372803e-01,3.818107545375823975e-01,1.364047527313232422e-01,2.160068899393081665e-01,9.372826562500000000e+04,4.825171484375000000e+04,5.013190234375000000e+04,7.150816406250000000e+04,-2.987827483213111013e+07
1.592000000000000082e+00,5.205005635521656870e+01,-9.882485533589775883e+00,-9.325383531476971655e+01,-1.194417675781250000e+04,1.998464202880859375e+02,3.552425537109375000e+03,2.786167562007904053e-01,3.931784331798553467e-01,1.449662744998931885e-01,2.248357534408569336e-01,-1.453353564838177476e+02,9.882485533589775883e+00,9.325383531476971655e+01,-9.328530012860117893e+01,0.000000000000000000e+00,0.000000000000000000e+00,2.786167562007904053e-01,3.931784331798553467e-01,1.449662744998931885e-01,2.248357534408569336e-01,9.375522656250000000e+04,4.836441015625000000e+04,5.011210546875000000e+04,7.159421875000000000e+04,-2.988977798181892559e+07
1.592999999999999972e+00,6.458663032758327915e+01,-1.140235087320709439e+01,-9.000229723253346492e+01,-1.193207714843750000e+04,1.834711151123046875e+02,3.540178466796875000e+03,2.746427357196807861e-01,4.035401344299316406e-01,1.504177898168563843e-01,2.332623749971389771e-01,-1.578719304561844581e+02,1.140235087320709439e+01,9.000229723253346492e+01,-9.328530012860117893e+01,0.000000000000000000e+00,0.000000000000000000e+00,2.746427357196807861e-01,4.035401344299316406e-01,1.504177898168563843e-01,2.332623749971389771e-01,9.376811718750000000e+04,4.847879296875000000e+04,5.016217187500000000e+04,7.170472656250000000e+04,-2.990217984174856544e+07
1.594000000000000083e+00,7.725057346350421028e+01,-1.219489732513371827e+01,-8.649820245167342136e+01,-1.194346093750000000e+04,1.716510314941406250e+02,3.522592285156250000e+03,2.681375145912170410e-01,4.131544232368469238e-01,1.512920260429382324e-01,2.406539022922515869e-01,-1.705358735921053892e+02,1.219489732513371827e+01,8.649820245167342136e+01,-9.328530012860117893e+01,0.000000000000000000e+00,0.000000000000000000e+00,2.681375145912170410e-01,4.131544232368469238e-01,1.512920260429382324e-01,2.406539022922515869e-01,9.375125781250000000e+04,4.859459765625000000e+04,5.025465234375000000e+04,7.181479687500000000e+04,-2.991577814739714563e+07
1.594999999999999973e+00,-2.700016202353423864e+02,-1.221681557511453597e+01,-8.287769132137724171e+01,-1.197828710937500000e+04,1.691912384033203125e+02,3.541122314453125000e+03,2.591591477394104004e-01,4.224845767021179199e-01,1.468067318201065063e-01,2.458400875329971313e-01,1.767163201067411933e+02,1.221681557511453597e+01,8.287769132137724171e+01,-9.328530012860117893e+01,0.000000000000000000e+00,0.000000000000000000e+00,2.591591477394104004e-01,4.224845767021179199e-01,1.468067318201065063e-01,2.458400875329971313e-01,9.369562500000000000e+04,4.870431250000000000e+04,5.034563281250000000e+04,7.193057031250000000e+04,-2.999569698462841287e+07
1.596000000000000085e+00,-2.572529296608404366e+02,-1.145575131653832379e+01,-7.936293880280977930e+01,-1.202373535156250000e+04,1.732313385009765625e+02,3.525380371093750000e+03,2.797264754772186279e-01,-3.638112545013427734e-02,3.175239264965057373e-01,2.744660377502441406e-01,1.639676295322392718e+02,1.145575131653832379e+01,7.936293880280977930e+01,-9.328530012860117893e+01,0.000000000000000000e+00,0.000000000000000000e+00,2.797264754772186279e-01,0.000000000000000000e+00,3.175239264965057373e-01,2.744660377502441406e-01,9.357096875000000000e+04,4.881954687500000000e+04,5.040461328125000000e+04,7.204016406250000000e+04,-3.006830576474114135e+07
1.596999999999999975e+00,-2.445908521784164122e+02,-9.943641399665114733e+00,-7.609900412222393129e+01,-1.205202929687500000e+04,1.780290069580078125e+02,3.547748535156250000e+03,2.746527791023254395e-01,-2.686316892504692078e-02,3.243372142314910889e-01,2.802974581718444824e-01,1.513055520498152475e+02,9.943641399665114733e+00,7.609900412222393129e+01,-9.328530012860117893e+01,0.000000000000000000e+00,0.000000000000000000e+00,2.746527791023254395e-01,0.000000000000000000e+00,3.243372142314910889e-01,2.802974581718444824e-01,9.360176562500000000e+04,4.859041406250000000e+04,5.051300781250000000e+04,7.215618750000000000e+04,-3.013402038414318487e+07
1.598000000000000087e+00,-2.320993340451593667e+02,-7.779914695428568727e+00,-7.327561493600408937e+01,-1.205259082031250000e+04,1.758734436035156250e+02,3.532447509765625000e+03,2.686314582824707031e-01,-1.420556008815765381e-02,3.292452394962310791e-01,2.843876183032989502e-01,1.388140339165582020e+02,7.779914695428568727e+00,7.327561493600408937e+01,-9.328530012860117893e+01,0.000000000000000000e+00,0.000000000000000000e+00,2.686314582824707031e-01,0.000000000000000000e+00,3.292452394962310791e-01,2.843876183032989502e-01,9.358945312500000000e+04,4.836751562500000000e+04,5.062813671875000000e+04,7.226617968750000000e+04,-3.019332032782430947e+07
1.598999999999999977e+00,-2.198109809532924714e+02,-5.061137763551220026e+00,-7.098154288268342782e+01,-1.202786816406250000e+04,1.664254760742187500e+02,3.550544921875000000e+03,2.654607892036437988e-01,-8.270498365163803101e-04,3.317759633064270020e-01,2.867476642131805420e-01,1.265256808246913067e+02,5.061137763551220026e+00,7.098154288268342782e+01,-9.328530012860117893e+01,0.000000000000000000e+00,0.000000000000000000e+00,2.654607892036437988e-01,0.000000000000000000e+00,3.317759633064270020e-01,2.867476642131805420e-01,9.354046875000000000e+04,4.813965234375000000e+04,5.073802734375000000e+04,7.238220312500000000e+04,-3.024670118971742690e+07
1.600000000000000089e+00,-2.077032126247280530e+02,-1.927872816437142367e+00,-6.930897408336379328e+01,-1.200193164062500000e+04,1.500346527099609375e+02,3.553508789062500000e+03,2.618657350540161133e-01,1.485984772443771362e-02,3.316431343555450439e-01,2.872576117515563965e-01,1.144179124961268599e+02,1.927872816437142367e+00,6.930897408336379328e+01,-9.328530012860117893e+01,0.000000000000000000e+00,0.000000000000000000e+00,2.618657350540161133e-01,1.485984772443771362e-02,3.316431343555450439e-01,2.872576117515563965e-01,9.346782031250000000e+04,4.791437109375000000e+04,5.085033984375000000e+04,7.249533593750000000e+04,-3.029464926483414322e+07
1.600999999999999979e+00,-1.957020812086841204e+02,1.483818296960989214e+00,-6.831648542171956251e+01,-1.199343945312500000e+04,1.363125000000000000e+02,3.556968017578125000e+03,2.599170804023742676e-01,3.172571212053298950e-02,3.287743628025054932e-01,2.858063280582427979e-01,1.024167810800829415e+02,-1.483818296960989214e+00,6.831648542171956251e+01,-9.328530012860117893e+01,0.000000000000000000e+00,0.000000000000000000e+00,2.599170804023742676e-01,3.172571212053298950e-02,3.287743628025054932e-01,2.858063280582427979e-01,9.337097656250000000e+04,4.768880859375000000e+04,5.096242187500000000e+04,7.260812500000000000e+04,-3.033761791332066804e+07
1.602000000000000091e+00,-1.837085661947437529e+02,5.035325407425924382e+00,-6.804489904035690984e+01,-1.200509277343750000e+04,1.278604965209960938e+02,3.566075439453125000e+03,2.586485147476196289e-01,5.089202523231506348e-02,3.229104578495025635e-01,2.818777263164520264e-01,9.042326606614257400e+01,-5.035325407425924382e+00,6.804489904035690984e+01,-9.328530012860117893e+01,0.000000000000000000e+00,0.000000000000000000e+00,2.586485147476196289e-01,5.089202523231506348e-02,3.229104578495025635e-01,2.818777263164520264e-01,9.326414843750000000e+04,4.746190625000000000e+04,5.107330859375000000e+04,7.272196093750000000e+04,-3.037602221340136603e+07
1.602999999999999980e+00,-1.716213601184044819e+02,8.559666311125788241e+00,-6.852190606016164054e+01,-1.202686230468750000e+04,1.265230560302734375e+02,3.560308837890625000e+03,2.576203942298889160e-01,7.257828116416931152e-02,3.137024044990539551e-01,2.752023935317993164e-01,7.833605998980331719e+01,-8.559666311125788241e+00,6.852190606016164054e+01,-9.328530012860117893e+01,0.000000000000000000e+00,0.000000000000000000e+00,2.576203942298889160e-01,7.257828116416931152e-02,3.137024044990539551e-01,2.752023935317993164e-01,9.314761718750000000e+04,4.723743750000000000e+04,5.118637500000000000e+04,7.283363281250000000e+04,-3.041024462414773181e+07
1.604000000000000092e+00,-1.593628648129945304e+02,1.193398226255618511e+01,-6.975887871288335873e+01,-1.203440917968750000e+04,1.283351287841796875e+02,3.591406738281250000e+03,2.579319775104522705e-01,9.623430669307708740e-02,3.006564974784851074e-01,2.654101848602294922e-01,6.607756468439333730e+01,-1.193398226255618511e+01,6.975887871288335873e+01,-9.328530012860117893e+01,0.000000000000000000e+00,0.000000000000000000e+00,2.579319775104522705e-01,9.623430669307708740e-02,3.006564974784851074e-01,2.654101848602294922e-01,9.303339062500000000e+04,4.700746093750000000e+04,5.129346093750000000e+04,7.295183593750000000e+04,-3.044064986792105809e+07
1.604999999999999982e+00,-1.468826636873583311e+02,1.496460458377818803e+01,-7.171754792186438010e+01,-1.202052929687500000e+04,1.248453674316406250e+02,3.583859863281250000e+03,2.569562494754791260e-01,1.220355853438377380e-01,2.837719619274139404e-01,2.531721889972686768e-01,5.359736355875713798e+01,-1.496460458377818803e+01,7.171754792186438010e+01,-9.328530012860117893e+01,0.000000000000000000e+00,0.000000000000000000e+00,2.569562494754791260e-01,1.220355853438377380e-01,2.837719619274139404e-01,2.531721889972686768e-01,9.291694531250000000e+04,4.678388671875000000e+04,5.140746875000000000e+04,7.306301562500000000e+04,-3.046759173088322580e+07
1.606000000000000094e+00,-1.341588970847593032e+02,1.752452775038321775e+01,-7.434468710644226519e+01,-1.198462207031250000e+04,1.142290878295898438e+02,3.598297607421875000e+03,2.589284479618072510e-01,1.475279033184051514e-01,2.631024420261383057e-01,2.385707497596740723e-01,4.087359695615813138e+01,-1.752452775038321775e+01,7.434468710644226519e+01,-9.328530012860117893e+01,0.000000000000000000e+00,0.000000000000000000e+00,2.589284479618072510e-01,1.475279033184051514e-01,2.631024420261383057e-01,2.385707497596740723e-01,9.280043750000000000e+04,4.672528906250000000e+04,5.151796875000000000e+04,7.317764843750000000e+04,-3.049142458212405443e+07
1.606999999999999984e+00,-1.212051799060960207e+02,1.945938661788100177e+01,-7.750021382674378856e+01,-1.194865039062500000e+04,9.469637298583984375e+01,3.568634521484375000e+03,2.605285644531250000e-01,1.728440821170806885e-01,2.399039268493652344e-01,2.232592105865478516e-01,2.791987977749484529e+01,-1.945938661788100177e+01,7.750021382674378856e+01,-9.328530012860117893e+01,0.000000000000000000e+00,0.000000000000000000e+00,2.605285644531250000e-01,1.728440821170806885e-01,2.399039268493652344e-01,2.232592105865478516e-01,9.269300000000000000e+04,4.684234765625000000e+04,5.163567968750000000e+04,7.328509375000000000e+04,-3.051250022863085940e+07
1.608000000000000096e+00,-1.080467550884150825e+02,2.068819141092684077e+01,-8.107213153176341791e+01,-1.192814843750000000e+04,7.687945556640625000e+01,3.578372558593750000e+03,2.653178572654724121e-01,1.967256069183349609e-01,2.150013595819473267e-01,2.074551880359649658e-01,1.476145495981390887e+01,-2.068819141092684077e+01,8.107213153176341791e+01,-9.328530012860117893e+01,0.000000000000000000e+00,0.000000000000000000e+00,2.653178572654724121e-01,1.967256069183349609e-01,2.150013595819473267e-01,2.074551880359649658e-01,9.260621875000000000e+04,4.695321875000000000e+04,5.174670312500000000e+04,7.338566406250000000e+04,-3.053117502169095352e+07
1.608999999999999986e+00,-9.475769605557091779e+01,2.112856246396659898e+01,-8.485932190789880281e+01,-1.193321386718750000e+04,6.383156204223632812e+01,3.570909179687500000e+03,2.682237625122070312e-01,2.197732031345367432e-01,1.905339807271957397e-01,1.933341920375823975e-01,1.472395926969733537e+00,-2.112856246396659898e+01,8.485932190789880281e+01,-9.328530012860117893e+01,0.000000000000000000e+00,0.000000000000000000e+00,2.682237625122070312e-01,2.197732031345367432e-01,1.905339807271957397e-01,1.933341920375823975e-01,9.255273437500000000e+04,4.706736718750000000e+04,5.186033984375000000e+04,7.336357812500000000e+04,-3.054780156331917644e+07
1.610000000000000098e+00,-8.144192646990290996e+01,2.074566994271061660e+01,-8.865939069319810528e+01,-1.195353027343750000e+04,6.051795196533203125e+01,3.575639892578125000e+03,2.722916603088378906e-01,2.414180934429168701e-01,1.672762036323547363e-01,1.808675676584243774e-01,-1.184337365869827430e+01,-2.074566994271061660e+01,8.865939069319810528e+01,-9.328530012860117893e+01,0.000000000000000000e+00,0.000000000000000000e+00,2.722916603088378906e-01,2.414180934429168701e-01,1.672762036323547363e-01,1.808675676584243774e-01,9.252294531250000000e+04,4.717928906250000000e+04,5.197166796875000000e+04,7.323721875000000000e+04,-3.056272522108576819e+07
1.610999999999999988e+00,-6.823787844971933225e+01,1.956329329849212684e+01,-9.223610389709270407e+01,-1.196741210937500000e+04,5.897720718383789062e+01,3.565653320312500000e+03,2.756167650222778320e-01,2.614848315715789795e-01,1.467297524213790894e-01,1.714386940002441406e-01,-2.504742167888184667e+01,-1.956329329849212684e+01,9.223610389709270407e+01,-9.328530012860117893e+01,0.000000000000000000e+00,0.000000000000000000e+00,2.756167650222778320e-01,2.614848315715789795e-01,1.467297524213790894e-01,1.714386940002441406e-01,9.252061718750000000e+04,4.729333593750000000e+04,5.208554687500000000e+04,7.301660156250000000e+04,-3.057627185044788569e+07
1.612000000000000099e+00,-5.526391177476259031e+01,1.766099727612844816e+01,-9.539837884717567817e+01,-1.196049707031250000e+04,5.358375549316406250e+01,3.555526855468750000e+03,2.796636819839477539e-01,2.794551849365234375e-01,1.295339167118072510e-01,1.654873937368392944e-01,-3.802138835383858861e+01,-1.766099727612844816e+01,9.539837884717567817e+01,-9.328530012860117893e+01,0.000000000000000000e+00,0.000000000000000000e+00,2.796636819839477539e-01,2.794551849365234375e-01,1.295339167118072510e-01,1.654873937368392944e-01,9.254125781250000000e+04,4.740713671875000000e+04,5.210237500000000000e+04,7.278984375000000000e+04,-3.058873871190398932e+07
1.612999999999999989e+00,-4.258710389674461538e+01,1.514562350453325479e+01,-9.802021967702384586e+01,-1.193227343750000000e+04,3.953936386108398438e+01,3.563127197265625000e+03,2.832835912704467773e-01,2.949180006980895996e-01,1.165367662906646729e-01,1.639416366815567017e-01,-5.069819623185656354e+01,-1.514562350453325479e+01,9.802021967702384586e+01,-9.328530012860117893e+01,0.000000000000000000e+00,0.000000000000000000e+00,2.832835912704467773e-01,2.949180006980895996e-01,1.165367662906646729e-01,1.639416366815567017e-01,9.259353906250000000e+04,4.751858984375000000e+04,5.197988281250000000e+04,7.256649218750000000e+04,-3.060038972669917345e+07
1.614000000000000101e+00,-3.021152121659917356e+01,1.216958846092576074e+01,-9.999403520137836665e+01,-1.190553613281250000e+04,1.903073501586914062e+01,3.546741943359375000e+03,2.850446105003356934e-01,3.074236214160919189e-01,1.084289923310279846e-01,1.675275415182113647e-01,-6.307377891200200537e+01,-1.216958846092576074e+01,9.999403520137836665e+01,-9.328530012860117893e+01,0.000000000000000000e+00,0.000000000000000000e+00,2.850446105003356934e-01,3.074236214160919189e-01,1.084289923310279846e-01,1.675275415182113647e-01,9.266524218750000000e+04,4.763418750000000000e+04,5.175998437500000000e+04,7.233867187500000000e+04,-3.061144936867255718e+07
1.614999999999999991e+00,-1.807613470029713199e+01,8.858710984280337541e+00,-1.012766682614242342e+02,-1.189743652343750000e+04,2.144317179918289185e-01,3.549225585937500000e+03,2.869006991386413574e-01,3.183319270610809326e-01,1.044418215751647949e-01,1.743617057800292969e-01,-7.520916542830404694e+01,-8.858710984280337541e+00,1.012766682614242342e+02,-9.328530012860117893e+01,0.000000000000000000e+00,0.000000000000000000e+00,2.869006991386413574e-01,3.183319270610809326e-01,1.044418215751647949e-01,1.743617057800292969e-01,9.275146875000000000e+04,4.774643359375000000e+04,5.153463281250000000e+04,7.211366406250000000e+04,-3.062211155561269820e+07
1.616000000000000103e+00,-6.083620191167312896e+00,5.394057133549198468e+00,-1.018299317663601329e+02,-1.192011328125000000e+04,-1.291913414001464844e+01,3.514179931640625000e+03,2.861579656600952148e-01,3.277933001518249512e-01,1.050628498196601868e-01,1.845918446779251099e-01,-8.720167993743386603e+01,-5.394057133549198468e+00,1.018299317663601329e+02,-9.328530012860117893e+01,0.000000000000000000e+00,0.000000000000000000e+00,2.861579656600952148e-01,3.277933001518249512e-01,1.050628498196601868e-01,1.845918446779251099e-01,9.284165625000000000e+04,4.786456250000000000e+04,5.131534765625000000e+04,7.188252343750000000e+04,-3.063254699690322950e+07
1.616999999999999993e+00,5.869830670081427115e+00,1.881449334261126927e+00,-1.016490768013730559e+02,-1.196117773437500000e+04,-1.454983139038085938e+01,3.523606933593750000e+03,2.865556776523590088e-01,3.381879031658172607e-01,1.085369735956192017e-01,1.950545459985733032e-01,-9.915513079868260604e+01,-1.881449334261126927e+00,1.016490768013730559e+02,-9.328530012860117893e+01,0.000000000000000000e+00,0.000000000000000000e+00,2.865556776523590088e-01,3.381879031658172607e-01,1.085369735956192017e-01,1.950545459985733032e-01,9.293249218750000000e+04,4.797515234375000000e+04,5.108832421875000000e+04,7.172584375000000000e+04,-3.064291752648149431e+07
1.618000000000000105e+00,1.787251718814761148e+01,-1.499505509181787488e+00,-1.007441726015308916e+02,-1.200196777343750000e+04,-1.041650009155273438e+01,3.506322998046875000e+03,2.839811146259307861e-01,3.482843637466430664e-01,1.158205196261405945e-01,2.069296687841415405e-01,-1.111578173167487904e+02,1.499505509181787488e+00,1.007441726015308916e+02,-9.328530012860117893e+01,0.000000000000000000e+00,0.000000000000000000e+00,2.839811146259307861e-01,3.482843637466430664e-01,1.158205196261405945e-01,2.069296687841415405e-01,9.301903125000000000e+04,4.809081250000000000e+04,5.086571484375000000e+04,7.164821093750000000e+04,-3.065338859018207341e+07
1.618999999999999995e+00,2.998325343397532095e+01,-4.629771612315572327e+00,-9.913820283512059461e+01,-1.202105957031250000e+04,-5.053123950958251953e+00,3.523513671875000000e+03,2.836698889732360840e-01,3.601718842983245850e-01,1.243444755673408508e-01,2.170335948467254639e-01,-1.232685535625764999e+02,4.629771612315572327e+00,9.913820283512059461e+01,-9.328530012860117893e+01,0.000000000000000000e+00,0.000000000000000000e+00,2.836698889732360840e-01,3.601718842983245850e-01,1.243444755673408508e-01,2.170335948467254639e-01,9.309147656250000000e+04,4.820080859375000000e+04,5.066048437500000000e+04,7.166699218750000000e+04,-3.066413740371511877e+07
1.620000000000000107e+00,4.223549684004514404e+01,-7.341233889820568237e+00,-9.690991932688149291e+01,-1.201604785156250000e+04,-7.876648426055908203e+00,3.508180175781250000e+03,2.817419171333312988e-01,3.716143667697906494e-01,1.341263204813003540e-01,2.270642220973968506e-01,-1.355207969686463230e+02,7.341233889820568237e+00,9.690991932688149291e+01,-9.328530012860117893e+01,0.000000000000000000e+00,0.000000000000000000e+00,2.817419171333312988e-01,3.716143667697906494e-01,1.341263204813003540e-01,2.270642220973968506e-01,9.315459375000000000e+04,4.831602343750000000e+04,5.053432812500000000e+04,7.175482812500000000e+04,-3.067536666708741337e+07
1.620999999999999996e+00,5.464368576695191848e+01,-9.520597289576018696e+00,-9.414830188387877286e+01,-1.199942187500000000e+04,-1.833636283874511719e+01,3.500806884765625000e+03,2.811708152294158936e-01,3.837957978248596191e-01,1.420858800411224365e-01,2.354162186384201050e-01,-1.479289858955530974e+02,9.520597289576018696e+00,9.414830188387877286e+01,-9.328530012860117893e+01,0.000000000000000000e+00,0.000000000000000000e+00,2.811708152294158936e-01,3.837957978248596191e-01,1.420858800411224365e-01,2.354162186384201050e-01,9.320382031250000000e+04,4.842955468750000000e+04,5.048775390625000000e+04,7.186591406250000000e+04,-3.068730714400197938e+07
1.622000000000000108e+00,6.720811968354773569e+01,-1.106647349260303059e+01,-9.097376919578206866e+01,-1.199327929687500000e+04,-3.270941162109375000e+01,3.491165527343750000e+03,2.776958346366882324e-01,3.948117196559906006e-01,1.474129110574722290e-01,2.436563521623611450e-01,-1.604934198121489146e+02,1.106647349260303059e+01,9.097376919578206866e+01,-9.328530012860117893e+01,0.000000000000000000e+00,0.000000000000000000e+00,2.776958346366882324e-01,3.948117196559906006e-01,1.474129110574722290e-01,2.436563521623611450e-01,9.324802343750000000e+04,4.854328906250000000e+04,5.050555859375000000e+04,7.197689062500000000e+04,-3.070022276887062564e+07
1.622999999999999998e+00,7.990956087420913434e+01,-1.189748225630321699e+01,-8.753449389855408924e+01,-1.201292773437500000e+04,-4.190849304199218750e+01,3.477449707031250000e+03,2.711151242256164551e-01,4.048940539360046387e-01,1.485978364944458008e-01,2.511492967605590820e-01,-1.731948610028103133e+02,1.189748225630321699e+01,8.753449389855408924e+01,-9.328530012860117893e+01,0.000000000000000000e+00,0.000000000000000000e+00,2.711151242256164551e-01,4.048940539360046387e-01,1.485978364944458008e-01,2.511492967605590820e-01,9.326555468750000000e+04,4.865828515625000000e+04,5.056529687500000000e+04,7.208761718750000000e+04,-3.071441214449584857e+07
1.624000000000000110e+00,-2.672976903587037896e+02,-1.196350361668408979e+01,-8.398120143751646083e+01,-1.205426660156250000e+04,-4.127158355712890625e+01,3.483323974609375000e+03,2.618527412414550781e-01,4.146210849285125732e-01,1.446786075830459595e-01,2.565466165542602539e-01,1.740123902301026249e+02,1.196350361668408979e+01,8.398120143751646083e+01,-9.328530012860117893e+01,0.000000000000000000e+00,0.000000000000000000e+00,2.618527412414550781e-01,4.146210849285125732e-01,1.446786075830459595e-01,2.565466165542602539e-01,9.324032812500000000e+04,4.877019921875000000e+04,5.062941796875000000e+04,7.220119531250000000e+04,-3.079305616738061979e+07
1.625000000000000000e+00,-2.545009270964641246e+02,-1.125598840738051720e+01,-8.053884975249911804e+01,-1.210014550781250000e+04,-3.249009323120117188e+01,3.451565429687500000e+03,2.814365029335021973e-01,-4.650187492370605469e-02,3.225460648536682129e-01,2.832947075366973877e-01,1.612156269678629315e+02,1.125598840738051720e+01,8.053884975249911804e+01,-9.328530012860117893e+01,0.000000000000000000e+00,0.000000000000000000e+00,2.814365029335021973e-01,0.000000000000000000e+00,3.225460648536682129e-01,2.832947075366973877e-01,9.314294531250000000e+04,4.888819140625000000e+04,5.066779687500000000e+04,7.230810937500000000e+04,-3.086444009286806360e+07
1.625999999999999890e+00,-2.417905493563008008e+02,-9.808982007496290123e+00,-7.734859677492327990e+01,-1.212335449218750000e+04,-2.293939781188964844e+01,3.460479003906250000e+03,2.772860825061798096e-01,-3.749824315309524536e-02,3.290111720561981201e-01,2.891137897968292236e-01,1.485052492276996361e+02,9.808982007496290123e+00,7.734859677492327990e+01,-9.328530012860117893e+01,0.000000000000000000e+00,0.000000000000000000e+00,2.772860825061798096e-01,0.000000000000000000e+00,3.290111720561981201e-01,2.891137897968292236e-01,9.319367187500000000e+04,4.866150390625000000e+04,5.077917578125000000e+04,7.242191406250000000e+04,-3.092898178417715803e+07
1.627000000000000002e+00,-2.292469114062102449e+02,-7.720839728882151753e+00,-7.458834304747249178e+01,-1.211925000000000000e+04,-2.051338577270507812e+01,3.441687500000000000e+03,2.720133066177368164e-01,-2.530565857887268066e-02,3.335047066211700439e-01,2.930478751659393311e-01,1.359616112776090802e+02,7.720839728882151753e+00,7.458834304747249178e+01,-9.328530012860117893e+01,0.000000000000000000e+00,0.000000000000000000e+00,2.720133066177368164e-01,0.000000000000000000e+00,3.335047066211700439e-01,2.930478751659393311e-01,9.320889062500000000e+04,4.843907812500000000e+04,5.089516796875000000e+04,7.253141406250000000e+04,-3.098715896285113320e+07
1.627999999999999892e+00,-2.168982415289839594e+02,-5.076720848603974545e+00,-7.234044444653511619e+01,-1.209436914062500000e+04,-2.492483520507812500e+01,3.467672851562500000e+03,2.692110836505889893e-01,-1.203316077589988708e-02,3.357858955860137939e-01,2.953578531742095947e-01,1.236129414003827804e+02,5.076720848603974545e+00,7.234044444653511619e+01,-9.328530012860117893e+01,0.000000000000000000e+00,0.000000000000000000e+00,2.692110836505889893e-01,0.000000000000000000e+00,3.357858955860137939e-01,2.953578531742095947e-01,9.319430468750000000e+04,4.820962109375000000e+04,5.100355859375000000e+04,7.264875781250000000e+04,-3.103946272302679718e+07
1.629000000000000004e+00,-2.047186319838824602e+02,-2.028720475232724141e+00,-7.070936416426455651e+01,-1.207483007812500000e+04,-3.552872848510742188e+01,3.461634033203125000e+03,2.652104496955871582e-01,3.970533609390258789e-03,3.354843854904174805e-01,2.957307100296020508e-01,1.114333318552812813e+02,2.028720475232724141e+00,7.070936416426455651e+01,-9.328530012860117893e+01,0.000000000000000000e+00,0.000000000000000000e+00,2.652104496955871582e-01,3.970533609390258789e-03,3.354843854904174805e-01,2.957307100296020508e-01,9.315478125000000000e+04,4.798591015625000000e+04,5.111707812500000000e+04,7.276023437500000000e+04,-3.108637637119543180e+07
1.629999999999999893e+00,-1.926329522462671662e+02,1.293233391025847334e+00,-6.975236796322732857e+01,-1.207587011718750000e+04,-4.125148391723632812e+01,3.463171630859375000e+03,2.637250125408172607e-01,2.098130062222480774e-02,3.325822949409484863e-01,2.941861152648925781e-01,9.934765211766598725e+01,-1.293233391025847334e+00,6.975236796322732857e+01,-9.328530012860117893e+01,0.000000000000000000e+00,0.000000000000000000e+00,2.637250125408172607e-01,2.098130062222480774e-02,3.325822949409484863e-01,2.941861152648925781e-01,9.308888281250000000e+04,4.776075781250000000e+04,5.122899218750000000e+04,7.287271093750000000e+04,-3.112835089077562466e+07
1.631000000000000005e+00,-1.805449439812452397e+02,4.733123091562768892e+00,-6.951365110296788430e+01,-1.209690722656250000e+04,-3.986959457397460938e+01,3.454325439453125000e+03,2.625530362129211426e-01,4.075755551457405090e-02,3.266717791557312012e-01,2.900386452674865723e-01,8.725964385264407497e+01,-4.733123091562768892e+00,6.951365110296788430e+01,-9.328530012860117893e+01,0.000000000000000000e+00,0.000000000000000000e+00,2.625530362129211426e-01,4.075755551457405090e-02,3.266717791557312012e-01,2.900386452674865723e-01,9.301267968750000000e+04,4.753706640625000000e+04,5.134260937500000000e+04,7.298360156250000000e+04,-3.116580191771668196e+07
1.631999999999999895e+00,-1.683628786825586019e+02,8.142051473904677650e+00,-7.001623347045207879e+01,-1.212203710937500000e+04,-2.984990692138671875e+01,3.451614013671875000e+03,2.625689804553985596e-01,6.295622885227203369e-02,3.173011243343353271e-01,2.829438447952270508e-01,7.507757855395742297e+01,-8.142051473904677650e+00,7.001623347045207879e+01,-9.328530012860117893e+01,0.000000000000000000e+00,0.000000000000000000e+00,2.625689804553985596e-01,6.295622885227203369e-02,3.173011243343353271e-01,2.829438447952270508e-01,9.293042187500000000e+04,4.731196093750000000e+04,5.145564453125000000e+04,7.309594531250000000e+04,-3.119911654258655384e+07
1.633000000000000007e+00,-1.560189867479448083e+02,1.138052968625651218e+01,-7.126388247178346091e+01,-1.212856835937500000e+04,-1.819112968444824219e+01,3.470418457031250000e+03,2.629279196262359619e-01,8.777035027742385864e-02,3.040042817592620850e-01,2.727184295654296875e-01,6.273368661934363644e+01,-1.138052968625651218e+01,7.126388247178346091e+01,-9.328530012860117893e+01,0.000000000000000000e+00,0.000000000000000000e+00,2.629279196262359619e-01,8.777035027742385864e-02,3.040042817592620850e-01,2.727184295654296875e-01,9.285456250000000000e+04,4.708377343750000000e+04,5.156541796875000000e+04,7.321200000000000000e+04,-3.122866652421330288e+07
1.633999999999999897e+00,-1.434718278210554843e+02,1.426447684690749540e+01,-7.320972608871217346e+01,-1.211147460937500000e+04,-1.171611499786376953e+01,3.458382812500000000e+03,2.628619670867919922e-01,1.144310310482978821e-01,2.867415249347686768e-01,2.599281668663024902e-01,5.018652769245430534e+01,-1.426447684690749540e+01,7.320972608871217346e+01,-9.328530012860117893e+01,0.000000000000000000e+00,0.000000000000000000e+00,2.628619670867919922e-01,1.144310310482978821e-01,2.867415249347686768e-01,2.599281668663024902e-01,9.277719531250000000e+04,4.686104687500000000e+04,5.168026171875000000e+04,7.332226562500000000e+04,-3.125481382888531685e+07
1.635000000000000009e+00,-1.307036863359072072e+02,1.667102159534544725e+01,-7.579367207242296445e+01,-1.207506933593750000e+04,-1.271489429473876953e+01,3.469371826171875000e+03,2.654789686203002930e-01,1.409293115139007568e-01,2.657641172409057617e-01,2.449777722358703613e-01,3.741838620730602827e+01,-1.667102159534544725e+01,7.579367207242296445e+01,-9.328530012860117893e+01,0.000000000000000000e+00,0.000000000000000000e+00,2.654789686203002930e-01,1.409293115139007568e-01,2.657641172409057617e-01,2.449777722358703613e-01,9.270576562500000000e+04,4.674011718750000000e+04,5.179113671875000000e+04,7.343638281250000000e+04,-3.127791988619436696e+07
1.635999999999999899e+00,-1.177248169780628899e+02,1.845784542525691307e+01,-7.887765862695057706e+01,-1.204425390625000000e+04,-2.116342353820800781e+01,3.446690917968750000e+03,2.675432860851287842e-01,1.672749519348144531e-01,2.423743605613708496e-01,2.294303029775619507e-01,2.443951684946170744e+01,-1.845784542525691307e+01,7.887765862695057706e+01,-9.328530012860117893e+01,0.000000000000000000e+00,0.000000000000000000e+00,2.675432860851287842e-01,1.672749519348144531e-01,2.423743605613708496e-01,2.294303029775619507e-01,9.264834375000000000e+04,4.683894921875000000e+04,5.190743750000000000e+04,7.354510937500000000e+04,-3.129834139581509680e+07
1.637000000000000011e+00,-1.045556251461007378e+02,1.954558909952254453e+01,-8.235442751968999175e+01,-1.203314160156250000e+04,-2.715331077575683594e+01,3.468759033203125000e+03,2.721586525440216064e-01,1.922620534896850586e-01,2.175282239913940430e-01,2.137042880058288574e-01,1.127032501749956417e+01,-1.954558909952254453e+01,8.235442751968999175e+01,-9.328530012860117893e+01,0.000000000000000000e+00,0.000000000000000000e+00,2.721586525440216064e-01,1.922620534896850586e-01,2.175282239913940430e-01,2.137042880058288574e-01,9.261487500000000000e+04,4.694744921875000000e+04,5.201596484375000000e+04,7.366178906250000000e+04,-3.131643755635013059e+07
1.637999999999999901e+00,-9.127629590693194928e+01,1.985019164316785023e+01,-8.599595773914123242e+01,-1.204791796875000000e+04,-2.676847267150878906e+01,3.448121093750000000e+03,2.742686867713928223e-01,2.164364755153656006e-01,1.933125108480453491e-01,1.997874975204467773e-01,-2.009004221669234092e+00,-1.985019164316785023e+01,8.599595773914123242e+01,-9.328530012860117893e+01,0.000000000000000000e+00,0.000000000000000000e+00,2.742686867713928223e-01,2.164364755153656006e-01,1.933125108480453491e-01,1.997874975204467773e-01,9.260732812500000000e+04,4.706373046875000000e+04,5.213150781250000000e+04,7.367731250000000000e+04,-3.133255825340036303e+07
1.639000000000000012e+00,-7.799041985086188333e+01,1.934814520402525062e+01,-8.960762337354991303e+01,-1.207039062500000000e+04,-1.569246673583984375e+01,3.445516357421875000e+03,2.790221273899078369e-01,2.392342388629913330e-01,1.700678318738937378e-01,1.870312541723251343e-01,-1.529488027773929737e+01,-1.934814520402525062e+01,8.960762337354991303e+01,-9.328530012860117893e+01,0.000000000000000000e+00,0.000000000000000000e+00,2.790221273899078369e-01,2.392342388629913330e-01,1.700678318738937378e-01,1.870312541723251343e-01,9.261797656250000000e+04,4.717697656250000000e+04,5.224437890625000000e+04,7.359103125000000000e+04,-3.134704463587836921e+07
1.639999999999999902e+00,-6.483173101004722128e+01,1.807948456278606741e+01,-9.295428035624087215e+01,-1.208102832031250000e+04,-3.989216804504394531e+00,3.420389648437500000e+03,2.825632989406585693e-01,2.605351507663726807e-01,1.496089249849319458e-01,1.773350238800048828e-01,-2.845356911855396120e+01,-1.807948456278606741e+01,9.295428035624087215e+01,-9.328530012860117893e+01,0.000000000000000000e+00,0.000000000000000000e+00,2.825632989406585693e-01,2.605351507663726807e-01,1.496089249849319458e-01,1.773350238800048828e-01,9.265807031250000000e+04,4.729374218750000000e+04,5.236139453125000000e+04,7.340664062500000000e+04,-3.136021515522273257e+07
1.641000000000000014e+00,-5.189761721084186519e+01,1.611772093690154506e+01,-9.588778228534674497e+01,-1.206772656250000000e+04,3.082073926925659180e+00,3.428165527343750000e+03,2.872464954853057861e-01,2.797522842884063721e-01,1.323750317096710205e-01,1.709154695272445679e-01,-4.138768291775931374e+01,-1.611772093690154506e+01,9.588778228534674497e+01,-9.328530012860117893e+01,0.000000000000000000e+00,0.000000000000000000e+00,2.872464954853057861e-01,2.797522842884063721e-01,1.323750317096710205e-01,1.709154695272445679e-01,9.272728906250000000e+04,4.740457812500000000e+04,5.239161718750000000e+04,7.318314062500000000e+04,-3.137236276561469585e+07
1.641999999999999904e+00,-3.924417575542081948e+01,1.358115633586474580e+01,-9.827374777115581139e+01,-1.203813867187500000e+04,9.747203439474105835e-02,3.434434082031250000e+03,2.893941402435302734e-01,2.959732413291931152e-01,1.198722571134567261e-01,1.697179675102233887e-01,-5.404112437318035944e+01,-1.358115633586474580e+01,9.827374777115581139e+01,-9.328530012860117893e+01,0.000000000000000000e+00,0.000000000000000000e+00,2.893941402435302734e-01,2.959732413291931152e-01,1.198722571134567261e-01,1.697179675102233887e-01,9.282777343750000000e+04,4.751591406250000000e+04,5.228504687500000000e+04,7.295942187500000000e+04,-3.138374504825382680e+07
1.643000000000000016e+00,-2.686109142941019456e+01,1.061892045748570901e+01,-1.000148414331754481e+02,-1.201440625000000000e+04,-7.384204387664794922e+00,3.422741699218750000e+03,2.907295227050781250e-01,3.094449937343597412e-01,1.119462773203849792e-01,1.730523407459259033e-01,-6.642420869919098436e+01,-1.061892045748570901e+01,1.000148414331754481e+02,-9.328530012860117893e+01,0.000000000000000000e+00,0.000000000000000000e+00,2.907295227050781250e-01,3.094449937343597412e-01,1.119462773203849792e-01,1.730523407459259033e-01,9.293731250000000000e+04,4.763077343750000000e+04,5.208384375000000000e+04,7.273209375000000000e+04,-3.139458229646519199e+07
1.643999999999999906e+00,-1.467997535368971285e+01,7.372039332002692902e+00,-1.010634987548012163e+02,-1.201353906250000000e+04,-1.252929687500000000e+01,3.414267089843750000e+03,2.918115258216857910e-01,3.213969767093658447e-01,1.081391870975494385e-01,1.795225590467453003e-01,-7.860532477491146608e+01,-7.372039332002692902e+00,1.010634987548012163e+02,-9.328530012860117893e+01,0.000000000000000000e+00,0.000000000000000000e+00,2.918115258216857910e-01,3.213969767093658447e-01,1.081391870975494385e-01,1.795225590467453003e-01,9.304886718750000000e+04,4.774494140625000000e+04,5.186005078125000000e+04,7.250532812500000000e+04,-3.140506597588605061e+07
1.645000000000000018e+00,-2.601071823080161494e+00,4.006303416418671937e+00,-1.013899434092342489e+02,-1.204302929687500000e+04,-9.356026649475097656e+00,3.387594726562500000e+03,2.913025021553039551e-01,3.324902951717376709e-01,1.084670275449752808e-01,1.885146349668502808e-01,-9.068422830552101743e+01,-4.006303416418671937e+00,1.013899434092342489e+02,-9.328530012860117893e+01,0.000000000000000000e+00,0.000000000000000000e+00,2.913025021553039551e-01,3.324902951717376709e-01,1.084670275449752808e-01,1.885146349668502808e-01,9.315667968750000000e+04,4.786189453125000000e+04,5.163899218750000000e+04,7.228907031250000000e+04,-3.141536871255227178e+07
1.645999999999999908e+00,9.471308670014863651e+00,6.294173530732556365e-01,-1.009872321519951441e+02,-1.208512402343750000e+04,4.509579658508300781e+00,3.407083496093750000e+03,2.910251021385192871e-01,3.443780243396759033e-01,1.117959618568420410e-01,1.978311687707901001e-01,-1.027566087986160426e+02,-6.294173530732556365e-01,1.009872321519951441e+02,-9.328530012860117893e+01,0.000000000000000000e+00,0.000000000000000000e+00,2.910251021385192871e-01,3.443780243396759033e-01,1.117959618568420410e-01,1.978311687707901001e-01,9.327291406250000000e+04,4.797074218750000000e+04,5.141028515625000000e+04,7.215467968750000000e+04,-3.142565723546411842e+07
1.647000000000000020e+00,2.161394374401092477e+01,-2.566524976009615155e+00,-9.987427148395516951e+01,-1.212028906250000000e+04,2.205090332031250000e+01,3.390337890625000000e+03,2.879117727279663086e-01,3.559800088405609131e-01,1.187546849250793457e-01,2.082106471061706543e-01,-1.148992438726121037e+02,2.566524976009615155e+00,9.987427148395516951e+01,-9.328530012860117893e+01,0.000000000000000000e+00,0.000000000000000000e+00,2.879117727279663086e-01,3.559800088405609131e-01,1.187546849250793457e-01,2.082106471061706543e-01,9.338244531250000000e+04,4.808599609375000000e+04,5.118808984375000000e+04,7.201718750000000000e+04,-3.143610585518319160e+07
1.647999999999999909e+00,3.387126286567237798e+01,-5.456639567359333753e+00,-9.808717658396531647e+01,-1.212869726562500000e+04,3.826678848266601562e+01,3.401741210937500000e+03,2.878723740577697754e-01,3.694816529750823975e-01,1.263673454523086548e-01,2.163562327623367310e-01,-1.271565629942735569e+02,5.456639567359333753e+00,9.808717658396531647e+01,-9.328530012860117893e+01,0.000000000000000000e+00,0.000000000000000000e+00,2.878723740577697754e-01,3.694816529750823975e-01,1.263673454523086548e-01,2.163562327623367310e-01,9.349459375000000000e+04,4.819700781250000000e+04,5.096146484375000000e+04,7.195764062500000000e+04,-3.144690398675688729e+07
1.649000000000000021e+00,4.626459884060922434e+01,-7.877273336371545476e+00,-9.572482224611235324e+01,-1.211547558593750000e+04,4.483181381225585938e+01,3.377063720703125000e+03,2.863275110721588135e-01,3.823904693126678467e-01,1.345592439174652100e-01,2.242721021175384521e-01,-1.395498989692104033e+02,7.877273336371545476e+00,9.572482224611235324e+01,-9.328530012860117893e+01,0.000000000000000000e+00,0.000000000000000000e+00,2.863275110721588135e-01,3.823904693126678467e-01,1.345592439174652100e-01,2.242721021175384521e-01,9.357616406250000000e+04,4.831387500000000000e+04,5.078478515625000000e+04,7.197145312500000000e+04,-3.145826969289203733e+07
1.649999999999999911e+00,5.880276387925967185e+01,-9.738293797062036461e+00,-9.287118412684014856e+01,-1.209756347656250000e+04,4.520299530029296875e+01,3.384581787109375000e+03,2.858478426933288574e-01,3.957144916057586670e-01,1.402533650398254395e-01,2.306181490421295166e-01,-1.520880640078608508e+02,9.738293797062036461e+00,9.287118412684014856e+01,-9.328530012860117893e+01,0.000000000000000000e+00,0.000000000000000000e+00,2.858478426933288574e-01,3.957144916057586670e-01,1.402533650398254395e-01,2.306181490421295166e-01,9.365004687500000000e+04,4.842515234375000000e+04,5.073312890625000000e+04,7.208519531250000000e+04,-3.147044734913907573e+07
1.651000000000000023e+00,7.148128955679827357e+01,-1.094305045441717184e+01,-8.965632215123220305e+01,-1.209775488281250000e+04,4.287698745727539062e+01,3.390301269531250000e+03,2.803926765918731689e-01,4.067993164062500000e-01,1.433790475130081177e-01,2.376086860895156860e-01,-1.647665896853994525e+02,1.094305045441717184e+01,8.965632215123220305e+01,-9.328530012860117893e+01,0.000000000000000000e+00,0.000000000000000000e+00,2.803926765918731689e-01,4.067993164062500000e-01,1.433790475130081177e-01,2.376086860895156860e-01,9.371890625000000000e+04,4.853631250000000000e+04,5.072783984375000000e+04,7.219912500000000000e+04,-3.148371493035071343e+07
1.651999999999999913e+00,8.427299660839666728e+01,-1.141520938373090388e+01,-8.624445522027603772e+01,-1.212651367187500000e+04,4.790486145019531250e+01,3.386214111328125000e+03,2.717831730842590332e-01,4.167939126491546631e-01,1.421211808919906616e-01,2.436383813619613647e-01,-1.775582967369978462e+02,1.141520938373090388e+01,8.624445522027603772e+01,-9.328530012860117893e+01,0.000000000000000000e+00,0.000000000000000000e+00,2.717831730842590332e-01,4.167939126491546631e-01,1.421211808919906616e-01,2.436383813619613647e-01,9.374585937500000000e+04,4.864935937500000000e+04,5.074871093750000000e+04,7.231117187500000000e+04,-3.149838528136958927e+07
1.653000000000000025e+00,-2.628825760181913438e+02,-1.111739871912339694e+01,-8.281429744201678034e+01,-1.217055761718750000e+04,6.359907531738281250e+01,3.382958496093750000e+03,2.612018585205078125e-01,4.266378283500671387e-01,1.355077773332595825e-01,2.468774169683456421e-01,1.695972758895901507e+02,1.111739871912339694e+01,8.281429744201678034e+01,-9.328530012860117893e+01,0.000000000000000000e+00,0.000000000000000000e+00,2.612018585205078125e-01,4.266378283500671387e-01,1.355077773332595825e-01,2.468774169683456421e-01,9.377310156250000000e+04,4.876279687500000000e+04,5.076921484375000000e+04,7.242284375000000000e+04,-3.157447433455864340e+07
1.653999999999999915e+00,-2.500763130360645619e+02,-1.007031507719951691e+01,-7.958749500635948948e+01,-1.220939257812500000e+04,8.518412780761718750e+01,3.345354003906250000e+03,2.848749756813049316e-01,-3.719801455736160278e-02,3.229862153530120850e-01,2.802362740039825439e-01,1.567910129074633971e+02,1.007031507719951691e+01,7.958749500635948948e+01,-9.328530012860117893e+01,0.000000000000000000e+00,0.000000000000000000e+00,2.848749756813049316e-01,0.000000000000000000e+00,3.229862153530120850e-01,2.802362740039825439e-01,9.373265625000000000e+04,4.888186328125000000e+04,5.078551171875000000e+04,7.252887500000000000e+04,-3.164344807750749588e+07
1.655000000000000027e+00,-2.373874615795402860e+02,-8.321180576654008121e+00,-7.667816553623359255e+01,-1.222025292968750000e+04,1.048431015014648438e+02,3.367305664062500000e+03,2.816475033760070801e-01,-2.608473598957061768e-02,3.283005356788635254e-01,2.843477129936218262e-01,1.441021614509390929e+02,8.321180576654008121e+00,7.667816553623359255e+01,-9.328530012860117893e+01,0.000000000000000000e+00,0.000000000000000000e+00,2.816475033760070801e-01,0.000000000000000000e+00,3.283005356788635254e-01,2.843477129936218262e-01,9.379571093750000000e+04,4.865318750000000000e+04,5.089473828125000000e+04,7.264507031250000000e+04,-3.170574966753886640e+07
1.655999999999999917e+00,-2.248753291821775520e+02,-5.977029425461384271e+00,-7.424002213045274345e+01,-1.220507812500000000e+04,1.140867004394531250e+02,3.372930419921875000e+03,2.764713168144226074e-01,-1.147991418838500977e-02,3.314273357391357422e-01,2.864509224891662598e-01,1.315900290535763872e+02,5.977029425461384271e+00,7.424002213045274345e+01,-9.328530012860117893e+01,0.000000000000000000e+00,0.000000000000000000e+00,2.764713168144226074e-01,0.000000000000000000e+00,3.314273357391357422e-01,2.864509224891662598e-01,9.383141406250000000e+04,4.842683203125000000e+04,5.100653515625000000e+04,7.275903906250000000e+04,-3.176186588698034361e+07
1.657000000000000028e+00,-2.125436122827286738e+02,-3.137078520313604457e+00,-7.235583912820808905e+01,-1.217836914062500000e+04,1.154813919067382812e+02,3.409215820312500000e+03,2.732167243957519531e-01,4.274755716323852539e-03,3.321400880813598633e-01,2.868879735469818115e-01,1.192583121541274949e+02,3.137078520313604457e+00,7.235583912820808905e+01,-9.328530012860117893e+01,0.000000000000000000e+00,0.000000000000000000e+00,2.732167243957519531e-01,4.274755716323852539e-03,3.321400880813598633e-01,2.868879735469818115e-01,9.383521875000000000e+04,4.819532812500000000e+04,5.111304687500000000e+04,7.287766406250000000e+04,-3.181228588282012567e+07
1.657999999999999918e+00,-2.003428279030447356e+02,2.748893983013707409e-02,-7.112489177568639320e+01,-1.216381250000000000e+04,1.131944046020507812e+02,3.399827392578125000e+03,2.693829536437988281e-01,2.238951064646244049e-02,3.302157819271087646e-01,2.854279577732086182e-01,1.070575277744435709e+02,-2.748893983013707409e-02,7.112489177568639320e+01,-9.328530012860117893e+01,0.000000000000000000e+00,0.000000000000000000e+00,2.693829536437988281e-01,2.238951064646244049e-02,3.302157819271087646e-01,2.854279577732086182e-01,9.380842187500000000e+04,4.797207031250000000e+04,5.122682812500000000e+04,7.298830468750000000e+04,-3.185747188249805942e+07
1.659000000000000030e+00,-1.881828480393397456e+02,3.372469361956017320e+00,-7.059615923542902749e+01,-1.217212500000000000e+04,1.182785263061523438e+02,3.390779296875000000e+03,2.686932682991027832e-01,4.137936607003211975e-02,3.254151940345764160e-01,2.817509174346923828e-01,9.489754791073856666e+01,-3.372469361956017320e+00,7.059615923542902749e+01,-9.328530012860117893e+01,0.000000000000000000e+00,0.000000000000000000e+00,2.686932682991027832e-01,4.137936607003211975e-02,3.254151940345764160e-01,2.817509174346923828e-01,9.375488281250000000e+04,4.774878515625000000e+04,5.134044531250000000e+04,7.309913281250000000e+04,-3.189788985804264620e+07
1.659999999999999920e+00,-1.759659338627706973e+02,6.764352229221939794e+00,-7.080123563017311028e+01,-1.219521093750000000e+04,1.328312988281250000e+02,3.401861328125000000e+03,2.686051428318023682e-01,6.309410929679870605e-02,3.173643946647644043e-01,2.752259075641632080e-01,8.268063373416951833e+01,-6.764352229221939794e+00,7.080123563017311028e+01,-9.328530012860117893e+01,0.000000000000000000e+00,0.000000000000000000e+00,2.686051428318023682e-01,6.309410929679870605e-02,3.173643946647644043e-01,2.752259075641632080e-01,9.370173437500000000e+04,4.752194140625000000e+04,5.145110937500000000e+04,7.321371875000000000e+04,-3.193391243935068324e+07
1.661000000000000032e+00,-1.636075526786919170e+02,1.003988859074398832e+01,-7.175409656846117912e+01,-1.221548535156250000e+04,1.524472045898437500e+02,3.411497070312500000e+03,2.679406702518463135e-01,8.789913356304168701e-02,3.056778013706207275e-01,2.656896412372589111e-01,7.032225255009073805e+01,-1.003988859074398832e+01,7.175409656846117912e+01,-9.328530012860117893e+01,0.000000000000000000e+00,0.000000000000000000e+00,2.679406702518463135e-01,8.789913356304168701e-02,3.056778013706207275e-01,2.656896412372589111e-01,9.364832031250000000e+04,4.729491015625000000e+04,5.156239062500000000e+04,7.332829687500000000e+04,-3.196592932038146630e+07
1.661999999999999922e+00,-1.510532213162842936e+02,1.305616702181922406e+01,-7.344530252101451140e+01,-1.221195312500000000e+04,1.703218994140625000e+02,3.443652099609375000e+03,2.679601013660430908e-01,1.145554408431053162e-01,2.900436222553253174e-01,2.532545924186706543e-01,5.776792118768310047e+01,-1.305616702181922406e+01,7.344530252101451140e+01,-9.328530012860117893e+01,0.000000000000000000e+00,0.000000000000000000e+00,2.679601013660430908e-01,1.145554408431053162e-01,2.900436222553253174e-01,2.532545924186706543e-01,9.359600000000000000e+04,4.706415234375000000e+04,5.166989453125000000e+04,7.344596875000000000e+04,-3.199431107201119885e+07
1.663000000000000034e+00,-1.382854799889021535e+02,1.561493710997593531e+01,-7.578965963172498732e+01,-1.218343261718750000e+04,1.785036010742187500e+02,3.423112060546875000e+03,2.675042748451232910e-01,1.423154473304748535e-01,2.707607746124267578e-01,2.388026267290115356e-01,4.500017986030098172e+01,-1.561493710997593531e+01,7.578965963172498732e+01,-9.328530012860117893e+01,0.000000000000000000e+00,0.000000000000000000e+00,2.675042748451232910e-01,1.423154473304748535e-01,2.707607746124267578e-01,2.388026267290115356e-01,9.353555468750000000e+04,4.694489062500000000e+04,5.178603515625000000e+04,7.355480468750000000e+04,-3.201942184475500137e+07
1.663999999999999924e+00,-1.253038816783754612e+02,1.761443539548308834e+01,-7.871026989355466696e+01,-1.214255468750000000e+04,1.787119293212890625e+02,3.441197998046875000e+03,2.709863781929016113e-01,1.689010560512542725e-01,2.481679916381835938e-01,2.226144969463348389e-01,3.201858154977428228e+01,-1.761443539548308834e+01,7.871026989355466696e+01,-9.328530012860117893e+01,0.000000000000000000e+00,0.000000000000000000e+00,2.709863781929016113e-01,1.689010560512542725e-01,2.481679916381835938e-01,2.226144969463348389e-01,9.348018750000000000e+04,4.704353906250000000e+04,5.189558593750000000e+04,7.367028125000000000e+04,-3.204162848243968934e+07
1.665000000000000036e+00,-1.121352043729161210e+02,1.893426867362569865e+01,-8.205572074094875745e+01,-1.211567382812500000e+04,1.731011810302734375e+02,3.441939453125000000e+03,2.729212045669555664e-01,1.949447691440582275e-01,2.242143303155899048e-01,2.068868130445480347e-01,1.884990424431494915e+01,-1.893426867362569865e+01,8.205572074094875745e+01,-9.328530012860117893e+01,0.000000000000000000e+00,0.000000000000000000e+00,2.729212045669555664e-01,1.949447691440582275e-01,2.242143303155899048e-01,2.068868130445480347e-01,9.344755468750000000e+04,4.715595312500000000e+04,5.200771484375000000e+04,7.375565625000000000e+04,-3.206129443433596566e+07
1.665999999999999925e+00,-9.882582005764103883e+01,1.949638042285331707e+01,-8.567279121386465590e+01,-1.211488378906250000e+04,1.725897827148437500e+02,3.463581054687500000e+03,2.762129902839660645e-01,2.194528281688690186e-01,1.998585015535354614e-01,1.919122338294982910e-01,5.540519929039853686e+00,-1.949638042285331707e+01,8.567279121386465590e+01,-9.328530012860117893e+01,0.000000000000000000e+00,0.000000000000000000e+00,2.762129902839660645e-01,2.194528281688690186e-01,1.998585015535354614e-01,1.919122338294982910e-01,9.343280468750000000e+04,4.726444140625000000e+04,5.211619140625000000e+04,7.372521093750000000e+04,-3.207878091304999962e+07
1.667000000000000037e+00,-8.547952996800322012e+01,1.924854920494396993e+01,-8.931624018921618813e+01,-1.213370312500000000e+04,1.800898284912109375e+02,3.447778564453125000e+03,2.782867252826690674e-01,2.426841855049133301e-01,1.767987310886383057e-01,1.790482252836227417e-01,-7.805770160597961471e+00,-1.924854920494396993e+01,8.931624018921618813e+01,-9.328530012860117893e+01,0.000000000000000000e+00,0.000000000000000000e+00,2.782867252826690674e-01,2.426841855049133301e-01,1.767987310886383057e-01,1.790482252836227417e-01,9.341244531250000000e+04,4.737957812500000000e+04,5.223119531250000000e+04,7.368885937500000000e+04,-3.209443556050158292e+07
1.667999999999999927e+00,-7.221760247603991445e+01,1.820751569818005322e+01,-9.276319283637151614e+01,-1.215122363281250000e+04,1.943455810546875000e+02,3.427242919921875000e+03,2.824749350547790527e-01,2.645243704319000244e-01,1.554644256830215454e-01,1.679049432277679443e-01,-2.106769765256126803e+01,-1.820751569818005322e+01,9.276319283637151614e+01,-9.328530012860117893e+01,0.000000000000000000e+00,0.000000000000000000e+00,2.824749350547790527e-01,2.645243704319000244e-01,1.554644256830215454e-01,1.679049432277679443e-01,9.341451562500000000e+04,4.749591406250000000e+04,5.234740625000000000e+04,7.353997656250000000e+04,-3.210858746618206799e+07
1.669000000000000039e+00,-5.914657725689922785e+01,1.643295888259395454e+01,-9.585080931340023369e+01,-1.214784082031250000e+04,2.067594299316406250e+02,3.440651123046875000e+03,2.866967320442199707e-01,2.846642732620239258e-01,1.372504234313964844e-01,1.599533110857009888e-01,-3.413872287170195108e+01,-1.643295888259395454e+01,9.585080931340023369e+01,-9.328530012860117893e+01,0.000000000000000000e+00,0.000000000000000000e+00,2.866967320442199707e-01,2.846642732620239258e-01,1.372504234313964844e-01,1.599533110857009888e-01,9.346688281250000000e+04,4.760640234375000000e+04,5.242287500000000000e+04,7.331739062500000000e+04,-3.212154320356694609e+07
1.669999999999999929e+00,-4.634351170038060985e+01,1.403561829978526809e+01,-9.842235529890146495e+01,-1.212342968750000000e+04,2.090996856689453125e+02,3.450094970703125000e+03,2.885514497756958008e-01,3.019562959671020508e-01,1.236133798956871033e-01,1.571159213781356812e-01,-4.694178842822056907e+01,-1.403561829978526809e+01,9.842235529890146495e+01,-9.328530012860117893e+01,0.000000000000000000e+00,0.000000000000000000e+00,2.885514497756958008e-01,3.019562959671020508e-01,1.236133798956871033e-01,1.571159213781356812e-01,9.354613281250000000e+04,4.771725781250000000e+04,5.235378125000000000e+04,7.309423437500000000e+04,-3.213357488324730843e+07
1.671000000000000041e+00,-3.382157305666427760e+01,1.113473862493003885e+01,-1.003872848830044830e+02,-1.208990527343750000e+04,2.019930725097656250e+02,3.477930664062500000e+03,2.899697422981262207e-01,3.164488375186920166e-01,1.145106256008148193e-01,1.588584631681442261e-01,-5.946372707193690132e+01,-1.113473862493003885e+01,1.003872848830044830e+02,-9.328530012860117893e+01,0.000000000000000000e+00,0.000000000000000000e+00,2.899697422981262207e-01,3.164488375186920166e-01,1.145106256008148193e-01,1.588584631681442261e-01,9.362734375000000000e+04,4.782470312500000000e+04,5.228313281250000000e+04,7.287350000000000000e+04,-3.214492037142176181e+07
1.671999999999999931e+00,-2.153683229457703874e+01,7.921982398548204074e+00,-1.016534846903504530e+02,-1.207140820312500000e+04,1.897885284423828125e+02,3.448004394531250000e+03,2.892553806304931641e-01,3.280702233314514160e-01,1.105068176984786987e-01,1.654911935329437256e-01,-7.174846783402414019e+01,-7.921982398548204074e+00,1.016534846903504530e+02,-9.328530012860117893e+01,0.000000000000000000e+00,0.000000000000000000e+00,2.892553806304931641e-01,3.280702233314514160e-01,1.105068176984786987e-01,1.654911935329437256e-01,9.371911718750000000e+04,4.794231250000000000e+04,5.206296875000000000e+04,7.264314062500000000e+04,-3.215578039532186091e+07
1.673000000000000043e+00,-9.393758635821029657e+00,4.514804232288104124e+00,-1.022034932759634103e+02,-1.207981933593750000e+04,1.846484832763671875e+02,3.452224365234375000e+03,2.906162738800048828e-01,3.394955694675445557e-01,1.097388416528701782e-01,1.733985543251037598e-01,-8.389154149278014927e+01,-4.514804232288104124e+00,1.022034932759634103e+02,-9.328530012860117893e+01,0.000000000000000000e+00,0.000000000000000000e+00,2.906162738800048828e-01,3.394955694675445557e-01,1.097388416528701782e-01,1.733985543251037598e-01,9.380979687500000000e+04,4.805450781250000000e+04,5.183680468750000000e+04,7.241868750000000000e+04,-3.216633457551823556e+07
1.673999999999999932e+00,2.715136644552202938e+00,1.078249330487082158e+00,-1.020178060553161430e+02,-1.211431054687500000e+04,1.890894012451171875e+02,3.442792968750000000e+03,2.889030277729034424e-01,3.499831855297088623e-01,1.134230121970176697e-01,1.838799118995666504e-01,-9.600043677315338186e+01,-1.078249330487082158e+00,1.020178060553161430e+02,-9.328530012860117893e+01,0.000000000000000000e+00,0.000000000000000000e+00,2.889030277729034424e-01,3.499831855297088623e-01,1.134230121970176697e-01,1.838799118995666504e-01,9.390531250000000000e+04,4.816878515625000000e+04,5.161287109375000000e+04,7.219246093750000000e+04,-3.217675074285919219e+07
1.675000000000000044e+00,1.488184653389537004e+01,-2.259538054051997591e+00,-1.010965110794435731e+02,-1.215351269531250000e+04,2.026102752685546875e+02,3.463133056640625000e+03,2.877191603183746338e-01,3.615773022174835205e-01,1.197965815663337708e-01,1.939366757869720459e-01,-1.081671466624965490e+02,2.259538054051997591e+00,1.010965110794435731e+02,-9.328530012860117893e+01,0.000000000000000000e+00,0.000000000000000000e+00,2.877191603183746338e-01,3.615773022174835205e-01,1.197965815663337708e-01,1.939366757869720459e-01,9.399146093750000000e+04,4.827781250000000000e+04,5.138437500000000000e+04,7.202496875000000000e+04,-3.218719782228010520e+07
1.675999999999999934e+00,2.716792700108942427e+01,-5.326840252420027788e+00,-9.947196600237191433e+01,-1.217483496093750000e+04,2.151875000000000000e+02,3.469067382812500000e+03,2.852399945259094238e-01,3.732894062995910645e-01,1.287728399038314819e-01,2.040321528911590576e-01,-1.204532271296906032e+02,5.326840252420027788e+00,9.947196600237191433e+01,-9.328530012860117893e+01,0.000000000000000000e+00,0.000000000000000000e+00,2.852399945259094238e-01,3.732894062995910645e-01,1.287728399038314819e-01,2.040321528911590576e-01,9.406543750000000000e+04,4.838891015625000000e+04,5.120109375000000000e+04,7.193490625000000000e+04,-3.219785896578509361e+07
1.677000000000000046e+00,3.960052931713333635e+01,-7.959114148259728516e+00,-9.722323890014807546e+01,-1.216867675781250000e+04,2.203633575439453125e+02,3.451577880859375000e+03,2.841051518917083740e-01,3.857953548431396484e-01,1.379005312919616699e-01,2.126041650772094727e-01,-1.328858294457345153e+02,7.959114148259728516e+00,9.722323890014807546e+01,-9.328530012860117893e+01,0.000000000000000000e+00,0.000000000000000000e+00,2.841051518917083740e-01,3.857953548431396484e-01,1.379005312919616699e-01,2.126041650772094727e-01,9.411589062500000000e+04,4.850439843750000000e+04,5.109789453125000000e+04,7.191916406250000000e+04,-3.220894287338755280e+07
1.677999999999999936e+00,5.218543911371564548e+01,-1.005593693995661120e+01,-9.443282610357124440e+01,-1.214417578125000000e+04,2.156707916259765625e+02,3.462625244140625000e+03,2.836454510688781738e-01,3.986240625381469727e-01,1.450730264186859131e-01,2.196755260229110718e-01,-1.454707392423168244e+02,1.005593693995661120e+01,9.443282610357124440e+01,-9.328530012860117893e+01,0.000000000000000000e+00,0.000000000000000000e+00,2.836454510688781738e-01,3.986240625381469727e-01,1.450730264186859131e-01,2.196755260229110718e-01,9.416281250000000000e+04,4.861546875000000000e+04,5.106482421875000000e+04,7.197281250000000000e+04,-3.222068487395669147e+07
1.679000000000000048e+00,6.491536315457226181e+01,-1.150381093319283821e+01,-9.124016513688410157e+01,-1.212891113281250000e+04,2.046556396484375000e+02,3.454702636718750000e+03,2.789751887321472168e-01,4.091649949550628662e-01,1.498819142580032349e-01,2.276029735803604126e-01,-1.582006632831734407e+02,1.150381093319283821e+01,9.124016513688410157e+01,-9.328530012860117893e+01,0.000000000000000000e+00,0.000000000000000000e+00,2.789751887321472168e-01,4.091649949550628662e-01,1.498819142580032349e-01,2.276029735803604126e-01,9.420152343750000000e+04,4.872952343750000000e+04,5.109215234375000000e+04,7.207502343750000000e+04,-3.223335598373037577e+07
1.679999999999999938e+00,7.777434866698196458e+01,-1.223722542193824125e+01,-8.775669675797836078e+01,-1.213845996093750000e+04,1.969507446289062500e+02,3.487900634765625000e+03,2.722288966178894043e-01,4.190964400768280029e-01,1.500046998262405396e-01,2.343762516975402832e-01,-1.710596487955831435e+02,1.223722542193824125e+01,8.775669675797836078e+01,-9.328530012860117893e+01,0.000000000000000000e+00,0.000000000000000000e+00,2.722288966178894043e-01,4.190964400768280029e-01,1.500046998262405396e-01,2.343762516975402832e-01,9.421393750000000000e+04,4.883650390625000000e+04,5.114944921875000000e+04,7.219329687500000000e+04,-3.224725582055284828e+07
1.681000000000000050e+00,-2.692951005875705164e+02,-1.219099683150191282e+01,-8.420717193662464695e+01,-1.217563867187500000e+04,1.963541107177734375e+02,3.470455566406250000e+03,2.602153420448303223e-01,4.269230365753173828e-01,1.459077894687652588e-01,2.405397444963455200e-01,1.760098004589693232e+02,1.219099683150191282e+01,8.420717193662464695e+01,-9.328530012860117893e+01,0.000000000000000000e+00,0.000000000000000000e+00,2.602153420448303223e-01,4.269230365753173828e-01,1.459077894687652588e-01,2.405397444963455200e-01,9.416977343750000000e+04,4.895152343750000000e+04,5.121481640625000000e+04,7.230260156250000000e+04,-3.232701513996262848e+07
1.681999999999999940e+00,-2.563739406262404827e+02,-1.136241917772874288e+01,-8.077632025035748597e+01,-1.221699609375000000e+04,2.057483825683593750e+02,3.459725585937500000e+03,2.832048535346984863e-01,-3.298752754926681519e-02,3.187267184257507324e-01,2.736268639564514160e-01,1.630886404976393180e+02,1.136241917772874288e+01,8.077632025035748597e+01,-9.328530012860117893e+01,0.000000000000000000e+00,0.000000000000000000e+00,2.832048535346984863e-01,0.000000000000000000e+00,3.187267184257507324e-01,2.736268639564514160e-01,9.404234375000000000e+04,4.906566796875000000e+04,5.124579296875000000e+04,7.241310156250000000e+04,-3.239939665587761253e+07
1.683000000000000052e+00,-2.435553612054061432e+02,-9.800341137307055916e+00,-7.764319755314211591e+01,-1.223934179687500000e+04,2.152349700927734375e+02,3.453113281250000000e+03,2.781009078025817871e-01,-2.254363149404525757e-02,3.252201080322265625e-01,2.788293361663818359e-01,1.502700610768049501e+02,9.800341137307055916e+00,7.764319755314211591e+01,-9.328530012860117893e+01,0.000000000000000000e+00,0.000000000000000000e+00,2.781009078025817871e-01,0.000000000000000000e+00,3.252201080322265625e-01,2.788293361663818359e-01,9.408148437500000000e+04,4.884201953125000000e+04,5.135980859375000000e+04,7.252453125000000000e+04,-3.246484038266219199e+07
1.683999999999999941e+00,-2.309115881842152476e+02,-7.588764811953816469e+00,-7.494804868377386242e+01,-1.223248339843750000e+04,2.201022338867187500e+02,3.461957275390625000e+03,2.736975550651550293e-01,-9.757358580827713013e-03,3.296912908554077148e-01,2.822052240371704102e-01,1.376262880556140544e+02,7.588764811953816469e+00,7.494804868377386242e+01,-9.328530012860117893e+01,0.000000000000000000e+00,0.000000000000000000e+00,2.736975550651550293e-01,0.000000000000000000e+00,3.296912908554077148e-01,2.822052240371704102e-01,9.408595312500000000e+04,4.861572656250000000e+04,5.147115234375000000e+04,7.263903125000000000e+04,-3.252383534357282519e+07
1.685000000000000053e+00,-2.184697713138462518e+02,-4.824158733915163921e+00,-7.278374198019287178e+01,-1.220392578125000000e+04,2.146738891601562500e+02,3.503145751953125000e+03,2.697077691555023193e-01,5.226342007517814636e-03,3.316713273525238037e-01,2.836564481258392334e-01,1.251844711852450871e+02,4.824158733915163921e+00,7.278374198019287178e+01,-9.328530012860117893e+01,0.000000000000000000e+00,0.000000000000000000e+00,2.697077691555023193e-01,5.226342007517814636e-03,3.316713273525238037e-01,2.836564481258392334e-01,9.406553906250000000e+04,4.838385546875000000e+04,5.157697265625000000e+04,7.275851562500000000e+04,-3.257688513015487790e+07
1.685999999999999943e+00,-2.062005994850781576e+02,-1.673680680788837805e+00,-7.126107504526943615e+01,-1.217905175781250000e+04,2.009300994873046875e+02,3.498829589843750000e+03,2.652384042739868164e-01,2.232688292860984802e-02,3.310017287731170654e-01,2.833587825298309326e-01,1.129152993564769929e+02,1.673680680788837805e+00,7.126107504526943615e+01,-9.328530012860117893e+01,0.000000000000000000e+00,0.000000000000000000e+00,2.652384042739868164e-01,2.232688292860984802e-02,3.310017287731170654e-01,2.833587825298309326e-01,9.400907812500000000e+04,4.815916015625000000e+04,5.169015234375000000e+04,7.286999218750000000e+04,-3.262448475940651074e+07
1.687000000000000055e+00,-1.940253162933604472e+02,1.738938148008288165e+00,-7.042640171911573077e+01,-1.217194238281250000e+04,1.892212371826171875e+02,3.514713867187500000e+03,2.638477087020874023e-01,3.983863070607185364e-02,3.275408744812011719e-01,2.810597717761993408e-01,1.007400161647592824e+02,-1.738938148008288165e+00,7.042640171911573077e+01,-9.328530012860117893e+01,0.000000000000000000e+00,0.000000000000000000e+00,2.638477087020874023e-01,3.983863070607185364e-02,3.275408744812011719e-01,2.810597717761993408e-01,9.392618750000000000e+04,4.793107421875000000e+04,5.179964843750000000e+04,7.298496093750000000e+04,-3.266709348473423347e+07
1.687999999999999945e+00,-1.818396283659647565e+02,5.232223994693143254e+00,-7.032729330771223886e+01,-1.218794140625000000e+04,1.847570800781250000e+02,3.496405761718750000e+03,2.620894312858581543e-01,6.005067750811576843e-02,3.210512697696685791e-01,2.763400673866271973e-01,8.855432823736356340e+01,-5.232223994693143254e+00,7.032729330771223886e+01,-9.328530012860117893e+01,0.000000000000000000e+00,0.000000000000000000e+00,2.620894312858581543e-01,6.005067750811576843e-02,3.210512697696685791e-01,2.763400673866271973e-01,9.382919531250000000e+04,4.770932031250000000e+04,5.191485546875000000e+04,7.309460937500000000e+04,-3.270513243953042477e+07
1.689000000000000057e+00,-1.695464786755401292e+02,8.690858929148365775e+00,-7.098528812272145672e+01,-1.220950976562500000e+04,1.909235687255859375e+02,3.521250244140625000e+03,2.626191675662994385e-01,8.205223083496093750e-02,3.110359609127044678e-01,2.685532569885253906e-01,7.626117854693895026e+01,-8.690858929148365775e+00,7.098528812272145672e+01,-9.328530012860117893e+01,0.000000000000000000e+00,0.000000000000000000e+00,2.626191675662994385e-01,8.205223083496093750e-02,3.110359609127044678e-01,2.685532569885253906e-01,9.372918750000000000e+04,4.748037890625000000e+04,5.202328906250000000e+04,7.321175781250000000e+04,-3.273899289012049139e+07
1.689999999999999947e+00,-1.570717781979636243e+02,1.193754943847083005e+01,-7.239836790822481305e+01,-1.221771191406250000e+04,1.980423583984375000e+02,3.532898193359375000e+03,2.614167928695678711e-01,1.073631867766380310e-01,2.972411215305328369e-01,2.578937709331512451e-01,6.378647806936245956e+01,-1.193754943847083005e+01,7.239836790822481305e+01,-9.328530012860117893e+01,0.000000000000000000e+00,0.000000000000000000e+00,2.614167928695678711e-01,1.073631867766380310e-01,2.972411215305328369e-01,2.578937709331512451e-01,9.363333593750000000e+04,4.725341796875000000e+04,5.213424218750000000e+04,7.332605468750000000e+04,-3.276904846238913387e+07
1.691000000000000059e+00,-1.443769999072312942e+02,1.480532114366965502e+01,-7.452289606896016494e+01,-1.219937597656250000e+04,1.993634643554687500e+02,3.535934326171875000e+03,2.616358995437622070e-01,1.336005032062530518e-01,2.794729173183441162e-01,2.445634752511978149e-01,5.109169977863012235e+01,-1.480532114366965502e+01,7.452289606896016494e+01,-9.328530012860117893e+01,0.000000000000000000e+00,0.000000000000000000e+00,2.616358995437622070e-01,1.336005032062530518e-01,2.794729173183441162e-01,2.445634752511978149e-01,9.352929687500000000e+04,4.706681640625000000e+04,5.224659765625000000e+04,7.343879687500000000e+04,-3.279566604006401822e+07
1.691999999999999948e+00,-1.314550100999684048e+02,1.715392551671214250e+01,-7.727778706472808778e+01,-1.215941308593750000e+04,1.900468902587890625e+02,3.541177978515625000e+03,2.632315754890441895e-01,1.597881317138671875e-01,2.582481503486633301e-01,2.294437140226364136e-01,3.816970997136722588e+01,-1.715392551671214250e+01,7.727778706472808778e+01,-9.328530012860117893e+01,0.000000000000000000e+00,0.000000000000000000e+00,2.632315754890441895e-01,1.597881317138671875e-01,2.582481503486633301e-01,2.294437140226364136e-01,9.343039843750000000e+04,4.709522656250000000e+04,5.235845703125000000e+04,7.355210156250000000e+04,-3.281921257327865437e+07
1.693000000000000060e+00,-1.183238876976306386e+02,1.885428935164496167e+01,-8.053028435157476395e+01,-1.212163574218750000e+04,1.735896759033203125e+02,3.531939453125000000e+03,2.655825912952423096e-01,1.851152181625366211e-01,2.347343266010284424e-01,2.138587087392807007e-01,2.503858756902945970e+01,-1.885428935164496167e+01,8.053028435157476395e+01,-9.328530012860117893e+01,0.000000000000000000e+00,0.000000000000000000e+00,2.655825912952423096e-01,1.851152181625366211e-01,2.347343266010284424e-01,2.138587087392807007e-01,9.334207031250000000e+04,4.720967187500000000e+04,5.247258593750000000e+04,7.366353125000000000e+04,-3.284005372660323605e+07
1.693999999999999950e+00,-1.050141736001681068e+02,1.982509186965868508e+01,-8.415626583069195021e+01,-1.210461425781250000e+04,1.583870391845703125e+02,3.559436035156250000e+03,2.693597078323364258e-01,2.091603577136993408e-01,2.101530730724334717e-01,1.985563635826110840e-01,1.172887347156692073e+01,-1.982509186965868508e+01,8.415626583069195021e+01,-9.328530012860117893e+01,0.000000000000000000e+00,0.000000000000000000e+00,2.693597078323364258e-01,2.091603577136993408e-01,2.101530730724334717e-01,1.985563635826110840e-01,9.327943750000000000e+04,4.731785156250000000e+04,5.258032812500000000e+04,7.368833593750000000e+04,-3.285855701460636780e+07
1.695000000000000062e+00,-9.161536122936442439e+01,1.998665615425931108e+01,-8.791266326948422716e+01,-1.211559667968750000e+04,1.490299072265625000e+02,3.539039794921875000e+03,2.712572813034057617e-01,2.319756150245666504e-01,1.864396333694458008e-01,1.853557229042053223e-01,-1.669938899236754981e+00,-1.998665615425931108e+01,8.791266326948422716e+01,-9.328530012860117893e+01,0.000000000000000000e+00,0.000000000000000000e+00,2.712572813034057617e-01,2.319756150245666504e-01,1.864396333694458008e-01,1.853557229042053223e-01,9.323639843750000000e+04,4.743375390625000000e+04,5.269582421875000000e+04,7.358953125000000000e+04,-3.287507849180691689e+07
1.695999999999999952e+00,-7.823329477288669409e+01,1.932586587173625858e+01,-9.160743354115365378e+01,-1.213496289062500000e+04,1.478649139404296875e+02,3.545115966796875000e+03,2.759431600570678711e-01,2.534394562244415283e-01,1.638971716165542603e-01,1.733932495117187500e-01,-1.505200535571449016e+01,-1.932586587173625858e+01,9.160743354115365378e+01,-9.328530012860117893e+01,0.000000000000000000e+00,0.000000000000000000e+00,2.759431600570678711e-01,2.534394562244415283e-01,1.638971716165542603e-01,1.733932495117187500e-01,9.321264062500000000e+04,4.754482812500000000e+04,5.280702734375000000e+04,7.339757812500000000e+04,-3.288996435118962824e+07
1.697000000000000064e+00,-6.500346297259201833e+01,1.789023231251885449e+01,-9.499915126945100496e+01,-1.214336816406250000e+04,1.472584686279296875e+02,3.523818603515625000e+03,2.789723873138427734e-01,2.730674147605895996e-01,1.445692330598831177e-01,1.651373505592346191e-01,-2.828183715600915349e+01,-1.789023231251885449e+01,9.499915126945100496e+01,-9.328530012860117893e+01,0.000000000000000000e+00,0.000000000000000000e+00,2.789723873138427734e-01,2.730674147605895996e-01,1.445692330598831177e-01,1.651373505592346191e-01,9.321760937500000000e+04,4.766091015625000000e+04,5.292319921875000000e+04,7.316913281250000000e+04,-3.290353470054217055e+07
1.697999999999999954e+00,-5.201937557495686804e+01,1.575777276916753600e+01,-9.794665828178268896e+01,-1.212681054687500000e+04,1.422840881347656250e+02,3.540145263671875000e+03,2.833487093448638916e-01,2.907478213310241699e-01,1.285822093486785889e-01,1.601476967334747314e-01,-4.126592455364431089e+01,-1.575777276916753600e+01,9.794665828178268896e+01,-9.328530012860117893e+01,0.000000000000000000e+00,0.000000000000000000e+00,2.833487093448638916e-01,2.907478213310241699e-01,1.285822093486785889e-01,1.601476967334747314e-01,9.325000000000000000e+04,4.777110546875000000e+04,5.289910937500000000e+04,7.294719531250000000e+04,-3.291608257124859095e+07
1.699000000000000066e+00,-3.933235827901516757e+01,1.306269898431504650e+01,-1.003084042741147215e+02,-1.209518652343750000e+04,1.273594665527343750e+02,3.539058593750000000e+03,2.850307226181030273e-01,3.053260445594787598e-01,1.175632625818252563e-01,1.606815159320831299e-01,-5.395294184958601136e+01,-1.306269898431504650e+01,1.003084042741147215e+02,-9.328530012860117893e+01,0.000000000000000000e+00,0.000000000000000000e+00,2.850307226181030273e-01,3.053260445594787598e-01,1.175632625818252563e-01,1.606815159320831299e-01,9.330964062500000000e+04,4.788400781250000000e+04,5.275166406250000000e+04,7.272170312500000000e+04,-3.292786201572915539e+07
1.699999999999999956e+00,-2.692254183400338263e+01,9.953320019797532225e+00,-1.020025651944063583e+02,-1.206786425781250000e+04,1.072041473388671875e+02,3.529581542968750000e+03,2.867886424064636230e-01,3.175742626190185547e-01,1.109495908021926880e-01,1.652322858572006226e-01,-6.636275829459779629e+01,-9.953320019797532225e+00,1.020025651944063583e+02,-9.328530012860117893e+01,0.000000000000000000e+00,0.000000000000000000e+00,2.867886424064636230e-01,3.175742626190185547e-01,1.109495908021926880e-01,1.652322858572006226e-01,9.337778906250000000e+04,4.799802734375000000e+04,5.252835156250000000e+04,7.249473437500000000e+04,-3.293909043087361380e+07
1.701000000000000068e+00,-1.471367986796663274e+01,6.571210261499061289e+00,-1.029891096295788770e+02,-1.206323144531250000e+04,8.791157531738281250e+01,3.525582275390625000e+03,2.877241969108581543e-01,3.281841576099395752e-01,1.087120398879051208e-01,1.731543540954589844e-01,-7.857162026063454618e+01,-6.571210261499061289e+00,1.029891096295788770e+02,-9.328530012860117893e+01,0.000000000000000000e+00,0.000000000000000000e+00,2.877241969108581543e-01,3.281841576099395752e-01,1.087120398879051208e-01,1.731543540954589844e-01,9.345823437500000000e+04,4.811078125000000000e+04,5.230400781250000000e+04,7.226884375000000000e+04,-3.294995686075546592e+07
1.701999999999999957e+00,-2.600829102727743702e+00,3.078208335240856020e+00,-1.032409033921198898e+02,-1.208789257812500000e+04,7.732860565185546875e+01,3.507657958984375000e+03,2.870395183563232422e-01,3.378245830535888672e-01,1.107565686106681824e-01,1.836903095245361328e-01,-9.068447102587343522e+01,-3.078208335240856020e+00,1.032409033921198898e+02,-9.328530012860117893e+01,0.000000000000000000e+00,0.000000000000000000e+00,2.870395183563232422e-01,3.378245830535888672e-01,1.107565686106681824e-01,1.836903095245361328e-01,9.354028125000000000e+04,4.822633984375000000e+04,5.208174218750000000e+04,7.204111718750000000e+04,-3.296063178456726298e+07
1.703000000000000069e+00,9.517693535415915562e+00,-4.120644387967978828e-01,-1.027506874758226019e+02,-1.212610742187500000e+04,7.705623626708984375e+01,3.530247314453125000e+03,2.864454388618469238e-01,3.482480049133300781e-01,1.159219965338706970e-01,1.945296376943588257e-01,-1.028029936640170945e+02,4.120644387967978828e-01,1.027506874758226019e+02,-9.328530012860117893e+01,0.000000000000000000e+00,0.000000000000000000e+00,2.864454388618469238e-01,3.482480049133300781e-01,1.159219965338706970e-01,1.945296376943588257e-01,9.362314843750000000e+04,4.833548828125000000e+04,5.185244531250000000e+04,7.187625781250000000e+04,-3.297128024463135377e+07
1.703999999999999959e+00,2.172434555470017870e+01,-3.705985869814493405e+00,-1.015369302088044208e+02,-1.215921972656250000e+04,8.057888793945312500e+01,3.515780273437500000e+03,2.835747003555297852e-01,3.584620356559753418e-01,1.245933994650840759e-01,2.062916904687881470e-01,-1.150096456833013576e+02,3.705985869814493405e+00,1.015369302088044208e+02,-9.328530012860117893e+01,0.000000000000000000e+00,0.000000000000000000e+00,2.835747003555297852e-01,3.584620356559753418e-01,1.245933994650840759e-01,2.062916904687881470e-01,9.369305468750000000e+04,4.845062890625000000e+04,5.162966015625000000e+04,7.179084375000000000e+04,-3.298207567434863001e+07
1.705000000000000071e+00,3.406542175785487814e+01,-6.678621230645768847e+00,-9.963589870785969538e+01,-1.216512109375000000e+04,8.119248199462890625e+01,3.529909667968750000e+03,2.836423814296722412e-01,3.707332313060760498e-01,1.337674856185913086e-01,2.156880944967269897e-01,-1.273507218864560571e+02,6.678621230645768847e+00,9.963589870785969538e+01,-9.328530012860117893e+01,0.000000000000000000e+00,0.000000000000000000e+00,2.836423814296722412e-01,3.707332313060760498e-01,1.337674856185913086e-01,2.156880944967269897e-01,9.374642187500000000e+04,4.856075390625000000e+04,5.147750781250000000e+04,7.180067187500000000e+04,-3.299320804360103607e+07
1.705999999999999961e+00,4.656179455399437472e+01,-9.166091503833166954e+00,-9.714708101736690082e+01,-1.214941992187500000e+04,7.032925415039062500e+01,3.507723632812500000e+03,2.819705307483673096e-01,3.822172582149505615e-01,1.433075517416000366e-01,2.251149863004684448e-01,-1.398470946825955536e+02,9.166091503833166954e+00,9.714708101736690082e+01,-9.328530012860117893e+01,0.000000000000000000e+00,0.000000000000000000e+00,2.819705307483673096e-01,3.822172582149505615e-01,1.433075517416000366e-01,2.251149863004684448e-01,9.379270312500000000e+04,4.867654296875000000e+04,5.140843750000000000e+04,7.187442187500000000e+04,-3.300489761689677462e+07
1.707000000000000073e+00,5.921952740869956244e+01,-1.107160993847953634e+01,-9.416025460515422196e+01,-1.212900390625000000e+04,5.426335906982421875e+01,3.509825195312500000e+03,2.809504270553588867e-01,3.940688669681549072e-01,1.500798314809799194e-01,2.331609576940536499e-01,-1.525048275373007414e+02,1.107160993847953634e+01,9.416025460515422196e+01,-9.328530012860117893e+01,0.000000000000000000e+00,0.000000000000000000e+00,2.809504270553588867e-01,3.940688669681549072e-01,1.500798314809799194e-01,2.331609576940536499e-01,9.383010156250000000e+04,4.878862500000000000e+04,5.141239062500000000e+04,7.198764062500000000e+04,-3.301739330341722071e+07
1.707999999999999963e+00,7.202890765202387513e+01,-1.229698209812454834e+01,-9.081104658559829090e+01,-1.212710351562500000e+04,3.733993148803710938e+01,3.507502197265625000e+03,2.753857970237731934e-01,4.040517210960388184e-01,1.537693738937377930e-01,2.416026294231414795e-01,-1.653142077806250541e+02,1.229698209812454834e+01,9.081104658559829090e+01,-9.328530012860117893e+01,0.000000000000000000e+00,0.000000000000000000e+00,2.753857970237731934e-01,4.040517210960388184e-01,1.537693738937377930e-01,2.416026294231414795e-01,9.385918750000000000e+04,4.890192187500000000e+04,5.147012890625000000e+04,7.210015625000000000e+04,-3.303097932890545949e+07
1.709000000000000075e+00,8.495594055636964015e+01,-1.276743600599264816e+01,-8.727075232672117977e+01,-1.215483398437500000e+04,2.883350753784179688e+01,3.494218505859375000e+03,2.668376564979553223e-01,4.133087694644927979e-01,1.527215838432312012e-01,2.488484680652618408e-01,-1.782412406849708191e+02,1.276743600599264816e+01,8.727075232672117977e+01,-9.328530012860117893e+01,0.000000000000000000e+00,0.000000000000000000e+00,2.668376564979553223e-01,4.133087694644927979e-01,1.527215838432312012e-01,2.488484680652618408e-01,9.384611718750000000e+04,4.901692187500000000e+04,5.155700000000000000e+04,7.221023437500000000e+04,-3.304597603237511590e+07
1.709999999999999964e+00,-2.620651517225570046e+02,-1.245002301544054646e+01,-8.370862777382565412e+01,-1.219730761718750000e+04,2.959313583374023438e+01,3.497118652343750000e+03,2.564452886581420898e-01,4.227002263069152832e-01,1.460864394903182983e-01,2.531758248805999756e-01,1.687798515939558115e+02,1.245002301544054646e+01,8.370862777382565412e+01,-9.328530012860117893e+01,0.000000000000000000e+00,0.000000000000000000e+00,2.564452886581420898e-01,4.227002263069152832e-01,1.460864394903182983e-01,2.531758248805999756e-01,9.383686718750000000e+04,4.912903906250000000e+04,5.163880859375000000e+04,7.232297656250000000e+04,-3.312181631355934590e+07
1.711000000000000076e+00,-2.491331716039152298e+02,-1.136555404540822245e+01,-8.034693200203965091e+01,-1.223438769531250000e+04,3.364840698242187500e+01,3.469872802734375000e+03,2.790470123291015625e-01,-3.749311342835426331e-02,3.257695436477661133e-01,2.841603755950927734e-01,1.558478714753140650e+02,1.136555404540822245e+01,8.034693200203965091e+01,-9.328530012860117893e+01,0.000000000000000000e+00,0.000000000000000000e+00,2.790470123291015625e-01,0.000000000000000000e+00,3.257695436477661133e-01,2.841603755950927734e-01,9.368753125000000000e+04,4.924578125000000000e+04,5.166350000000000000e+04,7.243085937500000000e+04,-3.319046845605367050e+07
1.711999999999999966e+00,-2.363354705508121469e+02,-9.562115285053797820e+00,-7.731026942353594222e+01,-1.224222265625000000e+04,3.483718490600585938e+01,3.494842041015625000e+03,2.749332487583160400e-01,-2.734022960066795349e-02,3.316464126110076904e-01,2.892911434173583984e-01,1.430501704222109822e+02,9.562115285053797820e+00,7.731026942353594222e+01,-9.328530012860117893e+01,0.000000000000000000e+00,0.000000000000000000e+00,2.749332487583160400e-01,0.000000000000000000e+00,3.316464126110076904e-01,2.892911434173583984e-01,9.371129687500000000e+04,4.901614453125000000e+04,5.177198046875000000e+04,7.254792968750000000e+04,-3.325239122250120714e+07
1.713000000000000078e+00,-2.237375516390616212e+02,-7.160497502802764203e+00,-7.476957600941825888e+01,-1.222456933593750000e+04,2.664499282836914062e+01,3.482907714843750000e+03,2.692705988883972168e-01,-1.400644332170486450e-02,3.352946043014526367e-01,2.925209105014801025e-01,1.304522515104604565e+02,7.160497502802764203e+00,7.476957600941825888e+01,-9.328530012860117893e+01,0.000000000000000000e+00,0.000000000000000000e+00,2.692705988883972168e-01,0.000000000000000000e+00,3.352946043014526367e-01,2.925209105014801025e-01,9.369891406250000000e+04,4.879326171875000000e+04,5.188688671875000000e+04,7.265877343750000000e+04,-3.330809147673576325e+07
1.713999999999999968e+00,-2.113408988488265265e+02,-4.272502133824603199e+00,-7.281029301627378914e+01,-1.219765332031250000e+04,1.384332084655761719e+01,3.490874023437500000e+03,2.665250301361083984e-01,-3.609061241149902344e-05,3.365615606307983398e-01,2.941203415393829346e-01,1.180555987202253476e+02,4.272502133824603199e+00,7.281029301627378914e+01,-9.328530012860117893e+01,0.000000000000000000e+00,0.000000000000000000e+00,2.665250301361083984e-01,0.000000000000000000e+00,3.365615606307983398e-01,2.941203415393829346e-01,9.365023437500000000e+04,4.856718359375000000e+04,5.199839843750000000e+04,7.277233593750000000e+04,-3.335807604530559108e+07
1.715000000000000080e+00,-1.990922988007552590e+02,-1.057708755408759194e+00,-7.151409654703064689e+01,-1.218458789062500000e+04,-5.919923782348632812e-01,3.472221435546875000e+03,2.638199329376220703e-01,1.621620170772075653e-02,3.351448774337768555e-01,2.936877906322479248e-01,1.058069986721540658e+02,1.057708755408759194e+00,7.151409654703064689e+01,-9.328530012860117893e+01,0.000000000000000000e+00,0.000000000000000000e+00,2.638199329376220703e-01,1.621620170772075653e-02,3.351448774337768555e-01,2.936877906322479248e-01,9.357892968750000000e+04,4.834534375000000000e+04,5.211420703125000000e+04,7.288151562500000000e+04,-3.340282917350010946e+07
1.715999999999999970e+00,-1.868996574261671526e+02,2.357346801825724647e+00,-7.092155182171667605e+01,-1.219564062500000000e+04,-8.097050666809082031e+00,3.472602539062500000e+03,2.633141279220581055e-01,3.392183408141136169e-02,3.309409618377685547e-01,2.910218238830566406e-01,9.361435729756598789e+01,-2.357346801825724647e+00,7.092155182171667605e+01,-9.328530012860117893e+01,0.000000000000000000e+00,0.000000000000000000e+00,2.633141279220581055e-01,3.392183408141136169e-02,3.309409618377685547e-01,2.910218238830566406e-01,9.349286718750000000e+04,4.812000390625000000e+04,5.222667187500000000e+04,7.299409375000000000e+04,-3.344279607904287428e+07
1.717000000000000082e+00,-1.746641313768607517e+02,5.841558737187352968e+00,-7.106642759120417452e+01,-1.222139257812500000e+04,-7.813004016876220703e+00,3.493820800781250000e+03,2.624353468418121338e-01,5.475978925824165344e-02,3.235516846179962158e-01,2.856043577194213867e-01,8.137883124825957282e+01,-5.841558737187352968e+00,7.106642759120417452e+01,-9.328530012860117893e+01,0.000000000000000000e+00,0.000000000000000000e+00,2.624353468418121338e-01,5.475978925824165344e-02,3.235516846179962158e-01,2.856043577194213867e-01,9.340939843750000000e+04,4.789091796875000000e+04,5.233535546875000000e+04,7.311064843750000000e+04,-3.347838819877156243e+07
1.717999999999999972e+00,-1.622994983813864280e+02,9.213486395350221514e+00,-7.196262176979210778e+01,-1.224338769531250000e+04,-2.425009965896606445e+00,3.493628173828125000e+03,2.609733045101165771e-01,7.860794663429260254e-02,3.125113546848297119e-01,2.772570252418518066e-01,6.901419825278524911e+01,-9.213486395350221514e+00,7.196262176979210778e+01,-9.328530012860117893e+01,0.000000000000000000e+00,0.000000000000000000e+00,2.609733045101165771e-01,7.860794663429260254e-02,3.125113546848297119e-01,2.772570252418518066e-01,9.331739062500000000e+04,4.766598828125000000e+04,5.244746484375000000e+04,7.322318750000000000e+04,-3.350999283320995048e+07
1.719000000000000083e+00,-1.497509616247583608e+02,1.232343106610579930e+01,-7.359553374196269715e+01,-1.223950488281250000e+04,1.821793794631958008e+00,3.505863037109375000e+03,2.614149451255798340e-01,1.039829701185226440e-01,2.973921597003936768e-01,2.658592164516448975e-01,5.646566149615718899e+01,-1.232343106610579930e+01,7.359553374196269715e+01,-9.328530012860117893e+01,0.000000000000000000e+00,0.000000000000000000e+00,2.614149451255798340e-01,1.039829701185226440e-01,2.973921597003936768e-01,2.658592164516448975e-01,9.321999218750000000e+04,4.743921484375000000e+04,5.255778125000000000e+04,7.333743750000000000e+04,-3.353798635325749591e+07
1.719999999999999973e+00,-1.369949893391787441e+02,1.498760084451755503e+01,-7.588451005267886273e+01,-1.221163281250000000e+04,-2.915805339813232422e+00,3.477041748046875000e+03,2.620630264282226562e-01,1.304734647274017334e-01,2.783880531787872314e-01,2.521985471248626709e-01,4.370968921057756518e+01,-1.498760084451755503e+01,7.588451005267886273e+01,-9.328530012860117893e+01,0.000000000000000000e+00,0.000000000000000000e+00,2.620630264282226562e-01,1.304734647274017334e-01,2.783880531787872314e-01,2.521985471248626709e-01,9.312048437500000000e+04,4.722657421875000000e+04,5.267536718750000000e+04,7.344497656250000000e+04,-3.356273706740655005e+07
1.721000000000000085e+00,-1.240218694863121698e+02,1.710741350640557457e+01,-7.876339519939472211e+01,-1.217325195312500000e+04,-1.391956329345703125e+01,3.491794921875000000e+03,2.660424709320068359e-01,1.561406850814819336e-01,2.560603320598602295e-01,2.368457019329071045e-01,3.073656935771098375e+01,-1.710741350640557457e+01,7.876339519939472211e+01,-9.328530012860117893e+01,0.000000000000000000e+00,0.000000000000000000e+00,2.660424709320068359e-01,1.561406850814819336e-01,2.560603320598602295e-01,2.368457019329071045e-01,9.303571093750000000e+04,4.722470312500000000e+04,5.278583203125000000e+04,7.356022656250000000e+04,-3.358461482753764838e+07
1.721999999999999975e+00,-1.108528805135589437e+02,1.855201127079469714e+01,-8.207459589423623925e+01,-1.215108789062500000e+04,-2.805200958251953125e+01,3.473682861328125000e+03,2.681635022163391113e-01,1.815960109233856201e-01,2.321007698774337769e-01,2.217330336570739746e-01,1.756758038495776120e+01,-1.855201127079469714e+01,8.207459589423623925e+01,-9.328530012860117893e+01,0.000000000000000000e+00,0.000000000000000000e+00,2.681635022163391113e-01,1.815960109233856201e-01,2.321007698774337769e-01,2.217330336570739746e-01,9.297534375000000000e+04,4.733988281250000000e+04,5.290166796875000000e+04,7.367012500000000000e+04,-3.360398360506919771e+07
1.723000000000000087e+00,-9.753152821759178437e+01,1.924174903213013721e+01,-8.566736156483837306e+01,-1.215370019531250000e+04,-3.395470809936523438e+01,3.474662841796875000e+03,2.726515531539916992e-01,2.057420909404754639e-01,2.073403596878051758e-01,2.068484425544738770e-01,4.246228088990609884e+00,-1.924174903213013721e+01,8.566736156483837306e+01,-9.328530012860117893e+01,0.000000000000000000e+00,0.000000000000000000e+00,2.726515531539916992e-01,2.057420909404754639e-01,2.073403596878051758e-01,2.068484425544738770e-01,9.293471875000000000e+04,4.745253906250000000e+04,5.301420703125000000e+04,7.374828906250000000e+04,-3.362120514580895007e+07
1.723999999999999977e+00,-8.415622917378620116e+01,1.912713081499907375e+01,-8.930889384534653175e+01,-1.217463183593750000e+04,-3.209181594848632812e+01,3.447484130859375000e+03,2.760959267616271973e-01,2.290332913398742676e-01,1.835421472787857056e-01,1.936632990837097168e-01,-9.129070954814972438e+00,-1.912713081499907375e+01,8.930889384534653175e+01,-9.328530012860117893e+01,0.000000000000000000e+00,0.000000000000000000e+00,2.760959267616271973e-01,2.290332913398742676e-01,1.835421472787857056e-01,1.936632990837097168e-01,9.292219531250000000e+04,4.756990234375000000e+04,5.313128906250000000e+04,7.370928906250000000e+04,-3.363662934237079322e+07
1.725000000000000089e+00,-7.083718485015486976e+01,1.821317706682520310e+01,-9.281384248909944290e+01,-1.219301757812500000e+04,-2.433123397827148438e+01,3.450327880859375000e+03,2.812117040157318115e-01,2.509618401527404785e-01,1.614646464586257935e-01,1.823245733976364136e-01,-2.244811527844630561e+01,-1.821317706682520310e+01,9.281384248909944290e+01,-9.328530012860117893e+01,0.000000000000000000e+00,0.000000000000000000e+00,2.812117040157318115e-01,2.509618401527404785e-01,1.614646464586257935e-01,1.823245733976364136e-01,9.293893750000000000e+04,4.768205078125000000e+04,5.324311328125000000e+04,7.357727343750000000e+04,-3.365059337830474973e+07
1.725999999999999979e+00,-5.769160654873407879e+01,1.655164723833058815e+01,-9.599728505986037419e+01,-1.219049609375000000e+04,-2.140320777893066406e+01,3.469052978515625000e+03,2.842864692211151123e-01,2.708104550838470459e-01,1.429344266653060913e-01,1.749935150146484375e-01,-3.559369357986710014e+01,-1.655164723833058815e+01,9.599728505986037419e+01,-9.328530012860117893e+01,0.000000000000000000e+00,0.000000000000000000e+00,2.842864692211151123e-01,2.708104550838470459e-01,1.429344266653060913e-01,1.749935150146484375e-01,9.299442187500000000e+04,4.779111328125000000e+04,5.334250390625000000e+04,7.336528125000000000e+04,-3.366341113553608954e+07
1.727000000000000091e+00,-4.480760633318559627e+01,1.425564478553826930e+01,-9.868056843595331884e+01,-1.216731054687500000e+04,-2.734089851379394531e+01,3.465084228515625000e+03,2.860792279243469238e-01,2.876672446727752686e-01,1.287225186824798584e-01,1.724801510572433472e-01,-4.847769379541558266e+01,-1.425564478553826930e+01,9.868056843595331884e+01,-9.328530012860117893e+01,0.000000000000000000e+00,0.000000000000000000e+00,2.860792279243469238e-01,2.876672446727752686e-01,1.287225186824798584e-01,1.724801510572433472e-01,9.304421093750000000e+04,4.790402734375000000e+04,5.344343359375000000e+04,7.315396875000000000e+04,-3.367535993511649221e+07
1.727999999999999980e+00,-3.220722918928597522e+01,1.146220515378859339e+01,-1.007542591353794847e+02,-1.213502441406250000e+04,-4.086856460571289062e+01,3.454341308593750000e+03,2.885582149028778076e-01,3.020173907279968262e-01,1.186496093869209290e-01,1.739591807126998901e-01,-6.107807093931520370e+01,-1.146220515378859339e+01,1.007542591353794847e+02,-9.328530012860117893e+01,0.000000000000000000e+00,0.000000000000000000e+00,2.885582149028778076e-01,3.020173907279968262e-01,1.186496093869209290e-01,1.739591807126998901e-01,9.311401562500000000e+04,4.801868750000000000e+04,5.339834765625000000e+04,7.292675781250000000e+04,-3.368668004360944778e+07
1.729000000000000092e+00,-1.984506916088398043e+01,8.349477192493587552e+00,-1.021394737222406661e+02,-1.212020996093750000e+04,-5.553216934204101562e+01,3.404508056640625000e+03,2.903470396995544434e-01,3.141967952251434326e-01,1.129912286996841431e-01,1.793430298566818237e-01,-7.344023096771719850e+01,-8.349477192493587552e+00,1.021394737222406661e+02,-9.328530012860117893e+01,0.000000000000000000e+00,0.000000000000000000e+00,2.903470396995544434e-01,3.141967952251434326e-01,1.129912286996841431e-01,1.793430298566818237e-01,9.318742968750000000e+04,4.813980078125000000e+04,5.324835937500000000e+04,7.269318750000000000e+04,-3.369757605624109507e+07
1.729999999999999982e+00,-7.629896686004983053e+00,5.016312437007509395e+00,-1.028207534699761112e+02,-1.213229199218750000e+04,-6.095510864257812500e+01,3.406956054687500000e+03,2.931541502475738525e-01,3.260409832000732422e-01,1.107302829623222351e-01,1.864535510540008545e-01,-8.565540344259619587e+01,-5.016312437007509395e+00,1.028207534699761112e+02,-9.328530012860117893e+01,0.000000000000000000e+00,0.000000000000000000e+00,2.931541502475738525e-01,3.260409832000732422e-01,1.107302829623222351e-01,1.864535510540008545e-01,9.328576562500000000e+04,4.825200390625000000e+04,5.302321875000000000e+04,7.246875781250000000e+04,-3.370823154229913652e+07
1.731000000000000094e+00,4.540553277969181067e+00,1.632064276287823246e+00,-1.027748682350663785e+02,-1.216956933593750000e+04,-5.710877609252929688e+01,3.390454345703125000e+03,2.915799021720886230e-01,3.367506265640258789e-01,1.131884902715682983e-01,1.965105682611465454e-01,-9.782585340657035999e+01,-1.632064276287823246e+00,1.027748682350663785e+02,-9.328530012860117893e+01,0.000000000000000000e+00,0.000000000000000000e+00,2.915799021720886230e-01,3.367506265640258789e-01,1.131884902715682983e-01,1.965105682611465454e-01,9.339536718750000000e+04,4.836694531250000000e+04,5.280112500000000000e+04,7.230842968750000000e+04,-3.371881749609774351e+07
1.731999999999999984e+00,1.675189280104076772e+01,-1.681426144686072988e+00,-1.019980608247087730e+02,-1.220741210937500000e+04,-4.377350997924804688e+01,3.409469238281250000e+03,2.908766567707061768e-01,3.486751616001129150e-01,1.183114275336265564e-01,2.061527073383331299e-01,-1.100371929296419466e+02,1.681426144686072988e+00,1.019980608247087730e+02,-9.328530012860117893e+01,0.000000000000000000e+00,0.000000000000000000e+00,2.908766567707061768e-01,3.486751616001129150e-01,1.183114275336265564e-01,2.061527073383331299e-01,9.351112500000000000e+04,4.847599218750000000e+04,5.257300781250000000e+04,7.223342187500000000e+04,-3.372950455361603945e+07
1.733000000000000096e+00,2.906261522572965816e+01,-4.734005682657490333e+00,-1.005305081205810041e+02,-1.222501074218750000e+04,-3.241157531738281250e+01,3.392237304687500000e+03,2.884983420372009277e-01,3.607174754142761230e-01,1.262693256139755249e-01,2.159225940704345703e-01,-1.223479153543308371e+02,4.734005682657490333e+00,1.005305081205810041e+02,-9.328530012860117893e+01,0.000000000000000000e+00,0.000000000000000000e+00,2.884983420372009277e-01,3.607174754142761230e-01,1.262693256139755249e-01,2.159225940704345703e-01,9.361422656250000000e+04,4.859169921875000000e+04,5.235323046875000000e+04,7.222653906250000000e+04,-3.374047798309258372e+07
1.733999999999999986e+00,4.150425323843352032e+01,-7.399599175555277242e+00,-9.842902065483879426e+01,-1.221589160156250000e+04,-2.772441482543945312e+01,3.393271484375000000e+03,2.891697585582733154e-01,3.743015527725219727e-01,1.341695040464401245e-01,2.235750406980514526e-01,-1.347895533670346992e+02,7.399599175555277242e+00,9.842902065483879426e+01,-9.328530012860117893e+01,0.000000000000000000e+00,0.000000000000000000e+00,2.891697585582733154e-01,3.743015527725219727e-01,1.341695040464401245e-01,2.235750406980514526e-01,9.370117187500000000e+04,4.870438281250000000e+04,5.219913281250000000e+04,7.229585156250000000e+04,-3.375194361230449378e+07
1.735000000000000098e+00,5.409262462781542524e+01,-9.557997253569007867e+00,-9.577922088345252405e+01,-1.219396289062500000e+04,-3.266464614868164062e+01,3.401349365234375000e+03,2.879997789859771729e-01,3.869689702987670898e-01,1.415518969297409058e-01,2.312021851539611816e-01,-1.473779247564166042e+02,9.557997253569007867e+00,9.577922088345252405e+01,-9.328530012860117893e+01,0.000000000000000000e+00,0.000000000000000000e+00,2.879997789859771729e-01,3.869689702987670898e-01,1.415518969297409058e-01,2.312021851539611816e-01,9.379246093750000000e+04,4.881569921875000000e+04,5.211037890625000000e+04,7.241007031250000000e+04,-3.376413463880816102e+07
1.735999999999999988e+00,6.683166924822545241e+01,-1.109486170566349728e+01,-9.270673608764523976e+01,-1.218455175781250000e+04,-4.101662826538085938e+01,3.397038330078125000e+03,2.839184999465942383e-01,3.982248306274414062e-01,1.466124504804611206e-01,2.390447705984115601e-01,-1.601169693768266313e+02,1.109486170566349728e+01,9.270673608764523976e+01,-9.328530012860117893e+01,0.000000000000000000e+00,0.000000000000000000e+00,2.839184999465942383e-01,3.982248306274414062e-01,1.466124504804611206e-01,2.390447705984115601e-01,9.387079687500000000e+04,4.892872265625000000e+04,5.208462109375000000e+04,7.252223437500000000e+04,-3.377731874569495767e+07
1.737000000000000099e+00,7.970568399104216439e+01,-1.192566123196883865e+01,-8.935165009043969064e+01,-1.220076562500000000e+04,-4.340488815307617188e+01,3.397051025390625000e+03,2.772332131862640381e-01,4.087894260883331299e-01,1.475239992141723633e-01,2.459894716739654541e-01,-1.729909841196433433e+02,1.192566123196883865e+01,8.935165009043969064e+01,-9.328530012860117893e+01,0.000000000000000000e+00,0.000000000000000000e+00,2.772332131862640381e-01,4.087894260883331299e-01,1.475239992141723633e-01,2.459894716739654541e-01,9.392034375000000000e+04,4.904082031250000000e+04,5.209905468750000000e+04,7.263450000000000000e+04,-3.379179768052513897e+07
1.737999999999999989e+00,-2.673427795638556290e+02,-1.199212094606453327e+01,-8.593822177830311659e+01,-1.224057128906250000e+04,-3.542595291137695312e+01,3.346161376953125000e+03,2.672209143638610840e-01,4.186356365680694580e-01,1.436012238264083862e-01,2.511369287967681885e-01,1.740574794352544643e+02,1.199212094606453327e+01,8.593822177830311659e+01,-9.328530012860117893e+01,0.000000000000000000e+00,0.000000000000000000e+00,2.672209143638610840e-01,4.186356365680694580e-01,1.436012238264083862e-01,2.511369287967681885e-01,9.391265625000000000e+04,4.916195312500000000e+04,5.212885546875000000e+04,7.273828906250000000e+04,-3.387079903123726696e+07
1.739000000000000101e+00,-2.543865769069007570e+02,-1.129081257431265684e+01,-8.260678880794658596e+01,-1.228029492187500000e+04,-1.714317893981933594e+01,3.343739746093750000e+03,2.893855273723602295e-01,-4.576821625232696533e-02,3.235700428485870361e-01,2.830352187156677246e-01,1.611012767782995923e+02,1.129081257431265684e+01,8.260678880794658596e+01,-9.328530012860117893e+01,0.000000000000000000e+00,0.000000000000000000e+00,2.893855273723602295e-01,0.000000000000000000e+00,3.235700428485870361e-01,2.830352187156677246e-01,9.384302343750000000e+04,4.927527734375000000e+04,5.211885937500000000e+04,7.285035156250000000e+04,-3.394246292575342953e+07
1.739999999999999991e+00,-2.415189947546532494e+02,-9.863320762849420831e+00,-7.953970807944443777e+01,-1.230094628906250000e+04,-1.342472881078720093e-01,3.342156005859375000e+03,2.841256856918334961e-01,-3.535009920597076416e-02,3.295765817165374756e-01,2.879917919635772705e-01,1.482336946260520563e+02,9.863320762849420831e+00,7.953970807944443777e+01,-9.328530012860117893e+01,0.000000000000000000e+00,0.000000000000000000e+00,2.841256856918334961e-01,0.000000000000000000e+00,3.295765817165374756e-01,2.879917919635772705e-01,9.393045312500000000e+04,4.905065234375000000e+04,5.223176562500000000e+04,7.296307812500000000e+04,-3.400721820083855838e+07
1.741000000000000103e+00,-2.288119133543925727e+02,-7.771228523988426673e+00,-7.685968784375252483e+01,-1.229257617187500000e+04,1.067757797241210938e+01,3.381334472656250000e+03,2.796636819839477539e-01,-2.265112847089767456e-02,3.337510228157043457e-01,2.912402451038360596e-01,1.355266132257913796e+02,7.771228523988426673e+00,7.685968784375252483e+01,-9.328530012860117893e+01,0.000000000000000000e+00,0.000000000000000000e+00,2.796636819839477539e-01,0.000000000000000000e+00,3.337510228157043457e-01,2.912402451038360596e-01,9.398592968750000000e+04,4.881901171875000000e+04,5.233763671875000000e+04,7.308229687500000000e+04,-3.406554089613966644e+07
1.741999999999999993e+00,-2.162987772468407286e+02,-5.146275438059057628e+00,-7.471341041596993193e+01,-1.226804980468750000e+04,1.017000007629394531e+01,3.388434814453125000e+03,2.741508483886718750e-01,-7.162712514400482178e-03,3.355934619903564453e-01,2.925889790058135986e-01,1.230134771182395497e+02,5.146275438059057628e+00,7.471341041596993193e+01,-9.328530012860117893e+01,0.000000000000000000e+00,0.000000000000000000e+00,2.741508483886718750e-01,0.000000000000000000e+00,3.355934619903564453e-01,2.925889790058135986e-01,9.400381250000000000e+04,4.859229296875000000e+04,5.244855859375000000e+04,7.319567968750000000e+04,-3.411793463502501696e+07
1.743000000000000105e+00,-2.039503898014296510e+02,-2.141818992962665202e+00,-7.319726655707232510e+01,-1.224846582031250000e+04,6.175416946411132812e+00,3.370284912109375000e+03,2.713055312633514404e-01,9.067904204130172729e-03,3.350032269954681396e-01,2.923287153244018555e-01,1.106650896728284863e+02,2.141818992962665202e+00,7.319726655707232510e+01,-9.328530012860117893e+01,0.000000000000000000e+00,0.000000000000000000e+00,2.713055312633514404e-01,9.067904204130172729e-03,3.350032269954681396e-01,2.923287153244018555e-01,9.397780468750000000e+04,4.837003125000000000e+04,5.256373828125000000e+04,7.330497656250000000e+04,-3.416489282374519855e+07
1.743999999999999995e+00,-1.916907877663891497e+02,1.113567549988336403e+00,-7.236082164171101283e+01,-1.224858007812500000e+04,7.274335861206054688e+00,3.367494384765625000e+03,2.707245051860809326e-01,2.671357989311218262e-02,3.316874802112579346e-01,2.899437248706817627e-01,9.840548763778797081e+01,-1.113567549988336403e+00,7.236082164171101283e+01,-9.328530012860117893e+01,0.000000000000000000e+00,0.000000000000000000e+00,2.707245051860809326e-01,2.671357989311218262e-02,3.316874802112579346e-01,2.899437248706817627e-01,9.393569531250000000e+04,4.814576171875000000e+04,5.267675390625000000e+04,7.341718750000000000e+04,-3.420687551040104777e+07
1.745000000000000107e+00,-1.794210531612260979e+02,4.458035317379529516e+00,-7.224670373375400345e+01,-1.227179785156250000e+04,1.863219642639160156e+01,3.352765869140625000e+03,2.700361311435699463e-01,4.733389616012573242e-02,3.253073692321777344e-01,2.848930954933166504e-01,8.613575303262493321e+01,-4.458035317379529516e+00,7.224670373375400345e+01,-9.328530012860117893e+01,0.000000000000000000e+00,0.000000000000000000e+00,2.700361311435699463e-01,4.733389616012573242e-02,3.253073692321777344e-01,2.848930954933166504e-01,9.388775000000000000e+04,4.792337109375000000e+04,5.279208984375000000e+04,7.352774218750000000e+04,-3.424430688499781489e+07
1.745999999999999996e+00,-1.670524574410842433e+02,7.774224310530342130e+00,-7.287818910433158237e+01,-1.229772656250000000e+04,3.981108474731445312e+01,3.381345458984375000e+03,2.705932259559631348e-01,7.060816884040832520e-02,3.154037296772003174e-01,2.767271101474761963e-01,7.376715731248306440e+01,-7.774224310530342130e+00,7.287818910433158237e+01,-9.328530012860117893e+01,0.000000000000000000e+00,0.000000000000000000e+00,2.705932259559631348e-01,7.060816884040832520e-02,3.154037296772003174e-01,2.767271101474761963e-01,9.384392968750000000e+04,4.769355468750000000e+04,5.290022265625000000e+04,7.364484375000000000e+04,-3.427758507754568011e+07
1.747000000000000108e+00,-1.545221547951878449e+02,1.085580705548531277e+01,-7.423692705786058355e+01,-1.230674707031250000e+04,5.992388916015625000e+01,3.366519531250000000e+03,2.692922353744506836e-01,9.730525314807891846e-02,3.016485273838043213e-01,2.655719518661499023e-01,6.123685466658666599e+01,-1.085580705548531277e+01,7.423692705786058355e+01,-9.328530012860117893e+01,0.000000000000000000e+00,0.000000000000000000e+00,2.692922353744506836e-01,9.730525314807891846e-02,3.016485273838043213e-01,2.655719518661499023e-01,9.379728906250000000e+04,4.747051171875000000e+04,5.301546484375000000e+04,7.375462500000000000e+04,-3.430709114375405014e+07
1.747999999999999998e+00,-1.417991869895633954e+02,1.357715952014236116e+01,-7.628766098598170231e+01,-1.228529199218750000e+04,7.402899932861328125e+01,3.385331298828125000e+03,2.713153064250946045e-01,1.243476867675781250e-01,2.838027477264404297e-01,2.516655921936035156e-01,4.851388686096222358e+01,-1.357715952014236116e+01,7.628766098598170231e+01,-9.328530012860117893e+01,0.000000000000000000e+00,0.000000000000000000e+00,2.713153064250946045e-01,1.243476867675781250e-01,2.838027477264404297e-01,2.516655921936035156e-01,9.374829687500000000e+04,4.724210546875000000e+04,5.312499609375000000e+04,7.387021093750000000e+04,-3.433320229966429621e+07
1.749000000000000110e+00,-1.288772683568423645e+02,1.578656679705382970e+01,-7.893749049973243359e+01,-1.224651953125000000e+04,7.694791412353515625e+01,3.389505615234375000e+03,2.722800374031066895e-01,1.520553827285766602e-01,2.627510130405426025e-01,2.364429831504821777e-01,3.559196822824117135e+01,-1.578656679705382970e+01,7.893749049973243359e+01,-9.328530012860117893e+01,0.000000000000000000e+00,0.000000000000000000e+00,2.722800374031066895e-01,1.520553827285766602e-01,2.627510130405426025e-01,2.364429831504821777e-01,9.371238281250000000e+04,4.719330859375000000e+04,5.323677343750000000e+04,7.398391406250000000e+04,-3.435629199306105077e+07
1.750000000000000000e+00,-1.157623455379500399e+02,1.737056664329368871e+01,-8.207642601730233878e+01,-1.221541113281250000e+04,7.570999145507812500e+01,3.405450683593750000e+03,2.749033272266387939e-01,1.786525547504425049e-01,2.393674254417419434e-01,2.206733822822570801e-01,2.247704540934886452e+01,-1.737056664329368871e+01,8.207642601730233878e+01,-9.328530012860117893e+01,0.000000000000000000e+00,0.000000000000000000e+00,2.749033272266387939e-01,1.786525547504425049e-01,2.393674254417419434e-01,2.206733822822570801e-01,9.367894531250000000e+04,4.714353906250000000e+04,5.334631640625000000e+04,7.409916406250000000e+04,-3.437673118999878317e+07
1.750999999999999890e+00,-1.024940429100375354e+02,1.822516191643058647e+01,-8.553342796123659753e+01,-1.220772851562500000e+04,7.686524200439453125e+01,3.406179199218750000e+03,2.772184014320373535e-01,2.042962014675140381e-01,2.151803821325302124e-01,2.055353671312332153e-01,9.208742781436363600e+00,-1.822516191643058647e+01,8.553342796123659753e+01,-9.328530012860117893e+01,0.000000000000000000e+00,0.000000000000000000e+00,2.772184014320373535e-01,2.042962014675140381e-01,2.151803821325302124e-01,2.055353671312332153e-01,9.366974218750000000e+04,4.725589062500000000e+04,5.345826953125000000e+04,7.415928906250000000e+04,-3.439488434265650809e+07
1.752000000000000002e+00,-8.915294716074843961e+01,1.828897596925858338e+01,-8.908605473444093548e+01,-1.222426757812500000e+04,8.583961486816406250e+01,3.379664550781250000e+03,2.805653810501098633e-01,2.286627888679504395e-01,1.912894695997238159e-01,1.914678066968917847e-01,-4.132352967852745529e+00,-1.828897596925858338e+01,8.908605473444093548e+01,-9.328530012860117893e+01,0.000000000000000000e+00,0.000000000000000000e+00,2.805653810501098633e-01,2.286627888679504395e-01,1.912894695997238159e-01,1.914678066968917847e-01,9.365555468750000000e+04,4.737239062500000000e+04,5.357498046875000000e+04,7.421362500000000000e+04,-3.441110340243411064e+07
1.752999999999999892e+00,-7.583694944306080288e+01,1.755371342884396668e+01,-9.256035654145848923e+01,-1.224303125000000000e+04,1.033472366333007812e+02,3.391312011718750000e+03,2.854202091693878174e-01,2.517954409122467041e-01,1.687855571508407593e-01,1.789746582508087158e-01,-1.744835068554037960e+01,-1.755371342884396668e+01,9.256035654145848923e+01,-9.328530012860117893e+01,0.000000000000000000e+00,0.000000000000000000e+00,2.854202091693878174e-01,2.517954409122467041e-01,1.687855571508407593e-01,1.789746582508087158e-01,9.366515625000000000e+04,4.748304687500000000e+04,5.368569531250000000e+04,7.416089843750000000e+04,-3.442573019779316336e+07
1.754000000000000004e+00,-6.266979506841310865e+01,1.607097955029964709e+01,-9.572481369526096273e+01,-1.224804394531250000e+04,1.204312896728515625e+02,3.376779541015625000e+03,2.877283096313476562e-01,2.730767130851745605e-01,1.495805978775024414e-01,1.702753007411956787e-01,-3.061550506018807027e+01,-1.607097955029964709e+01,9.572481369526096273e+01,-9.328530012860117893e+01,0.000000000000000000e+00,0.000000000000000000e+00,2.877283096313476562e-01,2.730767130851745605e-01,1.495805978775024414e-01,1.702753007411956787e-01,9.369294531250000000e+04,4.759837500000000000e+04,5.380100781250000000e+04,7.399894531250000000e+04,-3.443907921734777838e+07
1.754999999999999893e+00,-4.973615153451864757e+01,1.392153465733039397e+01,-9.844154441562855595e+01,-1.222685546875000000e+04,1.322997741699218750e+02,3.395847412109375000e+03,2.913034558296203613e-01,2.922177314758300781e-01,1.337159574031829834e-01,1.648714989423751831e-01,-4.354914859408253136e+01,-1.392153465733039397e+01,9.844154441562855595e+01,-9.328530012860117893e+01,0.000000000000000000e+00,0.000000000000000000e+00,2.913034558296203613e-01,2.922177314758300781e-01,1.337159574031829834e-01,1.648714989423751831e-01,9.377617187500000000e+04,4.770790625000000000e+04,5.379518750000000000e+04,7.377669531250000000e+04,-3.445143744891139120e+07
1.756000000000000005e+00,-3.707839959800529783e+01,1.126165666464704707e+01,-1.005612473616960898e+02,-1.219196582031250000e+04,1.320832977294921875e+02,3.373303955078125000e+03,2.923165261745452881e-01,3.082535862922668457e-01,1.227154508233070374e-01,1.647283434867858887e-01,-5.620690053059588109e+01,-1.126165666464704707e+01,1.005612473616960898e+02,-9.328530012860117893e+01,0.000000000000000000e+00,0.000000000000000000e+00,2.923165261745452881e-01,3.082535862922668457e-01,1.227154508233070374e-01,1.647283434867858887e-01,9.385017968750000000e+04,4.782403906250000000e+04,5.379632421875000000e+04,7.354761718750000000e+04,-3.446305164600991458e+07
1.756999999999999895e+00,-2.466229560511067120e+01,8.209768112535698492e+00,-1.020325783600373342e+02,-1.216366796875000000e+04,1.279404983520507812e+02,3.382748291015625000e+03,2.949294745922088623e-01,3.223174810409545898e-01,1.155952215194702148e-01,1.678043752908706665e-01,-6.862300452349050772e+01,-8.209768112535698492e+00,1.020325783600373342e+02,-9.328530012860117893e+01,0.000000000000000000e+00,0.000000000000000000e+00,2.949294745922088623e-01,3.223174810409545898e-01,1.155952215194702148e-01,1.678043752908706665e-01,9.395956250000000000e+04,4.793455859375000000e+04,5.357884765625000000e+04,7.332423437500000000e+04,-3.447413792217368633e+07
1.758000000000000007e+00,-1.240904737443001693e+01,4.915815956602418879e+00,-1.028052998512074083e+02,-1.216135937500000000e+04,1.259294204711914062e+02,3.386216064453125000e+03,2.943690717220306396e-01,3.340545892715454102e-01,1.135151162743568420e-01,1.751841008663177490e-01,-8.087625275417116200e+01,-4.915815956602418879e+00,1.028052998512074083e+02,-9.328530012860117893e+01,0.000000000000000000e+00,0.000000000000000000e+00,2.943690717220306396e-01,3.340545892715454102e-01,1.135151162743568420e-01,1.751841008663177490e-01,9.406575781250000000e+04,4.804665625000000000e+04,5.336735156250000000e+04,7.310017187500000000e+04,-3.448488500155444443e+07
1.758999999999999897e+00,-2.143132304791635079e-01,1.538251078277035333e+00,-1.028497545703788347e+02,-1.218869628906250000e+04,1.342452545166015625e+02,3.381577148437500000e+03,2.930539250373840332e-01,3.452613949775695801e-01,1.154164597392082214e-01,1.844426989555358887e-01,-9.307098689812201542e+01,-1.538251078277035333e+00,1.028497545703788347e+02,-9.328530012860117893e+01,0.000000000000000000e+00,0.000000000000000000e+00,2.930539250373840332e-01,3.452613949775695801e-01,1.154164597392082214e-01,1.844426989555358887e-01,9.417717968750000000e+04,4.816032031250000000e+04,5.314278906250000000e+04,7.287412500000000000e+04,-3.449546548571617156e+07
1.760000000000000009e+00,1.201574152296178966e+01,-1.779878223266418535e+00,-1.021598117485100801e+02,-1.222503906250000000e+04,1.517710113525390625e+02,3.392127441406250000e+03,2.917571067810058594e-01,3.572972714900970459e-01,1.204217001795768738e-01,1.937426775693893433e-01,-1.053010416515629686e+02,1.779878223266418535e+00,1.021598117485100801e+02,-9.328530012860117893e+01,0.000000000000000000e+00,0.000000000000000000e+00,2.917571067810058594e-01,3.572972714900970459e-01,1.204217001795768738e-01,1.937426775693893433e-01,9.429196093750000000e+04,4.827126171875000000e+04,5.291548437500000000e+04,7.269272656250000000e+04,-3.450604965886349976e+07
1.760999999999999899e+00,2.434916022145439740e+01,-4.854425072553904208e+00,-1.007665949504485212e+02,-1.224922265625000000e+04,1.697099761962890625e+02,3.376627929687500000e+03,2.899807095527648926e-01,3.698800206184387207e-01,1.280473470687866211e-01,2.027486264705657959e-01,-1.176344603500555763e+02,4.854425072553904208e+00,1.007665949504485212e+02,-9.328530012860117893e+01,0.000000000000000000e+00,0.000000000000000000e+00,2.899807095527648926e-01,3.698800206184387207e-01,1.280473470687866211e-01,2.027486264705657959e-01,9.438283593750000000e+04,4.838623046875000000e+04,5.270402343750000000e+04,7.258206250000000000e+04,-3.451682001256768405e+07
1.762000000000000011e+00,3.681940904746581111e+01,-7.577379353412825758e+00,-9.870851743420374191e+01,-1.224371484375000000e+04,1.819439697265625000e+02,3.407464843750000000e+03,2.904855608940124512e-01,3.838074505329132080e-01,1.359449625015258789e-01,2.098060697317123413e-01,-1.301047091760669900e+02,7.577379353412825758e+00,9.870851743420374191e+01,-9.328530012860117893e+01,0.000000000000000000e+00,0.000000000000000000e+00,2.904855608940124512e-01,3.838074505329132080e-01,1.359449625015258789e-01,2.098060697317123413e-01,9.446751562500000000e+04,4.849316796875000000e+04,5.255131640625000000e+04,7.255010156250000000e+04,-3.452797646954221278e+07
1.762999999999999901e+00,4.943725863479623683e+01,-9.785590033143755306e+00,-9.609522328162304916e+01,-1.221967480468750000e+04,1.823314514160156250e+02,3.399950683593750000e+03,2.875580787658691406e-01,3.957863748073577881e-01,1.441599130630493164e-01,2.178748548030853271e-01,-1.427225587633974158e+02,9.785590033143755306e+00,9.609522328162304916e+01,-9.328530012860117893e+01,0.000000000000000000e+00,0.000000000000000000e+00,2.875580787658691406e-01,3.957863748073577881e-01,1.441599130630493164e-01,2.178748548030853271e-01,9.454337500000000000e+04,4.860702343750000000e+04,5.240889062500000000e+04,7.251247656250000000e+04,-3.453975056179337949e+07
1.764000000000000012e+00,6.220089794845928566e+01,-1.137694077155758698e+01,-9.303624502295193111e+01,-1.219814550781250000e+04,1.791702880859375000e+02,3.403712402343750000e+03,2.848795354366302490e-01,4.077388346195220947e-01,1.490545868873596191e-01,2.247173637151718140e-01,-1.554861980770604646e+02,1.137694077155758698e+01,9.303624502295193111e+01,-9.328530012860117893e+01,0.000000000000000000e+00,0.000000000000000000e+00,2.848795354366302490e-01,4.077388346195220947e-01,1.490545868873596191e-01,2.247173637151718140e-01,9.462277343750000000e+04,4.871930859375000000e+04,5.233078515625000000e+04,7.252982812500000000e+04,-3.455240469116826355e+07
1.764999999999999902e+00,7.508849177706873945e+01,-1.225741288351902902e+01,-8.969488657812424037e+01,-1.219955761718750000e+04,1.779899139404296875e+02,3.388672851562500000e+03,2.782225906848907471e-01,4.181200861930847168e-01,1.501743644475936890e-01,2.313975989818572998e-01,-1.683737919056699184e+02,1.225741288351902902e+01,8.969488657812424037e+01,-9.328530012860117893e+01,0.000000000000000000e+00,0.000000000000000000e+00,2.782225906848907471e-01,4.181200861930847168e-01,1.501743644475936890e-01,2.313975989818572998e-01,9.467720312500000000e+04,4.883454687500000000e+04,5.232250000000000000e+04,7.260366406250000000e+04,-3.456623838961447775e+07
1.766000000000000014e+00,-2.719425692951142537e+02,-1.237492355115161402e+01,-8.624115140733049145e+01,-1.222848339843750000e+04,1.857483215332031250e+02,3.377581054687500000e+03,2.696386575698852539e-01,4.282833039760589600e-01,1.459251046180725098e-01,2.359585613012313843e-01,1.786572691665130890e+02,1.237492355115161402e+01,8.624115140733049145e+01,-9.328530012860117893e+01,0.000000000000000000e+00,0.000000000000000000e+00,2.696386575698852539e-01,4.282833039760589600e-01,1.459251046180725098e-01,2.359585613012313843e-01,9.471178906250000000e+04,4.894889843750000000e+04,5.235213281250000000e+04,7.271428906250000000e+04,-3.464778182553826272e+07
1.766999999999999904e+00,-2.589581349379694757e+02,-1.171189208320380004e+01,-8.282186008018597079e+01,-1.226715429687500000e+04,2.011696014404296875e+02,3.409683349609375000e+03,2.899392247200012207e-01,-3.572058677673339844e-02,3.173018395900726318e-01,2.724038958549499512e-01,1.656728348093682825e+02,1.171189208320380004e+01,8.282186008018597079e+01,-9.328530012860117893e+01,0.000000000000000000e+00,0.000000000000000000e+00,2.899392247200012207e-01,0.000000000000000000e+00,3.173018395900726318e-01,2.724038958549499512e-01,9.470696875000000000e+04,4.905564843750000000e+04,5.238238671875000000e+04,7.283262500000000000e+04,-3.472183777011212707e+07
1.768000000000000016e+00,-2.460547804540748302e+02,-1.030256803715840874e+01,-7.965976800871709429e+01,-1.229578515625000000e+04,2.165561523437500000e+02,3.408480712890625000e+03,2.828738987445831299e-01,-2.441690117120742798e-02,3.238780200481414795e-01,2.774277925491333008e-01,1.527694803254736371e+02,1.030256803715840874e+01,7.965976800871709429e+01,-9.328530012860117893e+01,0.000000000000000000e+00,0.000000000000000000e+00,2.828738987445831299e-01,0.000000000000000000e+00,3.238780200481414795e-01,2.774277925491333008e-01,9.463544531250000000e+04,4.916819921875000000e+04,5.238383984375000000e+04,7.294512500000000000e+04,-3.478883254664379358e+07
1.768999999999999906e+00,-2.333119912151477706e+02,-8.216883780423284378e+00,-7.689441389989670483e+01,-1.229397265625000000e+04,2.267285156250000000e+02,3.433992675781250000e+03,2.781161069869995117e-01,-1.148167252540588379e-02,3.286661803722381592e-01,2.807907760143280029e-01,1.400266910865465775e+02,8.216883780423284378e+00,7.689441389989670483e+01,-9.328530012860117893e+01,0.000000000000000000e+00,0.000000000000000000e+00,2.781161069869995117e-01,0.000000000000000000e+00,3.286661803722381592e-01,2.807907760143280029e-01,9.471286718750000000e+04,4.893919140625000000e+04,5.249180468750000000e+04,7.306157812500000000e+04,-3.484924729995664209e+07
1.770000000000000018e+00,-2.207740663229569691e+02,-5.598212057016097809e+00,-7.468405090226649179e+01,-1.226835058593750000e+04,2.262794342041015625e+02,3.415423828125000000e+03,2.731705307960510254e-01,3.927778452634811401e-03,3.310505151748657227e-01,2.822654247283935547e-01,1.274887661943557760e+02,5.598212057016097809e+00,7.468405090226649179e+01,-9.328530012860117893e+01,0.000000000000000000e+00,0.000000000000000000e+00,2.731705307960510254e-01,3.927778452634811401e-03,3.310505151748657227e-01,2.822654247283935547e-01,9.473161718750000000e+04,4.871746875000000000e+04,5.260755468750000000e+04,7.317078906250000000e+04,-3.490359753575482219e+07
1.770999999999999908e+00,-2.084186768947316182e+02,-2.564641401898994477e+00,-7.309369636964885331e+01,-1.223850292968750000e+04,2.213749847412109375e+02,3.422576416015625000e+03,2.715571522712707520e-01,1.968615129590034485e-02,3.307440578937530518e-01,2.819057404994964600e-01,1.151333767661304393e+02,2.564641401898994477e+00,7.309369636964885331e+01,-9.328530012860117893e+01,0.000000000000000000e+00,0.000000000000000000e+00,2.715571522712707520e-01,1.968615129590034485e-02,3.307440578937530518e-01,2.819057404994964600e-01,9.468582031250000000e+04,4.849127343750000000e+04,5.271926953125000000e+04,7.328464062500000000e+04,-3.495238514646787196e+07
1.772000000000000020e+00,-1.961740967655271675e+02,7.558058109450911388e-01,-7.217815970596893749e+01,-1.222644531250000000e+04,2.164121246337890625e+02,3.444043212890625000e+03,2.696932554244995117e-01,3.783150017261505127e-02,3.276264369487762451e-01,2.794395387172698975e-01,1.028887966369259885e+02,-7.558058109450911388e-01,7.217815970596893749e+01,-9.328530012860117893e+01,0.000000000000000000e+00,0.000000000000000000e+00,2.696932554244995117e-01,3.783150017261505127e-02,3.276264369487762451e-01,2.794395387172698975e-01,9.464410156250000000e+04,4.826229687500000000e+04,5.282855078125000000e+04,7.340123437500000000e+04,-3.499607968069060892e+07
1.772999999999999909e+00,-1.839370481128761412e+02,4.193474349301279602e+00,-7.199082212342602816e+01,-1.224144726562500000e+04,2.197979583740234375e+02,3.442310546875000000e+03,2.677421569824218750e-01,5.842253565788269043e-02,3.215718567371368408e-01,2.746464908123016357e-01,9.065174798427497649e+01,-4.193474349301279602e+00,7.199082212342602816e+01,-9.328530012860117893e+01,0.000000000000000000e+00,0.000000000000000000e+00,2.677421569824218750e-01,5.842253565788269043e-02,3.215718567371368408e-01,2.746464908123016357e-01,9.458746875000000000e+04,4.803712500000000000e+04,5.294157421875000000e+04,7.351332031250000000e+04,-3.503511278205621243e+07
1.774000000000000021e+00,-1.716102625842913767e+02,7.609436677620394995e+00,-7.255683385782135986e+01,-1.226483203125000000e+04,2.328405609130859375e+02,3.460834472656250000e+03,2.674568295478820801e-01,8.118009567260742188e-02,3.121018409729003906e-01,2.668469250202178955e-01,7.832496245569019777e+01,-7.609436677620394995e+00,7.255683385782135986e+01,-9.328530012860117893e+01,0.000000000000000000e+00,0.000000000000000000e+00,2.674568295478820801e-01,8.118009567260742188e-02,3.121018409729003906e-01,2.668469250202178955e-01,9.452314062500000000e+04,4.780920703125000000e+04,5.305110937500000000e+04,7.362864843750000000e+04,-3.506988526194648445e+07
1.774999999999999911e+00,-1.591181326921123969e+02,1.081071073483576761e+01,-7.386779828112290147e+01,-1.227849316406250000e+04,2.468994293212890625e+02,3.450661132812500000e+03,2.666136920452117920e-01,1.067722290754318237e-01,2.988559305667877197e-01,2.560728192329406738e-01,6.583283256351123214e+01,-1.081071073483576761e+01,7.386779828112290147e+01,-9.328530012860117893e+01,0.000000000000000000e+00,0.000000000000000000e+00,2.666136920452117920e-01,1.067722290754318237e-01,2.988559305667877197e-01,2.560728192329406738e-01,9.443901562500000000e+04,4.758610937500000000e+04,5.316519531250000000e+04,7.373937500000000000e+04,-3.510077716518740356e+07
1.776000000000000023e+00,-1.464176766529957661e+02,1.368912181119830507e+01,-7.590729443607312987e+01,-1.226372558593750000e+04,2.561373291015625000e+02,3.498270996093750000e+03,2.680199742317199707e-01,1.331356763839721680e-01,2.816261649131774902e-01,2.424883842468261719e-01,5.313237652439459424e+01,-1.368912181119830507e+01,7.590729443607312987e+01,-9.328530012860117893e+01,0.000000000000000000e+00,0.000000000000000000e+00,2.680199742317199707e-01,1.331356763839721680e-01,2.816261649131774902e-01,2.424883842468261719e-01,9.436078125000000000e+04,4.737991796875000000e+04,5.326938671875000000e+04,7.386028906250000000e+04,-3.512816461062843353e+07
1.776999999999999913e+00,-1.334961716021470863e+02,1.607238999502396481e+01,-7.859033229358051642e+01,-1.222835742187500000e+04,2.518373107910156250e+02,3.519437744140625000e+03,2.670645415782928467e-01,1.604889035224914551e-01,2.613022923469543457e-01,2.278113216161727905e-01,4.021087147354591451e+01,-1.607238999502396481e+01,7.859033229358051642e+01,-9.328530012860117893e+01,0.000000000000000000e+00,0.000000000000000000e+00,2.670645415782928467e-01,1.604889035224914551e-01,2.613022923469543457e-01,2.278113216161727905e-01,9.427992968750000000e+04,4.718255078125000000e+04,5.337796875000000000e+04,7.397648437500000000e+04,-3.515242060051102936e+07
1.778000000000000025e+00,-1.203709764421365946e+02,1.781762844737209051e+01,-8.178518247153894549e+01,-1.218988183593750000e+04,2.414517211914062500e+02,3.517570556640625000e+03,2.684259116649627686e-01,1.863633394241333008e-01,2.384257465600967407e-01,2.123779505491256714e-01,2.708567631353541216e+01,-1.781762844737209051e+01,8.178518247153894549e+01,-9.328530012860117893e+01,0.000000000000000000e+00,0.000000000000000000e+00,2.684259116649627686e-01,1.863633394241333008e-01,2.384257465600967407e-01,2.123779505491256714e-01,9.420681250000000000e+04,4.720566015625000000e+04,5.349069921875000000e+04,7.408836718750000000e+04,-3.517391605643605441e+07
1.778999999999999915e+00,-1.070889481331001321e+02,1.882251836329542272e+01,-8.531870791796347930e+01,-1.216720410156250000e+04,2.308638763427734375e+02,3.500597167968750000e+03,2.717535495758056641e-01,2.109558880329132080e-01,2.141818106174468994e-01,1.969104707241058350e-01,1.380364800449895846e+01,-1.882251836329542272e+01,8.531870791796347930e+01,-9.328530012860117893e+01,0.000000000000000000e+00,0.000000000000000000e+00,2.717535495758056641e-01,2.109558880329132080e-01,2.141818106174468994e-01,1.969104707241058350e-01,9.412682031250000000e+04,4.732137890625000000e+04,5.360630468750000000e+04,7.419788281250000000e+04,-3.519301766836663336e+07
1.780000000000000027e+00,-9.372377485876839387e+01,1.902608562715077056e+01,-8.898837266010349367e+01,-1.217092871093750000e+04,2.288240356445312500e+02,3.476236328125000000e+03,2.762697339057922363e-01,2.342969477176666260e-01,1.900569200515747070e-01,1.824505329132080078e-01,4.384747301672184960e-01,-1.902608562715077056e+01,8.898837266010349367e+01,-9.328530012860117893e+01,0.000000000000000000e+00,0.000000000000000000e+00,2.762697339057922363e-01,2.342969477176666260e-01,1.900569200515747070e-01,1.824505329132080078e-01,9.407999218750000000e+04,4.743821484375000000e+04,5.372327734375000000e+04,7.407463281250000000e+04,-3.521008273674339801e+07
1.780999999999999917e+00,-8.036220789000373088e+01,1.841129450235348131e+01,-9.263380998432405988e+01,-1.218748730468750000e+04,2.359644012451171875e+02,3.505534423828125000e+03,2.811455726623535156e-01,2.565666735172271729e-01,1.674050688743591309e-01,1.698145270347595215e-01,-1.292309223859745515e+01,-1.841129450235348131e+01,9.263380998432405988e+01,-9.328530012860117893e+01,0.000000000000000000e+00,0.000000000000000000e+00,2.811455726623535156e-01,2.565666735172271729e-01,1.674050688743591309e-01,1.698145270347595215e-01,9.407583593750000000e+04,4.754588281250000000e+04,5.383124218750000000e+04,7.385475000000000000e+04,-3.522546081971781701e+07
1.782000000000000028e+00,-6.713420346997054367e+01,1.701453392553382216e+01,-9.599996232393796447e+01,-1.219972656250000000e+04,2.440635528564453125e+02,3.495546386718750000e+03,2.826701700687408447e-01,2.768647670745849609e-01,1.482397168874740601e-01,1.613989174365997314e-01,-2.615109665863063526e+01,-1.701453392553382216e+01,9.599996232393796447e+01,-9.328530012860117893e+01,0.000000000000000000e+00,0.000000000000000000e+00,2.826701700687408447e-01,2.768647670745849609e-01,1.482397168874740601e-01,1.613989174365997314e-01,9.409878906250000000e+04,4.765966015625000000e+04,5.394564843750000000e+04,7.362766406250000000e+04,-3.523947330812426656e+07
1.782999999999999918e+00,-5.413815832413428808e+01,1.491533685789064556e+01,-9.893126739531852820e+01,-1.218567187500000000e+04,2.470722808837890625e+02,3.511913818359375000e+03,2.861692011356353760e-01,2.952722907066345215e-01,1.322207003831863403e-01,1.558953970670700073e-01,-3.914714180446689085e+01,-1.491533685789064556e+01,9.893126739531852820e+01,-9.328530012860117893e+01,0.000000000000000000e+00,0.000000000000000000e+00,2.861692011356353760e-01,2.952722907066345215e-01,1.322207003831863403e-01,1.558953970670700073e-01,9.413656250000000000e+04,4.776935546875000000e+04,5.392608984375000000e+04,7.340504687500000000e+04,-3.525241411125302315e+07
1.784000000000000030e+00,-4.143116291188656675e+01,1.225438125297242031e+01,-1.012790679211590827e+02,-1.215151562500000000e+04,2.373652191162109375e+02,3.503920166015625000e+03,2.877337038516998291e-01,3.106625974178314209e-01,1.209786161780357361e-01,1.556089967489242554e-01,-5.185413721671461218e+01,-1.225438125297242031e+01,1.012790679211590827e+02,-9.328530012860117893e+01,0.000000000000000000e+00,0.000000000000000000e+00,2.877337038516998291e-01,3.106625974178314209e-01,1.209786161780357361e-01,1.556089967489242554e-01,9.416926562500000000e+04,4.788360156250000000e+04,5.391088671875000000e+04,7.317867968750000000e+04,-3.526453827197212726e+07
1.784999999999999920e+00,-2.899405614946836351e+01,9.150957200039020023e+00,-1.029828888194225414e+02,-1.211672265625000000e+04,2.204282073974609375e+02,3.525795898437500000e+03,2.899146080017089844e-01,3.236941397190093994e-01,1.140442490577697754e-01,1.592165529727935791e-01,-6.429124397913281541e+01,-9.150957200039020023e+00,1.029828888194225414e+02,-9.328530012860117893e+01,0.000000000000000000e+00,0.000000000000000000e+00,2.899146080017089844e-01,3.236941397190093994e-01,1.140442490577697754e-01,1.592165529727935791e-01,9.424126562500000000e+04,4.799271093750000000e+04,5.368184375000000000e+04,7.295771875000000000e+04,-3.527606814267139882e+07
1.786000000000000032e+00,-1.675546130433227177e+01,5.751387160480471827e+00,-1.039869677340445833e+02,-1.210446582031250000e+04,2.020355224609375000e+02,3.543158203125000000e+03,2.892049252986907959e-01,3.339940011501312256e-01,1.123796552419662476e-01,1.676190495491027832e-01,-7.652983882426890716e+01,-5.751387160480471827e+00,1.039869677340445833e+02,-9.328530012860117893e+01,0.000000000000000000e+00,0.000000000000000000e+00,2.892049252986907959e-01,3.339940011501312256e-01,1.123796552419662476e-01,1.676190495491027832e-01,9.431143750000000000e+04,4.810233203125000000e+04,5.345339843750000000e+04,7.273544531250000000e+04,-3.528719525606770813e+07
1.786999999999999922e+00,-4.610116920908282623e+00,2.241042523820658605e+00,-1.042506535703451789e+02,-1.212314453125000000e+04,1.914215850830078125e+02,3.521565673828125000e+03,2.875394225120544434e-01,3.432543277740478516e-01,1.150901764631271362e-01,1.785380244255065918e-01,-8.867518320769289630e+01,-2.241042523820658605e+00,1.042506535703451789e+02,-9.328530012860117893e+01,0.000000000000000000e+00,0.000000000000000000e+00,2.875394225120544434e-01,3.432543277740478516e-01,1.150901764631271362e-01,1.785380244255065918e-01,9.438798437500000000e+04,4.821803906250000000e+04,5.323159765625000000e+04,7.250642187500000000e+04,-3.529808973028717190e+07
1.788000000000000034e+00,7.545834268327510586e+00,-1.243872884811427992e+00,-1.037686537972044221e+02,-1.215632226562500000e+04,1.919905700683593750e+02,3.519454589843750000e+03,2.874743938446044922e-01,3.539122343063354492e-01,1.205196604132652283e-01,1.889025568962097168e-01,-1.008311343969286895e+02,1.243872884811427992e+00,1.037686537972044221e+02,-9.328530012860117893e+01,0.000000000000000000e+00,0.000000000000000000e+00,2.874743938446044922e-01,3.539122343063354492e-01,1.205196604132652283e-01,1.889025568962097168e-01,9.445024218750000000e+04,4.833082421875000000e+04,5.300692187500000000e+04,7.228656250000000000e+04,-3.530891615063261241e+07
1.788999999999999924e+00,1.979530448883264171e+01,-4.522366272003210064e+00,-1.025615792217850526e+02,-1.218494824218750000e+04,1.975878143310546875e+02,3.494073974609375000e+03,2.865350246429443359e-01,3.650979697704315186e-01,1.288858801126480103e-01,1.993077993392944336e-01,-1.130806046174338206e+02,4.522366272003210064e+00,1.025615792217850526e+02,-9.328530012860117893e+01,0.000000000000000000e+00,0.000000000000000000e+00,2.865350246429443359e-01,3.650979697704315186e-01,1.288858801126480103e-01,1.993077993392944336e-01,9.450646875000000000e+04,4.844796484375000000e+04,5.279642187500000000e+04,7.214750000000000000e+04,-3.531984733404158056e+07
1.790000000000000036e+00,3.218736688769610055e+01,-7.493154901137224932e+00,-1.006550660635975305e+02,-1.218858984375000000e+04,2.017619018554687500e+02,3.525049072265625000e+03,2.876758277416229248e-01,3.780242204666137695e-01,1.378988325595855713e-01,2.076399028301239014e-01,-1.254726670162972795e+02,7.493154901137224932e+00,1.006550660635975305e+02,-9.328530012860117893e+01,0.000000000000000000e+00,0.000000000000000000e+00,2.876758277416229248e-01,3.780242204666137695e-01,1.378988325595855713e-01,2.076399028301239014e-01,9.457059375000000000e+04,4.855557812500000000e+04,5.258148828125000000e+04,7.202133593750000000e+04,-3.533107095032338053e+07
1.790999999999999925e+00,4.474579816829584900e+01,-9.994957369895907107e+00,-9.813297189830949208e+01,-1.217101660156250000e+04,1.945142059326171875e+02,3.532854492187500000e+03,2.851511836051940918e-01,3.891424536705017090e-01,1.478872001171112061e-01,2.171015143394470215e-01,-1.380310982968970279e+02,9.994957369895907107e+00,9.813297189830949208e+01,-9.328530012860117893e+01,0.000000000000000000e+00,0.000000000000000000e+00,2.851511836051940918e-01,3.891424536705017090e-01,1.478872001171112061e-01,2.171015143394470215e-01,9.462271093750000000e+04,4.866684375000000000e+04,5.244234765625000000e+04,7.197236718750000000e+04,-3.534280311612351984e+07
1.792000000000000037e+00,5.747318916437428982e+01,-1.190625969294838526e+01,-9.510303957419566245e+01,-1.214774707031250000e+04,1.786958465576171875e+02,3.537847900390625000e+03,2.821685075759887695e-01,3.999878466129302979e-01,1.553708910942077637e-01,2.257842719554901123e-01,-1.507584892929754687e+02,1.190625969294838526e+01,9.510303957419566245e+01,-9.328530012860117893e+01,0.000000000000000000e+00,0.000000000000000000e+00,2.821685075759887695e-01,3.999878466129302979e-01,1.553708910942077637e-01,2.257842719554901123e-01,9.468078125000000000e+04,4.877815625000000000e+04,5.237850781250000000e+04,7.198644531250000000e+04,-3.535529263075236976e+07
1.792999999999999927e+00,7.035293401917029144e+01,-1.312707878353858781e+01,-9.170802929426106687e+01,-1.213987109375000000e+04,1.596766204833984375e+02,3.534941406250000000e+03,2.762455940246582031e-01,4.096341133117675781e-01,1.591254174709320068e-01,2.342955470085144043e-01,-1.636382341477714704e+02,1.312707878353858781e+01,9.170802929426106687e+01,-9.328530012860117893e+01,0.000000000000000000e+00,0.000000000000000000e+00,2.762455940246582031e-01,4.096341133117675781e-01,1.591254174709320068e-01,2.342955470085144043e-01,9.469842187500000000e+04,4.889091796875000000e+04,5.245470312500000000e+04,7.209832031250000000e+04,-3.536882484891190380e+07
1.794000000000000039e+00,8.334260163234215213e+01,-1.358299836419150175e+01,-8.813445820111219575e+01,-1.216017187500000000e+04,1.470535736083984375e+02,3.510165527343750000e+03,2.675871253013610840e-01,4.185434281826019287e-01,1.579324603080749512e-01,2.416758984327316284e-01,-1.766279017609433311e+02,1.358299836419150175e+01,8.813445820111219575e+01,-9.328530012860117893e+01,0.000000000000000000e+00,0.000000000000000000e+00,2.675871253013610840e-01,4.185434281826019287e-01,1.579324603080749512e-01,2.416758984327316284e-01,9.466974218750000000e+04,4.900789843750000000e+04,5.256176562500000000e+04,7.220697656250000000e+04,-3.538372301872571558e+07
1.794999999999999929e+00,-2.636186903744881533e+02,-1.324469172446019982e+01,-8.452566495484971654e+01,-1.219741015625000000e+04,1.452316894531250000e+02,3.530263183593750000e+03,2.577791810035705566e-01,4.279022514820098877e-01,1.508210003376007080e-01,2.459637522697448730e-01,1.703333902458869602e+02,1.324469172446019982e+01,8.452566495484971654e+01,-9.328530012860117893e+01,0.000000000000000000e+00,0.000000000000000000e+00,2.577791810035705566e-01,4.279022514820098877e-01,1.508210003376007080e-01,2.459637522697448730e-01,9.458876562500000000e+04,4.911739843750000000e+04,5.264958203125000000e+04,7.232330468750000000e+04,-3.546053784253541380e+07
1.796000000000000041e+00,-2.506319287910799858e+02,-1.212636911712237264e+01,-8.111451075020760015e+01,-1.223359667968750000e+04,1.478636474609375000e+02,3.514258544921875000e+03,2.792151868343353271e-01,-3.111090883612632751e-02,3.235520720481872559e-01,2.797986567020416260e-01,1.573466286624788211e+02,1.212636911712237264e+01,8.111451075020760015e+01,-9.328530012860117893e+01,0.000000000000000000e+00,0.000000000000000000e+00,2.792151868343353271e-01,0.000000000000000000e+00,3.235520720481872559e-01,2.797986567020416260e-01,9.450307812500000000e+04,4.923272265625000000e+04,5.274174218750000000e+04,7.243299218750000000e+04,-3.553008081894715875e+07
1.796999999999999931e+00,-2.377897225810761483e+02,-1.028785299031909162e+01,-7.805602300086545142e+01,-1.224370800781250000e+04,1.487641448974609375e+02,3.522111328125000000e+03,2.745064496994018555e-01,-2.050688117742538452e-02,3.296299576759338379e-01,2.848452925682067871e-01,1.445044224524749552e+02,1.028785299031909162e+01,7.805602300086545142e+01,-9.328530012860117893e+01,0.000000000000000000e+00,0.000000000000000000e+00,2.745064496994018555e-01,0.000000000000000000e+00,3.296299576759338379e-01,2.848452925682067871e-01,9.435362500000000000e+04,4.934374609375000000e+04,5.277247265625000000e+04,7.254653125000000000e+04,-3.559282335375820845e+07
1.798000000000000043e+00,-2.251571219192813942e+02,-7.847478041970434859e+00,-7.550271866399417320e+01,-1.222621777343750000e+04,1.377525024414062500e+02,3.512793212890625000e+03,2.696865200996398926e-01,-7.296316325664520264e-03,3.334857821464538574e-01,2.880105078220367432e-01,1.318718217906802295e+02,7.847478041970434859e+00,7.550271866399417320e+01,-9.328530012860117893e+01,0.000000000000000000e+00,0.000000000000000000e+00,2.696865200996398926e-01,0.000000000000000000e+00,3.334857821464538574e-01,2.880105078220367432e-01,9.435689062500000000e+04,4.911974609375000000e+04,5.288691406250000000e+04,7.265735937500000000e+04,-3.564928132674645633e+07
1.798999999999999932e+00,-2.127389755201556909e+02,-4.928143951476610773e+00,-7.354376811738447373e+01,-1.219629199218750000e+04,1.202084960937500000e+02,3.513371582031250000e+03,2.668117880821228027e-01,6.752084009349346161e-03,3.348920345306396484e-01,2.895473539829254150e-01,1.194536753915544978e+02,4.928143951476610773e+00,7.354376811738447373e+01,-9.328530012860117893e+01,0.000000000000000000e+00,0.000000000000000000e+00,2.668117880821228027e-01,6.752084009349346161e-03,3.348920345306396484e-01,2.895473539829254150e-01,9.429415625000000000e+04,4.889459765625000000e+04,5.299958593750000000e+04,7.277033593750000000e+04,-3.569997217088352889e+07
1.800000000000000044e+00,-2.004831422523871538e+02,-1.650258344698841251e+00,-7.223729719450791720e+01,-1.217698828125000000e+04,1.001596527099609375e+02,3.533025878906250000e+03,2.645465731620788574e-01,2.261987887322902679e-02,3.335955142974853516e-01,2.891357243061065674e-01,1.071978421237859607e+02,1.650258344698841251e+00,7.223729719450791720e+01,-9.328530012860117893e+01,0.000000000000000000e+00,0.000000000000000000e+00,2.645465731620788574e-01,2.261987887322902679e-02,3.335955142974853516e-01,2.891357243061065674e-01,9.421647656250000000e+04,4.866660546875000000e+04,5.310896875000000000e+04,7.288649218750000000e+04,-3.574538661166948825e+07
1.800999999999999934e+00,-1.882945833622545706e+02,1.815767442071298143e+00,-7.164437643340527018e+01,-1.218558984375000000e+04,8.574433898925781250e+01,3.521953369140625000e+03,2.620998919010162354e-01,4.085388407111167908e-02,3.294977843761444092e-01,2.865884006023406982e-01,9.500928323365340589e+01,-1.815767442071298143e+00,7.164437643340527018e+01,-9.328530012860117893e+01,0.000000000000000000e+00,0.000000000000000000e+00,2.620998919010162354e-01,4.085388407111167908e-02,3.294977843761444092e-01,2.865884006023406982e-01,9.413478125000000000e+04,4.844355468750000000e+04,5.322327734375000000e+04,7.299689062500000000e+04,-3.578597767547898740e+07
1.802000000000000046e+00,-1.760708113073604295e+02,5.348057613539049626e+00,-7.179343872083256883e+01,-1.221057324218750000e+04,8.095191192626953125e+01,3.541201171875000000e+03,2.618046402931213379e-01,6.094957515597343445e-02,3.222831785678863525e-01,2.812964618206024170e-01,8.278551117875926479e+01,-5.348057613539049626e+00,7.179343872083256883e+01,-9.328530012860117893e+01,0.000000000000000000e+00,0.000000000000000000e+00,2.618046402931213379e-01,6.094957515597343445e-02,3.222831785678863525e-01,2.812964618206024170e-01,9.404465625000000000e+04,4.821521484375000000e+04,5.333225781250000000e+04,7.311237500000000000e+04,-3.582216150563701987e+07
1.802999999999999936e+00,-1.637215455173640635e+02,8.754970272575842927e+00,-7.269318479786647913e+01,-1.223491015625000000e+04,8.004542541503906250e+01,3.527747070312500000e+03,2.604529857635498047e-01,8.433546870946884155e-02,3.114685714244842529e-01,2.730900645256042480e-01,7.043624538876287033e+01,-8.754970272575842927e+00,7.269318479786647913e+01,-9.328530012860117893e+01,0.000000000000000000e+00,0.000000000000000000e+00,2.604529857635498047e-01,8.433546870946884155e-02,3.114685714244842529e-01,2.730900645256042480e-01,9.393320312500000000e+04,4.799191015625000000e+04,5.344658203125000000e+04,7.322264843750000000e+04,-3.585432719872414321e+07
1.804000000000000048e+00,-1.511885323033623081e+02,1.191461061018570255e+01,-7.433691463282465861e+01,-1.223408203125000000e+04,7.925479888916015625e+01,3.555163818359375000e+03,2.615433633327484131e-01,1.089256927371025085e-01,2.966660857200622559e-01,2.618474960327148438e-01,5.790323217476112916e+01,-1.191461061018570255e+01,7.433691463282465861e+01,-9.328530012860117893e+01,0.000000000000000000e+00,0.000000000000000000e+00,2.615433633327484131e-01,1.089256927371025085e-01,2.966660857200622559e-01,2.618474960327148438e-01,9.382923437500000000e+04,4.776214843750000000e+04,5.355430468750000000e+04,7.334024218750000000e+04,-3.588285310584730655e+07
1.804999999999999938e+00,-1.384432241520222533e+02,1.464823999060735638e+01,-7.665883474832354239e+01,-1.220776074218750000e+04,6.924740600585937500e+01,3.552642333984375000e+03,2.612328529357910156e-01,1.351496875286102295e-01,2.781114280223846436e-01,2.485758215188980103e-01,4.515792402342106016e+01,-1.464823999060735638e+01,7.665883474832354239e+01,-9.328530012860117893e+01,0.000000000000000000e+00,0.000000000000000000e+00,2.612328529357910156e-01,1.351496875286102295e-01,2.781114280223846436e-01,2.485758215188980103e-01,9.372092187500000000e+04,4.757792187500000000e+04,5.366740234375000000e+04,7.345238281250000000e+04,-3.590811078004070371e+07
1.806000000000000050e+00,-1.254823807976496823e+02,1.681519099682927987e+01,-7.955866834998555248e+01,-1.217044628906250000e+04,5.320759963989257812e+01,3.539703613281250000e+03,2.635410130023956299e-01,1.606115996837615967e-01,2.562817633152008057e-01,2.337302267551422119e-01,3.219708066904849630e+01,-1.681519099682927987e+01,7.955866834998555248e+01,-9.328530012860117893e+01,0.000000000000000000e+00,0.000000000000000000e+00,2.635410130023956299e-01,1.606115996837615967e-01,2.562817633152008057e-01,2.337302267551422119e-01,9.361086718750000000e+04,4.761003906250000000e+04,5.378245703125000000e+04,7.356242968750000000e+04,-3.593046894028923661e+07
1.806999999999999940e+00,-1.123261046567092336e+02,1.830681394289578634e+01,-8.290156050699586388e+01,-1.214349121093750000e+04,3.355289840698242188e+01,3.525179443359375000e+03,2.672523260116577148e-01,1.853272318840026855e-01,2.323568463325500488e-01,2.183494418859481812e-01,1.904080452810805468e+01,-1.830681394289578634e+01,8.290156050699586388e+01,-9.328530012860117893e+01,0.000000000000000000e+00,0.000000000000000000e+00,2.672523260116577148e-01,1.853272318840026855e-01,2.323568463325500488e-01,2.183494418859481812e-01,9.352025781250000000e+04,4.772492968750000000e+04,5.389776562500000000e+04,7.367236718750000000e+04,-3.595029390224782377e+07
1.808000000000000052e+00,-9.902304167023397952e+01,1.903911921287221176e+01,-8.651268450639986440e+01,-1.214275878906250000e+04,1.901868629455566406e+01,3.504967285156250000e+03,2.715308070182800293e-01,2.089654803276062012e-01,2.078470736742019653e-01,2.036712467670440674e-01,5.737741541632804143e+00,-1.903911921287221176e+01,8.651268450639986440e+01,-9.328530012860117893e+01,0.000000000000000000e+00,0.000000000000000000e+00,2.715308070182800293e-01,2.089654803276062012e-01,2.078470736742019653e-01,2.036712467670440674e-01,9.345655468750000000e+04,4.784038281250000000e+04,5.401391406250000000e+04,7.372249218750000000e+04,-3.596794639767035097e+07
1.808999999999999941e+00,-8.564824211377452912e+01,1.896698218842335493e+01,-9.023037035343442369e+01,-1.216005468750000000e+04,1.386895275115966797e+01,3.522327880859375000e+03,2.762789428234100342e-01,2.315650582313537598e-01,1.840450912714004517e-01,1.903740018606185913e-01,-7.637058014826648922e+00,-1.896698218842335493e+01,9.023037035343442369e+01,-9.328530012860117893e+01,0.000000000000000000e+00,0.000000000000000000e+00,2.762789428234100342e-01,2.315650582313537598e-01,1.840450912714004517e-01,1.903740018606185913e-01,9.343169531250000000e+04,4.795002734375000000e+04,5.412371484375000000e+04,7.366830468750000000e+04,-3.598378328519498557e+07
1.810000000000000053e+00,-7.233033542647831382e+01,1.809071785186525005e+01,-9.379656113496014314e+01,-1.218049804687500000e+04,1.391501426696777344e+01,3.499495849609375000e+03,2.787255942821502686e-01,2.526665329933166504e-01,1.627070009708404541e-01,1.802365332841873169e-01,-2.095496470212286866e+01,-1.809071785186525005e+01,9.379656113496014314e+01,-9.328530012860117893e+01,0.000000000000000000e+00,0.000000000000000000e+00,2.787255942821502686e-01,2.526665329933166504e-01,1.627070009708404541e-01,1.802365332841873169e-01,9.343350000000000000e+04,4.806675390625000000e+04,5.424007812500000000e+04,7.350772656250000000e+04,-3.599814003157103062e+07
1.810999999999999943e+00,-5.918194393810794907e+01,1.645896412386134955e+01,-9.704445716082989293e+01,-1.217977539062500000e+04,1.312478256225585938e+01,3.510898925781250000e+03,2.834282517433166504e-01,2.721246182918548584e-01,1.439200341701507568e-01,1.724879443645477295e-01,-3.410335619049322986e+01,-1.645896412386134955e+01,9.704445716082989293e+01,-9.328530012860117893e+01,0.000000000000000000e+00,0.000000000000000000e+00,2.834282517433166504e-01,2.721246182918548584e-01,1.439200341701507568e-01,1.724879443645477295e-01,9.344145312500000000e+04,4.817758984375000000e+04,5.432711328125000000e+04,7.328428906250000000e+04,-3.601133105822499096e+07
1.812000000000000055e+00,-4.629445697486853817e+01,1.418891205103482633e+01,-9.979325193990246134e+01,-1.215701367187500000e+04,1.119771242141723633e+00,3.496554687500000000e+03,2.857613265514373779e-01,2.887641787528991699e-01,1.295655667781829834e-01,1.697360724210739136e-01,-4.699084315373264076e+01,-1.418891205103482633e+01,9.979325193990246134e+01,-9.328530012860117893e+01,0.000000000000000000e+00,0.000000000000000000e+00,2.857613265514373779e-01,2.887641787528991699e-01,1.295655667781829834e-01,1.697360724210739136e-01,9.346173437500000000e+04,4.829244140625000000e+04,5.441617187500000000e+04,7.305682812500000000e+04,-3.602363425332952291e+07
1.812999999999999945e+00,-3.368655191185303721e+01,1.138483317188128296e+01,-1.019613104132190955e+02,-1.212406347656250000e+04,-1.948491859436035156e+01,3.518207763671875000e+03,2.889956235885620117e-01,3.028587102890014648e-01,1.193267628550529480e-01,1.709887385368347168e-01,-5.959874821674814172e+01,-1.138483317188128296e+01,1.019613104132190955e+02,-9.328530012860117893e+01,0.000000000000000000e+00,0.000000000000000000e+00,2.889956235885620117e-01,3.028587102890014648e-01,1.193267628550529480e-01,1.709887385368347168e-01,9.352049218750000000e+04,4.840090625000000000e+04,5.423623437500000000e+04,7.283582812500000000e+04,-3.603529476035676897e+07
1.814000000000000057e+00,-2.132196036509110115e+01,8.211313798528458108e+00,-1.034585396336122045e+02,-1.210591894531250000e+04,-4.400343704223632812e+01,3.505875488281250000e+03,2.889852523803710938e-01,3.137996494770050049e-01,1.144069507718086243e-01,1.775784939527511597e-01,-7.196333976351007777e+01,-8.211313798528458108e+00,1.034585396336122045e+02,-9.328530012860117893e+01,0.000000000000000000e+00,0.000000000000000000e+00,2.889852523803710938e-01,3.137996494770050049e-01,1.144069507718086243e-01,1.775784939527511597e-01,9.358871875000000000e+04,4.851545703125000000e+04,5.401294531250000000e+04,7.260864843750000000e+04,-3.604652048144799471e+07
1.814999999999999947e+00,-9.113657454131896429e+00,4.831133782657798470e+00,-1.042393873528342141e+02,-1.211587890625000000e+04,-6.037966156005859375e+01,3.473986816406250000e+03,2.896994352340698242e-01,3.238926827907562256e-01,1.133468672633171082e-01,1.864148527383804321e-01,-8.417164267446928250e+01,-4.831133782657798470e+00,1.042393873528342141e+02,-9.328530012860117893e+01,0.000000000000000000e+00,0.000000000000000000e+00,2.896994352340698242e-01,3.238926827907562256e-01,1.133468672633171082e-01,1.864148527383804321e-01,9.367418750000000000e+04,4.863369140625000000e+04,5.379326562500000000e+04,7.237790625000000000e+04,-3.605749272992950678e+07
1.816000000000000059e+00,3.040942877341663575e+00,1.386721825598028035e+00,-1.042894056385275690e+02,-1.214822753906250000e+04,-6.503729248046875000e+01,3.450621826171875000e+03,2.905353307723999023e-01,3.344967961311340332e-01,1.156256645917892456e-01,1.960867345333099365e-01,-9.632624300594284250e+01,-1.386721825598028035e+00,1.042894056385275690e+02,-9.328530012860117893e+01,0.000000000000000000e+00,0.000000000000000000e+00,2.905353307723999023e-01,3.344967961311340332e-01,1.156256645917892456e-01,1.960867345333099365e-01,9.375972656250000000e+04,4.875034375000000000e+04,5.357240625000000000e+04,7.215016406250000000e+04,-3.606838018038894981e+07
1.816999999999999948e+00,1.523366882914704945e+01,-1.968446827307670954e+00,-1.036121454754421762e+02,-1.218566015625000000e+04,-6.038566589355468750e+01,3.428748535156250000e+03,2.905956208705902100e-01,3.458293676376342773e-01,1.210642680525779724e-01,2.060462087392807007e-01,-1.085189689577482284e+02,1.968446827307670954e+00,1.036121454754421762e+02,-9.328530012860117893e+01,0.000000000000000000e+00,0.000000000000000000e+00,2.905956208705902100e-01,3.458293676376342773e-01,1.210642680525779724e-01,2.060462087392807007e-01,9.385357031250000000e+04,4.886653515625000000e+04,5.335130859375000000e+04,7.206925781250000000e+04,-3.607935159652788192e+07
1.818000000000000060e+00,2.752691603662374575e+01,-5.131019120897676089e+00,-1.022172880531214503e+02,-1.220314062500000000e+04,-5.452506256103515625e+01,3.461482177734375000e+03,2.911787629127502441e-01,3.583964407444000244e-01,1.285723447799682617e-01,2.150544673204421997e-01,-1.208122161652249247e+02,5.131019120897676089e+00,1.022172880531214503e+02,-9.328530012860117893e+01,0.000000000000000000e+00,0.000000000000000000e+00,2.911787629127502441e-01,3.583964407444000244e-01,1.285723447799682617e-01,2.150544673204421997e-01,9.395546093750000000e+04,4.897320703125000000e+04,5.312728906250000000e+04,7.207453906250000000e+04,-3.609058402896852046e+07
1.818999999999999950e+00,3.996018438985082355e+01,-7.917828733974340949e+00,-1.001736613122321984e+02,-1.219728613281250000e+04,-5.711087417602539062e+01,3.453940185546875000e+03,2.888559699058532715e-01,3.698824346065521240e-01,1.382447928190231323e-01,2.248223274946212769e-01,-1.332454845184520025e+02,7.917828733974340949e+00,1.001736613122321984e+02,-9.328530012860117893e+01,0.000000000000000000e+00,0.000000000000000000e+00,2.888559699058532715e-01,3.698824346065521240e-01,1.382447928190231323e-01,2.248223274946212769e-01,9.405163281250000000e+04,4.908673828125000000e+04,5.297526562500000000e+04,7.213960156250000000e+04,-3.610227829973755032e+07
1.820000000000000062e+00,5.255188057522998690e+01,-1.021189822970112360e+01,-9.755512788761198806e+01,-1.217529394531250000e+04,-6.726614379882812500e+01,3.462487060546875000e+03,2.884877920150756836e-01,3.822878599166870117e-01,1.464536339044570923e-01,2.329815626144409180e-01,-1.458371807038311658e+02,1.021189822970112360e+01,9.755512788761198806e+01,-9.328530012860117893e+01,0.000000000000000000e+00,0.000000000000000000e+00,2.884877920150756836e-01,3.822878599166870117e-01,1.464536339044570923e-01,2.329815626144409180e-01,9.413234375000000000e+04,4.919816406250000000e+04,5.290088281250000000e+04,7.225324218750000000e+04,-3.611466128573216498e+07
1.820999999999999952e+00,6.530309306818914195e+01,-1.188310315974440634e+01,-9.450638833008737549e+01,-1.216317968750000000e+04,-8.329850006103515625e+01,3.432629150390625000e+03,2.846381664276123047e-01,3.932115733623504639e-01,1.525868326425552368e-01,2.415525317192077637e-01,-1.585883931967903209e+02,1.188310315974440634e+01,9.450638833008737549e+01,-9.328530012860117893e+01,0.000000000000000000e+00,0.000000000000000000e+00,2.846381664276123047e-01,3.932115733623504639e-01,1.525868326425552368e-01,2.415525317192077637e-01,9.420210937500000000e+04,4.931599218750000000e+04,5.289917578125000000e+04,7.236061718750000000e+04,-3.612799844527234137e+07
1.822000000000000064e+00,7.820278970666852558e+01,-1.285567787966617814e+01,-9.114981898296410634e+01,-1.217683398437500000e+04,-9.303435516357421875e+01,3.424984863281250000e+03,2.798109948635101318e-01,4.042609035968780518e-01,1.541333794593811035e-01,2.487847805023193359e-01,-1.714880898352697045e+02,1.285567787966617814e+01,9.114981898296410634e+01,-9.328530012860117893e+01,0.000000000000000000e+00,0.000000000000000000e+00,2.798109948635101318e-01,4.042609035968780518e-01,1.541333794593811035e-01,2.487847805023193359e-01,9.424682031250000000e+04,4.942994140625000000e+04,5.294181250000000000e+04,7.247209375000000000e+04,-3.614258767954462022e+07
1.822999999999999954e+00,-2.687921674926745936e+02,-1.306967462870809449e+01,-8.764184084897330251e+01,-1.221426953125000000e+04,-9.410903167724609375e+01,3.430453369140625000e+03,2.703327536582946777e-01,4.140502214431762695e-01,1.512203663587570190e-01,2.549307942390441895e-01,1.755068673640734289e+02,1.306967462870809449e+01,8.764184084897330251e+01,-9.328530012860117893e+01,0.000000000000000000e+00,0.000000000000000000e+00,2.703327536582946777e-01,4.140502214431762695e-01,1.512203663587570190e-01,2.549307942390441895e-01,9.429330468750000000e+04,4.954138671875000000e+04,5.298149218750000000e+04,7.258598437500000000e+04,-3.622268881751232594e+07
1.824000000000000066e+00,-2.557670290361970729e+02,-1.250410749438558788e+01,-8.419875274358379613e+01,-1.225925781250000000e+04,-8.617617797851562500e+01,3.410376464843750000e+03,2.866080999374389648e-01,-4.898022115230560303e-02,3.242253661155700684e-01,2.855997979640960693e-01,1.624817289075959081e+02,1.250410749438558788e+01,8.419875274358379613e+01,-9.328530012860117893e+01,0.000000000000000000e+00,0.000000000000000000e+00,2.866080999374389648e-01,0.000000000000000000e+00,3.242253661155700684e-01,2.855997979640960693e-01,9.430000000000000000e+04,4.965680859375000000e+04,5.303700390625000000e+04,7.269499218750000000e+04,-3.629535137332213670e+07
1.824999999999999956e+00,-2.428224110324961771e+02,-1.119042560468756342e+01,-8.099448894544825350e+01,-1.228295507812500000e+04,-7.534766387939453125e+01,3.405653564453125000e+03,2.818820774555206299e-01,-4.013875499367713928e-02,3.309068083763122559e-01,2.916053235530853271e-01,1.495371109038950124e+02,1.119042560468756342e+01,8.099448894544825350e+01,-9.328530012860117893e+01,0.000000000000000000e+00,0.000000000000000000e+00,2.818820774555206299e-01,0.000000000000000000e+00,3.309068083763122559e-01,2.916053235530853271e-01,9.424309375000000000e+04,4.977008984375000000e+04,5.306604296875000000e+04,7.280644531250000000e+04,-3.636099942948652059e+07
1.826000000000000068e+00,-2.300476637707045029e+02,-9.230168553544013221e+00,-7.821587594077497840e+01,-1.227850976562500000e+04,-7.192945861816406250e+01,3.370175292968750000e+03,2.772590517997741699e-01,-2.851540222764015198e-02,3.356907069683074951e-01,2.957175970077514648e-01,1.367623636421033098e+02,9.230168553544013221e+00,7.821587594077497840e+01,-9.328530012860117893e+01,0.000000000000000000e+00,0.000000000000000000e+00,2.772590517997741699e-01,0.000000000000000000e+00,3.356907069683074951e-01,2.957175970077514648e-01,9.429603906250000000e+04,4.955128125000000000e+04,5.318481250000000000e+04,7.291293750000000000e+04,-3.642012427635359019e+07
1.826999999999999957e+00,-2.174757488670805401e+02,-6.704386051260631696e+00,-7.594193460921425753e+01,-1.225304980468750000e+04,-7.395590209960937500e+01,3.389467285156250000e+03,2.753186821937561035e-01,-1.583316549658775330e-02,3.383710384368896484e-01,2.982577979564666748e-01,1.241904487384793754e+02,6.704386051260631696e+00,7.594193460921425753e+01,-9.328530012860117893e+01,0.000000000000000000e+00,0.000000000000000000e+00,2.753186821937561035e-01,0.000000000000000000e+00,3.383710384368896484e-01,2.982577979564666748e-01,9.432412500000000000e+04,4.932324218750000000e+04,5.329434375000000000e+04,7.302905468750000000e+04,-3.647323210392340273e+07
1.828000000000000069e+00,-2.050865835661816448e+02,-3.752474065817744897e+00,-7.427299158314687588e+01,-1.223345800781250000e+04,-8.227981567382812500e+01,3.392985107421875000e+03,2.716479003429412842e-01,-1.012459397315979004e-04,3.384525775909423828e-01,2.986901402473449707e-01,1.118012834375804658e+02,3.752474065817744897e+00,7.427299158314687588e+01,-9.328530012860117893e+01,0.000000000000000000e+00,0.000000000000000000e+00,2.716479003429412842e-01,0.000000000000000000e+00,3.384525775909423828e-01,2.986901402473449707e-01,9.431638281250000000e+04,4.909764062500000000e+04,5.340638281250000000e+04,7.314246093750000000e+04,-3.652082316902257502e+07
1.828999999999999959e+00,-1.928080966935353899e+02,-5.080563966551620014e-01,-7.327297040948944584e+01,-1.223771191406250000e+04,-8.666834259033203125e+01,3.400156982421875000e+03,2.696611881256103516e-01,1.710118912160396576e-02,3.360338509082794189e-01,2.972416281700134277e-01,9.952279656493422522e+01,5.080563966551620014e-01,7.327297040948944584e+01,-9.328530012860117893e+01,0.000000000000000000e+00,0.000000000000000000e+00,2.696611881256103516e-01,1.710118912160396576e-02,3.360338509082794189e-01,2.972416281700134277e-01,9.426960937500000000e+04,4.887103906250000000e+04,5.351759765625000000e+04,7.325588281250000000e+04,-3.656336731748709083e+07
1.830000000000000071e+00,-1.805461787852430007e+02,2.868469105101013383e+00,-7.298940645581910758e+01,-1.226418261718750000e+04,-8.343681335449218750e+01,3.393858886718750000e+03,2.681459784507751465e-01,3.698122501373291016e-02,3.307306766510009766e-01,2.932710051536560059e-01,8.726087865664183596e+01,-2.868469105101013383e+00,7.298940645581910758e+01,-9.328530012860117893e+01,0.000000000000000000e+00,0.000000000000000000e+00,2.681459784507751465e-01,3.698122501373291016e-02,3.307306766510009766e-01,2.932710051536560059e-01,9.422233593750000000e+04,4.864659765625000000e+04,5.363080078125000000e+04,7.336713281250000000e+04,-3.660129992173082381e+07
1.830999999999999961e+00,-1.682100634278300504e+02,6.204684098433821404e+00,-7.344191288991592614e+01,-1.229677246093750000e+04,-7.098246002197265625e+01,3.372285156250000000e+03,2.680018544197082520e-01,5.933608487248420715e-02,3.220522701740264893e-01,2.863817214965820312e-01,7.492476329922885725e+01,-6.204684098433821404e+00,7.344191288991592614e+01,-9.328530012860117893e+01,0.000000000000000000e+00,0.000000000000000000e+00,2.680018544197082520e-01,5.933608487248420715e-02,3.220522701740264893e-01,2.863817214965820312e-01,9.415892968750000000e+04,4.842531640625000000e+04,5.374647656250000000e+04,7.347611718750000000e+04,-3.663502675984290987e+07
1.832000000000000073e+00,-1.557348456501004819e+02,9.384048436243562108e+00,-7.463409108814981607e+01,-1.230986718750000000e+04,-5.510892486572265625e+01,3.397718505859375000e+03,2.694652974605560303e-01,8.399020880460739136e-02,3.094614148139953613e-01,2.762883007526397705e-01,6.244954552149931004e+01,-9.384048436243562108e+00,7.463409108814981607e+01,-9.328530012860117893e+01,0.000000000000000000e+00,0.000000000000000000e+00,2.694652974605560303e-01,8.399020880460739136e-02,3.094614148139953613e-01,2.762883007526397705e-01,9.409489843750000000e+04,4.819633593750000000e+04,5.385454687500000000e+04,7.359339062500000000e+04,-3.666493840991017967e+07
1.832999999999999963e+00,-1.430809440881857881e+02,1.221713225715166828e+01,-7.651441430832413459e+01,-1.229783496093750000e+04,-4.555187988281250000e+01,3.388064941406250000e+03,2.690124809741973877e-01,1.112117245793342590e-01,2.929179072380065918e-01,2.636515200138092041e-01,4.979564395958459500e+01,-1.221713225715166828e+01,7.651441430832413459e+01,-9.328530012860117893e+01,0.000000000000000000e+00,0.000000000000000000e+00,2.690124809741973877e-01,1.112117245793342590e-01,2.929179072380065918e-01,2.636515200138092041e-01,9.402482031250000000e+04,4.797299218750000000e+04,5.396883984375000000e+04,7.370421093750000000e+04,-3.669141428038888425e+07
1.834000000000000075e+00,-1.302322077368128816e+02,1.457843615813612104e+01,-7.901846232598867914e+01,-1.226472656250000000e+04,-4.337821960449218750e+01,3.398608154296875000e+03,2.715614736080169678e-01,1.381622254848480225e-01,2.726643979549407959e-01,2.489639073610305786e-01,3.694690760821168851e+01,-1.457843615813612104e+01,7.901846232598867914e+01,-9.328530012860117893e+01,0.000000000000000000e+00,0.000000000000000000e+00,2.715614736080169678e-01,1.381622254848480225e-01,2.726643979549407959e-01,2.489639073610305786e-01,9.397044531250000000e+04,4.774591406250000000e+04,5.407998046875000000e+04,7.381820312500000000e+04,-3.671483115651006997e+07
1.834999999999999964e+00,-1.171995387976991481e+02,1.632062099015986334e+01,-8.199748558882546945e+01,-1.223532812500000000e+04,-4.754809188842773438e+01,3.364491210937500000e+03,2.737131714820861816e-01,1.649806797504425049e-01,2.498745471239089966e-01,2.336224764585494995e-01,2.391423866909797269e+01,-1.632062099015986334e+01,8.199748558882546945e+01,-9.328530012860117893e+01,0.000000000000000000e+00,0.000000000000000000e+00,2.737131714820861816e-01,1.649806797504425049e-01,2.498745471239089966e-01,2.336224764585494995e-01,9.392458593750000000e+04,4.780087500000000000e+04,5.419856640625000000e+04,7.392492187500000000e+04,-3.673555683871685714e+07
1.836000000000000076e+00,-1.040046143014393607e+02,1.736294852239561948e+01,-8.532628311991298631e+01,-1.222669335937500000e+04,-4.654506301879882812e+01,3.358147949218750000e+03,2.791413664817810059e-01,1.904690265655517578e-01,2.254500240087509155e-01,2.179244160652160645e-01,1.071931417283818710e+01,-1.736294852239561948e+01,8.532628311991298631e+01,-9.328530012860117893e+01,0.000000000000000000e+00,0.000000000000000000e+00,2.791413664817810059e-01,1.904690265655517578e-01,2.254500240087509155e-01,2.179244160652160645e-01,9.388421093750000000e+04,4.785053515625000000e+04,5.431242578125000000e+04,7.403682031250000000e+04,-3.675395584508530051e+07
1.836999999999999966e+00,-9.070435788677468736e+01,1.763802890253035116e+01,-8.882955897925742761e+01,-1.224297558593750000e+04,-3.728291320800781250e+01,3.358562500000000000e+03,2.829541862010955811e-01,2.154576778411865234e-01,2.012653797864913940e-01,2.034768760204315186e-01,-2.580942241826498229e+00,-1.763802890253035116e+01,8.882955897925742761e+01,-9.328530012860117893e+01,0.000000000000000000e+00,0.000000000000000000e+00,2.829541862010955811e-01,2.154576778411865234e-01,2.012653797864913940e-01,2.034768760204315186e-01,9.389984375000000000e+04,4.796334375000000000e+04,5.442506640625000000e+04,7.407850000000000000e+04,-3.677038491623696685e+07
1.838000000000000078e+00,-7.739769316401137189e+01,1.712041480783135228e+01,-9.228881240274333209e+01,-1.226962792968750000e+04,-1.905762100219726562e+01,3.347948486328125000e+03,2.861924469470977783e-01,2.392967045307159424e-01,1.785047352313995361e-01,1.909668743610382080e-01,-1.588760696458981059e+01,-1.712041480783135228e+01,9.228881240274333209e+01,-9.328530012860117893e+01,0.000000000000000000e+00,0.000000000000000000e+00,2.861924469470977783e-01,2.392967045307159424e-01,1.785047352313995361e-01,1.909668743610382080e-01,9.391267187500000000e+04,4.807778515625000000e+04,5.453944140625000000e+04,7.411686718750000000e+04,-3.678518565264198184e+07
1.838999999999999968e+00,-6.419651341644672016e+01,1.583719273831646213e+01,-9.552332992442121906e+01,-1.227987890625000000e+04,-1.063662052154541016e+00,3.362964111328125000e+03,2.898717224597930908e-01,2.616252303123474121e-01,1.580799371004104614e-01,1.808973550796508789e-01,-2.908878671215445522e+01,-1.583719273831646213e+01,9.552332992442121906e+01,-9.328530012860117893e+01,0.000000000000000000e+00,0.000000000000000000e+00,2.898717224597930908e-01,2.616252303123474121e-01,1.580799371004104614e-01,1.808973550796508789e-01,9.395700000000000000e+04,4.818758203125000000e+04,5.464936328125000000e+04,7.405100781250000000e+04,-3.679868236821048707e+07
1.840000000000000080e+00,-5.120625947640081677e+01,1.388266547013554408e+01,-9.833426102177857331e+01,-1.226564062500000000e+04,8.207692146301269531e+00,3.353157958984375000e+03,2.917016744613647461e-01,2.812814712524414062e-01,1.415568441152572632e-01,1.752487123012542725e-01,-4.207904065220036216e+01,-1.388266547013554408e+01,9.833426102177857331e+01,-9.328530012860117893e+01,0.000000000000000000e+00,0.000000000000000000e+00,2.917016744613647461e-01,2.812814712524414062e-01,1.415568441152572632e-01,1.752487123012542725e-01,9.404364843750000000e+04,4.830133203125000000e+04,5.469414453125000000e+04,7.382453906250000000e+04,-3.681116680451130867e+07
1.840999999999999970e+00,-3.847076880007669786e+01,1.135054973410161061e+01,-1.006224569441503860e+02,-1.223195996093750000e+04,8.248559951782226562e+00,3.382311279296875000e+03,2.946232557296752930e-01,2.982835173606872559e-01,1.288832128047943115e-01,1.734788864850997925e-01,-5.481453132852448107e+01,-1.135054973410161061e+01,1.006224569441503860e+02,-9.328530012860117893e+01,0.000000000000000000e+00,0.000000000000000000e+00,2.946232557296752930e-01,2.982835173606872559e-01,1.288832128047943115e-01,1.734788864850997925e-01,9.414793750000000000e+04,4.840919921875000000e+04,5.460157812500000000e+04,7.360465625000000000e+04,-3.682290051838412136e+07
1.842000000000000082e+00,-2.597862582482868277e+01,8.416011236749794122e+00,-1.022672877601429917e+02,-1.220622753906250000e+04,1.644608974456787109e+00,3.358461181640625000e+03,2.943050563335418701e-01,3.118956089019775391e-01,1.214687004685401917e-01,1.771811097860336304e-01,-6.730667430377249616e+01,-8.416011236749794122e+00,1.022672877601429917e+02,-9.328530012860117893e+01,0.000000000000000000e+00,0.000000000000000000e+00,2.943050563335418701e-01,3.118956089019775391e-01,1.214687004685401917e-01,1.771811097860336304e-01,9.424057812500000000e+04,4.852606250000000000e+04,5.441948828125000000e+04,7.337528906250000000e+04,-3.683410483477482200e+07
1.842999999999999972e+00,-1.365718697083515565e+01,5.216533426290439479e+00,-1.032232508536274480e+02,-1.220448242187500000e+04,3.433953225612640381e-01,3.343596923828125000e+03,2.960504889488220215e-01,3.245547711849212646e-01,1.176070272922515869e-01,1.829749941825866699e-01,-7.962811315776602328e+01,-5.216533426290439479e+00,1.032232508536274480e+02,-9.328530012860117893e+01,0.000000000000000000e+00,0.000000000000000000e+00,2.960504889488220215e-01,3.245547711849212646e-01,1.176070272922515869e-01,1.829749941825866699e-01,9.435042968750000000e+04,4.864123437500000000e+04,5.424048046875000000e+04,7.314746093750000000e+04,-3.684497360526856035e+07
1.844000000000000083e+00,-1.408559334420885989e+00,1.905309698821289421e+00,-1.034618500888465888e+02,-1.223037500000000000e+04,7.745993137359619141e+00,3.326079345703125000e+03,2.960584461688995361e-01,3.365879952907562256e-01,1.178574338555335999e-01,1.909478306770324707e-01,-9.187674079418029294e+01,-1.905309698821289421e+00,1.034618500888465888e+02,-9.328530012860117893e+01,0.000000000000000000e+00,0.000000000000000000e+00,2.960584461688995361e-01,3.365879952907562256e-01,1.178574338555335999e-01,1.909478306770324707e-01,9.446025781250000000e+04,4.875654296875000000e+04,5.401853125000000000e+04,7.294403906250000000e+04,-3.685568357393681258e+07
1.844999999999999973e+00,1.086127884634491636e+01,-1.371350177226665190e+00,-1.029744923589762635e+02,-1.226869238281250000e+04,2.602990531921386719e+01,3.318931640625000000e+03,2.957065701484680176e-01,3.491691648960113525e-01,1.214056462049484253e-01,1.993941664695739746e-01,-1.041465789749460953e+02,1.371350177226665190e+00,1.029744923589762635e+02,-9.328530012860117893e+01,0.000000000000000000e+00,0.000000000000000000e+00,2.957065701484680176e-01,3.491691648960113525e-01,1.214056462049484253e-01,1.993941664695739746e-01,9.457127343750000000e+04,4.886980859375000000e+04,5.379500000000000000e+04,7.280829687500000000e+04,-3.686640716799288988e+07
1.846000000000000085e+00,2.321980817018615539e+01,-4.479893942707785293e+00,-1.017702438256309705e+02,-1.229357128906250000e+04,4.828137969970703125e+01,3.339092041015625000e+03,2.950893044471740723e-01,3.626304864883422852e-01,1.275798976421356201e-01,2.073401510715484619e-01,-1.165051082987873343e+02,4.479893942707785293e+00,1.017702438256309705e+02,-9.328530012860117893e+01,0.000000000000000000e+00,0.000000000000000000e+00,2.950893044471740723e-01,3.626304864883422852e-01,1.275798976421356201e-01,2.073401510715484619e-01,9.468766406250000000e+04,4.897899609375000000e+04,5.356687109375000000e+04,7.267986718750000000e+04,-3.687732357946241647e+07
1.846999999999999975e+00,3.570630199656447701e+01,-7.230082309091572235e+00,-9.991467494739816857e+01,-1.229370996093750000e+04,6.518405914306640625e+01,3.317849853515625000e+03,2.934611439704895020e-01,3.760104775428771973e-01,1.356598883867263794e-01,2.150444835424423218e-01,-1.289916021251656559e+02,7.230082309091572235e+00,9.991467494739816857e+01,-9.328530012860117893e+01,0.000000000000000000e+00,0.000000000000000000e+00,2.934611439704895020e-01,3.760104775428771973e-01,1.356598883867263794e-01,2.150444835424423218e-01,9.479562500000000000e+04,4.909545703125000000e+04,5.339891796875000000e+04,7.267062500000000000e+04,-3.688863373582472652e+07
1.848000000000000087e+00,4.833615750607036432e+01,-9.517732367058158616e+00,-9.747228799973697733e+01,-1.227059277343750000e+04,7.370325469970703125e+01,3.332898193359375000e+03,2.943676412105560303e-01,3.905327916145324707e-01,1.424525231122970581e-01,2.207178324460983276e-01,-1.416214576346715432e+02,9.517732367058158616e+00,9.747228799973697733e+01,-9.328530012860117893e+01,0.000000000000000000e+00,0.000000000000000000e+00,2.943676412105560303e-01,3.905327916145324707e-01,1.424525231122970581e-01,2.207178324460983276e-01,9.489197656250000000e+04,4.920571875000000000e+04,5.329312109375000000e+04,7.272521875000000000e+04,-3.690056155410449207e+07
1.848999999999999977e+00,6.111161470136279661e+01,-1.121600074462313579e+01,-9.456919621709910473e+01,-1.224943945312500000e+04,7.305123901367187500e+01,3.327957763671875000e+03,2.908425927162170410e-01,4.027716815471649170e-01,1.479548513889312744e-01,2.274826467037200928e-01,-1.543969148299639755e+02,1.121600074462313579e+01,9.456919621709910473e+01,-9.328530012860117893e+01,0.000000000000000000e+00,0.000000000000000000e+00,2.908425927162170410e-01,4.027716815471649170e-01,1.479548513889312744e-01,2.274826467037200928e-01,9.498875000000000000e+04,4.931910937500000000e+04,5.324672656250000000e+04,7.281760156250000000e+04,-3.691336531510175020e+07
1.850000000000000089e+00,7.402642044758262330e+01,-1.224260514064852146e+01,-9.132083782400312089e+01,-1.225078417968750000e+04,7.371402740478515625e+01,3.347609375000000000e+03,2.853108942508697510e-01,4.140962064266204834e-01,1.495409607887268066e-01,2.337519675493240356e-01,-1.673117205761838022e+02,1.224260514064852146e+01,9.132083782400312089e+01,-9.328530012860117893e+01,0.000000000000000000e+00,0.000000000000000000e+00,2.853108942508697510e-01,4.140962064266204834e-01,1.495409607887268066e-01,2.337519675493240356e-01,9.508711718750000000e+04,4.942799218750000000e+04,5.319705078125000000e+04,7.291221875000000000e+04,-3.692733460282754153e+07
1.850999999999999979e+00,-2.729564756061898834e+02,-1.252207711059562101e+01,-8.790300890980404347e+01,-1.228049511718750000e+04,8.175201416015625000e+01,3.355399169921875000e+03,2.748775482177734375e-01,4.236023724079132080e-01,1.470386534929275513e-01,2.395784705877304077e-01,1.796711754775886902e+02,1.252207711059562101e+01,8.790300890980404347e+01,-9.328530012860117893e+01,0.000000000000000000e+00,0.000000000000000000e+00,2.748775482177734375e-01,4.236023724079132080e-01,1.470386534929275513e-01,2.395784705877304077e-01,9.515739843750000000e+04,4.953890234375000000e+04,5.319376171875000000e+04,7.302589843750000000e+04,-3.700972358179345727e+07
1.852000000000000091e+00,-2.599157973056350102e+02,-1.202743630360351190e+01,-8.454712161595961106e+01,-1.232357226562500000e+04,1.001010971069335938e+02,3.321132568359375000e+03,2.922131717205047607e-01,-4.164431989192962646e-02,3.188226819038391113e-01,2.759384810924530029e-01,1.666304971770338454e+02,1.202743630360351190e+01,8.454712161595961106e+01,-9.328530012860117893e+01,0.000000000000000000e+00,0.000000000000000000e+00,2.922131717205047607e-01,0.000000000000000000e+00,3.188226819038391113e-01,2.759384810924530029e-01,9.510668750000000000e+04,4.965739843750000000e+04,5.319060937500000000e+04,7.313241406250000000e+04,-3.708457267848005891e+07
1.852999999999999980e+00,-2.469383003350027366e+02,-1.078289755072178835e+01,-8.140152218242370452e+01,-1.235181445312500000e+04,1.230126037597656250e+02,3.329275878906250000e+03,2.883621454238891602e-01,-3.215645998716354370e-02,3.254764974117279053e-01,2.812544405460357666e-01,1.536530002064015719e+02,1.078289755072178835e+01,8.140152218242370452e+01,-9.328530012860117893e+01,0.000000000000000000e+00,0.000000000000000000e+00,2.883621454238891602e-01,0.000000000000000000e+00,3.254764974117279053e-01,2.812544405460357666e-01,9.518614062500000000e+04,4.943129687500000000e+04,5.330197656250000000e+04,7.324617187500000000e+04,-3.715229368134560436e+07
1.854000000000000092e+00,-2.341123997348318539e+02,-8.869461292827221399e+00,-7.864937072708009680e+01,-1.235260839843750000e+04,1.415940093994140625e+02,3.322183349609375000e+03,2.832059562206268311e-01,-1.913488656282424927e-02,3.302755653858184814e-01,2.845396101474761963e-01,1.408270996062306892e+02,8.869461292827221399e+00,7.864937072708009680e+01,-9.328530012860117893e+01,0.000000000000000000e+00,0.000000000000000000e+00,2.832059562206268311e-01,0.000000000000000000e+00,3.302755653858184814e-01,2.845396101474761963e-01,9.523383593750000000e+04,4.920755468750000000e+04,5.341607421875000000e+04,7.335792187500000000e+04,-3.721336668791459501e+07
1.854999999999999982e+00,-2.214810059880632593e+02,-6.372428546818614592e+00,-7.638816611463103357e+01,-1.232787597656250000e+04,1.522433929443359375e+02,3.358245605468750000e+03,2.798870801925659180e-01,-4.411946982145309448e-03,3.328193724155426025e-01,2.859752774238586426e-01,1.281957058594620662e+02,6.372428546818614592e+00,7.638816611463103357e+01,-9.328530012860117893e+01,0.000000000000000000e+00,0.000000000000000000e+00,2.798870801925659180e-01,0.000000000000000000e+00,3.328193724155426025e-01,2.859752774238586426e-01,9.528764062500000000e+04,4.897636328125000000e+04,5.352293359375000000e+04,7.347671875000000000e+04,-3.726829628369601816e+07
1.856000000000000094e+00,-2.090357009846572964e+02,-3.441361082081475953e+00,-7.473458548405544377e+01,-1.230028222656250000e+04,1.545078277587890625e+02,3.365196777343750000e+03,2.755229473114013672e-01,1.297376025468111038e-02,3.327776491641998291e-01,2.854559421539306641e-01,1.157504008560561175e+02,3.441361082081475953e+00,7.473458548405544377e+01,-9.328530012860117893e+01,0.000000000000000000e+00,0.000000000000000000e+00,2.755229473114013672e-01,1.297376025468111038e-02,3.327776491641998291e-01,2.854559421539306641e-01,9.529966406250000000e+04,4.874964453125000000e+04,5.363452734375000000e+04,7.359008593750000000e+04,-3.731758930921573937e+07
1.856999999999999984e+00,-1.967105228795042535e+02,-2.402256230943816129e-01,-7.376250365162219680e+01,-1.229044335937500000e+04,1.579870452880859375e+02,3.347991455078125000e+03,2.735986709594726562e-01,3.132656961679458618e-02,3.300456106662750244e-01,2.830170989036560059e-01,1.034252227509030888e+02,2.402256230943816129e-01,7.376250365162219680e+01,-9.328530012860117893e+01,0.000000000000000000e+00,0.000000000000000000e+00,2.735986709594726562e-01,3.132656961679458618e-02,3.300456106662750244e-01,2.830170989036560059e-01,9.525293750000000000e+04,4.852732421875000000e+04,5.375004296875000000e+04,7.369952343750000000e+04,-3.736172530368057638e+07
1.858000000000000096e+00,-1.844098597107481510e+02,3.113300218792493190e+00,-7.350493329287913014e+01,-1.230358398437500000e+04,1.695306091308593750e+02,3.365606201171875000e+03,2.737047672271728516e-01,5.144861340522766113e-02,3.243372440338134766e-01,2.780784964561462402e-01,9.112455958214695784e+01,-3.113300218792493190e+00,7.350493329287913014e+01,-9.328530012860117893e+01,0.000000000000000000e+00,0.000000000000000000e+00,2.737047672271728516e-01,5.144861340522766113e-02,3.243372440338134766e-01,2.780784964561462402e-01,9.521396093750000000e+04,4.829966796875000000e+04,5.385958984375000000e+04,7.381510937500000000e+04,-3.740114496789575368e+07
1.858999999999999986e+00,-1.720334384209123755e+02,6.446263096121724878e+00,-7.399132386292686192e+01,-1.233232910156250000e+04,1.890664672851562500e+02,3.369222167968750000e+03,2.724542319774627686e-01,7.505526393651962280e-02,3.153613507747650146e-01,2.703362703323364258e-01,7.874813829231121076e+01,-6.446263096121724878e+00,7.399132386292686192e+01,-9.328530012860117893e+01,0.000000000000000000e+00,0.000000000000000000e+00,2.724542319774627686e-01,7.505526393651962280e-02,3.153613507747650146e-01,2.703362703323364258e-01,9.515928906250000000e+04,4.807420312500000000e+04,5.397121093750000000e+04,7.392872656250000000e+04,-3.743625674214556813e+07
1.860000000000000098e+00,-1.595055934877720745e+02,9.631030804937845247e+00,-7.523147787950777854e+01,-1.235068945312500000e+04,2.131151123046875000e+02,3.413217529296875000e+03,2.724266052246093750e-01,1.008078008890151978e-01,3.026421964168548584e-01,2.595306336879730225e-01,6.622029335917089554e+01,-9.631030804937845247e+00,7.523147787950777854e+01,-9.328530012860117893e+01,0.000000000000000000e+00,0.000000000000000000e+00,2.724266052246093750e-01,1.008078008890151978e-01,3.026421964168548584e-01,2.595306336879730225e-01,9.510485937500000000e+04,4.784178125000000000e+04,5.407594531250000000e+04,7.404839062500000000e+04,-3.746745130851775408e+07
1.860999999999999988e+00,-1.467867950584051187e+02,1.246280890722496615e+01,-7.717608838407670646e+01,-1.234238085937500000e+04,2.294657440185546875e+02,3.413704345703125000e+03,2.707685828208923340e-01,1.288859695196151733e-01,2.861539423465728760e-01,2.462988048791885376e-01,5.350149492980394683e+01,-1.246280890722496615e+01,7.717608838407670646e+01,-9.328530012860117893e+01,0.000000000000000000e+00,0.000000000000000000e+00,2.707685828208923340e-01,1.288859695196151733e-01,2.861539423465728760e-01,2.462988048791885376e-01,9.504438281250000000e+04,4.761616406250000000e+04,5.418805078125000000e+04,7.416072656250000000e+04,-3.749510914194539934e+07
1.862000000000000099e+00,-1.338703453081512862e+02,1.479671328271963660e+01,-7.974386654167335564e+01,-1.230749023437500000e+04,2.367684020996093750e+02,3.415015869140625000e+03,2.724695503711700439e-01,1.563061475753784180e-01,2.659566700458526611e-01,2.309832572937011719e-01,4.058504517955010016e+01,-1.479671328271963660e+01,7.974386654167335564e+01,-9.328530012860117893e+01,0.000000000000000000e+00,0.000000000000000000e+00,2.724695503711700439e-01,1.563061475753784180e-01,2.659566700458526611e-01,2.309832572937011719e-01,9.498493750000000000e+04,4.739073046875000000e+04,5.430033984375000000e+04,7.427342968750000000e+04,-3.751960843827331066e+07
1.862999999999999989e+00,-1.207696037470342958e+02,1.651574936416125539e+01,-8.282457947506600249e+01,-1.226542285156250000e+04,2.365762634277343750e+02,3.426770751953125000e+03,2.750449776649475098e-01,1.830810308456420898e-01,2.432158887386322021e-01,2.149582803249359131e-01,2.748430361843312042e+01,-1.651574936416125539e+01,8.282457947506600249e+01,-9.328530012860117893e+01,0.000000000000000000e+00,0.000000000000000000e+00,2.750449776649475098e-01,1.830810308456420898e-01,2.432158887386322021e-01,2.149582803249359131e-01,9.492971093750000000e+04,4.750169140625000000e+04,5.441118359375000000e+04,7.438842968750000000e+04,-3.754132641640480608e+07
1.864000000000000101e+00,-1.075217432781386577e+02,1.750799904737825941e+01,-8.623921810740571914e+01,-1.224490917968750000e+04,2.362503662109375000e+02,3.410915527343750000e+03,2.776487767696380615e-01,2.087452113628387451e-01,2.193587273359298706e-01,1.994672417640686035e-01,1.423644314953748236e+01,-1.750799904737825941e+01,8.623921810740571914e+01,-9.328530012860117893e+01,0.000000000000000000e+00,0.000000000000000000e+00,2.776487767696380615e-01,2.087452113628387451e-01,2.193587273359298706e-01,1.994672417640686035e-01,9.487046093750000000e+04,4.761707421875000000e+04,5.452674218750000000e+04,7.449826562500000000e+04,-3.756063107445279509e+07
1.864999999999999991e+00,-9.418392993118369816e+01,1.771595497074183001e+01,-8.982396046970575298e+01,-1.224921093750000000e+04,2.443475646972656250e+02,3.420802246093750000e+03,2.820163369178771973e-01,2.331195175647735596e-01,1.954404115676879883e-01,1.847043037414550781e-01,8.986298025825152358e-01,-1.771595497074183001e+01,8.982396046970575298e+01,-9.328530012860117893e+01,0.000000000000000000e+00,0.000000000000000000e+00,2.820163369178771973e-01,2.331195175647735596e-01,1.954404115676879883e-01,1.847043037414550781e-01,9.483571093750000000e+04,4.772790234375000000e+04,5.463795703125000000e+04,7.450816406250000000e+04,-3.757788388604506850e+07
1.866000000000000103e+00,-8.086034845918491953e+01,1.711841714856909391e+01,-9.333093594847960617e+01,-1.226993750000000000e+04,2.588100891113281250e+02,3.395701904296875000e+03,2.847059369087219238e-01,2.562834322452545166e-01,1.732943058013916016e-01,1.723943650722503662e-01,-1.242495166941625406e+01,-1.711841714856909391e+01,9.333093594847960617e+01,-9.328530012860117893e+01,0.000000000000000000e+00,0.000000000000000000e+00,2.847059369087219238e-01,2.562834322452545166e-01,1.732943058013916016e-01,1.723943650722503662e-01,9.484439062500000000e+04,4.784417187500000000e+04,5.475490625000000000e+04,7.428449218750000000e+04,-3.759342598580870032e+07
1.866999999999999993e+00,-6.765113355700714237e+01,1.574326376719925591e+01,-9.659950395981741167e+01,-1.228071972656250000e+04,2.779410095214843750e+02,3.418592773437500000e+03,2.891418039798736572e-01,2.779740393161773682e-01,1.533500850200653076e-01,1.622018069028854370e-01,-2.563416657159402945e+01,-1.574326376719925591e+01,9.659950395981741167e+01,-9.328530012860117893e+01,0.000000000000000000e+00,0.000000000000000000e+00,2.891418039798736572e-01,2.779740393161773682e-01,1.533500850200653076e-01,1.622018069028854370e-01,9.486085156250000000e+04,4.795289453125000000e+04,5.486378515625000000e+04,7.407465625000000000e+04,-3.760758197619957477e+07
1.868000000000000105e+00,-5.465674300025192878e+01,1.367228027171578297e+01,-9.944655494594111644e+01,-1.226759960937500000e+04,2.892582092285156250e+02,3.439897216796875000e+03,2.904251515865325928e-01,2.971462011337280273e-01,1.376629024744033813e-01,1.568602174520492554e-01,-3.862855712834925015e+01,-1.367228027171578297e+01,9.944655494594111644e+01,-9.328530012860117893e+01,0.000000000000000000e+00,0.000000000000000000e+00,2.904251515865325928e-01,2.971462011337280273e-01,1.376629024744033813e-01,1.568602174520492554e-01,9.492673437500000000e+04,4.806226171875000000e+04,5.486178125000000000e+04,7.385320312500000000e+04,-3.762064588429341465e+07
1.868999999999999995e+00,-4.193115547180330793e+01,1.103645956825325136e+01,-1.017260748129443613e+02,-1.223397753906250000e+04,2.899538574218750000e+02,3.444725830078125000e+03,2.914325296878814697e-01,3.134008646011352539e-01,1.263640224933624268e-01,1.560799926519393921e-01,-5.135414465679787099e+01,-1.103645956825325136e+01,1.017260748129443613e+02,-9.328530012860117893e+01,0.000000000000000000e+00,0.000000000000000000e+00,2.914325296878814697e-01,3.134008646011352539e-01,1.263640224933624268e-01,1.560799926519393921e-01,9.499670312500000000e+04,4.817418750000000000e+04,5.473886328125000000e+04,7.362856250000000000e+04,-3.763287410382926464e+07
1.870000000000000107e+00,-2.946003913329130341e+01,7.965048514460802309e+00,-1.033667808222322861e+02,-1.219645117187500000e+04,2.803289489746093750e+02,3.466771484375000000e+03,2.926814556121826172e-01,3.272060751914978027e-01,1.194809004664421082e-01,1.592826396226882935e-01,-6.382526099530987551e+01,-7.965048514460802309e+00,1.033667808222322861e+02,-9.328530012860117893e+01,0.000000000000000000e+00,0.000000000000000000e+00,2.926814556121826172e-01,3.272060751914978027e-01,1.194809004664421082e-01,1.592826396226882935e-01,9.507572656250000000e+04,4.828298437500000000e+04,5.452580468750000000e+04,7.340694531250000000e+04,-3.764449013111039251e+07
1.870999999999999996e+00,-1.717181092014644150e+01,4.633468869759954423e+00,-1.043019652303631943e+02,-1.218186621093750000e+04,2.681911926269531250e+02,3.454918212890625000e+03,2.919324338436126709e-01,3.383264243602752686e-01,1.177102923393249512e-01,1.669789552688598633e-01,-7.611348920845473742e+01,-4.633468869759954423e+00,1.043019652303631943e+02,-9.328530012860117893e+01,0.000000000000000000e+00,0.000000000000000000e+00,2.919324338436126709e-01,3.383264243602752686e-01,1.177102923393249512e-01,1.669789552688598633e-01,9.515517968750000000e+04,4.839704687500000000e+04,5.430223046875000000e+04,7.318012500000000000e+04,-3.765568537118535489e+07
1.872000000000000108e+00,-4.962487476556361798e+00,1.156796073527284197e+00,-1.045101130382559518e+02,-1.219505273437500000e+04,2.652394104003906250e+02,3.479374267578125000e+03,2.920730412006378174e-01,3.492194116115570068e-01,1.195871233940124512e-01,1.760162413120269775e-01,-8.832281265204481713e+01,-1.156796073527284197e+00,1.045101130382559518e+02,-9.328530012860117893e+01,0.000000000000000000e+00,0.000000000000000000e+00,2.920730412006378174e-01,3.492194116115570068e-01,1.195871233940124512e-01,1.760162413120269775e-01,9.523394531250000000e+04,4.850545703125000000e+04,5.407270312500000000e+04,7.295950781250000000e+04,-3.766663369937173277e+07
1.872999999999999998e+00,7.274700529123393267e+00,-2.271025331197916497e+00,-1.039719072442789241e+02,-1.222821093750000000e+04,2.717126159667968750e+02,3.465762695312500000e+03,2.895770668983459473e-01,3.594222366809844971e-01,1.258712410926818848e-01,1.870049536228179932e-01,-1.005600006577245722e+02,2.271025331197916497e+00,1.039719072442789241e+02,-9.328530012860117893e+01,0.000000000000000000e+00,0.000000000000000000e+00,2.895770668983459473e-01,3.594222366809844971e-01,1.258712410926818848e-01,1.870049536228179932e-01,9.530537500000000000e+04,4.862064062500000000e+04,5.384984375000000000e+04,7.273188281250000000e+04,-3.767750193569158763e+07
1.874000000000000110e+00,1.961987354842939624e+01,-5.493791467977361620e+00,-1.027027062547833083e+02,-1.225546679687500000e+04,2.855655212402343750e+02,3.457395507812500000e+03,2.896326184272766113e-01,3.717521727085113525e-01,1.338625997304916382e-01,1.960010379552841187e-01,-1.129051736770305752e+02,5.493791467977361620e+00,1.027027062547833083e+02,-9.328530012860117893e+01,0.000000000000000000e+00,0.000000000000000000e+00,2.896326184272766113e-01,3.717521727085113525e-01,1.338625997304916382e-01,1.960010379552841187e-01,9.535833593750000000e+04,4.873479296875000000e+04,5.365948046875000000e+04,7.257021875000000000e+04,-3.768846490274639428e+07
1.875000000000000000e+00,3.211683765246148425e+01,-8.376588928120240141e+00,-1.007439451942990871e+02,-1.225658789062500000e+04,2.946152343750000000e+02,3.471298828125000000e+03,2.899667024612426758e-01,3.849411308765411377e-01,1.429709196090698242e-01,2.037725597620010376e-01,-1.254021377810626632e+02,8.376588928120240141e+00,1.007439451942990871e+02,-9.328530012860117893e+01,0.000000000000000000e+00,0.000000000000000000e+00,2.899667024612426758e-01,3.849411308765411377e-01,1.429709196090698242e-01,2.037725597620010376e-01,9.541453906250000000e+04,4.884503125000000000e+04,5.346998828125000000e+04,7.241625781250000000e+04,-3.769971590374257416e+07
1.875999999999999890e+00,4.478121906742028102e+01,-1.076854685092868813e+01,-9.818436973331290574e+01,-1.223481445312500000e+04,2.921456298828125000e+02,3.471516601562500000e+03,2.884987294673919678e-01,3.971001207828521729e-01,1.520395874977111816e-01,2.117467820644378662e-01,-1.380665191960214599e+02,1.076854685092868813e+01,9.818436973331290574e+01,-9.328530012860117893e+01,0.000000000000000000e+00,0.000000000000000000e+00,2.884987294673919678e-01,3.971001207828521729e-01,1.520395874977111816e-01,2.117467820644378662e-01,9.546680468750000000e+04,4.895713281250000000e+04,5.335088281250000000e+04,7.233235937500000000e+04,-3.771147739338494837e+07
1.877000000000000002e+00,5.761331132418833079e+01,-1.257476677390795494e+01,-9.510833581523763769e+01,-1.220575781250000000e+04,2.808739624023437500e+02,3.507720458984375000e+03,2.857165932655334473e-01,4.084660112857818604e-01,1.584464460611343384e-01,2.193581461906433105e-01,-1.508986114527895097e+02,1.257476677390795494e+01,9.510833581523763769e+01,-9.328530012860117893e+01,0.000000000000000000e+00,0.000000000000000000e+00,2.857165932655334473e-01,4.084660112857818604e-01,1.584464460611343384e-01,2.193581461906433105e-01,9.551651562500000000e+04,4.906337109375000000e+04,5.337192187500000000e+04,7.237439062500000000e+04,-3.772400040732765198e+07
1.877999999999999892e+00,7.058721076036148645e+01,-1.367009907762388288e+01,-9.169954711492354704e+01,-1.219595507812500000e+04,2.662470092773437500e+02,3.492201660156250000e+03,2.775109708309173584e-01,4.170098304748535156e-01,1.618473529815673828e-01,2.282857149839401245e-01,-1.638725108889626654e+02,1.367009907762388288e+01,9.169954711492354704e+01,-9.328530012860117893e+01,0.000000000000000000e+00,0.000000000000000000e+00,2.775109708309173584e-01,4.170098304748535156e-01,1.618473529815673828e-01,2.282857149839401245e-01,9.555603906250000000e+04,4.917880468750000000e+04,5.340095703125000000e+04,7.240622656250000000e+04,-3.773757864020045102e+07
1.879000000000000004e+00,8.366044245572878424e+01,-1.399419107331561563e+01,-8.812129092441514899e+01,-1.221370312500000000e+04,2.599231872558593750e+02,3.486477783203125000e+03,2.692344784736633301e-01,4.263740777969360352e-01,1.592036932706832886e-01,2.345288842916488647e-01,-1.769457425843299632e+02,1.399419107331561563e+01,8.812129092441514899e+01,-9.328530012860117893e+01,0.000000000000000000e+00,0.000000000000000000e+00,2.692344784736633301e-01,4.263740777969360352e-01,1.592036932706832886e-01,2.345288842916488647e-01,9.557670312500000000e+04,4.929260546875000000e+04,5.347750390625000000e+04,7.249552343750000000e+04,-3.775253890913031995e+07
1.879999999999999893e+00,-2.632381534020959180e+02,-1.352034853910434897e+01,-8.455626948620611927e+01,-1.224954101562500000e+04,2.621235046386718750e+02,3.491820312500000000e+03,2.581689357757568359e-01,4.351566433906555176e-01,1.511878073215484619e-01,2.383735328912734985e-01,1.699528532734947532e+02,1.352034853910434897e+01,8.455626948620611927e+01,-9.328530012860117893e+01,0.000000000000000000e+00,0.000000000000000000e+00,2.581689357757568359e-01,4.351566433906555176e-01,1.511878073215484619e-01,2.383735328912734985e-01,9.548350000000000000e+04,4.940438281250000000e+04,5.355605859375000000e+04,7.260891406250000000e+04,-3.782916579707090557e+07
1.881000000000000005e+00,-2.502043345518086994e+02,-1.226930602916995028e+01,-8.120465432257408622e+01,-1.228179980468750000e+04,2.678695373535156250e+02,3.494799560546875000e+03,2.811001241207122803e-01,-2.401427179574966431e-02,3.226650655269622803e-01,2.760218679904937744e-01,1.569190344232075063e+02,1.226930602916995028e+01,8.120465432257408622e+01,-9.328530012860117893e+01,0.000000000000000000e+00,0.000000000000000000e+00,2.811001241207122803e-01,0.000000000000000000e+00,3.226650655269622803e-01,2.760218679904937744e-01,9.531268750000000000e+04,4.951624609375000000e+04,5.357051953125000000e+04,7.272242968750000000e+04,-3.789851273785350472e+07
1.881999999999999895e+00,-2.373256088300769875e+02,-1.029480144331246017e+01,-7.820494652243021960e+01,-1.228773242187500000e+04,2.687347717285156250e+02,3.539418701171875000e+03,2.757411003112792969e-01,-1.209563761949539185e-02,3.284915387630462646e-01,2.804552018642425537e-01,1.440403087014758228e+02,1.029480144331246017e+01,7.820494652243021960e+01,-9.328530012860117893e+01,0.000000000000000000e+00,0.000000000000000000e+00,2.757411003112792969e-01,0.000000000000000000e+00,3.284915387630462646e-01,2.804552018642425537e-01,9.531589062500000000e+04,4.928324609375000000e+04,5.367548046875000000e+04,7.284252343750000000e+04,-3.796105817905740440e+07
1.883000000000000007e+00,-2.246690996647490124e+02,-7.736693685174899748e+00,-7.574745123668209601e+01,-1.226737792968750000e+04,2.593750000000000000e+02,3.523373046875000000e+03,2.694512605667114258e-01,2.612955868244171143e-03,3.320612311363220215e-01,2.831276059150695801e-01,1.313837995361478193e+02,7.736693685174899748e+00,7.574745123668209601e+01,-9.328530012860117893e+01,0.000000000000000000e+00,0.000000000000000000e+00,2.694512605667114258e-01,2.612955868244171143e-03,3.320612311363220215e-01,2.831276059150695801e-01,9.527068750000000000e+04,4.906080859375000000e+04,5.379091406250000000e+04,7.295203125000000000e+04,-3.801733191619960219e+07
1.883999999999999897e+00,-2.122318400584028950e+02,-4.724574936635825395e+00,-7.391219933805490427e+01,-1.223414062500000000e+04,2.434776000976562500e+02,3.519736816406250000e+03,2.671200633049011230e-01,1.723017357289791107e-02,3.329837918281555176e-01,2.839576303958892822e-01,1.189465399298017161e+02,4.724574936635825395e+00,7.391219933805490427e+01,-9.328530012860117893e+01,0.000000000000000000e+00,0.000000000000000000e+00,2.671200633049011230e-01,1.723017357289791107e-02,3.329837918281555176e-01,2.839576303958892822e-01,9.518421875000000000e+04,4.883669921875000000e+04,5.390443750000000000e+04,7.306374218750000000e+04,-3.806785960495349765e+07
1.885000000000000009e+00,-1.999525618610431650e+02,-1.403115202306484344e+00,-7.275874716036827294e+01,-1.221376074218750000e+04,2.259720306396484375e+02,3.514856445312500000e+03,2.653520405292510986e-01,3.367430716753005981e-02,3.310883343219757080e-01,2.827755510807037354e-01,1.066672617324419861e+02,1.403115202306484344e+00,7.275874716036827294e+01,-9.328530012860117893e+01,0.000000000000000000e+00,0.000000000000000000e+00,2.653520405292510986e-01,3.367430716753005981e-02,3.310883343219757080e-01,2.827755510807037354e-01,9.508342187500000000e+04,4.861263671875000000e+04,5.401811328125000000e+04,7.317560937500000000e+04,-3.811313643596890569e+07
1.885999999999999899e+00,-1.877315251219440881e+02,2.091952651673782526e+00,-7.232644398426981525e+01,-1.221978906250000000e+04,2.156894836425781250e+02,3.521782470703125000e+03,2.644630670547485352e-01,5.203944444656372070e-02,3.263193070888519287e-01,2.793303430080413818e-01,9.444622499334290922e+01,-2.091952651673782526e+00,7.232644398426981525e+01,-9.328530012860117893e+01,0.000000000000000000e+00,0.000000000000000000e+00,2.644630670547485352e-01,5.203944444656372070e-02,3.263193070888519287e-01,2.793303430080413818e-01,9.497386718750000000e+04,4.838639843750000000e+04,5.412971484375000000e+04,7.328978125000000000e+04,-3.815361505225882679e+07
1.887000000000000011e+00,-1.754624265310329179e+02,5.633546832079152189e+00,-7.264570887681266242e+01,-1.224364453125000000e+04,2.145158081054687500e+02,3.556201416015625000e+03,2.635211348533630371e-01,7.325803488492965698e-02,3.183871209621429443e-01,2.731734216213226318e-01,8.217712640243172473e+01,-5.633546832079152189e+00,7.264570887681266242e+01,-9.328530012860117893e+01,0.000000000000000000e+00,0.000000000000000000e+00,2.635211348533630371e-01,7.325803488492965698e-02,3.183871209621429443e-01,2.731734216213226318e-01,9.486600000000000000e+04,4.815514453125000000e+04,5.423665234375000000e+04,7.340788281250000000e+04,-3.818971125125110894e+07
1.887999999999999901e+00,-1.630561038202305326e+02,9.010544459112770355e+00,-7.372154664022868076e+01,-1.226524218750000000e+04,2.173800506591796875e+02,3.541630371093750000e+03,2.615889012813568115e-01,9.751453995704650879e-02,3.068857491016387939e-01,2.641943097114562988e-01,6.977080369162935369e+01,-9.010544459112770355e+00,7.372154664022868076e+01,-9.328530012860117893e+01,0.000000000000000000e+00,0.000000000000000000e+00,2.615889012813568115e-01,9.751453995704650879e-02,3.068857491016387939e-01,2.641943097114562988e-01,9.474507031250000000e+04,4.793228515625000000e+04,5.435160937500000000e+04,7.351768750000000000e+04,-3.822181460059461743e+07
1.889000000000000012e+00,-1.504592284218181533e+02,1.209726653676232111e+01,-7.553603841163489108e+01,-1.226042480468750000e+04,2.181010742187500000e+02,3.565110351562500000e+03,2.628978788852691650e-01,1.225637346506118774e-01,2.913371622562408447e-01,2.520430982112884521e-01,5.717392829321698144e+01,-1.209726653676232111e+01,7.553603841163489108e+01,-9.328530012860117893e+01,0.000000000000000000e+00,0.000000000000000000e+00,2.628978788852691650e-01,1.225637346506118774e-01,2.913371622562408447e-01,2.520430982112884521e-01,9.461992968750000000e+04,4.770364062500000000e+04,5.446000390625000000e+04,7.363402343750000000e+04,-3.825030461696849018e+07
1.889999999999999902e+00,-1.376487843804460454e+02,1.472913191614369843e+01,-7.801974418661495747e+01,-1.223008886718750000e+04,2.076899566650390625e+02,3.573206054687500000e+03,2.630156278610229492e-01,1.488059163093566895e-01,2.722449600696563721e-01,2.381574809551239014e-01,4.436348425184485222e+01,-1.472913191614369843e+01,7.801974418661495747e+01,-9.328530012860117893e+01,0.000000000000000000e+00,0.000000000000000000e+00,2.630156278610229492e-01,1.488059163093566895e-01,2.722449600696563721e-01,2.381574809551239014e-01,9.450432812500000000e+04,4.762887500000000000e+04,5.457076562500000000e+04,7.374835937500000000e+04,-3.827555583261985332e+07
1.891000000000000014e+00,-1.246221573444859132e+02,1.678291391679147537e+01,-8.108302428539975892e+01,-1.219050878906250000e+04,1.881307830810546875e+02,3.594702636718750000e+03,2.648754119873046875e-01,1.741774082183837891e-01,2.502318024635314941e-01,2.231606990098953247e-01,3.133685721588472717e+01,-1.678291391679147537e+01,8.108302428539975892e+01,-9.328530012860117893e+01,0.000000000000000000e+00,0.000000000000000000e+00,2.648754119873046875e-01,1.741774082183837891e-01,2.502318024635314941e-01,2.231606990098953247e-01,9.439427343750000000e+04,4.773783593750000000e+04,5.467927734375000000e+04,7.386461718750000000e+04,-3.829794263774785399e+07
1.891999999999999904e+00,-1.114076803684529295e+02,1.813515298411159193e+01,-8.456989257313180985e+01,-1.216398046875000000e+04,1.639752044677734375e+02,3.593481933593750000e+03,2.666878700256347656e-01,1.984994411468505859e-01,2.266915440559387207e-01,2.084555029869079590e-01,1.812238023985175417e+01,-1.813515298411159193e+01,8.456989257313180985e+01,-9.328530012860117893e+01,0.000000000000000000e+00,0.000000000000000000e+00,2.666878700256347656e-01,1.984994411468505859e-01,2.266915440559387207e-01,2.084555029869079590e-01,9.429690625000000000e+04,4.785014843750000000e+04,5.479178906250000000e+04,7.394830468750000000e+04,-3.831783525949652493e+07
1.893000000000000016e+00,-9.807341204929748812e+01,1.869764543952727465e+01,-8.826324804552368164e+01,-1.216319042968750000e+04,1.451195373535156250e+02,3.552699951171875000e+03,2.702138721942901611e-01,2.213488519191741943e-01,2.027052342891693115e-01,1.944135129451751709e-01,4.788111920696315416e+00,-1.869764543952727465e+01,8.826324804552368164e+01,-9.328530012860117893e+01,0.000000000000000000e+00,0.000000000000000000e+00,2.702138721942901611e-01,2.213488519191741943e-01,2.027052342891693115e-01,1.944135129451751709e-01,9.420745312500000000e+04,4.796937109375000000e+04,5.491120703125000000e+04,7.391439062500000000e+04,-3.833559365654804558e+07
1.893999999999999906e+00,-8.470122156325743390e+01,1.844333029984163375e+01,-9.199709817322185756e+01,-1.217879003906250000e+04,1.371155090332031250e+02,3.552540771484375000e+03,2.761560976505279541e-01,2.431509196758270264e-01,1.793230921030044556e-01,1.812748759984970093e-01,-8.584078565343739697e+00,-1.844333029984163375e+01,9.199709817322185756e+01,-9.328530012860117893e+01,0.000000000000000000e+00,0.000000000000000000e+00,2.761560976505279541e-01,2.431509196758270264e-01,1.793230921030044556e-01,1.812748759984970093e-01,9.415265625000000000e+04,4.808231250000000000e+04,5.502407812500000000e+04,7.378296093750000000e+04,-3.835157157598719746e+07
1.895000000000000018e+00,-7.141185297499286833e+01,1.738677557552734854e+01,-9.553748813935708029e+01,-1.219610156250000000e+04,1.344930114746093750e+02,3.534536376953125000e+03,2.796412110328674316e-01,2.635111510753631592e-01,1.586578637361526489e-01,1.715375781059265137e-01,-2.187344715360831415e+01,-1.738677557552734854e+01,9.553748813935708029e+01,-9.328530012860117893e+01,0.000000000000000000e+00,0.000000000000000000e+00,2.796412110328674316e-01,2.635111510753631592e-01,1.586578637361526489e-01,1.715375781059265137e-01,9.413742968750000000e+04,4.819807421875000000e+04,5.513999218750000000e+04,7.355523437500000000e+04,-3.836610094033741206e+07
1.895999999999999908e+00,-5.830978684554775526e+01,1.558152393785717749e+01,-9.872722779242319291e+01,-1.219274121093750000e+04,1.314831237792968750e+02,3.555771240234375000e+03,2.839193940162658691e-01,2.821531593799591064e-01,1.410316675901412964e-01,1.648074388504028320e-01,-3.497551328305342366e+01,-1.558152393785717749e+01,9.872722779242319291e+01,-9.328530012860117893e+01,0.000000000000000000e+00,0.000000000000000000e+00,2.839193940162658691e-01,2.821531593799591064e-01,1.410316675901412964e-01,1.648074388504028320e-01,9.415389843750000000e+04,4.830707421875000000e+04,5.517320312500000000e+04,7.333339062500000000e+04,-3.837949082097519189e+07
1.897000000000000020e+00,-4.548034095225032303e+01,1.315796589083812407e+01,-1.013824562911211018e+02,-1.216635742187500000e+04,1.173103256225585938e+02,3.538593994140625000e+03,2.855331897735595703e-01,2.978722453117370605e-01,1.280745565891265869e-01,1.633133143186569214e-01,-4.780495917635085590e+01,-1.315796589083812407e+01,1.013824562911211018e+02,-9.328530012860117893e+01,0.000000000000000000e+00,0.000000000000000000e+00,2.855331897735595703e-01,2.978722453117370605e-01,1.280745565891265869e-01,1.633133143186569214e-01,9.419339062500000000e+04,4.842205078125000000e+04,5.507362890625000000e+04,7.310516406250000000e+04,-3.839201081689833105e+07
1.897999999999999909e+00,-3.293321274576668145e+01,1.024384946480809155e+01,-1.034178288953569620e+02,-1.213033203125000000e+04,9.542856597900390625e+01,3.535682128906250000e+03,2.887349426746368408e-01,3.114014863967895508e-01,1.190896481275558472e-01,1.653413474559783936e-01,-6.035208738283449748e+01,-1.024384946480809155e+01,1.034178288953569620e+02,-9.328530012860117893e+01,0.000000000000000000e+00,0.000000000000000000e+00,2.887349426746368408e-01,3.114014863967895508e-01,1.190896481275558472e-01,1.653413474559783936e-01,9.424535156250000000e+04,4.853489843750000000e+04,5.487100781250000000e+04,7.287956250000000000e+04,-3.840389559718537331e+07
1.899000000000000021e+00,-2.061819193839633613e+01,6.974683132915185269e+00,-1.047773075205400772e+02,-1.210758105468750000e+04,7.021501922607421875e+01,3.540530517578125000e+03,2.900505363941192627e-01,3.224287331104278564e-01,1.149649247527122498e-01,1.718074679374694824e-01,-7.266710819020484280e+01,-6.974683132915185269e+00,1.047773075205400772e+02,-9.328530012860117893e+01,0.000000000000000000e+00,0.000000000000000000e+00,2.900505363941192627e-01,3.224287331104278564e-01,1.149649247527122498e-01,1.718074679374694824e-01,9.432029687500000000e+04,4.864698437500000000e+04,5.464517187500000000e+04,7.265575781250000000e+04,-3.841534763740023971e+07
1.899999999999999911e+00,-8.439646467610259606e+00,3.506995559839630516e+00,-1.054175508326362376e+02,-1.211620996093750000e+04,5.079462814331054688e+01,3.532009521484375000e+03,2.896921634674072266e-01,3.318346142768859863e-01,1.154754832386970520e-01,1.815821975469589233e-01,-8.484565366099091932e+01,-3.506995559839630516e+00,1.054175508326362376e+02,-9.328530012860117893e+01,0.000000000000000000e+00,0.000000000000000000e+00,2.896921634674072266e-01,3.318346142768859863e-01,1.154754832386970520e-01,1.815821975469589233e-01,9.439976562500000000e+04,4.876120703125000000e+04,5.442139843750000000e+04,7.242929687500000000e+04,-3.842654402407414466e+07
1.901000000000000023e+00,3.708555975735976062e+00,-3.349217506715661263e-02,-1.053189100412878076e+02,-1.214732226562500000e+04,4.184284591674804688e+01,3.548259765625000000e+03,2.891895771026611328e-01,3.414869010448455811e-01,1.196406632661819458e-01,1.923832893371582031e-01,-9.699385610433715499e+01,3.349217506715661263e-02,1.053189100412878076e+02,-9.328530012860117893e+01,0.000000000000000000e+00,0.000000000000000000e+00,2.891895771026611328e-01,3.414869010448455811e-01,1.196406632661819458e-01,1.923832893371582031e-01,9.447978125000000000e+04,4.887110546875000000e+04,5.419326953125000000e+04,7.223747656250000000e+04,-3.843763985139557719e+07
1.901999999999999913e+00,1.592074554789996910e+01,-3.451554855692156920e+00,-1.044843793237773326e+02,-1.218297070312500000e+04,3.793868255615234375e+01,3.524781494140625000e+03,2.871005833148956299e-01,3.512414991855621338e-01,1.274973899126052856e-01,2.040343433618545532e-01,-1.092060456765011480e+02,3.451554855692156920e+00,1.044843793237773326e+02,-9.328530012860117893e+01,0.000000000000000000e+00,0.000000000000000000e+00,2.871005833148956299e-01,3.512414991855621338e-01,1.274973899126052856e-01,2.040343433618545532e-01,9.454710937500000000e+04,4.898723046875000000e+04,5.397162500000000000e+04,7.212583593750000000e+04,-3.844883222028797865e+07
1.903000000000000025e+00,2.825834695238361860e+01,-6.631093520139713426e+00,-1.029316906697437304e+02,-1.219722558593750000e+04,3.523604583740234375e+01,3.542197753906250000e+03,2.880975008010864258e-01,3.632129430770874023e-01,1.364823132753372192e-01,2.135330885648727417e-01,-1.215436470809847975e+02,6.631093520139713426e+00,1.029316906697437304e+02,-9.328530012860117893e+01,0.000000000000000000e+00,0.000000000000000000e+00,2.880975008010864258e-01,3.632129430770874023e-01,1.364823132753372192e-01,2.135330885648727417e-01,9.460541406250000000e+04,4.909649609375000000e+04,5.378647265625000000e+04,7.211176562500000000e+04,-3.846026965880586207e+07
1.903999999999999915e+00,4.075484333618756239e+01,-9.405684206321678786e+00,-1.007291074915819138e+02,-1.218526757812500000e+04,2.372452926635742188e+01,3.535653320312500000e+03,2.868982255458831787e-01,3.744479119777679443e-01,1.468617916107177734e-01,2.233669161796569824e-01,-1.340401434647887413e+02,9.405684206321678786e+00,1.007291074915819138e+02,-9.328530012860117893e+01,0.000000000000000000e+00,0.000000000000000000e+00,2.868982255458831787e-01,3.744479119777679443e-01,1.468617916107177734e-01,2.233669161796569824e-01,9.466520312500000000e+04,4.921035156250000000e+04,5.368156250000000000e+04,7.216539843750000000e+04,-3.847216543605265766e+07
1.905000000000000027e+00,5.342563141622845535e+01,-1.165144760807409163e+01,-9.796252259957326203e+01,-1.216123046875000000e+04,5.366501331329345703e+00,3.533777587890625000e+03,2.860643267631530762e-01,3.859714269638061523e-01,1.555720120668411255e-01,2.321847528219223022e-01,-1.467109315448296343e+02,1.165144760807409163e+01,9.796252259957326203e+01,-9.328530012860117893e+01,0.000000000000000000e+00,0.000000000000000000e+00,2.860643267631530762e-01,3.859714269638061523e-01,1.555720120668411255e-01,2.321847528219223022e-01,9.471571093750000000e+04,4.932355859375000000e+04,5.366063671875000000e+04,7.227762500000000000e+04,-3.848475214621031284e+07
1.905999999999999917e+00,6.626793176851690248e+01,-1.325492378305389884e+01,-9.475767666518935073e+01,-1.214714648437500000e+04,-1.568365097045898438e+01,3.522771240234375000e+03,2.820818424224853516e-01,3.963620662689208984e-01,1.614599525928497314e-01,2.411190271377563477e-01,-1.595532318971180814e+02,1.325492378305389884e+01,9.475767666518935073e+01,-9.328530012860117893e+01,0.000000000000000000e+00,0.000000000000000000e+00,2.820818424224853516e-01,3.963620662689208984e-01,1.614599525928497314e-01,2.411190271377563477e-01,9.475839843750000000e+04,4.943809765625000000e+04,5.371006640625000000e+04,7.238799218750000000e+04,-3.849829829528266937e+07
1.907000000000000028e+00,7.925252582845099880e+01,-1.412464036143251356e+01,-9.129252362615487471e+01,-1.216052050781250000e+04,-3.195996665954589844e+01,3.483557617187500000e+03,2.751813530921936035e-01,4.061032831668853760e-01,1.629156321287155151e-01,2.493092268705368042e-01,-1.725378259570521777e+02,1.412464036143251356e+01,9.129252362615487471e+01,-9.328530012860117893e+01,0.000000000000000000e+00,0.000000000000000000e+00,2.751813530921936035e-01,4.061032831668853760e-01,1.629156321287155151e-01,2.493092268705368042e-01,9.476686718750000000e+04,4.955707812500000000e+04,5.380880078125000000e+04,7.249378906250000000e+04,-3.851311308846823126e+07
1.907999999999999918e+00,-2.676686142104939563e+02,-1.421829500451728379e+01,-8.769922240863745344e+01,-1.219509472656250000e+04,-3.757545852661132812e+01,3.491567382812500000e+03,2.669622600078582764e-01,4.163202047348022461e-01,1.586900651454925537e-01,2.550093233585357666e-01,1.743833140818927632e+02,1.421829500451728379e+01,8.769922240863745344e+01,-9.328530012860117893e+01,0.000000000000000000e+00,0.000000000000000000e+00,2.669622600078582764e-01,4.163202047348022461e-01,1.586900651454925537e-01,2.550093233585357666e-01,9.473525000000000000e+04,4.966783203125000000e+04,5.390855468750000000e+04,7.260780468750000000e+04,-3.859265288902550936e+07
1.909000000000000030e+00,-2.545904952926317151e+02,-1.352376930144194844e+01,-8.419684297273639118e+01,-1.223446484375000000e+04,-3.732221221923828125e+01,3.476802490234375000e+03,2.835305631160736084e-01,-4.542305320501327515e-02,3.247346282005310059e-01,2.857047915458679199e-01,1.613051951640305504e+02,1.352376930144194844e+01,8.419684297273639118e+01,-9.328530012860117893e+01,0.000000000000000000e+00,0.000000000000000000e+00,2.835305631160736084e-01,0.000000000000000000e+00,3.247346282005310059e-01,2.857047915458679199e-01,9.464189062500000000e+04,4.978265234375000000e+04,5.397677734375000000e+04,7.271835937500000000e+04,-3.866474121002154797e+07
1.909999999999999920e+00,-2.416109972709886051e+02,-1.206900925809855885e+01,-8.093914067956710312e+01,-1.225391601562500000e+04,-3.582137298583984375e+01,3.500419189453125000e+03,2.784795165061950684e-01,-3.652661666274070740e-02,3.315303921699523926e-01,2.918741106986999512e-01,1.483256971423874404e+02,1.206900925809855885e+01,8.093914067956710312e+01,-9.328530012860117893e+01,0.000000000000000000e+00,0.000000000000000000e+00,2.784795165061950684e-01,0.000000000000000000e+00,3.315303921699523926e-01,2.918741106986999512e-01,9.467391406250000000e+04,4.955395312500000000e+04,5.408524218750000000e+04,7.283470312500000000e+04,-3.872981388950224966e+07
1.911000000000000032e+00,-2.288225353319294868e+02,-9.951393742663212194e+00,-7.811666029098127240e+01,-1.224543261718750000e+04,-4.168658828735351562e+01,3.493390380859375000e+03,2.723803520202636719e-01,-2.448481693863868713e-02,3.363784253597259521e-01,2.961688637733459473e-01,1.355372352033283221e+02,9.951393742663212194e+00,7.811666029098127240e+01,-9.328530012860117893e+01,0.000000000000000000e+00,0.000000000000000000e+00,2.723803520202636719e-01,0.000000000000000000e+00,3.363784253597259521e-01,2.961688637733459473e-01,9.466488281250000000e+04,4.933033593750000000e+04,5.419857421875000000e+04,7.294576562500000000e+04,-3.878837488503041863e+07
1.911999999999999922e+00,-2.162585658163425251e+02,-7.293943571242885504e+00,-7.584828529801247043e+01,-1.221999511718750000e+04,-5.553635787963867188e+01,3.483355957031250000e+03,2.688461840152740479e-01,-1.144296675920486450e-02,3.390640616416931152e-01,2.988757491111755371e-01,1.229732656877413319e+02,7.293943571242885504e+00,7.584828529801247043e+01,-9.328530012860117893e+01,0.000000000000000000e+00,0.000000000000000000e+00,2.688461840152740479e-01,0.000000000000000000e+00,3.390640616416931152e-01,2.988757491111755371e-01,9.461216406250000000e+04,4.910703906250000000e+04,5.431232031250000000e+04,7.305646875000000000e+04,-3.884094881631483138e+07
1.913000000000000034e+00,-2.038908123559625096e+02,-4.211137042196981817e+00,-7.420106253677960240e+01,-1.219879492187500000e+04,-7.397229003906250000e+01,3.497113281250000000e+03,2.665697038173675537e-01,3.105517476797103882e-03,3.392859101295471191e-01,2.997860014438629150e-01,1.106055122273613449e+02,4.211137042196981817e+00,7.420106253677960240e+01,-9.328530012860117893e+01,0.000000000000000000e+00,0.000000000000000000e+00,2.665697038173675537e-01,3.105517476797103882e-03,3.392859101295471191e-01,2.997860014438629150e-01,9.454045312500000000e+04,4.887943359375000000e+04,5.442226562500000000e+04,7.317164062500000000e+04,-3.888804381103478372e+07
1.913999999999999924e+00,-1.916413191085887888e+02,-8.721361475990569989e-01,-7.324601387019761489e+01,-1.220338378906250000e+04,-8.918344116210937500e+01,3.478043701171875000e+03,2.639496624469757080e-01,2.005065791308879852e-02,3.368505537509918213e-01,2.986515462398529053e-01,9.835601897998762411e+01,8.721361475990569989e-01,7.324601387019761489e+01,-9.328530012860117893e+01,0.000000000000000000e+00,0.000000000000000000e+00,2.639496624469757080e-01,2.005065791308879852e-02,3.368505537509918213e-01,2.986515462398529053e-01,9.444810156250000000e+04,4.865706640625000000e+04,5.453800781250000000e+04,7.328130468750000000e+04,-3.893013594539379328e+07
1.915000000000000036e+00,-1.794121368832788903e+02,2.594116273432296893e+00,-7.301843613986009984e+01,-1.222885449218750000e+04,-9.202126312255859375e+01,3.479098632812500000e+03,2.637826502323150635e-01,3.873351961374282837e-02,3.315882980823516846e-01,2.950572371482849121e-01,8.612683675467772559e+01,-2.594116273432296893e+00,7.301843613986009984e+01,-9.328530012860117893e+01,0.000000000000000000e+00,0.000000000000000000e+00,2.637826502323150635e-01,3.873351961374282837e-02,3.315882980823516846e-01,2.950572371482849121e-01,9.434321875000000000e+04,4.843189062500000000e+04,5.465066796875000000e+04,7.339371875000000000e+04,-3.896766308171036839e+07
1.915999999999999925e+00,-1.671107461933613649e+02,5.985987770191377955e+00,-7.353187136973993177e+01,-1.225930175781250000e+04,-8.628631591796875000e+01,3.435757324218750000e+03,2.632214426994323730e-01,6.093080341815948486e-02,3.228257000446319580e-01,2.883432209491729736e-01,7.382544606476017179e+01,-5.985987770191377955e+00,7.353187136973993177e+01,-9.328530012860117893e+01,0.000000000000000000e+00,0.000000000000000000e+00,2.632214426994323730e-01,6.093080341815948486e-02,3.228257000446319580e-01,2.883432209491729736e-01,9.423177343750000000e+04,4.821439453125000000e+04,5.477081250000000000e+04,7.349878906250000000e+04,-3.900103185136038810e+07
1.917000000000000037e+00,-1.546720363961681812e+02,9.188467101038533258e+00,-7.478053523391199064e+01,-1.227010058593750000e+04,-7.561412811279296875e+01,3.439025878906250000e+03,2.659822702407836914e-01,8.473659306764602661e-02,3.101318776607513428e-01,2.783596515655517578e-01,6.138673626756699520e+01,-9.188467101038533258e+00,7.478053523391199064e+01,-9.328530012860117893e+01,0.000000000000000000e+00,0.000000000000000000e+00,2.659822702407836914e-01,8.473659306764602661e-02,3.101318776607513428e-01,2.783596515655517578e-01,9.412670312500000000e+04,4.798893359375000000e+04,5.488314062500000000e+04,7.361190625000000000e+04,-3.903063184658086300e+07
1.917999999999999927e+00,-1.420567632104587688e+02,1.205527818012586749e+01,-7.672690410025600727e+01,-1.225266503906250000e+04,-7.234430694580078125e+01,3.452173828125000000e+03,2.669624090194702148e-01,1.111845001578330994e-01,2.934372127056121826e-01,2.657588720321655273e-01,4.877146308185758983e+01,-1.205527818012586749e+01,7.672690410025600727e+01,-9.328530012860117893e+01,0.000000000000000000e+00,0.000000000000000000e+00,2.669624090194702148e-01,1.111845001578330994e-01,2.934372127056121826e-01,2.657588720321655273e-01,9.404570312500000000e+04,4.776152343750000000e+04,5.499373046875000000e+04,7.372712500000000000e+04,-3.905684431809950620e+07
1.919000000000000039e+00,-1.292455001382452338e+02,1.443850134520698880e+01,-7.929255955010516743e+01,-1.221942871093750000e+04,-7.770097351074218750e+01,3.457578125000000000e+03,2.682647109031677246e-01,1.379586458206176758e-01,2.732507884502410889e-01,2.515445053577423096e-01,3.596020000964406194e+01,-1.443850134520698880e+01,7.929255955010516743e+01,-9.328530012860117893e+01,0.000000000000000000e+00,0.000000000000000000e+00,2.682647109031677246e-01,1.379586458206176758e-01,2.732507884502410889e-01,2.515445053577423096e-01,9.397180468750000000e+04,4.759343359375000000e+04,5.510553515625000000e+04,7.384045312500000000e+04,-3.908004449772659689e+07
1.919999999999999929e+00,-1.162424061346407314e+02,1.620988324206843956e+01,-8.235829857598223214e+01,-1.218892480468750000e+04,-8.798854827880859375e+01,3.452001220703125000e+03,2.708056867122650146e-01,1.640737950801849365e-01,2.504705488681793213e-01,2.365159839391708374e-01,2.295710600603954887e+01,-1.620988324206843956e+01,8.235829857598223214e+01,-9.328530012860117893e+01,0.000000000000000000e+00,0.000000000000000000e+00,2.708056867122650146e-01,1.640737950801849365e-01,2.504705488681793213e-01,2.365159839391708374e-01,9.390784375000000000e+04,4.764613671875000000e+04,5.521906640625000000e+04,7.395176562500000000e+04,-3.910060244436962157e+07
1.921000000000000041e+00,-1.030809057093694605e+02,1.726302995080509106e+01,-8.574274690996558945e+01,-1.218298632812500000e+04,-9.648699951171875000e+01,3.412863525390625000e+03,2.745540142059326172e-01,1.891914308071136475e-01,2.263167947530746460e-01,2.215424031019210815e-01,9.795605580768281584e+00,-1.726302995080509106e+01,8.574274690996558945e+01,-9.328530012860117893e+01,0.000000000000000000e+00,0.000000000000000000e+00,2.745540142059326172e-01,1.891914308071136475e-01,2.263167947530746460e-01,2.215424031019210815e-01,9.385706250000000000e+04,4.776556250000000000e+04,5.533803515625000000e+04,7.405766406250000000e+04,-3.911887794834223390e+07
1.921999999999999931e+00,-8.980690673443704952e+01,1.754681191314439914e+01,-8.932232812778914877e+01,-1.219930273437500000e+04,-9.523188018798828125e+01,3.432573974609375000e+03,2.805388867855072021e-01,2.132281363010406494e-01,2.019614875316619873e-01,2.070872485637664795e-01,-3.478393394164130736e+00,-1.754681191314439914e+01,8.932232812778914877e+01,-9.328530012860117893e+01,0.000000000000000000e+00,0.000000000000000000e+00,2.805388867855072021e-01,2.132281363010406494e-01,2.019614875316619873e-01,2.070872485637664795e-01,9.384438281250000000e+04,4.787498046875000000e+04,5.544700390625000000e+04,7.412910937500000000e+04,-3.913522959774992615e+07
1.923000000000000043e+00,-7.652414417283786463e+01,1.703292672177965272e+01,-9.286421539870443098e+01,-1.222614355468750000e+04,-8.865039825439453125e+01,3.425949951171875000e+03,2.827253341674804688e-01,2.362500727176666260e-01,1.795939505100250244e-01,1.954990923404693604e-01,-1.676115595576331430e+01,-1.703292672177965272e+01,9.286421539870443098e+01,-9.328530012860117893e+01,0.000000000000000000e+00,0.000000000000000000e+00,2.827253341674804688e-01,2.362500727176666260e-01,1.795939505100250244e-01,1.954990923404693604e-01,9.386914062500000000e+04,4.798844531250000000e+04,5.556021093750000000e+04,7.408670312500000000e+04,-3.914999942548564076e+07
1.923999999999999932e+00,-6.334795369073007976e+01,1.574631025547213170e+01,-9.617801550626852247e+01,-1.223718847656250000e+04,-7.926483154296875000e+01,3.435139160156250000e+03,2.863779067993164062e-01,2.574683129787445068e-01,1.595163047313690186e-01,1.863195896148681641e-01,-2.993734643787110272e+01,-1.574631025547213170e+01,9.617801550626852247e+01,-9.328530012860117893e+01,0.000000000000000000e+00,0.000000000000000000e+00,2.863779067993164062e-01,2.574683129787445068e-01,1.595163047313690186e-01,1.863195896148681641e-01,9.391138281250000000e+04,4.809899609375000000e+04,5.567075781250000000e+04,7.396039062500000000e+04,-3.916351054567582905e+07
1.925000000000000044e+00,-5.038937683916859811e+01,1.378947684960636444e+01,-9.905569022576871419e+01,-1.222120214843750000e+04,-7.775548553466796875e+01,3.407202636718750000e+03,2.888054847717285156e-01,2.763015925884246826e-01,1.431371122598648071e-01,1.811619549989700317e-01,-4.289592328943258082e+01,-1.378947684960636444e+01,9.905569022576871419e+01,-9.328530012860117893e+01,0.000000000000000000e+00,0.000000000000000000e+00,2.888054847717285156e-01,2.763015925884246826e-01,1.431371122598648071e-01,1.811619549989700317e-01,9.397204687500000000e+04,4.821633203125000000e+04,5.570568359375000000e+04,7.376138281250000000e+04,-3.917605181441196054e+07
1.925999999999999934e+00,-3.769228689793725096e+01,1.127640492077742529e+01,-1.013862521004025155e+02,-1.218761230468750000e+04,-8.324583435058593750e+01,3.395119384765625000e+03,2.931064367294311523e-01,2.927841842174530029e-01,1.303618401288986206e-01,1.794538646936416626e-01,-5.559301323066392797e+01,-1.127640492077742529e+01,1.013862521004025155e+02,-9.328530012860117893e+01,0.000000000000000000e+00,0.000000000000000000e+00,2.931064367294311523e-01,2.927841842174530029e-01,1.303618401288986206e-01,1.794538646936416626e-01,9.405046093750000000e+04,4.833125000000000000e+04,5.560900781250000000e+04,7.353454687500000000e+04,-3.918787885232646018e+07
1.927000000000000046e+00,-2.523784028234541665e+01,8.329437860861808929e+00,-1.030955564243505620e+02,-1.215974218750000000e+04,-9.346794128417968750e+01,3.399353027343750000e+03,2.955304980278015137e-01,3.066063523292541504e-01,1.222528666257858276e-01,1.822820454835891724e-01,-6.804745984625576227e+01,-8.329437860861808929e+00,1.030955564243505620e+02,-9.328530012860117893e+01,0.000000000000000000e+00,0.000000000000000000e+00,2.955304980278015137e-01,3.066063523292541504e-01,1.222528666257858276e-01,1.822820454835891724e-01,9.416032031250000000e+04,4.844325390625000000e+04,5.541082421875000000e+04,7.331050781250000000e+04,-3.919921387419810146e+07
1.927999999999999936e+00,-1.295467219399374414e+01,5.118633579135441813e+00,-1.041153948407264238e+02,-1.216020605468750000e+04,-1.000146331787109375e+02,3.371563232421875000e+03,2.957038283348083496e-01,3.182478547096252441e-01,1.189558655023574829e-01,1.890875548124313354e-01,-8.033062793460743478e+01,-5.118633579135441813e+00,1.041153948407264238e+02,-9.328530012860117893e+01,0.000000000000000000e+00,0.000000000000000000e+00,2.957038283348083496e-01,3.182478547096252441e-01,1.189558655023574829e-01,1.890875548124313354e-01,9.426793750000000000e+04,4.856028906250000000e+04,5.519069531250000000e+04,7.309596093750000000e+04,-3.921024791358231008e+07
1.929000000000000048e+00,-7.469193004371703637e-01,1.774284398192749634e+00,-1.044200780508132311e+02,-1.218593847656250000e+04,-9.577993011474609375e+01,3.363124267578125000e+03,2.967164516448974609e-01,3.300560712814331055e-01,1.191040948033332825e-01,1.970137059688568115e-01,-9.253838082816400856e+01,-1.774284398192749634e+00,1.044200780508132311e+02,-9.328530012860117893e+01,0.000000000000000000e+00,0.000000000000000000e+00,2.967164516448974609e-01,3.300560712814331055e-01,1.191040948033332825e-01,1.970137059688568115e-01,9.437950000000000000e+04,4.867377343750000000e+04,5.496737890625000000e+04,7.294157031250000000e+04,-3.922115517225601524e+07
1.929999999999999938e+00,1.147881150704772324e+01,-1.517253185302586127e+00,-1.040022072923431153e+02,-1.222325390625000000e+04,-8.209893035888671875e+01,3.323235595703125000e+03,2.960197925567626953e-01,3.420310318470001221e-01,1.230032220482826233e-01,2.059551328420639038e-01,-1.047641116356489022e+02,1.517253185302586127e+00,1.040022072923431153e+02,-9.328530012860117893e+01,0.000000000000000000e+00,0.000000000000000000e+00,2.960197925567626953e-01,3.420310318470001221e-01,1.230032220482826233e-01,2.059551328420639038e-01,9.448520312500000000e+04,4.879297265625000000e+04,5.474923437500000000e+04,7.284579687500000000e+04,-3.923210569654853642e+07
1.931000000000000050e+00,2.378865545659944303e+01,-4.654888414195701429e+00,-1.028680042302664930e+02,-1.224529589843750000e+04,-6.232946014404296875e+01,3.341514404296875000e+03,2.978727221488952637e-01,3.560557961463928223e-01,1.286229789257049561e-01,2.131690680980682373e-01,-1.170739555852006220e+02,4.654888414195701429e+00,1.028680042302664930e+02,-9.328530012860117893e+01,0.000000000000000000e+00,0.000000000000000000e+00,2.978727221488952637e-01,3.560557961463928223e-01,1.286229789257049561e-01,2.131690680980682373e-01,9.460078906250000000e+04,4.890285156250000000e+04,5.452131640625000000e+04,7.282967968750000000e+04,-3.924327509095743299e+07
1.931999999999999940e+00,3.622576861517894997e+01,-7.476366983564691537e+00,-1.010635627439948223e+02,-1.224289550781250000e+04,-4.870969772338867188e+01,3.349628173828125000e+03,2.966741621494293213e-01,3.693958818912506104e-01,1.367775648832321167e-01,2.208566367626190186e-01,-1.295110687437801289e+02,7.476366983564691537e+00,1.010635627439948223e+02,-9.328530012860117893e+01,0.000000000000000000e+00,0.000000000000000000e+00,2.966741621494293213e-01,3.693958818912506104e-01,1.367775648832321167e-01,2.208566367626190186e-01,9.471471093750000000e+04,4.901426562500000000e+04,5.433423046875000000e+04,7.286571875000000000e+04,-3.925485713704697788e+07
1.933000000000000052e+00,4.881212015551032835e+01,-9.844001721662355209e+00,-9.866397529126940924e+01,-1.222141601562500000e+04,-4.351214599609375000e+01,3.357543457031250000e+03,2.958645522594451904e-01,3.828017115592956543e-01,1.446684300899505615e-01,2.278029173612594604e-01,-1.420974202841115073e+02,9.844001721662355209e+00,9.866397529126940924e+01,-9.328530012860117893e+01,0.000000000000000000e+00,0.000000000000000000e+00,2.958645522594451904e-01,3.828017115592956543e-01,1.446684300899505615e-01,2.278029173612594604e-01,9.482824218750000000e+04,4.912549609375000000e+04,5.421633203125000000e+04,7.295746875000000000e+04,-3.926707124451122433e+07
1.933999999999999941e+00,6.155444292053907418e+01,-1.163967577140402376e+01,-9.577669230590332461e+01,-1.220051367187500000e+04,-4.676268768310546875e+01,3.363179443359375000e+03,2.929250895977020264e-01,3.952007889747619629e-01,1.507072895765304565e-01,2.348006069660186768e-01,-1.548397430491402531e+02,1.163967577140402376e+01,9.577669230590332461e+01,-9.328530012860117893e+01,0.000000000000000000e+00,0.000000000000000000e+00,2.929250895977020264e-01,3.952007889747619629e-01,1.507072895765304565e-01,2.348006069660186768e-01,9.494215625000000000e+04,4.923669531250000000e+04,5.410136718750000000e+04,7.304679687500000000e+04,-3.928016885079560429e+07
1.935000000000000053e+00,7.444063874137610526e+01,-1.275560428674783786e+01,-9.256383359976700831e+01,-1.220372265625000000e+04,-4.899032974243164062e+01,3.338589599609375000e+03,2.867438197135925293e-01,4.061786532402038574e-01,1.533433645963668823e-01,2.419312894344329834e-01,-1.677259388699772842e+02,1.275560428674783786e+01,9.256383359976700831e+01,-9.328530012860117893e+01,0.000000000000000000e+00,0.000000000000000000e+00,2.867438197135925293e-01,4.061786532402038574e-01,1.533433645963668823e-01,2.419312894344329834e-01,9.504462500000000000e+04,4.935304687500000000e+04,5.405632812500000000e+04,7.315539843750000000e+04,-3.929444102822323143e+07
1.935999999999999943e+00,-2.725590441758203042e+02,-1.313328994293499363e+01,-8.915006491214376183e+01,-1.223190820312500000e+04,-4.102737808227539062e+01,3.354475097656250000e+03,2.790660262107849121e-01,4.171881079673767090e-01,1.508196443319320679e-01,2.471937239170074463e-01,1.792737440472191395e+02,1.313328994293499363e+01,8.915006491214376183e+01,-9.328530012860117893e+01,0.000000000000000000e+00,0.000000000000000000e+00,2.790660262107849121e-01,4.171881079673767090e-01,1.508196443319320679e-01,2.471937239170074463e-01,9.513167187500000000e+04,4.946321875000000000e+04,5.405307031250000000e+04,7.327103906250000000e+04,-3.937684967816383392e+07
1.937000000000000055e+00,-2.595221148979577492e+02,-1.273765364018531976e+01,-8.576430589724381548e+01,-1.227535742187500000e+04,-2.381733322143554688e+01,3.329723388671875000e+03,2.930698990821838379e-01,-4.862882196903228760e-02,3.210663497447967529e-01,2.814456522464752197e-01,1.662368147693565845e+02,1.273765364018531976e+01,8.576430589724381548e+01,-9.328530012860117893e+01,0.000000000000000000e+00,0.000000000000000000e+00,2.930698990821838379e-01,0.000000000000000000e+00,3.210663497447967529e-01,2.814456522464752197e-01,9.516647656250000000e+04,4.958021875000000000e+04,5.407757812500000000e+04,7.337925781250000000e+04,-3.945171917027123272e+07
1.937999999999999945e+00,-2.465422008473075834e+02,-1.158887681490330479e+01,-8.258013747739232713e+01,-1.230537500000000000e+04,-5.892643705010414124e-02,3.324224121093750000e+03,2.887532711029052734e-01,-3.962957859039306641e-02,3.277822732925415039e-01,2.871304452419281006e-01,1.532569007187064187e+02,1.158887681490330479e+01,8.258013747739232713e+01,-9.328530012860117893e+01,0.000000000000000000e+00,0.000000000000000000e+00,2.887532711029052734e-01,0.000000000000000000e+00,3.277822732925415039e-01,2.871304452419281006e-01,9.514987500000000000e+04,4.969383203125000000e+04,5.407887500000000000e+04,7.349059375000000000e+04,-3.951945600824148208e+07
1.939000000000000057e+00,-2.337108875702158457e+02,-9.759718446470847297e+00,-7.976376216081928305e+01,-1.230604199218750000e+04,1.716365051269531250e+01,3.323702148437500000e+03,2.842582464218139648e-01,-2.746495977044105530e-02,3.327127099037170410e-01,2.908021509647369385e-01,1.404255874416146810e+02,9.759718446470847297e+00,7.976376216081928305e+01,-9.328530012860117893e+01,0.000000000000000000e+00,0.000000000000000000e+00,2.842582464218139648e-01,0.000000000000000000e+00,3.327127099037170410e-01,2.908021509647369385e-01,9.523264843750000000e+04,4.946870703125000000e+04,5.419187109375000000e+04,7.360293750000000000e+04,-3.958053429706854373e+07
1.939999999999999947e+00,-2.210798423832685273e+02,-7.359602558687545759e+00,-7.744836853905019325e+01,-1.228286621093750000e+04,2.633427047729492188e+01,3.323187011718750000e+03,2.805551290512084961e-01,-1.330489665269851685e-02,3.355246186256408691e-01,2.927270531654357910e-01,1.277945422546673484e+02,7.359602558687545759e+00,7.744836853905019325e+01,-9.328530012860117893e+01,0.000000000000000000e+00,0.000000000000000000e+00,2.805551290512084961e-01,0.000000000000000000e+00,3.355246186256408691e-01,2.927270531654357910e-01,9.528292187500000000e+04,4.924322656250000000e+04,5.430485156250000000e+04,7.371583593750000000e+04,-3.963546300731593370e+07
1.941000000000000059e+00,-2.086419871693507559e+02,-4.495908223757860256e+00,-7.571417098067810514e+01,-1.225520996093750000e+04,2.973715782165527344e+01,3.349226806640625000e+03,2.780001163482666016e-01,2.566719427704811096e-03,3.358918130397796631e-01,2.928002774715423584e-01,1.153566870407495770e+02,4.495908223757860256e+00,7.571417098067810514e+01,-9.328530012860117893e+01,0.000000000000000000e+00,0.000000000000000000e+00,2.780001163482666016e-01,2.566719427704811096e-03,3.358918130397796631e-01,2.928002774715423584e-01,9.530588281250000000e+04,4.901367187500000000e+04,5.441330859375000000e+04,7.383283593750000000e+04,-3.968474733500395715e+07
1.941999999999999948e+00,-1.963356204216664764e+02,-1.355864483372310580e+00,-7.465508626388428581e+01,-1.224887402343750000e+04,3.389448547363281250e+01,3.319502929687500000e+03,2.750046849250793457e-01,2.089415863156318665e-02,3.336255550384521484e-01,2.908192276954650879e-01,1.030503202930653117e+02,1.355864483372310580e+00,7.465508626388428581e+01,-9.328530012860117893e+01,0.000000000000000000e+00,0.000000000000000000e+00,2.750046849250793457e-01,2.089415863156318665e-02,3.336255550384521484e-01,2.908192276954650879e-01,9.529242968750000000e+04,4.879389453125000000e+04,5.453096484375000000e+04,7.394008593750000000e+04,-3.972887023112387955e+07
1.943000000000000060e+00,-1.840670923231420488e+02,1.942671689788045608e+00,-7.430379706672418649e+01,-1.226689550781250000e+04,4.850975418090820312e+01,3.323178222656250000e+03,2.757796645164489746e-01,4.033774137496948242e-02,3.285579979419708252e-01,2.864654660224914551e-01,9.078179219454088411e+01,-1.942671689788045608e+00,7.430379706672418649e+01,-9.328530012860117893e+01,0.000000000000000000e+00,0.000000000000000000e+00,2.757796645164489746e-01,4.033774137496948242e-02,3.285579979419708252e-01,2.864654660224914551e-01,9.526708593750000000e+04,4.856844531250000000e+04,5.464295312500000000e+04,7.405303906250000000e+04,-3.976827575383200496e+07
1.943999999999999950e+00,-1.717414592051877094e+02,5.245928642930823393e+00,-7.468702291891044354e+01,-1.229814550781250000e+04,7.119899749755859375e+01,3.330954101562500000e+03,2.753073573112487793e-01,6.351477652788162231e-02,3.202242553234100342e-01,2.791291773319244385e-01,7.845615907658653043e+01,-5.245928642930823393e+00,7.468702291891044354e+01,-9.328530012860117893e+01,0.000000000000000000e+00,0.000000000000000000e+00,2.753073573112487793e-01,6.351477652788162231e-02,3.202242553234100342e-01,2.791291773319244385e-01,9.522207812500000000e+04,4.834210937500000000e+04,5.475408203125000000e+04,7.416713281250000000e+04,-3.980337655380174518e+07
1.945000000000000062e+00,-1.592846799564605362e+02,8.407577852394846119e+00,-7.581019617552773582e+01,-1.231969726562500000e+04,9.730524444580078125e+01,3.357582763671875000e+03,2.751283347606658936e-01,8.933900296688079834e-02,3.082163631916046143e-01,2.687860131263732910e-01,6.599937982785937152e+01,-8.407577852394846119e+00,7.581019617552773582e+01,-9.328530012860117893e+01,0.000000000000000000e+00,0.000000000000000000e+00,2.751283347606658936e-01,8.933900296688079834e-02,3.082163631916046143e-01,2.687860131263732910e-01,9.518630468750000000e+04,4.811219531250000000e+04,5.486184765625000000e+04,7.428446093750000000e+04,-3.983456603628009558e+07
1.945999999999999952e+00,-1.466546442074247807e+02,1.126716607624933175e+01,-7.764543481964084037e+01,-1.231277832031250000e+04,1.180833892822265625e+02,3.387696289062500000e+03,2.745205163955688477e-01,1.172046810388565063e-01,2.923538088798522949e-01,2.558312714099884033e-01,5.336934407882361597e+01,-1.126716607624933175e+01,7.764543481964084037e+01,-9.328530012860117893e+01,0.000000000000000000e+00,0.000000000000000000e+00,2.745205163955688477e-01,1.172046810388565063e-01,2.923538088798522949e-01,2.558312714099884033e-01,9.514945312500000000e+04,4.788179296875000000e+04,5.496889843750000000e+04,7.440170312500000000e+04,-3.986222938352742046e+07
1.947000000000000064e+00,-1.338433456056737327e+02,1.363378186983565143e+01,-8.008663470471100254e+01,-1.228127734375000000e+04,1.278511428833007812e+02,3.362938720703125000e+03,2.745844721794128418e-01,1.454391479492187500e-01,2.728955149650573730e-01,2.410633862018585205e-01,4.055804547707256802e+01,-1.363378186983565143e+01,8.008663470471100254e+01,-9.328530012860117893e+01,0.000000000000000000e+00,0.000000000000000000e+00,2.745844721794128418e-01,1.454391479492187500e-01,2.728955149650573730e-01,2.410633862018585205e-01,9.510232812500000000e+04,4.766116015625000000e+04,5.508516406250000000e+04,7.450988281250000000e+04,-3.988674317375674099e+07
1.947999999999999954e+00,-1.208538314309416535e+02,1.541373957070086398e+01,-8.304891018627925803e+01,-1.224284472656250000e+04,1.322659454345703125e+02,3.378828857421875000e+03,2.788065671920776367e-01,1.722840964794158936e-01,2.504478693008422852e-01,2.249412834644317627e-01,2.756853130234047811e+01,-1.541373957070086398e+01,8.304891018627925803e+01,-9.328530012860117893e+01,0.000000000000000000e+00,0.000000000000000000e+00,2.788065671920776367e-01,1.722840964794158936e-01,2.504478693008422852e-01,2.249412834644317627e-01,9.505925781250000000e+04,4.754304296875000000e+04,5.519488671875000000e+04,7.462520312500000000e+04,-3.990848352717895806e+07
1.949000000000000066e+00,-1.077139757520616143e+02,1.649359047133175338e+01,-8.636663320446155012e+01,-1.222414941406250000e+04,1.355164337158203125e+02,3.371345947265625000e+03,2.811512947082519531e-01,1.986370980739593506e-01,2.268816083669662476e-01,2.094698101282119751e-01,1.442867562346043186e+01,-1.649359047133175338e+01,8.636663320446155012e+01,-9.328530012860117893e+01,0.000000000000000000e+00,0.000000000000000000e+00,2.811512947082519531e-01,1.986370980739593506e-01,2.268816083669662476e-01,2.094698101282119751e-01,9.504317968750000000e+04,4.765687500000000000e+04,5.530879296875000000e+04,7.470382812500000000e+04,-3.992781706160898507e+07
1.949999999999999956e+00,-9.447436412740968592e+01,1.680462810514621808e+01,-8.986574118887725149e+01,-1.223327050781250000e+04,1.477103271484375000e+02,3.369940429687500000e+03,2.850441932678222656e-01,2.236582934856414795e-01,2.031032890081405640e-01,1.947166323661804199e-01,1.189063998808507661e+00,-1.680462810514621808e+01,8.986574118887725149e+01,-9.328530012860117893e+01,0.000000000000000000e+00,0.000000000000000000e+00,2.850441932678222656e-01,2.236582934856414795e-01,2.031032890081405640e-01,1.947166323661804199e-01,9.504472656250000000e+04,4.776924218750000000e+04,5.542188281250000000e+04,7.466616406250000000e+04,-3.994510071405144036e+07
1.951000000000000068e+00,-8.122882144117880898e+01,1.632010448658600055e+01,-9.332518422847384443e+01,-1.225561816406250000e+04,1.685217132568359375e+02,3.353238037109375000e+03,2.883391976356506348e-01,2.476479411125183105e-01,1.806230098009109497e-01,1.817658990621566772e-01,-1.205647868742237350e+01,-1.632010448658600055e+01,9.332518422847384443e+01,-9.328530012860117893e+01,0.000000000000000000e+00,0.000000000000000000e+00,2.883391976356506348e-01,2.476479411125183105e-01,1.806230098009109497e-01,1.817658990621566772e-01,9.507155468750000000e+04,4.788437500000000000e+04,5.553757812500000000e+04,7.451603906250000000e+04,-3.996067477130589634e+07
1.951999999999999957e+00,-6.808786977381161876e+01,1.507578835482105184e+01,-9.653000252320310892e+01,-1.227012695312500000e+04,1.937236480712890625e+02,3.327393066406250000e+03,2.922657132148742676e-01,2.702174484729766846e-01,1.603306978940963745e-01,1.710889488458633423e-01,-2.519743035478956372e+01,-1.507578835482105184e+01,9.653000252320310892e+01,-9.328530012860117893e+01,0.000000000000000000e+00,0.000000000000000000e+00,2.922657132148742676e-01,2.702174484729766846e-01,1.603306978940963745e-01,1.710889488458633423e-01,9.511853125000000000e+04,4.800158203125000000e+04,5.565475781250000000e+04,7.428670312500000000e+04,-3.997485605009788275e+07
1.953000000000000069e+00,-5.513729009283597549e+01,1.313074383129371014e+01,-9.935830447078129168e+01,-1.225765527343750000e+04,2.150690765380859375e+02,3.362079833984375000e+03,2.963654994964599609e-01,2.909664511680603027e-01,1.432143151760101318e-01,1.635835915803909302e-01,-3.814801003576520344e+01,-1.313074383129371014e+01,9.935830447078129168e+01,-9.328530012860117893e+01,0.000000000000000000e+00,0.000000000000000000e+00,2.963654994964599609e-01,2.909664511680603027e-01,1.432143151760101318e-01,1.635835915803909302e-01,9.520250781250000000e+04,4.810859375000000000e+04,5.568654687500000000e+04,7.406786718750000000e+04,-3.998794065995753556e+07
1.953999999999999959e+00,-4.243739036195101733e+01,1.061813025849922809e+01,-1.016444660518214533e+02,-1.222579589843750000e+04,2.242008514404296875e+02,3.363081787109375000e+03,2.964062392711639404e-01,3.083063960075378418e-01,1.311884671449661255e-01,1.618787795305252075e-01,-5.084790976665016160e+01,-1.061813025849922809e+01,1.016444660518214533e+02,-9.328530012860117893e+01,0.000000000000000000e+00,0.000000000000000000e+00,2.964062392711639404e-01,3.083063960075378418e-01,1.311884671449661255e-01,1.618787795305252075e-01,9.530665625000000000e+04,4.822099609375000000e+04,5.558902734375000000e+04,7.384275000000000000e+04,-4.000018593422741443e+07
1.955000000000000071e+00,-2.997954550277391661e+01,7.665219310605803749e+00,-1.033091923149716820e+02,-1.218971582031250000e+04,2.254908447265625000e+02,3.378274169921875000e+03,2.978155612945556641e-01,3.232385516166687012e-01,1.232598200440406799e-01,1.637636125087738037e-01,-6.330575462582726232e+01,-7.665219310605803749e+00,1.033091923149716820e+02,-9.328530012860117893e+01,0.000000000000000000e+00,0.000000000000000000e+00,2.978155612945556641e-01,3.232385516166687012e-01,1.232598200440406799e-01,1.637636125087738037e-01,9.541104687500000000e+04,4.833060546875000000e+04,5.539603515625000000e+04,7.361989062500000000e+04,-4.001181625217981637e+07
1.955999999999999961e+00,-1.770005404392327364e+01,4.435782610758843170e+00,-1.042866013060502155e+02,-1.217290820312500000e+04,2.240328369140625000e+02,3.371412353515625000e+03,2.974206507205963135e-01,3.357157111167907715e-01,1.202315837144851685e-01,1.698102355003356934e-01,-7.558524608467790529e+01,-4.435782610758843170e+00,1.042866013060502155e+02,-9.328530012860117893e+01,0.000000000000000000e+00,0.000000000000000000e+00,2.974206507205963135e-01,3.357157111167907715e-01,1.202315837144851685e-01,1.698102355003356934e-01,9.550960156250000000e+04,4.844406250000000000e+04,5.521115625000000000e+04,7.339356250000000000e+04,-4.002302491547231376e+07
1.957000000000000073e+00,-5.498942654255699836e+00,1.075099019376180465e+00,-1.045455020466762619e+02,-1.218514453125000000e+04,2.304698333740234375e+02,3.369105957031250000e+03,2.973827719688415527e-01,3.475669324398040771e-01,1.210913807153701782e-01,1.776635944843292236e-01,-8.778635747434547909e+01,-1.075099019376180465e+00,1.045455020466762619e+02,-9.328530012860117893e+01,0.000000000000000000e+00,0.000000000000000000e+00,2.973827719688415527e-01,3.475669324398040771e-01,1.210913807153701782e-01,1.776635944843292236e-01,9.561581250000000000e+04,4.855732421875000000e+04,5.498628125000000000e+04,7.316853906250000000e+04,-4.003398607167872041e+07
1.957999999999999963e+00,6.725653116509974438e+00,-2.296723575799585415e+00,-1.040691629309133077e+02,-1.221591308593750000e+04,2.464943389892578125e+02,3.402837158203125000e+03,2.966010868549346924e-01,3.596006631851196289e-01,1.256207674741744995e-01,1.863528490066528320e-01,-1.000109532451111534e+02,2.296723575799585415e+00,1.040691629309133077e+02,-9.328530012860117893e+01,0.000000000000000000e+00,0.000000000000000000e+00,2.966010868549346924e-01,3.596006631851196289e-01,1.256207674741744995e-01,1.863528490066528320e-01,9.572336718750000000e+04,4.866451953125000000e+04,5.475519921875000000e+04,7.294919531250000000e+04,-4.004486697170089185e+07
1.959000000000000075e+00,1.905630588839800055e+01,-5.478702673550719382e+00,-1.028671446992467651e+02,-1.224552539062500000e+04,2.659784851074218750e+02,3.396499511718750000e+03,2.939063906669616699e-01,3.714056313037872314e-01,1.337712705135345459e-01,1.958330273628234863e-01,-1.123416060169991795e+02,5.478702673550719382e+00,1.028671446992467651e+02,-9.328530012860117893e+01,0.000000000000000000e+00,0.000000000000000000e+00,2.939063906669616699e-01,3.714056313037872314e-01,1.337712705135345459e-01,1.958330273628234863e-01,9.581560937500000000e+04,4.877819531250000000e+04,5.454041796875000000e+04,7.277772656250000000e+04,-4.005584178013656288e+07
1.959999999999999964e+00,3.153731235466914029e+01,-8.340776383262262783e+00,-1.009740813241674147e+02,-1.224952734375000000e+04,2.818486328125000000e+02,3.418748779296875000e+03,2.942215204238891602e-01,3.851251304149627686e-01,1.423760801553726196e-01,2.029262185096740723e-01,-1.248226124832703192e+02,8.340776383262262783e+00,1.009740813241674147e+02,-9.328530012860117893e+01,0.000000000000000000e+00,0.000000000000000000e+00,2.942215204238891602e-01,3.851251304149627686e-01,1.423760801553726196e-01,2.029262185096740723e-01,9.589199218750000000e+04,4.888672265625000000e+04,5.439105859375000000e+04,7.268706250000000000e+04,-4.006710171585705131e+07
1.961000000000000076e+00,4.418236248399377075e+01,-1.072398904447919499e+01,-9.847906255548099352e+01,-1.222806152343750000e+04,2.857650146484375000e+02,3.419963867187500000e+03,2.923299670219421387e-01,3.976442217826843262e-01,1.512415707111358643e-01,2.104339301586151123e-01,-1.374676626125949497e+02,1.072398904447919499e+01,9.847906255548099352e+01,-9.328530012860117893e+01,0.000000000000000000e+00,0.000000000000000000e+00,2.923299670219421387e-01,3.976442217826843262e-01,1.512415707111358643e-01,2.104339301586151123e-01,9.596538281250000000e+04,4.899867968750000000e+04,5.431720703125000000e+04,7.264877343750000000e+04,-4.007886692671455443e+07
1.961999999999999966e+00,5.698518251992258854e+01,-1.250908091352363805e+01,-9.549654837171414101e+01,-1.219842773437500000e+04,2.817242431640625000e+02,3.418393554687500000e+03,2.896704077720642090e-01,4.095281362533569336e-01,1.574163287878036499e-01,2.174220234155654907e-01,-1.502704826485237675e+02,1.250908091352363805e+01,9.549654837171414101e+01,-9.328530012860117893e+01,0.000000000000000000e+00,0.000000000000000000e+00,2.896704077720642090e-01,4.095281362533569336e-01,1.574163287878036499e-01,2.174220234155654907e-01,9.602302343750000000e+04,4.911168359375000000e+04,5.431558984375000000e+04,7.266749218750000000e+04,-4.009139030559759587e+07
1.963000000000000078e+00,6.992873775381734447e+01,-1.360855794281342845e+01,-9.215331266697668866e+01,-1.218425000000000000e+04,2.766902770996093750e+02,3.432637451171875000e+03,2.839562892913818359e-01,4.200261831283569336e-01,1.596778333187103271e-01,2.243059128522872925e-01,-1.632140378824185234e+02,1.360855794281342845e+01,9.215331266697668866e+01,-9.328530012860117893e+01,0.000000000000000000e+00,0.000000000000000000e+00,2.839562892913818359e-01,4.200261831283569336e-01,1.596778333187103271e-01,2.243059128522872925e-01,9.606431250000000000e+04,4.922219921875000000e+04,5.435976171875000000e+04,7.273979687500000000e+04,-4.010495775984621793e+07
1.963999999999999968e+00,8.296402896066739174e+01,-1.394049252148477436e+01,-8.866351231969549929e+01,-1.220052050781250000e+04,2.782012634277343750e+02,3.400702148437500000e+03,2.740740180015563965e-01,4.288963973522186279e-01,1.574502438306808472e-01,2.307256460189819336e-01,-1.762493290892685707e+02,1.394049252148477436e+01,8.866351231969549929e+01,-9.328530012860117893e+01,0.000000000000000000e+00,0.000000000000000000e+00,2.740740180015563965e-01,4.288963973522186279e-01,1.574502438306808472e-01,2.307256460189819336e-01,9.605640625000000000e+04,4.934021875000000000e+04,5.442814843750000000e+04,7.284667968750000000e+04,-4.011989634569621086e+07
1.965000000000000080e+00,-2.639714716584468874e+02,-1.348530309104637048e+01,-8.517842924475237965e+01,-1.223446289062500000e+04,2.907572021484375000e+02,3.410293945312500000e+03,2.646043300628662109e-01,4.389406144618988037e-01,1.487510651350021362e-01,2.332009673118591309e-01,1.706861715298456943e+02,1.348530309104637048e+01,8.517842924475237965e+01,-9.328530012860117893e+01,0.000000000000000000e+00,0.000000000000000000e+00,2.646043300628662109e-01,4.389406144618988037e-01,1.487510651350021362e-01,2.332009673118591309e-01,9.598642187500000000e+04,4.945108203125000000e+04,5.447055468750000000e+04,7.296064062500000000e+04,-4.019701450175379962e+07
1.965999999999999970e+00,-2.509707627343207150e+02,-1.226053807221114056e+01,-8.189429087778860605e+01,-1.226514550781250000e+04,3.061571044921875000e+02,3.420664550781250000e+03,2.860848903656005859e-01,-2.380115538835525513e-02,3.209841549396514893e-01,2.738638818264007568e-01,1.576854626057195219e+02,1.226053807221114056e+01,8.189429087778860605e+01,-9.328530012860117893e+01,0.000000000000000000e+00,0.000000000000000000e+00,2.860848903656005859e-01,0.000000000000000000e+00,3.209841549396514893e-01,2.738638818264007568e-01,9.585129687500000000e+04,4.956144921875000000e+04,5.444367187500000000e+04,7.307519531250000000e+04,-4.026685782117344439e+07
1.967000000000000082e+00,-2.381233120677760553e+02,-1.032876111857016710e+01,-7.897393282846330465e+01,-1.227156347656250000e+04,3.170626220703125000e+02,3.446355712890625000e+03,2.806087732315063477e-01,-1.105352863669395447e-02,3.265917301177978516e-01,2.777256369590759277e-01,1.448380119391748906e+02,1.032876111857016710e+01,7.897393282846330465e+01,-9.328530012860117893e+01,0.000000000000000000e+00,0.000000000000000000e+00,2.806087732315063477e-01,0.000000000000000000e+00,3.265917301177978516e-01,2.777256369590759277e-01,9.587273437500000000e+04,4.933188671875000000e+04,5.455195312500000000e+04,7.319239843750000000e+04,-4.032990409829621017e+07
1.967999999999999972e+00,-2.254889813923317092e+02,-7.787473244861932820e+00,-7.654870319903429277e+01,-1.224856738281250000e+04,3.178022766113281250e+02,3.484059082031250000e+03,2.754173874855041504e-01,3.958811983466148376e-03,3.299702405929565430e-01,2.797766029834747314e-01,1.322036812637305445e+02,7.787473244861932820e+00,7.654870319903429277e+01,-9.328530012860117893e+01,0.000000000000000000e+00,0.000000000000000000e+00,2.754173874855041504e-01,3.958811983466148376e-03,3.299702405929565430e-01,2.797766029834747314e-01,9.585823437500000000e+04,4.910084765625000000e+04,5.465803125000000000e+04,7.331094531250000000e+04,-4.038666972772655636e+07
1.969000000000000083e+00,-2.130721921721237209e+02,-4.806193233139560483e+00,-7.475167743646875351e+01,-1.221586425781250000e+04,3.072887878417968750e+02,3.468311523437500000e+03,2.708231210708618164e-01,2.061237953603267670e-02,3.307115435600280762e-01,2.800437808036804199e-01,1.197868920435225562e+02,4.806193233139560483e+00,7.475167743646875351e+01,-9.328530012860117893e+01,0.000000000000000000e+00,0.000000000000000000e+00,2.708231210708618164e-01,2.061237953603267670e-02,3.307115435600280762e-01,2.800437808036804199e-01,9.579796875000000000e+04,4.887865234375000000e+04,5.477281250000000000e+04,7.342058593750000000e+04,-4.043768039957655221e+07
1.969999999999999973e+00,-2.008124508140371063e+02,-1.496594025354933688e+00,-7.362228212631251267e+01,-1.219383984375000000e+04,2.954634399414062500e+02,3.490520263671875000e+03,2.698361277580261230e-01,3.725153207778930664e-02,3.286649584770202637e-01,2.783704698085784912e-01,1.075271506854359416e+02,1.496594025354933688e+00,7.362228212631251267e+01,-9.328530012860117893e+01,0.000000000000000000e+00,0.000000000000000000e+00,2.698361277580261230e-01,3.725153207778930664e-02,3.286649584770202637e-01,2.783704698085784912e-01,9.571326562500000000e+04,4.864995312500000000e+04,5.488119140625000000e+04,7.353679687500000000e+04,-4.048342852019765228e+07
1.971000000000000085e+00,-1.886121025394907065e+02,1.985668410878394852e+00,-7.321117032310660022e+01,-1.219829394531250000e+04,2.874190063476562500e+02,3.501296386718750000e+03,2.678018808364868164e-01,5.669262260198593140e-02,3.237770497798919678e-01,2.745411694049835205e-01,9.532680241088951334e+01,-1.985668410878394852e+00,7.321117032310660022e+01,-9.328530012860117893e+01,0.000000000000000000e+00,0.000000000000000000e+00,2.678018808364868164e-01,5.669262260198593140e-02,3.237770497798919678e-01,2.745411694049835205e-01,9.562171875000000000e+04,4.842277734375000000e+04,5.499161718750000000e+04,7.365162500000000000e+04,-4.052436686376113445e+07
1.971999999999999975e+00,-1.763628175269804501e+02,5.483233300553759904e+00,-7.355042313325319014e+01,-1.222334277343750000e+04,2.904028015136718750e+02,3.508584716796875000e+03,2.668098807334899902e-01,7.817915081977844238e-02,3.157610893249511719e-01,2.680782675743103027e-01,8.307751739837927119e+01,-5.483233300553759904e+00,7.355042313325319014e+01,-9.328530012860117893e+01,0.000000000000000000e+00,0.000000000000000000e+00,2.668098807334899902e-01,7.817915081977844238e-02,3.157610893249511719e-01,2.680782675743103027e-01,9.551692968750000000e+04,4.819608593750000000e+04,5.510290234375000000e+04,7.376536718750000000e+04,-4.056091043775770068e+07
1.973000000000000087e+00,-1.639785091922179276e+02,8.835138972334943830e+00,-7.464778218828568868e+01,-1.224362011718750000e+04,3.006016540527343750e+02,3.518155273437500000e+03,2.664304971694946289e-01,1.022260934114456177e-01,3.041388094425201416e-01,2.585281133651733398e-01,7.069320906361674872e+01,-8.835138972334943830e+00,7.464778218828568868e+01,-9.328530012860117893e+01,0.000000000000000000e+00,0.000000000000000000e+00,2.664304971694946289e-01,1.022260934114456177e-01,3.041388094425201416e-01,2.585281133651733398e-01,9.540878125000000000e+04,4.796962890625000000e+04,5.521406640625000000e+04,7.387917187500000000e+04,-4.059344974030089378e+07
1.973999999999999977e+00,-1.514073359637194187e+02,1.184787815655723975e+01,-7.646115652031207333e+01,-1.224169726562500000e+04,3.083747253417968750e+02,3.494255126953125000e+03,2.665685713291168213e-01,1.281831264495849609e-01,2.886103987693786621e-01,2.460960596799850464e-01,5.812203583511824689e+01,-1.184787815655723975e+01,7.646115652031207333e+01,-9.328530012860117893e+01,0.000000000000000000e+00,0.000000000000000000e+00,2.665685713291168213e-01,1.281831264495849609e-01,2.886103987693786621e-01,2.460960596799850464e-01,9.529417968750000000e+04,4.774883203125000000e+04,5.533095312500000000e+04,7.398755468750000000e+04,-4.062236060235776007e+07
1.975000000000000089e+00,-1.386285044911903697e+02,1.442102418157146815e+01,-7.894827031886130442e+01,-1.220956738281250000e+04,3.089837951660156250e+02,3.526773925781250000e+03,2.693798840045928955e-01,1.542685329914093018e-01,2.692887783050537109e-01,2.312026321887969971e-01,4.534320436258917653e+01,-1.442102418157146815e+01,7.894827031886130442e+01,-9.328530012860117893e+01,0.000000000000000000e+00,0.000000000000000000e+00,2.693798840045928955e-01,1.542685329914093018e-01,2.692887783050537109e-01,2.312026321887969971e-01,9.519307031250000000e+04,4.771378515625000000e+04,5.543843750000000000e+04,7.410588281250000000e+04,-4.064801925994000584e+07
1.975999999999999979e+00,-1.256479983007289860e+02,1.640500352191588362e+01,-8.199205221107128239e+01,-1.216736718750000000e+04,2.967334289550781250e+02,3.536156005859375000e+03,2.699972689151763916e-01,1.805885732173919678e-01,2.475174665451049805e-01,2.160109728574752808e-01,3.236269817212780708e+01,-1.640500352191588362e+01,8.199205221107128239e+01,-9.328530012860117893e+01,0.000000000000000000e+00,0.000000000000000000e+00,2.699972689151763916e-01,1.805885732173919678e-01,2.475174665451049805e-01,2.160109728574752808e-01,9.509027343750000000e+04,4.768301953125000000e+04,5.554969921875000000e+04,7.422022656250000000e+04,-4.067079850018332154e+07
1.977000000000000091e+00,-1.124951536954337001e+02,1.768726294071319316e+01,-8.544467670972197482e+01,-1.213652929687500000e+04,2.822911071777343750e+02,3.536507324218750000e+03,2.726041078567504883e-01,2.052640318870544434e-01,2.240803241729736328e-01,2.007715851068496704e-01,1.920985356683251766e+01,-1.768726294071319316e+01,8.544467670972197482e+01,-9.328530012860117893e+01,0.000000000000000000e+00,0.000000000000000000e+00,2.726041078567504883e-01,2.052640318870544434e-01,2.240803241729736328e-01,2.007715851068496704e-01,9.500807031250000000e+04,4.779514453125000000e+04,5.566239062500000000e+04,7.433248437500000000e+04,-4.069106729183664173e+07
1.977999999999999980e+00,-9.923078605057453672e+01,1.818964536667350984e+01,-8.911782640057393223e+01,-1.212884863281250000e+04,2.713386535644531250e+02,3.526635742187500000e+03,2.761036753654479980e-01,2.286951243877410889e-01,2.003333121538162231e-01,1.863424032926559448e-01,5.945485921973354237e+00,-1.818964536667350984e+01,8.911782640057393223e+01,-9.328530012860117893e+01,0.000000000000000000e+00,0.000000000000000000e+00,2.761036753654479980e-01,2.286951243877410889e-01,2.003333121538162231e-01,1.863424032926559448e-01,9.493117187500000000e+04,4.790960937500000000e+04,5.577671875000000000e+04,7.435092187500000000e+04,-4.070918689091778547e+07
1.979000000000000092e+00,-8.594343268920613355e+01,1.787814828768962627e+01,-9.279966855068673226e+01,-1.214336230468750000e+04,2.692053833007812500e+02,3.511011474609375000e+03,2.802525162696838379e-01,2.508013248443603516e-01,1.776111721992492676e-01,1.735708862543106079e-01,-7.341867439395040051e+00,-1.787814828768962627e+01,9.279966855068673226e+01,-9.328530012860117893e+01,0.000000000000000000e+00,0.000000000000000000e+00,2.802525162696838379e-01,2.508013248443603516e-01,1.776111721992492676e-01,1.735708862543106079e-01,9.487286718750000000e+04,4.802504687500000000e+04,5.589192578125000000e+04,7.425453906250000000e+04,-4.072550457120950520e+07
1.979999999999999982e+00,-7.272816634395036317e+01,1.675841917589852414e+01,-9.633711853250979118e+01,-1.215797460937500000e+04,2.727550659179687500e+02,3.554004150390625000e+03,2.845065593719482422e-01,2.715716361999511719e-01,1.571256369352340698e-01,1.632441580295562744e-01,-2.055713378465082286e+01,-1.675841917589852414e+01,9.633711853250979118e+01,-9.328530012860117893e+01,0.000000000000000000e+00,0.000000000000000000e+00,2.845065593719482422e-01,2.715716361999511719e-01,1.571256369352340698e-01,1.632441580295562744e-01,9.488021875000000000e+04,4.813052343750000000e+04,5.599725000000000000e+04,7.403698437500000000e+04,-4.074035564240968227e+07
1.981000000000000094e+00,-5.970511743038197494e+01,1.490123648434721382e+01,-9.949550682980229510e+01,-1.215726855468750000e+04,2.710315856933593750e+02,3.557437500000000000e+03,2.851260602474212646e-01,2.897051870822906494e-01,1.408583819866180420e-01,1.579972952604293823e-01,-3.358018269821920398e+01,-1.490123648434721382e+01,9.949550682980229510e+01,-9.328530012860117893e+01,0.000000000000000000e+00,0.000000000000000000e+00,2.851260602474212646e-01,2.897051870822906494e-01,1.408583819866180420e-01,1.579972952604293823e-01,9.491000000000000000e+04,4.824219140625000000e+04,5.600073437500000000e+04,7.381216406250000000e+04,-4.075404174618513882e+07
1.981999999999999984e+00,-4.694761182615462047e+01,1.241199062606199632e+01,-1.021359117263734930e+02,-1.212990917968750000e+04,2.602117004394531250e+02,3.571876220703125000e+03,2.876497507095336914e-01,3.056370317935943604e-01,1.282217502593994141e-01,1.560834348201751709e-01,-4.633768830244655845e+01,-1.241199062606199632e+01,1.021359117263734930e+02,-9.328530012860117893e+01,0.000000000000000000e+00,0.000000000000000000e+00,2.876497507095336914e-01,3.056370317935943604e-01,1.282217502593994141e-01,1.560834348201751709e-01,9.494096875000000000e+04,4.835196484375000000e+04,5.600214843750000000e+04,7.358921875000000000e+04,-4.076683162641679496e+07
1.983000000000000096e+00,-3.447176809639925921e+01,9.438775909496687433e+00,-1.041488196057479456e+02,-1.209025585937500000e+04,2.373525543212890625e+02,3.568804687500000000e+03,2.889685034751892090e-01,3.186190128326416016e-01,1.204046458005905151e-01,1.590569317340850830e-01,-5.881353203220191972e+01,-9.438775909496687433e+00,1.041488196057479456e+02,-9.328530012860117893e+01,0.000000000000000000e+00,0.000000000000000000e+00,2.889685034751892090e-01,3.186190128326416016e-01,1.204046458005905151e-01,1.590569317340850830e-01,9.499046875000000000e+04,4.846527343750000000e+04,5.577822656250000000e+04,7.336364062500000000e+04,-4.077895599632842839e+07
1.983999999999999986e+00,-2.222482783063531997e+01,6.123084977795511641e+00,-1.054781250400067307e+02,-1.206298828125000000e+04,2.116819152832031250e+02,3.567953613281250000e+03,2.903549075126647949e-01,3.294594287872314453e-01,1.170528531074523926e-01,1.656845360994338989e-01,-7.106047229796585896e+01,-6.123084977795511641e+00,1.054781250400067307e+02,-9.328530012860117893e+01,0.000000000000000000e+00,0.000000000000000000e+00,2.903549075126647949e-01,3.294594287872314453e-01,1.170528531074523926e-01,1.656845360994338989e-01,9.503868750000000000e+04,4.857827343750000000e+04,5.555286328125000000e+04,7.313889062500000000e+04,-4.079061306633213162e+07
1.985000000000000098e+00,-1.011108834516610955e+01,2.590511550407582408e+00,-1.060920510065626985e+02,-1.206313964843750000e+04,1.911150970458984375e+02,3.586749023437500000e+03,2.904976606369018555e-01,3.389062285423278809e-01,1.182176396250724792e-01,1.752920001745223999e-01,-8.317421178343506938e+01,-2.590511550407582408e+00,1.060920510065626985e+02,-9.328530012860117893e+01,0.000000000000000000e+00,0.000000000000000000e+00,2.904976606369018555e-01,3.389062285423278809e-01,1.182176396250724792e-01,1.752920001745223999e-01,9.510868750000000000e+04,4.868780859375000000e+04,5.532440625000000000e+04,7.291687500000000000e+04,-4.080197753447652608e+07
1.985999999999999988e+00,1.981136238682722706e+00,-9.626883502380156887e-01,-1.059611494748976241e+02,-1.209020410156250000e+04,1.795736083984375000e+02,3.557687744140625000e+03,2.887153625488281250e-01,3.475901186466217041e-01,1.238521263003349304e-01,1.870709210634231567e-01,-9.526643636728390163e+01,9.626883502380156887e-01,1.059611494748976241e+02,-9.328530012860117893e+01,0.000000000000000000e+00,0.000000000000000000e+00,2.887153625488281250e-01,3.475901186466217041e-01,1.238521263003349304e-01,1.870709210634231567e-01,9.516933593750000000e+04,4.880498437500000000e+04,5.510420312500000000e+04,7.268660156250000000e+04,-4.081321015134422481e+07
1.987000000000000099e+00,1.414627281200272080e+01,-4.414286539250002583e+00,-1.050868330626544065e+02,-1.212019531250000000e+04,1.775335693359375000e+02,3.562576171875000000e+03,2.897538840770721436e-01,3.585700392723083496e-01,1.315124332904815674e-01,1.970631629228591919e-01,-1.074315729406038997e+02,4.414286539250002583e+00,1.050868330626544065e+02,-9.328530012860117893e+01,0.000000000000000000e+00,0.000000000000000000e+00,2.897538840770721436e-01,3.585700392723083496e-01,1.315124332904815674e-01,1.970631629228591919e-01,9.522220312500000000e+04,4.891627343750000000e+04,5.487856640625000000e+04,7.252882031250000000e+04,-4.082447299678748846e+07
1.987999999999999989e+00,2.644915923691756632e+01,-7.590330038623703146e+00,-1.035010012110197408e+02,-1.213311621093750000e+04,1.753469696044921875e+02,3.548283935546875000e+03,2.893890142440795898e-01,3.696897923946380615e-01,1.417704522609710693e-01,2.071464657783508301e-01,-1.197344593655187452e+02,7.590330038623703146e+00,1.035010012110197408e+02,-9.328530012860117893e+01,0.000000000000000000e+00,0.000000000000000000e+00,2.893890142440795898e-01,3.696897923946380615e-01,1.417704522609710693e-01,2.071464657783508301e-01,9.527043750000000000e+04,4.903128906250000000e+04,5.465622656250000000e+04,7.237199218750000000e+04,-4.083594262517360598e+07
1.989000000000000101e+00,3.892412633648503117e+01,-1.036766974575521871e+01,-1.012513066382115596e+02,-1.211980566406250000e+04,1.676980743408203125e+02,3.559438232421875000e+03,2.903329730033874512e-01,3.819484412670135498e-01,1.519317179918289185e-01,2.156011760234832764e-01,-1.322094264650862101e+02,1.036766974575521871e+01,1.012513066382115596e+02,-9.328530012860117893e+01,0.000000000000000000e+00,0.000000000000000000e+00,2.903329730033874512e-01,3.819484412670135498e-01,1.519317179918289185e-01,2.156011760234832764e-01,9.532619531250000000e+04,4.914233984375000000e+04,5.457003906250000000e+04,7.237473437500000000e+04,-4.084781702845656872e+07
1.989999999999999991e+00,5.158397543658200846e+01,-1.261880942594047461e+01,-9.842070089658126619e+01,-1.209170996093750000e+04,1.502858276367187500e+02,3.575691650390625000e+03,2.882135212421417236e-01,3.928249478340148926e-01,1.612121313810348511e-01,2.246413975954055786e-01,-1.448692755651831874e+02,1.261880942594047461e+01,9.842070089658126619e+01,-9.328530012860117893e+01,0.000000000000000000e+00,0.000000000000000000e+00,2.882135212421417236e-01,3.928249478340148926e-01,1.612121313810348511e-01,2.246413975954055786e-01,9.538876562500000000e+04,4.925237500000000000e+04,5.456487109375000000e+04,7.244064843750000000e+04,-4.086032380369471014e+07
1.991000000000000103e+00,6.441730793678688372e+01,-1.421236658418610155e+01,-9.515948663397358587e+01,-1.207255371093750000e+04,1.271297149658203125e+02,3.554175292968750000e+03,2.827817201614379883e-01,4.022019207477569580e-01,1.675584018230438232e-01,2.341390550136566162e-01,-1.577026080653880626e+02,1.421236658418610155e+01,9.515948663397358587e+01,-9.328530012860117893e+01,0.000000000000000000e+00,0.000000000000000000e+00,2.827817201614379883e-01,4.022019207477569580e-01,1.675584018230438232e-01,2.341390550136566162e-01,9.544287500000000000e+04,4.936848046875000000e+04,5.456603125000000000e+04,7.249860937500000000e+04,-4.087373071251689643e+07
1.991999999999999993e+00,7.740075156552181568e+01,-1.507924586765947517e+01,-9.158969517037591856e+01,-1.207665917968750000e+04,1.071030883789062500e+02,3.565849121093750000e+03,2.761887013912200928e-01,4.118112325668334961e-01,1.687119007110595703e-01,2.421451061964035034e-01,-1.706860516941229946e+02,1.507924586765947517e+01,9.158969517037591856e+01,-9.328530012860117893e+01,0.000000000000000000e+00,0.000000000000000000e+00,2.761887013912200928e-01,4.118112325668334961e-01,1.687119007110595703e-01,2.421451061964035034e-01,9.548710937500000000e+04,4.947866406250000000e+04,5.463394531250000000e+04,7.261295312500000000e+04,-4.088833764477714151e+07
1.993000000000000105e+00,-2.695307666841979426e+02,-1.515711827079094220e+01,-8.791924130961679396e+01,-1.210701953125000000e+04,9.426147460937500000e+01,3.549585937500000000e+03,2.648241519927978516e-01,4.197105467319488525e-01,1.653206050395965576e-01,2.495532780885696411e-01,1.762454665555967495e+02,1.515711827079094220e+01,8.791924130961679396e+01,-9.328530012860117893e+01,0.000000000000000000e+00,0.000000000000000000e+00,2.648241519927978516e-01,4.197105467319488525e-01,1.653206050395965576e-01,2.495532780885696411e-01,9.548729687500000000e+04,4.959365625000000000e+04,5.474904687500000000e+04,7.272312500000000000e+04,-4.096894401019324362e+07
1.993999999999999995e+00,-2.564626300135340671e+02,-1.443223500337491316e+01,-8.431610896634100527e+01,-1.214384765625000000e+04,9.095027160644531250e+01,3.563741699218750000e+03,2.825982570648193359e-01,-3.936449065804481506e-02,3.214031159877777100e-01,2.807793617248535156e-01,1.631773298849328739e+02,1.443223500337491316e+01,8.431610896634100527e+01,-9.328530012860117893e+01,0.000000000000000000e+00,0.000000000000000000e+00,2.825982570648193359e-01,0.000000000000000000e+00,3.214031159877777100e-01,2.807793617248535156e-01,9.544617187500000000e+04,4.970412109375000000e+04,5.485886718750000000e+04,7.283834375000000000e+04,-4.104203458642511815e+07
1.995000000000000107e+00,-2.435053313045590926e+02,-1.294245586371246404e+01,-8.098610434556702842e+01,-1.216514160156250000e+04,8.818304443359375000e+01,3.567442871093750000e+03,2.761008143424987793e-01,-2.984466776251792908e-02,3.284856975078582764e-01,2.870175540447235107e-01,1.502200311759578994e+02,1.294245586371246404e+01,8.098610434556702842e+01,-9.328530012860117893e+01,0.000000000000000000e+00,0.000000000000000000e+00,2.761008143424987793e-01,0.000000000000000000e+00,3.284856975078582764e-01,2.870175540447235107e-01,9.532442187500000000e+04,4.981637500000000000e+04,5.495259765625000000e+04,7.295121093750000000e+04,-4.110805568905971944e+07
1.995999999999999996e+00,-2.307505271297745821e+02,-1.078686604194155407e+01,-7.810798009245580431e+01,-1.215895507812500000e+04,7.827082061767578125e+01,3.552480468750000000e+03,2.708824574947357178e-01,-1.830831915140151978e-02,3.337431550025939941e-01,2.915761768817901611e-01,1.374652270011734174e+02,1.078686604194155407e+01,7.810798009245580431e+01,-9.328530012860117893e+01,0.000000000000000000e+00,0.000000000000000000e+00,2.708824574947357178e-01,0.000000000000000000e+00,3.337431550025939941e-01,2.915761768817901611e-01,9.532718750000000000e+04,4.959392578125000000e+04,5.506727343750000000e+04,7.306099218750000000e+04,-4.116751870786351711e+07
1.997000000000000108e+00,-2.182335674112943025e+02,-8.066013268544200088e+00,-7.577339789662144653e+01,-1.213051855468750000e+04,5.946582794189453125e+01,3.570719726562500000e+03,2.676338255405426025e-01,-5.598012357950210571e-03,3.367478251457214355e-01,2.944462597370147705e-01,1.249482672826931235e+02,8.066013268544200088e+00,7.577339789662144653e+01,-9.328530012860117893e+01,0.000000000000000000e+00,0.000000000000000000e+00,2.676338255405426025e-01,0.000000000000000000e+00,3.367478251457214355e-01,2.944462597370147705e-01,9.525375781250000000e+04,4.936568359375000000e+04,5.517666406250000000e+04,7.317654687500000000e+04,-4.122095126620742679e+07
1.997999999999999998e+00,-2.059320167633444498e+02,-4.939917799708954504e+00,-7.408263864009357746e+01,-1.210610937500000000e+04,3.353056716918945312e+01,3.555225830078125000e+03,2.639033794403076172e-01,9.277755394577980042e-03,3.371627330780029297e-01,2.955116927623748779e-01,1.126467166347432851e+02,4.939917799708954504e+00,7.408263864009357746e+01,-9.328530012860117893e+01,0.000000000000000000e+00,0.000000000000000000e+00,2.639033794403076172e-01,9.277755394577980042e-03,3.371627330780029297e-01,2.955116927623748779e-01,9.517582031250000000e+04,4.914271484375000000e+04,5.529195703125000000e+04,7.328698437500000000e+04,-4.126887190187139064e+07
1.999000000000000110e+00,-1.937686744185283771e+02,-1.528799931888195740e+00,-7.307997427625552689e+01,-1.210286132812500000e+04,1.285816287994384766e+01,3.561531005859375000e+03,2.627501487731933594e-01,2.493877522647380829e-02,3.350537419319152832e-01,2.947023212909698486e-01,1.004833742899271982e+02,1.528799931888195740e+00,7.307997427625552689e+01,-9.328530012860117893e+01,0.000000000000000000e+00,0.000000000000000000e+00,2.627501487731933594e-01,2.493877522647380829e-02,3.350537419319152832e-01,2.947023212909698486e-01,9.508043750000000000e+04,4.891645703125000000e+04,5.540378906250000000e+04,7.340059375000000000e+04,-4.131176122092675418e+07
2.000000000000000000e+00,-1.816418560710910128e+02,1.987186822805545816e+00,-7.281008998325337700e+01,-1.212406640625000000e+04,1.847694396972656250e+00,3.532921386718750000e+03,2.612448632717132568e-01,4.362595826387405396e-02,3.300272524356842041e-01,2.913817167282104492e-01,8.835655594248981970e+01,-1.987186822805545816e+00,7.281008998325337700e+01,-9.328530012860117893e+01,0.000000000000000000e+00,0.000000000000000000e+00,2.612448632717132568e-01,4.362595826387405396e-02,3.300272524356842041e-01,2.913817167282104492e-01,9.495520312500000000e+04,4.869649609375000000e+04,5.552146875000000000e+04,7.350803906250000000e+04,-4.135006024291854352e+07
2.000999999999999890e+00,-1.694535680992692903e+02,5.454893833284255145e+00,-7.328481690089638789e+01,-1.215368652343750000e+04,2.612446308135986328e+00,3.506472900390625000e+03,2.622722089290618896e-01,6.437808275222778320e-02,3.216987550258636475e-01,2.850350141525268555e-01,7.616826797066811139e+01,-5.454893833284255145e+00,7.328481690089638789e+01,-9.328530012860117893e+01,0.000000000000000000e+00,0.000000000000000000e+00,2.622722089290618896e-01,6.437808275222778320e-02,3.216987550258636475e-01,2.850350141525268555e-01,9.482459375000000000e+04,4.847605468750000000e+04,5.563872656250000000e+04,7.361598437500000000e+04,-4.138417517491504550e+07
2.001999999999999780e+00,-1.571320010595883900e+02,8.760898523838829277e+00,-7.450437898235082912e+01,-1.216675976562500000e+04,7.161615371704101562e+00,3.527107910156250000e+03,2.639662325382232666e-01,8.792119473218917847e-02,3.095436394214630127e-01,2.754704058170318604e-01,6.384670093098719690e+01,-8.760898523838829277e+00,7.450437898235082912e+01,-9.328530012860117893e+01,0.000000000000000000e+00,0.000000000000000000e+00,2.639662325382232666e-01,8.792119473218917847e-02,3.095436394214630127e-01,2.754704058170318604e-01,9.469500000000000000e+04,4.824756250000000000e+04,5.574807421875000000e+04,7.373224218750000000e+04,-4.141449329650252312e+07
2.003000000000000114e+00,-1.446311597210098512e+02,1.173367436141718123e+01,-7.642694878082068044e+01,-1.215484082031250000e+04,4.602734565734863281e+00,3.530222412109375000e+03,2.638359069824218750e-01,1.139557063579559326e-01,2.934877276420593262e-01,2.634377479553222656e-01,5.134585959240866515e+01,-1.173367436141718123e+01,7.642694878082068044e+01,-9.328530012860117893e+01,0.000000000000000000e+00,0.000000000000000000e+00,2.638359069824218750e-01,1.139557063579559326e-01,2.934877276420593262e-01,2.634377479553222656e-01,9.457214843750000000e+04,4.802155859375000000e+04,5.586026953125000000e+04,7.384564062500000000e+04,-4.144139022647873312e+07
2.004000000000000004e+00,-1.319284730041112539e+02,1.424732480693727865e+01,-7.899740163173945007e+01,-1.212077050781250000e+04,-6.266543388366699219e+00,3.554938720703125000e+03,2.655760645866394043e-01,1.399056017398834229e-01,2.738426029682159424e-01,2.494962066411972046e-01,3.864317287551007496e+01,-1.424732480693727865e+01,7.899740163173945007e+01,-9.328530012860117893e+01,0.000000000000000000e+00,0.000000000000000000e+00,2.655760645866394043e-01,1.399056017398834229e-01,2.738426029682159424e-01,2.494962066411972046e-01,9.446833593750000000e+04,4.779208984375000000e+04,5.596879687500000000e+04,7.396200000000000000e+04,-4.146523892419665307e+07
2.004999999999999893e+00,-1.190325271932304503e+02,1.614310112351144966e+01,-8.206722745477873104e+01,-1.208722753906250000e+04,-2.542993736267089844e+01,3.523443603515625000e+03,2.668822407722473145e-01,1.655667126178741455e-01,2.516075372695922852e-01,2.349382787942886353e-01,2.574722706462927491e+01,-1.614310112351144966e+01,8.206722745477873104e+01,-9.328530012860117893e+01,0.000000000000000000e+00,0.000000000000000000e+00,2.668822407722473145e-01,1.655667126178741455e-01,2.516075372695922852e-01,2.349382787942886353e-01,9.435632812500000000e+04,4.765266015625000000e+04,5.608658203125000000e+04,7.406904687500000000e+04,-4.148640329626265913e+07
2.005999999999999783e+00,-1.059614127857613113e+02,1.733828412388260176e+01,-8.551701099054005795e+01,-1.207332421875000000e+04,-4.126654434204101562e+01,3.519285888671875000e+03,2.721432447433471680e-01,1.897012591361999512e-01,2.275999486446380615e-01,2.198028415441513062e-01,1.267611265716013591e+01,-1.733828412388260176e+01,8.551701099054005795e+01,-9.328530012860117893e+01,0.000000000000000000e+00,0.000000000000000000e+00,2.721432447433471680e-01,1.897012591361999512e-01,2.275999486446380615e-01,2.198028415441513062e-01,9.427305468750000000e+04,4.776614453125000000e+04,5.619966796875000000e+04,7.418097656250000000e+04,-4.150524489252732694e+07
2.007000000000000117e+00,-9.276668550978592975e+01,1.776202664024589239e+01,-8.918299158680657968e+01,-1.208512792968750000e+04,-5.116973495483398438e+01,3.527038085937500000e+03,2.759977281093597412e-01,2.131646275520324707e-01,2.037069201469421387e-01,2.059620916843414307e-01,-5.186146188152446213e-01,-1.776202664024589239e+01,8.918299158680657968e+01,-9.328530012860117893e+01,0.000000000000000000e+00,0.000000000000000000e+00,2.759977281093597412e-01,2.131646275520324707e-01,2.037069201469421387e-01,2.059620916843414307e-01,9.423142187500000000e+04,4.787741796875000000e+04,5.631061718750000000e+04,7.423470312500000000e+04,-4.152211964604654163e+07
2.008000000000000007e+00,-7.954435568171935245e+01,1.737778671655443929e+01,-9.284889492985868742e+01,-1.211155468750000000e+04,-5.273390197753906250e+01,3.522043457031250000e+03,2.791017591953277588e-01,2.352994680404663086e-01,1.812155097723007202e-01,1.942439824342727661e-01,-1.374094444688182293e+01,-1.737778671655443929e+01,9.284889492985868742e+01,-9.328530012860117893e+01,0.000000000000000000e+00,0.000000000000000000e+00,2.791017591953277588e-01,2.352994680404663086e-01,1.812155097723007202e-01,1.942439824342727661e-01,9.421527343750000000e+04,4.799037890625000000e+04,5.642356640625000000e+04,7.418135156250000000e+04,-4.153736985532822460e+07
2.008999999999999897e+00,-6.641503374612540256e+01,1.620550369772053401e+01,-9.631068838013226241e+01,-1.212510058593750000e+04,-5.113139724731445312e+01,3.521495361328125000e+03,2.828404307365417480e-01,2.558866143226623535e-01,1.609852313995361328e-01,1.849376559257507324e-01,-2.687026638247577992e+01,-1.620550369772053401e+01,9.631068838013226241e+01,-9.328530012860117893e+01,0.000000000000000000e+00,0.000000000000000000e+00,2.828404307365417480e-01,2.558866143226623535e-01,1.609852313995361328e-01,1.849376559257507324e-01,9.422287500000000000e+04,4.810282031250000000e+04,5.653573828125000000e+04,7.404175000000000000e+04,-4.155131917908207327e+07
2.009999999999999787e+00,-5.349448589152337519e+01,1.433873234205243818e+01,-9.935621516299021039e+01,-1.211433398437500000e+04,-5.515179443359375000e+01,3.486791748046875000e+03,2.861363291740417480e-01,2.742564380168914795e-01,1.441877037286758423e-01,1.793238669633865356e-01,-3.979081423707780374e+01,-1.433873234205243818e+01,9.935621516299021039e+01,-9.328530012860117893e+01,0.000000000000000000e+00,0.000000000000000000e+00,2.861363291740417480e-01,2.742564380168914795e-01,1.441877037286758423e-01,1.793238669633865356e-01,9.425008593750000000e+04,4.822150781250000000e+04,5.656275781250000000e+04,7.382932031250000000e+04,-4.156425809583956003e+07
2.011000000000000121e+00,-4.083386904781873739e+01,1.186192353389176191e+01,-1.018952834576759869e+02,-1.208113574218750000e+04,-6.632586669921875000e+01,3.505740722656250000e+03,2.911026179790496826e-01,2.904591858386993408e-01,1.309545487165451050e-01,1.770633012056350708e-01,-5.245143108078244154e+01,-1.186192353389176191e+01,1.018952834576759869e+02,-9.328530012860117893e+01,0.000000000000000000e+00,0.000000000000000000e+00,2.911026179790496826e-01,2.904591858386993408e-01,1.309545487165451050e-01,1.770633012056350708e-01,9.430908593750000000e+04,4.833114453125000000e+04,5.644882031250000000e+04,7.360785156250000000e+04,-4.157644885472182184e+07
2.012000000000000011e+00,-2.843300007457391132e+01,8.930475469348333917e+00,-1.038122529132336069e+02,-1.205108007812500000e+04,-8.568276214599609375e+01,3.490730712890625000e+03,2.919831275939941406e-01,3.031962215900421143e-01,1.231049969792366028e-01,1.805726140737533569e-01,-6.485230005402726761e+01,-8.930475469348333917e+00,1.038122529132336069e+02,-9.328530012860117893e+01,0.000000000000000000e+00,0.000000000000000000e+00,2.919831275939941406e-01,3.031962215900421143e-01,1.231049969792366028e-01,1.805726140737533569e-01,9.439524218750000000e+04,4.844622656250000000e+04,5.623856250000000000e+04,7.338025000000000000e+04,-4.158811402746209502e+07
2.012999999999999901e+00,-1.622933139957693527e+01,5.682047607924730848e+00,-1.050514224560088650e+02,-1.204232226562500000e+04,-1.021692886352539062e+02,3.478020263671875000e+03,2.937942445278167725e-01,3.144108653068542480e-01,1.193127110600471497e-01,1.869507879018783569e-01,-7.705596872902424366e+01,-5.682047607924730848e+00,1.050514224560088650e+02,-9.328530012860117893e+01,0.000000000000000000e+00,0.000000000000000000e+00,2.937942445278167725e-01,3.144108653068542480e-01,1.193127110600471497e-01,1.869507879018783569e-01,9.448575781250000000e+04,4.856050390625000000e+04,5.601574609375000000e+04,7.315347656250000000e+04,-4.159944550568482280e+07
2.013999999999999790e+00,-4.128574963972553746e+00,2.281352126371584799e+00,-1.055751289002273836e+02,-1.206075097656250000e+04,-1.107721023559570312e+02,3.445165283203125000e+03,2.942967116832733154e-01,3.248232603073120117e-01,1.197574511170387268e-01,1.957304030656814575e-01,-8.915672516462862518e+01,-2.281352126371584799e+00,1.055751289002273836e+02,-9.328530012860117893e+01,0.000000000000000000e+00,0.000000000000000000e+00,2.942967116832733154e-01,3.248232603073120117e-01,1.197574511170387268e-01,1.957304030656814575e-01,9.458378906250000000e+04,4.867825000000000000e+04,5.579644531250000000e+04,7.297748437500000000e+04,-4.161061386322587729e+07
2.015000000000000124e+00,7.967897085557666514e+00,-1.123154156691812844e+00,-1.053719574298054340e+02,-1.209494726562500000e+04,-1.066944046020507812e+02,3.415238525390625000e+03,2.954919636249542236e-01,3.361030519008636475e-01,1.233633756637573242e-01,2.047907412052154541e-01,-1.012531972141588454e+02,1.123154156691812844e+00,1.053719574298054340e+02,-9.328530012860117893e+01,0.000000000000000000e+00,0.000000000000000000e+00,2.954919636249542236e-01,3.361030519008636475e-01,1.233633756637573242e-01,2.047907412052154541e-01,9.468291406250000000e+04,4.879608593750000000e+04,5.557670703125000000e+04,7.287312500000000000e+04,-4.162178186149769276e+07
2.016000000000000014e+00,2.013769319046814132e+01,-4.422030278203141762e+00,-1.044409149756613715e+02,-1.212112988281250000e+04,-9.543846130371093750e+01,3.432489501953125000e+03,2.968352437019348145e-01,3.486685752868652344e-01,1.296468973159790039e-01,2.132607400417327881e-01,-1.134229933190693203e+02,4.422030278203141762e+00,1.044409149756613715e+02,-9.328530012860117893e+01,0.000000000000000000e+00,0.000000000000000000e+00,2.968352437019348145e-01,3.486685752868652344e-01,1.296468973159790039e-01,2.132607400417327881e-01,9.479663281250000000e+04,4.890605859375000000e+04,5.534907812500000000e+04,7.284739062500000000e+04,-4.163311484725745767e+07
2.016999999999999904e+00,3.243530900336619993e+01,-7.433564446723621266e+00,-1.028233191492709153e+02,-1.212689257812500000e+04,-8.677326202392578125e+01,3.419580322265625000e+03,2.958713173866271973e-01,3.609692454338073730e-01,1.386705935001373291e-01,2.220653742551803589e-01,-1.257206091319673789e+02,7.433564446723621266e+00,1.028233191492709153e+02,-9.328530012860117893e+01,0.000000000000000000e+00,0.000000000000000000e+00,2.958713173866271973e-01,3.609692454338073730e-01,1.386705935001373291e-01,2.220653742551803589e-01,9.490680468750000000e+04,4.902086718750000000e+04,5.515427343750000000e+04,7.287986718750000000e+04,-4.164479478936886042e+07
2.017999999999999794e+00,4.488929923642486131e+01,-1.004094945975207764e+01,-1.005688801868333968e+02,-1.210778320312500000e+04,-8.540186309814453125e+01,3.435021972656250000e+03,2.968941330909729004e-01,3.744931519031524658e-01,1.473751664161682129e-01,2.292168438434600830e-01,-1.381745993650260402e+02,1.004094945975207764e+01,1.005688801868333968e+02,-9.328530012860117893e+01,0.000000000000000000e+00,0.000000000000000000e+00,2.968941330909729004e-01,3.744931519031524658e-01,1.473751664161682129e-01,2.292168438434600830e-01,9.501720312500000000e+04,4.913060156250000000e+04,5.503097656250000000e+04,7.298153125000000000e+04,-4.165702475888288766e+07
2.019000000000000128e+00,5.750985575487597146e+01,-1.209842725462936741e+01,-9.779640953603836806e+01,-1.208448046875000000e+04,-9.386060333251953125e+01,3.416127441406250000e+03,2.942344546318054199e-01,3.863721787929534912e-01,1.552525907754898071e-01,2.372024059295654297e-01,-1.507951558834771504e+02,1.209842725462936741e+01,9.779640953603836806e+01,-9.328530012860117893e+01,0.000000000000000000e+00,0.000000000000000000e+00,2.942344546318054199e-01,3.863721787929534912e-01,1.552525907754898071e-01,2.372024059295654297e-01,9.512621093750000000e+04,4.924585156250000000e+04,5.498490234375000000e+04,7.309083593750000000e+04,-4.167004265205200762e+07
2.020000000000000018e+00,7.029600243226487066e+01,-1.351334449178004427e+01,-9.461560128112091661e+01,-1.207733203125000000e+04,-1.015267028808593750e+02,3.413891113281250000e+03,2.905651032924652100e-01,3.980192244052886963e-01,1.594346612691879272e-01,2.445702105760574341e-01,-1.635813025608660496e+02,1.351334449178004427e+01,9.461560128112091661e+01,-9.328530012860117893e+01,0.000000000000000000e+00,0.000000000000000000e+00,2.905651032924652100e-01,3.980192244052886963e-01,1.594346612691879272e-01,2.445702105760574341e-01,9.521675000000000000e+04,4.935884375000000000e+04,5.499873828125000000e+04,7.320342968750000000e+04,-4.168411890249510854e+07
2.020999999999999908e+00,8.322261497736961644e+01,-1.420518468560908687e+01,-9.117060240841695418e+01,-1.209757031250000000e+04,-1.031671905517578125e+02,3.420257080078125000e+03,2.822034955024719238e-01,4.081963896751403809e-01,1.596020758152008057e-01,2.517142891883850098e-01,-1.765079151059707954e+02,1.420518468560908687e+01,9.117060240841695418e+01,-9.328530012860117893e+01,0.000000000000000000e+00,0.000000000000000000e+00,2.822034955024719238e-01,4.081963896751403809e-01,1.596020758152008057e-01,2.517142891883850098e-01,9.528185937500000000e+04,4.947069921875000000e+04,5.504323046875000000e+04,7.331717187500000000e+04,-4.169955877215424925e+07
2.021999999999999797e+00,-2.637800472102113645e+02,-1.412180566635059442e+01,-8.767784015080309246e+01,-1.213890820312500000e+04,-9.456625366210937500e+01,3.392613037109375000e+03,2.705708742141723633e-01,4.176080822944641113e-01,1.548693776130676270e-01,2.571102678775787354e-01,1.704947470816101713e+02,1.412180566635059442e+01,8.767784015080309246e+01,-9.328530012860117893e+01,0.000000000000000000e+00,0.000000000000000000e+00,2.705708742141723633e-01,4.176080822944641113e-01,1.548693776130676270e-01,2.571102678775787354e-01,9.528079687500000000e+04,4.958805859375000000e+04,5.509347656250000000e+04,7.342477343750000000e+04,-4.177702551450926065e+07
2.023000000000000131e+00,-2.508023031698865566e+02,-1.326266136449938671e+01,-8.429727610709338137e+01,-1.217373632812500000e+04,-7.951446533203125000e+01,3.400402587890625000e+03,2.881833612918853760e-01,-4.752440750598907471e-02,3.265760838985443115e-01,2.892211675643920898e-01,1.575170030412853919e+02,1.326266136449938671e+01,8.429727610709338137e+01,-9.328530012860117893e+01,0.000000000000000000e+00,0.000000000000000000e+00,2.881833612918853760e-01,0.000000000000000000e+00,3.265760838985443115e-01,2.892211675643920898e-01,9.520439843750000000e+04,4.969932421875000000e+04,5.509967968750000000e+04,7.353840625000000000e+04,-4.184720923873012513e+07
2.024000000000000021e+00,-2.379502597604407015e+02,-1.168706063165021369e+01,-8.123002134188490686e+01,-1.218572558593750000e+04,-6.900743103027343750e+01,3.389596679687500000e+03,2.825671434402465820e-01,-3.690323978662490845e-02,3.324331939220428467e-01,2.941869795322418213e-01,1.446649596318395083e+02,1.168706063165021369e+01,8.123002134188490686e+01,-9.328530012860117893e+01,0.000000000000000000e+00,0.000000000000000000e+00,2.825671434402465820e-01,0.000000000000000000e+00,3.324331939220428467e-01,2.941869795322418213e-01,9.524984375000000000e+04,4.947565625000000000e+04,5.521371875000000000e+04,7.364931250000000000e+04,-4.191056446860359609e+07
2.024999999999999911e+00,-2.252945694327299293e+02,-9.472347748338849627e+00,-7.860076757414084625e+01,-1.216919531250000000e+04,-6.404943847656250000e+01,3.409325927734375000e+03,2.788033485412597656e-01,-2.466884627938270569e-02,3.365059792995452881e-01,2.976270318031311035e-01,1.320092693041287646e+02,9.472347748338849627e+00,7.860076757414084625e+01,-9.328530012860117893e+01,0.000000000000000000e+00,0.000000000000000000e+00,2.788033485412597656e-01,0.000000000000000000e+00,3.365059792995452881e-01,2.976270318031311035e-01,9.529921875000000000e+04,4.924691796875000000e+04,5.532293750000000000e+04,7.376557031250000000e+04,-4.196758991765458137e+07
2.025999999999999801e+00,-2.128581641244134062e+02,-6.756068568040916489e+00,-7.653996829039749628e+01,-1.214185839843750000e+04,-6.677690124511718750e+01,3.402709472656250000e+03,2.745867371559143066e-01,-9.921725839376449585e-03,3.381955921649932861e-01,2.991169095039367676e-01,1.195728639958122415e+02,6.756068568040916489e+00,7.653996829039749628e+01,-9.328530012860117893e+01,0.000000000000000000e+00,0.000000000000000000e+00,2.745867371559143066e-01,0.000000000000000000e+00,3.381955921649932861e-01,2.991169095039367676e-01,9.527794531250000000e+04,4.902316406250000000e+04,5.543680859375000000e+04,7.387677343750000000e+04,-4.201880252689738572e+07
2.027000000000000135e+00,-2.005992728460028047e+02,-3.704673528138092031e+00,-7.513567964717378800e+01,-1.212735546875000000e+04,-6.937152862548828125e+01,3.362073974609375000e+03,2.727986276149749756e-01,5.937786772847175598e-03,3.374894261360168457e-01,2.988329529762268066e-01,1.073139727174016116e+02,3.704673528138092031e+00,7.513567964717378800e+01,-9.328530012860117893e+01,0.000000000000000000e+00,0.000000000000000000e+00,2.727986276149749756e-01,5.937786772847175598e-03,3.374894261360168457e-01,2.988329529762268066e-01,9.522126562500000000e+04,4.880517578125000000e+04,5.555648046875000000e+04,7.398227343750000000e+04,-4.206470169012572616e+07
2.028000000000000025e+00,-1.884336471387945551e+02,-4.276346513742841915e-01,-7.441967098050926666e+01,-1.213633007812500000e+04,-6.380327224731445312e+01,3.359906738281250000e+03,2.738160490989685059e-01,2.330818586051464081e-02,3.341631889343261719e-01,2.963071763515472412e-01,9.514834701019337615e+01,4.276346513742841915e-01,7.441967098050926666e+01,-9.328530012860117893e+01,0.000000000000000000e+00,0.000000000000000000e+00,2.738160490989685059e-01,2.330818586051464081e-02,3.341631889343261719e-01,2.963071763515472412e-01,9.516049218750000000e+04,4.858059375000000000e+04,5.566974609375000000e+04,7.409441406250000000e+04,-4.210574739979999512e+07
2.028999999999999915e+00,-1.762634398866795209e+02,2.911099278848412464e+00,-7.442548547425192851e+01,-1.216663476562500000e+04,-4.886229705810546875e+01,3.344668945312500000e+03,2.734597027301788330e-01,4.439560323953628540e-02,3.277810513973236084e-01,2.909552454948425293e-01,8.297813975807835618e+01,-2.911099278848412464e+00,7.442548547425192851e+01,-9.328530012860117893e+01,0.000000000000000000e+00,0.000000000000000000e+00,2.734597027301788330e-01,4.439560323953628540e-02,3.277810513973236084e-01,2.909552454948425293e-01,9.509832031250000000e+04,4.835787109375000000e+04,5.578512890625000000e+04,7.420489843750000000e+04,-4.214236382742776722e+07
2.029999999999999805e+00,-1.640056780141161994e+02,6.191793382040017946e+00,-7.516882220065447484e+01,-1.219525000000000000e+04,-2.478241920471191406e+01,3.369577392578125000e+03,2.744631171226501465e-01,6.805238127708435059e-02,3.179503381252288818e-01,2.825552523136138916e-01,7.072037788551503468e+01,-6.191793382040017946e+00,7.516882220065447484e+01,-9.328530012860117893e+01,0.000000000000000000e+00,0.000000000000000000e+00,2.744631171226501465e-01,6.805238127708435059e-02,3.179503381252288818e-01,2.825552523136138916e-01,9.504913281250000000e+04,4.812816406250000000e+04,5.589375390625000000e+04,7.432152343750000000e+04,-4.217495037998495996e+07
2.031000000000000139e+00,-1.516064532677869465e+02,9.219015633209366456e+00,-7.662191297396479683e+01,-1.220083203125000000e+04,-2.124974727630615234e+00,3.358521484375000000e+03,2.738040387630462646e-01,9.496712684631347656e-02,3.042608499526977539e-01,2.711879014968872070e-01,5.832115313918578181e+01,-9.219015633209366456e+00,7.662191297396479683e+01,-9.328530012860117893e+01,0.000000000000000000e+00,0.000000000000000000e+00,2.738040387630462646e-01,9.496712684631347656e-02,3.042608499526977539e-01,2.711879014968872070e-01,9.500229687500000000e+04,4.790500000000000000e+04,5.600830468750000000e+04,7.443191406250000000e+04,-4.220389080445443094e+07
2.032000000000000028e+00,-1.390408390800624829e+02,1.184842584385124198e+01,-7.872585886725019577e+01,-1.217737792968750000e+04,1.375713634490966797e+01,3.351670410156250000e+03,2.761621773242950439e-01,1.223083734512329102e-01,2.866010665893554688e-01,2.572318613529205322e-01,4.575553895146128980e+01,-1.184842584385124198e+01,7.872585886725019577e+01,-9.328530012860117893e+01,0.000000000000000000e+00,0.000000000000000000e+00,2.761621773242950439e-01,1.223083734512329102e-01,2.866010665893554688e-01,2.572318613529205322e-01,9.495220312500000000e+04,4.768141406250000000e+04,5.612208984375000000e+04,7.454319531250000000e+04,-4.222956130543588102e+07
2.032999999999999918e+00,-1.262981649672724132e+02,1.397299241936769043e+01,-8.141338184520114396e+01,-1.213847949218750000e+04,2.050903511047363281e+01,3.378939453125000000e+03,2.791759371757507324e-01,1.497790217399597168e-01,2.657240033149719238e-01,2.418365329504013062e-01,3.301286483867123422e+01,-1.397299241936769043e+01,8.141338184520114396e+01,-9.328530012860117893e+01,0.000000000000000000e+00,0.000000000000000000e+00,2.791759371757507324e-01,1.497790217399597168e-01,2.657240033149719238e-01,2.418365329504013062e-01,9.492638281250000000e+04,4.760185156250000000e+04,5.623008984375000000e+04,7.466071093750000000e+04,-4.225233591517060250e+07
2.033999999999999808e+00,-1.133873325483980921e+02,1.546058994992180402e+01,-8.453916842957380595e+01,-1.211301074218750000e+04,2.144540405273437500e+01,3.375511962890625000e+03,2.807459235191345215e-01,1.768225729465484619e-01,2.429695129394531250e-01,2.265059053897857666e-01,2.010203241979690603e+01,-1.546058994992180402e+01,8.453916842957380595e+01,-9.328530012860117893e+01,0.000000000000000000e+00,0.000000000000000000e+00,2.807459235191345215e-01,1.768225729465484619e-01,2.429695129394531250e-01,2.265059053897857666e-01,9.491653125000000000e+04,4.771479296875000000e+04,5.634306250000000000e+04,7.477273437500000000e+04,-4.227257850319340825e+07
2.035000000000000142e+00,-1.003370291429891097e+02,1.622839085805253490e+01,-8.796191173760443860e+01,-1.211200683593750000e+04,2.689471244812011719e+01,3.387170898437500000e+03,2.844676971435546875e-01,2.024038136005401611e-01,2.192630171775817871e-01,2.114229351282119751e-01,7.051729014387931649e+00,-1.622839085805253490e+01,8.796191173760443860e+01,-9.328530012860117893e+01,0.000000000000000000e+00,0.000000000000000000e+00,2.844676971435546875e-01,2.024038136005401611e-01,2.192630171775817871e-01,2.114229351282119751e-01,9.492095312500000000e+04,4.782494921875000000e+04,5.645337500000000000e+04,7.486182812500000000e+04,-4.229064668119702488e+07
2.036000000000000032e+00,-8.722564615082103501e+01,1.621829461513719650e+01,-9.144850870072846760e+01,-1.213355761718750000e+04,3.914783477783203125e+01,3.353774169921875000e+03,2.871811389923095703e-01,2.269630730152130127e-01,1.962198615074157715e-01,1.978910118341445923e-01,-6.059653977780151024e+00,-1.621829461513719650e+01,9.144850870072846760e+01,-9.328530012860117893e+01,0.000000000000000000e+00,0.000000000000000000e+00,2.871811389923095703e-01,2.269630730152130127e-01,1.962198615074157715e-01,1.978910118341445923e-01,9.494342968750000000e+04,4.794321484375000000e+04,5.657107812500000000e+04,7.482982031250000000e+04,-4.230688085736726224e+07
2.036999999999999922e+00,-7.414102049965921992e+01,1.542673964293641298e+01,-9.483915540796151333e+01,-1.215638671875000000e+04,6.063554382324218750e+01,3.362535400390625000e+03,2.924714684486389160e-01,2.502158582210540771e-01,1.744113117456436157e-01,1.856439709663391113e-01,-1.914427962894195900e+01,-1.542673964293641298e+01,9.483915540796151333e+01,-9.328530012860117893e+01,0.000000000000000000e+00,0.000000000000000000e+00,2.924714684486389160e-01,2.502158582210540771e-01,1.744113117456436157e-01,1.856439709663391113e-01,9.499119531250000000e+04,4.805464453125000000e+04,5.668169921875000000e+04,7.470470312500000000e+04,-4.232161019798249751e+07
2.037999999999999812e+00,-6.118957530866960326e+01,1.389525749281417077e+01,-9.794688732515444940e+01,-1.216111132812500000e+04,8.065405273437500000e+01,3.379391845703125000e+03,2.947716116905212402e-01,2.716776728630065918e-01,1.558781117200851440e-01,1.771320253610610962e-01,-3.209572481993157567e+01,-1.389525749281417077e+01,9.794688732515444940e+01,-9.328530012860117893e+01,0.000000000000000000e+00,0.000000000000000000e+00,2.947716116905212402e-01,2.716776728630065918e-01,1.558781117200851440e-01,1.771320253610610962e-01,9.507647656250000000e+04,4.816452734375000000e+04,5.679100390625000000e+04,7.449076562500000000e+04,-4.233514103302643448e+07
2.039000000000000146e+00,-4.845910345186120338e+01,1.173046434585956455e+01,-1.005888771716845298e+02,-1.214087109375000000e+04,9.252934265136718750e+01,3.369880371093750000e+03,2.962480187416076660e-01,2.904531657695770264e-01,1.412182152271270752e-01,1.727641373872756958e-01,-4.482619667673997554e+01,-1.173046434585956455e+01,1.005888771716845298e+02,-9.328530012860117893e+01,0.000000000000000000e+00,0.000000000000000000e+00,2.962480187416076660e-01,2.904531657695770264e-01,1.412182152271270752e-01,1.727641373872756958e-01,9.517068750000000000e+04,4.827847265625000000e+04,5.676810546875000000e+04,7.426375000000000000e+04,-4.234774504373822361e+07
2.040000000000000036e+00,-3.597673517748960137e+01,9.048921108820195514e+00,-1.026678469350102034e+02,-1.210380566406250000e+04,9.425177001953125000e+01,3.377117919921875000e+03,2.988413572311401367e-01,3.067841827869415283e-01,1.304471939802169800e-01,1.720158010721206665e-01,-5.730856495111157756e+01,-9.048921108820195514e+00,1.026678469350102034e+02,-9.328530012860117893e+01,0.000000000000000000e+00,0.000000000000000000e+00,2.988413572311401367e-01,3.067841827869415283e-01,1.304471939802169800e-01,1.720158010721206665e-01,9.527645312500000000e+04,4.838936328125000000e+04,5.662797265625000000e+04,7.403968750000000000e+04,-4.235966193897975981e+07
2.040999999999999925e+00,-2.370971979929231566e+01,6.018760701669813251e+00,-1.040930315628611140e+02,-1.207665136718750000e+04,9.094618225097656250e+01,3.348257568359375000e+03,2.996010780334472656e-01,3.202346563339233398e-01,1.245383098721504211e-01,1.758677065372467041e-01,-6.957558032930886327e+01,-6.018760701669813251e+00,1.040930315628611140e+02,-9.328530012860117893e+01,0.000000000000000000e+00,0.000000000000000000e+00,2.996010780334472656e-01,3.202346563339233398e-01,1.245383098721504211e-01,1.758677065372467041e-01,9.538399218750000000e+04,4.850682421875000000e+04,5.641187500000000000e+04,7.381010156250000000e+04,-4.237109567449305207e+07
2.041999999999999815e+00,-1.157437081243752175e+01,2.749532476831089589e+00,-1.048345096312908424e+02,-1.207519726562500000e+04,9.448608398437500000e+01,3.356640625000000000e+03,3.015726208686828613e-01,3.328837752342224121e-01,1.223212182521820068e-01,1.816927492618560791e-01,-8.171092931616365718e+01,-2.749532476831089589e+00,1.048345096312908424e+02,-9.328530012860117893e+01,0.000000000000000000e+00,0.000000000000000000e+00,3.015726208686828613e-01,3.328837752342224121e-01,1.223212182521820068e-01,1.816927492618560791e-01,9.549786718750000000e+04,4.861832812500000000e+04,5.618562109375000000e+04,7.358668750000000000e+04,-4.238222747489123046e+07
2.043000000000000149e+00,5.307727025023609713e-01,-5.868105824976617146e-01,-1.048568712278699167e+02,-1.210129785156250000e+04,1.080538101196289062e+02,3.340885009765625000e+03,3.004186749458312988e-01,3.445239067077636719e-01,1.247693523764610291e-01,1.900656968355178833e-01,-9.381607283110353990e+01,5.868105824976617146e-01,1.048568712278699167e+02,-9.328530012860117893e+01,0.000000000000000000e+00,0.000000000000000000e+00,3.004186749458312988e-01,3.445239067077636719e-01,1.247693523764610291e-01,1.900656968355178833e-01,9.560789843750000000e+04,4.873366796875000000e+04,5.596349609375000000e+04,7.336310156250000000e+04,-4.239322306440124661e+07
2.044000000000000039e+00,1.269599631137519680e+01,-3.832183997617626847e+00,-1.041569955626606969e+02,-1.213483691406250000e+04,1.313872528076171875e+02,3.323470214843750000e+03,3.007338345050811768e-01,3.575985133647918701e-01,1.299378424882888794e-01,1.976671367883682251e-01,-1.059812964399763757e+02,3.832183997617626847e+00,1.041569955626606969e+02,-9.328530012860117893e+01,0.000000000000000000e+00,0.000000000000000000e+00,3.007338345050811768e-01,3.575985133647918701e-01,1.299378424882888794e-01,1.976671367883682251e-01,9.571720312500000000e+04,4.884903125000000000e+04,5.574166406250000000e+04,7.320835937500000000e+04,-4.240424761808241904e+07
2.044999999999999929e+00,2.498134766096924864e+01,-6.865096449951818336e+00,-1.027500804707603947e+02,-1.215070898437500000e+04,1.559191741943359375e+02,3.343341796875000000e+03,3.018263578414916992e-01,3.719606399536132812e-01,1.370994448661804199e-01,2.040746510028839111e-01,-1.182666477895704276e+02,6.865096449951818336e+00,1.027500804707603947e+02,-9.328530012860117893e+01,0.000000000000000000e+00,0.000000000000000000e+00,3.018263578414916992e-01,3.719606399536132812e-01,1.370994448661804199e-01,2.040746510028839111e-01,9.583353906250000000e+04,4.895780468750000000e+04,5.553451953125000000e+04,7.312126562500000000e+04,-4.241547639439938962e+07
2.045999999999999819e+00,3.741792352576196379e+01,-9.515869786652022100e+00,-1.006997828911374313e+02,-1.214093359375000000e+04,1.725637512207031250e+02,3.340098876953125000e+03,3.008119761943817139e-01,3.855597078800201416e-01,1.458616405725479126e-01,2.108209133148193359e-01,-1.307032236543631427e+02,9.515869786652022100e+00,1.006997828911374313e+02,-9.328530012860117893e+01,0.000000000000000000e+00,0.000000000000000000e+00,3.008119761943817139e-01,3.855597078800201416e-01,1.458616405725479126e-01,2.108209133148193359e-01,9.594532031250000000e+04,4.907078125000000000e+04,5.539297265625000000e+04,7.308100000000000000e+04,-4.242710749345248938e+07
2.047000000000000153e+00,5.001711085852365102e+01,-1.167746313203850050e+01,-9.807271908841137531e+01,-1.211242773437500000e+04,1.807643127441406250e+02,3.368875244140625000e+03,3.001095950603485107e-01,3.991601765155792236e-01,1.531297415494918823e-01,2.166996002197265625e-01,-1.433024109871248299e+02,1.167746313203850050e+01,9.807271908841137531e+01,-9.328530012860117893e+01,0.000000000000000000e+00,0.000000000000000000e+00,3.001095950603485107e-01,3.991601765155792236e-01,1.531297415494918823e-01,2.166996002197265625e-01,9.606267968750000000e+04,4.917888281250000000e+04,5.531858593750000000e+04,7.309692187500000000e+04,-4.243936382620571554e+07
2.048000000000000043e+00,6.276943128047749099e+01,-1.321447743466612224e+01,-9.501394511061339188e+01,-1.208942675781250000e+04,1.818648529052734375e+02,3.360370117187500000e+03,2.944385707378387451e-01,4.102091193199157715e-01,1.584142297506332397e-01,2.239616364240646362e-01,-1.560547314090786699e+02,1.321447743466612224e+01,9.501394511061339188e+01,-9.328530012860117893e+01,0.000000000000000000e+00,0.000000000000000000e+00,2.944385707378387451e-01,4.102091193199157715e-01,1.584142297506332397e-01,2.239616364240646362e-01,9.617104687500000000e+04,4.929309375000000000e+04,5.530913281250000000e+04,7.314971093750000000e+04,-4.245250609988834709e+07
2.048999999999999932e+00,7.565017569406366249e+01,-1.404398456015027286e+01,-9.167466852406522548e+01,-1.209020800781250000e+04,1.856102142333984375e+02,3.350616699218750000e+03,2.876948714256286621e-01,4.210098385810852051e-01,1.588177382946014404e-01,2.300068587064743042e-01,-1.689354758226648414e+02,1.404398456015027286e+01,9.167466852406522548e+01,-9.328530012860117893e+01,0.000000000000000000e+00,0.000000000000000000e+00,2.876948714256286621e-01,4.210098385810852051e-01,1.588177382946014404e-01,2.300068587064743042e-01,9.623708593750000000e+04,4.940733593750000000e+04,5.534124218750000000e+04,7.325491406250000000e+04,-4.246683052732221037e+07
2.049999999999999822e+00,-2.713833566361310545e+02,-1.411779201732164069e+01,-8.819233127883514101e+01,-1.211548730468750000e+04,1.966051940917968750e+02,3.379067382812500000e+03,2.780180275440216064e-01,4.310044050216674805e-01,1.541762351989746094e-01,2.345471233129501343e-01,1.780980565075298898e+02,1.411779201732164069e+01,8.819233127883514101e+01,-9.328530012860117893e+01,0.000000000000000000e+00,0.000000000000000000e+00,2.780180275440216064e-01,4.310044050216674805e-01,1.541762351989746094e-01,2.345471233129501343e-01,9.626194531250000000e+04,4.951484765625000000e+04,5.536919140625000000e+04,7.337249218750000000e+04,-4.254845665292914212e+07
2.051000000000000156e+00,-2.584160403026842801e+02,-1.341502880354790506e+01,-8.478921202726007778e+01,-1.215373046875000000e+04,2.134046020507812500e+02,3.378812744140625000e+03,2.924856543540954590e-01,-3.566471487283706665e-02,3.169603347778320312e-01,2.736683487892150879e-01,1.651307401740830869e+02,1.341502880354790506e+01,8.478921202726007778e+01,-9.328530012860117893e+01,0.000000000000000000e+00,0.000000000000000000e+00,2.924856543540954590e-01,0.000000000000000000e+00,3.169603347778320312e-01,2.736683487892150879e-01,9.621304687500000000e+04,4.962702343750000000e+04,5.536487500000000000e+04,7.348532031250000000e+04,-4.262260467628886551e+07
2.052000000000000046e+00,-2.455405503611492009e+02,-1.196178013596464851e+01,-8.162824688353249769e+01,-1.217736914062500000e+04,2.334459228515625000e+02,3.407375976562500000e+03,2.871579229831695557e-01,-2.490649744868278503e-02,3.235454261302947998e-01,2.786251008510589600e-01,1.522552502325480361e+02,1.196178013596464851e+01,8.162824688353249769e+01,-9.328530012860117893e+01,0.000000000000000000e+00,0.000000000000000000e+00,2.871579229831695557e-01,0.000000000000000000e+00,3.235454261302947998e-01,2.786251008510589600e-01,9.627127343750000000e+04,4.939728125000000000e+04,5.547219921875000000e+04,7.360232031250000000e+04,-4.268970109303382039e+07
2.052999999999999936e+00,-2.328494837730573863e+02,-9.853792879398731941e+00,-7.890480717880309669e+01,-1.217195019531250000e+04,2.468822631835937500e+02,3.402499267578125000e+03,2.812616825103759766e-01,-1.098082587122917175e-02,3.282586634159088135e-01,2.816702425479888916e-01,1.395641836444561932e+02,9.853792879398731941e+00,7.890480717880309669e+01,-9.328530012860117893e+01,0.000000000000000000e+00,0.000000000000000000e+00,2.812616825103759766e-01,0.000000000000000000e+00,3.282586634159088135e-01,2.816702425479888916e-01,9.628567187500000000e+04,4.917336328125000000e+04,5.558520703125000000e+04,7.371379687500000000e+04,-4.275024304095723480e+07
2.053999999999999826e+00,-2.203806197961658313e+02,-7.213008406279198148e+00,-7.673588021020253791e+01,-1.214332910156250000e+04,2.519695739746093750e+02,3.399039062500000000e+03,2.780951261520385742e-01,3.978533670306205750e-03,3.306042551994323730e-01,2.828885018825531006e-01,1.270953196675646382e+02,7.213008406279198148e+00,7.673588021020253791e+01,-9.328530012860117893e+01,0.000000000000000000e+00,0.000000000000000000e+00,2.780951261520385742e-01,3.978533670306205750e-03,3.306042551994323730e-01,2.828885018825531006e-01,9.625831250000000000e+04,4.894903906250000000e+04,5.569821093750000000e+04,7.382580468750000000e+04,-4.280475108134087920e+07
2.055000000000000160e+00,-2.081120098311054107e+02,-4.144637083253040366e+00,-7.517886522843834030e+01,-1.211084570312500000e+04,2.501292572021484375e+02,3.434590820312500000e+03,2.760930359363555908e-01,2.048861235380172729e-02,3.302904367446899414e-01,2.821647822856903076e-01,1.148267097025042460e+02,4.144637083253040366e+00,7.517886522843834030e+01,-9.328530012860117893e+01,0.000000000000000000e+00,0.000000000000000000e+00,2.760930359363555908e-01,2.048861235380172729e-02,3.302904367446899414e-01,2.821647822856903076e-01,9.621670312500000000e+04,4.871799218750000000e+04,5.580495312500000000e+04,7.394475781250000000e+04,-4.285373072977040708e+07
2.056000000000000050e+00,-1.959690551016465179e+02,-8.306976000288351925e-01,-7.431422859427901528e+01,-1.210180078125000000e+04,2.478911743164062500e+02,3.422055175781250000e+03,2.731224596500396729e-01,3.946001082658767700e-02,3.272699415683746338e-01,2.795015871524810791e-01,1.026837549730453247e+02,8.306976000288351925e-01,7.431422859427901528e+01,-9.328530012860117893e+01,0.000000000000000000e+00,0.000000000000000000e+00,2.731224596500396729e-01,3.946001082658767700e-02,3.272699415683746338e-01,2.795015871524810791e-01,9.615330468750000000e+04,4.849456250000000000e+04,5.591988671875000000e+04,7.405507031250000000e+04,-4.289765789495790750e+07
2.056999999999999940e+00,-1.838510385826096183e+02,2.590588035715594373e+00,-7.417508545446756330e+01,-1.211654589843750000e+04,2.569639282226562500e+02,3.420864990234375000e+03,2.732416987419128418e-01,5.946874246001243591e-02,3.213517367839813232e-01,2.743744552135467529e-01,9.056573845400843936e+01,-2.590588035715594373e+00,7.417508545446756330e+01,-9.328530012860117893e+01,0.000000000000000000e+00,0.000000000000000000e+00,2.732416987419128418e-01,5.946874246001243591e-02,3.213517367839813232e-01,2.743744552135467529e-01,9.607246093750000000e+04,4.826950781250000000e+04,5.603299218750000000e+04,7.416710937500000000e+04,-4.293696775379435718e+07
2.057999999999999829e+00,-1.716600754207167938e+02,5.949016073438380126e+00,-7.477784625282387765e+01,-1.214247558593750000e+04,2.752643737792968750e+02,3.407075195312500000e+03,2.733224034309387207e-01,8.259096741676330566e-02,3.121182024478912354e-01,2.662691771984100342e-01,7.837477529211562910e+01,-5.949016073438380126e+00,7.477784625282387765e+01,-9.328530012860117893e+01,0.000000000000000000e+00,0.000000000000000000e+00,2.733224034309387207e-01,8.259096741676330566e-02,3.121182024478912354e-01,2.662691771984100342e-01,9.599253125000000000e+04,4.804706640625000000e+04,5.614816796875000000e+04,7.427725781250000000e+04,-4.297206205237025768e+07
2.059000000000000163e+00,-1.593238405561554032e+02,9.102373378092060818e+00,-7.611485457863891213e+01,-1.215744238281250000e+04,2.992299194335937500e+02,3.413881835937500000e+03,2.746212482452392578e-01,1.078839227557182312e-01,2.991677820682525635e-01,2.550525367259979248e-01,6.603854042755422427e+01,-9.102373378092060818e+00,7.611485457863891213e+01,-9.328530012860117893e+01,0.000000000000000000e+00,0.000000000000000000e+00,2.746212482452392578e-01,1.078839227557182312e-01,2.991677820682525635e-01,2.550525367259979248e-01,9.591798437500000000e+04,4.782107031250000000e+04,5.625985546875000000e+04,7.439139062500000000e+04,-4.300332246282846481e+07
2.060000000000000053e+00,-1.468018605188250376e+02,1.192976994159748649e+01,-7.816311826869772972e+01,-1.214427539062500000e+04,3.178631591796875000e+02,3.463107666015625000e+03,2.754582166671752930e-01,1.351559162139892578e-01,2.824990451335906982e-01,2.412942349910736084e-01,5.351656039022387290e+01,-1.192976994159748649e+01,7.816311826869772972e+01,-9.328530012860117893e+01,0.000000000000000000e+00,0.000000000000000000e+00,2.754582166671752930e-01,1.351559162139892578e-01,2.824990451335906982e-01,2.412942349910736084e-01,9.586222656250000000e+04,4.761801171875000000e+04,5.636441796875000000e+04,7.451217968750000000e+04,-4.303112504154860228e+07
2.060999999999999943e+00,-1.340887955072244040e+02,1.423920986212878503e+01,-8.081357179412859182e+01,-1.210911914062500000e+04,3.237017211914062500e+02,3.455035888671875000e+03,2.747307419776916504e-01,1.630640923976898193e-01,2.627500593662261963e-01,2.263897508382797241e-01,4.080349537862321085e+01,-1.423920986212878503e+01,8.081357179412859182e+01,-9.328530012860117893e+01,0.000000000000000000e+00,0.000000000000000000e+00,2.747307419776916504e-01,1.630640923976898193e-01,2.627500593662261963e-01,2.263897508382797241e-01,9.580345312500000000e+04,4.764780078125000000e+04,5.647846093750000000e+04,7.462303906250000000e+04,-4.305583843511280417e+07
2.061999999999999833e+00,-1.211995281996275935e+02,1.592739838014161258e+01,-8.395858875298146984e+01,-1.206688281250000000e+04,3.211875000000000000e+02,3.465819580078125000e+03,2.780737876892089844e-01,1.892807185649871826e-01,2.402855306863784790e-01,2.102764397859573364e-01,2.791422807102641457e+01,-1.592739838014161258e+01,8.395858875298146984e+01,-9.328530012860117893e+01,0.000000000000000000e+00,0.000000000000000000e+00,2.780737876892089844e-01,1.892807185649871826e-01,2.402855306863784790e-01,2.102764397859573364e-01,9.574421875000000000e+04,4.775842187500000000e+04,5.658931250000000000e+04,7.471482812500000000e+04,-4.307783048739317060e+07
2.063000000000000167e+00,-1.081705635762507711e+02,1.689727680038254221e+01,-8.743824981898382021e+01,-1.204178417968750000e+04,3.157566528320312500e+02,3.467905761718750000e+03,2.809144258499145508e-01,2.143369317054748535e-01,2.169576585292816162e-01,1.949921846389770508e-01,1.488526344764958864e+01,-1.689727680038254221e+01,8.743824981898382021e+01,-9.328530012860117893e+01,0.000000000000000000e+00,0.000000000000000000e+00,2.809144258499145508e-01,2.143369317054748535e-01,2.169576585292816162e-01,1.949921846389770508e-01,9.570865625000000000e+04,4.787097656250000000e+04,5.670153125000000000e+04,7.468419531250000000e+04,-4.309746232371225208e+07
2.064000000000000057e+00,-9.505878797739123343e+01,1.708621739705957054e+01,-9.107317320780053649e+01,-1.204549218750000000e+04,3.172760314941406250e+02,3.473286621093750000e+03,2.844130992889404297e-01,2.378925085067749023e-01,1.938976198434829712e-01,1.809857189655303955e-01,1.773487848790058941e+00,-1.708621739705957054e+01,9.107317320780053649e+01,-9.328530012860117893e+01,0.000000000000000000e+00,0.000000000000000000e+00,2.844130992889404297e-01,2.378925085067749023e-01,1.938976198434829712e-01,1.809857189655303955e-01,9.569393750000000000e+04,4.798282812500000000e+04,5.681310156250000000e+04,7.453978125000000000e+04,-4.311508475858706236e+07
2.064999999999999947e+00,-8.194934298568283282e+01,1.647011848846476667e+01,-9.467773327856284027e+01,-1.206483203125000000e+04,3.266940307617187500e+02,3.496871337890625000e+03,2.874940335750579834e-01,2.601342797279357910e-01,1.724400073289871216e-01,1.690921038389205933e-01,-1.133595714291834078e+01,-1.647011848846476667e+01,9.467773327856284027e+01,-9.328530012860117893e+01,0.000000000000000000e+00,0.000000000000000000e+00,2.874940335750579834e-01,2.601342797279357910e-01,1.724400073289871216e-01,1.690921038389205933e-01,9.570790625000000000e+04,4.809142187500000000e+04,5.692151171875000000e+04,7.431828906250000000e+04,-4.313103559138464183e+07
2.065999999999999837e+00,-6.895911186719739305e+01,1.508579404287972281e+01,-9.800857937176691337e+01,-1.208049609375000000e+04,3.365347595214843750e+02,3.481643310546875000e+03,2.892183959484100342e-01,2.805238366127014160e-01,1.539078950881958008e-01,1.605548262596130371e-01,-2.432618826140378943e+01,-1.508579404287972281e+01,9.800857937176691337e+01,-9.328530012860117893e+01,0.000000000000000000e+00,0.000000000000000000e+00,2.892183959484100342e-01,2.805238366127014160e-01,1.539078950881958008e-01,1.605548262596130371e-01,9.573585937500000000e+04,4.820607421875000000e+04,5.702491796875000000e+04,7.409046875000000000e+04,-4.314562421330653131e+07
2.067000000000000171e+00,-5.617410432979607293e+01,1.299908619659760234e+01,-1.009378824574631324e+02,-1.207016503906250000e+04,3.424367980957031250e+02,3.515337402343750000e+03,2.928386330604553223e-01,2.990842759609222412e-01,1.384362876415252686e-01,1.547830104827880859e-01,-3.711119579880510599e+01,-1.299908619659760234e+01,1.009378824574631324e+02,-9.328530012860117893e+01,0.000000000000000000e+00,0.000000000000000000e+00,2.928386330604553223e-01,2.990842759609222412e-01,1.384362876415252686e-01,1.547830104827880859e-01,9.578353906250000000e+04,4.831287890625000000e+04,5.697379687500000000e+04,7.387129687500000000e+04,-4.315913717566072941e+07
2.068000000000000060e+00,-4.365128106444281997e+01,1.033429573864686724e+01,-1.033192704846368457e+02,-1.203723242187500000e+04,3.356286010742187500e+02,3.531670898437500000e+03,2.932775616645812988e-01,3.143103122711181641e-01,1.280379295349121094e-01,1.547262817621231079e-01,-4.963401906415835896e+01,-1.033429573864686724e+01,1.033192704846368457e+02,-9.328530012860117893e+01,0.000000000000000000e+00,0.000000000000000000e+00,2.932775616645812988e-01,3.143103122711181641e-01,1.280379295349121094e-01,1.547262817621231079e-01,9.585239062500000000e+04,4.842305859375000000e+04,5.680497656250000000e+04,7.364922656250000000e+04,-4.317182427932118624e+07
2.068999999999999950e+00,-3.138146180709259170e+01,7.238553998943172196e+00,-1.050579654104382996e+02,-1.200029492187500000e+04,3.210901184082031250e+02,3.532452392578125000e+03,2.941054105758666992e-01,3.269325494766235352e-01,1.221342533826828003e-01,1.587011218070983887e-01,-6.190383832150858723e+01,-7.238553998943172196e+00,1.050579654104382996e+02,-9.328530012860117893e+01,0.000000000000000000e+00,0.000000000000000000e+00,2.941054105758666992e-01,3.269325494766235352e-01,1.221342533826828003e-01,1.587011218070983887e-01,9.591661718750000000e+04,4.853569140625000000e+04,5.664276953125000000e+04,7.342394531250000000e+04,-4.318389864822651446e+07
2.069999999999999840e+00,-1.929789178295757779e+01,3.847923919931866887e+00,-1.061088047854339180e+02,-1.197818164062500000e+04,3.041211242675781250e+02,3.541677734375000000e+03,2.949010729789733887e-01,3.378670215606689453e-01,1.206209585070610046e-01,1.657803505659103394e-01,-7.398740834564360114e+01,-3.847923919931866887e+00,1.061088047854339180e+02,-9.328530012860117893e+01,0.000000000000000000e+00,0.000000000000000000e+00,2.949010729789733887e-01,3.378670215606689453e-01,1.206209585070610046e-01,1.657803505659103394e-01,9.599033593750000000e+04,4.864671875000000000e+04,5.641585156250000000e+04,7.320014062500000000e+04,-4.319554494182527065e+07
2.071000000000000174e+00,-7.296077966436726570e+00,3.394388562690925926e-01,-1.064323286091186844e+02,-1.198621191406250000e+04,2.920404663085937500e+02,3.517680908203125000e+03,2.943770289421081543e-01,3.474842607975006104e-01,1.236958727240562439e-01,1.756168603897094727e-01,-8.598922216216445236e+01,-3.394388562690925926e-01,1.064323286091186844e+02,-9.328530012860117893e+01,0.000000000000000000e+00,0.000000000000000000e+00,2.943770289421081543e-01,3.474842607975006104e-01,1.236958727240562439e-01,1.756168603897094727e-01,9.606157812500000000e+04,4.876288671875000000e+04,5.619467187500000000e+04,7.297109375000000000e+04,-4.320692613037086278e+07
2.072000000000000064e+00,4.730651946298877419e+00,-3.181248834068793219e+00,-1.060177156428781728e+02,-1.201260937500000000e+04,2.918043518066406250e+02,3.539490234375000000e+03,2.954237759113311768e-01,3.582473993301391602e-01,1.297286301851272583e-01,1.850888133049011230e-01,-9.801595207490005635e+01,3.181248834068793219e+00,1.060177156428781728e+02,-9.328530012860117893e+01,0.000000000000000000e+00,0.000000000000000000e+00,2.954237759113311768e-01,3.582473993301391602e-01,1.297286301851272583e-01,1.850888133049011230e-01,9.613903906250000000e+04,4.887153125000000000e+04,5.596606250000000000e+04,7.275011718750000000e+04,-4.321819838581297547e+07
2.072999999999999954e+00,1.687139793706518276e+01,-6.534223246058963319e+00,-1.048669179751711908e+02,-1.203941015625000000e+04,2.968556213378906250e+02,3.537670654296875000e+03,2.941075563430786133e-01,3.686956763267517090e-01,1.395230293273925781e-01,1.955980658531188965e-01,-1.101566980656663617e+02,6.534223246058963319e+00,1.048669179751711908e+02,-9.328530012860117893e+01,0.000000000000000000e+00,0.000000000000000000e+00,2.941075563430786133e-01,3.686956763267517090e-01,1.395230293273925781e-01,1.955980658531188965e-01,9.620714062500000000e+04,4.898467578125000000e+04,5.575555078125000000e+04,7.257477343750000000e+04,-4.322952279644037038e+07
2.073999999999999844e+00,2.917987342018510333e+01,-9.557705103310885519e+00,-1.030177722261709761e+02,-1.204571386718750000e+04,3.019924926757812500e+02,3.528161132812500000e+03,2.946040034294128418e-01,3.807674348354339600e-01,1.501936018466949463e-01,2.042425870895385742e-01,-1.224651735487862823e+02,9.557705103310885519e+00,1.030177722261709761e+02,-9.328530012860117893e+01,0.000000000000000000e+00,0.000000000000000000e+00,2.946040034294128418e-01,3.807674348354339600e-01,1.501936018466949463e-01,2.042425870895385742e-01,9.627918750000000000e+04,4.909909375000000000e+04,5.555135546875000000e+04,7.240198437500000000e+04,-4.324107827257447690e+07
2.075000000000000178e+00,4.167705504327220467e+01,-1.213171338822111878e+01,-1.005293313157794302e+02,-1.202494921875000000e+04,2.980987243652343750e+02,3.543302246093750000e+03,2.949065566062927246e-01,3.932820260524749756e-01,1.601755619049072266e-01,2.117821723222732544e-01,-1.349623551718733836e+02,1.213171338822111878e+01,1.005293313157794302e+02,-9.328530012860117893e+01,0.000000000000000000e+00,0.000000000000000000e+00,2.949065566062927246e-01,3.932820260524749756e-01,1.601755619049072266e-01,2.117821723222732544e-01,9.634536718750000000e+04,4.920922656250000000e+04,5.542564843750000000e+04,7.231724218750000000e+04,-4.325306857441608608e+07
2.076000000000000068e+00,5.435956404671894404e+01,-1.411576791393638430e+01,-9.752303393513197705e+01,-1.199585839843750000e+04,2.828948364257812500e+02,3.531720214843750000e+03,2.913472056388854980e-01,4.037551879882812500e-01,1.684683561325073242e-01,2.204227298498153687e-01,-1.476448641753201230e+02,1.411576791393638430e+01,9.752303393513197705e+01,-9.328530012860117893e+01,0.000000000000000000e+00,0.000000000000000000e+00,2.913472056388854980e-01,4.037551879882812500e-01,1.684683561325073242e-01,2.204227298498153687e-01,9.641035937500000000e+04,4.932350000000000000e+04,5.546933593750000000e+04,7.235185156250000000e+04,-4.326573353367114812e+07
2.076999999999999957e+00,6.721482855353757202e+01,-1.543182650298825820e+01,-9.409819289011988985e+01,-1.197774902343750000e+04,2.652203369140625000e+02,3.560066162109375000e+03,2.860394120216369629e-01,4.136335253715515137e-01,1.723900884389877319e-01,2.285063862800598145e-01,-1.605001286821387509e+02,1.543182650298825820e+01,9.409819289011988985e+01,-9.328530012860117893e+01,0.000000000000000000e+00,0.000000000000000000e+00,2.860394120216369629e-01,4.136335253715515137e-01,1.723900884389877319e-01,2.285063862800598145e-01,9.648064062500000000e+04,4.943087500000000000e+04,5.550526953125000000e+04,7.239257031250000000e+04,-4.327934397802303731e+07
2.077999999999999847e+00,8.019593013838614581e+01,-1.598795929550017370e+01,-9.044285036294515123e+01,-1.198717089843750000e+04,2.508980255126953125e+02,3.560088623046875000e+03,2.751389741897583008e-01,4.210279583930969238e-01,1.723674237728118896e-01,2.372669279575347900e-01,-1.734812302669873247e+02,1.598795929550017370e+01,9.044285036294515123e+01,-9.328530012860117893e+01,0.000000000000000000e+00,0.000000000000000000e+00,2.751389741897583008e-01,4.210279583930969238e-01,1.723674237728118896e-01,2.372669279575347900e-01,9.652007812500000000e+04,4.954344140625000000e+04,5.560931250000000000e+04,7.249114843750000000e+04,-4.329421088925800472e+07
2.079000000000000181e+00,-2.667768207230952839e+02,-1.574176061074164679e+01,-8.676907844182747453e+01,-1.201879980468750000e+04,2.468814086914062500e+02,3.540265869140625000e+03,2.636126875877380371e-01,4.291237890720367432e-01,1.663338690996170044e-01,2.430676817893981934e-01,1.734915205944941192e+02,1.574176061074164679e+01,8.676907844182747453e+01,-9.328530012860117893e+01,0.000000000000000000e+00,0.000000000000000000e+00,2.636126875877380371e-01,4.291237890720367432e-01,1.663338690996170044e-01,2.430676817893981934e-01,9.651787500000000000e+04,4.965964843750000000e+04,5.572517187500000000e+04,7.260007031250000000e+04,-4.337315743733389676e+07
2.080000000000000071e+00,-2.537963147357260709e+02,-1.470025670983824817e+01,-8.324251289733832948e+01,-1.205044433593750000e+04,2.495396881103515625e+02,3.556405029296875000e+03,2.828301489353179932e-01,-2.978948503732681274e-02,3.202595710754394531e-01,2.771593034267425537e-01,1.605110146071249062e+02,1.470025670983824817e+01,8.324251289733832948e+01,-9.328530012860117893e+01,0.000000000000000000e+00,0.000000000000000000e+00,2.828301489353179932e-01,0.000000000000000000e+00,3.202595710754394531e-01,2.771593034267425537e-01,9.644609375000000000e+04,4.976973046875000000e+04,5.583489843750000000e+04,7.271513281250000000e+04,-4.344471542020813376e+07
2.080999999999999961e+00,-2.409694383933253903e+02,-1.292613065060595900e+01,-8.006623338866153006e+01,-1.206436132812500000e+04,2.484934082031250000e+02,3.556018798828125000e+03,2.767091989517211914e-01,-1.870552822947502136e-02,3.268418610095977783e-01,2.824544012546539307e-01,1.476841382647242256e+02,1.292613065060595900e+01,8.006623338866153006e+01,-9.328530012860117893e+01,0.000000000000000000e+00,0.000000000000000000e+00,2.767091989517211914e-01,0.000000000000000000e+00,3.268418610095977783e-01,2.824544012546539307e-01,9.629099218750000000e+04,4.988239062500000000e+04,5.591432031250000000e+04,7.282791406250000000e+04,-4.350935937703037262e+07
2.081999999999999851e+00,-2.283632245770594977e+02,-1.049635103452913221e+01,-7.734904978015748611e+01,-1.205048535156250000e+04,2.377817077636718750e+02,3.601797119140625000e+03,2.722241878509521484e-01,-6.090674549341201782e-03,3.314246237277984619e-01,2.860651910305023193e-01,1.350779244484583330e+02,1.049635103452913221e+01,7.734904978015748611e+01,-9.328530012860117893e+01,0.000000000000000000e+00,0.000000000000000000e+00,2.722241878509521484e-01,0.000000000000000000e+00,3.314246237277984619e-01,2.860651910305023193e-01,9.623993750000000000e+04,4.964936328125000000e+04,5.601880468750000000e+04,7.294844531250000000e+04,-4.356760218825653940e+07
2.083000000000000185e+00,-2.160039253311874177e+02,-7.550442762835819721e+00,-7.522267981426267625e+01,-1.202165527343750000e+04,2.154654235839843750e+02,3.617908203125000000e+03,2.667191922664642334e-01,8.916242048144340515e-03,3.335686326026916504e-01,2.880274951457977295e-01,1.227186252025862245e+02,7.550442762835819721e+00,7.522267981426267625e+01,-9.328530012860117893e+01,0.000000000000000000e+00,0.000000000000000000e+00,2.667191922664642334e-01,8.916242048144340515e-03,3.335686326026916504e-01,2.880274951457977295e-01,9.618553906250000000e+04,4.942117968750000000e+04,5.612821093750000000e+04,7.306339843750000000e+04,-4.361997534475937486e+07
2.084000000000000075e+00,-2.038518815137872480e+02,-4.261620840721997538e+00,-7.377647456715460805e+01,-1.199923828125000000e+04,1.890864562988281250e+02,3.591185546875000000e+03,2.635884284973144531e-01,2.434761077165603638e-02,3.331148624420166016e-01,2.882494032382965088e-01,1.105665813851860833e+02,4.261620840721997538e+00,7.377647456715460805e+01,-9.328530012860117893e+01,0.000000000000000000e+00,0.000000000000000000e+00,2.635884284973144531e-01,2.434761077165603638e-02,3.331148624420166016e-01,2.882494032382965088e-01,9.609311718750000000e+04,4.920068359375000000e+04,5.624486718750000000e+04,7.317121093750000000e+04,-4.366699206396783143e+07
2.084999999999999964e+00,-1.918178476942483144e+02,-7.473586192126259187e-01,-7.303714203490410739e+01,-1.199778515625000000e+04,1.680867919921875000e+02,3.593663818359375000e+03,2.634322047233581543e-01,4.049900174140930176e-02,3.299492001533508301e-01,2.862884104251861572e-01,9.853254756564714967e+01,7.473586192126259187e-01,7.303714203490410739e+01,-9.328530012860117893e+01,0.000000000000000000e+00,0.000000000000000000e+00,2.634322047233581543e-01,4.049900174140930176e-02,3.299492001533508301e-01,2.862884104251861572e-01,9.596950000000000000e+04,4.897553515625000000e+04,5.635683203125000000e+04,7.328412500000000000e+04,-4.370912113332341611e+07
2.085999999999999854e+00,-1.797929689948271630e+02,2.825907426570672065e+00,-7.303619800671515350e+01,-1.202099609375000000e+04,1.564591522216796875e+02,3.576411132812500000e+03,2.625764012336730957e-01,5.973400920629501343e-02,3.238307833671569824e-01,2.818611562252044678e-01,8.650766886622599827e+01,-2.825907426570672065e+00,7.303619800671515350e+01,-9.328530012860117893e+01,0.000000000000000000e+00,0.000000000000000000e+00,2.625764012336730957e-01,5.973400920629501343e-02,3.238307833671569824e-01,2.818611562252044678e-01,9.582266406250000000e+04,4.875348437500000000e+04,5.647230078125000000e+04,7.339425781250000000e+04,-4.374678891699545085e+07
2.087000000000000188e+00,-1.676794973033571523e+02,6.341319092600687490e+00,-7.378714140094375296e+01,-1.204947265625000000e+04,1.554025115966796875e+02,3.597478759765625000e+03,2.632985115051269531e-01,8.122421056032180786e-02,3.143798112869262695e-01,2.744314372539520264e-01,7.439419717475598759e+01,-6.341319092600687490e+00,7.378714140094375296e+01,-9.328530012860117893e+01,0.000000000000000000e+00,0.000000000000000000e+00,2.632985115051269531e-01,8.122421056032180786e-02,3.143798112869262695e-01,2.744314372539520264e-01,9.568455468750000000e+04,4.852480859375000000e+04,5.658155468750000000e+04,7.351035156250000000e+04,-4.378039008537531644e+07
2.088000000000000078e+00,-1.554079022096721019e+02,9.618858703343484251e+00,-7.527490918968727840e+01,-1.206100000000000000e+04,1.550238494873046875e+02,3.596697753906250000e+03,2.626050412654876709e-01,1.058445349335670471e-01,3.012078702449798584e-01,2.641910910606384277e-01,6.212260208107093717e+01,-9.618858703343484251e+00,7.527490918968727840e+01,-9.328530012860117893e+01,0.000000000000000000e+00,0.000000000000000000e+00,2.626050412654876709e-01,1.058445349335670471e-01,3.012078702449798584e-01,2.641910910606384277e-01,9.554037500000000000e+04,4.829939843750000000e+04,5.669456250000000000e+04,7.362242968750000000e+04,-4.381030053584079444e+07
2.088999999999999968e+00,-1.429451811083031316e+02,1.248855897568808260e+01,-7.743750412660855886e+01,-1.204401660156250000e+04,1.487701568603515625e+02,3.572656005859375000e+03,2.638748288154602051e-01,1.312257945537567139e-01,2.841525971889495850e-01,2.512899935245513916e-01,4.965988097970193849e+01,-1.248855897568808260e+01,7.743750412660855886e+01,-9.328530012860117893e+01,0.000000000000000000e+00,0.000000000000000000e+00,2.638748288154602051e-01,1.312257945537567139e-01,2.841525971889495850e-01,2.512899935245513916e-01,9.540029687500000000e+04,4.807824609375000000e+04,5.681148046875000000e+04,7.373078125000000000e+04,-4.383688639179352671e+07
2.089999999999999858e+00,-1.302803023802566145e+02,1.484824503826240871e+01,-8.021230503944019574e+01,-1.200501074218750000e+04,1.342287902832031250e+02,3.586856201171875000e+03,2.673956155776977539e-01,1.564145386219024658e-01,2.636696994304656982e-01,2.364968657493591309e-01,3.699500225165542844e+01,-1.484824503826240871e+01,8.021230503944019574e+01,-9.328530012860117893e+01,0.000000000000000000e+00,0.000000000000000000e+00,2.673956155776977539e-01,1.564145386219024658e-01,2.636696994304656982e-01,2.364968657493591309e-01,9.526574218750000000e+04,4.785875000000000000e+04,5.692200390625000000e+04,7.384596875000000000e+04,-4.386051383324227482e+07
2.091000000000000192e+00,-1.174253307941482376e+02,1.656342885362007422e+01,-8.345930943621141296e+01,-1.197182812500000000e+04,1.134573287963867188e+02,3.569974121093750000e+03,2.695693671703338623e-01,1.812768280506134033e-01,2.411209344863891602e-01,2.216811627149581909e-01,2.414003066554706223e+01,-1.656342885362007422e+01,8.345930943621141296e+01,-9.328530012860117893e+01,0.000000000000000000e+00,0.000000000000000000e+00,2.695693671703338623e-01,1.812768280506134033e-01,2.411209344863891602e-01,2.216811627149581909e-01,9.513756250000000000e+04,4.785369140625000000e+04,5.703765234375000000e+04,7.395602343750000000e+04,-4.388154234506134689e+07
2.092000000000000082e+00,-1.044070880738045304e+02,1.755347336876193509e+01,-8.705016884369916852e+01,-1.196064062500000000e+04,9.672203063964843750e+01,3.577891845703125000e+03,2.740339636802673340e-01,2.048415839672088623e-01,2.173740863800048828e-01,2.068370431661605835e-01,1.112178794520334790e+01,-1.755347336876193509e+01,8.705016884369916852e+01,-9.328530012860117893e+01,0.000000000000000000e+00,0.000000000000000000e+00,2.740339636802673340e-01,2.048415839672088623e-01,2.173740863800048828e-01,2.068370431661605835e-01,9.504172656250000000e+04,4.796486718750000000e+04,5.714912109375000000e+04,7.406957812500000000e+04,-4.390032904142442346e+07
2.092999999999999972e+00,-9.130190489241351770e+01,1.775033125150796565e+01,-9.076536353216468456e+01,-1.197442871093750000e+04,8.602046966552734375e+01,3.551098632812500000e+03,2.771987318992614746e-01,2.274457216262817383e-01,1.941798925399780273e-01,1.936376690864562988e-01,-1.983395236187666999e+00,-1.775033125150796565e+01,9.076536353216468456e+01,-9.328530012860117893e+01,0.000000000000000000e+00,0.000000000000000000e+00,2.771987318992614746e-01,2.274457216262817383e-01,1.941798925399780273e-01,1.936376690864562988e-01,9.498941406250000000e+04,4.808143359375000000e+04,5.726632031250000000e+04,7.402300781250000000e+04,-4.391721850473807007e+07
2.093999999999999861e+00,-7.820804129591581955e+01,1.714271740631765084e+01,-9.440984648198895002e+01,-1.199704492187500000e+04,8.511396026611328125e+01,3.534882812500000000e+03,2.823771834373474121e-01,2.487883865833282471e-01,1.722082346677780151e-01,1.818279027938842773e-01,-1.507725883268536116e+01,-1.714271740631765084e+01,9.440984648198895002e+01,-9.328530012860117893e+01,0.000000000000000000e+00,0.000000000000000000e+00,2.823771834373474121e-01,2.487883865833282471e-01,1.722082346677780151e-01,1.818279027938842773e-01,9.496197656250000000e+04,4.819662500000000000e+04,5.738171875000000000e+04,7.388031250000000000e+04,-4.393254209433423728e+07
2.095000000000000195e+00,-6.523367098804627062e+01,1.575837936198421652e+01,-9.781674416139738071e+01,-1.200540625000000000e+04,8.624934387207031250e+01,3.553927001953125000e+03,2.867248654365539551e-01,2.686374783515930176e-01,1.529858559370040894e-01,1.730289906263351440e-01,-2.805162914055490475e+01,-1.575837936198421652e+01,9.781674416139738071e+01,-9.328530012860117893e+01,0.000000000000000000e+00,0.000000000000000000e+00,2.867248654365539551e-01,2.686374783515930176e-01,1.529858559370040894e-01,1.730289906263351440e-01,9.494184375000000000e+04,4.830636328125000000e+04,5.749120703125000000e+04,7.374721093750000000e+04,-4.394661396812326461e+07
2.096000000000000085e+00,-5.248291515115884920e+01,1.369157999208679577e+01,-1.007860687288248300e+02,-1.199191992187500000e+04,8.088179016113281250e+01,3.543580810546875000e+03,2.887036204338073730e-01,2.858269810676574707e-01,1.378820836544036865e-01,1.689209192991256714e-01,-4.080238497744232973e+01,-1.369157999208679577e+01,1.007860687288248300e+02,-9.328530012860117893e+01,0.000000000000000000e+00,0.000000000000000000e+00,2.887036204338073730e-01,2.858269810676574707e-01,1.378820836544036865e-01,1.689209192991256714e-01,9.495291406250000000e+04,4.842083593750000000e+04,5.757896875000000000e+04,7.352191406250000000e+04,-4.395971371551851928e+07
2.096999999999999975e+00,-4.000076938007580196e+01,1.104395570038101582e+01,-1.032173196659282866e+02,-1.195734960937500000e+04,6.583348083496093750e+01,3.562337646484375000e+03,2.919505834579467773e-01,3.007400631904602051e-01,1.266158670186996460e-01,1.683477461338043213e-01,-5.328453074852537696e+01,-1.104395570038101582e+01,1.032173196659282866e+02,-9.328530012860117893e+01,0.000000000000000000e+00,0.000000000000000000e+00,2.919505834579467773e-01,3.007400631904602051e-01,1.266158670186996460e-01,1.683477461338043213e-01,9.499943750000000000e+04,4.853023437500000000e+04,5.751048828125000000e+04,7.329965625000000000e+04,-4.397208956110604852e+07
2.097999999999999865e+00,-2.777510588247280054e+01,7.977999638016457062e+00,-1.050078802719310005e+02,-1.192587597656250000e+04,4.060015487670898438e+01,3.544222167968750000e+03,2.926801443099975586e-01,3.124288022518157959e-01,1.204941198229789734e-01,1.729952991008758545e-01,-6.551019424612837838e+01,-7.977999638016457062e+00,1.050078802719310005e+02,-9.328530012860117893e+01,0.000000000000000000e+00,0.000000000000000000e+00,2.926801443099975586e-01,3.124288022518157959e-01,1.204941198229789734e-01,1.729952991008758545e-01,9.507469531250000000e+04,4.864537500000000000e+04,5.728832812500000000e+04,7.307143750000000000e+04,-4.398395132101026177e+07
2.099000000000000199e+00,-1.573411040819769369e+01,4.609912037810365071e+00,-1.061207562906773774e+02,-1.191513281250000000e+04,1.764992713928222656e+01,3.551388916015625000e+03,2.945438325405120850e-01,3.227644264698028564e-01,1.183710023760795593e-01,1.802615523338317871e-01,-7.755118972040348524e+01,-4.609912037810365071e+00,1.061207562906773774e+02,-9.328530012860117893e+01,0.000000000000000000e+00,0.000000000000000000e+00,2.945438325405120850e-01,3.227644264698028564e-01,1.183710023760795593e-01,1.802615523338317871e-01,9.515225781250000000e+04,4.875654687500000000e+04,5.706185156250000000e+04,7.284794531250000000e+04,-4.399548174944530427e+07
2.100000000000000089e+00,-3.778285253360294860e+00,1.082869785531201057e+00,-1.065198033073300365e+02,-1.193218164062500000e+04,1.416617751121520996e+00,3.555906982421875000e+03,2.938862144947052002e-01,3.317693769931793213e-01,1.209723204374313354e-01,1.905311942100524902e-01,-8.950701487524088407e+01,-1.082869785531201057e+00,1.065198033073300365e+02,-9.328530012860117893e+01,0.000000000000000000e+00,0.000000000000000000e+00,2.938862144947052002e-01,3.317693769931793213e-01,1.209723204374313354e-01,1.905311942100524902e-01,9.523314843750000000e+04,4.886867968750000000e+04,5.683569531250000000e+04,7.262379687500000000e+04,-4.400684366598836333e+07
2.100999999999999979e+00,8.196356729318523548e+00,-2.431968826512804327e+00,-1.061859888461052606e+02,-1.196692089843750000e+04,-4.235440731048583984e+00,3.537076904296875000e+03,2.929857969284057617e-01,3.411017656326293945e-01,1.272650957107543945e-01,2.015928477048873901e-01,-1.014816568579197025e+02,2.431968826512804327e+00,1.061859888461052606e+02,-9.328530012860117893e+01,0.000000000000000000e+00,0.000000000000000000e+00,2.929857969284057617e-01,3.411017656326293945e-01,1.272650957107543945e-01,2.015928477048873901e-01,9.532055468750000000e+04,4.898461718750000000e+04,5.661333593750000000e+04,7.241144531250000000e+04,-4.401819222495159507e+07
2.101999999999999869e+00,2.026951028232207364e+01,-5.813473588640343692e+00,-1.051207920882606430e+02,-1.199271386718750000e+04,-4.530323982238769531e+00,3.550915039062500000e+03,2.939360141754150391e-01,3.523520529270172119e-01,1.357514560222625732e-01,2.112807184457778931e-01,-1.135548104109232526e+02,5.813473588640343692e+00,1.051207920882606430e+02,-9.328530012860117893e+01,0.000000000000000000e+00,0.000000000000000000e+00,2.939360141754150391e-01,3.523520529270172119e-01,1.357514560222625732e-01,2.112807184457778931e-01,9.540751562500000000e+04,4.909493359375000000e+04,5.638548046875000000e+04,7.228788281250000000e+04,-4.402968725540310889e+07
2.103000000000000203e+00,3.249468975746913202e+01,-8.885474411468569755e+00,-1.033683933715946921e+02,-1.199710937500000000e+04,-1.007193279266357422e+01,3.535904541015625000e+03,2.934463024139404297e-01,3.635697066783905029e-01,1.464515030384063721e-01,2.210325002670288086e-01,-1.257799898860703109e+02,8.885474411468569755e+00,1.033683933715946921e+02,-9.328530012860117893e+01,0.000000000000000000e+00,0.000000000000000000e+00,2.934463024139404297e-01,3.635697066783905029e-01,1.464515030384063721e-01,2.210325002670288086e-01,9.548078125000000000e+04,4.920968359375000000e+04,5.616248437500000000e+04,7.224617968750000000e+04,-4.404150713666928560e+07
2.104000000000000092e+00,4.490130975285400439e+01,-1.154060845315295936e+01,-1.009720579092372077e+02,-1.197771972656250000e+04,-2.261920166015625000e+01,3.557530517578125000e+03,2.943555414676666260e-01,3.757853507995605469e-01,1.564895212650299072e-01,2.294047176837921143e-01,-1.381866098814551833e+02,1.154060845315295936e+01,1.009720579092372077e+02,-9.328530012860117893e+01,0.000000000000000000e+00,0.000000000000000000e+00,2.943555414676666260e-01,3.757853507995605469e-01,1.564895212650299072e-01,2.294047176837921143e-01,9.556507031250000000e+04,4.931821875000000000e+04,5.599081640625000000e+04,7.228453906250000000e+04,-4.405385180640870333e+07
2.104999999999999982e+00,5.749857808582088126e+01,-1.363621151955086397e+01,-9.804102737653870747e+01,-1.195440722656250000e+04,-4.362285995483398438e+01,3.552057617187500000e+03,2.906612157821655273e-01,3.859488368034362793e-01,1.654504239559173584e-01,2.390492856502532959e-01,-1.507838782144220602e+02,1.363621151955086397e+01,9.804102737653870747e+01,-9.328530012860117893e+01,0.000000000000000000e+00,0.000000000000000000e+00,2.906612157821655273e-01,3.859488368034362793e-01,1.654504239559173584e-01,2.390492856502532959e-01,9.563975000000000000e+04,4.943182812500000000e+04,5.591251171875000000e+04,7.238947656250000000e+04,-4.406695588220424950e+07
2.105999999999999872e+00,7.027274840498212427e+01,-1.505644875202156641e+01,-9.472711202501442074e+01,-1.194902050781250000e+04,-6.305477905273437500e+01,3.516372314453125000e+03,2.852894663810729980e-01,3.958146572113037109e-01,1.705138087272644043e-01,2.481914162635803223e-01,-1.635580485335833032e+02,1.505644875202156641e+01,9.472711202501442074e+01,-9.328530012860117893e+01,0.000000000000000000e+00,0.000000000000000000e+00,2.852894663810729980e-01,3.958146572113037109e-01,1.705138087272644043e-01,2.481914162635803223e-01,9.568782031250000000e+04,4.955067578125000000e+04,5.598964453125000000e+04,7.249574218750000000e+04,-4.408109406377425790e+07
2.107000000000000206e+00,8.318862903649279872e+01,-1.573514791896859499e+01,-9.117223521382598506e+01,-1.196809960937500000e+04,-7.413125610351562500e+01,3.499385009765625000e+03,2.783203721046447754e-01,4.060718715190887451e-01,1.703554689884185791e-01,2.556625008583068848e-01,-1.764739291650939776e+02,1.573514791896859499e+01,9.117223521382598506e+01,-9.328530012860117893e+01,0.000000000000000000e+00,0.000000000000000000e+00,2.783203721046447754e-01,4.060718715190887451e-01,1.703554689884185791e-01,2.556625008583068848e-01,9.570125781250000000e+04,4.966623437500000000e+04,5.610111718750000000e+04,7.260523437500000000e+04,-4.409657438312914968e+07
2.108000000000000096e+00,-2.638311782328021309e+02,-1.563207216510414277e+01,-8.758519133211107999e+01,-1.200659179687500000e+04,-7.581092834472656250e+01,3.460489013671875000e+03,2.676867842674255371e-01,4.154967665672302246e-01,1.652091145515441895e-01,2.614414393901824951e-01,1.705458781042009377e+02,1.563207216510414277e+01,8.758519133211107999e+01,-9.328530012860117893e+01,0.000000000000000000e+00,0.000000000000000000e+00,2.676867842674255371e-01,4.154967665672302246e-01,1.652091145515441895e-01,2.614414393901824951e-01,9.566128125000000000e+04,4.978523437500000000e+04,5.621242578125000000e+04,7.271138281250000000e+04,-4.417409680115771294e+07
2.108999999999999986e+00,-2.508763781159012751e+02,-1.474630835077726232e+01,-8.410800424367239714e+01,-1.203978027343750000e+04,-6.976049041748046875e+01,3.476271728515625000e+03,2.848659753799438477e-01,-4.863160103559494019e-02,3.266345262527465820e-01,2.907331883907318115e-01,1.575910779873000820e+02,1.474630835077726232e+01,8.410800424367239714e+01,-9.328530012860117893e+01,0.000000000000000000e+00,0.000000000000000000e+00,2.848659753799438477e-01,0.000000000000000000e+00,3.266345262527465820e-01,2.907331883907318115e-01,9.555646875000000000e+04,4.989474609375000000e+04,5.627217187500000000e+04,7.282702343750000000e+04,-4.424432736824209243e+07
2.109999999999999876e+00,-2.380586777145977635e+02,-1.313173180159424192e+01,-8.094206471088459409e+01,-1.205111230468750000e+04,-6.703395843505859375e+01,3.476720458984375000e+03,2.787134647369384766e-01,-3.845824301242828369e-02,3.328537642955780029e-01,2.962860763072967529e-01,1.447733775859965988e+02,1.313173180159424192e+01,8.094206471088459409e+01,-9.328530012860117893e+01,0.000000000000000000e+00,0.000000000000000000e+00,2.787134647369384766e-01,0.000000000000000000e+00,3.328537642955780029e-01,2.962860763072967529e-01,9.557258593750000000e+04,4.966926562500000000e+04,5.638490625000000000e+04,7.293956250000000000e+04,-4.430772336249708384e+07
2.111000000000000210e+00,-2.254593793619873168e+02,-1.089360271973491656e+01,-7.825187802968989104e+01,-1.203554394531250000e+04,-6.940525054931640625e+01,3.459904296875000000e+03,2.742124795913696289e-01,-2.660224959254264832e-02,3.372981250286102295e-01,3.003079593181610107e-01,1.321740792333861521e+02,1.089360271973491656e+01,7.825187802968989104e+01,-9.328530012860117893e+01,0.000000000000000000e+00,0.000000000000000000e+00,2.742124795913696289e-01,0.000000000000000000e+00,3.372981250286102295e-01,3.003079593181610107e-01,9.554194531250000000e+04,4.944721875000000000e+04,5.650045703125000000e+04,7.304898437500000000e+04,-4.436479732123476267e+07
2.112000000000000099e+00,-2.130978048372152784e+02,-8.146952222540166488e+00,-7.613010792197020749e+01,-1.200686816406250000e+04,-7.936557006835937500e+01,3.458239013671875000e+03,2.717502117156982422e-01,-1.334032416343688965e-02,3.395137488842010498e-01,3.025720119476318359e-01,1.198125047086140995e+02,8.146952222540166488e+00,7.613010792197020749e+01,-9.328530012860117893e+01,0.000000000000000000e+00,0.000000000000000000e+00,2.717502117156982422e-01,0.000000000000000000e+00,3.395137488842010498e-01,3.025720119476318359e-01,9.548368750000000000e+04,4.922274218750000000e+04,5.661343359375000000e+04,7.316107812500000000e+04,-4.441607016182392836e+07
2.112999999999999989e+00,-2.009329719547679360e+02,-5.043002752926353693e+00,-7.465592579423133657e+01,-1.199186718750000000e+04,-9.189427947998046875e+01,3.437027587890625000e+03,2.696225047111511230e-01,1.839604228734970093e-03,3.392776846885681152e-01,3.029810190200805664e-01,1.076476718261667429e+02,5.043002752926353693e+00,7.465592579423133657e+01,-9.328530012860117893e+01,0.000000000000000000e+00,0.000000000000000000e+00,2.696225047111511230e-01,1.839604228734970093e-03,3.392776846885681152e-01,3.029810190200805664e-01,9.540546875000000000e+04,4.900133203125000000e+04,5.672960546875000000e+04,7.327038281250000000e+04,-4.446204316017546505e+07
2.113999999999999879e+00,-1.888813416047361216e+02,-1.673863895153343329e+00,-7.386167494553859569e+01,-1.200142089843750000e+04,-9.821573638916015625e+01,3.466102050781250000e+03,2.694331407546997070e-01,1.858442649245262146e-02,3.365760445594787598e-01,3.013515472412109375e-01,9.559604147613492842e+01,1.673863895153343329e+00,7.386167494553859569e+01,-9.328530012860117893e+01,0.000000000000000000e+00,0.000000000000000000e+00,2.694331407546997070e-01,1.858442649245262146e-02,3.365760445594787598e-01,3.013515472412109375e-01,9.532275781250000000e+04,4.877126562500000000e+04,5.683732031250000000e+04,7.338809375000000000e+04,-4.450317767022796720e+07
2.115000000000000213e+00,-1.768441674383061013e+02,1.777519771592874553e+00,-7.379048639706927304e+01,-1.203359765625000000e+04,-9.682588195800781250e+01,3.457118164062500000e+03,2.671903371810913086e-01,3.912347555160522461e-02,3.309251964092254639e-01,2.970947027206420898e-01,8.355886730970492238e+01,-1.777519771592874553e+00,7.379048639706927304e+01,-9.328530012860117893e+01,0.000000000000000000e+00,0.000000000000000000e+00,2.671903371810913086e-01,3.912347555160522461e-02,3.309251964092254639e-01,2.970947027206420898e-01,9.523418750000000000e+04,4.854721484375000000e+04,5.695126562500000000e+04,7.349885156250000000e+04,-4.453989972524417192e+07
2.116000000000000103e+00,-1.647363028795686830e+02,5.154436914232503497e+00,-7.445146330686793590e+01,-1.206425781250000000e+04,-8.653063964843750000e+01,3.446029785156250000e+03,2.676788866519927979e-01,6.154542416334152222e-02,3.219788670539855957e-01,2.899253964424133301e-01,7.145100275096750408e+01,-5.154436914232503497e+00,7.445146330686793590e+01,-9.328530012860117893e+01,0.000000000000000000e+00,0.000000000000000000e+00,2.676788866519927979e-01,6.154542416334152222e-02,3.219788670539855957e-01,2.899253964424133301e-01,9.513116406250000000e+04,4.832395703125000000e+04,5.706544140625000000e+04,7.360929687500000000e+04,-4.457260736333903670e+07
2.116999999999999993e+00,-1.524992876349304254e+02,8.318153493088459527e+00,-7.582965211992238608e+01,-1.207164160156250000e+04,-7.652717590332031250e+01,3.452549316406250000e+03,2.690970003604888916e-01,8.638377487659454346e-02,3.091561496257781982e-01,2.796478271484375000e-01,5.921398750632923935e+01,-8.318153493088459527e+00,7.582965211992238608e+01,-9.328530012860117893e+01,0.000000000000000000e+00,0.000000000000000000e+00,2.690970003604888916e-01,8.638377487659454346e-02,3.091561496257781982e-01,2.796478271484375000e-01,9.503768750000000000e+04,4.809814843750000000e+04,5.717656640625000000e+04,7.372294531250000000e+04,-4.460168272388636321e+07
2.117999999999999883e+00,-1.400975819887278533e+02,1.111517566491278686e+01,-7.787307018484291632e+01,-1.205305273437500000e+04,-7.376188659667968750e+01,3.452176025390625000e+03,2.703650593757629395e-01,1.127773895859718323e-01,2.924755513668060303e-01,2.669845223426818848e-01,4.681228186012667436e+01,-1.111517566491278686e+01,7.787307018484291632e+01,-9.328530012860117893e+01,0.000000000000000000e+00,0.000000000000000000e+00,2.703650593757629395e-01,1.127773895859718323e-01,2.924755513668060303e-01,2.669845223426818848e-01,9.495464062500000000e+04,4.787331640625000000e+04,5.728875000000000000e+04,7.383590625000000000e+04,-4.462749781855552644e+07
2.119000000000000217e+00,-1.275099251489881169e+02,1.343597099326046163e+01,-8.052653426352961219e+01,-1.201958203125000000e+04,-7.945426177978515625e+01,3.485084472656250000e+03,2.729041278362274170e-01,1.391746103763580322e-01,2.724399566650390625e-01,2.526984512805938721e-01,3.422462502038693088e+01,-1.343597099326046163e+01,8.052653426352961219e+01,-9.328530012860117893e+01,0.000000000000000000e+00,0.000000000000000000e+00,2.729041278362274170e-01,1.391746103763580322e-01,2.724399566650390625e-01,2.526984512805938721e-01,9.488867968750000000e+04,4.771130078125000000e+04,5.739533984375000000e+04,7.395382812500000000e+04,-4.465042164760405570e+07
2.120000000000000107e+00,-1.147448211171801518e+02,1.512651942303789276e+01,-8.362718526017059162e+01,-1.199634960937500000e+04,-9.123286437988281250e+01,3.452719970703125000e+03,2.740649878978729248e-01,1.653065383434295654e-01,2.502244710922241211e-01,2.382054179906845093e-01,2.145952098857897994e+01,-1.512651942303789276e+01,8.362718526017059162e+01,-9.328530012860117893e+01,0.000000000000000000e+00,0.000000000000000000e+00,2.740649878978729248e-01,1.653065383434295654e-01,2.502244710922241211e-01,2.382054179906845093e-01,9.483085937500000000e+04,4.777477343750000000e+04,5.751283984375000000e+04,7.406067968750000000e+04,-4.467081033928166330e+07
2.120999999999999996e+00,-1.018267841518644303e+02,1.610826922099801095e+01,-8.703979118951161809e+01,-1.199545312500000000e+04,-9.751463317871093750e+01,3.434920898437500000e+03,2.796494662761688232e-01,1.898717880249023438e-01,2.265148758888244629e-01,2.232151627540588379e-01,8.541484023263254954e+00,-1.610826922099801095e+01,8.703979118951161809e+01,-9.328530012860117893e+01,0.000000000000000000e+00,0.000000000000000000e+00,2.796494662761688232e-01,1.898717880249023438e-01,2.265148758888244629e-01,2.232151627540588379e-01,9.478498437500000000e+04,4.789028515625000000e+04,5.762798046875000000e+04,7.417013281250000000e+04,-4.468901443483998626e+07
2.121999999999999886e+00,-8.881568142469488691e+01,1.632428978735126535e+01,-9.058765749957994728e+01,-1.201646093750000000e+04,-9.495986175537109375e+01,3.418456298828125000e+03,2.843942642211914062e-01,2.138120234012603760e-01,2.030578702688217163e-01,2.093903422355651855e-01,-4.469618703906298229e+00,-1.632428978735126535e+01,9.058765749957994728e+01,-9.328530012860117893e+01,0.000000000000000000e+00,0.000000000000000000e+00,2.843942642211914062e-01,2.138120234012603760e-01,2.030578702688217163e-01,2.093903422355651855e-01,9.474078125000000000e+04,4.800594140625000000e+04,5.774299609375000000e+04,7.424525000000000000e+04,-4.470537526623523980e+07
2.123000000000000220e+00,-7.580333108200389347e+01,1.575788961263910615e+01,-9.407771068520904123e+01,-1.204412890625000000e+04,-8.290055084228515625e+01,3.406861572265625000e+03,2.889012098312377930e-01,2.366803288459777832e-01,1.810059398412704468e-01,1.974067389965057373e-01,-1.748196904659727835e+01,-1.575788961263910615e+01,9.407771068520904123e+01,-9.328530012860117893e+01,0.000000000000000000e+00,0.000000000000000000e+00,2.889012098312377930e-01,2.366803288459777832e-01,1.810059398412704468e-01,1.974067389965057373e-01,9.473719531250000000e+04,4.812059765625000000e+04,5.785732031250000000e+04,7.421646875000000000e+04,-4.472022033797118068e+07
2.124000000000000110e+00,-6.289829885405878684e+01,1.443852369198199881e+01,-9.733168168900557760e+01,-1.205363476562500000e+04,-6.910564422607421875e+01,3.412930908203125000e+03,2.928247451782226562e-01,2.580603659152984619e-01,1.614808291196823120e-01,1.881298869848251343e-01,-3.038700127454239208e+01,-1.443852369198199881e+01,9.733168168900557760e+01,-9.328530012860117893e+01,0.000000000000000000e+00,0.000000000000000000e+00,2.928247451782226562e-01,2.580603659152984619e-01,1.614808291196823120e-01,1.881298869848251343e-01,9.477064843750000000e+04,4.823204687500000000e+04,5.796882421875000000e+04,7.419090625000000000e+04,-4.473385846119672805e+07
2.125000000000000000e+00,-5.020174923593738470e+01,1.247303873664537655e+01,-1.001472830231667075e+02,-1.203767773437500000e+04,-6.319366073608398438e+01,3.376162353515625000e+03,2.953501343727111816e-01,2.769930362701416016e-01,1.456361114978790283e-01,1.828567683696746826e-01,-4.308355089266379423e+01,-1.247303873664537655e+01,1.001472830231667075e+02,-9.328530012860117893e+01,0.000000000000000000e+00,0.000000000000000000e+00,2.953501343727111816e-01,2.769930362701416016e-01,1.456361114978790283e-01,1.828567683696746826e-01,9.485413281250000000e+04,4.835026562500000000e+04,5.796675781250000000e+04,7.399878906250000000e+04,-4.474656373181532323e+07
2.125999999999999890e+00,-3.774983100261205493e+01,9.954157829130680923e+00,-1.024406763825357274e+02,-1.200228515625000000e+04,-6.398360824584960938e+01,3.382645751953125000e+03,3.001208007335662842e-01,2.937118113040924072e-01,1.332222074270248413e-01,1.807127892971038818e-01,-5.553546912598912400e+01,-9.954157829130680923e+00,1.024406763825357274e+02,-9.328530012860117893e+01,0.000000000000000000e+00,0.000000000000000000e+00,3.001208007335662842e-01,2.937118113040924072e-01,1.332222074270248413e-01,1.807127892971038818e-01,9.496071093750000000e+04,4.846168750000000000e+04,5.783366796875000000e+04,7.377870312500000000e+04,-4.475858195899184793e+07
2.126999999999999780e+00,-2.552484694390321351e+01,7.035260053393415092e+00,-1.041137441248581865e+02,-1.197432128906250000e+04,-7.045883941650390625e+01,3.360582519531250000e+03,3.013346791267395020e-01,3.073333203792572021e-01,1.258892863988876343e-01,1.836801618337631226e-01,-6.776045318469796541e+01,-7.035260053393415092e+00,1.041137441248581865e+02,-9.328530012860117893e+01,0.000000000000000000e+00,0.000000000000000000e+00,3.013346791267395020e-01,3.073333203792572021e-01,1.258892863988876343e-01,1.836801618337631226e-01,9.506953125000000000e+04,4.857827734375000000e+04,5.761253125000000000e+04,7.355021875000000000e+04,-4.477012264340307564e+07
2.128000000000000114e+00,-1.345422125519594658e+01,3.849754489170764682e+00,-1.051171969068871732e+02,-1.197202148437500000e+04,-7.056317138671875000e+01,3.343758300781250000e+03,3.033075332641601562e-01,3.196980953216552734e-01,1.224728822708129883e-01,1.891771554946899414e-01,-7.983107887340523234e+01,-3.849754489170764682e+00,1.051171969068871732e+02,-9.328530012860117893e+01,0.000000000000000000e+00,0.000000000000000000e+00,3.033075332641601562e-01,3.196980953216552734e-01,1.224728822708129883e-01,1.891771554946899414e-01,9.517896875000000000e+04,4.869383203125000000e+04,5.739057812500000000e+04,7.334250781250000000e+04,-4.478136810516785085e+07
2.129000000000000004e+00,-1.444212006069307108e+00,5.427313625605670877e-01,-1.054197790667255106e+02,-1.199505175781250000e+04,-6.159922027587890625e+01,3.326318603515625000e+03,3.039976358413696289e-01,3.317074179649353027e-01,1.230974569916725159e-01,1.964867264032363892e-01,-9.184108812253187182e+01,-5.427313625605670877e-01,1.054197790667255106e+02,-9.328530012860117893e+01,0.000000000000000000e+00,0.000000000000000000e+00,3.039976358413696289e-01,3.317074179649353027e-01,1.230974569916725159e-01,1.964867264032363892e-01,9.528897656250000000e+04,4.880927343750000000e+04,5.716875390625000000e+04,7.318150781250000000e+04,-4.479248381529197842e+07
2.129999999999999893e+00,1.059701390264950760e+01,-2.724928616810047277e+00,-1.050120352059977051e+02,-1.203014355468750000e+04,-4.313533401489257812e+01,3.298763427734375000e+03,3.045188188552856445e-01,3.443612754344940186e-01,1.271000802516937256e-01,2.041566073894500732e-01,-1.038823140312506865e+02,2.724928616810047277e+00,1.050120352059977051e+02,-9.328530012860117893e+01,0.000000000000000000e+00,0.000000000000000000e+00,3.045188188552856445e-01,3.443612754344940186e-01,1.271000802516937256e-01,2.041566073894500732e-01,9.539664843750000000e+04,4.892600390625000000e+04,5.694860156250000000e+04,7.307822656250000000e+04,-4.480363106476970017e+07
2.130999999999999783e+00,2.273460728775003759e+01,-5.850875606100582438e+00,-1.038953430252999937e+02,-1.205070214843750000e+04,-1.977626991271972656e+01,3.324389404296875000e+03,3.063039779663085938e-01,3.585237860679626465e-01,1.333208978176116943e-01,2.106911689043045044e-01,-1.160199074163512165e+02,5.850875606100582438e+00,1.038953430252999937e+02,-9.328530012860117893e+01,0.000000000000000000e+00,0.000000000000000000e+00,3.063039779663085938e-01,3.585237860679626465e-01,1.333208978176116943e-01,2.106911689043045044e-01,9.551381250000000000e+04,4.903403515625000000e+04,5.671955078125000000e+04,7.304438281250000000e+04,-4.481497640218593180e+07
2.132000000000000117e+00,3.500981598777779880e+01,-8.652058272767028768e+00,-1.021226733648227594e+02,-1.204802050781250000e+04,-1.941699147224426270e+00,3.313408935546875000e+03,3.051158785820007324e-01,3.719564974308013916e-01,1.420405805110931396e-01,2.177908867597579956e-01,-1.282951161163789777e+02,8.652058272767028768e+00,1.021226733648227594e+02,-9.328530012860117893e+01,0.000000000000000000e+00,0.000000000000000000e+00,3.051158785820007324e-01,3.719564974308013916e-01,1.420405805110931396e-01,2.177908867597579956e-01,9.562439062500000000e+04,4.914871875000000000e+04,5.652137890625000000e+04,7.305358593750000000e+04,-4.482670598792896420e+07
2.133000000000000007e+00,4.744084748318074674e+01,-1.100659136196449595e+01,-9.976017186916902801e+01,-1.202422851562500000e+04,9.762442588806152344e+00,3.316926513671875000e+03,3.057491779327392578e-01,3.862386643886566162e-01,1.497686803340911865e-01,2.234576344490051270e-01,-1.407261476117819257e+02,1.100659136196449595e+01,9.976017186916902801e+01,-9.328530012860117893e+01,0.000000000000000000e+00,0.000000000000000000e+00,3.057491779327392578e-01,3.862386643886566162e-01,1.497686803340911865e-01,2.234576344490051270e-01,9.573730468750000000e+04,4.926096875000000000e+04,5.639451171875000000e+04,7.311750781250000000e+04,-4.483902985888366401e+07
2.133999999999999897e+00,6.002984960111790258e+01,-1.279489219183841620e+01,-9.691863322132623182e+01,-1.199951171875000000e+04,1.375657272338867188e+01,3.311808837890625000e+03,3.028841614723205566e-01,3.990357220172882080e-01,1.557446122169494629e-01,2.296832650899887085e-01,-1.533151497297190815e+02,1.279489219183841620e+01,9.691863322132623182e+01,-9.328530012860117893e+01,0.000000000000000000e+00,0.000000000000000000e+00,3.028841614723205566e-01,3.990357220172882080e-01,1.557446122169494629e-01,2.296832650899887085e-01,9.584926562500000000e+04,4.937448046875000000e+04,5.633285546875000000e+04,7.322051562500000000e+04,-4.485219037245848775e+07
2.134999999999999787e+00,7.276535494264915371e+01,-1.392314758818597653e+01,-9.373388788567918084e+01,-1.199613964843750000e+04,1.813212013244628906e+01,3.303495117187500000e+03,2.970428466796875000e-01,4.105521142482757568e-01,1.580710113048553467e-01,2.359826117753982544e-01,-1.660506550712503326e+02,1.392314758818597653e+01,9.373388788567918084e+01,-9.328530012860117893e+01,0.000000000000000000e+00,0.000000000000000000e+00,2.970428466796875000e-01,4.105521142482757568e-01,1.580710113048553467e-01,2.359826117753982544e-01,9.596012500000000000e+04,4.948821093750000000e+04,5.631989843750000000e+04,7.333194531250000000e+04,-4.486646506511534750e+07
2.136000000000000121e+00,8.561932354016643387e+01,-1.432987790572030384e+01,-9.032593175399290431e+01,-1.201858789062500000e+04,2.959816741943359375e+01,3.335778320312500000e+03,2.879965305328369141e-01,4.211087822914123535e-01,1.557995229959487915e-01,2.413661479949951172e-01,-1.789046236687676128e+02,1.432987790572030384e+01,9.032593175399290431e+01,-9.328530012860117893e+01,0.000000000000000000e+00,0.000000000000000000e+00,2.879965305328369141e-01,4.211087822914123535e-01,1.557995229959487915e-01,2.413661479949951172e-01,9.605688281250000000e+04,4.959492187500000000e+04,5.631853515625000000e+04,7.345021093750000000e+04,-4.488215985302684456e+07
2.137000000000000011e+00,-2.614881616081280526e+02,-1.397248727287400172e+01,-8.692907191234773734e+01,-1.205845117187500000e+04,4.865692901611328125e+01,3.318850097656250000e+03,2.741706073284149170e-01,4.299153685569763184e-01,1.492384821176528931e-01,2.454532980918884277e-01,1.682028614795268879e+02,1.397248727287400172e+01,8.692907191234773734e+01,-9.328530012860117893e+01,0.000000000000000000e+00,0.000000000000000000e+00,2.741706073284149170e-01,4.299153685569763184e-01,1.492384821176528931e-01,2.454532980918884277e-01,9.607989062500000000e+04,4.971028515625000000e+04,5.630754687500000000e+04,7.355964062500000000e+04,-4.495828780563217402e+07
2.137999999999999901e+00,-2.486508309188873227e+02,-1.286663408658947105e+01,-8.371657986215743108e+01,-1.208818359375000000e+04,7.348420715332031250e+01,3.319952392578125000e+03,2.928265333175659180e-01,-3.871355578303337097e-02,3.236437141895294189e-01,2.837091982364654541e-01,1.553655307902861296e+02,1.286663408658947105e+01,8.371657986215743108e+01,-9.328530012860117893e+01,0.000000000000000000e+00,0.000000000000000000e+00,2.928265333175659180e-01,0.000000000000000000e+00,3.236437141895294189e-01,2.837091982364654541e-01,9.600845312500000000e+04,4.982300781250000000e+04,5.624229296875000000e+04,7.367212500000000000e+04,-4.502728905736536533e+07
2.138999999999999790e+00,-2.359616106183319744e+02,-1.107572987391122155e+01,-8.085162182392642194e+01,-1.209138281250000000e+04,9.263852691650390625e+01,3.330765869140625000e+03,2.881297469139099121e-01,-2.654676139354705811e-02,3.288034796714782715e-01,2.873997390270233154e-01,1.426763104897308096e+02,1.107572987391122155e+01,8.085162182392642194e+01,-9.328530012860117893e+01,0.000000000000000000e+00,0.000000000000000000e+00,2.881297469139099121e-01,0.000000000000000000e+00,3.288034796714782715e-01,2.873997390270233154e-01,9.607119531250000000e+04,4.959635937500000000e+04,5.635260937500000000e+04,7.378647656250000000e+04,-4.508962659559476376e+07
2.140000000000000124e+00,-2.234790976820420951e+02,-8.701197172646860878e+00,-7.846959222159091496e+01,-1.206988085937500000e+04,1.031499404907226562e+02,3.342891113281250000e+03,2.839550971984863281e-01,-1.225580647587776184e-02,3.319352269172668457e-01,2.893603146076202393e-01,1.301937975534409304e+02,8.701197172646860878e+00,7.846959222159091496e+01,-9.328530012860117893e+01,0.000000000000000000e+00,0.000000000000000000e+00,2.839550971984863281e-01,0.000000000000000000e+00,3.319352269172668457e-01,2.893603146076202393e-01,9.609948437500000000e+04,4.936931640625000000e+04,5.646267187500000000e+04,7.390151562500000000e+04,-4.514580269043119997e+07
2.141000000000000014e+00,-2.112045184885485014e+02,-5.846198257603861137e+00,-7.665266468338018058e+01,-1.204096484375000000e+04,1.055493240356445312e+02,3.380761718750000000e+03,2.808459699153900146e-01,3.689529374241828918e-03,3.326983451843261719e-01,2.895362079143524170e-01,1.179192183599473225e+02,5.846198257603861137e+00,7.665266468338018058e+01,-9.328530012860117893e+01,0.000000000000000000e+00,0.000000000000000000e+00,2.808459699153900146e-01,3.689529374241828918e-03,3.326983451843261719e-01,2.895362079143524170e-01,9.610299218750000000e+04,4.913761328125000000e+04,5.656851562500000000e+04,7.402028125000000000e+04,-4.519631984809830785e+07
2.141999999999999904e+00,-1.990858423510157422e+02,-2.701136662658182086e+00,-7.550149167311542442e+01,-1.202942871093750000e+04,1.056175689697265625e+02,3.352469726562500000e+03,2.773677110671997070e-01,2.182203158736228943e-02,3.309349119663238525e-01,2.878390550613403320e-01,1.058005422224145775e+02,2.701136662658182086e+00,7.550149167311542442e+01,-9.328530012860117893e+01,0.000000000000000000e+00,0.000000000000000000e+00,2.773677110671997070e-01,2.182203158736228943e-02,3.309349119663238525e-01,2.878390550613403320e-01,9.607307031250000000e+04,4.891685156250000000e+04,5.668554687500000000e+04,7.412779687500000000e+04,-4.524166279210706055e+07
2.142999999999999794e+00,-1.870325160416600170e+02,6.045787332176111306e-01,-7.504887619298067136e+01,-1.204164062500000000e+04,1.153511123657226562e+02,3.340699707031250000e+03,2.781828939914703369e-01,4.054626077413558960e-02,3.264892995357513428e-01,2.839184403419494629e-01,9.374721591305882384e+01,-6.045787332176111306e-01,7.504887619298067136e+01,-9.328530012860117893e+01,0.000000000000000000e+00,0.000000000000000000e+00,2.781828939914703369e-01,4.054626077413558960e-02,3.264892995357513428e-01,2.839184403419494629e-01,9.602214062500000000e+04,4.869389843750000000e+04,5.680001562500000000e+04,7.423825781250000000e+04,-4.528227665349721164e+07
2.144000000000000128e+00,-1.749485172207897676e+02,3.931582797222834103e+00,-7.531798098752403803e+01,-1.206992578125000000e+04,1.357532958984375000e+02,3.341277832031250000e+03,2.787767052650451660e-01,6.251047551631927490e-02,3.189342319965362549e-01,2.771291732788085938e-01,8.166321709218858871e+01,-3.931582797222834103e+00,7.531798098752403803e+01,-9.328530012860117893e+01,0.000000000000000000e+00,0.000000000000000000e+00,2.787767052650451660e-01,6.251047551631927490e-02,3.189342319965362549e-01,2.771291732788085938e-01,9.597496093750000000e+04,4.846904687500000000e+04,5.691259765625000000e+04,7.435132812500000000e+04,-4.531857189277829230e+07
2.145000000000000018e+00,-1.627536446200032856e+02,7.119119438849362602e+00,-7.631162938810183505e+01,-1.209574023437500000e+04,1.637079772949218750e+02,3.339606689453125000e+03,2.792238593101501465e-01,8.748605102300643921e-02,3.078760802745819092e-01,2.673117816448211670e-01,6.946834449140210666e+01,-7.119119438849362602e+00,7.631162938810183505e+01,-9.328530012860117893e+01,0.000000000000000000e+00,0.000000000000000000e+00,2.792238593101501465e-01,8.748605102300643921e-02,3.078760802745819092e-01,2.673117816448211670e-01,9.593783593750000000e+04,4.824438281250000000e+04,5.702568750000000000e+04,7.446367187500000000e+04,-4.535093478825683892e+07
2.145999999999999908e+00,-1.504012484720077225e+02,1.003421818008165367e+01,-7.800994705511214988e+01,-1.209554492187500000e+04,1.906016540527343750e+02,3.364982910156250000e+03,2.804174423217773438e-01,1.145159229636192322e-01,2.930084168910980225e-01,2.545659840106964111e-01,5.711594834340653648e+01,-1.003421818008165367e+01,7.800994705511214988e+01,-9.328530012860117893e+01,0.000000000000000000e+00,0.000000000000000000e+00,2.804174423217773438e-01,1.145159229636192322e-01,2.930084168910980225e-01,2.545659840106964111e-01,9.590993750000000000e+04,4.801490625000000000e+04,5.713434375000000000e+04,7.458011718750000000e+04,-4.537974156117280573e+07
2.146999999999999797e+00,-1.378773827908288467e+02,1.249226545017289247e+01,-8.032097538197704978e+01,-1.206889062500000000e+04,2.067447662353515625e+02,3.343189453125000000e+03,2.808347940444946289e-01,1.427722275257110596e-01,2.746295034885406494e-01,2.399062216281890869e-01,4.459208266222766781e+01,-1.249226545017289247e+01,8.032097538197704978e+01,-9.328530012860117893e+01,0.000000000000000000e+00,0.000000000000000000e+00,2.808347940444946289e-01,1.427722275257110596e-01,2.746295034885406494e-01,2.399062216281890869e-01,9.588264062500000000e+04,4.787233984375000000e+04,5.725088281250000000e+04,7.468885937500000000e+04,-4.540535924964044243e+07
2.148000000000000131e+00,-1.251857941855696197e+02,1.439421759914072219e+01,-8.315994921361327386e+01,-1.202792871093750000e+04,2.163614807128906250e+02,3.351901123046875000e+03,2.849026918411254883e-01,1.698534786701202393e-01,2.531914114952087402e-01,2.237906306982040405e-01,3.190049405696843721e+01,-1.439421759914072219e+01,8.315994921361327386e+01,-9.328530012860117893e+01,0.000000000000000000e+00,0.000000000000000000e+00,2.849026918411254883e-01,1.698534786701202393e-01,2.531914114952087402e-01,2.237906306982040405e-01,9.586396093750000000e+04,4.795416406250000000e+04,5.736231640625000000e+04,7.480321093750000000e+04,-4.542815350335981697e+07
2.149000000000000021e+00,-1.123465658196621746e+02,1.563546495202358777e+01,-8.638909462213752022e+01,-1.199896582031250000e+04,2.219979858398437500e+02,3.355531250000000000e+03,2.877627015113830566e-01,1.964138150215148926e-01,2.303129434585571289e-01,2.079920768737792969e-01,1.906126569106099922e+01,-1.563546495202358777e+01,8.638909462213752022e+01,-9.328530012860117893e+01,0.000000000000000000e+00,0.000000000000000000e+00,2.877627015113830566e-01,1.964138150215148926e-01,2.303129434585571289e-01,2.079920768737792969e-01,9.587378906250000000e+04,4.806644531250000000e+04,5.747455468750000000e+04,7.487075000000000000e+04,-4.544848279764518887e+07
2.149999999999999911e+00,-9.940707607615618713e+01,1.613276563183244150e+01,-8.981647589862335224e+01,-1.199778808593750000e+04,2.338667602539062500e+02,3.331664062500000000e+03,2.911114394664764404e-01,2.216627001762390137e-01,2.071163058280944824e-01,1.930631846189498901e-01,6.121775947555009978e+00,-1.613276563183244150e+01,8.981647589862335224e+01,-9.328530012860117893e+01,0.000000000000000000e+00,0.000000000000000000e+00,2.911114394664764404e-01,2.216627001762390137e-01,2.071163058280944824e-01,1.930631846189498901e-01,9.589817187500000000e+04,4.818311328125000000e+04,5.759132812500000000e+04,7.481431250000000000e+04,-4.546669182988897711e+07
2.150999999999999801e+00,-8.643240132916575647e+01,1.585730849407752352e+01,-9.328363502303737675e+01,-1.201559960937500000e+04,2.545666198730468750e+02,3.340706054687500000e+03,2.959228754043579102e-01,2.458650171756744385e-01,1.845318526029586792e-01,1.791039109230041504e-01,-6.852898799435418908e+00,-1.585730849407752352e+01,9.328363502303737675e+01,-9.328530012860117893e+01,0.000000000000000000e+00,0.000000000000000000e+00,2.959228754043579102e-01,2.458650171756744385e-01,1.845318526029586792e-01,1.791039109230041504e-01,9.595147656250000000e+04,4.829400390625000000e+04,5.770258203125000000e+04,7.465254687500000000e+04,-4.548311568068429083e+07
2.152000000000000135e+00,-7.352214047071001346e+01,1.482004830698412157e+01,-9.657207190271596176e+01,-1.203672753906250000e+04,2.796412658691406250e+02,3.330975830078125000e+03,2.983136773109436035e-01,2.686203122138977051e-01,1.644429415464401245e-01,1.681795716285705566e-01,-1.976315965789116191e+01,-1.482004830698412157e+01,9.657207190271596176e+01,-9.328530012860117893e+01,0.000000000000000000e+00,0.000000000000000000e+00,2.983136773109436035e-01,2.686203122138977051e-01,1.644429415464401245e-01,1.681795716285705566e-01,9.603314062500000000e+04,4.840773046875000000e+04,5.781692578125000000e+04,7.442616406250000000e+04,-4.549806698472709209e+07
2.153000000000000025e+00,-6.076650788398494996e+01,1.306861925998959251e+01,-9.953722654191760455e+01,-1.203738964843750000e+04,3.045464172363281250e+02,3.361145019531250000e+03,3.014339208602905273e-01,2.895564734935760498e-01,1.471813768148422241e-01,1.600406169891357422e-01,-3.251879224461622897e+01,-1.306861925998959251e+01,9.953722654191760455e+01,-9.328530012860117893e+01,0.000000000000000000e+00,0.000000000000000000e+00,3.014339208602905273e-01,2.895564734935760498e-01,1.471813768148422241e-01,1.600406169891357422e-01,9.613602343750000000e+04,4.851529687500000000e+04,5.783033984375000000e+04,7.420634375000000000e+04,-4.551183800148452818e+07
2.153999999999999915e+00,-4.824028102683285368e+01,1.071046631490174228e+01,-1.020152008948097802e+02,-1.201202636718750000e+04,3.196490478515625000e+02,3.373351806640625000e+03,3.017918467521667480e-01,3.076190650463104248e-01,1.343847811222076416e-01,1.568194627761840820e-01,-4.504501910176832524e+01,-1.071046631490174228e+01,1.020152008948097802e+02,-9.328530012860117893e+01,0.000000000000000000e+00,0.000000000000000000e+00,3.017918467521667480e-01,3.076190650463104248e-01,1.343847811222076416e-01,1.568194627761840820e-01,9.625085156250000000e+04,4.862616406250000000e+04,5.771160546875000000e+04,7.398294531250000000e+04,-4.552468694150036573e+07
2.154999999999999805e+00,-3.595983161031437447e+01,7.891276537610331765e+00,-1.038920267781109885e+02,-1.197354003906250000e+04,3.242201232910156250e+02,3.363615966796875000e+03,3.028116822242736816e-01,3.230671584606170654e-01,1.257519721984863281e-01,1.574632674455642700e-01,-5.732546851828680445e+01,-7.891276537610331765e+00,1.038920267781109885e+02,-9.328530012860117893e+01,0.000000000000000000e+00,0.000000000000000000e+00,3.028116822242736816e-01,3.230671584606170654e-01,1.257519721984863281e-01,1.574632674455642700e-01,9.636146093750000000e+04,4.874050390625000000e+04,5.749812109375000000e+04,7.375600781250000000e+04,-4.553683587646326423e+07
2.156000000000000139e+00,-2.387791369533449881e+01,4.713359646815965753e+00,-1.051317976918580825e+02,-1.194224023437500000e+04,3.234685058593750000e+02,3.399238037109375000e+03,3.044286966323852539e-01,3.365577161312103271e-01,1.212735250592231750e-01,1.613154262304306030e-01,-6.940738643326668011e+01,-4.713359646815965753e+00,1.051317976918580825e+02,-9.328530012860117893e+01,0.000000000000000000e+00,0.000000000000000000e+00,3.044286966323852539e-01,3.365577161312103271e-01,1.212735250592231750e-01,1.613154262304306030e-01,9.648033593750000000e+04,4.884706640625000000e+04,5.726711328125000000e+04,7.353700781250000000e+04,-4.554848094187078625e+07
2.157000000000000028e+00,-1.190564148928757504e+01,1.342271089000817375e+00,-1.056779353109007218e+02,-1.193987500000000000e+04,3.228725891113281250e+02,3.405825927734375000e+03,3.025539517402648926e-01,3.474014401435852051e-01,1.222578510642051697e-01,1.696323603391647339e-01,-8.137965863931360389e+01,-1.342271089000817375e+00,1.056779353109007218e+02,-9.328530012860117893e+01,0.000000000000000000e+00,0.000000000000000000e+00,3.025539517402648926e-01,3.474014401435852051e-01,1.222578510642051697e-01,1.696323603391647339e-01,9.659383593750000000e+04,4.895808984375000000e+04,5.704085156250000000e+04,7.331344531250000000e+04,-4.555979231387330592e+07
2.157999999999999918e+00,6.251456563200008532e-02,-2.089123928804041519e+00,-1.055036473238703820e+02,-1.196343652343750000e+04,3.325549926757812500e+02,3.425965576171875000e+03,3.018866181373596191e-01,3.584567606449127197e-01,1.267855465412139893e-01,1.785948425531387329e-01,-9.334781469423317901e+01,2.089123928804041519e+00,1.055036473238703820e+02,-9.328530012860117893e+01,0.000000000000000000e+00,0.000000000000000000e+00,3.018866181373596191e-01,3.584567606449127197e-01,1.267855465412139893e-01,1.785948425531387329e-01,9.670949218750000000e+04,4.906712109375000000e+04,5.681221875000000000e+04,7.309150000000000000e+04,-4.557091770181880891e+07
2.158999999999999808e+00,1.211885566316900054e+01,-5.413796406626610214e+00,-1.045999494569259127e+02,-1.199357226562500000e+04,3.488579711914062500e+02,3.433385986328125000e+03,3.005291223526000977e-01,3.698898851871490479e-01,1.348136067390441895e-01,1.878912001848220825e-01,-1.054041557917701795e+02,5.413796406626610214e+00,1.045999494569259127e+02,-9.328530012860117893e+01,0.000000000000000000e+00,0.000000000000000000e+00,3.005291223526000977e-01,3.698898851871490479e-01,1.348136067390441895e-01,1.878912001848220825e-01,9.681776562500000000e+04,4.917875781250000000e+04,5.658558203125000000e+04,7.286735156250000000e+04,-4.558204502709931880e+07
2.160000000000000142e+00,2.432669112570103209e+01,-8.460216052638791950e+00,-1.029960377316311764e+02,-1.201043066406250000e+04,3.653003540039062500e+02,3.424177734375000000e+03,3.004603981971740723e-01,3.825434148311614990e-01,1.445042788982391357e-01,1.958739906549453735e-01,-1.176119912543022110e+02,8.460216052638791950e+00,1.029960377316311764e+02,-9.328530012860117893e+01,0.000000000000000000e+00,0.000000000000000000e+00,3.004603981971740723e-01,3.825434148311614990e-01,1.445042788982391357e-01,1.958739906549453735e-01,9.691075000000000000e+04,4.929309375000000000e+04,5.640148046875000000e+04,7.270927343750000000e+04,-4.559331657404451817e+07
2.161000000000000032e+00,3.671625514156407633e+01,-1.113237324803771955e+01,-1.007239088223889354e+02,-1.199910937500000000e+04,3.747019042968750000e+02,3.472273193359375000e+03,3.011808395385742188e-01,3.959765732288360596e-01,1.539763063192367554e-01,2.024419307708740234e-01,-1.300015552701652553e+02,1.113237324803771955e+01,1.007239088223889354e+02,-9.328530012860117893e+01,0.000000000000000000e+00,0.000000000000000000e+00,3.011808395385742188e-01,3.959765732288360596e-01,1.539763063192367554e-01,2.024419307708740234e-01,9.701114843750000000e+04,4.939771484375000000e+04,5.628879296875000000e+04,7.262546875000000000e+04,-4.560493389297873527e+07
2.161999999999999922e+00,4.929203016278809457e+01,-1.327322520531027195e+01,-9.788657947985845453e+01,-1.197208886718750000e+04,3.699476013183593750e+02,3.490104248046875000e+03,2.964659929275512695e-01,4.063507020473480225e-01,1.632871329784393311e-01,2.112580984830856323e-01,-1.425773302913892735e+02,1.327322520531027195e+01,9.788657947985845453e+01,-9.328530012860117893e+01,0.000000000000000000e+00,0.000000000000000000e+00,2.964659929275512695e-01,4.063507020473480225e-01,1.632871329784393311e-01,2.112580984830856323e-01,9.710879687500000000e+04,4.950703906250000000e+04,5.625825000000000000e+04,7.258790625000000000e+04,-4.561712155816592276e+07
2.162999999999999812e+00,6.203676699162606667e+01,-1.476438180317377480e+01,-9.461726917184077479e+01,-1.194878027343750000e+04,3.595987243652343750e+02,3.492738769531250000e+03,2.905284464359283447e-01,4.159641563892364502e-01,1.687639802694320679e-01,2.196477204561233521e-01,-1.553220671202272456e+02,1.476438180317377480e+01,9.461726917184077479e+01,-9.328530012860117893e+01,0.000000000000000000e+00,0.000000000000000000e+00,2.905284464359283447e-01,4.159641563892364502e-01,1.687639802694320679e-01,2.196477204561233521e-01,9.716882812500000000e+04,4.961873046875000000e+04,5.630366796875000000e+04,7.261410156250000000e+04,-4.563014053322026134e+07
2.164000000000000146e+00,7.491058496854701332e+01,-1.552264789191309369e+01,-9.107633209772581040e+01,-1.194477929687500000e+04,3.505825805664062500e+02,3.489791259765625000e+03,2.822099328041076660e-01,4.248424172401428223e-01,1.693293154239654541e-01,2.271728366613388062e-01,-1.681958850971481922e+02,1.552264789191309369e+01,9.107633209772581040e+01,-9.328530012860117893e+01,0.000000000000000000e+00,0.000000000000000000e+00,2.822099328041076660e-01,4.248424172401428223e-01,1.693293154239654541e-01,2.271728366613388062e-01,9.718619531250000000e+04,4.973183203125000000e+04,5.639156250000000000e+04,7.270110937500000000e+04,-4.564428797982653975e+07
2.165000000000000036e+00,-2.721564492691344412e+02,-1.549584813750174028e+01,-8.748191328558753810e+01,-1.196789941406250000e+04,3.495007629394531250e+02,3.452261230468750000e+03,2.716566622257232666e-01,4.332722127437591553e-01,1.644468605518341064e-01,2.328801751136779785e-01,1.788711491405332481e+02,1.549584813750174028e+01,8.748191328558753810e+01,-9.328530012860117893e+01,0.000000000000000000e+00,0.000000000000000000e+00,2.716566622257232666e-01,4.332722127437591553e-01,1.644468605518341064e-01,2.328801751136779785e-01,9.713869531250000000e+04,4.985098437500000000e+04,5.648770312500000000e+04,7.280739843750000000e+04,-4.572625031916692853e+07
2.165999999999999925e+00,-2.592385260920406154e+02,-1.468208823744263647e+01,-8.397395508530928510e+01,-1.200074804687500000e+04,3.597918090820312500e+02,3.471115478515625000e+03,2.892366647720336914e-01,-2.887250483036041260e-02,3.145643770694732666e-01,2.697098255157470703e-01,1.659532259634394222e+02,1.468208823744263647e+01,8.397395508530928510e+01,-9.328530012860117893e+01,0.000000000000000000e+00,0.000000000000000000e+00,2.892366647720336914e-01,0.000000000000000000e+00,3.145643770694732666e-01,2.697098255157470703e-01,9.702763281250000000e+04,4.996060156250000000e+04,5.653451953125000000e+04,7.292355468750000000e+04,-4.580072212142498046e+07
2.166999999999999815e+00,-2.464346371687209398e+02,-1.311656403851753616e+01,-8.074086848584069287e+01,-1.202322460937500000e+04,3.706603088378906250e+02,3.493930419921875000e+03,2.830423116683959961e-01,-1.767556369304656982e-02,3.214943706989288330e-01,2.749252617359161377e-01,1.531493370401197751e+02,1.311656403851753616e+01,8.074086848584069287e+01,-9.328530012860117893e+01,0.000000000000000000e+00,0.000000000000000000e+00,2.830423116683959961e-01,0.000000000000000000e+00,3.214943706989288330e-01,2.749252617359161377e-01,9.704335937500000000e+04,4.973175390625000000e+04,5.664361718750000000e+04,7.303993750000000000e+04,-4.586814328391748667e+07
2.168000000000000149e+00,-2.338338663530898884e+02,-1.089399315216130049e+01,-7.796615531150901290e+01,-1.201965234375000000e+04,3.768801879882812500e+02,3.493971435546875000e+03,2.774525880813598633e-01,-4.112076014280319214e-03,3.265727758407592773e-01,2.784016430377960205e-01,1.405485662244886953e+02,1.089399315216130049e+01,7.796615531150901290e+01,-9.328530012860117893e+01,0.000000000000000000e+00,0.000000000000000000e+00,2.774525880813598633e-01,0.000000000000000000e+00,3.265727758407592773e-01,2.784016430377960205e-01,9.701121093750000000e+04,4.950634765625000000e+04,5.675649218750000000e+04,7.315214843750000000e+04,-4.592901896143198013e+07
2.169000000000000039e+00,-2.214739212601065219e+02,-8.124682098454480084e+00,-7.574809485909780449e+01,-1.198955957031250000e+04,3.729782409667968750e+02,3.515687011718750000e+03,2.740229964256286621e-01,1.069804374128580093e-02,3.291734457015991211e-01,2.799174189567565918e-01,1.281886211315053288e+02,8.124682098454480084e+00,7.574809485909780449e+01,-9.328530012860117893e+01,0.000000000000000000e+00,0.000000000000000000e+00,2.740229964256286621e-01,1.069804374128580093e-02,3.291734457015991211e-01,2.799174189567565918e-01,9.694495312500000000e+04,4.927725000000000000e+04,5.686570703125000000e+04,7.326810937500000000e+04,-4.598387344356428832e+07
2.169999999999999929e+00,-2.093352800529079332e+02,-4.971926183584878700e+00,-7.418343109330292862e+01,-1.195637304687500000e+04,3.601189880371093750e+02,3.502978027343750000e+03,2.708458900451660156e-01,2.721494436264038086e-02,3.290729224681854248e-01,2.796283364295959473e-01,1.160499799243067542e+02,4.971926183584878700e+00,7.418343109330292862e+01,-9.328530012860117893e+01,0.000000000000000000e+00,0.000000000000000000e+00,2.708458900451660156e-01,2.721494436264038086e-02,3.290729224681854248e-01,2.796283364295959473e-01,9.684984375000000000e+04,4.905444531250000000e+04,5.698059765625000000e+04,7.337875000000000000e+04,-4.603322260453786701e+07
2.170999999999999819e+00,-1.973411718443645668e+02,-1.551130335180297415e+00,-7.330488221576574404e+01,-1.194031445312500000e+04,3.494900207519531250e+02,3.520520751953125000e+03,2.703094184398651123e-01,4.422769322991371155e-02,3.261947631835937500e-01,2.773047685623168945e-01,1.040558717157634021e+02,1.551130335180297415e+00,7.330488221576574404e+01,-9.328530012860117893e+01,0.000000000000000000e+00,0.000000000000000000e+00,2.703094184398651123e-01,4.422769322991371155e-02,3.261947631835937500e-01,2.773047685623168945e-01,9.673944531250000000e+04,4.882676953125000000e+04,5.709040625000000000e+04,7.349462500000000000e+04,-4.607754215440475941e+07
2.172000000000000153e+00,-1.853875190455462985e+02,1.996401289502467202e+00,-7.315028572951332819e+01,-1.195042871093750000e+04,3.461067199707031250e+02,3.540470458984375000e+03,2.690573930740356445e-01,6.404692679643630981e-02,3.204973042011260986e-01,2.727155685424804688e-01,9.210221891694510532e+01,-1.996401289502467202e+00,7.315028572951332819e+01,-9.328530012860117893e+01,0.000000000000000000e+00,0.000000000000000000e+00,2.690573930740356445e-01,6.404692679643630981e-02,3.204973042011260986e-01,2.727155685424804688e-01,9.662891406250000000e+04,4.859850781250000000e+04,5.719977343750000000e+04,7.361024218750000000e+04,-4.611726563654304296e+07
2.173000000000000043e+00,-1.733686473946167155e+02,5.486467033408558791e+00,-7.374097802275281310e+01,-1.197649609375000000e+04,3.509829406738281250e+02,3.528513916015625000e+03,2.681254446506500244e-01,8.635500818490982056e-02,3.116625249385833740e-01,2.654196023941040039e-01,8.008334726601553655e+01,-5.486467033408558791e+00,7.374097802275281310e+01,-9.328530012860117893e+01,0.000000000000000000e+00,0.000000000000000000e+00,2.681254446506500244e-01,8.635500818490982056e-02,3.116625249385833740e-01,2.654196023941040039e-01,9.650614843750000000e+04,4.837530078125000000e+04,5.731440625000000000e+04,7.372051562500000000e+04,-4.615279015760274231e+07
2.173999999999999932e+00,-1.612055199052760486e+02,8.807083750361519137e+00,-7.507726452046192378e+01,-1.199290917968750000e+04,3.602376098632812500e+02,3.563846191406250000e+03,2.692800760269165039e-01,1.103318557143211365e-01,2.992096245288848877e-01,2.549654543399810791e-01,6.792021977667485544e+01,-8.807083750361519137e+00,7.507726452046192378e+01,-9.328530012860117893e+01,0.000000000000000000e+00,0.000000000000000000e+00,2.692800760269165039e-01,1.103318557143211365e-01,2.992096245288848877e-01,2.549654543399810791e-01,9.638804687500000000e+04,4.814387109375000000e+04,5.742111328125000000e+04,7.383891406250000000e+04,-4.618449153762273490e+07
2.174999999999999822e+00,-1.488515106274697928e+02,1.178412368283669664e+01,-7.712124761589009836e+01,-1.198459960937500000e+04,3.630350036621093750e+02,3.580729248046875000e+03,2.685595452785491943e-01,1.365328133106231689e-01,2.832626104354858398e-01,2.423871606588363647e-01,5.556621049886860675e+01,-1.178412368283669664e+01,7.712124761589009836e+01,-9.328530012860117893e+01,0.000000000000000000e+00,0.000000000000000000e+00,2.685595452785491943e-01,1.365328133106231689e-01,2.832626104354858398e-01,2.423871606588363647e-01,9.627756250000000000e+04,4.795843359375000000e+04,5.753081640625000000e+04,7.395475000000000000e+04,-4.621273486224361509e+07
2.176000000000000156e+00,-1.362905243838327749e+02,1.427846557124625448e+01,-7.980565343254508548e+01,-1.195148828125000000e+04,3.563734130859375000e+02,3.602852050781250000e+03,2.695955038070678711e-01,1.624909937381744385e-01,2.638924419879913330e-01,2.279154956340789795e-01,4.300522425523159598e+01,-1.427846557124625448e+01,7.980565343254508548e+01,-9.328530012860117893e+01,0.000000000000000000e+00,0.000000000000000000e+00,2.695955038070678711e-01,1.624909937381744385e-01,2.638924419879913330e-01,2.279154956340789795e-01,9.616517968750000000e+04,4.798687500000000000e+04,5.763956250000000000e+04,7.407093750000000000e+04,-4.623788278617929667e+07
2.177000000000000046e+00,-1.235326645619111190e+02,1.616354360226329590e+01,-8.302032799076880565e+01,-1.190956445312500000e+04,3.388038024902343750e+02,3.620336914062500000e+03,2.711557745933532715e-01,1.877123713493347168e-01,2.420910149812698364e-01,2.128248363733291626e-01,3.024736443330994007e+01,-1.616354360226329590e+01,8.302032799076880565e+01,-9.328530012860117893e+01,0.000000000000000000e+00,0.000000000000000000e+00,2.711557745933532715e-01,1.877123713493347168e-01,2.420910149812698364e-01,2.128248363733291626e-01,9.606277343750000000e+04,4.809667968750000000e+04,5.774898828125000000e+04,7.418607812500000000e+04,-4.626029674039454013e+07
2.177999999999999936e+00,-1.106170165653840058e+02,1.732531734054265016e+01,-8.658720632568584108e+01,-1.188373144531250000e+04,3.156603698730468750e+02,3.600367187500000000e+03,2.735941410064697266e-01,2.114448547363281250e-01,2.190582901239395142e-01,1.981199234724044800e-01,1.733171643678283402e+01,-1.732531734054265016e+01,8.658720632568584108e+01,-9.328530012860117893e+01,0.000000000000000000e+00,0.000000000000000000e+00,2.735941410064697266e-01,2.114448547363281250e-01,2.190582901239395142e-01,1.981199234724044800e-01,9.596688281250000000e+04,4.821246093750000000e+04,5.786456640625000000e+04,7.418267187500000000e+04,-4.628033037566860765e+07
2.178999999999999826e+00,-9.758990769572525892e+01,1.771301601037709261e+01,-9.037555270124857998e+01,-1.188235058593750000e+04,2.979252929687500000e+02,3.627621337890625000e+03,2.783936262130737305e-01,2.336408793926239014e-01,1.958319693803787231e-01,1.840314269065856934e-01,4.304607567124079992e+00,-1.771301601037709261e+01,9.037555270124857998e+01,-9.328530012860117893e+01,0.000000000000000000e+00,0.000000000000000000e+00,2.783936262130737305e-01,2.336408793926239014e-01,1.958319693803787231e-01,1.840314269065856934e-01,9.589877343750000000e+04,4.832001953125000000e+04,5.797220312500000000e+04,7.407760937500000000e+04,-4.629833565721490979e+07
2.180000000000000160e+00,-8.454700044651343660e+01,1.728694448388791827e+01,-9.415399153410933764e+01,-1.190234765625000000e+04,2.867180175781250000e+02,3.623799804687500000e+03,2.804823517799377441e-01,2.543228864669799805e-01,1.745451092720031738e-01,1.730359196662902832e-01,-8.738299682087740550e+00,-1.728694448388791827e+01,9.415399153410933764e+01,-9.328530012860117893e+01,0.000000000000000000e+00,0.000000000000000000e+00,2.804823517799377441e-01,2.543228864669799805e-01,1.745451092720031738e-01,1.730359196662902832e-01,9.586066406250000000e+04,4.843318359375000000e+04,5.808497265625000000e+04,7.386276562500000000e+04,-4.631464766507080942e+07
2.181000000000000050e+00,-7.159905796893384888e+01,1.606621324481528035e+01,-9.771559112547076609e+01,-1.192153710937500000e+04,2.828246765136718750e+02,3.619008544921875000e+03,2.841327786445617676e-01,2.735398113727569580e-01,1.553718447685241699e-01,1.641070693731307983e-01,-2.168624215966732649e+01,-1.606621324481528035e+01,9.771559112547076609e+01,-9.328530012860117893e+01,0.000000000000000000e+00,0.000000000000000000e+00,2.841327786445617676e-01,2.735398113727569580e-01,1.553718447685241699e-01,1.641070693731307983e-01,9.583765625000000000e+04,4.854688671875000000e+04,5.817529687500000000e+04,7.363654687500000000e+04,-4.632958055012987554e+07
2.181999999999999940e+00,-5.884931821714910427e+01,1.411930183885538170e+01,-1.008909728865731950e+02,-1.191861621093750000e+04,2.758162841796875000e+02,3.627706054687500000e+03,2.875537574291229248e-01,2.909994423389434814e-01,1.395406872034072876e-01,1.585424840450286865e-01,-3.443598191145207466e+01,-1.411930183885538170e+01,1.008909728865731950e+02,-9.328530012860117893e+01,0.000000000000000000e+00,0.000000000000000000e+00,2.875537574291229248e-01,2.909994423389434814e-01,1.395406872034072876e-01,1.585424840450286865e-01,9.584375000000000000e+04,4.865817578125000000e+04,5.811265234375000000e+04,7.341268750000000000e+04,-4.634342213547891378e+07
2.182999999999999829e+00,-4.636564235311169568e+01,1.156614779080836186e+01,-1.035310403239071206e+02,-1.189263867187500000e+04,2.584981079101562500e+02,3.622614990234375000e+03,2.898446619510650635e-01,3.057608008384704590e-01,1.280915886163711548e-01,1.576003283262252808e-01,-4.691965777548948324e+01,-1.156614779080836186e+01,1.035310403239071206e+02,-9.328530012860117893e+01,0.000000000000000000e+00,0.000000000000000000e+00,2.898446619510650635e-01,3.057608008384704590e-01,1.280915886163711548e-01,1.576003283262252808e-01,9.587056250000000000e+04,4.877154687500000000e+04,5.792934375000000000e+04,7.318693750000000000e+04,-4.635642436035499722e+07
2.184000000000000163e+00,-3.414991434804267101e+01,8.507388924200176561e+00,-1.055753182419598346e+02,-1.185525097656250000e+04,2.314288177490234375e+02,3.660805419921875000e+03,2.922782003879547119e-01,3.180883228778839111e-01,1.210313290357589722e-01,1.606569737195968628e-01,-5.913538578055850792e+01,-8.507388924200176561e+00,1.055753182419598346e+02,-9.328530012860117893e+01,0.000000000000000000e+00,0.000000000000000000e+00,2.922782003879547119e-01,3.180883228778839111e-01,1.210313290357589722e-01,1.606569737195968628e-01,9.592036718750000000e+04,4.887731640625000000e+04,5.769753906250000000e+04,7.296862500000000000e+04,-4.636880910049317777e+07
2.185000000000000053e+00,-2.215214023819659417e+01,5.120726722471739656e+00,-1.069353040827938344e+02,-1.183234082031250000e+04,1.989855957031250000e+02,3.646947998046875000e+03,2.913441658020019531e-01,3.270080685615539551e-01,1.196181327104568481e-01,1.692060679197311401e-01,-7.113315989040458476e+01,-5.120726722471739656e+00,1.069353040827938344e+02,-9.328530012860117893e+01,0.000000000000000000e+00,0.000000000000000000e+00,2.913441658020019531e-01,3.270080685615539551e-01,1.196181327104568481e-01,1.692060679197311401e-01,9.597696093750000000e+04,4.899197265625000000e+04,5.747452343750000000e+04,7.274101562500000000e+04,-4.638076119891175628e+07
2.185999999999999943e+00,-1.027613066222511407e+01,1.556736930968452892e+00,-1.075766527138115123e+02,-1.183469726562500000e+04,1.735815582275390625e+02,3.623317138671875000e+03,2.924181818962097168e-01,3.358248472213745117e-01,1.217556223273277283e-01,1.788506507873535156e-01,-8.300916946637606486e+01,-1.556736930968452892e+00,1.075766527138115123e+02,-9.328530012860117893e+01,0.000000000000000000e+00,0.000000000000000000e+00,2.924181818962097168e-01,3.358248472213745117e-01,1.217556223273277283e-01,1.788506507873535156e-01,9.602384375000000000e+04,4.910877734375000000e+04,5.725327734375000000e+04,7.251169531250000000e+04,-4.639244195741212368e+07
2.186999999999999833e+00,1.587033105585305748e+00,-2.051330446121375939e+00,-1.074852362556081431e+02,-1.185884179687500000e+04,1.583989562988281250e+02,3.612208007812500000e+03,2.935765385627746582e-01,3.451140224933624268e-01,1.274626702070236206e-01,1.891997307538986206e-01,-9.487233323418648467e+01,2.051330446121375939e+00,1.074852362556081431e+02,-9.328530012860117893e+01,0.000000000000000000e+00,0.000000000000000000e+00,2.935765385627746582e-01,3.451140224933624268e-01,1.274626702070236206e-01,1.891997307538986206e-01,9.607989843750000000e+04,4.922344140625000000e+04,5.703009765625000000e+04,7.229266406250000000e+04,-4.640400176005572826e+07
2.188000000000000167e+00,1.353504454226703047e+01,-5.547328467516741135e+00,-1.066595857267969478e+02,-1.188938378906250000e+04,1.516669158935546875e+02,3.594985595703125000e+03,2.942314743995666504e-01,3.550445139408111572e-01,1.364641189575195312e-01,1.997583061456680298e-01,-1.068203446708682094e+02,5.547328467516741135e+00,1.066595857267969478e+02,-9.328530012860117893e+01,0.000000000000000000e+00,0.000000000000000000e+00,2.942314743995666504e-01,3.550445139408111572e-01,1.364641189575195312e-01,1.997583061456680298e-01,9.614096875000000000e+04,4.933894531250000000e+04,5.680808203125000000e+04,7.215720312500000000e+04,-4.641559199756702781e+07
2.189000000000000057e+00,2.563663012567826627e+01,-8.829362636433144118e+00,-1.051044451361206171e+02,-1.190291894531250000e+04,1.465517730712890625e+02,3.630095214843750000e+03,2.958232760429382324e-01,3.664386868476867676e-01,1.471971422433853149e-01,2.090640217065811157e-01,-1.189219302542794452e+02,8.829362636433144118e+00,1.051044451361206171e+02,-9.328530012860117893e+01,0.000000000000000000e+00,0.000000000000000000e+00,2.958232760429382324e-01,3.664386868476867676e-01,1.471971422433853149e-01,2.090640217065811157e-01,9.621429687500000000e+04,4.944540625000000000e+04,5.662517187500000000e+04,7.211345312500000000e+04,-4.642737413640316576e+07
2.189999999999999947e+00,3.793088797476032425e+01,-1.171260528366738285e+01,-1.028826430968226759e+02,-1.189397265625000000e+04,1.333473968505859375e+02,3.622266601562500000e+03,2.939270734786987305e-01,3.764697015285491943e-01,1.595691144466400146e-01,2.194961905479431152e-01,-1.312161881033615032e+02,1.171260528366738285e+01,1.028826430968226759e+02,-9.328530012860117893e+01,0.000000000000000000e+00,0.000000000000000000e+00,2.939270734786987305e-01,3.764697015285491943e-01,1.595691144466400146e-01,2.194961905479431152e-01,9.628952343750000000e+04,4.955882812500000000e+04,5.653854296875000000e+04,7.213276562500000000e+04,-4.643953491203884035e+07
2.190999999999999837e+00,5.042725292411766702e+01,-1.406204777474738421e+01,-1.000852307975315370e+02,-1.186828808593750000e+04,1.130223846435546875e+02,3.603957763671875000e+03,2.928483784198760986e-01,3.873891532421112061e-01,1.696583777666091919e-01,2.285105139017105103e-01,-1.437125530527188459e+02,1.406204777474738421e+01,1.000852307975315370e+02,-9.328530012860117893e+01,0.000000000000000000e+00,0.000000000000000000e+00,2.928483784198760986e-01,3.873891532421112061e-01,1.696583777666091919e-01,2.285105139017105103e-01,9.634782031250000000e+04,4.967447265625000000e+04,5.655248828125000000e+04,7.222742187500000000e+04,-4.645229261448772997e+07
2.192000000000000171e+00,6.311735814828232094e+01,-1.577688174653563102e+01,-9.682323817216180828e+01,-1.184608984375000000e+04,8.793215179443359375e+01,3.593481201171875000e+03,2.892383933067321777e-01,3.976219594478607178e-01,1.762923598289489746e-01,2.374071776866912842e-01,-1.564026582768834999e+02,1.577688174653563102e+01,9.682323817216180828e+01,-9.328530012860117893e+01,0.000000000000000000e+00,0.000000000000000000e+00,2.892383933067321777e-01,3.976219594478607178e-01,1.762923598289489746e-01,2.374071776866912842e-01,9.639935156250000000e+04,4.978912500000000000e+04,5.664296093750000000e+04,7.233811718750000000e+04,-4.646590006483513862e+07
2.193000000000000060e+00,7.596814513928588042e+01,-1.676488943776578822e+01,-9.326137488885633786e+01,-1.184868164062500000e+04,6.595555877685546875e+01,3.564735351562500000e+03,2.816570997238159180e-01,4.064691066741943359e-01,1.786689162254333496e-01,2.464525252580642700e-01,-1.692534452678870593e+02,1.676488943776578822e+01,9.326137488885633786e+01,-9.328530012860117893e+01,0.000000000000000000e+00,0.000000000000000000e+00,2.816570997238159180e-01,4.064691066741943359e-01,1.786689162254333496e-01,2.464525252580642700e-01,9.642087500000000000e+04,4.990667187500000000e+04,5.676051953125000000e+04,7.244625781250000000e+04,-4.648064996947506070e+07
2.193999999999999950e+00,-2.710681451165067983e+02,-1.697743491087448930e+01,-8.952566429154788352e+01,-1.187530761718750000e+04,5.406055450439453125e+01,3.587197265625000000e+03,2.723025083541870117e-01,4.155604243278503418e-01,1.755220443010330200e-01,2.535666227340698242e-01,1.777828449879056052e+02,1.697743491087448930e+01,8.952566429154788352e+01,-9.328530012860117893e+01,0.000000000000000000e+00,0.000000000000000000e+00,2.723025083541870117e-01,4.155604243278503418e-01,1.755220443010330200e-01,2.535666227340698242e-01,9.639785937500000000e+04,5.001552343750000000e+04,5.686950000000000000e+04,7.256278906250000000e+04,-4.656243098663496226e+07
2.194999999999999840e+00,-2.580946070918328132e+02,-1.638863268986332145e+01,-8.584660671035436508e+01,-1.191315527343750000e+04,4.859459686279296875e+01,3.579095214843750000e+03,2.835398912429809570e-01,-4.497186839580535889e-02,3.198488056659698486e-01,2.829452157020568848e-01,1.648093069632316201e+02,1.638863268986332145e+01,8.584660671035436508e+01,-9.328530012860117893e+01,0.000000000000000000e+00,0.000000000000000000e+00,2.835398912429809570e-01,0.000000000000000000e+00,3.198488056659698486e-01,2.829452157020568848e-01,9.630443750000000000e+04,5.012912109375000000e+04,5.698352343750000000e+04,7.267367968750000000e+04,-4.663668204000997543e+07
2.196000000000000174e+00,-2.452254586674519032e+02,-1.503127746065570669e+01,-8.241987929072556085e+01,-1.193712109375000000e+04,4.580274200439453125e+01,3.573111328125000000e+03,2.779980599880218506e-01,-3.673861920833587646e-02,3.273176550865173340e-01,2.897496819496154785e-01,1.519401585388507385e+02,1.503127746065570669e+01,8.241987929072556085e+01,-9.328530012860117893e+01,0.000000000000000000e+00,0.000000000000000000e+00,2.779980599880218506e-01,0.000000000000000000e+00,3.273176550865173340e-01,2.897496819496154785e-01,9.629216406250000000e+04,4.990461328125000000e+04,5.709714453125000000e+04,7.278497656250000000e+04,-4.670383654139303416e+07
2.197000000000000064e+00,-2.325576449752580857e+02,-1.297518929918391883e+01,-7.939475059379257971e+01,-1.193163476562500000e+04,3.817312240600585938e+01,3.589841552734375000e+03,2.731787264347076416e-01,-2.612641826272010803e-02,3.330726325511932373e-01,2.948682308197021484e-01,1.392723448466569209e+02,1.297518929918391883e+01,7.939475059379257971e+01,-9.328530012860117893e+01,0.000000000000000000e+00,0.000000000000000000e+00,2.731787264347076416e-01,0.000000000000000000e+00,3.330726325511932373e-01,2.948682308197021484e-01,9.624592968750000000e+04,4.967681250000000000e+04,5.720690625000000000e+04,7.290028906250000000e+04,-4.676439148158866912e+07
2.197999999999999954e+00,-2.201462634478545510e+02,-1.034931959048313210e+01,-7.691767584849645800e+01,-1.190658886718750000e+04,2.037976074218750000e+01,3.581180664062500000e+03,2.683609127998352051e-01,-1.327310502529144287e-02,3.366049528121948242e-01,2.982262074947357178e-01,1.268609633192533863e+02,1.034931959048313210e+01,7.691767584849645800e+01,-9.328530012860117893e+01,0.000000000000000000e+00,0.000000000000000000e+00,2.683609127998352051e-01,0.000000000000000000e+00,3.366049528121948242e-01,2.982262074947357178e-01,9.616192968750000000e+04,4.945353125000000000e+04,5.732080859375000000e+04,7.301185156250000000e+04,-4.681887929617264122e+07
2.198999999999999844e+00,-2.079754895745046497e+02,-7.255527573432312138e+00,-7.505073395223250543e+01,-1.188103320312500000e+04,-2.458075523376464844e+00,3.608481445312500000e+03,2.658481001853942871e-01,3.011357039213180542e-04,3.378500640392303467e-01,2.999747991561889648e-01,1.146901894459034565e+02,7.255527573432312138e+00,7.505073395223250543e+01,-9.328530012860117893e+01,0.000000000000000000e+00,0.000000000000000000e+00,2.658481001853942871e-01,3.011357039213180542e-04,3.378500640392303467e-01,2.999747991561889648e-01,9.605207031250000000e+04,4.922409765625000000e+04,5.742860937500000000e+04,7.312897656250000000e+04,-4.686781835578353703e+07
2.200000000000000178e+00,-1.959807446241109119e+02,-3.861348910213027619e+00,-7.386930807169302682e+01,-1.187636035156250000e+04,-2.627677154541015625e+01,3.598377441406250000e+03,2.625153064727783203e-01,1.637664064764976501e-02,3.365293741226196289e-01,2.997962534427642822e-01,1.026954444955097330e+02,3.861348910213027619e+00,7.386930807169302682e+01,-9.328530012860117893e+01,0.000000000000000000e+00,0.000000000000000000e+00,2.625153064727783203e-01,1.637664064764976501e-02,3.365293741226196289e-01,2.997962534427642822e-01,9.592078906250000000e+04,4.900069140625000000e+04,5.754254296875000000e+04,7.323951562500000000e+04,-4.691169839273735881e+07
2.201000000000000068e+00,-1.840629622581484455e+02,-3.174753649689926460e-01,-7.340810794199275335e+01,-1.189710742187500000e+04,-4.215147781372070312e+01,3.579892578125000000e+03,2.618200778961181641e-01,3.365654498338699341e-02,3.326499164104461670e-01,2.974368035793304443e-01,9.077766212954726655e+01,3.174753649689926460e-01,7.340810794199275335e+01,-9.328530012860117893e+01,0.000000000000000000e+00,0.000000000000000000e+00,2.618200778961181641e-01,3.365654498338699341e-02,3.326499164104461670e-01,2.974368035793304443e-01,9.576709375000000000e+04,4.877829296875000000e+04,5.765779296875000000e+04,7.334878906250000000e+04,-4.695096641791483760e+07
2.201999999999999957e+00,-1.721235854477651799e+02,3.257528639017495120e+00,-7.368468357879037001e+01,-1.192837890625000000e+04,-4.820679092407226562e+01,3.591840087890625000e+03,2.622966766357421875e-01,5.345601588487625122e-02,3.257310092449188232e-01,2.923153638839721680e-01,7.883828531916400095e+01,-3.257528639017495120e+00,7.368468357879037001e+01,-9.328530012860117893e+01,0.000000000000000000e+00,0.000000000000000000e+00,2.622966766357421875e-01,5.345601588487625122e-02,3.257310092449188232e-01,2.923153638839721680e-01,9.561792187500000000e+04,4.855094921875000000e+04,5.776790625000000000e+04,7.346354687500000000e+04,-4.698603299066916853e+07
2.202999999999999847e+00,-1.600799251586418563e+02,6.685210213903771681e+00,-7.469589880687222205e+01,-1.195211425781250000e+04,-5.013290786743164062e+01,3.578755615234375000e+03,2.618330717086791992e-01,7.651396095752716064e-02,3.152073025703430176e-01,2.842662334442138672e-01,6.679462503004067742e+01,-6.685210213903771681e+00,7.469589880687222205e+01,-9.328530012860117893e+01,0.000000000000000000e+00,0.000000000000000000e+00,2.618330717086791992e-01,7.651396095752716064e-02,3.152073025703430176e-01,2.842662334442138672e-01,9.547082031250000000e+04,4.832834765625000000e+04,5.788217968750000000e+04,7.357428125000000000e+04,-4.701728274244213849e+07
2.204000000000000181e+00,-1.478771120908924104e+02,9.843314490838990238e+00,-7.642607979043357602e+01,-1.195008789062500000e+04,-5.256440734863281250e+01,3.598419677734375000e+03,2.635562121868133545e-01,1.009278818964958191e-01,3.008117377758026123e-01,2.732835114002227783e-01,5.459181196229124566e+01,-9.843314490838990238e+00,7.642607979043357602e+01,-9.328530012860117893e+01,0.000000000000000000e+00,0.000000000000000000e+00,2.635562121868133545e-01,1.009278818964958191e-01,3.008117377758026123e-01,2.732835114002227783e-01,9.532963281250000000e+04,4.810026171875000000e+04,5.799100781250000000e+04,7.368984375000000000e+04,-4.704508821923477948e+07
2.205000000000000071e+00,-1.354884003969039838e+02,1.255911847472899723e+01,-7.879541062872810642e+01,-1.192439453125000000e+04,-6.492105865478515625e+01,3.580272460937500000e+03,2.642922401428222656e-01,1.267694234848022461e-01,2.827043235301971436e-01,2.602751851081848145e-01,4.220310026830281203e+01,-1.255911847472899723e+01,7.879541062872810642e+01,-9.328530012860117893e+01,0.000000000000000000e+00,0.000000000000000000e+00,2.642922401428222656e-01,1.267694234848022461e-01,2.827043235301971436e-01,2.602751851081848145e-01,9.519766406250000000e+04,4.787826171875000000e+04,5.810619531250000000e+04,7.379910156250000000e+04,-4.706981177406990528e+07
2.205999999999999961e+00,-1.229043982348097614e+02,1.471684395244081145e+01,-8.171338176092960737e+01,-1.189188769531250000e+04,-8.405557250976562500e+01,3.568527832031250000e+03,2.680981159210205078e-01,1.517358124256134033e-01,2.614910304546356201e-01,2.457422167062759399e-01,2.961909810620858607e+01,-1.471684395244081145e+01,8.171338176092960737e+01,-9.328530012860117893e+01,0.000000000000000000e+00,0.000000000000000000e+00,2.680981159210205078e-01,1.517358124256134033e-01,2.614910304546356201e-01,2.457422167062759399e-01,9.507479687500000000e+04,4.783578906250000000e+04,5.822039062500000000e+04,7.390968750000000000e+04,-4.709181092743009329e+07
2.206999999999999851e+00,-1.101329121106179230e+02,1.621889620984618219e+01,-8.506713387837805840e+01,-1.187290039062500000e+04,-1.049409637451171875e+02,3.568953369140625000e+03,2.721695899963378906e-01,1.760793626308441162e-01,2.384224534034729004e-01,2.310112267732620239e-01,1.684761198201673693e+01,-1.621889620984618219e+01,8.506713387837805840e+01,-9.328530012860117893e+01,0.000000000000000000e+00,0.000000000000000000e+00,2.721695899963378906e-01,1.760793626308441162e-01,2.384224534034729004e-01,2.310112267732620239e-01,9.498461718750000000e+04,4.794796875000000000e+04,5.833264843750000000e+04,7.402276562500000000e+04,-4.711143965562060475e+07
2.208000000000000185e+00,-9.721973844460634950e+01,1.697274222022232237e+01,-8.866385617208908343e+01,-1.188179199218750000e+04,-1.197483673095703125e+02,3.532598876953125000e+03,2.758266329765319824e-01,1.995107233524322510e-01,2.148568332195281982e-01,2.171146273612976074e-01,3.934438316005166136e+00,-1.697274222022232237e+01,8.866385617208908343e+01,-9.328530012860117893e+01,0.000000000000000000e+00,0.000000000000000000e+00,2.758266329765319824e-01,1.995107233524322510e-01,2.148568332195281982e-01,2.171146273612976074e-01,9.491856250000000000e+04,4.806688281250000000e+04,5.845113281250000000e+04,7.412914843750000000e+04,-4.712904068653362244e+07
2.209000000000000075e+00,-8.423728381220742278e+01,1.693819123885807443e+01,-9.233963714252976729e+01,-1.190641796875000000e+04,-1.225597457885742188e+02,3.520322021484375000e+03,2.818191349506378174e-01,2.219537496566772461e-01,1.916223764419555664e-01,2.038940340280532837e-01,-9.048016316393761471e+00,-1.693819123885807443e+01,9.233963714252976729e+01,-9.328530012860117893e+01,0.000000000000000000e+00,0.000000000000000000e+00,2.818191349506378174e-01,2.219537496566772461e-01,1.916223764419555664e-01,2.038940340280532837e-01,9.488444531250000000e+04,4.818174609375000000e+04,5.856569140625000000e+04,7.416009375000000000e+04,-4.714495011742773652e+07
2.209999999999999964e+00,-7.130110235234444360e+01,1.612412325563749249e+01,-9.586411152222265741e+01,-1.192936328125000000e+04,-1.199292373657226562e+02,3.479619873046875000e+03,2.862156033515930176e-01,2.432979941368103027e-01,1.704215556383132935e-01,1.931790858507156372e-01,-2.198419777625673888e+01,-1.612412325563749249e+01,9.586411152222265741e+01,-9.328530012860117893e+01,0.000000000000000000e+00,0.000000000000000000e+00,2.862156033515930176e-01,2.432979941368103027e-01,1.704215556383132935e-01,1.931790858507156372e-01,9.488801562500000000e+04,4.830113671875000000e+04,5.868507421875000000e+04,7.408714843750000000e+04,-4.715948387985310704e+07
2.210999999999999854e+00,-5.851205845839442787e+01,1.457174876213874981e+01,-9.909670773602728389e+01,-1.192947460937500000e+04,-1.164449234008789062e+02,3.486680908203125000e+03,2.921957969665527344e-01,2.630489468574523926e-01,1.517242491245269775e-01,1.848772466182708740e-01,-3.477324167020675105e+01,-1.457174876213874981e+01,9.909670773602728389e+01,-9.328530012860117893e+01,0.000000000000000000e+00,0.000000000000000000e+00,2.921957969665527344e-01,2.630489468574523926e-01,1.517242491245269775e-01,1.848772466182708740e-01,9.493013281250000000e+04,4.841217187500000000e+04,5.872807812500000000e+04,7.394366406250000000e+04,-4.717294003418425471e+07
2.212000000000000188e+00,-4.595500742651316273e+01,1.237849891996753371e+01,-1.018753675143458963e+02,-1.190565820312500000e+04,-1.213071441650390625e+02,3.484236572265625000e+03,2.948064208030700684e-01,2.800159156322479248e-01,1.373801678419113159e-01,1.814892143011093140e-01,-4.733029270208801620e+01,-1.237849891996753371e+01,1.018753675143458963e+02,-9.328530012860117893e+01,0.000000000000000000e+00,0.000000000000000000e+00,2.948064208030700684e-01,2.800159156322479248e-01,1.373801678419113159e-01,1.814892143011093140e-01,9.501164843750000000e+04,4.852478906250000000e+04,5.862634375000000000e+04,7.373860937500000000e+04,-4.718558371463351697e+07
2.213000000000000078e+00,-3.365804071325889879e+01,9.689419162310322520e+00,-1.040713104840862826e+02,-1.187293750000000000e+04,-1.323866424560546875e+02,3.449757812500000000e+03,2.974320054054260254e-01,2.942850589752197266e-01,1.272339820861816406e-01,1.821707785129547119e-01,-5.962725941534228014e+01,-9.689419162310322520e+00,1.040713104840862826e+02,-9.328530012860117893e+01,0.000000000000000000e+00,0.000000000000000000e+00,2.974320054054260254e-01,2.942850589752197266e-01,1.272339820861816406e-01,1.821707785129547119e-01,9.510347656250000000e+04,4.864334375000000000e+04,5.841936718750000000e+04,7.350744531250000000e+04,-4.719764130084775388e+07
2.213999999999999968e+00,-2.158249908625217017e+01,6.629079212433585333e+00,-1.056292994497149635e+02,-1.185079980468750000e+04,-1.446220397949218750e+02,3.429950439453125000e+03,3.011574149131774902e-01,3.069846034049987793e-01,1.209167689085006714e-01,1.857006698846817017e-01,-7.170280104234900875e+01,-6.629079212433585333e+00,1.056292994497149635e+02,-9.328530012860117893e+01,0.000000000000000000e+00,0.000000000000000000e+00,3.011574149131774902e-01,3.069846034049987793e-01,1.209167689085006714e-01,1.857006698846817017e-01,9.519634375000000000e+04,4.875949609375000000e+04,5.821487109375000000e+04,7.328362500000000000e+04,-4.720930859870800376e+07
2.214999999999999858e+00,-9.645820413212021549e+00,3.356704593769130440e+00,-1.065023409961707870e+02,-1.185720800781250000e+04,-1.513429107666015625e+02,3.388625732421875000e+03,3.028868436813354492e-01,3.181610107421875000e-01,1.191015243530273438e-01,1.924548000097274780e-01,-8.363947971538915738e+01,-3.356704593769130440e+00,1.065023409961707870e+02,-9.328530012860117893e+01,0.000000000000000000e+00,0.000000000000000000e+00,3.028868436813354492e-01,3.181610107421875000e-01,1.191015243530273438e-01,1.924548000097274780e-01,9.530092968750000000e+04,4.887904296875000000e+04,5.799700000000000000e+04,7.306709375000000000e+04,-4.722075565666284412e+07
2.216000000000000192e+00,2.248240417326186957e+00,-3.727771991140778340e-02,-1.066728905428310412e+02,-1.188563378906250000e+04,-1.462716827392578125e+02,3.401218994140625000e+03,3.052513599395751953e-01,3.298135995864868164e-01,1.206606999039649963e-01,2.000159770250320435e-01,-9.553354054592736588e+01,3.727771991140778340e-02,1.066728905428310412e+02,-9.328530012860117893e+01,0.000000000000000000e+00,0.000000000000000000e+00,3.052513599395751953e-01,3.298135995864868164e-01,1.206606999039649963e-01,2.000159770250320435e-01,9.541559375000000000e+04,4.898928125000000000e+04,5.777016406250000000e+04,7.289178125000000000e+04,-4.723212981821420789e+07
2.217000000000000082e+00,1.418829948063817881e+01,-3.376818943136907336e+00,-1.061293349745909183e+02,-1.192039355468750000e+04,-1.337557830810546875e+02,3.386910400390625000e+03,3.040457963943481445e-01,3.410473465919494629e-01,1.265829056501388550e-01,2.091844975948333740e-01,-1.074735996092393577e+02,3.376818943136907336e+00,1.061293349745909183e+02,-9.328530012860117893e+01,0.000000000000000000e+00,0.000000000000000000e+00,3.040457963943481445e-01,3.410473465919494629e-01,1.265829056501388550e-01,2.091844975948333740e-01,9.552578906250000000e+04,4.910377343750000000e+04,5.754781250000000000e+04,7.282388281250000000e+04,-4.724361596470468491e+07
2.217999999999999972e+00,2.623538948672019444e+01,-6.504280771797431804e+00,-1.048929125862884177e+02,-1.193713769531250000e+04,-1.172705078125000000e+02,3.365302490234375000e+03,3.053169846534729004e-01,3.541395664215087891e-01,1.343488246202468872e-01,2.168142944574356079e-01,-1.195206896153213734e+02,6.504280771797431804e+00,1.048929125862884177e+02,-9.328530012860117893e+01,0.000000000000000000e+00,0.000000000000000000e+00,3.053169846534729004e-01,3.541395664215087891e-01,1.343488246202468872e-01,2.168142944574356079e-01,9.563440625000000000e+04,4.921997265625000000e+04,5.732665625000000000e+04,7.282504687500000000e+04,-4.725534908914539963e+07
2.218999999999999861e+00,3.842424135655936368e+01,-9.294607892075259059e+00,-1.030066006629933355e+02,-1.192608984375000000e+04,-1.058824691772460938e+02,3.362407470703125000e+03,3.075735569000244141e-01,3.684009909629821777e-01,1.428750306367874146e-01,2.230723500251770020e-01,-1.317095414851605426e+02,9.294607892075259059e+00,1.030066006629933355e+02,-9.328530012860117893e+01,0.000000000000000000e+00,0.000000000000000000e+00,3.075735569000244141e-01,3.684009909629821777e-01,1.428750306367874146e-01,2.230723500251770020e-01,9.574692187500000000e+04,4.933336718750000000e+04,5.712103906250000000e+04,7.288625000000000000e+04,-4.726752226098524034e+07
2.220000000000000195e+00,5.077348020326301992e+01,-1.160884776571021071e+01,-1.005591719405123712e+02,-1.190172753906250000e+04,-1.024022140502929688e+02,3.343247070312500000e+03,3.074495494365692139e-01,3.817924261093139648e-01,1.512011438608169556e-01,2.296461462974548340e-01,-1.440587803318641988e+02,1.160884776571021071e+01,1.005591719405123712e+02,-9.328530012860117893e+01,0.000000000000000000e+00,0.000000000000000000e+00,3.074495494365692139e-01,3.817924261093139648e-01,1.512011438608169556e-01,2.296461462974548340e-01,9.585603906250000000e+04,4.944930859375000000e+04,5.699044531250000000e+04,7.299008593750000000e+04,-4.728034711968500167e+07
2.221000000000000085e+00,6.329640391113154863e+01,-1.336314599144068538e+01,-9.761798491546785783e+01,-1.188341699218750000e+04,-1.020498657226562500e+02,3.369454345703125000e+03,3.054966926574707031e-01,3.945872783660888672e-01,1.569439172744750977e-01,2.361278533935546875e-01,-1.565817040397327276e+02,1.336314599144068538e+01,9.761798491546785783e+01,-9.328530012860117893e+01,0.000000000000000000e+00,0.000000000000000000e+00,3.054966926574707031e-01,3.945872783660888672e-01,1.569439172744750977e-01,2.361278533935546875e-01,9.597307812500000000e+04,4.955750390625000000e+04,5.692081250000000000e+04,7.310720312500000000e+04,-4.729406139908282459e+07
2.221999999999999975e+00,7.597613974552747607e+01,-1.444230438119777027e+01,-9.435253581721636351e+01,-1.189150976562500000e+04,-1.005519790649414062e+02,3.352895751953125000e+03,2.967126667499542236e-01,4.046500027179718018e-01,1.600062400102615356e-01,2.439672648906707764e-01,-1.692614398741286550e+02,1.444230438119777027e+01,9.435253581721636351e+01,-9.328530012860117893e+01,0.000000000000000000e+00,0.000000000000000000e+00,2.967126667499542236e-01,4.046500027179718018e-01,1.600062400102615356e-01,2.439672648906707764e-01,9.608285156250000000e+04,4.967244531250000000e+04,5.690480468750000000e+04,7.321667968750000000e+04,-4.730894475406443328e+07
2.222999999999999865e+00,-2.712335804567746891e+02,-1.478276021758273906e+01,-9.093249767261580985e+01,-1.192387500000000000e+04,-8.890023803710937500e+01,3.331666992187500000e+03,2.874745428562164307e-01,4.152296185493469238e-01,1.576754301786422729e-01,2.496952712535858154e-01,1.779482803281734959e+02,1.478276021758273906e+01,9.093249767261580985e+01,-9.328530012860117893e+01,0.000000000000000000e+00,0.000000000000000000e+00,2.874745428562164307e-01,4.152296185493469238e-01,1.576754301786422729e-01,2.496952712535858154e-01,9.616480468750000000e+04,4.978819531250000000e+04,5.691375781250000000e+04,7.332546093750000000e+04,-4.739099965836446732e+07
2.224000000000000199e+00,-2.584089715310376505e+02,-1.436041837855778880e+01,-8.752049428898902761e+01,-1.196257324218750000e+04,-6.855963134765625000e+01,3.334468017578125000e+03,2.978178560733795166e-01,-5.276274681091308594e-02,3.195317983627319336e-01,2.841006219387054443e-01,1.651236714024364574e+02,1.436041837855778880e+01,8.752049428898902761e+01,-9.328530012860117893e+01,0.000000000000000000e+00,0.000000000000000000e+00,2.978178560733795166e-01,0.000000000000000000e+00,3.195317983627319336e-01,2.841006219387054443e-01,9.618552343750000000e+04,4.990047265625000000e+04,5.690027343750000000e+04,7.343853906250000000e+04,-4.746564091346879303e+07
2.225000000000000089e+00,-2.456523114662245462e+02,-1.319840863286767885e+01,-8.431359996934293122e+01,-1.198923437500000000e+04,-4.650353622436523438e+01,3.329973632812500000e+03,2.924183309078216553e-01,-4.340867698192596436e-02,3.259686231613159180e-01,2.895369231700897217e-01,1.523670113376233530e+02,1.319840863286767885e+01,8.431359996934293122e+01,-9.328530012860117893e+01,0.000000000000000000e+00,0.000000000000000000e+00,2.924183309078216553e-01,0.000000000000000000e+00,3.259686231613159180e-01,2.895369231700897217e-01,9.627556250000000000e+04,4.967647656250000000e+04,5.701349218750000000e+04,7.355079687500000000e+04,-4.753326895272772014e+07
2.225999999999999979e+00,-2.330501145584121900e+02,-1.134363038801964763e+01,-8.144390952440328135e+01,-1.198863964843750000e+04,-2.693701171875000000e+01,3.367946777343750000e+03,2.881515622138977051e-01,-3.174355998635292053e-02,3.308944106101989746e-01,2.933587431907653809e-01,1.397648144298109969e+02,1.134363038801964763e+01,8.144390952440328135e+01,-9.328530012860117893e+01,0.000000000000000000e+00,0.000000000000000000e+00,2.881515622138977051e-01,0.000000000000000000e+00,3.308944106101989746e-01,2.933587431907653809e-01,9.633353906250000000e+04,4.944524218750000000e+04,5.711951562500000000e+04,7.366953125000000000e+04,-4.759434309697240591e+07
2.226999999999999869e+00,-2.206629347567986201e+02,-8.921701349555945626e+00,-7.907832374116905783e+01,-1.196742480468750000e+04,-1.824595642089843750e+01,3.365776611328125000e+03,2.827073931694030762e-01,-1.705761626362800598e-02,3.336755931377410889e-01,2.951936423778533936e-01,1.273776346281974412e+02,8.921701349555945626e+00,7.907832374116905783e+01,-9.328530012860117893e+01,0.000000000000000000e+00,0.000000000000000000e+00,2.827073931694030762e-01,0.000000000000000000e+00,3.336755931377410889e-01,2.951936423778533936e-01,9.635375000000000000e+04,4.922046875000000000e+04,5.723211718750000000e+04,7.378142187500000000e+04,-4.764936820578857511e+07
2.228000000000000203e+00,-2.084837785165936452e+02,-6.063758052137750987e+00,-7.730821792147776250e+01,-1.194483691406250000e+04,-1.581663036346435547e+01,3.359727539062500000e+03,2.804259657859802246e-01,-1.690091565251350403e-03,3.342931568622589111e-01,2.954954504966735840e-01,1.151984783879924521e+02,6.063758052137750987e+00,7.730821792147776250e+01,-9.328530012860117893e+01,0.000000000000000000e+00,0.000000000000000000e+00,2.804259657859802246e-01,0.000000000000000000e+00,3.342931568622589111e-01,2.954954504966735840e-01,9.633448437500000000e+04,4.899596093750000000e+04,5.734527343750000000e+04,7.389284375000000000e+04,-4.769884702141304314e+07
2.229000000000000092e+00,-1.964535275101009688e+02,-2.883731626025010097e+00,-7.618532645159619676e+01,-1.193918066406250000e+04,-1.256619548797607422e+01,3.377355224609375000e+03,2.793561816215515137e-01,1.538149453699588776e-02,3.324607312679290771e-01,2.938580811023712158e-01,1.031682273814998041e+02,2.883731626025010097e+00,7.618532645159619676e+01,-9.328530012860117893e+01,0.000000000000000000e+00,0.000000000000000000e+00,2.793561816215515137e-01,1.538149453699588776e-02,3.324607312679290771e-01,2.938580811023712158e-01,9.630442968750000000e+04,4.876772656250000000e+04,5.745443359375000000e+04,7.400873437500000000e+04,-4.774325352975883335e+07
2.229999999999999982e+00,-1.844793033049619737e+02,4.410556136028286334e-01,-7.576431268550413733e+01,-1.196182714843750000e+04,-2.060202836990356445e+00,3.357415283203125000e+03,2.777479290962219238e-01,3.528471291065216064e-02,3.279217183589935303e-01,2.898781895637512207e-01,9.119400317636079478e+01,-4.410556136028286334e-01,7.576431268550413733e+01,-9.328530012860117893e+01,0.000000000000000000e+00,0.000000000000000000e+00,2.777479290962219238e-01,3.528471291065216064e-02,3.279217183589935303e-01,2.898781895637512207e-01,9.626065625000000000e+04,4.854628906250000000e+04,5.756985937500000000e+04,7.411805468750000000e+04,-4.778302656871347874e+07
2.230999999999999872e+00,-1.724673995430034950e+02,3.785764590910150496e+00,-7.606762346062761537e+01,-1.199728027343750000e+04,2.154502105712890625e+01,3.364489746093750000e+03,2.788430452346801758e-01,5.716438218951225281e-02,3.203396797180175781e-01,2.830881476402282715e-01,7.918209941440231603e+01,-3.785764590910150496e+00,7.606762346062761537e+01,-9.328530012860117893e+01,0.000000000000000000e+00,0.000000000000000000e+00,2.788430452346801758e-01,5.716438218951225281e-02,3.203396797180175781e-01,2.830881476402282715e-01,9.621132812500000000e+04,4.832027734375000000e+04,5.768082421875000000e+04,7.423145312500000000e+04,-4.781857218797109276e+07
2.232000000000000206e+00,-1.603444704464843937e+02,6.974235547377706013e+00,-7.709061667345041258e+01,-1.202355175781250000e+04,4.905048751831054688e+01,3.352937744140625000e+03,2.790049016475677490e-01,8.256620168685913086e-02,3.091458976268768311e-01,2.731348574161529541e-01,6.705917031788321481e+01,-6.974235547377706013e+00,7.709061667345041258e+01,-9.328530012860117893e+01,0.000000000000000000e+00,0.000000000000000000e+00,2.790049016475677490e-01,8.256620168685913086e-02,3.091458976268768311e-01,2.731348574161529541e-01,9.616784375000000000e+04,4.809717578125000000e+04,5.779498046875000000e+04,7.434189062500000000e+04,-4.785027414031442255e+07
2.233000000000000096e+00,-1.480672273686554661e+02,9.868260749680807464e+00,-7.880310948933534121e+01,-1.202291601562500000e+04,7.433201599121093750e+01,3.358618896484375000e+03,2.809842228889465332e-01,1.094424277544021606e-01,2.940787374973297119e-01,2.603101432323455811e-01,5.478192724005428715e+01,-9.868260749680807464e+00,7.880310948933534121e+01,-9.328530012860117893e+01,0.000000000000000000e+00,0.000000000000000000e+00,2.809842228889465332e-01,1.094424277544021606e-01,2.940787374973297119e-01,2.603101432323455811e-01,9.612896875000000000e+04,4.787078906250000000e+04,5.790637109375000000e+04,7.445567187500000000e+04,-4.787850535677047819e+07
2.233999999999999986e+00,-1.356161548476520409e+02,1.234550513946492245e+01,-8.115444999639258583e+01,-1.199445214843750000e+04,9.045576477050781250e+01,3.390164306640625000e+03,2.827673554420471191e-01,1.373483091592788696e-01,2.754642665386199951e-01,2.455231249332427979e-01,4.233085471905085484e+01,-1.234550513946492245e+01,8.115444999639258583e+01,-9.328530012860117893e+01,0.000000000000000000e+00,0.000000000000000000e+00,2.827673554420471191e-01,1.373483091592788696e-01,2.754642665386199951e-01,2.455231249332427979e-01,9.611000000000000000e+04,4.768183593750000000e+04,5.801356250000000000e+04,7.457374218750000000e+04,-4.790363555447750539e+07
2.234999999999999876e+00,-1.229983706941790871e+02,1.423796193889032935e+01,-8.399928876378214682e+01,-1.196009667968750000e+04,9.818003082275390625e+01,3.358139648437500000e+03,2.837687134742736816e-01,1.650865375995635986e-01,2.541989088058471680e-01,2.300597876310348511e-01,2.971307056557790460e+01,-1.423796193889032935e+01,8.399928876378214682e+01,-9.328530012860117893e+01,0.000000000000000000e+00,0.000000000000000000e+00,2.837687134742736816e-01,1.650865375995635986e-01,2.541989088058471680e-01,2.300597876310348511e-01,9.609269531250000000e+04,4.773225000000000000e+04,5.813147656250000000e+04,7.468061718750000000e+04,-4.792602275374392420e+07
2.236000000000000210e+00,-1.102314785555628447e+02,1.546387264094466119e+01,-8.721706863096079587e+01,-1.193852343750000000e+04,1.065680313110351562e+02,3.347436523437500000e+03,2.892506718635559082e-01,1.912320852279663086e-01,2.308844774961471558e-01,2.137726694345474243e-01,1.694617842696166576e+01,-1.546387264094466119e+01,8.721706863096079587e+01,-9.328530012860117893e+01,0.000000000000000000e+00,0.000000000000000000e+00,2.892506718635559082e-01,1.912320852279663086e-01,2.308844774961471558e-01,2.137726694345474243e-01,9.608653125000000000e+04,4.784682812500000000e+04,5.824593359375000000e+04,7.479116406250000000e+04,-4.794601968102610111e+07
2.237000000000000099e+00,-9.735886201272685980e+01,1.595274819171716452e+01,-9.063727556008232966e+01,-1.194300390625000000e+04,1.202499542236328125e+02,3.332393066406250000e+03,2.935404777526855469e-01,2.166699171066284180e-01,2.074206918478012085e-01,1.985294818878173828e-01,4.073561884125674659e+00,-1.595274819171716452e+01,9.063727556008232966e+01,-9.328530012860117893e+01,0.000000000000000000e+00,0.000000000000000000e+00,2.935404777526855469e-01,2.166699171066284180e-01,2.074206918478012085e-01,1.985294818878173828e-01,9.611814843750000000e+04,4.796192578125000000e+04,5.836119531250000000e+04,7.478175000000000000e+04,-4.796396803493433446e+07
2.237999999999999989e+00,-8.444991644456148094e+01,1.567113909808469785e+01,-9.408070130089616612e+01,-1.196705371093750000e+04,1.439043273925781250e+02,3.327980468750000000e+03,2.978645265102386475e-01,2.409887611865997314e-01,1.848852485418319702e-01,1.847833245992660522e-01,-8.835383684039701535e+00,-1.567113909808469785e+01,9.408070130089616612e+01,-9.328530012860117893e+01,0.000000000000000000e+00,0.000000000000000000e+00,2.978645265102386475e-01,2.409887611865997314e-01,1.848852485418319702e-01,1.847833245992660522e-01,9.618012500000000000e+04,4.807483984375000000e+04,5.847474218750000000e+04,7.466029687500000000e+04,-4.798019658627972752e+07
2.238999999999999879e+00,-7.160126221995523110e+01,1.462671492645832139e+01,-9.736168801820508634e+01,-1.198759765625000000e+04,1.740993652343750000e+02,3.336220214843750000e+03,3.010857701301574707e-01,2.640027403831481934e-01,1.645380258560180664e-01,1.734979152679443359e-01,-2.168403790864595493e+01,-1.462671492645832139e+01,9.736168801820508634e+01,-9.328530012860117893e+01,0.000000000000000000e+00,0.000000000000000000e+00,3.010857701301574707e-01,2.640027403831481934e-01,1.645380258560180664e-01,1.734979152679443359e-01,9.627342968750000000e+04,4.818575781250000000e+04,5.858622656250000000e+04,7.443900000000000000e+04,-4.799501656611451507e+07
2.240000000000000213e+00,-5.892219297174641213e+01,1.290248575063384173e+01,-1.002560280560341397e+02,-1.198688281250000000e+04,2.012543334960937500e+02,3.297632568359375000e+03,3.031489849090576172e-01,2.850372791290283203e-01,1.473865360021591187e-01,1.655970364809036255e-01,-3.436310715685476680e+01,-1.290248575063384173e+01,1.002560280560341397e+02,-9.328530012860117893e+01,0.000000000000000000e+00,0.000000000000000000e+00,3.031489849090576172e-01,2.850372791290283203e-01,1.473865360021591187e-01,1.655970364809036255e-01,9.637825781250000000e+04,4.830505078125000000e+04,5.859388671875000000e+04,7.420725000000000000e+04,-4.800870613623923063e+07
2.241000000000000103e+00,-4.646863288393360847e+01,1.058429876202475661e+01,-1.026703357366316851e+02,-1.195867773437500000e+04,2.224728546142578125e+02,3.309215087890625000e+03,3.077497780323028564e-01,3.041874468326568604e-01,1.332784444093704224e-01,1.603270024061203003e-01,-4.681666724466757046e+01,-1.058429876202475661e+01,1.026703357366316851e+02,-9.328530012860117893e+01,0.000000000000000000e+00,0.000000000000000000e+00,3.077497780323028564e-01,3.041874468326568604e-01,1.332784444093704224e-01,1.603270024061203003e-01,9.649264843750000000e+04,4.841592578125000000e+04,5.845910156250000000e+04,7.398422656250000000e+04,-4.802151869530189037e+07
2.241999999999999993e+00,-3.425158441500461493e+01,7.797534934474169788e+00,-1.045072448935377878e+02,-1.192019042968750000e+04,2.333911590576171875e+02,3.322500976562500000e+03,3.086988925933837891e-01,3.201317191123962402e-01,1.242197081446647644e-01,1.603820919990539551e-01,-5.903371571359656400e+01,-7.797534934474169788e+00,1.045072448935377878e+02,-9.328530012860117893e+01,0.000000000000000000e+00,0.000000000000000000e+00,3.086988925933837891e-01,3.201317191123962402e-01,1.242197081446647644e-01,1.603820919990539551e-01,9.660757812500000000e+04,4.852633203125000000e+04,5.823214843750000000e+04,7.376177343750000000e+04,-4.803367443212311715e+07
2.242999999999999883e+00,-2.222328509636244576e+01,4.694880241782080965e+00,-1.056920433497515290e+02,-1.189601171875000000e+04,2.413143768310546875e+02,3.315822753906250000e+03,3.088270425796508789e-01,3.335778713226318359e-01,1.197973713278770447e-01,1.643768996000289917e-01,-7.106201503223873317e+01,-4.694880241782080965e+00,1.056920433497515290e+02,-9.328530012860117893e+01,0.000000000000000000e+00,0.000000000000000000e+00,3.088270425796508789e-01,3.335778713226318359e-01,1.197973713278770447e-01,1.643768996000289917e-01,9.671869531250000000e+04,4.863967968750000000e+04,5.800850781250000000e+04,7.353533593750000000e+04,-4.804536115645152330e+07
2.244000000000000217e+00,-1.029738291838764042e+01,1.408373570680355291e+00,-1.061892886991818585e+02,-1.189608300781250000e+04,2.544334869384765625e+02,3.320042480468750000e+03,3.093663454055786133e-01,3.461883068084716797e-01,1.193342432379722595e-01,1.703819185495376587e-01,-8.298791721021353851e+01,-1.408373570680355291e+00,1.061892886991818585e+02,-9.328530012860117893e+01,0.000000000000000000e+00,0.000000000000000000e+00,3.093663454055786133e-01,3.461883068084716797e-01,1.193342432379722595e-01,1.703819185495376587e-01,9.683235937500000000e+04,4.875117968750000000e+04,5.778302734375000000e+04,7.331067968750000000e+04,-4.805674534109704196e+07
2.245000000000000107e+00,1.627328316880678472e+00,-1.877835920309859352e+00,-1.059740864196674437e+02,-1.192054687500000000e+04,2.758928527832031250e+02,3.287638671875000000e+03,3.088514208793640137e-01,3.584890067577362061e-01,1.229296103119850159e-01,1.778485625982284546e-01,-9.491262844548185740e+01,1.877835920309859352e+00,1.059740864196674437e+02,-9.328530012860117893e+01,0.000000000000000000e+00,0.000000000000000000e+00,3.088514208793640137e-01,3.584890067577362061e-01,1.229296103119850159e-01,1.778485625982284546e-01,9.693935156250000000e+04,4.886935546875000000e+04,5.756360546875000000e+04,7.308011718750000000e+04,-4.806798202255471796e+07
2.245999999999999996e+00,1.363522899036641434e+01,-5.059173038907074371e+00,-1.050463590140280559e+02,-1.194841503906250000e+04,3.074791564941406250e+02,3.305082519531250000e+03,3.109391927719116211e-01,3.726820349693298340e-01,1.285931617021560669e-01,1.837467402219772339e-01,-1.069205291189675933e+02,5.059173038907074371e+00,1.050463590140280559e+02,-9.328530012860117893e+01,0.000000000000000000e+00,0.000000000000000000e+00,3.109391927719116211e-01,3.726820349693298340e-01,1.285931617021560669e-01,1.837467402219772339e-01,9.705457031250000000e+04,4.897930468750000000e+04,5.733584765625000000e+04,7.285836718750000000e+04,-4.807922827479828149e+07
2.246999999999999886e+00,2.578327791599335228e+01,-7.996044882157188560e+00,-1.034235261504557428e+02,-1.196008789062500000e+04,3.377756958007812500e+02,3.339300292968750000e+03,3.103893399238586426e-01,3.864836096763610840e-01,1.371368467807769775e-01,1.901974231004714966e-01,-1.190685780445945312e+02,7.996044882157188560e+00,1.034235261504557428e+02,-9.328530012860117893e+01,0.000000000000000000e+00,0.000000000000000000e+00,3.103893399238586426e-01,3.864836096763610840e-01,1.371368467807769775e-01,1.901974231004714966e-01,9.717316406250000000e+04,4.908628906250000000e+04,5.710525390625000000e+04,7.267641406250000000e+04,-4.809065341471352428e+07
2.248000000000000220e+00,3.809637185891129718e+01,-1.051553528113529268e+01,-1.011770967555959402e+02,-1.194821972656250000e+04,3.589627990722656250e+02,3.342895507812500000e+03,3.084132969379425049e-01,3.995890021324157715e-01,1.464970409870147705e-01,1.968434453010559082e-01,-1.313816719875124761e+02,1.051553528113529268e+01,1.011770967555959402e+02,-9.328530012860117893e+01,0.000000000000000000e+00,0.000000000000000000e+00,3.084132969379425049e-01,3.995890021324157715e-01,1.464970409870147705e-01,1.968434453010559082e-01,9.728603906250000000e+04,4.919809375000000000e+04,5.692576953125000000e+04,7.254226562500000000e+04,-4.810245212965247780e+07
2.249000000000000110e+00,5.057531416069248564e+01,-1.251182720641780932e+01,-9.838686894783046455e+01,-1.191834570312500000e+04,3.692322082519531250e+02,3.371135986328125000e+03,3.064966201782226562e-01,4.125276803970336914e-01,1.535787880420684814e-01,2.026404887437820435e-01,-1.438606142892936646e+02,1.251182720641780932e+01,9.838686894783046455e+01,-9.328530012860117893e+01,0.000000000000000000e+00,0.000000000000000000e+00,3.064966201782226562e-01,4.125276803970336914e-01,1.535787880420684814e-01,2.026404887437820435e-01,9.740349218750000000e+04,4.930548828125000000e+04,5.682029687500000000e+04,7.246578125000000000e+04,-4.811484651385632902e+07
2.250000000000000000e+00,6.320033369080285013e+01,-1.386237140919740618e+01,-9.520257340399177792e+01,-1.189489843750000000e+04,3.714062500000000000e+02,3.367285644531250000e+03,2.998696565628051758e-01,4.227806627750396729e-01,1.580541580915451050e-01,2.098744213581085205e-01,-1.564856338194040291e+02,1.386237140919740618e+01,9.520257340399177792e+01,-9.328530012860117893e+01,0.000000000000000000e+00,0.000000000000000000e+00,2.998696565628051758e-01,4.227806627750396729e-01,1.580541580915451050e-01,2.098744213581085205e-01,9.751539062500000000e+04,4.941862500000000000e+04,5.677815234375000000e+04,7.242967968750000000e+04,-4.812809649135878682e+07
2.250999999999999890e+00,7.594049461052439653e+01,-1.449609610020979034e+01,-9.176767924005535804e+01,-1.189504394531250000e+04,3.769808044433593750e+02,3.375062988281250000e+03,2.919726669788360596e-01,4.325710833072662354e-01,1.573802977800369263e-01,2.158563435077667236e-01,-1.692257947391255755e+02,1.449609610020979034e+01,9.176767924005535804e+01,-9.328530012860117893e+01,0.000000000000000000e+00,0.000000000000000000e+00,2.919726669788360596e-01,4.325710833072662354e-01,1.573802977800369263e-01,2.158563435077667236e-01,9.759016406250000000e+04,4.953021875000000000e+04,5.676992578125000000e+04,7.245092968750000000e+04,-4.814249489383573085e+07
2.251999999999999780e+00,-2.712534957445242298e+02,-1.436704001458490509e+01,-8.823147192416476514e+01,-1.192088281250000000e+04,3.903573913574218750e+02,3.410950927734375000e+03,2.807943820953369141e-01,4.412648975849151611e-01,1.518052220344543457e-01,2.204287648200988770e-01,1.779681956159230367e+02,1.436704001458490509e+01,8.823147192416476514e+01,-9.328530012860117893e+01,0.000000000000000000e+00,0.000000000000000000e+00,2.807943820953369141e-01,4.412648975849151611e-01,1.518052220344543457e-01,2.204287648200988770e-01,9.761408593750000000e+04,4.963701953125000000e+04,5.675183203125000000e+04,7.252040625000000000e+04,-4.822406455726604164e+07
2.253000000000000114e+00,-2.584718959666282672e+02,-1.346441706288013584e+01,-8.482916720050833703e+01,-1.195955175781250000e+04,4.096394653320312500e+02,3.405192138671875000e+03,2.937014102935791016e-01,-2.322547510266304016e-02,3.107008039951324463e-01,2.646426856517791748e-01,1.651865958380270740e+02,1.346441706288013584e+01,8.482916720050833703e+01,-9.328530012860117893e+01,0.000000000000000000e+00,0.000000000000000000e+00,2.937014102935791016e-01,0.000000000000000000e+00,3.107008039951324463e-01,2.646426856517791748e-01,9.755191406250000000e+04,4.975059375000000000e+04,5.669740625000000000e+04,7.261485937500000000e+04,-4.829824955640540272e+07
2.254000000000000004e+00,-2.458016843205591044e+02,-1.182710936155706172e+01,-8.171189095076492492e+01,-1.198390722656250000e+04,4.300101318359375000e+02,3.433708251953125000e+03,2.888250350952148438e-01,-1.164068654179573059e-02,3.171303272247314453e-01,2.689698040485382080e-01,1.525163841919579397e+02,1.182710936155706172e+01,8.171189095076492492e+01,-9.328530012860117893e+01,0.000000000000000000e+00,0.000000000000000000e+00,2.888250350952148438e-01,0.000000000000000000e+00,3.171303272247314453e-01,2.689698040485382080e-01,9.758682812500000000e+04,4.952048437500000000e+04,5.680480468750000000e+04,7.273194531250000000e+04,-4.836548473805882782e+07
2.254999999999999893e+00,-2.333218615393872142e+02,-9.538237669208175618e+00,-7.903264073168558923e+01,-1.197928222656250000e+04,4.423750305175781250e+02,3.466745361328125000e+03,2.832427620887756348e-01,3.026787191629409790e-03,3.216266334056854248e-01,2.714610397815704346e-01,1.400365614107860495e+02,9.538237669208175618e+00,7.903264073168558923e+01,-9.328530012860117893e+01,0.000000000000000000e+00,0.000000000000000000e+00,2.832427620887756348e-01,3.026787191629409790e-03,3.216266334056854248e-01,2.714610397815704346e-01,9.758835937500000000e+04,4.928947265625000000e+04,5.691139843750000000e+04,7.285017187500000000e+04,-4.842626096540988982e+07
2.255999999999999783e+00,-2.210673827302029224e+02,-6.731532481636660847e+00,-7.692420450947889776e+01,-1.195229101562500000e+04,4.432214050292968750e+02,3.475798828125000000e+03,2.785854339599609375e-01,1.935506612062454224e-02,3.236362934112548828e-01,2.721312940120697021e-01,1.277820826016017435e+02,6.731532481636660847e+00,7.692420450947889776e+01,-9.328530012860117893e+01,0.000000000000000000e+00,0.000000000000000000e+00,2.785854339599609375e-01,1.935506612062454224e-02,3.236362934112548828e-01,2.721312940120697021e-01,9.754631250000000000e+04,4.906297656250000000e+04,5.702201953125000000e+04,7.296467187500000000e+04,-4.848109439988604188e+07
2.257000000000000117e+00,-2.090094847777131690e+02,-3.523443091825170015e+00,-7.544691950333692887e+01,-1.192203515625000000e+04,4.376787719726562500e+02,3.508520751953125000e+03,2.762201428413391113e-01,3.630112111568450928e-02,3.228504657745361328e-01,2.708800137042999268e-01,1.157241846491120043e+02,3.523443091825170015e+00,7.544691950333692887e+01,-9.328530012860117893e+01,0.000000000000000000e+00,0.000000000000000000e+00,2.762201428413391113e-01,3.630112111568450928e-02,3.228504657745361328e-01,2.708800137042999268e-01,9.747702343750000000e+04,4.883278125000000000e+04,5.712878515625000000e+04,7.308248437500000000e+04,-4.853048401692685485e+07
2.258000000000000007e+00,-1.970695423741924515e+02,-9.333020076942458165e-02,-7.467263910277529249e+01,-1.191176171875000000e+04,4.316269226074218750e+02,3.496104492187500000e+03,2.737012505531311035e-01,5.523780733346939087e-02,3.192939460277557373e-01,2.676884531974792480e-01,1.037842422455912725e+02,9.333020076942458165e-02,7.467263910277529249e+01,-9.328530012860117893e+01,0.000000000000000000e+00,0.000000000000000000e+00,2.737012505531311035e-01,5.523780733346939087e-02,3.192939460277557373e-01,2.676884531974792480e-01,9.738504687500000000e+04,4.860992187500000000e+04,5.724322265625000000e+04,7.319265625000000000e+04,-4.857488643319952488e+07
2.258999999999999897e+00,-1.851402700497466469e+02,3.415234998478768436e+00,-7.462887666315694446e+01,-1.192680664062500000e+04,4.347988586425781250e+02,3.488194824218750000e+03,2.740132510662078857e-01,7.514779269695281982e-02,3.127021491527557373e-01,2.618793845176696777e-01,9.185496992114546799e+01,-3.415234998478768436e+00,7.462887666315694446e+01,-9.328530012860117893e+01,0.000000000000000000e+00,0.000000000000000000e+00,2.740132510662078857e-01,7.514779269695281982e-02,3.127021491527557373e-01,2.618793845176696777e-01,9.727789062500000000e+04,4.838608593750000000e+04,5.735705859375000000e+04,7.330376562500000000e+04,-4.861475448585572094e+07
2.259999999999999787e+00,-1.731199171124001737e+02,6.888053387218187495e+00,-7.533168965429483421e+01,-1.195340820312500000e+04,4.474217224121093750e+02,3.520752441406250000e+03,2.745756506919860840e-01,9.772174060344696045e-02,3.029012084007263184e-01,2.532355189323425293e-01,7.983461698379900895e+01,-6.888053387218187495e+00,7.533168965429483421e+01,-9.328530012860117893e+01,0.000000000000000000e+00,0.000000000000000000e+00,2.745756506919860840e-01,9.772174060344696045e-02,3.029012084007263184e-01,2.532355189323425293e-01,9.718301562500000000e+04,4.815513281250000000e+04,5.746429296875000000e+04,7.342213281250000000e+04,-4.865044730030236393e+07
2.261000000000000121e+00,-1.609288814631441653e+02,1.013118169119283074e+01,-7.677467725090741624e+01,-1.197359082031250000e+04,4.629741516113281250e+02,3.519291992187500000e+03,2.734442949295043945e-01,1.232308074831962585e-01,2.897215187549591064e-01,2.420630306005477905e-01,6.764358133454298638e+01,-1.013118169119283074e+01,7.677467725090741624e+01,-9.328530012860117893e+01,0.000000000000000000e+00,0.000000000000000000e+00,2.734442949295043945e-01,1.232308074831962585e-01,2.897215187549591064e-01,2.420630306005477905e-01,9.708800000000000000e+04,4.793022265625000000e+04,5.757731250000000000e+04,7.353461718750000000e+04,-4.868234239710078388e+07
2.262000000000000011e+00,-1.485277660859819946e+02,1.300253009078210553e+01,-7.892249350671133357e+01,-1.196641992187500000e+04,4.768213500976562500e+02,3.534123046875000000e+03,2.746465504169464111e-01,1.494382023811340332e-01,2.727059423923492432e-01,2.280018180608749390e-01,5.524246595738082277e+01,-1.300253009078210553e+01,7.892249350671133357e+01,-9.328530012860117893e+01,0.000000000000000000e+00,0.000000000000000000e+00,2.746465504169464111e-01,1.494382023811340332e-01,2.727059423923492432e-01,2.280018180608749390e-01,9.699000000000000000e+04,4.785446093750000000e+04,5.768769140625000000e+04,7.364929687500000000e+04,-4.871080072016935796e+07
2.262999999999999901e+00,-1.359150876352044008e+02,1.534811506610227028e+01,-8.168365406441284904e+01,-1.193239355468750000e+04,4.789496459960937500e+02,3.533241455078125000e+03,2.758039832115173340e-01,1.761150658130645752e-01,2.525196671485900879e-01,2.123998701572418213e-01,4.262978750660322902e+01,-1.534811506610227028e+01,8.168365406441284904e+01,-9.328530012860117893e+01,0.000000000000000000e+00,0.000000000000000000e+00,2.758039832115173340e-01,1.761150658130645752e-01,2.525196671485900879e-01,2.123998701572418213e-01,9.690060937500000000e+04,4.796733593750000000e+04,5.780072656250000000e+04,7.376146875000000000e+04,-4.873618141519363970e+07
2.263999999999999790e+00,-1.231153423541957181e+02,1.704805185927411060e+01,-8.492685683450558543e+01,-1.189090039062500000e+04,4.707481994628906250e+02,3.523106445312500000e+03,2.786903381347656250e-01,2.016299962997436523e-01,2.299889475107192993e-01,1.961321979761123657e-01,2.983004222559453211e+01,-1.704805185927411060e+01,8.492685683450558543e+01,-9.328530012860117893e+01,0.000000000000000000e+00,0.000000000000000000e+00,2.786903381347656250e-01,2.016299962997436523e-01,2.299889475107192993e-01,1.961321979761123657e-01,9.681935156250000000e+04,4.808151562500000000e+04,5.791530859375000000e+04,7.376685937500000000e+04,-4.875884200980061293e+07
2.265000000000000124e+00,-1.101617288082958055e+02,1.803352688580002905e+01,-8.853364963426689371e+01,-1.186235742187500000e+04,4.596356201171875000e+02,3.554198974609375000e+03,2.827084064483642578e-01,2.256996631622314453e-01,2.064928412437438965e-01,1.803585588932037354e-01,1.687642867969463367e+01,-1.803352688580002905e+01,8.853364963426689371e+01,-9.328530012860117893e+01,0.000000000000000000e+00,0.000000000000000000e+00,2.827084064483642578e-01,2.256996631622314453e-01,2.064928412437438965e-01,1.803585588932037354e-01,9.676782031250000000e+04,4.818844921875000000e+04,5.802300390625000000e+04,7.365727343750000000e+04,-4.877914103150414675e+07
2.266000000000000014e+00,-9.713229694492618194e+01,1.822377955346470557e+01,-9.227054841158691545e+01,-1.186250390625000000e+04,4.524781494140625000e+02,3.533942626953125000e+03,2.846457064151763916e-01,2.482232451438903809e-01,1.839403659105300903e-01,1.670064628124237061e-01,3.846996816325007895e+00,-1.822377955346470557e+01,9.227054841158691545e+01,-9.328530012860117893e+01,0.000000000000000000e+00,0.000000000000000000e+00,2.846457064151763916e-01,2.482232451438903809e-01,1.839403659105300903e-01,1.670064628124237061e-01,9.673666406250000000e+04,4.830431250000000000e+04,5.813922656250000000e+04,7.342856250000000000e+04,-4.879742167485933006e+07
2.266999999999999904e+00,-8.412037418772069941e+01,1.760555002089652632e+01,-9.593608528647325784e+01,-1.188025292968750000e+04,4.563605651855468750e+02,3.518990234375000000e+03,2.893389463424682617e-01,2.694635689258575439e-01,1.623762995004653931e-01,1.546541005373001099e-01,-9.164925940880483068e+00,-1.760555002089652632e+01,9.593608528647325784e+01,-9.328530012860117893e+01,0.000000000000000000e+00,0.000000000000000000e+00,2.893389463424682617e-01,2.694635689258575439e-01,1.623762995004653931e-01,1.546541005373001099e-01,9.672046093750000000e+04,4.841969531250000000e+04,5.825453515625000000e+04,7.320069531250000000e+04,-4.881401160006444156e+07
2.267999999999999794e+00,-7.122778448116440586e+01,1.621003816678360820e+01,-9.935166054397782887e+01,-1.189507226562500000e+04,4.650116577148437500e+02,3.529183593750000000e+03,2.934161424636840820e-01,2.893784940242767334e-01,1.435080021619796753e-01,1.451425254344940186e-01,-2.205751564743677307e+01,-1.621003816678360820e+01,9.935166054397782887e+01,-9.328530012860117893e+01,0.000000000000000000e+00,0.000000000000000000e+00,2.934161424636840820e-01,2.893784940242767334e-01,1.435080021619796753e-01,1.451425254344940186e-01,9.674226562500000000e+04,4.853073828125000000e+04,5.824501562500000000e+04,7.297722656250000000e+04,-4.882921851513674855e+07
2.269000000000000128e+00,-5.855153327338162228e+01,1.411851989057277201e+01,-1.023379722663244280e+02,-1.189094335937500000e+04,4.695081481933593750e+02,3.536419189453125000e+03,2.957296967506408691e-01,3.070513010025024414e-01,1.286059767007827759e-01,1.399448066949844360e-01,-3.473376685521955665e+01,-1.411851989057277201e+01,1.023379722663244280e+02,-9.328530012860117893e+01,0.000000000000000000e+00,0.000000000000000000e+00,2.957296967506408691e-01,3.070513010025024414e-01,1.286059767007827759e-01,1.399448066949844360e-01,9.679067968750000000e+04,4.864207421875000000e+04,5.808849609375000000e+04,7.275378125000000000e+04,-4.884331919035689533e+07
2.270000000000000018e+00,-4.614093624240374680e+01,1.142212671031476212e+01,-1.047997056474085582e+02,-1.186228710937500000e+04,4.640819396972656250e+02,3.586720947265625000e+03,2.978082895278930664e-01,3.223013579845428467e-01,1.179284602403640747e-01,1.389033049345016479e-01,-4.714436388619743212e+01,-1.142212671031476212e+01,1.047997056474085582e+02,-9.328530012860117893e+01,0.000000000000000000e+00,0.000000000000000000e+00,2.978082895278930664e-01,3.223013579845428467e-01,1.179284602403640747e-01,1.389033049345016479e-01,9.686153906250000000e+04,4.874583593750000000e+04,5.785521484375000000e+04,7.253722656250000000e+04,-4.885656161963658780e+07
2.270999999999999908e+00,-3.400116682754098463e+01,8.285862371146375693e+00,-1.066143328046343584e+02,-1.182516308593750000e+04,4.466664428710937500e+02,3.588674560546875000e+03,2.969624698162078857e-01,3.339422643184661865e-01,1.128236576914787292e-01,1.437799185514450073e-01,-5.928413330106019430e+01,-8.285862371146375693e+00,1.066143328046343584e+02,-9.328530012860117893e+01,0.000000000000000000e+00,0.000000000000000000e+00,2.969624698162078857e-01,3.339422643184661865e-01,1.128236576914787292e-01,1.437799185514450073e-01,9.693691406250000000e+04,4.885784765625000000e+04,5.762995312500000000e+04,7.231212500000000000e+04,-4.886915297045683116e+07
2.271999999999999797e+00,-2.207061576896660426e+01,4.866424187171921822e+00,-1.077293480899559484e+02,-1.179892285156250000e+04,4.262459716796875000e+02,3.575366943359375000e+03,2.979944348335266113e-01,3.443418443202972412e-01,1.116014644503593445e-01,1.509178131818771362e-01,-7.121468435963457466e+01,-4.866424187171921822e+00,1.077293480899559484e+02,-9.328530012860117893e+01,0.000000000000000000e+00,0.000000000000000000e+00,2.979944348335266113e-01,3.443418443202972412e-01,1.116014644503593445e-01,1.509178131818771362e-01,9.700175781250000000e+04,4.897292187500000000e+04,5.740719531250000000e+04,7.208457031250000000e+04,-4.888126937706150860e+07
2.273000000000000131e+00,-1.024813392923320521e+01,1.277742686064768929e+00,-1.081299133661647289e+02,-1.179709472656250000e+04,4.103172607421875000e+02,3.593935546875000000e+03,2.990869581699371338e-01,3.540660142898559570e-01,1.143860593438148499e-01,1.599833071231842041e-01,-8.303716619936797372e+01,-1.277742686064768929e+00,1.081299133661647289e+02,-9.328530012860117893e+01,0.000000000000000000e+00,0.000000000000000000e+00,2.990869581699371338e-01,3.540660142898559570e-01,1.143860593438148499e-01,1.599833071231842041e-01,9.707832031250000000e+04,4.908263281250000000e+04,5.717908984375000000e+04,7.186259375000000000e+04,-4.889306811210148782e+07
2.274000000000000021e+00,1.579789526751767426e+00,-2.319025968234460056e+00,-1.077948464396475288e+02,-1.182095996093750000e+04,4.016012268066406250e+02,3.596401123046875000e+03,2.979932129383087158e-01,3.628217875957489014e-01,1.217810809612274170e-01,1.713927537202835083e-01,-9.486508965535294635e+01,2.319025968234460056e+00,1.077948464396475288e+02,-9.328530012860117893e+01,0.000000000000000000e+00,0.000000000000000000e+00,2.979932129383087158e-01,3.628217875957489014e-01,1.217810809612274170e-01,1.713927537202835083e-01,9.715725781250000000e+04,4.919485546875000000e+04,5.695360156250000000e+04,7.163837500000000000e+04,-4.890469571463682503e+07
2.274999999999999911e+00,1.351087714698847719e+01,-5.813181417354805092e+00,-1.067173711920665085e+02,-1.185062695312500000e+04,3.999344482421875000e+02,3.640286865234375000e+03,2.979928255081176758e-01,3.728012144565582275e-01,1.318480819463729858e-01,1.820656955242156982e-01,-1.067961772755896561e+02,5.813181417354805092e+00,1.067173711920665085e+02,-9.328530012860117893e+01,0.000000000000000000e+00,0.000000000000000000e+00,2.979928255081176758e-01,3.728012144565582275e-01,1.318480819463729858e-01,1.820656955242156982e-01,9.723376562500000000e+04,4.929984375000000000e+04,5.672111718750000000e+04,7.142071875000000000e+04,-4.891630064883044362e+07
2.275999999999999801e+00,2.561314216328095483e+01,-9.031909679669158919e+00,-1.049180996644216037e+02,-1.186563085937500000e+04,3.954826660156250000e+02,3.665354492187500000e+03,2.958293557167053223e-01,3.821684122085571289e-01,1.447496265172958374e-01,1.936122924089431763e-01,-1.188984422918821338e+02,9.031909679669158919e+00,1.049180996644216037e+02,-9.328530012860117893e+01,0.000000000000000000e+00,0.000000000000000000e+00,2.958293557167053223e-01,3.821684122085571289e-01,1.447496265172958374e-01,1.936122924089431763e-01,9.730571875000000000e+04,4.940780078125000000e+04,5.650472265625000000e+04,7.125783593750000000e+04,-4.892804606491157413e+07
2.277000000000000135e+00,3.791620830695633515e+01,-1.180023682979963695e+01,-1.024703484955744273e+02,-1.185627734375000000e+04,3.821231994628906250e+02,3.655152343750000000e+03,2.941359281539916992e-01,3.921135067939758301e-01,1.573170274496078491e-01,2.040050476789474487e-01,-1.312015084355575141e+02,1.180023682979963695e+01,1.024703484955744273e+02,-9.328530012860117893e+01,0.000000000000000000e+00,0.000000000000000000e+00,2.941359281539916992e-01,3.921135067939758301e-01,1.573170274496078491e-01,2.040050476789474487e-01,9.735460156250000000e+04,4.952212890625000000e+04,5.640137500000000000e+04,7.118078125000000000e+04,-4.894012312167399377e+07
2.278000000000000025e+00,5.042549304842243885e+01,-1.401911789323469115e+01,-9.944746824372923300e+01,-1.182956347656250000e+04,3.586254577636718750e+02,3.677446044921875000e+03,2.924270629882812500e-01,4.024919867515563965e-01,1.670322418212890625e-01,2.130428701639175415e-01,-1.437107931770236178e+02,1.401911789323469115e+01,9.944746824372923300e+01,-9.328530012860117893e+01,0.000000000000000000e+00,0.000000000000000000e+00,2.924270629882812500e-01,4.024919867515563965e-01,1.670322418212890625e-01,2.130428701639175415e-01,9.739663281250000000e+04,4.963131250000000000e+04,5.639347265625000000e+04,7.118942968750000000e+04,-4.895275218662976474e+07
2.278999999999999915e+00,6.312255296071579380e+01,-1.556612272981857714e+01,-9.599257714552764753e+01,-1.181055273437500000e+04,3.276853942871093750e+02,3.673027343750000000e+03,2.855974435806274414e-01,4.102030694484710693e-01,1.738906949758529663e-01,2.236299961805343628e-01,-1.564078530893169727e+02,1.556612272981857714e+01,9.599257714552764753e+01,-9.328530012860117893e+01,0.000000000000000000e+00,0.000000000000000000e+00,2.855974435806274414e-01,4.102030694484710693e-01,1.738906949758529663e-01,2.236299961805343628e-01,9.742102343750000000e+04,4.974478515625000000e+04,5.646567968750000000e+04,7.126140625000000000e+04,-4.896619352236592025e+07
2.279999999999999805e+00,7.597263837273597176e+01,-1.636520972250889372e+01,-9.224739882318513651e+01,-1.181548730468750000e+04,3.001056518554687500e+02,3.682569580078125000e+03,2.770639955997467041e-01,4.178139269351959229e-01,1.754467785358428955e-01,2.329519689083099365e-01,-1.692579385013371507e+02,1.636520972250889372e+01,9.224739882318513651e+01,-9.328530012860117893e+01,0.000000000000000000e+00,0.000000000000000000e+00,2.770639955997467041e-01,4.178139269351959229e-01,1.754467785358428955e-01,2.329519689083099365e-01,9.739939843750000000e+04,4.985575781250000000e+04,5.657630468750000000e+04,7.137585156250000000e+04,-4.898074276682613790e+07
2.281000000000000139e+00,-2.710907435276845945e+02,-1.636156313293190934e+01,-8.838869141721843903e+01,-1.184500683593750000e+04,2.800414733886718750e+02,3.698375976562500000e+03,2.652950286865234375e-01,4.246684908866882324e-01,1.718670874834060669e-01,2.409354597330093384e-01,1.778054433990834298e+02,1.636156313293190934e+01,8.838869141721843903e+01,-9.328530012860117893e+01,0.000000000000000000e+00,0.000000000000000000e+00,2.652950286865234375e-01,4.246684908866882324e-01,1.718670874834060669e-01,2.409354597330093384e-01,9.732034375000000000e+04,4.996533203125000000e+04,5.668604687500000000e+04,7.149078125000000000e+04,-4.906231321957112849e+07
2.282000000000000028e+00,-2.581793993308946824e+02,-1.554779159260758448e+01,-8.467207004271743642e+01,-1.188531933593750000e+04,2.672483215332031250e+02,3.661704589843750000e+03,2.799664139747619629e-01,-2.812775969505310059e-02,3.152979910373687744e-01,2.733647227287292480e-01,1.648940992022934893e+02,1.554779159260758448e+01,8.467207004271743642e+01,-9.328530012860117893e+01,0.000000000000000000e+00,0.000000000000000000e+00,2.799664139747619629e-01,0.000000000000000000e+00,3.152979910373687744e-01,2.733647227287292480e-01,9.715051562500000000e+04,5.008363671875000000e+04,5.679451562500000000e+04,7.159692187500000000e+04,-4.913638091507871449e+07
2.282999999999999918e+00,-2.453934857704184083e+02,-1.396658599383022725e+01,-8.125009982074888626e+01,-1.190986425781250000e+04,2.584555358886718750e+02,3.664830078125000000e+03,2.755892276763916016e-01,-2.003432810306549072e-02,3.228259086608886719e-01,2.798797190189361572e-01,1.521081856418172435e+02,1.396658599383022725e+01,8.125009982074888626e+01,-9.328530012860117893e+01,0.000000000000000000e+00,0.000000000000000000e+00,2.755892276763916016e-01,0.000000000000000000e+00,3.228259086608886719e-01,2.798797190189361572e-01,9.709506250000000000e+04,4.985817578125000000e+04,5.690672265625000000e+04,7.170983593750000000e+04,-4.920339552218247205e+07
2.283999999999999808e+00,-2.328237455198980683e+02,-1.170869820208874579e+01,-7.828641476088105833e+01,-1.190690722656250000e+04,2.446635894775390625e+02,3.665408935546875000e+03,2.703899741172790527e-01,-8.687190711498260498e-03,3.283909559249877930e-01,2.845702767372131348e-01,1.395384453912969036e+02,1.170869820208874579e+01,7.828641476088105833e+01,-9.328530012860117893e+01,0.000000000000000000e+00,0.000000000000000000e+00,2.703899741172790527e-01,0.000000000000000000e+00,3.283909559249877930e-01,2.845702767372131348e-01,9.700999218750000000e+04,4.963333984375000000e+04,5.701946875000000000e+04,7.182276562500000000e+04,-4.926386827501008660e+07
2.285000000000000142e+00,-2.205088819061042500e+02,-8.898114079474845894e+00,-7.589811260496085765e+01,-1.188344726562500000e+04,2.225577697753906250e+02,3.663103027343750000e+03,2.664079368114471436e-01,4.231415688991546631e-03,3.315586745738983154e-01,2.874265015125274658e-01,1.272235817775030711e+02,8.898114079474845894e+00,7.589811260496085765e+01,-9.328530012860117893e+01,0.000000000000000000e+00,0.000000000000000000e+00,2.664079368114471436e-01,4.231415688991546631e-03,3.315586745738983154e-01,2.874265015125274658e-01,9.688925000000000000e+04,4.940881640625000000e+04,5.713275000000000000e+04,7.193532031250000000e+04,-4.931833214194073528e+07
2.286000000000000032e+00,-2.084249868751511769e+02,-5.648428886391761772e+00,-7.414429098572630039e+01,-1.185766406250000000e+04,1.941734466552734375e+02,3.687427246093750000e+03,2.637016177177429199e-01,1.840040832757949829e-02,3.321396112442016602e-01,2.884493768215179443e-01,1.151396867465499980e+02,5.648428886391761772e+00,7.414429098572630039e+01,-9.328530012860117893e+01,0.000000000000000000e+00,0.000000000000000000e+00,2.637016177177429199e-01,1.840040832757949829e-02,3.321396112442016602e-01,2.884493768215179443e-01,9.674826562500000000e+04,4.917965234375000000e+04,5.724159765625000000e+04,7.205171875000000000e+04,-4.936730239772929996e+07
2.286999999999999922e+00,-1.964972233054704702e+02,-2.147025207181424200e+00,-7.309845191963331956e+01,-1.185261425781250000e+04,1.646811828613281250e+02,3.656342041015625000e+03,2.606994509696960449e-01,3.465255349874496460e-02,3.300572335720062256e-01,2.876123785972595215e-01,1.032119231768693055e+02,2.147025207181424200e+00,7.309845191963331956e+01,-9.328530012860117893e+01,0.000000000000000000e+00,0.000000000000000000e+00,2.606994509696960449e-01,3.465255349874496460e-02,3.300572335720062256e-01,2.876123785972595215e-01,9.658160156250000000e+04,4.895934765625000000e+04,5.735963671875000000e+04,7.215878125000000000e+04,-4.941126154988634586e+07
2.287999999999999812e+00,-1.846203463243848546e+02,1.477154161862960224e+00,-7.278241936621202512e+01,-1.187103710937500000e+04,1.455617065429687500e+02,3.641534912109375000e+03,2.610856890678405762e-01,5.161411687731742859e-02,3.252445161342620850e-01,2.843573689460754395e-01,9.133504619578366146e+01,-1.477154161862960224e+00,7.278241936621202512e+01,-9.328530012860117893e+01,0.000000000000000000e+00,0.000000000000000000e+00,2.610856890678405762e-01,5.161411687731742859e-02,3.252445161342620850e-01,2.843573689460754395e-01,9.640006250000000000e+04,4.873649218750000000e+04,5.747492578125000000e+04,7.226870312500000000e+04,-4.945064568471650034e+07
2.289000000000000146e+00,-1.726911379824961728e+02,5.088919287973995509e+00,-7.321217232055583679e+01,-1.190058496093750000e+04,1.364490966796875000e+02,3.641145996093750000e+03,2.613740265369415283e-01,7.170624285936355591e-02,3.172650337219238281e-01,2.783045768737792969e-01,7.940583785389499383e+01,-5.088919287973995509e+00,7.321217232055583679e+01,-9.328530012860117893e+01,0.000000000000000000e+00,0.000000000000000000e+00,2.613740265369415283e-01,7.170624285936355591e-02,3.172650337219238281e-01,2.783045768737792969e-01,9.622857812500000000e+04,4.851177734375000000e+04,5.758776953125000000e+04,7.238148437500000000e+04,-4.948585383312960714e+07
2.290000000000000036e+00,-1.606247229220662120e+02,8.527587814175252134e+00,-7.438525275263579317e+01,-1.192328710937500000e+04,1.325857391357421875e+02,3.634683837890625000e+03,2.615514993667602539e-01,9.459711611270904541e-02,3.056889772415161133e-01,2.693177163600921631e-01,6.733942279346503312e+01,-8.527587814175252134e+00,7.438525275263579317e+01,-9.328530012860117893e+01,0.000000000000000000e+00,0.000000000000000000e+00,2.615514993667602539e-01,9.459711611270904541e-02,3.056889772415161133e-01,2.693177163600921631e-01,9.606154687500000000e+04,4.828803125000000000e+04,5.770158593750000000e+04,7.249330468750000000e+04,-4.951726002032440156e+07
2.290999999999999925e+00,-1.483664675389260879e+02,1.167610601504187429e+01,-7.628869575627182087e+01,-1.192017773437500000e+04,1.265582504272460938e+02,3.668287109375000000e+03,2.627682685852050781e-01,1.191208288073539734e-01,2.902658581733703613e-01,2.574888765811920166e-01,5.508116741032490893e+01,-1.167610601504187429e+01,7.628869575627182087e+01,-9.328530012860117893e+01,0.000000000000000000e+00,0.000000000000000000e+00,2.627682685852050781e-01,1.191208288073539734e-01,2.902658581733703613e-01,2.574888765811920166e-01,9.590696875000000000e+04,4.805741796875000000e+04,5.780869921875000000e+04,7.261120312500000000e+04,-4.954522892556624860e+07
2.291999999999999815e+00,-1.358945033954001929e+02,1.435069600333170037e+01,-7.883542283661296324e+01,-1.189422363281250000e+04,1.087883834838867188e+02,3.653098144531250000e+03,2.626035809516906738e-01,1.447526216506958008e-01,2.713707089424133301e-01,2.440287768840789795e-01,4.260920326679902814e+01,-1.435069600333170037e+01,7.883542283661296324e+01,-9.328530012860117893e+01,0.000000000000000000e+00,0.000000000000000000e+00,2.626035809516906738e-01,1.447526216506958008e-01,2.713707089424133301e-01,2.440287768840789795e-01,9.575617187500000000e+04,4.794997265625000000e+04,5.792389843750000000e+04,7.272093750000000000e+04,-4.957011720798894018e+07
2.293000000000000149e+00,-1.232082154911230276e+02,1.643798973838223176e+01,-8.193163147872461138e+01,-1.186004785156250000e+04,8.352257537841796875e+01,3.647864990234375000e+03,2.660063505172729492e-01,1.691367328166961670e-01,2.494845539331436157e-01,2.290557622909545898e-01,2.992291536252184514e+01,-1.643798973838223176e+01,8.193163147872461138e+01,-9.328530012860117893e+01,0.000000000000000000e+00,0.000000000000000000e+00,2.660063505172729492e-01,1.691367328166961670e-01,2.494845539331436157e-01,2.290557622909545898e-01,9.560925781250000000e+04,4.804749609375000000e+04,5.803740625000000000e+04,7.283251562500000000e+04,-4.959228047209685296e+07
2.294000000000000039e+00,-1.103282300137078522e+02,1.783951803581280515e+01,-8.545029804053203293e+01,-1.183871386718750000e+04,5.492318725585937500e+01,3.648757324218750000e+03,2.695327997207641602e-01,1.926680803298950195e-01,2.260520905256271362e-01,2.142287641763687134e-01,1.704292988510667328e+01,-1.783951803581280515e+01,8.545029804053203293e+01,-9.328530012860117893e+01,0.000000000000000000e+00,0.000000000000000000e+00,2.695327997207641602e-01,1.926680803298950195e-01,2.260520905256271362e-01,2.142287641763687134e-01,9.549163281250000000e+04,4.816018359375000000e+04,5.814985156250000000e+04,7.294561718750000000e+04,-4.961207279227377474e+07
2.294999999999999929e+00,-9.730783992467804921e+01,1.847182364374916119e+01,-8.920850646466062983e+01,-1.184497753906250000e+04,3.141679763793945312e+01,3.632897705078125000e+03,2.730863392353057861e-01,2.149521410465240479e-01,2.024254202842712402e-01,2.005082964897155762e-01,4.022539796076872953e+00,-1.847182364374916119e+01,8.920850646466062983e+01,-9.328530012860117893e+01,0.000000000000000000e+00,0.000000000000000000e+00,2.730863392353057861e-01,2.149521410465240479e-01,2.024254202842712402e-01,2.005082964897155762e-01,9.539837500000000000e+04,4.827564453125000000e+04,5.826503906250000000e+04,7.298289062500000000e+04,-4.962984097387896478e+07
2.295999999999999819e+00,-8.422623634866803854e+01,1.829415094318250468e+01,-9.304213656236140650e+01,-1.186819531250000000e+04,1.762049865722656250e+01,3.648745117187500000e+03,2.777191400527954102e-01,2.360503673553466797e-01,1.796508282423019409e-01,1.881504356861114502e-01,-9.059063779933136829e+00,-1.829415094318250468e+01,9.304213656236140650e+01,-9.328530012860117893e+01,0.000000000000000000e+00,0.000000000000000000e+00,2.777191400527954102e-01,2.360503673553466797e-01,1.796508282423019409e-01,1.881504356861114502e-01,9.531325781250000000e+04,4.838563281250000000e+04,5.837488671875000000e+04,7.302409375000000000e+04,-4.964592654790324718e+07
2.297000000000000153e+00,-7.121351025279473390e+01,1.731760877988568481e+01,-9.669731837555062270e+01,-1.189066699218750000e+04,6.565887451171875000e+00,3.620893798828125000e+03,2.804135382175445557e-01,2.555242776870727539e-01,1.594291180372238159e-01,1.790115386247634888e-01,-2.207178987580644858e+01,-1.731760877988568481e+01,9.669731837555062270e+01,-9.328530012860117893e+01,0.000000000000000000e+00,0.000000000000000000e+00,2.804135382175445557e-01,2.555242776870727539e-01,1.594291180372238159e-01,1.790115386247634888e-01,9.524745312500000000e+04,4.850251953125000000e+04,5.849195703125000000e+04,7.286107031250000000e+04,-4.966064818290064484e+07
2.298000000000000043e+00,-5.837664230455703773e+01,1.559286859145937498e+01,-1.000212920007860617e+02,-1.189098046875000000e+04,-5.242774963378906250e+00,3.630844726562500000e+03,2.855585217475891113e-01,2.733206748962402344e-01,1.418475210666656494e-01,1.722611039876937866e-01,-3.490865782404414119e+01,-1.559286859145937498e+01,1.000212920007860617e+02,-9.328530012860117893e+01,0.000000000000000000e+00,0.000000000000000000e+00,2.855585217475891113e-01,2.733206748962402344e-01,1.418475210666656494e-01,1.722611039876937866e-01,9.524103906250000000e+04,4.861304296875000000e+04,5.845354296875000000e+04,7.263875000000000000e+04,-4.967430341167181730e+07
2.298999999999999932e+00,-4.579896749831834768e+01,1.321996653287266454e+01,-1.028610658630113903e+02,-1.186687695312500000e+04,-2.668453407287597656e+01,3.638812500000000000e+03,2.881020903587341309e-01,2.882258296012878418e-01,1.287703216075897217e-01,1.705829948186874390e-01,-4.748633263028283125e+01,-1.321996653287266454e+01,1.028610658630113903e+02,-9.328530012860117893e+01,0.000000000000000000e+00,0.000000000000000000e+00,2.881020903587341309e-01,2.882258296012878418e-01,1.287703216075897217e-01,1.705829948186874390e-01,9.527078125000000000e+04,4.872448437500000000e+04,5.827842968750000000e+04,7.241544531250000000e+04,-4.968715612348133326e+07
2.299999999999999822e+00,-3.350119678968222559e+01,1.033311991884858472e+01,-1.051031937304457244e+02,-1.183600878906250000e+04,-5.631510543823242188e+01,3.632381103515625000e+03,2.901466488838195801e-01,3.003003895282745361e-01,1.202133968472480774e-01,1.733717918395996094e-01,-5.978410333891895334e+01,-1.033311991884858472e+01,1.051031937304457244e+02,-9.328530012860117893e+01,0.000000000000000000e+00,0.000000000000000000e+00,2.901466488838195801e-01,3.003003895282745361e-01,1.202133968472480774e-01,1.733717918395996094e-01,9.531464062500000000e+04,4.883842187500000000e+04,5.805410546875000000e+04,7.218923437500000000e+04,-4.969943190836726874e+07
2.301000000000000156e+00,-2.144022384728808106e+01,7.055400288295555988e+00,-1.066900612759158520e+02,-1.181702539062500000e+04,-8.853686523437500000e+01,3.639017822265625000e+03,2.920301556587219238e-01,3.103535473346710205e-01,1.160699054598808289e-01,1.797354370355606079e-01,-7.184507628131309787e+01,-7.055400288295555988e+00,1.066900612759158520e+02,-9.328530012860117893e+01,0.000000000000000000e+00,0.000000000000000000e+00,2.920301556587219238e-01,3.103535473346710205e-01,1.160699054598808289e-01,1.797354370355606079e-01,9.537463281250000000e+04,4.895000000000000000e+04,5.782753515625000000e+04,7.196493750000000000e+04,-4.971132413941417634e+07
2.302000000000000046e+00,-9.528302006829491688e+00,3.565640337802181481e+00,-1.075688114299160247e+02,-1.182666015625000000e+04,-1.181595306396484375e+02,3.602200439453125000e+03,2.919929027557373047e-01,3.186828196048736572e-01,1.166905313730239868e-01,1.895491927862167358e-01,-8.375699812177168724e+01,-3.565640337802181481e+00,1.075688114299160247e+02,-9.328530012860117893e+01,0.000000000000000000e+00,0.000000000000000000e+00,2.919929027557373047e-01,3.186828196048736572e-01,1.166905313730239868e-01,1.895491927862167358e-01,9.543839062500000000e+04,4.906851562500000000e+04,5.760816015625000000e+04,7.176121875000000000e+04,-4.972299869093677402e+07
2.302999999999999936e+00,2.338166438233471922e+00,-3.559658588438294885e-02,-1.077245850485454355e+02,-1.185775878906250000e+04,-1.365024108886718750e+02,3.608466308593750000e+03,2.938286662101745605e-01,3.278678655624389648e-01,1.204435527324676514e-01,1.996937692165374756e-01,-9.562346656683465085e+01,3.559658588438294885e-02,1.077245850485454355e+02,-9.328530012860117893e+01,0.000000000000000000e+00,0.000000000000000000e+00,2.938286662101745605e-01,3.278678655624389648e-01,1.204435527324676514e-01,1.996937692165374756e-01,9.550776562500000000e+04,4.917956640625000000e+04,5.738157031250000000e+04,7.164460937500000000e+04,-4.973459874545006454e+07
2.303999999999999826e+00,1.425341205459943694e+01,-3.587252577431830236e+00,-1.071470979251866709e+02,-1.189306445312500000e+04,-1.477277984619140625e+02,3.601680908203125000e+03,2.929651737213134766e-01,3.367879390716552734e-01,1.283248811960220337e-01,2.113159447908401489e-01,-1.075387121832006159e+02,3.587252577431830236e+00,1.071470979251866709e+02,-9.328530012860117893e+01,0.000000000000000000e+00,0.000000000000000000e+00,2.929651737213134766e-01,3.367879390716552734e-01,1.283248811960220337e-01,2.113159447908401489e-01,9.558611718750000000e+04,4.929322656250000000e+04,5.715718359375000000e+04,7.160562500000000000e+04,-4.974630527418010682e+07
2.305000000000000160e+00,2.628913595283947302e+01,-6.941263466809303395e+00,-1.058488967028106629e+02,-1.191265332031250000e+04,-1.555070800781250000e+02,3.597570068359375000e+03,2.935978174209594727e-01,3.472264409065246582e-01,1.383063495159149170e-01,2.218567878007888794e-01,-1.195744360814406519e+02,6.941263466809303395e+00,1.058488967028106629e+02,-9.328530012860117893e+01,0.000000000000000000e+00,0.000000000000000000e+00,2.935978174209594727e-01,3.472264409065246582e-01,1.383063495159149170e-01,2.218567878007888794e-01,9.565670312500000000e+04,4.940682421875000000e+04,5.693243359375000000e+04,7.165457812500000000e+04,-4.975824856292097270e+07
2.306000000000000050e+00,3.849086836620087126e+01,-9.960374840100984173e+00,-1.038665323402080674e+02,-1.190634667968750000e+04,-1.677971954345703125e+02,3.602444091796875000e+03,2.944498360157012939e-01,3.585442304611206055e-01,1.493264585733413696e-01,2.314754575490951538e-01,-1.317761684948020502e+02,9.960374840100984173e+00,1.038665323402080674e+02,-9.328530012860117893e+01,0.000000000000000000e+00,0.000000000000000000e+00,2.944498360157012939e-01,3.585442304611206055e-01,1.493264585733413696e-01,2.314754575490951538e-01,9.573228906250000000e+04,4.951878906250000000e+04,5.676572265625000000e+04,7.176761718750000000e+04,-4.977061757547589391e+07
2.306999999999999940e+00,5.088101334135664899e+01,-1.248217010156938400e+01,-1.013019227756909544e+02,-1.188704492187500000e+04,-1.889096069335937500e+02,3.563197265625000000e+03,2.936183214187622070e-01,3.695054650306701660e-01,1.599217951297760010e-01,2.410633862018585205e-01,-1.441663134699578279e+02,1.248217010156938400e+01,1.013019227756909544e+02,-9.328530012860117893e+01,0.000000000000000000e+00,0.000000000000000000e+00,2.936183214187622070e-01,3.695054650306701660e-01,1.599217951297760010e-01,2.410633862018585205e-01,9.580395312500000000e+04,4.963791796875000000e+04,5.669739453125000000e+04,7.187340625000000000e+04,-4.978362433712303638e+07
2.307999999999999829e+00,6.347282180567843568e+01,-1.441960769531591424e+01,-9.822964956626510968e+01,-1.187307714843750000e+04,-2.124609832763671875e+02,3.561042968750000000e+03,2.928266227245330811e-01,3.811241090297698975e-01,1.673161387443542480e-01,2.496802210807800293e-01,-1.567581219342796146e+02,1.441960769531591424e+01,9.822964956626510968e+01,-9.328530012860117893e+01,0.000000000000000000e+00,0.000000000000000000e+00,2.928266227245330811e-01,3.811241090297698975e-01,1.673161387443542480e-01,2.496802210807800293e-01,9.587466406250000000e+04,4.975050000000000000e+04,5.670748046875000000e+04,7.198564843750000000e+04,-4.979751012537100911e+07
2.309000000000000163e+00,7.624994626095421779e+01,-1.566607448050524987e+01,-9.480320807627455792e+01,-1.188374511718750000e+04,-2.336107025146484375e+02,3.534540527343750000e+03,2.859207093715667725e-01,3.905553519725799561e-01,1.716082245111465454e-01,2.593078315258026123e-01,-1.695352463895553967e+02,1.566607448050524987e+01,9.480320807627455792e+01,-9.328530012860117893e+01,0.000000000000000000e+00,0.000000000000000000e+00,2.859207093715667725e-01,3.905553519725799561e-01,1.716082245111465454e-01,2.593078315258026123e-01,9.593957812500000000e+04,4.986707031250000000e+04,5.672151562500000000e+04,7.209423437500000000e+04,-4.981255725382699072e+07
2.310000000000000053e+00,-2.708353681978064742e+02,-1.615283428165738755e+01,-9.118717551770637897e+01,-1.191942187500000000e+04,-2.428147735595703125e+02,3.509317138671875000e+03,2.772548794746398926e-01,4.002494215965270996e-01,1.707675755023956299e-01,2.673138678073883057e-01,1.775500680692053095e+02,1.615283428165738755e+01,9.118717551770637897e+01,-9.328530012860117893e+01,0.000000000000000000e+00,0.000000000000000000e+00,2.772548794746398926e-01,4.002494215965270996e-01,1.707675755023956299e-01,2.673138678073883057e-01,9.599735156250000000e+04,4.998394921875000000e+04,5.679243750000000000e+04,7.220259375000000000e+04,-4.989448506552805752e+07
2.310999999999999943e+00,-2.578717244620068527e+02,-1.584947159734142375e+01,-8.756773320014757189e+01,-1.196190332031250000e+04,-2.410257110595703125e+02,3.490404785156250000e+03,2.862960696220397949e-01,-6.082142889499664307e-02,3.243752121925354004e-01,2.927087545394897461e-01,1.645864243334056880e+02,1.584947159734142375e+01,8.756773320014757189e+01,-9.328530012860117893e+01,0.000000000000000000e+00,0.000000000000000000e+00,2.862960696220397949e-01,0.000000000000000000e+00,3.243752121925354004e-01,2.927087545394897461e-01,9.600757031250000000e+04,5.010001562500000000e+04,5.689377734375000000e+04,7.231166406250000000e+04,-4.996890220545279235e+07
2.311999999999999833e+00,-2.449776848778058707e+02,-1.478630663058595474e+01,-8.416669919104694486e+01,-1.199167187500000000e+04,-2.354067077636718750e+02,3.446399414062500000e+03,2.812817990779876709e-01,-5.368731915950775146e-02,3.316173255443572998e-01,2.998410761356353760e-01,1.516923847492046775e+02,1.478630663058595474e+01,8.416669919104694486e+01,-9.328530012860117893e+01,0.000000000000000000e+00,0.000000000000000000e+00,2.812817990779876709e-01,0.000000000000000000e+00,3.316173255443572998e-01,2.998410761356353760e-01,9.601531250000000000e+04,4.988246484375000000e+04,5.701397265625000000e+04,7.241666406250000000e+04,-5.003621893965737522e+07
2.313000000000000167e+00,-2.322462432121309348e+02,-1.301123830597511599e+01,-8.110701897860535325e+01,-1.199258300781250000e+04,-2.306806488037109375e+02,3.458610107421875000e+03,2.783832550048828125e-01,-4.460056871175765991e-02,3.374473154544830322e-01,3.054932653903961182e-01,1.389609430835297417e+02,1.301123830597511599e+01,8.110701897860535325e+01,-9.328530012860117893e+01,0.000000000000000000e+00,0.000000000000000000e+00,2.783832550048828125e-01,0.000000000000000000e+00,3.374473154544830322e-01,3.054932653903961182e-01,9.603255468750000000e+04,4.965536718750000000e+04,5.712475781250000000e+04,7.253134375000000000e+04,-5.009690489799337089e+07
2.314000000000000057e+00,-2.197421962887812583e+02,-1.063545462263702568e+01,-7.854040317065143029e+01,-1.197432519531250000e+04,-2.353543701171875000e+02,3.455784179687500000e+03,2.736778259277343750e-01,-3.225333243608474731e-02,3.410417735576629639e-01,3.090367019176483154e-01,1.264568961601800794e+02,1.063545462263702568e+01,7.854040317065143029e+01,-9.328530012860117893e+01,0.000000000000000000e+00,0.000000000000000000e+00,2.736778259277343750e-01,0.000000000000000000e+00,3.410417735576629639e-01,3.090367019176483154e-01,9.601176562500000000e+04,4.943039453125000000e+04,5.723799609375000000e+04,7.264387500000000000e+04,-5.015147323864842951e+07
2.314999999999999947e+00,-2.074651058531964622e+02,-7.786274121280768234e+00,-7.656717323237525363e+01,-1.195749414062500000e+04,-2.438756256103515625e+02,3.448874267578125000e+03,2.707897424697875977e-01,-1.865449547767639160e-02,3.425968587398529053e-01,3.110648989677429199e-01,1.141798057245952975e+02,7.786274121280768234e+00,7.656717323237525363e+01,-9.328530012860117893e+01,0.000000000000000000e+00,0.000000000000000000e+00,2.707897424697875977e-01,0.000000000000000000e+00,3.425968587398529053e-01,3.110648989677429199e-01,9.593699218750000000e+04,4.920608984375000000e+04,5.735187109375000000e+04,7.275517187500000000e+04,-5.020043816687659919e+07
2.315999999999999837e+00,-1.953612230930690430e+02,-4.604167227917241867e+00,-7.525492142452181099e+01,-1.195861425781250000e+04,-2.504168090820312500e+02,3.436228515625000000e+03,2.691236138343811035e-01,-3.181384876370429993e-03,3.418406546115875244e-01,3.111707866191864014e-01,1.020759229644678641e+02,4.604167227917241867e+00,7.525492142452181099e+01,-9.328530012860117893e+01,0.000000000000000000e+00,0.000000000000000000e+00,2.691236138343811035e-01,0.000000000000000000e+00,3.418406546115875244e-01,3.111707866191864014e-01,9.584340625000000000e+04,4.898332031250000000e+04,5.746665625000000000e+04,7.286530468750000000e+04,-5.024428867591949552e+07
2.317000000000000171e+00,-1.833404839958413959e+02,-1.267860353914794791e+00,-7.464980772947967580e+01,-1.198623535156250000e+04,-2.489455566406250000e+02,3.387639404296875000e+03,2.686712741851806641e-01,1.459047570824623108e-02,3.384993374347686768e-01,3.089598119258880615e-01,9.005518386724023117e+01,1.267860353914794791e+00,7.464980772947967580e+01,-9.328530012860117893e+01,0.000000000000000000e+00,0.000000000000000000e+00,2.686712741851806641e-01,1.459047570824623108e-02,3.384993374347686768e-01,3.089598119258880615e-01,9.574535937500000000e+04,4.876666015625000000e+04,5.758738281250000000e+04,7.296958593750000000e+04,-5.028347661025524884e+07
2.318000000000000060e+00,-1.713119834440926184e+02,2.132794562878549183e+00,-7.476887354137926422e+01,-1.202406542968750000e+04,-2.350425567626953125e+02,3.400882324218750000e+03,2.711153626441955566e-01,3.444927185773849487e-02,3.322409391403198242e-01,3.040068745613098145e-01,7.802668331549143943e+01,-2.132794562878549183e+00,7.476887354137926422e+01,-9.328530012860117893e+01,0.000000000000000000e+00,0.000000000000000000e+00,2.711153626441955566e-01,3.444927185773849487e-02,3.322409391403198242e-01,3.040068745613098145e-01,9.564847656250000000e+04,4.853951562500000000e+04,5.769775390625000000e+04,7.308460156250000000e+04,-5.031841933919009566e+07
2.318999999999999950e+00,-1.591994677557533464e+02,5.432514144069806150e+00,-7.561529561565694735e+01,-1.205309570312500000e+04,-2.184580841064453125e+02,3.405352050781250000e+03,2.707525789737701416e-01,5.864581465721130371e-02,3.222860395908355713e-01,2.958096563816070557e-01,6.591416762715215327e+01,-5.432514144069806150e+00,7.561529561565694735e+01,-9.328530012860117893e+01,0.000000000000000000e+00,0.000000000000000000e+00,2.707525789737701416e-01,5.864581465721130371e-02,3.222860395908355713e-01,2.958096563816070557e-01,9.554907031250000000e+04,4.831352343750000000e+04,5.780951562500000000e+04,7.319823437500000000e+04,-5.034951099486477673e+07
2.319999999999999840e+00,-1.469515610910887062e+02,8.479682651187317788e+00,-7.716522599534550864e+01,-1.205654980468750000e+04,-2.037889099121093750e+02,3.413692626953125000e+03,2.717018723487854004e-01,8.461268991231918335e-02,3.084588944911956787e-01,2.848082780838012695e-01,5.366626096248751310e+01,-8.479682651187317788e+00,7.716522599534550864e+01,-9.328530012860117893e+01,0.000000000000000000e+00,0.000000000000000000e+00,2.717018723487854004e-01,8.461268991231918335e-02,3.084588944911956787e-01,2.848082780838012695e-01,9.546966406250000000e+04,4.808657812500000000e+04,5.792055078125000000e+04,7.331189843750000000e+04,-5.037713213329266012e+07
2.321000000000000174e+00,-1.345421923272654396e+02,1.112352971007262070e+01,-7.935409515281872928e+01,-1.203304003906250000e+04,-1.982000122070312500e+02,3.412466064453125000e+03,2.733050584793090820e-01,1.116857901215553284e-01,2.908008992671966553e-01,2.715204060077667236e-01,4.125689219866426782e+01,-1.112352971007262070e+01,7.935409515281872928e+01,-9.328530012860117893e+01,0.000000000000000000e+00,0.000000000000000000e+00,2.733050584793090820e-01,1.116857901215553284e-01,2.908008992671966553e-01,2.715204060077667236e-01,9.538870312500000000e+04,4.786176171875000000e+04,5.803309375000000000e+04,7.342398437500000000e+04,-5.040165454013962299e+07
2.322000000000000064e+00,-1.219614687016811985e+02,1.322189007537767402e+01,-8.206614646753969566e+01,-1.200517968750000000e+04,-2.002090759277343750e+02,3.381161621093750000e+03,2.763557434082031250e-01,1.384675651788711548e-01,2.699705064296722412e-01,2.568848431110382080e-01,2.867616857308002309e+01,-1.322189007537767402e+01,8.206614646753969566e+01,-9.328530012860117893e+01,0.000000000000000000e+00,0.000000000000000000e+00,2.763557434082031250e-01,1.384675651788711548e-01,2.699705064296722412e-01,2.568848431110382080e-01,9.531067187500000000e+04,4.764224609375000000e+04,5.815057031250000000e+04,7.353128906250000000e+04,-5.042343881076069176e+07
2.322999999999999954e+00,-1.092032540003785357e+02,1.469635470712060688e+01,-8.522557879494735289e+01,-1.199229589843750000e+04,-2.008907928466796875e+02,3.402414306640625000e+03,2.818770706653594971e-01,1.643173992633819580e-01,2.469803988933563232e-01,2.415748834609985352e-01,1.591795387177734966e+01,-1.469635470712060688e+01,8.522557879494735289e+01,-9.328530012860117893e+01,0.000000000000000000e+00,0.000000000000000000e+00,2.818770706653594971e-01,1.643173992633819580e-01,2.469803988933563232e-01,2.415748834609985352e-01,9.525507031250000000e+04,4.747902343750000000e+04,5.825921484375000000e+04,7.364783593750000000e+04,-5.044284354356757551e+07
2.323999999999999844e+00,-9.630123529601007704e+01,1.544668045534749012e+01,-8.864647840683201707e+01,-1.200873437500000000e+04,-1.969314880371093750e+02,3.387809814453125000e+03,2.841651737689971924e-01,1.900007128715515137e-01,2.235571593046188354e-01,2.272840738296508789e-01,3.015935167408895001e+00,-1.544668045534749012e+01,8.864647840683201707e+01,-9.328530012860117893e+01,0.000000000000000000e+00,0.000000000000000000e+00,2.841651737689971924e-01,1.900007128715515137e-01,2.235571593046188354e-01,2.272840738296508789e-01,9.521593750000000000e+04,4.753968359375000000e+04,5.837378906250000000e+04,7.375790625000000000e+04,-5.046021426955813915e+07
2.325000000000000178e+00,-8.332348165272556173e+01,1.542362884815403490e+01,-9.215068765476344481e+01,-1.204135742187500000e+04,-1.819499511718750000e+02,3.379192626953125000e+03,2.886631786823272705e-01,2.144743502140045166e-01,2.003941684961318970e-01,2.137466818094253540e-01,-9.961818475875615420e+00,-1.542362884815403490e+01,9.215068765476344481e+01,-9.328530012860117893e+01,0.000000000000000000e+00,0.000000000000000000e+00,2.886631786823272705e-01,2.144743502140045166e-01,2.003941684961318970e-01,2.137466818094253540e-01,9.521733593750000000e+04,4.765322656250000000e+04,5.848732421875000000e+04,7.386871093750000000e+04,-5.047588670971496403e+07
2.326000000000000068e+00,-7.037675903705438429e+01,1.462907855529347323e+01,-9.553141112809917956e+01,-1.206650683593750000e+04,-1.622430725097656250e+02,3.362653564453125000e+03,2.925447821617126465e-01,2.378461956977844238e-01,1.789467483758926392e-01,2.022358626127243042e-01,-2.290854109154679463e+01,-1.462907855529347323e+01,9.553141112809917956e+01,-9.328530012860117893e+01,0.000000000000000000e+00,0.000000000000000000e+00,2.925447821617126465e-01,2.378461956977844238e-01,1.789467483758926392e-01,2.022358626127243042e-01,9.523392968750000000e+04,4.776869921875000000e+04,5.860216796875000000e+04,7.397834375000000000e+04,-5.049017985837902874e+07
2.326999999999999957e+00,-5.756865903190305289e+01,1.311849290708374838e+01,-9.860360283744937249e+01,-1.206778222656250000e+04,-1.436389923095703125e+02,3.346290039062500000e+03,2.967174649238586426e-01,2.593159377574920654e-01,1.601652354001998901e-01,1.935637742280960083e-01,-3.571664109669812603e+01,-1.311849290708374838e+01,9.860360283744937249e+01,-9.328530012860117893e+01,0.000000000000000000e+00,0.000000000000000000e+00,2.967174649238586426e-01,2.593159377574920654e-01,1.601652354001998901e-01,1.935637742280960083e-01,9.528092968750000000e+04,4.788430859375000000e+04,5.871697656250000000e+04,7.398778906250000000e+04,-5.050338877423043549e+07
2.327999999999999847e+00,-4.496966956515274916e+01,1.096106243655411738e+01,-1.012539073364867761e+02,-1.204248925781250000e+04,-1.326859588623046875e+02,3.375858886718750000e+03,3.005169630050659180e-01,2.783655822277069092e-01,1.449788808822631836e-01,1.886070668697357178e-01,-4.831563056344842977e+01,-1.096106243655411738e+01,1.012539073364867761e+02,-9.328530012860117893e+01,0.000000000000000000e+00,0.000000000000000000e+00,3.005169630050659180e-01,2.783655822277069092e-01,1.449788808822631836e-01,1.886070668697357178e-01,9.539102343750000000e+04,4.799206640625000000e+04,5.867543750000000000e+04,7.385311718750000000e+04,-5.051578354405187815e+07
2.329000000000000181e+00,-3.260569638495297795e+01,8.311619886093160048e+00,-1.033343440557925703e+02,-1.201216503906250000e+04,-1.316954193115234375e+02,3.354027343750000000e+03,3.007408976554870605e-01,2.939123809337615967e-01,1.348402947187423706e-01,1.890452802181243896e-01,-6.067960374364820098e+01,-8.311619886093160048e+00,1.033343440557925703e+02,-9.328530012860117893e+01,0.000000000000000000e+00,0.000000000000000000e+00,3.007408976554870605e-01,2.939123809337615967e-01,1.348402947187423706e-01,1.890452802181243896e-01,9.549975000000000000e+04,4.810802343750000000e+04,5.852458593750000000e+04,7.367492187500000000e+04,-5.052759374517519772e+07
2.330000000000000071e+00,-2.043568311921366387e+01,5.294978440401551190e+00,-1.047821038825974682e+02,-1.199503710937500000e+04,-1.313311462402343750e+02,3.345129394531250000e+03,3.033663034439086914e-01,3.077599108219146729e-01,1.284209489822387695e-01,1.921309083700180054e-01,-7.284961700938751505e+01,-5.294978440401551190e+00,1.047821038825974682e+02,-9.328530012860117893e+01,0.000000000000000000e+00,0.000000000000000000e+00,3.033663034439086914e-01,3.077599108219146729e-01,1.284209489822387695e-01,1.921309083700180054e-01,9.561068750000000000e+04,4.822162890625000000e+04,5.830060546875000000e+04,7.350653125000000000e+04,-5.053901868841049075e+07
2.330999999999999961e+00,-8.378811363141053903e+00,2.065266407874161381e+00,-1.055461895994605470e+02,-1.200445410156250000e+04,-1.255273666381835938e+02,3.322190673828125000e+03,3.041140735149383545e-01,3.201436996459960938e-01,1.265320926904678345e-01,1.982603222131729126e-01,-8.490648876546012502e+01,-2.065266407874161381e+00,1.055461895994605470e+02,-9.328530012860117893e+01,0.000000000000000000e+00,0.000000000000000000e+00,3.041140735149383545e-01,3.201436996459960938e-01,1.265320926904678345e-01,1.982603222131729126e-01,9.571957812500000000e+04,4.833816796875000000e+04,5.807904296875000000e+04,7.336351562500000000e+04,-5.055023315635465086e+07
2.331999999999999851e+00,3.660605918012095117e+00,-1.237918576973677354e+00,-1.056005365587367635e+02,-1.203568457031250000e+04,-1.079298324584960938e+02,3.307956054687500000e+03,3.051568269729614258e-01,3.328038752079010010e-01,1.282286196947097778e-01,2.052909880876541138e-01,-9.694590604661327404e+01,1.237918576973677354e+00,1.056005365587367635e+02,-9.328530012860117893e+01,0.000000000000000000e+00,0.000000000000000000e+00,3.051568269729614258e-01,3.328038752079010010e-01,1.282286196947097778e-01,2.052909880876541138e-01,9.582942968750000000e+04,4.845342578125000000e+04,5.785612890625000000e+04,7.327195312500000000e+04,-5.056139956215423346e+07
2.333000000000000185e+00,1.576460943874295140e+01,-4.491921073388524199e+00,-1.049322769823899790e+02,-1.206720996093750000e+04,-8.160990142822265625e+01,3.326876220703125000e+03,3.057816028594970703e-01,3.463403582572937012e-01,1.331843286752700806e-01,2.122606337070465088e-01,-1.090499095673441303e+02,4.491921073388524199e+00,1.049322769823899790e+02,-9.328530012860117893e+01,0.000000000000000000e+00,0.000000000000000000e+00,3.057816028594970703e-01,3.463403582572937012e-01,1.331843286752700806e-01,2.122606337070465088e-01,9.594558593750000000e+04,4.856297265625000000e+04,5.762780078125000000e+04,7.324028125000000000e+04,-5.057267904517263174e+07
2.334000000000000075e+00,2.799023446248179425e+01,-7.499197790089075610e+00,-1.035746437358558296e+02,-1.208042968750000000e+04,-5.649467086791992188e+01,3.302043212890625000e+03,3.048970997333526611e-01,3.600808978080749512e-01,1.410664319992065430e-01,2.192155271768569946e-01,-1.212755345910829732e+02,7.499197790089075610e+00,1.035746437358558296e+02,-9.328530012860117893e+01,0.000000000000000000e+00,0.000000000000000000e+00,3.048970997333526611e-01,3.600808978080749512e-01,1.410664319992065430e-01,2.192155271768569946e-01,9.605379687500000000e+04,4.867950000000000000e+04,5.740925781250000000e+04,7.325401562500000000e+04,-5.058424644319040328e+07
2.334999999999999964e+00,4.036638276720101715e+01,-1.014285670476459700e+01,-1.015718507905401253e+02,-1.206556738281250000e+04,-3.689387512207031250e+01,3.308189697265625000e+03,3.072260618209838867e-01,3.755089938640594482e-01,1.487746983766555786e-01,2.241044789552688599e-01,-1.336516828958021961e+02,1.014285670476459700e+01,1.015718507905401253e+02,-9.328530012860117893e+01,0.000000000000000000e+00,0.000000000000000000e+00,3.072260618209838867e-01,3.755089938640594482e-01,1.487746983766555786e-01,2.241044789552688599e-01,9.616728906250000000e+04,4.879056250000000000e+04,5.725332421875000000e+04,7.332439843750000000e+04,-5.059629560646326095e+07
2.335999999999999854e+00,5.290292859953886762e+01,-1.228482383010537049e+01,-9.901906138341844610e+01,-1.203661718750000000e+04,-2.635142517089843750e+01,3.301024658203125000e+03,3.058894276618957520e-01,3.893594443798065186e-01,1.561081111431121826e-01,2.298052608966827393e-01,-1.461882287281400465e+02,1.228482383010537049e+01,9.901906138341844610e+01,-9.328530012860117893e+01,0.000000000000000000e+00,0.000000000000000000e+00,3.058894276618957520e-01,3.893594443798065186e-01,1.561081111431121826e-01,2.298052608966827393e-01,9.627878906250000000e+04,4.890430859375000000e+04,5.716411718750000000e+04,7.342753906250000000e+04,-5.060905001773145795e+07
2.337000000000000188e+00,6.559715210182191925e+01,-1.381288382895535527e+01,-9.604119413759374879e+01,-1.201838964843750000e+04,-1.759436416625976562e+01,3.284684570312500000e+03,3.022858202457427979e-01,4.021483063697814941e-01,1.605117172002792358e-01,2.356430739164352417e-01,-1.588824522304230982e+02,1.381288382895535527e+01,9.604119413759374879e+01,-9.328530012860117893e+01,0.000000000000000000e+00,0.000000000000000000e+00,3.022858202457427979e-01,4.021483063697814941e-01,1.605117172002792358e-01,2.356430739164352417e-01,9.638828125000000000e+04,4.901994531250000000e+04,5.713601953125000000e+04,7.353752343750000000e+04,-5.062276771082637459e+07
2.338000000000000078e+00,7.842991821271520791e+01,-1.464770938700861258e+01,-9.276928612154635800e+01,-1.202495410156250000e+04,-2.414171934127807617e+00,3.285519775390625000e+03,2.955426573753356934e-01,4.139741361141204834e-01,1.606717407703399658e-01,2.410057932138442993e-01,-1.717152183413163868e+02,1.464770938700861258e+01,9.276928612154635800e+01,-9.328530012860117893e+01,0.000000000000000000e+00,0.000000000000000000e+00,2.955426573753356934e-01,4.139741361141204834e-01,1.606717407703399658e-01,2.410057932138442993e-01,9.650141406250000000e+04,4.913255859375000000e+04,5.714004687500000000e+04,7.364988281250000000e+04,-5.063773965873501450e+07
2.338999999999999968e+00,-2.686607349642235363e+02,-1.473002428536772079e+01,-8.942035952304676982e+01,-1.205671875000000000e+04,2.124559974670410156e+01,3.246407470703125000e+03,2.846383452415466309e-01,4.245722591876983643e-01,1.562578380107879639e-01,2.451791912317276001e-01,1.753754348356223431e+02,1.473002428536772079e+01,8.942035952304676982e+01,-9.328530012860117893e+01,0.000000000000000000e+00,0.000000000000000000e+00,2.846383452415466309e-01,4.245722591876983643e-01,1.562578380107879639e-01,2.451791912317276001e-01,9.656257812500000000e+04,4.925162890625000000e+04,5.715184765625000000e+04,7.375569531250000000e+04,-5.071813122355920821e+07
2.339999999999999858e+00,-2.557497457110573009e+02,-1.405145083962197994e+01,-8.613818468966668718e+01,-1.209179199218750000e+04,5.486140441894531250e+01,3.256339111328125000e+03,2.995531558990478516e-01,-4.665492475032806396e-02,3.210904896259307861e-01,2.825129926204681396e-01,1.624644455824561078e+02,1.405145083962197994e+01,8.613818468966668718e+01,-9.328530012860117893e+01,0.000000000000000000e+00,0.000000000000000000e+00,2.995531558990478516e-01,0.000000000000000000e+00,3.210904896259307861e-01,2.825129926204681396e-01,9.655471875000000000e+04,4.936213281250000000e+04,5.712076953125000000e+04,7.387006250000000000e+04,-5.079115638612280786e+07
2.341000000000000192e+00,-2.429369810656236268e+02,-1.264365391067993372e+01,-8.310187633530036067e+01,-1.210830664062500000e+04,8.761683654785156250e+01,3.277405517578125000e+03,2.942011356353759766e-01,-3.511934354901313782e-02,3.268631696701049805e-01,2.866330146789550781e-01,1.496516809370224337e+02,1.264365391067993372e+01,8.310187633530036067e+01,-9.328530012860117893e+01,0.000000000000000000e+00,0.000000000000000000e+00,2.942011356353759766e-01,0.000000000000000000e+00,3.268631696701049805e-01,2.866330146789550781e-01,9.665275781250000000e+04,4.913321484375000000e+04,5.723004296875000000e+04,7.398653125000000000e+04,-5.085724054672674835e+07
2.342000000000000082e+00,-2.303110984672036921e+02,-1.060002082533215706e+01,-8.049616599362866509e+01,-1.209750488281250000e+04,1.152840042114257812e+02,3.273578125000000000e+03,2.891220450401306152e-01,-2.099004387855529785e-02,3.309192061424255371e-01,2.890051603317260742e-01,1.370257983386025273e+02,1.060002082533215706e+01,8.049616599362866509e+01,-9.328530012860117893e+01,0.000000000000000000e+00,0.000000000000000000e+00,2.891220450401306152e-01,0.000000000000000000e+00,3.309192061424255371e-01,2.890051603317260742e-01,9.670682812500000000e+04,4.890902343750000000e+04,5.734342187500000000e+04,7.409817968750000000e+04,-5.091687574198509008e+07
2.342999999999999972e+00,-2.179070066463972353e+02,-8.026714108123233160e+00,-7.842390857634612189e+01,-1.206530468750000000e+04,1.347341308593750000e+02,3.290105957031250000e+03,2.864509224891662598e-01,-5.363121628761291504e-03,3.327807784080505371e-01,2.895542681217193604e-01,1.246217065177960421e+02,8.026714108123233160e+00,7.842390857634612189e+01,-9.328530012860117893e+01,0.000000000000000000e+00,0.000000000000000000e+00,2.864509224891662598e-01,0.000000000000000000e+00,3.327807784080505371e-01,2.895542681217193604e-01,9.672844531250000000e+04,4.868149218750000000e+04,5.745337109375000000e+04,7.421321875000000000e+04,-5.097057394310645014e+07
2.343999999999999861e+00,-2.057004742958328620e+02,-5.082121805600974263e+00,-7.698224054273242700e+01,-1.203862402343750000e+04,1.474748382568359375e+02,3.277080566406250000e+03,2.839093208312988281e-01,1.237278804183006287e-02,3.321218788623809814e-01,2.881502211093902588e-01,1.124151741672316831e+02,5.082121805600974263e+00,7.698224054273242700e+01,-9.328530012860117893e+01,0.000000000000000000e+00,0.000000000000000000e+00,2.839093208312988281e-01,1.237278804183006287e-02,3.321218788623809814e-01,2.881502211093902588e-01,9.672553906250000000e+04,4.845869531250000000e+04,5.756819921875000000e+04,7.432359375000000000e+04,-5.101883872155300528e+07
2.345000000000000195e+00,-1.936159208336133588e+02,-1.873372512178926863e+00,-7.620916494812247777e+01,-1.203431152343750000e+04,1.643363342285156250e+02,3.302200195312500000e+03,2.838789224624633789e-01,3.122947365045547485e-02,3.289179801940917969e-01,2.847640812397003174e-01,1.003306207050121941e+02,1.873372512178926863e+00,7.620916494812247777e+01,-9.328530012860117893e+01,0.000000000000000000e+00,0.000000000000000000e+00,2.838789224624633789e-01,3.122947365045547485e-02,3.289179801940917969e-01,2.847640812397003174e-01,9.671116406250000000e+04,4.822920703125000000e+04,5.767663281250000000e+04,7.444079687500000000e+04,-5.106213719269990921e+07
2.346000000000000085e+00,-1.815567499009706580e+02,1.451950682353239319e+00,-7.614809624321949855e+01,-1.205555664062500000e+04,1.888311157226562500e+02,3.326673828125000000e+03,2.824360728263854980e-01,5.344150960445404053e-02,3.229099512100219727e-01,2.788744568824768066e-01,8.827144977236946488e+01,-1.451950682353239319e+00,7.614809624321949855e+01,-9.328530012860117893e+01,0.000000000000000000e+00,0.000000000000000000e+00,2.824360728263854980e-01,5.344150960445404053e-02,3.229099512100219727e-01,2.788744568824768066e-01,9.669747656250000000e+04,4.799960937500000000e+04,5.778510937500000000e+04,7.455728125000000000e+04,-5.110090068685676157e+07
2.346999999999999975e+00,-1.694315106180292787e+02,4.692599249948655071e+00,-7.681595919333078371e+01,-1.208607421875000000e+04,2.219403533935546875e+02,3.307249023437500000e+03,2.814561128616333008e-01,7.830919325351715088e-02,3.137047588825225830e-01,2.701758444309234619e-01,7.614621048942809978e+01,-4.692599249948655071e+00,7.681595919333078371e+01,-9.328530012860117893e+01,0.000000000000000000e+00,0.000000000000000000e+00,2.814561128616333008e-01,7.830919325351715088e-02,3.137047588825225830e-01,2.701758444309234619e-01,9.666604687500000000e+04,4.777791406250000000e+04,5.790082812500000000e+04,7.466628906250000000e+04,-5.113553043572158366e+07
2.347999999999999865e+00,-1.571786879955260190e+02,7.733376763111785124e+00,-7.820385012320849683e+01,-1.209912792968750000e+04,2.583594360351562500e+02,3.335316650390625000e+03,2.834907174110412598e-01,1.047299951314926147e-01,3.007360696792602539e-01,2.582620680332183838e-01,6.389338786692484717e+01,-7.733376763111785124e+00,7.820385012320849683e+01,-9.328530012860117893e+01,0.000000000000000000e+00,0.000000000000000000e+00,2.834907174110412598e-01,1.047299951314926147e-01,3.007360696792602539e-01,2.582620680332183838e-01,9.663688281250000000e+04,4.754847656250000000e+04,5.800855468750000000e+04,7.478343750000000000e+04,-5.116641122297183424e+07
2.349000000000000199e+00,-1.447657666356813877e+02,1.041458682252138956e+01,-8.026364829179202331e+01,-1.208447558593750000e+04,2.866467895507812500e+02,3.359350097656250000e+03,2.834922075271606445e-01,1.333785057067871094e-01,2.842243909835815430e-01,2.441660165786743164e-01,5.148046650708021588e+01,-1.041458682252138956e+01,8.026364829179202331e+01,-9.328530012860117893e+01,0.000000000000000000e+00,0.000000000000000000e+00,2.834922075271606445e-01,1.333785057067871094e-01,2.842243909835815430e-01,2.441660165786743164e-01,9.662173437500000000e+04,4.733053125000000000e+04,5.811687500000000000e+04,7.490046093750000000e+04,-5.119391906701724231e+07
2.350000000000000089e+00,-1.321846382740737624e+02,1.260080850383884687e+01,-8.291636745194732327e+01,-1.204819824218750000e+04,3.043128356933593750e+02,3.389015625000000000e+03,2.845314741134643555e-01,1.617820560932159424e-01,2.645368278026580811e-01,2.286520153284072876e-01,3.889933814547258351e+01,-1.260080850383884687e+01,8.291636745194732327e+01,-9.328530012860117893e+01,0.000000000000000000e+00,0.000000000000000000e+00,2.845314741134643555e-01,1.617820560932159424e-01,2.645368278026580811e-01,2.286520153284072876e-01,9.660759375000000000e+04,4.734685546875000000e+04,5.822417968750000000e+04,7.501787500000000000e+04,-5.121842574997926503e+07
2.350999999999999979e+00,-1.194502191226620056e+02,1.416686119892692020e+01,-8.603510131450967435e+01,-1.200871875000000000e+04,3.122453002929687500e+02,3.406234130859375000e+03,2.859600186347961426e-01,1.892103254795074463e-01,2.427244335412979126e-01,2.128747850656509399e-01,2.616491899406082311e+01,-1.416686119892692020e+01,8.603510131450967435e+01,-9.328530012860117893e+01,0.000000000000000000e+00,0.000000000000000000e+00,2.859600186347961426e-01,1.892103254795074463e-01,2.427244335412979126e-01,2.128747850656509399e-01,9.659977343750000000e+04,4.745616015625000000e+04,5.833349609375000000e+04,7.511791406250000000e+04,-5.124029684344214201e+07
2.351999999999999869e+00,-1.066028908520012095e+02,1.500688221401029132e+01,-8.942470797961814810e+01,-1.198991699218750000e+04,3.181812438964843750e+02,3.377366943359375000e+03,2.885687649250030518e-01,2.149902582168579102e-01,2.199490517377853394e-01,1.976309418678283691e-01,1.331759072340003591e+01,-1.500688221401029132e+01,8.942470797961814810e+01,-9.328530012860117893e+01,0.000000000000000000e+00,0.000000000000000000e+00,2.885687649250030518e-01,2.149902582168579102e-01,2.199490517377853394e-01,1.976309418678283691e-01,9.659372656250000000e+04,4.757378125000000000e+04,5.845045703125000000e+04,7.509150000000000000e+04,-5.125988300469116867e+07
2.353000000000000203e+00,-9.368587560081191157e+01,1.508219429114437027e+01,-9.295746485460071540e+01,-1.199619921875000000e+04,3.333037414550781250e+02,3.402417968750000000e+03,2.939029037952423096e-01,2.392929196357727051e-01,1.971726119518280029e-01,1.829713732004165649e-01,4.005754722107391363e-01,-1.508219429114437027e+01,9.295746485460071540e+01,-9.328530012860117893e+01,0.000000000000000000e+00,0.000000000000000000e+00,2.939029037952423096e-01,2.392929196357727051e-01,1.971726119518280029e-01,1.829713732004165649e-01,9.661524218750000000e+04,4.768242968750000000e+04,5.855839453125000000e+04,7.496103906250000000e+04,-5.127752861083509028e+07
2.354000000000000092e+00,-8.078203295052863098e+01,1.437009874115083008e+01,-9.642151717632975760e+01,-1.201943359375000000e+04,3.553749084472656250e+02,3.412888427734375000e+03,2.956355810165405273e-01,2.623251676559448242e-01,1.766141057014465332e-01,1.714104115962982178e-01,-1.250326717807254795e+01,-1.437009874115083008e+01,9.642151717632975760e+01,-9.328530012860117893e+01,0.000000000000000000e+00,0.000000000000000000e+00,2.956355810165405273e-01,2.623251676559448242e-01,1.766141057014465332e-01,1.714104115962982178e-01,9.667091406250000000e+04,4.779331250000000000e+04,5.866875000000000000e+04,7.473760156250000000e+04,-5.129355795639512688e+07
2.354999999999999982e+00,-6.799170487367769056e+01,1.290766791780281508e+01,-9.960919917329462692e+01,-1.203483691406250000e+04,3.805582275390625000e+02,3.410678710937500000e+03,2.977921366691589355e-01,2.836566865444183350e-01,1.585956066846847534e-01,1.624095439910888672e-01,-2.529359525492348837e+01,-1.290766791780281508e+01,9.960919917329462692e+01,-9.328530012860117893e+01,0.000000000000000000e+00,0.000000000000000000e+00,2.977921366691589355e-01,2.836566865444183350e-01,1.585956066846847534e-01,1.624095439910888672e-01,9.673471093750000000e+04,4.790589843750000000e+04,5.876077734375000000e+04,7.451183593750000000e+04,-5.130826942877777666e+07
2.355999999999999872e+00,-5.539733216453535647e+01,1.077127276837595993e+01,-1.023808082388649865e+02,-1.202187500000000000e+04,3.990831604003906250e+02,3.436016845703125000e+03,3.003007769584655762e-01,3.030259907245635986e-01,1.439450830221176147e-01,1.566241383552551270e-01,-3.788796796406582246e+01,-1.077127276837595993e+01,1.023808082388649865e+02,-9.328530012860117893e+01,0.000000000000000000e+00,0.000000000000000000e+00,3.003007769584655762e-01,3.030259907245635986e-01,1.439450830221176147e-01,1.566241383552551270e-01,9.681729687500000000e+04,4.801391406250000000e+04,5.870671093750000000e+04,7.429085937500000000e+04,-5.132193614340142161e+07
2.357000000000000206e+00,-4.304511244014674531e+01,8.095801506847767115e+00,-1.045932241991357188e+02,-1.198582617187500000e+04,4.050099487304687500e+02,3.435115722656250000e+03,3.008897900581359863e-01,3.192219734191894531e-01,1.340519785881042480e-01,1.559007763862609863e-01,-5.024018768845443361e+01,-8.095801506847767115e+00,1.045932241991357188e+02,-9.328530012860117893e+01,0.000000000000000000e+00,0.000000000000000000e+00,3.008897900581359863e-01,3.192219734191894531e-01,1.340519785881042480e-01,1.559007763862609863e-01,9.691019531250000000e+04,4.812690234375000000e+04,5.854350000000000000e+04,7.406607031250000000e+04,-5.133479430965681374e+07
2.358000000000000096e+00,-3.091467593950908821e+01,4.994651933481658368e+00,-1.061868067928696604e+02,-1.194502929687500000e+04,4.036449584960937500e+02,3.464693115234375000e+03,3.025062084197998047e-01,3.331427276134490967e-01,1.283805966377258301e-01,1.586128324270248413e-01,-6.237062418909209072e+01,-4.994651933481658368e+00,1.061868067928696604e+02,-9.328530012860117893e+01,0.000000000000000000e+00,0.000000000000000000e+00,3.025062084197998047e-01,3.331427276134490967e-01,1.283805966377258301e-01,1.586128324270248413e-01,9.701007031250000000e+04,4.823478906250000000e+04,5.831311718750000000e+04,7.384596093750000000e+04,-5.134705061133006215e+07
2.358999999999999986e+00,-1.893642968169132246e+01,1.626583172546865796e+00,-1.070950397997685428e+02,-1.192208886718750000e+04,3.998324890136718750e+02,3.471303466796875000e+03,3.016923367977142334e-01,3.443808555603027344e-01,1.280259937047958374e-01,1.657295525074005127e-01,-7.434887044690985647e+01,-1.626583172546865796e+00,1.070950397997685428e+02,-9.328530012860117893e+01,0.000000000000000000e+00,0.000000000000000000e+00,3.016923367977142334e-01,3.443808555603027344e-01,1.280259937047958374e-01,1.657295525074005127e-01,9.711530468750000000e+04,4.834631250000000000e+04,5.808664062500000000e+04,7.362163281250000000e+04,-5.135888119302168489e+07
2.359999999999999876e+00,-7.005517883418093561e+00,-1.837139317200620292e+00,-1.072794399787369173e+02,-1.192760351562500000e+04,4.016741638183593750e+02,3.451608398437500000e+03,3.016986846923828125e-01,3.552266955375671387e-01,1.316427290439605713e-01,1.741916984319686890e-01,-8.627978224518308537e+01,1.837139317200620292e+00,1.072794399787369173e+02,-9.328530012860117893e+01,0.000000000000000000e+00,0.000000000000000000e+00,3.016986846923828125e-01,3.552266955375671387e-01,1.316427290439605713e-01,1.741916984319686890e-01,9.720750781250000000e+04,4.846184375000000000e+04,5.786464843750000000e+04,7.339307031250000000e+04,-5.137044252362552285e+07
2.361000000000000210e+00,4.982005530805992066e+00,-5.290739673238777918e+00,-1.067279042587927194e+02,-1.194951757812500000e+04,4.138584289550781250e+02,3.478998779296875000e+03,3.032680451869964600e-01,3.672160506248474121e-01,1.382431387901306152e-01,1.821194589138031006e-01,-9.826730565940717099e+01,5.290739673238777918e+00,1.067279042587927194e+02,-9.328530012860117893e+01,0.000000000000000000e+00,0.000000000000000000e+00,3.032680451869964600e-01,3.672160506248474121e-01,1.382431387901306152e-01,1.821194589138031006e-01,9.730603125000000000e+04,4.856947265625000000e+04,5.763492187500000000e+04,7.317281250000000000e+04,-5.138188618147839606e+07
2.362000000000000099e+00,1.711106103775713905e+01,-8.551348183731613872e+00,-1.054430955350735246e+02,-1.197042773437500000e+04,4.296181030273437500e+02,3.481095458984375000e+03,3.024743199348449707e-01,3.787207603454589844e-01,1.485090106725692749e-01,1.910730451345443726e-01,-1.103963611663583180e+02,8.551348183731613872e+00,1.054430955350735246e+02,-9.328530012860117893e+01,0.000000000000000000e+00,0.000000000000000000e+00,3.024743199348449707e-01,3.787207603454589844e-01,1.485090106725692749e-01,1.910730451345443726e-01,9.740842187500000000e+04,4.868189843750000000e+04,5.745187500000000000e+04,7.296590625000000000e+04,-5.139337034184001386e+07
2.362999999999999989e+00,2.943040789031016402e+01,-1.146967356576684693e+01,-1.034584990627051155e+02,-1.197047363281250000e+04,4.446139831542968750e+02,3.490364990234375000e+03,3.031734228134155273e-01,3.915702402591705322e-01,1.592473387718200684e-01,1.982814967632293701e-01,-1.227157080189113429e+02,1.146967356576684693e+01,1.034584990627051155e+02,-9.328530012860117893e+01,0.000000000000000000e+00,0.000000000000000000e+00,3.031734228134155273e-01,3.915702402591705322e-01,1.592473387718200684e-01,1.982814967632293701e-01,9.750389062500000000e+04,4.879320703125000000e+04,5.735305468750000000e+04,7.283258593750000000e+04,-5.140507170518861711e+07
2.363999999999999879e+00,4.195252471752461076e+01,-1.390974075320569447e+01,-1.008436481267902707e+02,-1.194370996093750000e+04,4.495467834472656250e+02,3.507616210937500000e+03,3.019516766071319580e-01,4.038276970386505127e-01,1.691782176494598389e-01,2.053703814744949341e-01,-1.352378248461257897e+02,1.390974075320569447e+01,1.008436481267902707e+02,-9.328530012860117893e+01,0.000000000000000000e+00,0.000000000000000000e+00,3.019516766071319580e-01,4.038276970386505127e-01,1.691782176494598389e-01,2.053703814744949341e-01,9.760403906250000000e+04,4.890300390625000000e+04,5.733931640625000000e+04,7.275821875000000000e+04,-5.141719464177413285e+07
2.365000000000000213e+00,5.466020801373984739e+01,-1.572767426776837318e+01,-9.773652440079386849e+01,-1.190898632812500000e+04,4.428159790039062500e+02,3.489255371093750000e+03,2.973405718803405762e-01,4.142177104949951172e-01,1.765272021293640137e-01,2.132771313190460205e-01,-1.479455081423410263e+02,1.572767426776837318e+01,9.773652440079386849e+01,-9.328530012860117893e+01,0.000000000000000000e+00,0.000000000000000000e+00,2.973405718803405762e-01,4.142177104949951172e-01,1.765272021293640137e-01,2.132771313190460205e-01,9.768681250000000000e+04,4.901844531250000000e+04,5.740890234375000000e+04,7.273314843750000000e+04,-5.142998216805405915e+07
2.366000000000000103e+00,6.752774291237680870e+01,-1.685220018657145857e+01,-9.424941332909436653e+01,-1.188531738281250000e+04,4.344867553710937500e+02,3.510428222656250000e+03,2.914269268512725830e-01,4.241791963577270508e-01,1.788122802972793579e-01,2.202740907669067383e-01,-1.608130430409779876e+02,1.685220018657145857e+01,9.424941332909436653e+01,-9.328530012860117893e+01,0.000000000000000000e+00,0.000000000000000000e+00,2.914269268512725830e-01,4.241791963577270508e-01,1.788122802972793579e-01,2.202740907669067383e-01,9.774257812500000000e+04,4.912702734375000000e+04,5.751826562500000000e+04,7.277478906250000000e+04,-5.144370911268090457e+07
2.366999999999999993e+00,8.049772417258178336e+01,-1.720565358351118235e+01,-9.056868000039142430e+01,-1.188794042968750000e+04,4.299176635742187500e+02,3.517188232421875000e+03,2.802542448043823242e-01,4.317196905612945557e-01,1.769107878208160400e-01,2.277662158012390137e-01,-1.737830243011829623e+02,1.720565358351118235e+01,9.056868000039142430e+01,-9.328530012860117893e+01,0.000000000000000000e+00,0.000000000000000000e+00,2.802542448043823242e-01,4.317196905612945557e-01,1.769107878208160400e-01,2.277662158012390137e-01,9.775405468750000000e+04,4.923845312500000000e+04,5.763001171875000000e+04,7.286468750000000000e+04,-5.145868771659012139e+07
2.367999999999999883e+00,-2.665209754301435510e+02,-1.675399065892310446e+01,-8.692519972409513684e+01,-1.191320410156250000e+04,4.356391906738281250e+02,3.493015625000000000e+03,2.680764794349670410e-01,4.395371973514556885e-01,1.691651493310928345e-01,2.324599176645278931e-01,1.732356753015423863e+02,1.675399065892310446e+01,8.692519972409513684e+01,-9.328530012860117893e+01,0.000000000000000000e+00,0.000000000000000000e+00,2.680764794349670410e-01,4.395371973514556885e-01,1.691651493310928345e-01,2.324599176645278931e-01,9.768160937500000000e+04,4.935537500000000000e+04,5.774687500000000000e+04,7.297285937500000000e+04,-5.153755783348442614e+07
2.369000000000000217e+00,-2.536226788989685588e+02,-1.551725330502004319e+01,-8.348358253828602926e+01,-1.193772949218750000e+04,4.487308044433593750e+02,3.507490722656250000e+03,2.864009737968444824e-01,-1.978327333927154541e-02,3.171797990798950195e-01,2.710475027561187744e-01,1.603373787703673941e+02,1.551725330502004319e+01,8.348358253828602926e+01,-9.328530012860117893e+01,0.000000000000000000e+00,0.000000000000000000e+00,2.864009737968444824e-01,0.000000000000000000e+00,3.171797990798950195e-01,2.710475027561187744e-01,9.753203125000000000e+04,4.946571875000000000e+04,5.780119921875000000e+04,7.308758593750000000e+04,-5.160909259043987095e+07
2.370000000000000107e+00,-2.409083306752845601e+02,-1.356628813426799063e+01,-8.043164879062021555e+01,-1.194396875000000000e+04,4.576317138671875000e+02,3.516854736328125000e+03,2.808619737625122070e-01,-7.186749950051307678e-03,3.233803808689117432e-01,2.753309905529022217e-01,1.476230305466833670e+02,1.356628813426799063e+01,8.043164879062021555e+01,-9.328530012860117893e+01,0.000000000000000000e+00,0.000000000000000000e+00,2.808619737625122070e-01,0.000000000000000000e+00,3.233803808689117432e-01,2.753309905529022217e-01,9.751364062500000000e+04,4.923910156250000000e+04,5.791240234375000000e+04,7.320178125000000000e+04,-5.167378270852953941e+07
2.370999999999999996e+00,-2.284408656370488870e+02,-1.099679555999172109e+01,-7.789034630626052547e+01,-1.192280273437500000e+04,4.586304931640625000e+02,3.550063476562500000e+03,2.765349745750427246e-01,7.124994881451129913e-03,3.274084031581878662e-01,2.778092622756958008e-01,1.351555655084476939e+02,1.099679555999172109e+01,7.789034630626052547e+01,-9.328530012860117893e+01,0.000000000000000000e+00,0.000000000000000000e+00,2.765349745750427246e-01,7.124994881451129913e-03,3.274084031581878662e-01,2.778092622756958008e-01,9.746065625000000000e+04,4.900813671875000000e+04,5.801960546875000000e+04,7.332033593750000000e+04,-5.173215577318283916e+07
2.371999999999999886e+00,-2.162329102875195304e+02,-7.930918400691625791e+00,-7.595337121975431671e+01,-1.188538378906250000e+04,4.482668762207031250e+02,3.590969970703125000e+03,2.723874151706695557e-01,2.335323207080364227e-02,3.288345038890838623e-01,2.784673273563385010e-01,1.229476101589183514e+02,7.930918400691625791e+00,7.595337121975431671e+01,-9.328530012860117893e+01,0.000000000000000000e+00,0.000000000000000000e+00,2.723874151706695557e-01,2.335323207080364227e-02,3.288345038890838623e-01,2.784673273563385010e-01,9.738063281250000000e+04,4.877589843750000000e+04,5.812550000000000000e+04,7.343956250000000000e+04,-5.178474425874057412e+07
2.373000000000000220e+00,-2.042383285715658019e+02,-4.559866660926762627e+00,-7.471549258782536640e+01,-1.185598046875000000e+04,4.314733276367187500e+02,3.568985839843750000e+03,2.690046429634094238e-01,4.075874388217926025e-02,3.275082409381866455e-01,2.773533761501312256e-01,1.109530284429646230e+02,4.559866660926762627e+00,7.471549258782536640e+01,-9.328530012860117893e+01,0.000000000000000000e+00,0.000000000000000000e+00,2.690046429634094238e-01,4.075874388217926025e-02,3.275082409381866455e-01,2.773533761501312256e-01,9.726209375000000000e+04,4.855471484375000000e+04,5.824183593750000000e+04,7.354813281250000000e+04,-5.183206075081488490e+07
2.374000000000000110e+00,-1.923604470665076178e+02,-1.002125934193854429e+00,-7.419503889451608813e+01,-1.184871582031250000e+04,4.202286376953125000e+02,3.577326660156250000e+03,2.693704664707183838e-01,5.818120762705802917e-02,3.233089447021484375e-01,2.738685309886932373e-01,9.907514693790642468e+01,1.002125934193854429e+00,7.419503889451608813e+01,-9.328530012860117893e+01,0.000000000000000000e+00,0.000000000000000000e+00,2.693704664707183838e-01,5.818120762705802917e-02,3.233089447021484375e-01,2.738685309886932373e-01,9.712756250000000000e+04,4.832852734375000000e+04,5.835309375000000000e+04,7.366192968750000000e+04,-5.187456920046345890e+07
2.375000000000000000e+00,-1.804885109784065378e+02,2.606685431158918043e+00,-7.441435711844209777e+01,-1.186492480468750000e+04,4.173750610351562500e+02,3.597807861328125000e+03,2.689936757087707520e-01,7.855868339538574219e-02,3.162392675876617432e-01,2.680089771747589111e-01,8.720321084980535886e+01,-2.606685431158918043e+00,7.441435711844209777e+01,-9.328530012860117893e+01,0.000000000000000000e+00,0.000000000000000000e+00,2.689936757087707520e-01,7.855868339538574219e-02,3.162392675876617432e-01,2.680089771747589111e-01,9.700117187500000000e+04,4.810013281250000000e+04,5.846230468750000000e+04,7.377828906250000000e+04,-5.191268959441295266e+07
2.375999999999999890e+00,-1.685207807817507444e+02,6.108578986307108494e+00,-7.538404296538102756e+01,-1.189003613281250000e+04,4.218948669433593750e+02,3.614874755859375000e+03,2.684396505355834961e-01,1.015348881483078003e-01,3.059820532798767090e-01,2.594688534736633301e-01,7.523548065314956546e+01,-6.108578986307108494e+00,7.538404296538102756e+01,-9.328530012860117893e+01,0.000000000000000000e+00,0.000000000000000000e+00,2.684396505355834961e-01,1.015348881483078003e-01,3.059820532798767090e-01,2.594688534736633301e-01,9.687398437500000000e+04,4.787196093750000000e+04,5.857204687500000000e+04,7.389384375000000000e+04,-5.194680891663928330e+07
2.376999999999999780e+00,-1.563879789825847979e+02,9.366872763614644271e+00,-7.709580752844972551e+01,-1.189813964843750000e+04,4.276836853027343750e+02,3.654910888671875000e+03,2.684853971004486084e-01,1.263688206672668457e-01,2.921855449676513672e-01,2.481251806020736694e-01,6.310267885398363319e+01,-9.366872763614644271e+00,7.709580752844972551e+01,-9.328530012860117893e+01,0.000000000000000000e+00,0.000000000000000000e+00,2.684853971004486084e-01,1.263688206672668457e-01,2.921855449676513672e-01,2.481251806020736694e-01,9.675036718750000000e+04,4.763981250000000000e+04,5.867792968750000000e+04,7.401273437500000000e+04,-5.197729761845337600e+07
2.378000000000000114e+00,-1.440593802393234455e+02,1.218768740761452030e+01,-7.947816820457452991e+01,-1.187886523437500000e+04,4.237132568359375000e+02,3.647142578125000000e+03,2.680062651634216309e-01,1.523658931255340576e-01,2.749314010143280029e-01,2.347983270883560181e-01,5.077408011072227367e+01,-1.218768740761452030e+01,7.947816820457452991e+01,-9.328530012860117893e+01,0.000000000000000000e+00,0.000000000000000000e+00,2.680062651634216309e-01,1.523658931255340576e-01,2.749314010143280029e-01,2.347983270883560181e-01,9.662121093750000000e+04,4.741624218750000000e+04,5.879173437500000000e+04,7.412376562500000000e+04,-5.200451604243381321e+07
2.379000000000000004e+00,-1.315311413363736222e+02,1.446278853508575146e+01,-8.245630688677158560e+01,-1.183747851562500000e+04,4.103543090820312500e+02,3.667822265625000000e+03,2.708531022071838379e-01,1.773874461650848389e-01,2.544387876987457275e-01,2.195591479539871216e-01,3.824584120777245033e+01,-1.446278853508575146e+01,8.245630688677158560e+01,-9.328530012860117893e+01,0.000000000000000000e+00,0.000000000000000000e+00,2.708531022071838379e-01,1.773874461650848389e-01,2.544387876987457275e-01,2.195591479539871216e-01,9.650000781250000000e+04,4.737668359375000000e+04,5.890075781250000000e+04,7.423998437500000000e+04,-5.202882469837267697e+07
2.379999999999999893e+00,-1.188179860979084594e+02,1.608713415046997142e+01,-8.592032404552168146e+01,-1.179606738281250000e+04,3.872952270507812500e+02,3.701731201171875000e+03,2.729600071907043457e-01,2.015975415706634521e-01,2.322320193052291870e-01,2.045791894197463989e-01,2.553268596930728407e+01,-1.608713415046997142e+01,8.592032404552168146e+01,-9.328530012860117893e+01,0.000000000000000000e+00,0.000000000000000000e+00,2.729600071907043457e-01,2.015975415706634521e-01,2.322320193052291870e-01,2.045791894197463989e-01,9.638113281250000000e+04,4.748366015625000000e+04,5.900753906250000000e+04,7.429477343750000000e+04,-5.205058351016230136e+07
2.380999999999999783e+00,-1.059672533349455961e+02,1.695218166823309147e+01,-8.967603483297024525e+01,-1.177833203125000000e+04,3.621889038085937500e+02,3.691852783203125000e+03,2.748099565505981445e-01,2.241542041301727295e-01,2.095809280872344971e-01,1.908209472894668579e-01,1.268195320634441536e+01,-1.695218166823309147e+01,8.967603483297024525e+01,-9.328530012860117893e+01,0.000000000000000000e+00,0.000000000000000000e+00,2.748099565505981445e-01,2.241542041301727295e-01,2.095809280872344971e-01,1.908209472894668579e-01,9.629214843750000000e+04,4.759753515625000000e+04,5.912157812500000000e+04,7.422873437500000000e+04,-5.207014173662833124e+07
2.382000000000000117e+00,-9.304621186177313064e+01,1.701064053881723126e+01,-9.355359625792401346e+01,-1.178404101562500000e+04,3.444041137695312500e+02,3.699452148437500000e+03,2.791700363159179688e-01,2.452502846717834473e-01,1.871913969516754150e-01,1.777838021516799927e-01,-2.390882668280429058e-01,-1.701064053881723126e+01,9.355359625792401346e+01,-9.328530012860117893e+01,0.000000000000000000e+00,0.000000000000000000e+00,2.791700363159179688e-01,2.452502846717834473e-01,1.871913969516754150e-01,1.777838021516799927e-01,9.622172656250000000e+04,4.770853515625000000e+04,5.923266796875000000e+04,7.406348437500000000e+04,-5.208784097143448889e+07
2.383000000000000007e+00,-8.015939598679491951e+01,1.625217389277989000e+01,-9.732280782011574161e+01,-1.180355371093750000e+04,3.333600769042968750e+02,3.681698486328125000e+03,2.824723720550537109e-01,2.648462653160095215e-01,1.668767333030700684e-01,1.675042808055877686e-01,-1.312590414180625942e+01,-1.625217389277989000e+01,9.732280782011574161e+01,-9.328530012860117893e+01,0.000000000000000000e+00,0.000000000000000000e+00,2.824723720550537109e-01,2.648462653160095215e-01,1.668767333030700684e-01,1.675042808055877686e-01,9.617910156250000000e+04,4.782434765625000000e+04,5.934795703125000000e+04,7.383552343750000000e+04,-5.210400236227768660e+07
2.383999999999999897e+00,-6.740606658633689108e+01,1.471057478380237526e+01,-1.008234622900305339e+02,-1.181443261718750000e+04,3.269540710449218750e+02,3.701200195312500000e+03,2.869315147399902344e-01,2.830244898796081543e-01,1.491364240646362305e-01,1.596302688121795654e-01,-2.587923354226429495e+01,-1.471057478380237526e+01,1.008234622900305339e+02,-9.328530012860117893e+01,0.000000000000000000e+00,0.000000000000000000e+00,2.869315147399902344e-01,2.830244898796081543e-01,1.491364240646362305e-01,1.596302688121795654e-01,9.616659375000000000e+04,4.793389062500000000e+04,5.934551171875000000e+04,7.361413281250000000e+04,-5.211892771164894849e+07
2.384999999999999787e+00,-5.487678270125653768e+01,1.245936958443045661e+01,-1.039015384190405911e+02,-1.180177539062500000e+04,3.142564086914062500e+02,3.737546386718750000e+03,2.889710068702697754e-01,2.986369729042053223e-01,1.357111930847167969e-01,1.565724909305572510e-01,-3.840851742734464125e+01,-1.245936958443045661e+01,1.039015384190405911e+02,-9.328530012860117893e+01,0.000000000000000000e+00,0.000000000000000000e+00,2.889710068702697754e-01,2.986369729042053223e-01,1.357111930847167969e-01,1.565724909305572510e-01,9.618905468750000000e+04,4.804042968750000000e+04,5.920200781250000000e+04,7.339493750000000000e+04,-5.213288993850487471e+07
2.386000000000000121e+00,-4.262475756862507836e+01,9.642930419594508251e+00,-1.063982899379017510e+02,-1.176904980468750000e+04,2.890557250976562500e+02,3.728436767578125000e+03,2.896411716938018799e-01,3.111492395401000977e-01,1.271115243434906006e-01,1.585030257701873779e-01,-5.066054255997610056e+01,-9.642930419594508251e+00,1.063982899379017510e+02,-9.328530012860117893e+01,0.000000000000000000e+00,0.000000000000000000e+00,2.896411716938018799e-01,3.111492395401000977e-01,1.271115243434906006e-01,1.585030257701873779e-01,9.621692968750000000e+04,4.815414453125000000e+04,5.897813671875000000e+04,7.316803125000000000e+04,-5.214612039067144692e+07
2.387000000000000011e+00,-3.063135204011057056e+01,6.378357836189080032e+00,-1.082589171408198894e+02,-1.172980175781250000e+04,2.552435302734375000e+02,3.746358642578125000e+03,2.921351492404937744e-01,3.219391107559204102e-01,1.225370243191719055e-01,1.632482409477233887e-01,-6.265394808849060837e+01,-6.378357836189080032e+00,1.082589171408198894e+02,-9.328530012860117893e+01,0.000000000000000000e+00,0.000000000000000000e+00,2.921351492404937744e-01,3.219391107559204102e-01,1.225370243191719055e-01,1.632482409477233887e-01,9.625375000000000000e+04,4.826344140625000000e+04,5.874972265625000000e+04,7.294579687500000000e+04,-5.215881934698843956e+07
2.387999999999999901e+00,-1.882602000782080154e+01,2.825111637030453871e+00,-1.094241547284400866e+02,-1.170764062500000000e+04,2.180826263427734375e+02,3.738360107421875000e+03,2.922824621200561523e-01,3.300072848796844482e-01,1.232745349407196045e-01,1.724855750799179077e-01,-7.445928012078037739e+01,-2.825111637030453871e+00,1.094241547284400866e+02,-9.328530012860117893e+01,0.000000000000000000e+00,0.000000000000000000e+00,2.922824621200561523e-01,3.300072848796844482e-01,1.232745349407196045e-01,1.724855750799179077e-01,9.630249218750000000e+04,4.837762109375000000e+04,5.852559375000000000e+04,7.271975000000000000e+04,-5.217115539291156828e+07
2.388999999999999790e+00,-7.101644080205446130e+00,-8.919954977618010927e-01,-1.098671749990835593e+02,-1.171272753906250000e+04,1.885179595947265625e+02,3.745187500000000000e+03,2.932183146476745605e-01,3.377891480922698975e-01,1.279680281877517700e-01,1.831037104129791260e-01,-8.618365604839573280e+01,8.919954977618010927e-01,1.098671749990835593e+02,-9.328530012860117893e+01,0.000000000000000000e+00,0.000000000000000000e+00,2.932183146476745605e-01,3.377891480922698975e-01,1.279680281877517700e-01,1.831037104129791260e-01,9.635328906250000000e+04,4.848928906250000000e+04,5.829895312500000000e+04,7.249603125000000000e+04,-5.218327741805845499e+07
2.390000000000000124e+00,4.653285160509298635e+00,-4.641352841610726365e+00,-1.095640165078555981e+02,-1.173606835937500000e+04,1.681060180664062500e+02,3.764399169921875000e+03,2.931717038154602051e-01,3.455265462398529053e-01,1.367961019277572632e-01,1.949131190776824951e-01,-9.793858528911047756e+01,4.641352841610726365e+00,1.095640165078555981e+02,-9.328530012860117893e+01,0.000000000000000000e+00,0.000000000000000000e+00,2.931717038154602051e-01,3.455265462398529053e-01,1.367961019277572632e-01,1.949131190776824951e-01,9.641219531250000000e+04,4.859870703125000000e+04,5.807022656250000000e+04,7.231478906250000000e+04,-5.219532488699077070e+07
2.391000000000000014e+00,1.653513545802600504e+01,-8.233858851868294693e+00,-1.085137517831112604e+02,-1.175984863281250000e+04,1.518553619384765625e+02,3.744477783203125000e+03,2.928240299224853516e-01,3.538658618927001953e-01,1.488699465990066528e-01,2.067596316337585449e-01,-1.098204355866271840e+02,8.233858851868294693e+00,1.085137517831112604e+02,-9.328530012860117893e+01,0.000000000000000000e+00,0.000000000000000000e+00,2.928240299224853516e-01,3.538658618927001953e-01,1.488699465990066528e-01,2.067596316337585449e-01,9.646219531250000000e+04,4.871427734375000000e+04,5.786862890625000000e+04,7.222103906250000000e+04,-5.220744132845302671e+07
2.391999999999999904e+00,2.860861269383120487e+01,-1.155549255082168969e+01,-1.067277053438639882e+02,-1.176219433593750000e+04,1.352444458007812500e+02,3.762915771484375000e+03,2.950573563575744629e-01,3.645318448543548584e-01,1.615785658359527588e-01,2.163716107606887817e-01,-1.218939128224323838e+02,1.155549255082168969e+01,1.067277053438639882e+02,-9.328530012860117893e+01,0.000000000000000000e+00,0.000000000000000000e+00,2.950573563575744629e-01,3.645318448543548584e-01,1.615785658359527588e-01,2.163716107606887817e-01,9.651530468750000000e+04,4.882339062500000000e+04,5.776069531250000000e+04,7.222518750000000000e+04,-5.221978411366935074e+07
2.392999999999999794e+00,4.090835558362537938e+01,-1.444563938506399126e+01,-1.042648873266428637e+02,-1.174123925781250000e+04,1.094255371093750000e+02,3.761321533203125000e+03,2.938630282878875732e-01,3.739763200283050537e-01,1.748127192258834839e-01,2.269275784492492676e-01,-1.341936557122265583e+02,1.444563938506399126e+01,1.042648873266428637e+02,-9.328530012860117893e+01,0.000000000000000000e+00,0.000000000000000000e+00,2.938630282878875732e-01,3.739763200283050537e-01,1.748127192258834839e-01,2.269275784492492676e-01,9.657927343750000000e+04,4.893640625000000000e+04,5.775800781250000000e+04,7.229800781250000000e+04,-5.223253745045238733e+07
2.394000000000000128e+00,5.344596086629998410e+01,-1.677412036349661406e+01,-1.012123455528098788e+02,-1.171167773437500000e+04,7.646963500976562500e+01,3.755897949218750000e+03,2.911504805088043213e-01,3.832191228866577148e-01,1.855256259441375732e-01,2.372675687074661255e-01,-1.467312609949011630e+02,1.677412036349661406e+01,1.012123455528098788e+02,-9.328530012860117893e+01,0.000000000000000000e+00,0.000000000000000000e+00,2.911504805088043213e-01,3.832191228866577148e-01,1.855256259441375732e-01,2.372675687074661255e-01,9.663244531250000000e+04,4.905017968750000000e+04,5.785842187500000000e+04,7.240979687500000000e+04,-5.224591923119158298e+07
2.395000000000000018e+00,6.621095076360059295e+01,-1.843515104516820458e+01,-9.768088331541092373e+01,-1.169230371093750000e+04,4.131545257568359375e+01,3.759707031250000000e+03,2.850677967071533203e-01,3.914919197559356689e-01,1.924507915973663330e-01,2.479287087917327881e-01,-1.594962508922017719e+02,1.843515104516820458e+01,9.768088331541092373e+01,-9.328530012860117893e+01,0.000000000000000000e+00,0.000000000000000000e+00,2.850677967071533203e-01,3.914919197559356689e-01,1.924507915973663330e-01,2.479287087917327881e-01,9.666788281250000000e+04,4.916223046875000000e+04,5.797021875000000000e+04,7.252266406250000000e+04,-5.226018453095193952e+07
2.395999999999999908e+00,7.914562393842943777e+01,-1.932586851569777053e+01,-9.387630761361970144e+01,-1.169900292968750000e+04,9.326414108276367188e+00,3.714756835937500000e+03,2.751729786396026611e-01,3.987037241458892822e-01,1.948158442974090576e-01,2.585375308990478516e-01,-1.724309240670306167e+02,1.932586851569777053e+01,9.387630761361970144e+01,-9.328530012860117893e+01,0.000000000000000000e+00,0.000000000000000000e+00,2.751729786396026611e-01,3.987037241458892822e-01,1.948158442974090576e-01,2.585375308990478516e-01,9.665135937500000000e+04,4.928214453125000000e+04,5.809026953125000000e+04,7.262748437500000000e+04,-5.227563481106559932e+07
2.396999999999999797e+00,-2.678239296632298760e+02,-1.940515045633916102e+01,-8.995407417842152142e+01,-1.172532519531250000e+04,-1.119928741455078125e+01,3.707550537109375000e+03,2.656437158584594727e-01,4.076519012451171875e-01,1.909692138433456421e-01,2.662205398082733154e-01,1.745386295346287113e+02,1.940515045633916102e+01,8.995407417842152142e+01,-9.328530012860117893e+01,0.000000000000000000e+00,0.000000000000000000e+00,2.656437158584594727e-01,4.076519012451171875e-01,1.909692138433456421e-01,2.662205398082733154e-01,9.657222656250000000e+04,4.939545312500000000e+04,5.820412500000000000e+04,7.273886718750000000e+04,-5.235583276369138062e+07
2.398000000000000131e+00,-2.548181729330280518e+02,-1.866406694644688002e+01,-8.613010061941034223e+01,-1.175410351562500000e+04,-2.470250320434570312e+01,3.696358642578125000e+03,2.772501111030578613e-01,-4.836574196815490723e-02,3.230761885643005371e-01,2.901311218738555908e-01,1.615328728044268871e+02,1.866406694644688002e+01,8.613010061941034223e+01,-9.328530012860117893e+01,0.000000000000000000e+00,0.000000000000000000e+00,2.772501111030578613e-01,0.000000000000000000e+00,3.230761885643005371e-01,2.901311218738555908e-01,9.642717187500000000e+04,4.950976953125000000e+04,5.831873437500000000e+04,7.285000000000000000e+04,-5.242853180657599866e+07
2.399000000000000021e+00,-2.419648032821401102e+02,-1.714985792705603274e+01,-8.261186263233130944e+01,-1.176717187500000000e+04,-3.622983932495117188e+01,3.680448730468750000e+03,2.716913819313049316e-01,-4.064400121569633484e-02,3.305301964282989502e-01,2.973510324954986572e-01,1.486795031535389171e+02,1.714985792705603274e+01,8.261186263233130944e+01,-9.328530012860117893e+01,0.000000000000000000e+00,0.000000000000000000e+00,2.716913819313049316e-01,0.000000000000000000e+00,3.305301964282989502e-01,2.973510324954986572e-01,9.636628125000000000e+04,4.928767187500000000e+04,5.843419140625000000e+04,7.295985937500000000e+04,-5.249419761007786542e+07
2.399999999999999911e+00,-2.293602426826923306e+02,-1.494451514970607775e+01,-7.954862386075856762e+01,-1.175341113281250000e+04,-5.100084686279296875e+01,3.684214599609375000e+03,2.672624289989471436e-01,-3.081752732396125793e-02,3.362725973129272461e-01,3.029448688030242920e-01,1.360749425540911375e+02,1.494451514970607775e+01,7.954862386075856762e+01,-9.328530012860117893e+01,0.000000000000000000e+00,0.000000000000000000e+00,2.672624289989471436e-01,0.000000000000000000e+00,3.362725973129272461e-01,3.029448688030242920e-01,9.627164062500000000e+04,4.906220703125000000e+04,5.854641796875000000e+04,7.307272656250000000e+04,-5.255335505309253186e+07
2.400999999999999801e+00,-2.170526831603179971e+02,-1.220128975098317348e+01,-7.708758227475382796e+01,-1.172580273437500000e+04,-7.489060211181640625e+01,3.645252197265625000e+03,2.630695700645446777e-01,-1.878906041383743286e-02,3.397963643074035645e-01,3.067440390586853027e-01,1.237673830317168182e+02,1.220128975098317348e+01,7.708758227475382796e+01,-9.328530012860117893e+01,0.000000000000000000e+00,0.000000000000000000e+00,2.630695700645446777e-01,0.000000000000000000e+00,3.397963643074035645e-01,3.067440390586853027e-01,9.614017968750000000e+04,4.884366796875000000e+04,5.866579687500000000e+04,7.317859375000000000e+04,-5.260655828717217594e+07
2.402000000000000135e+00,-2.050122847117784204e+02,-9.029873424352489408e+00,-7.527466991391462159e+01,-1.170233886718750000e+04,-1.009674072265625000e+02,3.642531250000000000e+03,2.620564699172973633e-01,-6.424317136406898499e-03,3.412134945392608643e-01,3.089824020862579346e-01,1.117269845831772557e+02,9.029873424352489408e+00,7.527466991391462159e+01,-9.328530012860117893e+01,0.000000000000000000e+00,0.000000000000000000e+00,2.620564699172973633e-01,0.000000000000000000e+00,3.412134945392608643e-01,3.089824020862579346e-01,9.598804687500000000e+04,4.861873046875000000e+04,5.877914453125000000e+04,7.329092968750000000e+04,-5.265433613859962672e+07
2.403000000000000025e+00,-1.931652557190665789e+02,-5.574952531437781467e+00,-7.415856937615751576e+01,-1.170118066406250000e+04,-1.247026214599609375e+02,3.632069824218750000e+03,2.603591680526733398e-01,8.605581708252429962e-03,3.401024937629699707e-01,3.091798424720764160e-01,9.987995559046538574e+01,5.574952531437781467e+00,7.415856937615751576e+01,-9.328530012860117893e+01,0.000000000000000000e+00,0.000000000000000000e+00,2.603591680526733398e-01,8.605581708252429962e-03,3.401024937629699707e-01,3.091798424720764160e-01,9.583139843750000000e+04,4.839502734375000000e+04,5.889378906250000000e+04,7.340207812500000000e+04,-5.269717952812428772e+07
2.403999999999999915e+00,-1.814105405386740699e+02,-2.007027153337323178e+00,-7.377074754310231697e+01,-1.172522167968750000e+04,-1.372819213867187500e+02,3.592496337890625000e+03,2.599191665649414062e-01,2.573225647211074829e-02,3.364375829696655273e-01,3.071003556251525879e-01,8.812524041007290521e+01,2.007027153337323178e+00,7.377074754310231697e+01,-9.328530012860117893e+01,0.000000000000000000e+00,0.000000000000000000e+00,2.599191665649414062e-01,2.573225647211074829e-02,3.364375829696655273e-01,3.071003556251525879e-01,9.566095312500000000e+04,4.817676562500000000e+04,5.901328125000000000e+04,7.350775781250000000e+04,-5.273553546369388700e+07
2.404999999999999805e+00,-1.696522507398562709e+02,1.549810641879226347e+00,-7.411613481586108776e+01,-1.175585839843750000e+04,-1.378419189453125000e+02,3.577187011718750000e+03,2.619241476058959961e-01,4.517306759953498840e-02,3.298183977603912354e-01,3.021143078804016113e-01,7.636695061125509199e+01,-1.549810641879226347e+00,7.411613481586108776e+01,-9.328530012860117893e+01,0.000000000000000000e+00,0.000000000000000000e+00,2.619241476058959961e-01,4.517306759953498840e-02,3.298183977603912354e-01,3.021143078804016113e-01,9.549926562500000000e+04,4.795453125000000000e+04,5.912872265625000000e+04,7.361750781250000000e+04,-5.276981295322805643e+07
2.406000000000000139e+00,-1.578130099053243498e+02,4.925481350614166587e+00,-7.517450671701784870e+01,-1.177569531250000000e+04,-1.340609741210937500e+02,3.540843261718750000e+03,2.635266780853271484e-01,6.792680919170379639e-02,3.195762336254119873e-01,2.940262556076049805e-01,6.452770977672317088e+01,-4.925481350614166587e+00,7.517450671701784870e+01,-9.328530012860117893e+01,0.000000000000000000e+00,0.000000000000000000e+00,2.635266780853271484e-01,6.792680919170379639e-02,3.195762336254119873e-01,2.940262556076049805e-01,9.534846875000000000e+04,4.773559765625000000e+04,5.924766406250000000e+04,7.372398437500000000e+04,-5.280039336615011841e+07
2.407000000000000028e+00,-1.458432463256914673e+02,8.024073898952385875e+00,-7.692686239173248453e+01,-1.176829589843750000e+04,-1.316804199218750000e+02,3.558004638671875000e+03,2.672551572322845459e-01,9.216915816068649292e-02,3.055614531040191650e-01,2.830383181571960449e-01,5.255794619709029547e+01,-8.024073898952385875e+00,7.692686239173248453e+01,-9.328530012860117893e+01,0.000000000000000000e+00,0.000000000000000000e+00,2.672551572322845459e-01,9.216915816068649292e-02,3.055614531040191650e-01,2.830383181571960449e-01,9.522163281250000000e+04,4.750737109375000000e+04,5.935767968750000000e+04,7.383984375000000000e+04,-5.282764574656830728e+07
2.407999999999999918e+00,-1.337131779377920680e+02,1.069141175691494539e+01,-7.929922898156219446e+01,-1.174040917968750000e+04,-1.383848876953125000e+02,3.552181884765625000e+03,2.687272727489471436e-01,1.181767582893371582e-01,2.879465520381927490e-01,2.701976895332336426e-01,4.042787780919089613e+01,-1.069141175691494539e+01,7.929922898156219446e+01,-9.328530012860117893e+01,0.000000000000000000e+00,0.000000000000000000e+00,2.687272727489471436e-01,1.181767582893371582e-01,2.879465520381927490e-01,2.701976895332336426e-01,9.512068750000000000e+04,4.728290234375000000e+04,5.947151953125000000e+04,7.395134375000000000e+04,-5.285192763452495635e+07
2.408999999999999808e+00,-1.214151569606993775e+02,1.279135687917348108e+01,-8.217428769842922520e+01,-1.170907812500000000e+04,-1.495916595458984375e+02,3.514686279296875000e+03,2.723187804222106934e-01,1.435684859752655029e-01,2.674058973789215088e-01,2.560262084007263184e-01,2.812985683209820209e+01,-1.279135687917348108e+01,8.217428769842922520e+01,-9.328530012860117893e+01,0.000000000000000000e+00,0.000000000000000000e+00,2.723187804222106934e-01,1.435684859752655029e-01,2.674058973789215088e-01,2.560262084007263184e-01,9.502683593750000000e+04,4.719044140625000000e+04,5.959062109375000000e+04,7.405734375000000000e+04,-5.287358550723430514e+07
2.410000000000000142e+00,-1.089553004365018012e+02,1.423976627640906045e+01,-8.543920492734537220e+01,-1.169294238281250000e+04,-1.597215728759765625e+02,3.491623291015625000e+03,2.784417271614074707e-01,1.682041585445404053e-01,2.448368519544601440e-01,2.410443127155303955e-01,1.567000030790062581e+01,-1.423976627640906045e+01,8.543920492734537220e+01,-9.328530012860117893e+01,0.000000000000000000e+00,0.000000000000000000e+00,2.784417271614074707e-01,1.682041585445404053e-01,2.448368519544601440e-01,2.410443127155303955e-01,9.496376562500000000e+04,4.730007031250000000e+04,5.970730859375000000e+04,7.416591406250000000e+04,-5.289295939340973645e+07
2.411000000000000032e+00,-9.636785859062537440e+01,1.496247696714607756e+01,-8.892809938807025105e+01,-1.170411914062500000e+04,-1.630680541992187500e+02,3.454803466796875000e+03,2.838703095912933350e-01,1.923407018184661865e-01,2.217133194208145142e-01,2.266839593648910522e-01,3.082558462024192814e+00,-1.496247696714607756e+01,8.892809938807025105e+01,-9.328530012860117893e+01,0.000000000000000000e+00,0.000000000000000000e+00,2.838703095912933350e-01,1.923407018184661865e-01,2.217133194208145142e-01,2.266839593648910522e-01,9.494235156250000000e+04,4.741879296875000000e+04,5.982628515625000000e+04,7.427270312500000000e+04,-5.291037824015684426e+07
2.411999999999999922e+00,-8.370865887841318909e+01,1.492125487038439502e+01,-9.251201426112139359e+01,-1.173127148437500000e+04,-1.552611541748046875e+02,3.465529296875000000e+03,2.900735139846801758e-01,2.156818211078643799e-01,1.990696936845779419e-01,2.132881283760070801e-01,-9.576641250187986287e+00,-1.492125487038439502e+01,9.251201426112139359e+01,-9.328530012860117893e+01,0.000000000000000000e+00,0.000000000000000000e+00,2.900735139846801758e-01,2.156818211078643799e-01,1.990696936845779419e-01,2.132881283760070801e-01,9.496775000000000000e+04,4.752917187500000000e+04,5.993733984375000000e+04,7.437517968750000000e+04,-5.292616649635762721e+07
2.412999999999999812e+00,-7.108675795264308306e+01,1.411968666049694576e+01,-9.595284681888158218e+01,-1.175542675781250000e+04,-1.413821258544921875e+02,3.429059570312500000e+03,2.929295301437377930e-01,2.378498315811157227e-01,1.786418557167053223e-01,2.027617990970611572e-01,-2.219854217595809942e+01,-1.411968666049694576e+01,9.595284681888158218e+01,-9.328530012860117893e+01,0.000000000000000000e+00,0.000000000000000000e+00,2.929295301437377930e-01,2.378498315811157227e-01,1.786418557167053223e-01,2.027617990970611572e-01,9.502772656250000000e+04,4.764760546875000000e+04,6.005625390625000000e+04,7.436784375000000000e+04,-5.294062613787788153e+07
2.414000000000000146e+00,-5.860401549294164170e+01,1.261289851712074039e+01,-9.908323620766627471e+01,-1.175539257812500000e+04,-1.260724639892578125e+02,3.401477539062500000e+03,2.986064553260803223e-01,2.584891915321350098e-01,1.603505164384841919e-01,1.940577030181884766e-01,-3.468128463565953723e+01,-1.261289851712074039e+01,9.908323620766627471e+01,-9.328530012860117893e+01,0.000000000000000000e+00,0.000000000000000000e+00,2.986064553260803223e-01,2.584891915321350098e-01,1.603505164384841919e-01,1.940577030181884766e-01,9.510735156250000000e+04,4.776508984375000000e+04,6.013608984375000000e+04,7.428363281250000000e+04,-5.295403714141616225e+07
2.415000000000000036e+00,-4.633119521720869471e+01,1.048373246491700606e+01,-1.017813542684763064e+02,-1.172905175781250000e+04,-1.171956176757812500e+02,3.398098388671875000e+03,3.033418953418731689e-01,2.769314348697662354e-01,1.456074416637420654e-01,1.889853775501251221e-01,-4.695410491139248421e+01,-1.048373246491700606e+01,1.017813542684763064e+02,-9.328530012860117893e+01,0.000000000000000000e+00,0.000000000000000000e+00,3.033418953418731689e-01,2.769314348697662354e-01,1.456074416637420654e-01,1.889853775501251221e-01,9.521967968750000000e+04,4.787842187500000000e+04,6.006878906250000000e+04,7.414029687500000000e+04,-5.296665307378953695e+07
2.415999999999999925e+00,-3.428944589106881580e+01,7.855377625686545962e+00,-1.039361611386557485e+02,-1.169484179687500000e+04,-1.161885299682617188e+02,3.385102783203125000e+03,3.059265017509460449e-01,2.924282848834991455e-01,1.353524774312973022e-01,1.884852796792984009e-01,-5.899585423753236313e+01,-7.855377625686545962e+00,1.039361611386557485e+02,-9.328530012860117893e+01,0.000000000000000000e+00,0.000000000000000000e+00,3.059265017509460449e-01,2.924282848834991455e-01,1.353524774312973022e-01,1.884852796792984009e-01,9.532978906250000000e+04,4.799313281250000000e+04,5.988928125000000000e+04,7.396027343750000000e+04,-5.297869327243893594e+07
2.416999999999999815e+00,-2.244277860920801970e+01,4.838661509535477911e+00,-1.054862750433786829e+02,-1.167183105468750000e+04,-1.170182800292968750e+02,3.391105224609375000e+03,3.082919120788574219e-01,3.057514131069183350e-01,1.293649673461914062e-01,1.914604604244232178e-01,-7.084252151939315922e+01,-4.838661509535477911e+00,1.054862750433786829e+02,-9.328530012860117893e+01,0.000000000000000000e+00,0.000000000000000000e+00,3.082919120788574219e-01,3.057514131069183350e-01,1.293649673461914062e-01,1.914604604244232178e-01,9.544367968750000000e+04,4.810427343750000000e+04,5.971083593750000000e+04,7.378710156250000000e+04,-5.299034771761836857e+07
2.418000000000000149e+00,-1.071482068878859195e+01,1.618619535738751170e+00,-1.063657247269800052e+02,-1.167510253906250000e+04,-1.144390182495117188e+02,3.341406982421875000e+03,3.085155785083770752e-01,3.173273503780364990e-01,1.281131953001022339e-01,1.977310627698898315e-01,-8.257047943981258697e+01,-1.618619535738751170e+00,1.063657247269800052e+02,-9.328530012860117893e+01,0.000000000000000000e+00,0.000000000000000000e+00,3.085155785083770752e-01,3.173273503780364990e-01,1.281131953001022339e-01,1.977310627698898315e-01,9.554780468750000000e+04,4.822494921875000000e+04,5.949430859375000000e+04,7.362758593750000000e+04,-5.300177881232666224e+07
2.419000000000000039e+00,9.872564780806811768e-01,-1.699448017560141855e+00,-1.065563145437157146e+02,-1.169893164062500000e+04,-9.931660461425781250e+01,3.327837646484375000e+03,3.119700551033020020e-01,3.300583362579345703e-01,1.296487599611282349e-01,2.037885636091232300e-01,-9.427255660668186010e+01,1.699448017560141855e+00,1.065563145437157146e+02,-9.328530012860117893e+01,0.000000000000000000e+00,0.000000000000000000e+00,3.119700551033020020e-01,3.300583362579345703e-01,1.296487599611282349e-01,2.037885636091232300e-01,9.565789062500000000e+04,4.834008984375000000e+04,5.927175781250000000e+04,7.352557031250000000e+04,-5.301313692329472303e+07
2.419999999999999929e+00,1.274799670718684297e+01,-4.984962188447432219e+00,-1.060439684968137897e+02,-1.172756640625000000e+04,-7.575333404541015625e+01,3.330030273437500000e+03,3.132494688034057617e-01,3.430769443511962891e-01,1.350243538618087769e-01,2.105786353349685669e-01,-1.060332968357880219e+02,4.984962188447432219e+00,1.060439684968137897e+02,-9.328530012860117893e+01,0.000000000000000000e+00,0.000000000000000000e+00,3.132494688034057617e-01,3.430769443511962891e-01,1.350243538618087769e-01,2.105786353349685669e-01,9.577103906250000000e+04,4.845250390625000000e+04,5.904657031250000000e+04,7.347447656250000000e+04,-5.302456960781734437e+07
2.420999999999999819e+00,2.463137053803967547e+01,-8.082909977112700872e+00,-1.048393827678542465e+02,-1.174295214843750000e+04,-4.934732055664062500e+01,3.326473876953125000e+03,3.141301870346069336e-01,3.568271100521087646e-01,1.431226879358291626e-01,2.169841825962066650e-01,-1.179166706666408544e+02,8.082909977112700872e+00,1.048393827678542465e+02,-9.328530012860117893e+01,0.000000000000000000e+00,0.000000000000000000e+00,3.141301870346069336e-01,3.568271100521087646e-01,1.431226879358291626e-01,2.169841825962066650e-01,9.588270312500000000e+04,4.856567578125000000e+04,5.882232031250000000e+04,7.347383593750000000e+04,-5.303623294184476882e+07
2.422000000000000153e+00,3.667322139420791416e+01,-1.086799116167859403e+01,-1.029740458218044807e+02,-1.173133789062500000e+04,-2.818979644775390625e+01,3.343554443359375000e+03,3.154404163360595703e-01,3.713963925838470459e-01,1.521360874176025391e-01,2.224232107400894165e-01,-1.299585215228090931e+02,1.086799116167859403e+01,1.029740458218044807e+02,-9.328530012860117893e+01,0.000000000000000000e+00,0.000000000000000000e+00,3.154404163360595703e-01,3.713963925838470459e-01,1.521360874176025391e-01,2.224232107400894165e-01,9.599849218750000000e+04,4.867501171875000000e+04,5.864753906250000000e+04,7.352417187500000000e+04,-5.304829963435699791e+07
2.423000000000000043e+00,4.888540394142394518e+01,-1.317696278378318375e+01,-1.005498955516265625e+02,-1.170381152343750000e+04,-1.731700134277343750e+01,3.315101318359375000e+03,3.136927783489227295e-01,3.847052752971649170e-01,1.609640866518020630e-01,2.286064326763153076e-01,-1.421707040700251241e+02,1.317696278378318375e+01,1.005498955516265625e+02,-9.328530012860117893e+01,0.000000000000000000e+00,0.000000000000000000e+00,3.136927783489227295e-01,3.847052752971649170e-01,1.609640866518020630e-01,2.286064326763153076e-01,9.610613281250000000e+04,4.879202734375000000e+04,5.855528906250000000e+04,7.360614062500000000e+04,-5.306097333091916144e+07
2.423999999999999932e+00,6.127143937172509425e+01,-1.492530312417414962e+01,-9.764377074350271357e+01,-1.167697656250000000e+04,-9.441152572631835938e+00,3.322901123046875000e+03,3.118965029716491699e-01,3.980129659175872803e-01,1.664470285177230835e-01,2.342074960470199585e-01,-1.545567395003262732e+02,1.492530312417414962e+01,9.764377074350271357e+01,-9.328530012860117893e+01,0.000000000000000000e+00,0.000000000000000000e+00,3.118965029716491699e-01,3.980129659175872803e-01,1.664470285177230835e-01,2.342074960470199585e-01,9.621981250000000000e+04,4.890353906250000000e+04,5.852805078125000000e+04,7.372037500000000000e+04,-5.307448459084020555e+07
2.424999999999999822e+00,7.381453678613443969e+01,-1.601622332210233068e+01,-9.439107416860662170e+01,-1.167192773437500000e+04,-6.413358449935913086e-01,3.324905517578125000e+03,3.038899600505828857e-01,4.087814688682556152e-01,1.688584834337234497e-01,2.409863471984863281e-01,-1.670998369147356186e+02,1.601622332210233068e+01,9.439107416860662170e+01,-9.328530012860117893e+01,0.000000000000000000e+00,0.000000000000000000e+00,3.038899600505828857e-01,4.087814688682556152e-01,1.688584834337234497e-01,2.409863471984863281e-01,9.633292187500000000e+04,4.901603906250000000e+04,5.854493359375000000e+04,7.383337500000000000e+04,-5.308909937097336352e+07
2.426000000000000156e+00,8.646405251240396694e+01,-1.637721731227598809e+01,-9.097616711005696288e+01,-1.169348144531250000e+04,1.703851127624511719e+01,3.304818359375000000e+03,2.931694388389587402e-01,4.188114702701568604e-01,1.665620654821395874e-01,2.467327862977981567e-01,-1.797493526410051459e+02,1.637721731227598809e+01,9.097616711005696288e+01,-9.328530012860117893e+01,0.000000000000000000e+00,0.000000000000000000e+00,2.931694388389587402e-01,4.188114702701568604e-01,1.665620654821395874e-01,2.467327862977981567e-01,9.644183593750000000e+04,4.913204296875000000e+04,5.858372265625000000e+04,7.394225781250000000e+04,-5.310512027957916260e+07
2.427000000000000046e+00,-2.608532191199363410e+02,-1.598269656060359800e+01,-8.755127621754083123e+01,-1.172482812500000000e+04,4.325376129150390625e+01,3.318276367187500000e+03,2.819191813468933105e-01,4.293371737003326416e-01,1.586209386587142944e-01,2.493580877780914307e-01,1.675679189913351479e+02,1.598269656060359800e+01,8.755127621754083123e+01,-9.328530012860117893e+01,0.000000000000000000e+00,0.000000000000000000e+00,2.819191813468933105e-01,4.293371737003326416e-01,1.586209386587142944e-01,2.493580877780914307e-01,9.649728125000000000e+04,4.924215234375000000e+04,5.859823437500000000e+04,7.405685937500000000e+04,-5.318108535406106710e+07
2.427999999999999936e+00,-2.482444334379467819e+02,-1.485371570803967423e+01,-8.432883635605607253e+01,-1.174854882812500000e+04,7.113132476806640625e+01,3.310208007812500000e+03,2.951273918151855469e-01,-4.284719377756118774e-02,3.221264183521270752e-01,2.859298586845397949e-01,1.549591333093456171e+02,1.485371570803967423e+01,8.432883635605607253e+01,-9.328530012860117893e+01,0.000000000000000000e+00,0.000000000000000000e+00,2.951273918151855469e-01,0.000000000000000000e+00,3.221264183521270752e-01,2.859298586845397949e-01,9.646897656250000000e+04,4.935561718750000000e+04,5.855430468750000000e+04,7.416828125000000000e+04,-5.325004263830549270e+07
2.428999999999999826e+00,-2.357985288418624918e+02,-1.304018020357010244e+01,-8.144214132206056433e+01,-1.174659960937500000e+04,9.599243164062500000e+01,3.341690673828125000e+03,2.912333905696868896e-01,-3.095067664980888367e-02,3.272418379783630371e-01,2.896108329296112061e-01,1.425132287132612987e+02,1.304018020357010244e+01,8.144214132206056433e+01,-9.328530012860117893e+01,0.000000000000000000e+00,0.000000000000000000e+00,2.912333905696868896e-01,0.000000000000000000e+00,3.272418379783630371e-01,2.896108329296112061e-01,9.653975000000000000e+04,4.912528515625000000e+04,5.866168359375000000e+04,7.428640625000000000e+04,-5.331244645319234580e+07
2.430000000000000160e+00,-2.235809712142192325e+02,-1.064668254067115605e+01,-7.903995046781905387e+01,-1.172100976562500000e+04,1.120558700561523438e+02,3.358888183593750000e+03,2.863974571228027344e-01,-1.619376614689826965e-02,3.303409516811370850e-01,2.914262413978576660e-01,1.302956710856180393e+02,1.064668254067115605e+01,7.903995046781905387e+01,-9.328530012860117893e+01,0.000000000000000000e+00,0.000000000000000000e+00,2.863974571228027344e-01,0.000000000000000000e+00,3.303409516811370850e-01,2.914262413978576660e-01,9.658003906250000000e+04,4.889767578125000000e+04,5.877141406250000000e+04,7.440152343750000000e+04,-5.336879556950051337e+07
2.431000000000000050e+00,-2.115984104824725023e+02,-7.824964411507388640e+00,-7.723725981075583036e+01,-1.168981445312500000e+04,1.204035415649414062e+02,3.339395751953125000e+03,2.834193706512451172e-01,-1.418385654687881470e-04,3.312057256698608398e-01,2.915476560592651367e-01,1.183131103538713091e+02,7.824964411507388640e+00,7.723725981075583036e+01,-9.328530012860117893e+01,0.000000000000000000e+00,0.000000000000000000e+00,2.834193706512451172e-01,0.000000000000000000e+00,3.312057256698608398e-01,2.915476560592651367e-01,9.657903906250000000e+04,4.867602734375000000e+04,5.888722656250000000e+04,7.451059375000000000e+04,-5.341959628119033575e+07
2.431999999999999940e+00,-1.997965589058572675e+02,-4.668606930502259722e+00,-7.606709166593580562e+01,-1.167111328125000000e+04,1.281043090820312500e+02,3.367217529296875000e+03,2.834401130676269531e-01,1.670632511377334595e-02,3.296743035316467285e-01,2.898179888725280762e-01,1.065112587772560886e+02,4.668606930502259722e+00,7.606709166593580562e+01,-9.328530012860117893e+01,0.000000000000000000e+00,0.000000000000000000e+00,2.834401130676269531e-01,1.670632511377334595e-02,3.296743035316467285e-01,2.898179888725280762e-01,9.656568750000000000e+04,4.844629687500000000e+04,5.899512500000000000e+04,7.462788281250000000e+04,-5.346532294446614385e+07
2.432999999999999829e+00,-1.880878527713876451e+02,-1.333796809467404199e+00,-7.558051270042878400e+01,-1.167985253906250000e+04,1.393354492187500000e+02,3.372982666015625000e+03,2.817949354648590088e-01,3.666274994611740112e-02,3.255690932273864746e-01,2.859131991863250732e-01,9.480255264278646621e+01,1.333796809467404199e+00,7.558051270042878400e+01,-9.328530012860117893e+01,0.000000000000000000e+00,0.000000000000000000e+00,2.817949354648590088e-01,3.666274994611740112e-02,3.255690932273864746e-01,2.859131991863250732e-01,9.654877343750000000e+04,4.821985546875000000e+04,5.910666406250000000e+04,7.474178906250000000e+04,-5.350641417774028331e+07
2.434000000000000163e+00,-1.763754065132403923e+02,2.039638793677684969e+00,-7.580450724299325316e+01,-1.170766503906250000e+04,1.622327728271484375e+02,3.382867675781250000e+03,2.818957865238189697e-01,5.854892730712890625e-02,3.186660706996917725e-01,2.794960439205169678e-01,8.309010638463921339e+01,-2.039638793677684969e+00,7.580450724299325316e+01,-9.328530012860117893e+01,0.000000000000000000e+00,0.000000000000000000e+00,2.818957865238189697e-01,5.854892730712890625e-02,3.186660706996917725e-01,2.794960439205169678e-01,9.652121875000000000e+04,4.799294140625000000e+04,5.921748828125000000e+04,7.485573437500000000e+04,-5.354327294520775229e+07
2.435000000000000053e+00,-1.645802977781387426e+02,5.297933283560578133e+00,-7.674305756571641268e+01,-1.173160546875000000e+04,1.915132446289062500e+02,3.390734375000000000e+03,2.822905182838439941e-01,8.333711326122283936e-02,3.084486722946166992e-01,2.700795829296112061e-01,7.129499764953754948e+01,-5.297933283560578133e+00,7.674305756571641268e+01,-9.328530012860117893e+01,0.000000000000000000e+00,0.000000000000000000e+00,2.822905182838439941e-01,8.333711326122283936e-02,3.084486722946166992e-01,2.700795829296112061e-01,9.649539062500000000e+04,4.776686718750000000e+04,5.932862500000000000e+04,7.496935156250000000e+04,-5.357627718460610509e+07
2.435999999999999943e+00,-1.526497136434844037e+02,8.277589582663294365e+00,-7.836406735327518902e+01,-1.173549414062500000e+04,2.196679534912109375e+02,3.385364013671875000e+03,2.834194004535675049e-01,1.100733205676078796e-01,2.945913672447204590e-01,2.578437328338623047e-01,5.936441351488321772e+01,-8.277589582663294365e+00,7.836406735327518902e+01,-9.328530012860117893e+01,0.000000000000000000e+00,0.000000000000000000e+00,2.834194004535675049e-01,1.100733205676078796e-01,2.945913672447204590e-01,2.578437328338623047e-01,9.647007031250000000e+04,4.754288281250000000e+04,5.944194140625000000e+04,7.508107031250000000e+04,-5.360578856522299349e+07
2.436999999999999833e+00,-1.405569449281755965e+02,1.088881448472404045e+01,-8.063980172475795882e+01,-1.171023535156250000e+04,2.404886932373046875e+02,3.440417480468750000e+03,2.860367894172668457e-01,1.374620497226715088e-01,2.771964669227600098e-01,2.433242052793502808e-01,4.727164479957441046e+01,-1.088881448472404045e+01,8.063980172475795882e+01,-9.328530012860117893e+01,0.000000000000000000e+00,0.000000000000000000e+00,2.860367894172668457e-01,1.374620497226715088e-01,2.771964669227600098e-01,2.433242052793502808e-01,9.646370312500000000e+04,4.736315234375000000e+04,5.954516796875000000e+04,7.520321093750000000e+04,-5.363216616389362514e+07
2.438000000000000167e+00,-1.282984326546703073e+02,1.296891075293265594e+01,-8.345843301343309406e+01,-1.167216210937500000e+04,2.487963562011718750e+02,3.451165527343750000e+03,2.858106493949890137e-01,1.652952730655670166e-01,2.572861909866333008e-01,2.283475846052169800e-01,3.501313252606912840e+01,-1.296891075293265594e+01,8.345843301343309406e+01,-9.328530012860117893e+01,0.000000000000000000e+00,0.000000000000000000e+00,2.858106493949890137e-01,1.652952730655670166e-01,2.572861909866333008e-01,2.283475846052169800e-01,9.646823437500000000e+04,4.741412109375000000e+04,5.965576171875000000e+04,7.531729687500000000e+04,-5.365576015440244228e+07
2.439000000000000057e+00,-1.158934560753365588e+02,1.440386516488619328e+01,-8.668009044156156051e+01,-1.163895703125000000e+04,2.519550628662109375e+02,3.440019287109375000e+03,2.887775897979736328e-01,1.913638710975646973e-01,2.353250682353973389e-01,2.127588540315628052e-01,2.260815594673537632e+01,-1.440386516488619328e+01,8.668009044156156051e+01,-9.328530012860117893e+01,0.000000000000000000e+00,0.000000000000000000e+00,2.887775897979736328e-01,1.913638710975646973e-01,2.353250682353973389e-01,2.127588540315628052e-01,9.646710937500000000e+04,4.752845703125000000e+04,5.976999218750000000e+04,7.540337500000000000e+04,-5.367691235697417706e+07
2.439999999999999947e+00,-1.033735610417481183e+02,1.512743747403067118e+01,-9.017260232523506147e+01,-1.162597363281250000e+04,2.569297485351562500e+02,3.450143798828125000e+03,2.933325171470642090e-01,2.160951793193817139e-01,2.126073241233825684e-01,1.975029408931732178e-01,1.008826091314694118e+01,-1.512743747403067118e+01,9.017260232523506147e+01,-9.328530012860117893e+01,0.000000000000000000e+00,0.000000000000000000e+00,2.933325171470642090e-01,2.160951793193817139e-01,2.126073241233825684e-01,1.975029408931732178e-01,9.649099218750000000e+04,4.763965625000000000e+04,5.988066796875000000e+04,7.537605468750000000e+04,-5.369595838767126203e+07
2.440999999999999837e+00,-9.079951488154915751e+01,1.508736280569398147e+01,-9.374379908677143192e+01,-1.163949316406250000e+04,2.690043029785156250e+02,3.443410644531250000e+03,2.964824438095092773e-01,2.395599782466888428e-01,1.908063441514968872e-01,1.841524839401245117e-01,-2.485785247052028080e+00,-1.508736280569398147e+01,9.374379908677143192e+01,-9.328530012860117893e+01,0.000000000000000000e+00,0.000000000000000000e+00,2.964824438095092773e-01,2.395599782466888428e-01,1.908063441514968872e-01,1.841524839401245117e-01,9.654246875000000000e+04,4.775349218750000000e+04,5.999415234375000000e+04,7.523253125000000000e+04,-5.371321846795763820e+07
2.442000000000000171e+00,-7.824792033440103012e+01,1.427285241110688041e+01,-9.723848666876610025e+01,-1.166210156250000000e+04,2.903049316406250000e+02,3.471177001953125000e+03,3.002694249153137207e-01,2.616955935955047607e-01,1.706303805112838745e-01,1.725852191448211670e-01,-1.503737979420014348e+01,-1.427285241110688041e+01,9.723848666876610025e+01,-9.328530012860117893e+01,0.000000000000000000e+00,0.000000000000000000e+00,3.002694249153137207e-01,2.616955935955047607e-01,1.706303805112838745e-01,1.725852191448211670e-01,9.662049218750000000e+04,4.786133984375000000e+04,6.010188281250000000e+04,7.501179687500000000e+04,-5.372900024259987473e+07
2.443000000000000060e+00,-6.582329669713685405e+01,1.272779391716199804e+01,-1.004431735555203318e+02,-1.167264843750000000e+04,3.107438354492187500e+02,3.470171630859375000e+03,3.015418648719787598e-01,2.819060981273651123e-01,1.536985784769058228e-01,1.646886914968490601e-01,-2.746200343146432843e+01,-1.272779391716199804e+01,1.004431735555203318e+02,-9.328530012860117893e+01,0.000000000000000000e+00,0.000000000000000000e+00,3.015418648719787598e-01,2.819060981273651123e-01,1.536985784769058228e-01,1.646886914968490601e-01,9.671808593750000000e+04,4.797362890625000000e+04,6.011414843750000000e+04,7.478630468750000000e+04,-5.374358377683985978e+07
2.443999999999999950e+00,-5.360463664791727467e+01,1.053876617464887211e+01,-1.032098537426221867e+02,-1.165696875000000000e+04,3.255343627929687500e+02,3.474191894531250000e+03,3.042165637016296387e-01,3.000271022319793701e-01,1.400193572044372559e-01,1.597533375024795532e-01,-3.968066348068390425e+01,-1.053876617464887211e+01,1.032098537426221867e+02,-9.328530012860117893e+01,0.000000000000000000e+00,0.000000000000000000e+00,3.042165637016296387e-01,3.000271022319793701e-01,1.400193572044372559e-01,1.597533375024795532e-01,9.682255468750000000e+04,4.808550000000000000e+04,5.999376562500000000e+04,7.456201562500000000e+04,-5.375722057341207564e+07
2.444999999999999840e+00,-4.162422894683042074e+01,7.795587530316947067e+00,-1.054578431698900829e+02,-1.161844726562500000e+04,3.295056457519531250e+02,3.519010009765625000e+03,3.061934709548950195e-01,3.155199587345123291e-01,1.306333690881729126e-01,1.589762866497039795e-01,-5.166107118177075819e+01,-7.795587530316947067e+00,1.054578431698900829e+02,-9.328530012860117893e+01,0.000000000000000000e+00,0.000000000000000000e+00,3.061934709548950195e-01,3.155199587345123291e-01,1.306333690881729126e-01,1.589762866497039795e-01,9.694300000000000000e+04,4.819091796875000000e+04,5.976182031250000000e+04,7.434478906250000000e+04,-5.377013527771848440e+07
2.446000000000000174e+00,-2.986272733284875613e+01,4.659187789443862471e+00,-1.070787851601625249e+02,-1.158193652343750000e+04,3.238742370605468750e+02,3.517157958984375000e+03,3.052586317062377930e-01,3.274600505828857422e-01,1.267126649618148804e-01,1.636268794536590576e-01,-6.342257279575242279e+01,-4.659187789443862471e+00,1.070787851601625249e+02,-9.328530012860117893e+01,0.000000000000000000e+00,0.000000000000000000e+00,3.052586317062377930e-01,3.274600505828857422e-01,1.267126649618148804e-01,1.636268794536590576e-01,9.705506250000000000e+04,4.830394140625000000e+04,5.953685546875000000e+04,7.411913281250000000e+04,-5.378251463446447253e+07
2.447000000000000064e+00,-1.824742299318334915e+01,1.250933178830889947e+00,-1.080327882072380703e+02,-1.156242089843750000e+04,3.181777343750000000e+02,3.530579345703125000e+03,3.064419627189636230e-01,3.384725749492645264e-01,1.266316175460815430e-01,1.700546592473983765e-01,-7.503787713541782978e+01,-1.250933178830889947e+00,1.080327882072380703e+02,-9.328530012860117893e+01,0.000000000000000000e+00,0.000000000000000000e+00,3.064419627189636230e-01,3.384725749492645264e-01,1.266316175460815430e-01,1.700546592473983765e-01,9.716966406250000000e+04,4.841419140625000000e+04,5.930932421875000000e+04,7.389603125000000000e+04,-5.379452025107201189e+07
2.447999999999999954e+00,-6.677539180728075507e+00,-2.291253259196833092e+00,-1.082848349341915224e+02,-1.156846972656250000e+04,3.166148071289062500e+02,3.543063720703125000e+03,3.063397705554962158e-01,3.484024107456207275e-01,1.312025338411331177e-01,1.788829118013381958e-01,-8.660776094787310342e+01,2.291253259196833092e+00,1.082848349341915224e+02,-9.328530012860117893e+01,0.000000000000000000e+00,0.000000000000000000e+00,3.063397705554962158e-01,3.484024107456207275e-01,1.312025338411331177e-01,1.788829118013381958e-01,9.728458593750000000e+04,4.852424609375000000e+04,5.908192578125000000e+04,7.367301562500000000e+04,-5.380629569591974467e+07
2.448999999999999844e+00,4.951866329256958466e+00,-5.812864092462664445e+00,-1.078116548707325535e+02,-1.159223437500000000e+04,3.233586730957031250e+02,3.544442138671875000e+03,3.064305186271667480e-01,3.585966527462005615e-01,1.395595371723175049e-01,1.882970929145812988e-01,-9.823716645785813739e+01,5.812864092462664445e+00,1.078116548707325535e+02,-9.328530012860117893e+01,0.000000000000000000e+00,0.000000000000000000e+00,3.064305186271667480e-01,3.585966527462005615e-01,1.395595371723175049e-01,1.882970929145812988e-01,9.739709375000000000e+04,4.863647265625000000e+04,5.885634375000000000e+04,7.344860937500000000e+04,-5.381797735921481252e+07
2.450000000000000178e+00,1.672622132669094697e+01,-9.201624971547504472e+00,-1.066030919516053075e+02,-1.161256542968750000e+04,3.358033142089843750e+02,3.584762939453125000e+03,3.076400160789489746e-01,3.701425492763519287e-01,1.503352373838424683e-01,1.967223733663558960e-01,-1.100115214552921259e+02,9.201624971547504472e+00,1.066030919516053075e+02,-9.328530012860117893e+01,0.000000000000000000e+00,0.000000000000000000e+00,3.076400160789489746e-01,3.701425492763519287e-01,1.503352373838424683e-01,1.967223733663558960e-01,9.751658593750000000e+04,4.874263281250000000e+04,5.864819140625000000e+04,7.328822656250000000e+04,-5.382970601481044292e+07
2.451000000000000068e+00,2.870095561628711778e+01,-1.226858591468313797e+01,-1.046919794432271544e+02,-1.161477636718750000e+04,3.441548767089843750e+02,3.585653808593750000e+03,3.062206208705902100e-01,3.809635639190673828e-01,1.632861196994781494e-01,2.059164792299270630e-01,-1.219862557448882967e+02,1.226858591468313797e+01,1.046919794432271544e+02,-9.328530012860117893e+01,0.000000000000000000e+00,0.000000000000000000e+00,3.062206208705902100e-01,3.809635639190673828e-01,1.632861196994781494e-01,2.059164792299270630e-01,9.762925781250000000e+04,4.885523828125000000e+04,5.853637109375000000e+04,7.318861718750000000e+04,-5.384164068842381984e+07
2.451999999999999957e+00,4.089746931909427019e+01,-1.488018059273384353e+01,-1.021384361593961216e+02,-1.159311230468750000e+04,3.438817749023437500e+02,3.592582275390625000e+03,3.055503368377685547e-01,3.927179872989654541e-01,1.746617406606674194e-01,2.136554270982742310e-01,-1.341827694476954491e+02,1.488018059273384353e+01,1.021384361593961216e+02,-9.328530012860117893e+01,0.000000000000000000e+00,0.000000000000000000e+00,3.055503368377685547e-01,3.927179872989654541e-01,1.746617406606674194e-01,2.136554270982742310e-01,9.774263281250000000e+04,4.896666015625000000e+04,5.852719140625000000e+04,7.316160937500000000e+04,-5.385396697133608907e+07
2.452999999999999847e+00,5.331730250207586153e+01,-1.693604224626467314e+01,-9.901428641441499678e+01,-1.155929687500000000e+04,3.325888671875000000e+02,3.631342285156250000e+03,3.014002740383148193e-01,4.028889536857604980e-01,1.835264414548873901e-01,2.221712321043014526e-01,-1.466026026306770405e+02,1.693604224626467314e+01,9.901428641441499678e+01,-9.328530012860117893e+01,0.000000000000000000e+00,0.000000000000000000e+00,3.014002740383148193e-01,4.028889536857604980e-01,1.835264414548873901e-01,2.221712321043014526e-01,9.786160156250000000e+04,4.907240625000000000e+04,5.851289062500000000e+04,7.314099218750000000e+04,-5.386690036452330649e+07
2.454000000000000181e+00,6.592982963794564455e+01,-1.830635327398311318e+01,-9.548035411316854493e+01,-1.153846289062500000e+04,3.148504638671875000e+02,3.628578613281250000e+03,2.918485999107360840e-01,4.101320803165435791e-01,1.891674101352691650e-01,2.324291169643402100e-01,-1.592151297665468235e+02,1.830635327398311318e+01,9.548035411316854493e+01,-9.328530012860117893e+01,0.000000000000000000e+00,0.000000000000000000e+00,2.918485999107360840e-01,4.101320803165435791e-01,1.891674101352691650e-01,2.324291169643402100e-01,9.796563281250000000e+04,4.918512109375000000e+04,5.859371093750000000e+04,7.317172656250000000e+04,-5.388069872755116224e+07
2.455000000000000071e+00,7.868445380136991218e+01,-1.891646074060638938e+01,-9.169141093721746927e+01,-1.154108789062500000e+04,3.032603454589843750e+02,3.635717285156250000e+03,2.817928791046142578e-01,4.179278612136840820e-01,1.890636235475540161e-01,2.408752143383026123e-01,-1.719697539299710911e+02,1.891646074060638938e+01,9.169141093721746927e+01,-9.328530012860117893e+01,0.000000000000000000e+00,0.000000000000000000e+00,2.817928791046142578e-01,4.179278612136840820e-01,1.890636235475540161e-01,2.408752143383026123e-01,9.804035156250000000e+04,4.929670703125000000e+04,5.870465625000000000e+04,7.326591406250000000e+04,-5.389565511814779043e+07
2.455999999999999961e+00,-2.685096396378150416e+02,-1.872015171864028460e+01,-8.785472222998379266e+01,-1.156401074218750000e+04,2.997899169921875000e+02,3.630667480468750000e+03,2.693118751049041748e-01,4.254304766654968262e-01,1.836407184600830078e-01,2.474229633808135986e-01,1.752243395092138485e+02,1.872015171864028460e+01,8.785472222998379266e+01,-9.328530012860117893e+01,0.000000000000000000e+00,0.000000000000000000e+00,2.693118751049041748e-01,4.254304766654968262e-01,1.836407184600830078e-01,2.474229633808135986e-01,9.804586718750000000e+04,4.941039062500000000e+04,5.881764843750000000e+04,7.337736718750000000e+04,-5.397582144102469832e+07
2.456999999999999851e+00,-2.557678337394385153e+02,-1.772608353854576180e+01,-8.419424319030072468e+01,-1.159286230468750000e+04,3.033385009765625000e+02,3.609550537109375000e+03,2.827778458595275879e-01,-3.200017288327217102e-02,3.162936270236968994e-01,2.771283388137817383e-01,1.624825336108373222e+02,1.772608353854576180e+01,8.419424319030072468e+01,-9.328530012860117893e+01,0.000000000000000000e+00,0.000000000000000000e+00,2.827778458595275879e-01,0.000000000000000000e+00,3.162936270236968994e-01,2.771283388137817383e-01,9.789000000000000000e+04,4.952658203125000000e+04,5.893334375000000000e+04,7.348639062500000000e+04,-5.404864151042446494e+07
2.458000000000000185e+00,-2.431872755900304242e+02,-1.597443799740513448e+01,-8.084115821540918034e+01,-1.160428613281250000e+04,3.071814270019531250e+02,3.649229003906250000e+03,2.783399820327758789e-01,-2.216190472245216370e-02,3.232624232769012451e-01,2.827695012092590332e-01,1.499019754614292594e+02,1.597443799740513448e+01,8.084115821540918034e+01,-9.328530012860117893e+01,0.000000000000000000e+00,0.000000000000000000e+00,2.783399820327758789e-01,0.000000000000000000e+00,3.232624232769012451e-01,2.827695012092590332e-01,9.774827343750000000e+04,4.963241015625000000e+04,5.903892578125000000e+04,7.360600000000000000e+04,-5.411457203696430475e+07
2.459000000000000075e+00,-2.308583727097581004e+02,-1.356518345471589626e+01,-7.797029414191474928e+01,-1.159273339843750000e+04,3.006375122070312500e+02,3.669477050781250000e+03,2.722460627555847168e-01,-8.864410221576690674e-03,3.283311426639556885e-01,2.867632806301116943e-01,1.375730725811569357e+02,1.356518345471589626e+01,7.797029414191474928e+01,-9.328530012860117893e+01,0.000000000000000000e+00,0.000000000000000000e+00,2.722460627555847168e-01,0.000000000000000000e+00,3.283311426639556885e-01,2.867632806301116943e-01,9.767032812500000000e+04,4.940352343750000000e+04,5.914778515625000000e+04,7.372188281250000000e+04,-5.417413100618524104e+07
2.459999999999999964e+00,-2.188175258381601509e+02,-1.064280813354634780e+01,-7.571131268448056062e+01,-1.156301367187500000e+04,2.855697326660156250e+02,3.658112060546875000e+03,2.680437862873077393e-01,5.197931081056594849e-03,3.311034739017486572e-01,2.891217470169067383e-01,1.255322257095589720e+02,1.064280813354634780e+01,7.571131268448056062e+01,-9.328530012860117893e+01,0.000000000000000000e+00,0.000000000000000000e+00,2.680437862873077393e-01,5.197931081056594849e-03,3.311034739017486572e-01,2.891217470169067383e-01,9.758854687500000000e+04,4.918020703125000000e+04,5.926195312500000000e+04,7.383221875000000000e+04,-5.422785758803255111e+07
2.460999999999999854e+00,-2.070318895898301434e+02,-7.333069065597832115e+00,-7.411292272677064830e+01,-1.153186816406250000e+04,2.647553710937500000e+02,3.663536621093750000e+03,2.664269208908081055e-01,1.974673569202423096e-02,3.312856853008270264e-01,2.895499467849731445e-01,1.137465894612289503e+02,7.333069065597832115e+00,7.411292272677064830e+01,-9.328530012860117893e+01,0.000000000000000000e+00,0.000000000000000000e+00,2.664269208908081055e-01,1.974673569202423096e-02,3.312856853008270264e-01,2.895499467849731445e-01,9.743954687500000000e+04,4.895453125000000000e+04,5.937335937500000000e+04,7.394551562500000000e+04,-5.427626629055671394e+07
2.462000000000000188e+00,-1.954192729372209953e+02,-3.796935745957997099e+00,-7.322078022251490381e+01,-1.152216894531250000e+04,2.447106018066406250e+02,3.643829101562500000e+03,2.651044130325317383e-01,3.609294444322586060e-02,3.288537859916687012e-01,2.880733013153076172e-01,1.021339728086198164e+02,3.796935745957997099e+00,7.322078022251490381e+01,-9.328530012860117893e+01,0.000000000000000000e+00,0.000000000000000000e+00,2.651044130325317383e-01,3.609294444322586060e-02,3.288537859916687012e-01,2.880733013153076172e-01,9.728933593750000000e+04,4.873295312500000000e+04,5.948898828125000000e+04,7.405512500000000000e+04,-5.431983068216948211e+07
2.463000000000000078e+00,-1.838723623777878231e+02,-1.418063625424921814e-01,-7.304937443969168953e+01,-1.153709179687500000e+04,2.350460968017578125e+02,3.657786132812500000e+03,2.657579779624938965e-01,5.388397350907325745e-02,3.237577080726623535e-01,2.842183113098144531e-01,9.058706224918664418e+01,1.418063625424921814e-01,7.304937443969168953e+01,-9.328530012860117893e+01,0.000000000000000000e+00,0.000000000000000000e+00,2.657579779624938965e-01,5.388397350907325745e-02,3.237577080726623535e-01,2.842183113098144531e-01,9.712728906250000000e+04,4.850559375000000000e+04,5.959902343750000000e+04,7.417018750000000000e+04,-5.435897595903094858e+07
2.463999999999999968e+00,-1.722876302826550159e+02,3.482730140051077061e+00,-7.361446978916048067e+01,-1.156429589843750000e+04,2.341854858398437500e+02,3.667041503906250000e+03,2.653815746307373047e-01,7.505173981189727783e-02,3.156789839267730713e-01,2.777679264545440674e-01,7.900233015405382275e+01,-3.482730140051077061e+00,7.361446978916048067e+01,-9.328530012860117893e+01,0.000000000000000000e+00,0.000000000000000000e+00,2.653815746307373047e-01,7.505173981189727783e-02,3.156789839267730713e-01,2.777679264545440674e-01,9.696890625000000000e+04,4.827864843750000000e+04,5.970986718750000000e+04,7.428396093750000000e+04,-5.439409020615092665e+07
2.464999999999999858e+00,-1.605840025664784889e+02,6.890073610929997372e+00,-7.489898302686854947e+01,-1.158355761718750000e+04,2.373171386718750000e+02,3.637983642578125000e+03,2.657895684242248535e-01,9.843559563159942627e-02,3.041890263557434082e-01,2.684096693992614746e-01,6.729870243787730999e+01,-6.890073610929997372e+00,7.489898302686854947e+01,-9.328530012860117893e+01,0.000000000000000000e+00,0.000000000000000000e+00,2.657895684242248535e-01,9.843559563159942627e-02,3.041890263557434082e-01,2.684096693992614746e-01,9.681189843750000000e+04,4.805810546875000000e+04,5.982711718750000000e+04,7.439146093750000000e+04,-5.442553475880402327e+07
2.466000000000000192e+00,-1.487138441026124269e+02,9.981825494119624054e+00,-7.688012989090175608e+01,-1.157544531250000000e+04,2.390412445068359375e+02,3.658815917968750000e+03,2.689244151115417480e-01,1.227625459432601929e-01,2.889944016933441162e-01,2.560272216796875000e-01,5.542854397401125510e+01,-9.981825494119624054e+00,7.688012989090175608e+01,-9.328530012860117893e+01,0.000000000000000000e+00,0.000000000000000000e+00,2.689244151115417480e-01,1.227625459432601929e-01,2.889944016933441162e-01,2.560272216796875000e-01,9.666752343750000000e+04,4.782981250000000000e+04,5.993605078125000000e+04,7.450769531250000000e+04,-5.445366075744403899e+07
2.467000000000000082e+00,-1.366544622526525359e+02,1.260891287497930158e+01,-7.948504271473926508e+01,-1.154501171875000000e+04,2.306619873046875000e+02,3.663034667968750000e+03,2.701631784439086914e-01,1.483297049999237061e-01,2.706153988838195801e-01,2.422446161508560181e-01,4.336916212405136406e+01,-1.260891287497930158e+01,7.948504271473926508e+01,-9.328530012860117893e+01,0.000000000000000000e+00,0.000000000000000000e+00,2.701631784439086914e-01,1.483297049999237061e-01,2.706153988838195801e-01,2.422446161508560181e-01,9.652363281250000000e+04,4.760427734375000000e+04,6.004775781250000000e+04,7.462126562500000000e+04,-5.447881205619685352e+07
2.467999999999999972e+00,-1.244057227193303845e+02,1.464972499203188860e+01,-8.261232973384852585e+01,-1.150761914062500000e+04,2.156616058349609375e+02,3.660488525390625000e+03,2.730234861373901367e-01,1.730506718158721924e-01,2.496107667684555054e-01,2.273757308721542358e-01,3.112042259072919848e+01,-1.464972499203188860e+01,8.261232973384852585e+01,-9.328530012860117893e+01,0.000000000000000000e+00,0.000000000000000000e+00,2.730234861373901367e-01,1.730506718158721924e-01,2.496107667684555054e-01,2.273757308721542358e-01,9.640392968750000000e+04,4.753504296875000000e+04,6.016059765625000000e+04,7.473309375000000000e+04,-5.450132825150857121e+07
2.468999999999999861e+00,-1.119900340356906838e+02,1.600990645425380166e+01,-8.613176131169673511e+01,-1.148100097656250000e+04,1.968923339843750000e+02,3.657316650390625000e+03,2.768117189407348633e-01,1.968030631542205811e-01,2.270793318748474121e-01,2.123686671257019043e-01,1.870473390708950134e+01,-1.600990645425380166e+01,8.613176131169673511e+01,-9.328530012860117893e+01,0.000000000000000000e+00,0.000000000000000000e+00,2.768117189407348633e-01,1.968030631542205811e-01,2.270793318748474121e-01,2.123686671257019043e-01,9.629647656250000000e+04,4.764778515625000000e+04,6.027353125000000000e+04,7.484489062500000000e+04,-5.452154501664321870e+07
2.470000000000000195e+00,-9.946110906470848079e+01,1.661175435338658346e+01,-8.985157719959836697e+01,-1.148004589843750000e+04,1.818717193603515625e+02,3.621912109375000000e+03,2.809052467346191406e-01,2.192732095718383789e-01,2.043652385473251343e-01,1.983308047056198120e-01,6.175808936107299196e+00,-1.661175435338658346e+01,8.985157719959836697e+01,-9.328530012860117893e+01,0.000000000000000000e+00,0.000000000000000000e+00,2.809052467346191406e-01,2.192732095718383789e-01,2.043652385473251343e-01,1.983308047056198120e-01,9.620573437500000000e+04,4.776600390625000000e+04,6.039183203125000000e+04,7.493132812500000000e+04,-5.453978678516755253e+07
2.471000000000000085e+00,-8.688477867105773100e+01,1.642690096995126225e+01,-9.363271706484435697e+01,-1.149699902343750000e+04,1.779747161865234375e+02,3.631462402343750000e+03,2.868691682815551758e-01,2.406298518180847168e-01,1.823323220014572144e-01,1.852497309446334839e-01,-6.400521457543451476e+00,-1.642690096995126225e+01,9.363271706484435697e+01,-9.328530012860117893e+01,0.000000000000000000e+00,0.000000000000000000e+00,2.868691682815551758e-01,2.406298518180847168e-01,1.823323220014572144e-01,1.852497309446334839e-01,9.618031250000000000e+04,4.787726562500000000e+04,6.050260937500000000e+04,7.480721093750000000e+04,-5.455637267871269584e+07
2.471999999999999975e+00,-7.436762529179007686e+01,1.545938537477474917e+01,-9.725329333257415954e+01,-1.151848046875000000e+04,1.810473175048828125e+02,3.614724853515625000e+03,2.899629473686218262e-01,2.605084180831909180e-01,1.629050225019454956e-01,1.755136698484420776e-01,-1.891767483681110207e+01,-1.545938537477474917e+01,9.725329333257415954e+01,-9.328530012860117893e+01,0.000000000000000000e+00,0.000000000000000000e+00,2.899629473686218262e-01,2.605084180831909180e-01,1.629050225019454956e-01,1.755136698484420776e-01,9.615112500000000000e+04,4.799282421875000000e+04,6.061774609375000000e+04,7.468100781250000000e+04,-5.457160041806443036e+07
2.472999999999999865e+00,-6.201338382956888040e+01,1.376772354435729540e+01,-1.005344503679298072e+02,-1.152232031250000000e+04,1.852471160888671875e+02,3.598718750000000000e+03,2.943236529827117920e-01,2.788824737071990967e-01,1.461559534072875977e-01,1.681678891181945801e-01,-3.127191629903229853e+01,-1.376772354435729540e+01,1.005344503679298072e+02,-9.328530012860117893e+01,0.000000000000000000e+00,0.000000000000000000e+00,2.943236529827117920e-01,2.788824737071990967e-01,1.461559534072875977e-01,1.681678891181945801e-01,9.618558593750000000e+04,4.810807031250000000e+04,6.056052343750000000e+04,7.445302343750000000e+04,-5.458574280376079679e+07
2.474000000000000199e+00,-4.989182442027142628e+01,1.143105396408100560e+01,-1.033662661323381968e+02,-1.149977539062500000e+04,1.817800140380859375e+02,3.620416503906250000e+03,2.982659935951232910e-01,2.951148450374603271e-01,1.331635862588882446e-01,1.645217686891555786e-01,-4.339347570832975265e+01,-1.143105396408100560e+01,1.033662661323381968e+02,-9.328530012860117893e+01,0.000000000000000000e+00,0.000000000000000000e+00,2.982659935951232910e-01,2.951148450374603271e-01,1.331635862588882446e-01,1.645217686891555786e-01,9.625651562500000000e+04,4.821664843750000000e+04,6.036740234375000000e+04,7.423165625000000000e+04,-5.459904725187364966e+07
2.475000000000000089e+00,-3.803129007724713517e+01,8.587093272457151372e+00,-1.056239513311715399e+02,-1.146417187500000000e+04,1.673366394042968750e+02,3.611887207031250000e+03,2.994421124458312988e-01,3.079947531223297119e-01,1.252019256353378296e-01,1.662407070398330688e-01,-5.525401005135404375e+01,-8.587093272457151372e+00,1.056239513311715399e+02,-9.328530012860117893e+01,0.000000000000000000e+00,0.000000000000000000e+00,2.994421124458312988e-01,3.079947531223297119e-01,1.252019256353378296e-01,1.662407070398330688e-01,9.634732812500000000e+04,4.833038281250000000e+04,6.014346484375000000e+04,7.400554687500000000e+04,-5.461172378816426545e+07
2.475999999999999979e+00,-2.639664443170262587e+01,5.349636165356023376e+00,-1.072545458985273541e+02,-1.143292480468750000e+04,1.493858642578125000e+02,3.622343017578125000e+03,3.016790151596069336e-01,3.190144300460815430e-01,1.213481351733207703e-01,1.709656864404678345e-01,-6.688865569689855306e+01,-5.349636165356023376e+00,1.072545458985273541e+02,-9.328530012860117893e+01,0.000000000000000000e+00,0.000000000000000000e+00,3.016790151596069336e-01,3.190144300460815430e-01,1.213481351733207703e-01,1.709656864404678345e-01,9.644745312500000000e+04,4.844148046875000000e+04,5.991635156250000000e+04,7.378198437500000000e+04,-5.462395272722452134e+07
2.476999999999999869e+00,-1.490922016974946018e+01,1.881889137823401725e+00,-1.082020910529824533e+02,-1.142388964843750000e+04,1.326412658691406250e+02,3.597855468750000000e+03,3.019882440567016602e-01,3.281134665012359619e-01,1.223778352141380310e-01,1.792303472757339478e-01,-7.837607995885171874e+01,-1.881889137823401725e+00,1.082020910529824533e+02,-9.328530012860117893e+01,0.000000000000000000e+00,0.000000000000000000e+00,3.019882440567016602e-01,3.281134665012359619e-01,1.223778352141380310e-01,1.792303472757339478e-01,9.655492187500000000e+04,4.855834765625000000e+04,5.969507421875000000e+04,7.355255468750000000e+04,-5.463588624608555436e+07
2.478000000000000203e+00,-3.465053185715191830e+00,-1.682712393776582882e+00,-1.084447856134701595e+02,-1.144003222656250000e+04,1.252965164184570312e+02,3.576601562500000000e+03,3.039733171463012695e-01,3.377663195133209229e-01,1.268187314271926880e-01,1.879644095897674561e-01,-8.982024694288598710e+01,1.682712393776582882e+00,1.084447856134701595e+02,-9.328530012860117893e+01,0.000000000000000000e+00,0.000000000000000000e+00,3.039733171463012695e-01,3.377663195133209229e-01,1.268187314271926880e-01,1.879644095897674561e-01,9.666210937500000000e+04,4.867450000000000000e+04,5.947327343750000000e+04,7.332386718750000000e+04,-5.464766135572688282e+07
2.479000000000000092e+00,8.034367023728094637e+00,-5.252589045492319642e+00,-1.079684564682352743e+02,-1.146681933593750000e+04,1.270000534057617188e+02,3.605174804687500000e+03,3.059424459934234619e-01,3.482249081134796143e-01,1.346973329782485962e-01,1.969200372695922852e-01,-1.013196671523292736e+02,5.252589045492319642e+00,1.079684564682352743e+02,-9.328530012860117893e+01,0.000000000000000000e+00,0.000000000000000000e+00,3.059424459934234619e-01,3.482249081134796143e-01,1.346973329782485962e-01,1.969200372695922852e-01,9.677982812500000000e+04,4.878200000000000000e+04,5.924317968750000000e+04,7.316241406250000000e+04,-5.465941068406417221e+07
2.479999999999999982e+00,1.967177280414682627e+01,-8.646585763631307486e+00,-1.067760688048182374e+02,-1.148929492187500000e+04,1.313460693359375000e+02,3.598044433593750000e+03,3.052852749824523926e-01,3.582234382629394531e-01,1.463091522455215454e-01,2.070028334856033325e-01,-1.129570729327480052e+02,8.646585763631307486e+00,1.067760688048182374e+02,-9.328530012860117893e+01,0.000000000000000000e+00,0.000000000000000000e+00,3.052852749824523926e-01,3.582234382629394531e-01,1.463091522455215454e-01,2.070028334856033325e-01,9.689101562500000000e+04,4.889539062500000000e+04,5.901908203125000000e+04,7.306628125000000000e+04,-5.467127355502420664e+07
2.480999999999999872e+00,3.149768429508175416e+01,-1.173185420773091714e+01,-1.048916251229382368e+02,-1.148862109375000000e+04,1.351287994384765625e+02,3.603223632812500000e+03,3.068094551563262939e-01,3.701108396053314209e-01,1.583646088838577271e-01,2.152113020420074463e-01,-1.247829844236829331e+02,1.173185420773091714e+01,1.048916251229382368e+02,-9.328530012860117893e+01,0.000000000000000000e+00,0.000000000000000000e+00,3.068094551563262939e-01,3.701108396053314209e-01,1.583646088838577271e-01,2.152113020420074463e-01,9.700425000000000000e+04,4.900726171875000000e+04,5.886636718750000000e+04,7.304985937500000000e+04,-5.468340554856424034e+07
2.482000000000000206e+00,4.353340738131394971e+01,-1.436293649410891859e+01,-1.023849338142006928e+02,-1.146583105468750000e+04,1.299656829833984375e+02,3.593163818359375000e+03,3.059685528278350830e-01,3.815134465694427490e-01,1.699953228235244751e-01,2.235706448554992676e-01,-1.368187075099151286e+02,1.436293649410891859e+01,1.023849338142006928e+02,-9.328530012860117893e+01,0.000000000000000000e+00,0.000000000000000000e+00,3.059685528278350830e-01,3.815134465694427490e-01,1.699953228235244751e-01,2.235706448554992676e-01,9.711539843750000000e+04,4.912179687500000000e+04,5.881425781250000000e+04,7.309258593750000000e+04,-5.469598967473933846e+07
2.483000000000000096e+00,5.577872729382612249e+01,-1.641856364182521588e+01,-9.935960467160907683e+01,-1.143839355468750000e+04,1.180176773071289062e+02,3.572216552734375000e+03,3.030402660369873047e-01,3.922743499279022217e-01,1.788529753684997559e-01,2.320025563240051270e-01,-1.490640274224273014e+02,1.641856364182521588e+01,9.935960467160907683e+01,-9.328530012860117893e+01,0.000000000000000000e+00,0.000000000000000000e+00,3.030402660369873047e-01,3.922743499279022217e-01,1.788529753684997559e-01,2.320025563240051270e-01,9.722418750000000000e+04,4.923796484375000000e+04,5.885545703125000000e+04,7.319472656250000000e+04,-5.470924284143041819e+07
2.483999999999999986e+00,6.822490184844140515e+01,-1.782540221771789746e+01,-9.589956639044712006e+01,-1.142340820312500000e+04,1.050367813110351562e+02,3.597812744140625000e+03,2.971662878990173340e-01,4.021596610546112061e-01,1.835843473672866821e-01,2.404568791389465332e-01,-1.615102019770425841e+02,1.782540221771789746e+01,9.589956639044712006e+01,-9.328530012860117893e+01,0.000000000000000000e+00,0.000000000000000000e+00,2.971662878990173340e-01,4.021596610546112061e-01,1.835843473672866821e-01,2.404568791389465332e-01,9.733117968750000000e+04,4.934614843750000000e+04,5.895609375000000000e+04,7.331192187500000000e+04,-5.472341195046074688e+07
2.484999999999999876e+00,8.081643775216220149e+01,-1.848667274758404488e+01,-9.220339835626737113e+01,-1.143569921875000000e+04,9.587801361083984375e+01,3.578423339843750000e+03,2.853816747665405273e-01,4.095471799373626709e-01,1.845218539237976074e-01,2.497256547212600708e-01,-1.741017378807633804e+02,1.848667274758404488e+01,9.220339835626737113e+01,-9.328530012860117893e+01,0.000000000000000000e+00,0.000000000000000000e+00,2.853816747665405273e-01,4.095471799373626709e-01,1.845218539237976074e-01,2.497256547212600708e-01,9.738742187500000000e+04,4.946151562500000000e+04,5.907196093750000000e+04,7.342103125000000000e+04,-5.473878647080941498e+07
2.486000000000000210e+00,-2.665333581889054244e+02,-1.836217328840269403e+01,-8.846788967556960870e+01,-1.146554492187500000e+04,9.821260070800781250e+01,3.550724121093750000e+03,2.742262482643127441e-01,4.184397757053375244e-01,1.793226152658462524e-01,2.557882070541381836e-01,1.732480580603042313e+02,1.836217328840269403e+01,8.846788967556960870e+01,-9.328530012860117893e+01,0.000000000000000000e+00,0.000000000000000000e+00,2.742262482643127441e-01,4.184397757053375244e-01,1.793226152658462524e-01,2.557882070541381836e-01,9.744069531250000000e+04,4.957856250000000000e+04,5.918926171875000000e+04,7.352870312500000000e+04,-5.481799023874839395e+07
2.487000000000000099e+00,-2.539301477756091003e+02,-1.745791897380039970e+01,-8.487243164935526352e+01,-1.149350488281250000e+04,1.080463943481445312e+02,3.542909423828125000e+03,2.863081097602844238e-01,-4.436375200748443604e-02,3.180385231971740723e-01,2.837998569011688232e-01,1.606448476470079356e+02,1.745791897380039970e+01,8.487243164935526352e+01,-9.328530012860117893e+01,0.000000000000000000e+00,0.000000000000000000e+00,2.863081097602844238e-01,0.000000000000000000e+00,3.180385231971740723e-01,2.837998569011688232e-01,9.733671875000000000e+04,4.969272265625000000e+04,5.929133203125000000e+04,7.363986718750000000e+04,-5.488997886728670448e+07
2.487999999999999989e+00,-2.414867846789165355e+02,-1.583163899546515196e+01,-8.161002738004935964e+01,-1.150493554687500000e+04,1.172366714477539062e+02,3.527304443359375000e+03,2.815191149711608887e-01,-3.456160798668861389e-02,3.246279060840606689e-01,2.893698215484619141e-01,1.482014845503153424e+02,1.583163899546515196e+01,8.161002738004935964e+01,-9.328530012860117893e+01,0.000000000000000000e+00,0.000000000000000000e+00,2.815191149711608887e-01,0.000000000000000000e+00,3.246279060840606689e-01,2.893698215484619141e-01,9.731797656250000000e+04,4.947048437500000000e+04,5.940667968750000000e+04,7.375023437500000000e+04,-5.495520557182352245e+07
2.488999999999999879e+00,-2.292772478625296912e+02,-1.355479412062653921e+01,-7.879391590092065201e+01,-1.149129394531250000e+04,1.228304901123046875e+02,3.553903076171875000e+03,2.780716717243194580e-01,-2.283423393964767456e-02,3.294539451599121094e-01,2.932781875133514404e-01,1.359919477339285265e+02,1.355479412062653921e+01,7.879391590092065201e+01,-9.328530012860117893e+01,0.000000000000000000e+00,0.000000000000000000e+00,2.780716717243194580e-01,0.000000000000000000e+00,3.294539451599121094e-01,2.932781875133514404e-01,9.727334375000000000e+04,4.924105468750000000e+04,5.951501171875000000e+04,7.386726562500000000e+04,-5.501416584183759242e+07
2.490000000000000213e+00,-2.173388447191905470e+02,-1.076296731850694144e+01,-7.655457800564266790e+01,-1.146288378906250000e+04,1.188114013671875000e+02,3.551530761718750000e+03,2.738025784492492676e-01,-8.390285074710845947e-03,3.320206403732299805e-01,2.953345477581024170e-01,1.240535445905893539e+02,1.076296731850694144e+01,7.655457800564266790e+01,-9.328530012860117893e+01,0.000000000000000000e+00,0.000000000000000000e+00,2.738025784492492676e-01,0.000000000000000000e+00,3.320206403732299805e-01,2.953345477581024170e-01,9.720106250000000000e+04,4.901614453125000000e+04,5.962819140625000000e+04,7.397910937500000000e+04,-5.506737846014058590e+07
2.491000000000000103e+00,-2.056432885892292575e+02,-7.616498688163127362e+00,-7.497183852969773454e+01,-1.143908496093750000e+04,1.101667556762695312e+02,3.517060546875000000e+03,2.720412909984588623e-01,6.707087159156799316e-03,3.322669863700866699e-01,2.956786751747131348e-01,1.123579884606280785e+02,7.616498688163127362e+00,7.497183852969773454e+01,-9.328530012860117893e+01,0.000000000000000000e+00,0.000000000000000000e+00,2.720412909984588623e-01,6.707087159156799316e-03,3.322669863700866699e-01,2.956786751747131348e-01,9.709458593750000000e+04,4.879641015625000000e+04,5.974673437500000000e+04,7.408573437500000000e+04,-5.511534640990716964e+07
2.491999999999999993e+00,-1.941131031604118959e+02,-4.216303653445907074e+00,-7.406436656960674725e+01,-1.143301562500000000e+04,1.059674911499023438e+02,3.522185058593750000e+03,2.729485929012298584e-01,2.274185232818126678e-02,3.300794064998626709e-01,2.940047681331634521e-01,1.008278030318107170e+02,4.216303653445907074e+00,7.406436656960674725e+01,-9.328530012860117893e+01,0.000000000000000000e+00,0.000000000000000000e+00,2.729485929012298584e-01,2.274185232818126678e-02,3.300794064998626709e-01,2.940047681331634521e-01,9.698538281250000000e+04,4.857056250000000000e+04,5.985867968750000000e+04,7.419942187500000000e+04,-5.515852961433758587e+07
2.492999999999999883e+00,-1.826484293197734701e+02,-7.267092184262959886e-01,-7.386316184188950729e+01,-1.145244042968750000e+04,1.098590011596679688e+02,3.499481933593750000e+03,2.727156281471252441e-01,4.199812561273574829e-02,3.252020180225372314e-01,2.899775803089141846e-01,8.936312919117229114e+01,7.267092184262959886e-01,7.386316184188950729e+01,-9.328530012860117893e+01,0.000000000000000000e+00,0.000000000000000000e+00,2.727156281471252441e-01,4.199812561273574829e-02,3.252020180225372314e-01,2.899775803089141846e-01,9.687371093750000000e+04,4.834957812500000000e+04,5.997526953125000000e+04,7.430842187500000000e+04,-5.519734635785413533e+07
2.494000000000000217e+00,-1.711534377294437377e+02,2.723938054063052228e+00,-7.437667353778432755e+01,-1.148248535156250000e+04,1.268379898071289062e+02,3.492172119140625000e+03,2.746222615242004395e-01,6.329289823770523071e-02,3.173678517341613770e-01,2.831160426139831543e-01,7.786813760084255875e+01,-2.723938054063052228e+00,7.437667353778432755e+01,-9.328530012860117893e+01,0.000000000000000000e+00,0.000000000000000000e+00,2.746222615242004395e-01,6.329289823770523071e-02,3.173678517341613770e-01,2.831160426139831543e-01,9.677346093750000000e+04,4.812585156250000000e+04,6.008929687500000000e+04,7.441945312500000000e+04,-5.523217916650581360e+07
2.495000000000000107e+00,-1.595569427992076328e+02,5.996391316236437063e+00,-7.559377356153669325e+01,-1.150036621093750000e+04,1.476324920654296875e+02,3.492923828125000000e+03,2.763705253601074219e-01,8.766567707061767578e-02,3.061018884181976318e-01,2.732149660587310791e-01,6.627164267060645386e+01,-5.996391316236437063e+00,7.559377356153669325e+01,-9.328530012860117893e+01,0.000000000000000000e+00,0.000000000000000000e+00,2.763705253601074219e-01,8.766567707061767578e-02,3.061018884181976318e-01,2.732149660587310791e-01,9.668938281250000000e+04,4.790052343750000000e+04,6.020197656250000000e+04,7.453191406250000000e+04,-5.526338795981132984e+07
2.495999999999999996e+00,-1.478154360085276267e+02,8.933186667676675796e+00,-7.746653408658787043e+01,-1.149457812500000000e+04,1.645853271484375000e+02,3.476422607421875000e+03,2.783685624599456787e-01,1.137788519263267517e-01,2.912604808807373047e-01,2.607383131980895996e-01,5.453013587992645483e+01,-8.933186667676675796e+00,7.746653408658787043e+01,-9.328530012860117893e+01,0.000000000000000000e+00,0.000000000000000000e+00,2.783685624599456787e-01,1.137788519263267517e-01,2.912604808807373047e-01,2.607383131980895996e-01,9.661610156250000000e+04,4.767776953125000000e+04,6.031752343750000000e+04,7.464189062500000000e+04,-5.529131822866114974e+07
2.496999999999999886e+00,-1.359091629456336818e+02,1.144030913192740506e+01,-7.994986090045955507e+01,-1.146333984375000000e+04,1.747080383300781250e+02,3.502718750000000000e+03,2.821141779422760010e-01,1.401177048683166504e-01,2.730603516101837158e-01,2.461953014135360718e-01,4.262386281703250290e+01,-1.144030913192740506e+01,7.994986090045955507e+01,-9.328530012860117893e+01,0.000000000000000000e+00,0.000000000000000000e+00,2.821141779422760010e-01,1.401177048683166504e-01,2.730603516101837158e-01,2.461953014135360718e-01,9.656609375000000000e+04,4.752968750000000000e+04,6.042592578125000000e+04,7.475915625000000000e+04,-5.531631239016477019e+07
2.498000000000000220e+00,-1.238405497129627122e+02,1.337271388657425319e+01,-8.291707962286727707e+01,-1.142736621093750000e+04,1.765369415283203125e+02,3.484303710937500000e+03,2.840054631233215332e-01,1.665765047073364258e-01,2.525316178798675537e-01,2.312085330486297607e-01,3.055524958436152971e+01,-1.337271388657425319e+01,8.291707962286727707e+01,-9.328530012860117893e+01,0.000000000000000000e+00,0.000000000000000000e+00,2.840054631233215332e-01,1.665765047073364258e-01,2.525316178798675537e-01,2.312085330486297607e-01,9.650968750000000000e+04,4.739280468750000000e+04,6.054176953125000000e+04,7.486835156250000000e+04,-5.533870294348785281e+07
2.499000000000000110e+00,-1.116307612393690789e+02,1.463860466188655529e+01,-8.623021990116637880e+01,-1.140423535156250000e+04,1.788320770263671875e+02,3.455901855468750000e+03,2.890082597732543945e-01,1.916394531726837158e-01,2.302553057670593262e-01,2.155770063400268555e-01,1.834546111076790353e+01,-1.463860466188655529e+01,8.623021990116637880e+01,-9.328530012860117893e+01,0.000000000000000000e+00,0.000000000000000000e+00,2.890082597732543945e-01,1.916394531726837158e-01,2.302553057670593262e-01,2.155770063400268555e-01,9.649211718750000000e+04,4.751020703125000000e+04,6.065925390625000000e+04,7.497594531250000000e+04,-5.535881430991338193e+07
2.500000000000000000e+00,-9.931362243706864490e+01,1.518623432201295920e+01,-8.976483442298820137e+01,-1.140378808593750000e+04,1.862206420898437500e+02,3.459854248046875000e+03,2.947455644607543945e-01,2.158358693122863770e-01,2.076044231653213501e-01,2.004359513521194458e-01,6.028322308467471302e+00,-1.518623432201295920e+01,8.976483442298820137e+01,-9.328530012860117893e+01,0.000000000000000000e+00,0.000000000000000000e+00,2.947455644607543945e-01,2.158358693122863770e-01,2.076044231653213501e-01,2.004359513521194458e-01,9.648109375000000000e+04,4.762191796875000000e+04,6.077131640625000000e+04,7.508928906250000000e+04,-5.537696585272682458e+07
2.500999999999999890e+00,-8.696001291657600518e+01,1.497603855899976999e+01,-9.331992015679568908e+01,-1.142491308593750000e+04,2.015638427734375000e+02,3.438836181640625000e+03,2.982524335384368896e-01,2.389377355575561523e-01,1.862585693597793579e-01,1.874788403511047363e-01,-6.325287212025173744e+00,-1.497603855899976999e+01,9.331992015679568908e+01,-9.328530012860117893e+01,0.000000000000000000e+00,0.000000000000000000e+00,2.982524335384368896e-01,2.389377355575561523e-01,1.862585693597793579e-01,1.874788403511047363e-01,9.650041406250000000e+04,4.773759375000000000e+04,6.088751562500000000e+04,7.508537500000000000e+04,-5.539346078580226749e+07
2.501999999999999780e+00,-7.465498279071073284e+01,1.401240203483034819e+01,-9.673480314761542331e+01,-1.144662890625000000e+04,2.266195983886718750e+02,3.441984375000000000e+03,3.029164373874664307e-01,2.607832551002502441e-01,1.666123121976852417e-01,1.761822402477264404e-01,-1.863031733789044253e+01,-1.401240203483034819e+01,9.673480314761542331e+01,-9.328530012860117893e+01,0.000000000000000000e+00,0.000000000000000000e+00,3.029164373874664307e-01,2.607832551002502441e-01,1.666123121976852417e-01,1.761822402477264404e-01,9.656330468750000000e+04,4.784977734375000000e+04,6.099963671875000000e+04,7.497178906250000000e+04,-5.540858812180854380e+07
2.503000000000000114e+00,-6.249862534428292804e+01,1.235720750645018384e+01,-9.981236763432681869e+01,-1.145074804687500000e+04,2.511513519287109375e+02,3.419572998046875000e+03,3.056665062904357910e-01,2.809061706066131592e-01,1.501274853944778442e-01,1.682482808828353882e-01,-3.078667478431825444e+01,-1.235720750645018384e+01,9.981236763432681869e+01,-9.328530012860117893e+01,0.000000000000000000e+00,0.000000000000000000e+00,3.056665062904357910e-01,2.809061706066131592e-01,1.501274853944778442e-01,1.682482808828353882e-01,9.667222656250000000e+04,4.796634765625000000e+04,6.096350000000000000e+04,7.474274218750000000e+04,-5.542260940928859264e+07
2.504000000000000004e+00,-5.055487123251337067e+01,1.010065920904539105e+01,-1.024316635179900175e+02,-1.143012207031250000e+04,2.704050292968750000e+02,3.414279052734375000e+03,3.096138834953308105e-01,2.990821301937103271e-01,1.368810534477233887e-01,1.632068306207656860e-01,-4.273042889608780825e+01,-1.010065920904539105e+01,1.024316635179900175e+02,-9.328530012860117893e+01,0.000000000000000000e+00,0.000000000000000000e+00,3.096138834953308105e-01,2.990821301937103271e-01,1.368810534477233887e-01,1.632068306207656860e-01,9.678357812500000000e+04,4.807988671875000000e+04,6.079685546875000000e+04,7.451691406250000000e+04,-5.543575947330144793e+07
2.504999999999999893e+00,-3.884136051507274345e+01,7.330198116294112332e+00,-1.045268077609881345e+02,-1.139244921875000000e+04,2.795697631835937500e+02,3.453223876953125000e+03,3.120082616806030273e-01,3.146140873432159424e-01,1.280433088541030884e-01,1.624751091003417969e-01,-5.444393961352843547e+01,-7.330198116294112332e+00,1.045268077609881345e+02,-9.328530012860117893e+01,0.000000000000000000e+00,0.000000000000000000e+00,3.120082616806030273e-01,3.146140873432159424e-01,1.280433088541030884e-01,1.624751091003417969e-01,9.690303125000000000e+04,4.818574218750000000e+04,6.056522656250000000e+04,7.429867968750000000e+04,-5.544824770993323624e+07
2.505999999999999783e+00,-2.732799746824302645e+01,4.213135527650879730e+00,-1.059956787394109909e+02,-1.136216406250000000e+04,2.811049499511718750e+02,3.436746093750000000e+03,3.111252188682556152e-01,3.267471194267272949e-01,1.246353760361671448e-01,1.670137345790863037e-01,-6.595730266035815248e+01,-4.213135527650879730e+00,1.059956787394109909e+02,-9.328530012860117893e+01,0.000000000000000000e+00,0.000000000000000000e+00,3.111252188682556152e-01,3.267471194267272949e-01,1.246353760361671448e-01,1.670137345790863037e-01,9.701266406250000000e+04,4.830066406250000000e+04,6.034281640625000000e+04,7.407059375000000000e+04,-5.546024736380126327e+07
2.507000000000000117e+00,-1.593798413291395377e+01,8.760465681585482001e-01,-1.068021015685051509e+02,-1.135079980468750000e+04,2.861296691894531250e+02,3.426628906250000000e+03,3.130381405353546143e-01,3.384533822536468506e-01,1.246542558073997498e-01,1.727112084627151489e-01,-7.734731599568722515e+01,-8.760465681585482001e-01,1.068021015685051509e+02,-9.328530012860117893e+01,0.000000000000000000e+00,0.000000000000000000e+00,3.130381405353546143e-01,3.384533822536468506e-01,1.246542558073997498e-01,1.727112084627151489e-01,9.712334375000000000e+04,4.841504296875000000e+04,6.011932421875000000e+04,7.384357031250000000e+04,-5.547190883949652314e+07
2.508000000000000007e+00,-4.572739717678373950e+00,-2.547724918150949147e+00,-1.069203787681588267e+02,-1.136358593750000000e+04,2.985553283691406250e+02,3.418423339843750000e+03,3.143242001533508301e-01,3.498351573944091797e-01,1.287539452314376831e-01,1.799483746290206909e-01,-8.871256041092280498e+01,2.547724918150949147e+00,1.069203787681588267e+02,-9.328530012860117893e+01,0.000000000000000000e+00,0.000000000000000000e+00,3.143242001533508301e-01,3.498351573944091797e-01,1.287539452314376831e-01,1.799483746290206909e-01,9.723481250000000000e+04,4.852925390625000000e+04,5.989551171875000000e+04,7.361712500000000000e+04,-5.548336820774323493e+07
2.508999999999999897e+00,6.864969684789343773e+00,-5.919653464617961269e+00,-1.063366992265807767e+02,-1.139121386718750000e+04,3.204256286621093750e+02,3.412422851562500000e+03,3.157789111137390137e-01,3.618670105934143066e-01,1.362687498331069946e-01,1.873617619276046753e-01,-1.001502698133905227e+02,5.919653464617961269e+00,1.063366992265807767e+02,-9.328530012860117893e+01,0.000000000000000000e+00,0.000000000000000000e+00,3.157789111137390137e-01,3.618670105934143066e-01,1.362687498331069946e-01,1.873617619276046753e-01,9.734609375000000000e+04,4.864292968750000000e+04,5.967133203125000000e+04,7.339146875000000000e+04,-5.549475787145155668e+07
2.509999999999999787e+00,1.845019866544721765e+01,-9.139179035134912255e+00,-1.050458922113370335e+02,-1.141253320312500000e+04,3.468927307128906250e+02,3.452811279296875000e+03,3.175219297409057617e-01,3.749830126762390137e-01,1.461532115936279297e-01,1.940448284149169922e-01,-1.117354987940483966e+02,9.139179035134912255e+00,1.050458922113370335e+02,-9.328530012860117893e+01,0.000000000000000000e+00,0.000000000000000000e+00,3.175219297409057617e-01,3.749830126762390137e-01,1.461532115936279297e-01,1.940448284149169922e-01,9.746560156250000000e+04,4.874862500000000000e+04,5.943942968750000000e+04,7.322533593750000000e+04,-5.550621644534626603e+07
2.511000000000000121e+00,3.022685952953609956e+01,-1.201839788989794400e+01,-1.030916109321364189e+02,-1.141425683593750000e+04,3.680097045898437500e+02,3.447294433593750000e+03,3.158470690250396729e-01,3.869853019714355469e-01,1.581518650054931641e-01,2.018551230430603027e-01,-1.235121596581372785e+02,1.201839788989794400e+01,1.030916109321364189e+02,-9.328530012860117893e+01,0.000000000000000000e+00,0.000000000000000000e+00,3.158470690250396729e-01,3.869853019714355469e-01,1.581518650054931641e-01,2.018551230430603027e-01,9.757719531250000000e+04,4.886168750000000000e+04,5.927746875000000000e+04,7.310591406250000000e+04,-5.551790243051570654e+07
2.512000000000000011e+00,4.220458577758471108e+01,-1.442511979995423310e+01,-1.005472530816498136e+02,-1.139211230468750000e+04,3.813412780761718750e+02,3.438059814453125000e+03,3.152397871017456055e-01,3.998273015022277832e-01,1.681516468524932861e-01,2.081646174192428589e-01,-1.354898859061858900e+02,1.442511979995423310e+01,1.005472530816498136e+02,-9.328530012860117893e+01,0.000000000000000000e+00,0.000000000000000000e+00,3.152397871017456055e-01,3.998273015022277832e-01,1.681516468524932861e-01,2.081646174192428589e-01,9.768789062500000000e+04,4.897575781250000000e+04,5.921396093750000000e+04,7.304770312500000000e+04,-5.553000149175987393e+07
2.512999999999999901e+00,5.437513964490612750e+01,-1.626861490504824559e+01,-9.749492671921677811e+01,-1.135895117187500000e+04,3.861505737304687500e+02,3.457171875000000000e+03,3.117334544658660889e-01,4.113588929176330566e-01,1.751761138439178467e-01,2.148253619670867920e-01,-1.476604397735073064e+02,1.626861490504824559e+01,9.749492671921677811e+01,-9.328530012860117893e+01,0.000000000000000000e+00,0.000000000000000000e+00,3.117334544658660889e-01,4.113588929176330566e-01,1.751761138439178467e-01,2.148253619670867920e-01,9.780405468750000000e+04,4.908544140625000000e+04,5.922487500000000000e+04,7.304329687500000000e+04,-5.554272807613819093e+07
2.513999999999999790e+00,6.670592222384284753e+01,-1.744021202348990585e+01,-9.409020178381561550e+01,-1.133984863281250000e+04,3.868183898925781250e+02,3.446611572265625000e+03,3.030555546283721924e-01,4.201840758323669434e-01,1.788019239902496338e-01,2.228536456823348999e-01,-1.599912223524440265e+02,1.744021202348990585e+01,9.409020178381561550e+01,-9.328530012860117893e+01,0.000000000000000000e+00,0.000000000000000000e+00,3.030555546283721924e-01,4.201840758323669434e-01,1.788019239902496338e-01,2.228536456823348999e-01,9.791466406250000000e+04,4.919993359375000000e+04,5.929465625000000000e+04,7.308374218750000000e+04,-5.555633488326507062e+07
2.515000000000000124e+00,7.915210764085479411e+01,-1.788132114882238710e+01,-9.047133234817641778e+01,-1.134446679687500000e+04,3.940814208984375000e+02,3.459663085937500000e+03,2.933933138847351074e-01,4.290463328361511230e-01,1.768897473812103271e-01,2.291970252990722656e-01,-1.724374077694559730e+02,1.788132114882238710e+01,9.047133234817641778e+01,-9.328530012860117893e+01,0.000000000000000000e+00,0.000000000000000000e+00,2.933933138847351074e-01,4.290463328361511230e-01,1.768897473812103271e-01,2.291970252990722656e-01,9.800296875000000000e+04,4.931032421875000000e+04,5.938671093750000000e+04,7.318604687500000000e+04,-5.557110474303194135e+07
2.516000000000000014e+00,-2.683694077283554975e+02,-1.755336366864155551e+01,-8.683713239834072795e+01,-1.136868652343750000e+04,4.083736877441406250e+02,3.458958984375000000e+03,2.806298732757568359e-01,4.369890987873077393e-01,1.701336652040481567e-01,2.338949888944625854e-01,1.750841075997543328e+02,1.755336366864155551e+01,8.683713239834072795e+01,-9.328530012860117893e+01,0.000000000000000000e+00,0.000000000000000000e+00,2.806298732757568359e-01,4.369890987873077393e-01,1.701336652040481567e-01,2.338949888944625854e-01,9.802076562500000000e+04,4.942267578125000000e+04,5.946425390625000000e+04,7.329822656250000000e+04,-5.565097569017565995e+07
2.516999999999999904e+00,-2.559636635240651117e+02,-1.647133051279243077e+01,-8.340399565948413851e+01,-1.139750781250000000e+04,4.290102233886718750e+02,3.435554443359375000e+03,2.919593453407287598e-01,-2.803434804081916809e-02,3.105387985706329346e-01,2.694860398769378662e-01,1.626783633954639470e+02,1.647133051279243077e+01,8.340399565948413851e+01,-9.328530012860117893e+01,0.000000000000000000e+00,0.000000000000000000e+00,2.919593453407287598e-01,0.000000000000000000e+00,3.105387985706329346e-01,2.694860398769378662e-01,9.794485156250000000e+04,4.953882812500000000e+04,5.949178906250000000e+04,7.340684375000000000e+04,-5.572372061844114959e+07
2.517999999999999794e+00,-2.437155141915254148e+02,-1.467902286985435012e+01,-8.028965458033373181e+01,-1.140811035156250000e+04,4.509862976074218750e+02,3.471055908203125000e+03,2.883025407791137695e-01,-1.672425121068954468e-02,3.167483508586883545e-01,2.737534046173095703e-01,1.504302140629242217e+02,1.467902286985435012e+01,8.028965458033373181e+01,-9.328530012860117893e+01,0.000000000000000000e+00,0.000000000000000000e+00,2.883025407791137695e-01,0.000000000000000000e+00,3.167483508586883545e-01,2.737534046173095703e-01,9.795990625000000000e+04,4.930800390625000000e+04,5.959858984375000000e+04,7.352574218750000000e+04,-5.578977977264383435e+07
2.519000000000000128e+00,-2.317032812491589766e+02,-1.227662361746576458e+01,-7.765891000831065583e+01,-1.139528613281250000e+04,4.659260864257812500e+02,3.484080322265625000e+03,2.830764949321746826e-01,-1.943215727806091309e-03,3.210626542568206787e-01,2.762953639030456543e-01,1.384179811205578119e+02,1.227662361746576458e+01,7.765891000831065583e+01,-9.328530012860117893e+01,0.000000000000000000e+00,0.000000000000000000e+00,2.830764949321746826e-01,0.000000000000000000e+00,3.210626542568206787e-01,2.762953639030456543e-01,9.794540625000000000e+04,4.908104296875000000e+04,5.970915234375000000e+04,7.364046093750000000e+04,-5.584964780497658253e+07
2.520000000000000018e+00,-2.199524582429446582e+02,-9.397849786398364103e+00,-7.562239803168638730e+01,-1.136421093750000000e+04,4.731744689941406250e+02,3.479029052734375000e+03,2.800312042236328125e-01,1.383115444332361221e-02,3.229387104511260986e-01,2.769601941108703613e-01,1.266671581143434793e+02,9.397849786398364103e+00,7.562239803168638730e+01,-9.328530012860117893e+01,0.000000000000000000e+00,0.000000000000000000e+00,2.800312042236328125e-01,1.383115444332361221e-02,3.229387104511260986e-01,2.769601941108703613e-01,9.789139843750000000e+04,4.885692187500000000e+04,5.982274218750000000e+04,7.375185156250000000e+04,-5.590383395552837104e+07
2.520999999999999908e+00,-2.084287609628095765e+02,-6.156983036991940494e+00,-7.422072011742547204e+01,-1.133034960937500000e+04,4.735030517578125000e+02,3.499687255859375000e+03,2.790682315826416016e-01,3.049714490771293640e-02,3.221159279346466064e-01,2.756022214889526367e-01,1.151434608342083834e+02,6.156983036991940494e+00,7.422072011742547204e+01,-9.328530012860117893e+01,0.000000000000000000e+00,0.000000000000000000e+00,2.790682315826416016e-01,3.049714490771293640e-02,3.221159279346466064e-01,2.756022214889526367e-01,9.784363281250000000e+04,4.862828515625000000e+04,5.993205078125000000e+04,7.386767187500000000e+04,-5.595282312765973061e+07
2.521999999999999797e+00,-1.970538008040438172e+02,-2.714440735422149142e+00,-7.350336346827162970e+01,-1.131590722656250000e+04,4.729330444335937500e+02,3.489854736328125000e+03,2.779757380485534668e-01,4.901539534330368042e-02,3.187135457992553711e-01,2.724339365959167480e-01,1.037685006754426524e+02,2.714440735422149142e+00,7.350336346827162970e+01,-9.328530012860117893e+01,0.000000000000000000e+00,0.000000000000000000e+00,2.779757380485534668e-01,4.901539534330368042e-02,3.187135457992553711e-01,2.724339365959167480e-01,9.777008593750000000e+04,4.840443750000000000e+04,6.004644531250000000e+04,7.397888281250000000e+04,-5.599706344070070237e+07
2.523000000000000131e+00,-1.857253941604337797e+02,8.136835997660974984e-01,-7.348712370742133260e+01,-1.132455371093750000e+04,4.820853881835937500e+02,3.500879394531250000e+03,2.790552079677581787e-01,6.866063177585601807e-02,3.125497996807098389e-01,2.668505012989044189e-01,9.244009403183260076e+01,-8.136835997660974984e-01,7.348712370742133260e+01,-9.328530012860117893e+01,0.000000000000000000e+00,0.000000000000000000e+00,2.790552079677581787e-01,6.866063177585601807e-02,3.125497996807098389e-01,2.668505012989044189e-01,9.769484375000000000e+04,4.817750000000000000e+04,6.015735546875000000e+04,7.409350781250000000e+04,-5.603695838216853887e+07
2.524000000000000021e+00,-1.743442419887125538e+02,4.285438977019370377e+00,-7.418614763027896686e+01,-1.134643359375000000e+04,5.012832031250000000e+02,3.511464355468750000e+03,2.796255946159362793e-01,9.122084081172943115e-02,3.035148978233337402e-01,2.587097585201263428e-01,8.105894186011138913e+01,-4.285438977019370377e+00,7.418614763027896686e+01,-9.328530012860117893e+01,0.000000000000000000e+00,0.000000000000000000e+00,2.796255946159362793e-01,9.122084081172943115e-02,3.035148978233337402e-01,2.587097585201263428e-01,9.762188281250000000e+04,4.795096484375000000e+04,6.026833984375000000e+04,7.420751562500000000e+04,-5.607287624637060612e+07
2.524999999999999911e+00,-1.628325147123575789e+02,7.521524303842638481e+00,-7.558449963991512277e+01,-1.136425585937500000e+04,5.254957885742187500e+02,3.488707519531250000e+03,2.806273102760314941e-01,1.160108298063278198e-01,2.912152707576751709e-01,2.477415651082992554e-01,6.954721458375638576e+01,-7.521524303842638481e+00,7.558449963991512277e+01,-9.328530012860117893e+01,0.000000000000000000e+00,0.000000000000000000e+00,2.806273102760314941e-01,1.160108298063278198e-01,2.912152707576751709e-01,2.477415651082992554e-01,9.754446093750000000e+04,4.772981640625000000e+04,6.038487109375000000e+04,7.431605468750000000e+04,-5.610516026413182914e+07
2.525999999999999801e+00,-1.511469449051863307e+02,1.043318152216824046e+01,-7.765917980768391260e+01,-1.135803125000000000e+04,5.485721435546875000e+02,3.523765380859375000e+03,2.838770747184753418e-01,1.417410522699356079e-01,2.753584384918212891e-01,2.338308542966842651e-01,5.786164477658514471e+01,-1.043318152216824046e+01,7.765917980768391260e+01,-9.328530012860117893e+01,0.000000000000000000e+00,0.000000000000000000e+00,2.838770747184753418e-01,1.417410522699356079e-01,2.753584384918212891e-01,2.338308542966842651e-01,9.748271875000000000e+04,4.749881250000000000e+04,6.049174218750000000e+04,7.443459375000000000e+04,-5.613414546257107705e+07
2.527000000000000135e+00,-1.392737419439297355e+02,1.287857504614665416e+01,-8.034062303919962744e+01,-1.132753613281250000e+04,5.606085205078125000e+02,3.550093261718750000e+03,2.846733927726745605e-01,1.685677170753479004e-01,2.569143772125244141e-01,2.190257757902145386e-01,4.598844181532854236e+01,-1.287857504614665416e+01,8.034062303919962744e+01,-9.328530012860117893e+01,0.000000000000000000e+00,0.000000000000000000e+00,2.846733927726745605e-01,1.685677170753479004e-01,2.569143772125244141e-01,2.190257757902145386e-01,9.742814843750000000e+04,4.737249609375000000e+04,6.060005468750000000e+04,7.455189843750000000e+04,-5.616016311117168516e+07
2.528000000000000025e+00,-1.272299134692721907e+02,1.471839723053234472e+01,-8.350241400824948812e+01,-1.128576660156250000e+04,5.636056518554687500e+02,3.540616455078125000e+03,2.865778803825378418e-01,1.943150162696838379e-01,2.362071424722671509e-01,2.035149633884429932e-01,3.394461334067101888e+01,-1.471839723053234472e+01,8.350241400824948812e+01,-9.328530012860117893e+01,0.000000000000000000e+00,0.000000000000000000e+00,2.865778803825378418e-01,1.943150162696838379e-01,2.362071424722671509e-01,2.035149633884429932e-01,9.739675781250000000e+04,4.748667578125000000e+04,6.071430859375000000e+04,7.458753906250000000e+04,-5.618353984641532600e+07
2.528999999999999915e+00,-1.150486826316962947e+02,1.587622244855256604e+01,-8.701868155836548624e+01,-1.124955566406250000e+04,5.622280883789062500e+02,3.545220214843750000e+03,2.909548282623291016e-01,2.186385393142700195e-01,2.139983326196670532e-01,1.875786036252975464e-01,2.176338250309511935e+01,-1.587622244855256604e+01,8.701868155836548624e+01,-9.328530012860117893e+01,0.000000000000000000e+00,0.000000000000000000e+00,2.909548282623291016e-01,2.186385393142700195e-01,2.139983326196670532e-01,1.875786036252975464e-01,9.736912500000000000e+04,4.759875781250000000e+04,6.082618359375000000e+04,7.462471093750000000e+04,-5.620460035117000341e+07
2.529999999999999805e+00,-1.027869037768960538e+02,1.628308719297807627e+01,-9.070140867400372997e+01,-1.123780957031250000e+04,5.627623901367187500e+02,3.522961425781250000e+03,2.947514057159423828e-01,2.415891289710998535e-01,1.920977234840393066e-01,1.731509417295455933e-01,9.501603648294880244e+00,-1.628308719297807627e+01,9.070140867400372997e+01,-9.328530012860117893e+01,0.000000000000000000e+00,0.000000000000000000e+00,2.947514057159423828e-01,2.415891289710998535e-01,1.920977234840393066e-01,1.731509417295455933e-01,9.735046875000000000e+04,4.771512890625000000e+04,6.094250000000000000e+04,7.454123437500000000e+04,-5.622365738322202861e+07
2.531000000000000139e+00,-9.050684866384231952e+01,1.591913787372068256e+01,-9.440677590844660472e+01,-1.124843750000000000e+04,5.728564453125000000e+02,3.538203613281250000e+03,2.998682558536529541e-01,2.632586359977722168e-01,1.711593270301818848e-01,1.599569767713546753e-01,-2.778451464758854517e+00,-1.591913787372068256e+01,9.440677590844660472e+01,-9.328530012860117893e+01,0.000000000000000000e+00,0.000000000000000000e+00,2.998682558536529541e-01,2.632586359977722168e-01,1.711593270301818848e-01,1.599569767713546753e-01,9.739511718750000000e+04,4.782498828125000000e+04,6.105251171875000000e+04,7.431909375000000000e+04,-5.624101493116515875e+07
2.532000000000000028e+00,-7.829560750589338625e+01,1.478807003023566757e+01,-9.795364053268833970e+01,-1.126808007812500000e+04,5.898625488281250000e+02,3.559624023437500000e+03,3.024492263793945312e-01,2.833713293075561523e-01,1.530645191669464111e-01,1.501907259225845337e-01,-1.498969262270779268e+01,-1.478807003023566757e+01,9.795364053268833970e+01,-9.328530012860117893e+01,0.000000000000000000e+00,0.000000000000000000e+00,3.024492263793945312e-01,2.833713293075561523e-01,1.530645191669464111e-01,1.501907259225845337e-01,9.747572656250000000e+04,4.793358984375000000e+04,6.104284765625000000e+04,7.409737500000000000e+04,-5.625695873602870107e+07
2.532999999999999918e+00,-6.625399807418459375e+01,1.295514079605652924e+01,-1.011242467411622670e+02,-1.127750976562500000e+04,6.079288940429687500e+02,3.536299072265625000e+03,3.042746484279632568e-01,3.016061782836914062e-01,1.382718533277511597e-01,1.437909156084060669e-01,-2.703130205441658163e+01,-1.295514079605652924e+01,1.011242467411622670e+02,-9.328530012860117893e+01,0.000000000000000000e+00,0.000000000000000000e+00,3.042746484279632568e-01,3.016061782836914062e-01,1.382718533277511597e-01,1.437909156084060669e-01,9.756409375000000000e+04,4.805014453125000000e+04,6.090025390625000000e+04,7.386813281250000000e+04,-5.627174227724152803e+07
2.533999999999999808e+00,-5.443914996813570184e+01,1.050130021964371174e+01,-1.038258071094279558e+02,-1.126175683593750000e+04,6.216143188476562500e+02,3.559850830078125000e+03,3.081986308097839355e-01,3.184769749641418457e-01,1.265366375446319580e-01,1.396198719739913940e-01,-3.884615016046547709e+01,-1.050130021964371174e+01,1.038258071094279558e+02,-9.328530012860117893e+01,0.000000000000000000e+00,0.000000000000000000e+00,3.081986308097839355e-01,3.184769749641418457e-01,1.265366375446319580e-01,1.396198719739913940e-01,9.767099218750000000e+04,4.815905859375000000e+04,6.067109375000000000e+04,7.364692187500000000e+04,-5.628559597381900996e+07
2.535000000000000142e+00,-4.287338135502598391e+01,7.543545506504232279e+00,-1.059615945483169241e+02,-1.122691992187500000e+04,6.236784667968750000e+02,3.584690673828125000e+03,3.091247677803039551e-01,3.322154283523559570e-01,1.200411915779113770e-01,1.409606188535690308e-01,-5.041191877357519502e+01,-7.543545506504232279e+00,1.059615945483169241e+02,-9.328530012860117893e+01,0.000000000000000000e+00,0.000000000000000000e+00,3.091247677803039551e-01,3.322154283523559570e-01,1.200411915779113770e-01,1.409606188535690308e-01,9.778779687500000000e+04,4.826758984375000000e+04,6.044168359375000000e+04,7.342639843750000000e+04,-5.629871886524585634e+07
2.536000000000000032e+00,-3.152489665090482873e+01,4.218098436274707375e+00,-1.074630881690370927e+02,-1.119079003906250000e+04,6.166200561523437500e+02,3.598735595703125000e+03,3.095462620258331299e-01,3.434352278709411621e-01,1.183445304632186890e-01,1.463156789541244507e-01,-6.176040347769635019e+01,-4.218098436274707375e+00,1.074630881690370927e+02,-9.328530012860117893e+01,0.000000000000000000e+00,0.000000000000000000e+00,3.095462620258331299e-01,3.434352278709411621e-01,1.183445304632186890e-01,1.463156789541244507e-01,9.790239062500000000e+04,4.837765625000000000e+04,6.021405859375000000e+04,7.320366406250000000e+04,-5.631127879202795029e+07
2.536999999999999922e+00,-2.031686506350816046e+01,6.444778740801849759e-01,-1.082965704186886029e+02,-1.116883593750000000e+04,6.076024780273437500e+02,3.624576660156250000e+03,3.101042509078979492e-01,3.531379103660583496e-01,1.211224272847175598e-01,1.543645262718200684e-01,-7.296843506509301847e+01,-6.444778740801849759e-01,1.082965704186886029e+02,-9.328530012860117893e+01,0.000000000000000000e+00,0.000000000000000000e+00,3.101042509078979492e-01,3.531379103660583496e-01,1.211224272847175598e-01,1.543645262718200684e-01,9.801958593750000000e+04,4.848551171875000000e+04,5.998445312500000000e+04,7.298257812500000000e+04,-5.632342012955013663e+07
2.537999999999999812e+00,-9.143024821952636216e+00,-2.999175045344699253e+00,-1.084207335681290090e+02,-1.117262207031250000e+04,6.022452392578125000e+02,3.601544433593750000e+03,3.098341822624206543e-01,3.617430925369262695e-01,1.285623311996459961e-01,1.647184640169143677e-01,-8.414227530664854271e+01,2.999175045344699253e+00,1.084207335681290090e+02,-9.328530012860117893e+01,0.000000000000000000e+00,0.000000000000000000e+00,3.098341822624206543e-01,3.617430925369262695e-01,1.285623311996459961e-01,1.647184640169143677e-01,9.812820312500000000e+04,4.860196093750000000e+04,5.976300781250000000e+04,7.275346093750000000e+04,-5.633526777497143298e+07
2.539000000000000146e+00,2.104988984134905650e+00,-6.600955503740369323e+00,-1.078262232255145676e+02,-1.119445605468750000e+04,6.081697387695312500e+02,3.605036132812500000e+03,3.125712871551513672e-01,3.722175359725952148e-01,1.383275687694549561e-01,1.734604686498641968e-01,-9.539028911273608458e+01,6.600955503740369323e+00,1.078262232255145676e+02,-9.328530012860117893e+01,0.000000000000000000e+00,0.000000000000000000e+00,3.125712871551513672e-01,3.722175359725952148e-01,1.383275687694549561e-01,1.734604686498641968e-01,9.824103906250000000e+04,4.871423046875000000e+04,5.953714843750000000e+04,7.252914062500000000e+04,-5.634694227297870070e+07
2.540000000000000036e+00,1.351773960555858878e+01,-1.005499196828122521e+01,-1.065043366699406562e+02,-1.121730468750000000e+04,6.199271850585937500e+02,3.646905273437500000e+03,3.140439093112945557e-01,3.829334676265716553e-01,1.510840058326721191e-01,1.825273633003234863e-01,-1.068030397341597677e+02,1.005499196828122521e+01,1.065043366699406562e+02,-9.328530012860117893e+01,0.000000000000000000e+00,0.000000000000000000e+00,3.140439093112945557e-01,3.829334676265716553e-01,1.510840058326721191e-01,1.825273633003234863e-01,9.836099218750000000e+04,4.881995312500000000e+04,5.930490234375000000e+04,7.231142187500000000e+04,-5.635856927885573357e+07
2.540999999999999925e+00,2.515728077139512209e+01,-1.318030885194686519e+01,-1.044808293486144919e+02,-1.122795117187500000e+04,6.287123413085937500e+02,3.652900390625000000e+03,3.125504851341247559e-01,3.926559090614318848e-01,1.658265739679336548e-01,1.926777809858322144e-01,-1.184425808999963010e+02,1.318030885194686519e+01,1.044808293486144919e+02,-9.328530012860117893e+01,0.000000000000000000e+00,0.000000000000000000e+00,3.125504851341247559e-01,3.926559090614318848e-01,1.658265739679336548e-01,1.926777809858322144e-01,9.847434375000000000e+04,4.893145312500000000e+04,5.918283203125000000e+04,7.212806250000000000e+04,-5.637029213187435269e+07
2.541999999999999815e+00,3.704696793174078095e+01,-1.585223128689962202e+01,-1.018046869724495451e+02,-1.121465136718750000e+04,6.303630371093750000e+02,3.673748535156250000e+03,3.110226392745971680e-01,4.030747413635253906e-01,1.786455214023590088e-01,2.013725936412811279e-01,-1.303322680603419599e+02,1.585223128689962202e+01,1.018046869724495451e+02,-9.328530012860117893e+01,0.000000000000000000e+00,0.000000000000000000e+00,3.110226392745971680e-01,4.030747413635253906e-01,1.786455214023590088e-01,2.013725936412811279e-01,9.859018750000000000e+04,4.904015234375000000e+04,5.917607031250000000e+04,7.202856250000000000e+04,-5.638228009723362327e+07
2.543000000000000149e+00,4.917439826345237464e+01,-1.793999786076293290e+01,-9.857613816380268190e+01,-1.118476074218750000e+04,6.202129516601562500e+02,3.682369140625000000e+03,3.054329752922058105e-01,4.115131795406341553e-01,1.888824254274368286e-01,2.110863029956817627e-01,-1.424596983920535536e+02,1.793999786076293290e+01,9.857613816380268190e+01,-9.328530012860117893e+01,0.000000000000000000e+00,0.000000000000000000e+00,3.054329752922058105e-01,4.115131795406341553e-01,1.888824254274368286e-01,2.110863029956817627e-01,9.870451562500000000e+04,4.915111328125000000e+04,5.927030468750000000e+04,7.199509375000000000e+04,-5.639473731721673161e+07
2.544000000000000039e+00,6.149606984113658825e+01,-1.933105397545318738e+01,-9.494904819444813882e+01,-1.115831835937500000e+04,6.034072265625000000e+02,3.664118408203125000e+03,2.973022162914276123e-01,4.187738299369812012e-01,1.945398598909378052e-01,2.206774502992630005e-01,-1.547813699697377672e+02,1.933105397545318738e+01,9.494904819444813882e+01,-9.328530012860117893e+01,0.000000000000000000e+00,0.000000000000000000e+00,2.973022162914276123e-01,4.187738299369812012e-01,1.945398598909378052e-01,2.206774502992630005e-01,9.878523437500000000e+04,4.926699218750000000e+04,5.938587890625000000e+04,7.203106250000000000e+04,-5.640790809522347152e+07
2.544999999999999929e+00,7.396313874899230711e+01,-1.997364326798770051e+01,-9.104553707361581871e+01,-1.114985839843750000e+04,5.894487304687500000e+02,3.690888916015625000e+03,2.880253791809082031e-01,4.261656105518341064e-01,1.943841129541397095e-01,2.286321222782135010e-01,-1.672484388775934860e+02,1.997364326798770051e+01,9.104553707361581871e+01,-9.328530012860117893e+01,0.000000000000000000e+00,0.000000000000000000e+00,2.880253791809082031e-01,4.261656105518341064e-01,1.943841129541397095e-01,2.286321222782135010e-01,9.881588281250000000e+04,4.937530468750000000e+04,5.949397265625000000e+04,7.214502343750000000e+04,-5.642206687736349553e+07
2.545999999999999819e+00,8.648558866016976765e+01,-1.981445070869187575e+01,-8.707154132951168890e+01,-1.116572167968750000e+04,5.814123535156250000e+02,3.700677246093750000e+03,2.746796011924743652e-01,4.318419098854064941e-01,1.897282153367996216e-01,2.361366450786590576e-01,-1.797708887887709466e+02,1.981445070869187575e+01,8.707154132951168890e+01,-9.328530012860117893e+01,0.000000000000000000e+00,0.000000000000000000e+00,2.746796011924743652e-01,4.318419098854064941e-01,1.897282153367996216e-01,2.361366450786590576e-01,9.877886718750000000e+04,4.948629296875000000e+04,5.960492968750000000e+04,7.225903125000000000e+04,-5.643752070017577708e+07
2.547000000000000153e+00,-2.610536483930540044e+02,-1.885271009107329832e+01,-8.325952294697140132e+01,-1.119432519531250000e+04,5.809519653320312500e+02,3.683674560546875000e+03,2.616451978683471680e-01,4.386989772319793701e-01,1.789515763521194458e-01,2.398101985454559326e-01,1.677683482644528112e+02,1.885271009107329832e+01,8.325952294697140132e+01,-9.328530012860117893e+01,0.000000000000000000e+00,0.000000000000000000e+00,2.616451978683471680e-01,4.386989772319793701e-01,1.789515763521194458e-01,2.398101985454559326e-01,9.873778125000000000e+04,4.960147265625000000e+04,5.972037109375000000e+04,7.236845312500000000e+04,-5.651295728035423905e+07
2.548000000000000043e+00,-2.487558164368243183e+02,-1.713339812176763033e+01,-7.976537538305225894e+01,-1.121407226562500000e+04,5.840606689453125000e+02,3.701671142578125000e+03,2.788321971893310547e-01,-1.071344688534736633e-02,3.149527609348297119e-01,2.712646126747131348e-01,1.554705163082231252e+02,1.713339812176763033e+01,7.976537538305225894e+01,-9.328530012860117893e+01,0.000000000000000000e+00,0.000000000000000000e+00,2.788321971893310547e-01,0.000000000000000000e+00,3.149527609348297119e-01,2.712646126747131348e-01,9.851807812500000000e+04,4.971064453125000000e+04,5.980267968750000000e+04,7.248385156250000000e+04,-5.658149280500658602e+07
2.548999999999999932e+00,-2.367123129251561409e+02,-1.475124221177803641e+01,-7.675526916191833493e+01,-1.121236328125000000e+04,5.805827026367187500e+02,3.709185546875000000e+03,2.736728191375732422e-01,1.973530277609825134e-03,3.206569254398345947e-01,2.755364477634429932e-01,1.434270127965549477e+02,1.475124221177803641e+01,7.675526916191833493e+01,-9.328530012860117893e+01,0.000000000000000000e+00,0.000000000000000000e+00,2.736728191375732422e-01,1.973530277609825134e-03,3.206569254398345947e-01,2.755364477634429932e-01,9.842327343750000000e+04,4.948432421875000000e+04,5.991405468750000000e+04,7.259793750000000000e+04,-5.664363449458786845e+07
2.549999999999999822e+00,-2.249636178451319211e+02,-1.182620267962319893e+01,-7.433525649642621147e+01,-1.118816699218750000e+04,5.692271728515625000e+02,3.717841552734375000e+03,2.700660824775695801e-01,1.572371646761894226e-02,3.239213824272155762e-01,2.779719829559326172e-01,1.316783177165307563e+02,1.182620267962319893e+01,7.433525649642621147e+01,-9.328530012860117893e+01,0.000000000000000000e+00,0.000000000000000000e+00,2.700660824775695801e-01,1.572371646761894226e-02,3.239213824272155762e-01,2.779719829559326172e-01,9.829423437500000000e+04,4.925810937500000000e+04,6.002524218750000000e+04,7.271224218750000000e+04,-5.669990871337004751e+07
2.551000000000000156e+00,-2.134916336600565501e+02,-8.474033357058212701e+00,-7.255563111647067842e+01,-1.115415625000000000e+04,5.498771972656250000e+02,3.748030029296875000e+03,2.676854133605957031e-01,3.055291995406150818e-02,3.244995772838592529e-01,2.785304486751556396e-01,1.202063335314553569e+02,8.474033357058212701e+00,7.255563111647067842e+01,-9.328530012860117893e+01,0.000000000000000000e+00,0.000000000000000000e+00,2.676854133605957031e-01,3.055291995406150818e-02,3.244995772838592529e-01,2.785304486751556396e-01,9.817251562500000000e+04,4.902816796875000000e+04,6.013283984375000000e+04,7.282957812500000000e+04,-5.675082351986093074e+07
2.552000000000000046e+00,-2.022306472941186826e+02,-4.871196905341915517e+00,-7.147801586455750567e+01,-1.113170898437500000e+04,5.256776733398437500e+02,3.727440185546875000e+03,2.655304968357086182e-01,4.685722291469573975e-02,3.224464654922485352e-01,2.773801088333129883e-01,1.089453471655175179e+02,4.871196905341915517e+00,7.147801586455750567e+01,-9.328530012860117893e+01,0.000000000000000000e+00,0.000000000000000000e+00,2.655304968357086182e-01,4.685722291469573975e-02,3.224464654922485352e-01,2.773801088333129883e-01,9.800235937500000000e+04,4.880651562500000000e+04,6.024890234375000000e+04,7.293842968750000000e+04,-5.679685358987715095e+07
2.552999999999999936e+00,-1.910770283694202760e+02,-1.136083849550553859e+00,-7.111038425787879191e+01,-1.113036328125000000e+04,5.071607971191406250e+02,3.724645996093750000e+03,2.663609683513641357e-01,6.336542218923568726e-02,3.176077306270599365e-01,2.737673223018646240e-01,9.779172824081909710e+01,1.136083849550553859e+00,7.111038425787879191e+01,-9.328530012860117893e+01,0.000000000000000000e+00,0.000000000000000000e+00,2.663609683513641357e-01,6.336542218923568726e-02,3.176077306270599365e-01,2.737673223018646240e-01,9.782371875000000000e+04,4.858156250000000000e+04,6.036198437500000000e+04,7.305045312500000000e+04,-5.683842199808345735e+07
2.553999999999999826e+00,-1.799218652631700479e+02,2.620054148166617303e+00,-7.146203287504310708e+01,-1.114657421875000000e+04,4.973183593750000000e+02,3.745646240234375000e+03,2.670960426330566406e-01,8.239428699016571045e-02,3.100968301296234131e-01,2.678664922714233398e-01,8.663656513456886898e+01,-2.620054148166617303e+00,7.146203287504310708e+01,-9.328530012860117893e+01,0.000000000000000000e+00,0.000000000000000000e+00,2.670960426330566406e-01,8.239428699016571045e-02,3.100968301296234131e-01,2.678664922714233398e-01,9.765984375000000000e+04,4.835274609375000000e+04,6.047107812500000000e+04,7.316689843750000000e+04,-5.687590756250961125e+07
2.555000000000000160e+00,-1.686654311492707450e+02,6.225231896252975794e+00,-7.253542423349406931e+01,-1.116960937500000000e+04,4.945639648437500000e+02,3.733970947265625000e+03,2.671913504600524902e-01,1.040777787566184998e-01,2.996616363525390625e-01,2.595503628253936768e-01,7.538013102066956606e+01,-6.225231896252975794e+00,7.253542423349406931e+01,-9.328530012860117893e+01,0.000000000000000000e+00,0.000000000000000000e+00,2.671913504600524902e-01,1.040777787566184998e-01,2.996616363525390625e-01,2.595503628253936768e-01,9.749376562500000000e+04,4.812987890625000000e+04,6.058560546875000000e+04,7.327758593750000000e+04,-5.690965573145527393e+07
2.556000000000000050e+00,-1.572385096171954331e+02,9.565716781142750591e+00,-7.431811961935497379e+01,-1.117785742187500000e+04,4.961274414062500000e+02,3.751695312500000000e+03,2.692946791648864746e-01,1.270726323127746582e-01,2.857916951179504395e-01,2.481163591146469116e-01,6.395320948859426124e+01,-9.565716781142750591e+00,7.431811961935497379e+01,-9.328530012860117893e+01,0.000000000000000000e+00,0.000000000000000000e+00,2.692946791648864746e-01,1.270726323127746582e-01,2.857916951179504395e-01,2.481163591146469116e-01,9.734189062500000000e+04,4.790206250000000000e+04,6.069519531250000000e+04,7.339278125000000000e+04,-5.693999436620320380e+07
2.556999999999999940e+00,-1.456059640837171685e+02,1.248961589208249379e+01,-7.675656061894169113e+01,-1.116184765625000000e+04,4.904824523925781250e+02,3.752452880859375000e+03,2.705274224281311035e-01,1.515862643718719482e-01,2.687933444976806641e-01,2.347731292247772217e-01,5.232066395511598245e+01,-1.248961589208249379e+01,7.675656061894169113e+01,-9.328530012860117893e+01,0.000000000000000000e+00,0.000000000000000000e+00,2.705274224281311035e-01,1.515862643718719482e-01,2.687933444976806641e-01,2.347731292247772217e-01,9.720655468750000000e+04,4.785975000000000000e+04,6.080758203125000000e+04,7.350525781250000000e+04,-5.696724302308313549e+07
2.557999999999999829e+00,-1.337625733408625592e+02,1.487344372886711419e+01,-7.976529619920603409e+01,-1.112741992187500000e+04,4.742899780273437500e+02,3.747932373046875000e+03,2.732699513435363770e-01,1.757010519504547119e-01,2.489048689603805542e-01,2.198041081428527832e-01,4.047727321226138741e+01,-1.487344372886711419e+01,7.976529619920603409e+01,-9.328530012860117893e+01,0.000000000000000000e+00,0.000000000000000000e+00,2.732699513435363770e-01,1.757010519504547119e-01,2.489048689603805542e-01,2.198041081428527832e-01,9.708180468750000000e+04,4.797274218750000000e+04,6.092080859375000000e+04,7.361723437500000000e+04,-5.699171917091600597e+07
2.559000000000000163e+00,-1.217194280784401315e+02,1.663825896254278547e+01,-8.326128822388297124e+01,-1.108939648437500000e+04,4.496295776367187500e+02,3.778493652343750000e+03,2.768959999084472656e-01,1.988610625267028809e-01,2.271572351455688477e-01,2.044200897216796875e-01,2.843412794983895964e+01,-1.663825896254278547e+01,8.326128822388297124e+01,-9.328530012860117893e+01,0.000000000000000000e+00,0.000000000000000000e+00,2.768959999084472656e-01,1.988610625267028809e-01,2.271572351455688477e-01,2.044200897216796875e-01,9.696647656250000000e+04,4.807996093750000000e+04,6.102813671875000000e+04,7.373523437500000000e+04,-5.701374406386575103e+07
2.560000000000000053e+00,-1.095258539365656532e+02,1.767262876566600838e+01,-8.705566691738216889e+01,-1.106994921875000000e+04,4.221904602050781250e+02,3.752302978515625000e+03,2.790386080741882324e-01,2.206957340240478516e-01,2.051275521516799927e-01,1.904960125684738159e-01,1.624055380796447068e+01,-1.767262876566600838e+01,8.705566691738216889e+01,-9.328530012860117893e+01,0.000000000000000000e+00,0.000000000000000000e+00,2.790386080741882324e-01,2.206957340240478516e-01,2.051275521516799927e-01,1.904960125684738159e-01,9.688885937500000000e+04,4.819714843750000000e+04,6.114488671875000000e+04,7.367854687500000000e+04,-5.703363098749620467e+07
2.560999999999999943e+00,-9.724646615336433797e+01,1.793063829221710748e+01,-9.098544523756950753e+01,-1.107358007812500000e+04,4.029218750000000000e+02,3.734611572265625000e+03,2.844403982162475586e-01,2.412541508674621582e-01,1.829434782266616821e-01,1.766350120306015015e-01,3.961166024763153271e+00,-1.793063829221710748e+01,9.098544523756950753e+01,0.000000000000000000e+00,0.000000000000000000e+00,0.000000000000000000e+00,2.844403982162475586e-01,2.412541508674621582e-01,1.829434782266616821e-01,1.766350120306015015e-01,9.681436718750000000e+04,4.831286328125000000e+04,6.126017187500000000e+04,7.362459375000000000e+04,-5.705168772171016783e+07
2.561999999999999833e+00,8.317996121673182586e+00,1.739770848803700432e+01,-9.488075918347516335e+01,-1.109279003906250000e+04,3.918589782714843750e+02,3.735007812500000000e+03,2.893308997154235840e-01,2.606845200061798096e-01,1.624465882778167725e-01,1.649585068225860596e-01,-8.317996121673182586e+00,-1.739770848803700432e+01,9.488075918347516335e+01,0.000000000000000000e+00,0.000000000000000000e+00,0.000000000000000000e+00,2.893308997154235840e-01,2.606845200061798096e-01,1.624465882778167725e-01,1.649585068225860596e-01,9.676028906250000000e+04,4.842539062500000000e+04,6.137238281250000000e+04,7.347014062500000000e+04,-5.706106194949351251e+07
2.563000000000000167e+00,2.049156708828097351e+01,1.609866422925802354e+01,-9.854604689838110687e+01,-1.111300781250000000e+04,3.852173767089843750e+02,3.728387939453125000e+03,2.699954509735107422e-01,3.719237446784973145e-01,1.292951591312885284e-02,1.261467188596725464e-01,-2.049156708828097351e+01,-1.609866422925802354e+01,9.854604689838110687e+01,0.000000000000000000e+00,0.000000000000000000e+00,0.000000000000000000e+00,2.699954509735107422e-01,3.719237446784973145e-01,1.292951591312885284e-02,1.261467188596725464e-01,9.674355468750000000e+04,4.853875781250000000e+04,6.145000000000000000e+04,7.324436718750000000e+04,-5.707145234416451305e+07
2.564000000000000057e+00,3.247284506963929118e+01,1.408488726094643262e+01,-1.018546499289172544e+02,-1.111544726562500000e+04,3.780094299316406250e+02,3.763043701171875000e+03,2.738882899284362793e-01,3.842725753784179688e-01,1.941731548868119717e-03,1.188427358865737915e-01,-3.247284506963929118e+01,-1.408488726094643262e+01,1.018546499289172544e+02,0.000000000000000000e+00,0.000000000000000000e+00,0.000000000000000000e+00,2.738882899284362793e-01,3.842725753784179688e-01,1.941731548868119717e-03,1.188427358865737915e-01,9.676857812500000000e+04,4.864523437500000000e+04,6.136102343750000000e+04,7.302506250000000000e+04,-5.708307958359272778e+07
2.564999999999999947e+00,4.418910513070370172e+01,1.147845394096169436e+01,-1.046367515048333985e+02,-1.109649316406250000e+04,3.618987731933593750e+02,3.750548828125000000e+03,2.769061326980590820e-01,3.950521647930145264e-01,-2.518722321838140488e-03,1.157499700784683228e-01,-4.418910513070370172e+01,-1.147845394096169436e+01,1.046367515048333985e+02,0.000000000000000000e+00,0.000000000000000000e+00,0.000000000000000000e+00,2.769061326980590820e-01,3.950521647930145264e-01,0.000000000000000000e+00,1.157499700784683228e-01,9.664933593750000000e+04,4.876008593750000000e+04,6.113764062500000000e+04,7.279758593750000000e+04,-5.709611286527533829e+07
2.565999999999999837e+00,5.563326318537927051e+01,8.406256641223324166e+00,-1.068154859239059391e+02,-1.106385937500000000e+04,3.367020568847656250e+02,3.738032958984375000e+03,2.844592630863189697e-01,4.067356586456298828e-01,-2.352681476622819901e-03,1.133960336446762085e-01,-5.563326318537927051e+01,-8.406256641223324166e+00,1.068154859239059391e+02,0.000000000000000000e+00,0.000000000000000000e+00,0.000000000000000000e+00,2.844592630863189697e-01,4.067356586456298828e-01,0.000000000000000000e+00,1.133960336446762085e-01,9.656011718750000000e+04,4.887498437500000000e+04,6.091425000000000000e+04,7.257022656250000000e+04,-5.711068813843186945e+07
2.567000000000000171e+00,6.685240579149207463e+01,4.970674359826523059e+00,-1.083635628582866559e+02,-1.103477734375000000e+04,3.051110839843750000e+02,3.757304443359375000e+03,2.937265336513519287e-01,4.181822538375854492e-01,3.047913312911987305e-03,1.132828146219253540e-01,-6.685240579149207463e+01,-4.970674359826523059e+00,1.083635628582866559e+02,0.000000000000000000e+00,0.000000000000000000e+00,0.000000000000000000e+00,2.937265336513519287e-01,4.181822538375854492e-01,3.047913312911987305e-03,1.132828146219253540e-01,9.650025781250000000e+04,4.898442187500000000e+04,6.068555859375000000e+04,7.234851562500000000e+04,-5.712692475195091218e+07
2.568000000000000060e+00,7.793289619910380850e+01,1.317769659197963072e+00,-1.092391269153471427e+02,-1.102848730468750000e+04,2.719424743652343750e+02,3.751994873046875000e+03,3.010875582695007324e-01,4.283068180084228516e-01,1.385292597115039825e-02,1.170047521591186523e-01,-7.793289619910380850e+01,-1.317769659197963072e+00,1.092391269153471427e+02,0.000000000000000000e+00,0.000000000000000000e+00,0.000000000000000000e+00,3.010875582695007324e-01,4.283068180084228516e-01,1.385292597115039825e-02,1.170047521591186523e-01,9.649003906250000000e+04,4.909769140625000000e+04,6.046096875000000000e+04,7.212292187500000000e+04,-5.714493321162699163e+07
2.568999999999999950e+00,8.898069684612637786e+01,-2.455379591441589238e+00,-1.094241017198359600e+02,-1.104563378906250000e+04,2.465454101562500000e+02,3.775497314453125000e+03,3.071978688240051270e-01,4.385398626327514648e-01,2.767056785523891449e-02,1.227427870035171509e-01,-8.898069684612637786e+01,2.455379591441589238e+00,1.094241017198359600e+02,0.000000000000000000e+00,0.000000000000000000e+00,0.000000000000000000e+00,3.071978688240051270e-01,4.385398626327514648e-01,2.767056785523891449e-02,1.227427870035171509e-01,9.654953125000000000e+04,4.920593359375000000e+04,6.023157812500000000e+04,7.190163281250000000e+04,-5.716483043896434456e+07
2.569999999999999840e+00,1.000999028414258447e+02,-6.182297957607985950e+00,-1.088978437014478970e+02,-1.107556445312500000e+04,2.285445251464843750e+02,3.762608154296875000e+03,3.069850802421569824e-01,4.469352960586547852e-01,4.443686082959175110e-02,1.327256560325622559e-01,-1.000999028414258447e+02,6.182297957607985950e+00,1.088978437014478970e+02,0.000000000000000000e+00,0.000000000000000000e+00,0.000000000000000000e+00,3.069850802421569824e-01,4.469352960586547852e-01,4.443686082959175110e-02,1.327256560325622559e-01,9.665243750000000000e+04,4.932064453125000000e+04,6.000825781250000000e+04,7.167410937500000000e+04,-5.718674739068406820e+07
2.571000000000000174e+00,1.113743868558031096e+02,-9.721669027350694492e+00,-1.076645154057444955e+02,-1.109982519531250000e+04,2.162842407226562500e+02,3.743768066406250000e+03,3.038468956947326660e-01,4.551337361335754395e-01,6.097116321325302124e-02,1.440350711345672607e-01,-1.113743868558031096e+02,9.721669027350694492e+00,1.076645154057444955e+02,0.000000000000000000e+00,0.000000000000000000e+00,0.000000000000000000e+00,3.038468956947326660e-01,4.551337361335754395e-01,6.097116321325302124e-02,1.440350711345672607e-01,9.676154687500000000e+04,4.943665234375000000e+04,5.978592578125000000e+04,7.144570312500000000e+04,-5.721083780345780402e+07
2.572000000000000064e+00,1.228622818829334875e+02,-1.297947236469751431e+01,-1.057315014172638854e+02,-1.110326074218750000e+04,2.025420684814453125e+02,3.769287353515625000e+03,2.967859506607055664e-01,4.618937671184539795e-01,7.649748772382736206e-02,1.571299731731414795e-01,-1.228622818829334875e+02,1.297947236469751431e+01,1.057315014172638854e+02,0.000000000000000000e+00,0.000000000000000000e+00,0.000000000000000000e+00,2.967859506607055664e-01,4.618937671184539795e-01,7.649748772382736206e-02,1.571299731731414795e-01,9.687875000000000000e+04,4.954513671875000000e+04,5.955619140625000000e+04,7.122501562500000000e+04,-5.723728056086210161e+07
2.572999999999999954e+00,1.345961891494536076e+02,-1.580521175828843461e+01,-1.031558473796590079e+02,-1.108940039062500000e+04,1.791147308349609375e+02,3.770907226562500000e+03,2.845652103424072266e-01,4.655140936374664307e-01,9.128443896770477295e-02,1.730508059263229370e-01,-1.345961891494536076e+02,1.580521175828843461e+01,1.031558473796590079e+02,0.000000000000000000e+00,0.000000000000000000e+00,0.000000000000000000e+00,2.845652103424072266e-01,4.655140936374664307e-01,9.128443896770477295e-02,1.730508059263229370e-01,9.699139843750000000e+04,4.965743750000000000e+04,5.933044140625000000e+04,7.100060156250000000e+04,-5.726628762856299430e+07
2.573999999999999844e+00,1.465905875836116365e+02,-1.809627985906064040e+01,-9.999783491544376091e+01,-1.106924511718750000e+04,1.482578735351562500e+02,3.794121826171875000e+03,2.719342112541198730e-01,4.682073891162872314e-01,1.026729643344879150e-01,1.885188072919845581e-01,-1.465905875836116365e+02,1.809627985906064040e+01,9.999783491544376091e+01,0.000000000000000000e+00,0.000000000000000000e+00,0.000000000000000000e+00,2.719342112541198730e-01,4.682073891162872314e-01,1.026729643344879150e-01,1.885188072919845581e-01,9.697514062500000000e+04,4.976582031250000000e+04,5.910108203125000000e+04,7.077937500000000000e+04,-5.729810347126361728e+07
2.575000000000000178e+00,1.588249017406622556e+02,-1.973235862452980527e+01,-9.638866307945970391e+01,-1.105989355468750000e+04,1.123109207153320312e+02,3.790081298828125000e+03,2.573929429054260254e-01,4.692279398441314697e-01,1.110007837414741516e-01,2.037446200847625732e-01,-1.588249017406622556e+02,1.973235862452980527e+01,9.638866307945970391e+01,0.000000000000000000e+00,0.000000000000000000e+00,0.000000000000000000e+00,2.573929429054260254e-01,4.692279398441314697e-01,1.110007837414741516e-01,2.037446200847625732e-01,9.695514062500000000e+04,4.987871093750000000e+04,5.887627343750000000e+04,7.055766406250000000e+04,-5.733300896102368087e+07
2.576000000000000068e+00,1.712386745756955406e+02,-2.062259778324336423e+01,-9.251444369331106543e+01,-1.107300781250000000e+04,7.966179656982421875e+01,3.748697265625000000e+03,2.436200082302093506e-01,4.704217314720153809e-01,1.145390868186950684e-01,2.162669897079467773e-01,-1.712386745756955406e+02,2.062259778324336423e+01,9.251444369331106543e+01,0.000000000000000000e+00,0.000000000000000000e+00,0.000000000000000000e+00,2.436200082302093506e-01,4.704217314720153809e-01,1.145390868186950684e-01,2.162669897079467773e-01,9.684014843750000000e+04,4.999829296875000000e+04,5.865770703125000000e+04,7.045332031250000000e+04,-5.737131585852533579e+07
2.576999999999999957e+00,-1.762412166317710671e+02,-2.072983119693819987e+01,-8.851639534169646595e+01,-1.110400390625000000e+04,5.624015426635742188e+01,3.747415771484375000e+03,2.312656641006469727e-01,4.724434018135070801e-01,1.127376034855842590e-01,2.248216718435287476e-01,1.762412166317710671e+02,2.072983119693819987e+01,8.851639534169646595e+01,0.000000000000000000e+00,0.000000000000000000e+00,0.000000000000000000e+00,2.312656641006469727e-01,4.724434018135070801e-01,1.127376034855842590e-01,2.248216718435287476e-01,9.663165625000000000e+04,5.011137109375000000e+04,5.843247265625000000e+04,7.047325000000000000e+04,-5.741064170311092585e+07
2.577999999999999847e+00,-1.637341839705459847e+02,-2.004392346011209725e+01,-8.461068208924864109e+01,-1.114203320312500000e+04,3.874592208862304688e+01,3.730330078125000000e+03,2.744849920272827148e-01,4.277037829160690308e-02,3.460035324096679688e-01,3.240944445133209229e-01,1.637341839705459847e+02,2.004392346011209725e+01,8.461068208924864109e+01,0.000000000000000000e+00,0.000000000000000000e+00,0.000000000000000000e+00,2.744849920272827148e-01,4.277037829160690308e-02,3.460035324096679688e-01,3.240944445133209229e-01,9.640363281250000000e+04,5.022693750000000000e+04,5.820991796875000000e+04,7.058328125000000000e+04,-5.744501131250271201e+07
2.579000000000000181e+00,-1.513541864017578575e+02,-1.859362345407907569e+01,-8.096000071870565762e+01,-1.116784082031250000e+04,2.394342803955078125e+01,3.743622314453125000e+03,2.675476074218750000e-01,5.207781121134757996e-02,3.525429368019104004e-01,3.339445888996124268e-01,1.513541864017578575e+02,1.859362345407907569e+01,8.096000071870565762e+01,0.000000000000000000e+00,0.000000000000000000e+00,0.000000000000000000e+00,2.675476074218750000e-01,5.207781121134757996e-02,3.525429368019104004e-01,3.339445888996124268e-01,9.618050000000000000e+04,5.033728515625000000e+04,5.798235937500000000e+04,7.069835156250000000e+04,-5.747481964679357409e+07
2.580000000000000071e+00,-1.392038011593802480e+02,-1.645153388269152117e+01,-7.772451560077608690e+01,-1.117183105468750000e+04,2.734246015548706055e+00,3.761792236328125000e+03,2.599980831146240234e-01,6.404785066843032837e-02,3.559738397598266602e-01,3.418359458446502686e-01,1.392038011593802480e+02,1.645153388269152117e+01,7.772451560077608690e+01,0.000000000000000000e+00,0.000000000000000000e+00,0.000000000000000000e+00,2.599980831146240234e-01,6.404785066843032837e-02,3.559738397598266602e-01,3.418359458446502686e-01,9.611231250000000000e+04,5.010887109375000000e+04,5.809171484375000000e+04,7.081376562500000000e+04,-5.750050909834326059e+07
2.580999999999999961e+00,-1.273462710643733402e+02,-1.375750631220473608e+01,-7.506078124821982556e+01,-1.115917187500000000e+04,-2.617437171936035156e+01,3.730035400390625000e+03,2.533568739891052246e-01,7.750529050827026367e-02,3.556982576847076416e-01,3.476602435111999512e-01,1.273462710643733402e+02,1.375750631220473608e+01,7.506078124821982556e+01,0.000000000000000000e+00,0.000000000000000000e+00,0.000000000000000000e+00,2.533568739891052246e-01,7.750529050827026367e-02,3.556982576847076416e-01,3.476602435111999512e-01,9.598775781250000000e+04,4.988872265625000000e+04,5.820950000000000000e+04,7.092073437500000000e+04,-5.752254956095878780e+07
2.581999999999999851e+00,-1.157696108051933237e+02,-1.062373051640532395e+01,-7.302117537358903121e+01,-1.114186132812500000e+04,-5.916566848754882812e+01,3.719405029296875000e+03,2.505526542663574219e-01,9.179561585187911987e-02,3.515644371509552002e-01,3.509048819541931152e-01,1.157696108051933237e+02,1.062373051640532395e+01,7.302117537358903121e+01,0.000000000000000000e+00,0.000000000000000000e+00,0.000000000000000000e+00,2.505526542663574219e-01,9.179561585187911987e-02,3.515644371509552002e-01,3.509048819541931152e-01,9.581635937500000000e+04,4.966551562500000000e+04,5.832385546875000000e+04,7.103132812500000000e+04,-5.754139711944779754e+07
2.583000000000000185e+00,-1.044137843699779040e+02,-7.207885043895654320e+00,-7.165726994953691076e+01,-1.114052148437500000e+04,-9.239073944091796875e+01,3.676553222656250000e+03,2.478642761707305908e-01,1.081732660531997681e-01,3.425495028495788574e-01,3.511364459991455078e-01,1.044137843699779040e+02,7.207885043895654320e+00,7.165726994953691076e+01,0.000000000000000000e+00,0.000000000000000000e+00,0.000000000000000000e+00,2.478642761707305908e-01,1.081732660531997681e-01,3.425495028495788574e-01,3.511364459991455078e-01,9.558406250000000000e+04,4.944788671875000000e+04,5.844366406250000000e+04,7.113683593750000000e+04,-5.755748607575768232e+07
2.584000000000000075e+00,-9.318533037554500709e+01,-3.610996922996952296e+00,-7.097982886888576104e+01,-1.116076464843750000e+04,-1.165405960083007812e+02,3.663489013671875000e+03,2.478455901145935059e-01,1.266544908285140991e-01,3.286091387271881104e-01,3.475384116172790527e-01,9.318533037554500709e+01,3.610996922996952296e+00,7.097982886888576104e+01,0.000000000000000000e+00,0.000000000000000000e+00,0.000000000000000000e+00,2.478455901145935059e-01,1.266544908285140991e-01,3.286091387271881104e-01,3.475384116172790527e-01,9.535653906250000000e+04,4.922514453125000000e+04,5.855857031250000000e+04,7.124761718750000000e+04,-5.757122075695991516e+07
2.584999999999999964e+00,-8.198651866443296399e+01,4.546112519623144582e-02,-7.100230222267714453e+01,-1.119570410156250000e+04,-1.317753601074218750e+02,3.659986816406250000e+03,2.469589412212371826e-01,1.484831869602203369e-01,3.087363839149475098e-01,3.394583463668823242e-01,8.198651866443296399e+01,-4.546112519623144582e-02,7.100230222267714453e+01,0.000000000000000000e+00,0.000000000000000000e+00,0.000000000000000000e+00,2.469589412212371826e-01,1.484831869602203369e-01,3.087363839149475098e-01,3.394583463668823242e-01,9.513119531250000000e+04,4.914894921875000000e+04,5.867193750000000000e+04,7.135962500000000000e+04,-5.758297387519026548e+07
2.585999999999999854e+00,-7.072998295860226392e+01,3.592714500321174675e+00,-7.171888130545949025e+01,-1.123004882812500000e+04,-1.407137603759765625e+02,3.621879882812500000e+03,2.462032139301300049e-01,1.729872524738311768e-01,2.828021645545959473e-01,3.265715539455413818e-01,7.072998295860226392e+01,-3.592714500321174675e+00,7.171888130545949025e+01,0.000000000000000000e+00,0.000000000000000000e+00,0.000000000000000000e+00,2.462032139301300049e-01,1.729872524738311768e-01,2.828021645545959473e-01,3.265715539455413818e-01,9.489950000000000000e+04,4.925298437500000000e+04,5.879111328125000000e+04,7.146552343750000000e+04,-5.759314311121277511e+07
2.587000000000000188e+00,-5.935562845341468119e+01,6.921657004069241559e+00,-7.310973560556614359e+01,-1.124314257812500000e+04,-1.489375457763671875e+02,3.608209716796875000e+03,2.482709884643554688e-01,1.990488171577453613e-01,2.512041032314300537e-01,3.087434470653533936e-01,5.935562845341468119e+01,-6.921657004069241559e+00,7.310973560556614359e+01,0.000000000000000000e+00,0.000000000000000000e+00,0.000000000000000000e+00,2.482709884643554688e-01,1.990488171577453613e-01,2.512041032314300537e-01,3.087434470653533936e-01,9.467245312500000000e+04,4.936757812500000000e+04,5.890623828125000000e+04,7.157557812500000000e+04,-5.760205914461787045e+07
2.588000000000000078e+00,-4.782612227014500661e+01,9.877867933124614197e+00,-7.510710647985823130e+01,-1.123399707031250000e+04,-1.643165435791015625e+02,3.557561279296875000e+03,2.499626427888870239e-01,2.250075936317443848e-01,2.153064608573913574e-01,2.878918051719665527e-01,4.782612227014500661e+01,-9.877867933124614197e+00,7.510710647985823130e+01,0.000000000000000000e+00,0.000000000000000000e+00,0.000000000000000000e+00,2.499626427888870239e-01,2.250075936317443848e-01,2.153064608573913574e-01,2.878918051719665527e-01,9.444085937500000000e+04,4.948883203125000000e+04,5.902754296875000000e+04,7.167967187500000000e+04,-5.761008513230794668e+07
2.588999999999999968e+00,-3.611762467831421475e+01,1.238526470105783872e+01,-7.766526317542090396e+01,-1.121083007812500000e+04,-1.854110717773437500e+02,3.548521972656250000e+03,2.548855543136596680e-01,2.495563626289367676e-01,1.770782321691513062e-01,2.649944126605987549e-01,3.611762467831421475e+01,-1.238526470105783872e+01,7.766526317542090396e+01,0.000000000000000000e+00,0.000000000000000000e+00,0.000000000000000000e+00,2.548855543136596680e-01,2.495563626289367676e-01,1.770782321691513062e-01,2.649944126605987549e-01,9.423391406250000000e+04,4.960316406250000000e+04,5.914192187500000000e+04,7.179110937500000000e+04,-5.761757490300617367e+07
2.589999999999999858e+00,-2.422119756595235884e+01,1.433796056496135130e+01,-8.068383541618611332e+01,-1.119506152343750000e+04,-2.121219177246093750e+02,3.525864013671875000e+03,2.581763863563537598e-01,2.713431417942047119e-01,1.398667842149734497e-01,2.433022111654281616e-01,2.422119756595235884e+01,-1.433796056496135130e+01,8.068383541618611332e+01,0.000000000000000000e+00,0.000000000000000000e+00,0.000000000000000000e+00,2.581763863563537598e-01,2.713431417942047119e-01,1.398667842149734497e-01,2.433022111654281616e-01,9.406514062500000000e+04,4.971960156250000000e+04,5.923053906250000000e+04,7.190001562500000000e+04,-5.762487702782832831e+07
2.591000000000000192e+00,-1.214685931058940938e+01,1.565257455046370616e+01,-8.404459623356817133e+01,-1.120099707031250000e+04,-2.358749389648437500e+02,3.499937744140625000e+03,2.627058923244476318e-01,2.906599342823028564e-01,1.053121462464332581e-01,2.232336401939392090e-01,1.214685931058940938e+01,-1.565257455046370616e+01,8.404459623356817133e+01,0.000000000000000000e+00,0.000000000000000000e+00,0.000000000000000000e+00,2.627058923244476318e-01,2.906599342823028564e-01,1.053121462464332581e-01,2.232336401939392090e-01,9.392301562500000000e+04,4.983633984375000000e+04,5.902766796875000000e+04,7.200796093750000000e+04,-5.763233307126556337e+07
2.592000000000000082e+00,6.434255615267756023e-02,1.626843418885986026e+01,-8.760573668344538589e+01,-1.122822167968750000e+04,-2.522987823486328125e+02,3.475177246093750000e+03,2.674430906772613525e-01,3.080409467220306396e-01,7.495450228452682495e-02,2.056080698966979980e-01,-6.434255615267756023e-02,-1.626843418885986026e+01,8.760573668344538589e+01,0.000000000000000000e+00,0.000000000000000000e+00,0.000000000000000000e+00,2.674430906772613525e-01,3.080409467220306396e-01,7.495450228452682495e-02,2.056080698966979980e-01,9.381741406250000000e+04,4.995260546875000000e+04,5.880702734375000000e+04,7.211616406250000000e+04,-5.764026250245633721e+07
2.592999999999999972e+00,1.233132439672579395e+01,1.615660912935280891e+01,-9.117604791291910260e+01,-1.126648242187500000e+04,-2.594091796875000000e+02,3.425843017578125000e+03,2.719190418720245361e-01,3.239327073097229004e-01,4.961577057838439941e-02,1.908228099346160889e-01,-1.233132439672579395e+01,-1.615660912935280891e+01,9.117604791291910260e+01,0.000000000000000000e+00,0.000000000000000000e+00,0.000000000000000000e+00,2.719190418720245361e-01,3.239327073097229004e-01,4.961577057838439941e-02,1.908228099346160889e-01,9.374328125000000000e+04,5.007325390625000000e+04,5.859046875000000000e+04,7.210289843750000000e+04,-5.764899867174929380e+07
2.593999999999999861e+00,2.456612799528688384e+01,1.532002031544253917e+01,-9.463122984966402385e+01,-1.129394433593750000e+04,-2.594919738769531250e+02,3.424931640625000000e+03,2.777852416038513184e-01,3.393275439739227295e-01,2.907241508364677429e-02,1.781640350818634033e-01,-2.456612799528688384e+01,-1.532002031544253917e+01,9.463122984966402385e+01,0.000000000000000000e+00,0.000000000000000000e+00,0.000000000000000000e+00,2.777852416038513184e-01,3.393275439739227295e-01,2.907241508364677429e-02,1.781640350818634033e-01,9.371123437500000000e+04,5.018624609375000000e+04,5.836583203125000000e+04,7.198698437500000000e+04,-5.765879193907929957e+07
2.595000000000000195e+00,3.666553974867755983e+01,1.381817410265683144e+01,-9.778232873595834462e+01,-1.130318847656250000e+04,-2.614875488281250000e+02,3.394857666015625000e+03,2.810347080230712891e-01,3.529824316501617432e-01,1.481262408196926117e-02,1.693605929613113403e-01,-3.666553974867755983e+01,-1.381817410265683144e+01,9.778232873595834462e+01,0.000000000000000000e+00,0.000000000000000000e+00,0.000000000000000000e+00,2.810347080230712891e-01,3.529824316501617432e-01,1.481262408196926117e-02,1.693605929613113403e-01,9.371590625000000000e+04,5.030407421875000000e+04,5.814603125000000000e+04,7.177215625000000000e+04,-5.766988862663292140e+07
2.596000000000000085e+00,4.856735297583797006e+01,1.171889568981276319e+01,-1.005252798519413062e+02,-1.129205859375000000e+04,-2.672571411132812500e+02,3.395346191406250000e+03,2.871969342231750488e-01,3.664560914039611816e-01,5.443219095468521118e-03,1.624406129121780396e-01,-4.856735297583797006e+01,-1.171889568981276319e+01,1.005252798519413062e+02,0.000000000000000000e+00,0.000000000000000000e+00,0.000000000000000000e+00,2.871969342231750488e-01,3.664560914039611816e-01,5.443219095468521118e-03,1.624406129121780396e-01,9.374855468750000000e+04,5.041666406250000000e+04,5.792110937500000000e+04,7.154686718750000000e+04,-5.768249007881350070e+07
2.596999999999999975e+00,6.024887248988461153e+01,9.153791453864265293e+00,-1.027425542188851040e+02,-1.127648339843750000e+04,-2.810979614257812500e+02,3.360283691406250000e+03,2.931461632251739502e-01,3.788448274135589600e-01,2.095937728881835938e-03,1.585527211427688599e-01,-6.024887248988461153e+01,-9.153791453864265293e+00,1.027425542188851040e+02,0.000000000000000000e+00,0.000000000000000000e+00,0.000000000000000000e+00,2.931461632251739502e-01,3.788448274135589600e-01,2.095937728881835938e-03,1.585527211427688599e-01,9.381751562500000000e+04,5.053494921875000000e+04,5.770207031250000000e+04,7.131571875000000000e+04,-5.769675982979520410e+07
2.597999999999999865e+00,7.174593851008710033e+01,6.226913231377400493e+00,-1.043832031259534858e+02,-1.127421679687500000e+04,-2.954242553710937500e+02,3.340433349609375000e+03,3.031258285045623779e-01,3.918233811855316162e-01,3.326345700770616531e-03,1.558112651109695435e-01,-7.174593851008710033e+01,-6.226913231377400493e+00,1.043832031259534858e+02,0.000000000000000000e+00,0.000000000000000000e+00,0.000000000000000000e+00,3.031258285045623779e-01,3.918233811855316162e-01,3.326345700770616531e-03,1.558112651109695435e-01,9.392650000000000000e+04,5.065040625000000000e+04,5.748046484375000000e+04,7.108725781250000000e+04,-5.771284193703112006e+07
2.599000000000000199e+00,8.312730841116105296e+01,3.051682739000765476e+00,-1.054062101175946822e+02,-1.129540332031250000e+04,-3.052083129882812500e+02,3.326335449218750000e+03,3.124415576457977295e-01,4.046989381313323975e-01,9.506535716354846954e-03,1.552632749080657959e-01,-8.312730841116105296e+01,-3.051682739000765476e+00,1.054062101175946822e+02,0.000000000000000000e+00,0.000000000000000000e+00,0.000000000000000000e+00,3.124415576457977295e-01,4.046989381313323975e-01,9.506535716354846954e-03,1.552632749080657959e-01,9.403695312500000000e+04,5.076506640625000000e+04,5.725787109375000000e+04,7.086014843750000000e+04,-5.773087186833369732e+07
2.600000000000000089e+00,9.447808384497889733e+01,-2.385769713229217437e-01,-1.057804305189847440e+02,-1.133842675781250000e+04,-3.058262939453125000e+02,3.302735839843750000e+03,3.193385303020477295e-01,4.175170660018920898e-01,1.950648613274097443e-02,1.569886207580566406e-01,-9.447808384497889733e+01,2.385769713229217437e-01,1.057804305189847440e+02,0.000000000000000000e+00,0.000000000000000000e+00,0.000000000000000000e+00,3.193385303020477295e-01,4.175170660018920898e-01,1.950648613274097443e-02,1.569886207580566406e-01,9.414529687500000000e+04,5.088176171875000000e+04,5.703681250000000000e+04,7.063139843750000000e+04,-5.775098753306046873e+07
2.600999999999999979e+00,1.058763191612533490e+02,-3.540552271554442409e+00,-1.054892430811077872e+02,-1.138545019531250000e+04,-2.974316406250000000e+02,3.306886718750000000e+03,3.225954473018646240e-01,4.301521480083465576e-01,3.165337815880775452e-02,1.608925759792327881e-01,-1.058763191612533490e+02,3.540552271554442409e+00,1.054892430811077872e+02,0.000000000000000000e+00,0.000000000000000000e+00,0.000000000000000000e+00,3.225954473018646240e-01,4.301521480083465576e-01,3.165337815880775452e-02,1.608925759792327881e-01,9.425893750000000000e+04,5.099394140625000000e+04,5.681108203125000000e+04,7.040681250000000000e+04,-5.777333784393581748e+07
2.601999999999999869e+00,1.173841882502271829e+02,-6.684676271324714314e+00,-1.045469778461213792e+02,-1.142074902343750000e+04,-2.868840942382812500e+02,3.274069091796875000e+03,3.189045190811157227e-01,4.409261643886566162e-01,4.525802284479141235e-02,1.681677550077438354e-01,-1.173841882502271829e+02,6.684676271324714314e+00,1.045469778461213792e+02,0.000000000000000000e+00,0.000000000000000000e+00,0.000000000000000000e+00,3.189045190811157227e-01,4.409261643886566162e-01,4.525802284479141235e-02,1.681677550077438354e-01,9.436582031250000000e+04,5.111214062500000000e+04,5.659142187500000000e+04,7.017597656250000000e+04,-5.779809164706059545e+07
2.603000000000000203e+00,1.290421293364757389e+02,-9.578985872459915285e+00,-1.029695455545682989e+02,-1.143158593750000000e+04,-2.791263122558593750e+02,3.282228027343750000e+03,3.130711317062377930e-01,4.506809115409851074e-01,5.770367383956909180e-02,1.769457757472991943e-01,-1.290421293364757389e+02,9.578985872459915285e+00,1.029695455545682989e+02,0.000000000000000000e+00,0.000000000000000000e+00,0.000000000000000000e+00,3.130711317062377930e-01,4.506809115409851074e-01,5.770367383956909180e-02,1.769457757472991943e-01,9.447983593750000000e+04,5.122336718750000000e+04,5.636482031250000000e+04,6.995206250000000000e+04,-5.782543800248634815e+07
2.604000000000000092e+00,1.408760617513828777e+02,-1.208489143459526716e+01,-1.008256220055620389e+02,-1.142778027343750000e+04,-2.807825012207031250e+02,3.266438232421875000e+03,3.015786111354827881e-01,4.573350846767425537e-01,6.946684420108795166e-02,1.884167045354843140e-01,-1.408760617513828777e+02,1.208489143459526716e+01,1.008256220055620389e+02,0.000000000000000000e+00,0.000000000000000000e+00,0.000000000000000000e+00,3.015786111354827881e-01,4.573350846767425537e-01,6.946684420108795166e-02,1.884167045354843140e-01,9.458969531250000000e+04,5.133830078125000000e+04,5.614207031250000000e+04,6.977815625000000000e+04,-5.785559591791471839e+07
2.604999999999999982e+00,1.529048962782495664e+02,-1.410938995503959781e+01,-9.817723967690882603e+01,-1.142538867187500000e+04,-2.868502807617187500e+02,3.271839599609375000e+03,2.895586788654327393e-01,4.623665213584899902e-01,7.863392680883407593e-02,2.003732919692993164e-01,-1.529048962782495664e+02,1.410938995503959781e+01,9.817723967690882603e+01,0.000000000000000000e+00,0.000000000000000000e+00,0.000000000000000000e+00,2.895586788654327393e-01,4.623665213584899902e-01,7.863392680883407593e-02,2.003732919692993164e-01,9.470289062500000000e+04,5.144952343750000000e+04,5.591568359375000000e+04,6.969982031250000000e+04,-5.788881367049606144e+07
2.605999999999999872e+00,1.651294283503852398e+02,-1.555280108514245008e+01,-9.513133479543401450e+01,-1.144151171875000000e+04,-2.934705810546875000e+02,3.271409179687500000e+03,2.752375602722167969e-01,4.655219614505767822e-01,8.535096794366836548e-02,2.122016102075576782e-01,-1.651294283503852398e+02,1.555280108514245008e+01,9.513133479543401450e+01,0.000000000000000000e+00,0.000000000000000000e+00,0.000000000000000000e+00,2.752375602722167969e-01,4.655219614505767822e-01,8.535096794366836548e-02,2.122016102075576782e-01,9.477187500000000000e+04,5.156200781250000000e+04,5.569024609375000000e+04,6.971264843750000000e+04,-5.792537325908493996e+07
2.607000000000000206e+00,1.775167082034912767e+02,-1.633017545811504334e+01,-9.185181509300754499e+01,-1.148321875000000000e+04,-2.930214843750000000e+02,3.239959960937500000e+03,2.606451213359832764e-01,4.679051637649536133e-01,8.863659948110580444e-02,2.222002446651458740e-01,-1.775167082034912767e+02,1.633017545811504334e+01,9.185181509300754499e+01,0.000000000000000000e+00,0.000000000000000000e+00,0.000000000000000000e+00,2.606451213359832764e-01,4.679051637649536133e-01,8.863659948110580444e-02,2.222002446651458740e-01,9.473329687500000000e+04,5.168006250000000000e+04,5.547008984375000000e+04,6.980808593750000000e+04,-5.796558887134271860e+07
2.608000000000000096e+00,-1.699932111536694208e+02,-1.640003472221597036e+01,-8.847978201252227848e+01,-1.153666503906250000e+04,-2.824306335449218750e+02,3.229287841796875000e+03,2.474279999732971191e-01,4.704715013504028320e-01,8.770661056041717529e-02,2.288017123937606812e-01,1.699932111536694208e+02,1.640003472221597036e+01,8.847978201252227848e+01,0.000000000000000000e+00,0.000000000000000000e+00,0.000000000000000000e+00,2.474279999732971191e-01,4.704715013504028320e-01,8.770661056041717529e-02,2.288017123937606812e-01,9.459626562500000000e+04,5.179470703125000000e+04,5.524668359375000000e+04,6.991857031250000000e+04,-5.800258419614493102e+07
2.608999999999999986e+00,-1.575035935717983477e+02,-1.576729930590390616e+01,-8.522929534296763165e+01,-1.158587500000000000e+04,-2.672270812988281250e+02,3.180880859375000000e+03,2.979390621185302734e-01,2.703192085027694702e-02,3.505294919013977051e-01,3.339505791664123535e-01,1.575035935717983477e+02,1.576729930590390616e+01,8.522929534296763165e+01,0.000000000000000000e+00,0.000000000000000000e+00,0.000000000000000000e+00,2.979390621185302734e-01,2.703192085027694702e-02,3.505294919013977051e-01,3.339505791664123535e-01,9.436293750000000000e+04,5.191550781250000000e+04,5.502982031250000000e+04,7.002285937500000000e+04,-5.803490421864502132e+07
2.609999999999999876e+00,-1.451028856924129116e+02,-1.445995343725310178e+01,-8.221437342375901380e+01,-1.161139257812500000e+04,-2.515670776367187500e+02,3.186225585937500000e+03,2.944494783878326416e-01,3.908557817339897156e-02,3.553123176097869873e-01,3.417994379997253418e-01,1.451028856924129116e+02,1.445995343725310178e+01,8.221437342375901380e+01,0.000000000000000000e+00,0.000000000000000000e+00,0.000000000000000000e+00,2.944494783878326416e-01,3.908557817339897156e-02,3.553123176097869873e-01,3.417994379997253418e-01,9.447636718750000000e+04,5.168959765625000000e+04,5.514178906250000000e+04,7.013629687500000000e+04,-5.806292735953215510e+07
2.611000000000000210e+00,-1.328725038260489555e+02,-1.255860679425946103e+01,-7.958788810021869153e+01,-1.161365527343750000e+04,-2.419171142578125000e+02,3.180038085937500000e+03,2.885293364524841309e-01,5.422342196106910706e-02,3.566335737705230713e-01,3.470746874809265137e-01,1.328725038260489555e+02,1.255860679425946103e+01,7.958788810021869153e+01,0.000000000000000000e+00,0.000000000000000000e+00,0.000000000000000000e+00,2.885293364524841309e-01,5.422342196106910706e-02,3.566335737705230713e-01,3.470746874809265137e-01,9.458789843750000000e+04,5.146534375000000000e+04,5.525570312500000000e+04,7.024819531250000000e+04,-5.808707441234202683e+07
2.612000000000000099e+00,-1.208420079484169349e+02,-1.015692234796596161e+01,-7.745032815695579131e+01,-1.160639843750000000e+04,-2.369408874511718750e+02,3.184021240234375000e+03,2.845120429992675781e-01,7.104693353176116943e-02,3.541696667671203613e-01,3.499003946781158447e-01,1.208420079484169349e+02,1.015692234796596161e+01,7.745032815695579131e+01,0.000000000000000000e+00,0.000000000000000000e+00,0.000000000000000000e+00,2.845120429992675781e-01,7.104693353176116943e-02,3.541696667671203613e-01,3.499003946781158447e-01,9.465258593750000000e+04,5.123915625000000000e+04,5.536786328125000000e+04,7.036167187500000000e+04,-5.810777891963023692e+07
2.612999999999999989e+00,-1.089915060636099611e+02,-7.372635152566389571e+00,-7.588172940680632905e+01,-1.160840234375000000e+04,-2.335706939697265625e+02,3.183610107421875000e+03,2.809452414512634277e-01,9.007247537374496460e-02,3.471650183200836182e-01,3.497301340103149414e-01,1.089915060636099611e+02,7.372635152566389571e+00,7.588172940680632905e+01,0.000000000000000000e+00,0.000000000000000000e+00,0.000000000000000000e+00,2.809452414512634277e-01,9.007247537374496460e-02,3.471650183200836182e-01,3.497301340103149414e-01,9.468767187500000000e+04,5.101392187500000000e+04,5.548067968750000000e+04,7.047394531250000000e+04,-5.812547046063110977e+07
2.613999999999999879e+00,-9.725886505859591580e+01,-4.367270174148972117e+00,-7.494550988982291528e+01,-1.163394140625000000e+04,-2.250302734375000000e+02,3.143693115234375000e+03,2.785006165504455566e-01,1.115222349762916565e-01,3.350906670093536377e-01,3.460048437118530273e-01,9.725886505859591580e+01,4.367270174148972117e+00,7.494550988982291528e+01,0.000000000000000000e+00,0.000000000000000000e+00,0.000000000000000000e+00,2.785006165504455566e-01,1.115222349762916565e-01,3.350906670093536377e-01,3.460048437118530273e-01,9.468978125000000000e+04,5.079572656250000000e+04,5.560001171875000000e+04,7.057955468750000000e+04,-5.814056564996501803e+07
2.615000000000000213e+00,-8.556463731637393266e+01,-1.237819003919328864e+00,-7.466237341072306322e+01,-1.167745117187500000e+04,-2.060028839111328125e+02,3.140901123046875000e+03,2.792291045188903809e-01,1.356711387634277344e-01,3.174229264259338379e-01,3.378090560436248779e-01,8.556463731637393266e+01,1.237819003919328864e+00,7.466237341072306322e+01,0.000000000000000000e+00,0.000000000000000000e+00,0.000000000000000000e+00,2.792291045188903809e-01,1.356711387634277344e-01,3.174229264259338379e-01,3.378090560436248779e-01,9.469860937500000000e+04,5.057142968750000000e+04,5.571308203125000000e+04,7.069145312500000000e+04,-5.815346295932330936e+07
2.616000000000000103e+00,-7.383337406819711646e+01,1.855597618658278325e+00,-7.504214741151567125e+01,-1.172631640625000000e+04,-1.797811737060546875e+02,3.116902832031250000e+03,2.779334783554077148e-01,1.635569036006927490e-01,2.933808863162994385e-01,3.246791362762451172e-01,7.383337406819711646e+01,-1.855597618658278325e+00,7.504214741151567125e+01,0.000000000000000000e+00,0.000000000000000000e+00,0.000000000000000000e+00,2.779334783554077148e-01,1.635569036006927490e-01,2.933808863162994385e-01,3.246791362762451172e-01,9.469117187500000000e+04,5.053894531250000000e+04,5.582956250000000000e+04,7.080010156250000000e+04,-5.816454909358026087e+07
2.616999999999999993e+00,-6.201186868853913126e+01,4.822134114564543772e+00,-7.608426368611631574e+01,-1.175784375000000000e+04,-1.510620422363281250e+02,3.145529785156250000e+03,2.785585522651672363e-01,1.935462653636932373e-01,2.631910145282745361e-01,3.066569268703460693e-01,6.201186868853913126e+01,-4.822134114564543772e+00,7.608426368611631574e+01,0.000000000000000000e+00,0.000000000000000000e+00,0.000000000000000000e+00,2.785585522651672363e-01,1.935462653636932373e-01,2.631910145282745361e-01,3.066569268703460693e-01,9.469271875000000000e+04,5.049829296875000000e+04,5.593712109375000000e+04,7.091785156250000000e+04,-5.817420663359658420e+07
2.617999999999999883e+00,-5.006536801688415750e+01,7.509708029686171571e+00,-7.774687146889353073e+01,-1.176488671875000000e+04,-1.303507995605468750e+02,3.158008056640625000e+03,2.765024900436401367e-01,2.241664528846740723e-01,2.283018976449966431e-01,2.855422198772430420e-01,5.006536801688415750e+01,-7.509708029686171571e+00,7.774687146889353073e+01,0.000000000000000000e+00,0.000000000000000000e+00,0.000000000000000000e+00,2.765024900436401367e-01,2.241664528846740723e-01,2.283018976449966431e-01,2.855422198772430420e-01,9.468267187500000000e+04,5.060842187500000000e+04,5.604721875000000000e+04,7.103256250000000000e+04,-5.818281414640913904e+07
2.619000000000000217e+00,-3.797644552161635545e+01,9.780299222282625493e+00,-7.995129806300627706e+01,-1.175450976562500000e+04,-1.181612396240234375e+02,3.150467773437500000e+03,2.765761017799377441e-01,2.528446912765502930e-01,1.907544136047363281e-01,2.627468407154083252e-01,3.797644552161635545e+01,-9.780299222282625493e+00,7.995129806300627706e+01,0.000000000000000000e+00,0.000000000000000000e+00,0.000000000000000000e+00,2.765761017799377441e-01,2.528446912765502930e-01,1.907544136047363281e-01,2.627468407154083252e-01,9.467349218750000000e+04,5.072183984375000000e+04,5.616058203125000000e+04,7.114354687500000000e+04,-5.819074422113843262e+07
2.620000000000000107e+00,-2.574066045800032043e+01,1.152986046165020539e+01,-8.259950332952466567e+01,-1.174306542968750000e+04,-1.121874618530273438e+02,3.139353027343750000e+03,2.788589000701904297e-01,2.788027524948120117e-01,1.530868858098983765e-01,2.399076074361801147e-01,2.574066045800032043e+01,-1.152986046165020539e+01,8.259950332952466567e+01,0.000000000000000000e+00,0.000000000000000000e+00,0.000000000000000000e+00,2.788589000701904297e-01,2.788027524948120117e-01,1.530868858098983765e-01,2.399076074361801147e-01,9.465021875000000000e+04,5.083630859375000000e+04,5.627458203125000000e+04,7.125400781250000000e+04,-5.819836241837179661e+07
2.620999999999999996e+00,-1.336929704926711615e+01,1.266211478769427323e+01,-8.553642864561183501e+01,-1.175292871093750000e+04,-1.056851959228515625e+02,3.090424316406250000e+03,2.818576097488403320e-01,3.017658889293670654e-01,1.179290637373924255e-01,2.187982946634292603e-01,1.336929704926711615e+01,-1.266211478769427323e+01,8.553642864561183501e+01,0.000000000000000000e+00,0.000000000000000000e+00,0.000000000000000000e+00,2.818576097488403320e-01,3.017658889293670654e-01,1.179290637373924255e-01,2.187982946634292603e-01,9.462105468750000000e+04,5.095735546875000000e+04,5.639502343750000000e+04,7.135832812500000000e+04,-5.820601796625173092e+07
2.621999999999999886e+00,-8.802164404817468535e-01,1.313477464561494834e+01,-8.867369716776151733e+01,-1.178573144531250000e+04,-8.975231170654296875e+01,3.098549804687500000e+03,2.871944904327392578e-01,3.228314220905303955e-01,8.636379241943359375e-02,1.994108110666275024e-01,8.802164404817468535e-01,-1.313477464561494834e+01,8.867369716776151733e+01,0.000000000000000000e+00,0.000000000000000000e+00,0.000000000000000000e+00,2.871944904327392578e-01,3.228314220905303955e-01,8.636379241943359375e-02,1.994108110666275024e-01,9.463960156250000000e+04,5.106879296875000000e+04,5.616850000000000000e+04,7.147110937500000000e+04,-5.821405428790710121e+07
2.623000000000000220e+00,1.166749780706259187e+01,1.291096502792891165e+01,-9.182753992482417971e+01,-1.183400292968750000e+04,-6.618547821044921875e+01,3.085625732421875000e+03,2.885225415229797363e-01,3.414360582828521729e-01,6.096575781702995300e-02,1.838120818138122559e-01,-1.166749780706259187e+01,-1.291096502792891165e+01,9.182753992482417971e+01,0.000000000000000000e+00,0.000000000000000000e+00,0.000000000000000000e+00,2.885225415229797363e-01,3.414360582828521729e-01,6.096575781702995300e-02,1.838120818138122559e-01,9.465387500000000000e+04,5.118360546875000000e+04,5.594569140625000000e+04,7.157765625000000000e+04,-5.822278940851877630e+07
2.624000000000000110e+00,2.419580337808161730e+01,1.199473825467419630e+01,-9.484703297214151974e+01,-1.187415527343750000e+04,-3.633142852783203125e+01,3.092803222656250000e+03,2.911438941955566406e-01,3.591470122337341309e-01,4.066054150462150574e-02,1.703096777200698853e-01,-2.419580337808161730e+01,-1.199473825467419630e+01,9.484703297214151974e+01,0.000000000000000000e+00,0.000000000000000000e+00,0.000000000000000000e+00,2.911438941955566406e-01,3.591470122337341309e-01,4.066054150462150574e-02,1.703096777200698853e-01,9.471757031250000000e+04,5.129482812500000000e+04,5.571968750000000000e+04,7.142150000000000000e+04,-5.823251467882930487e+07
2.625000000000000000e+00,3.661626941526015599e+01,1.044512203711936671e+01,-9.755920801322004365e+01,-1.188973730468750000e+04,-1.029041671752929688e+01,3.084183593750000000e+03,2.931490838527679443e-01,3.756183087825775146e-01,2.638414315879344940e-02,1.596327275037765503e-01,-3.661626941526015599e+01,-1.044512203711936671e+01,9.755920801322004365e+01,0.000000000000000000e+00,0.000000000000000000e+00,0.000000000000000000e+00,2.931490838527679443e-01,3.756183087825775146e-01,2.638414315879344940e-02,1.596327275037765503e-01,9.477758593750000000e+04,5.140838671875000000e+04,5.549638281250000000e+04,7.126637500000000000e+04,-5.824348232965773344e+07
2.625999999999999890e+00,4.887161185238785066e+01,8.366270024212386858e+00,-9.982635284419794175e+01,-1.188191699218750000e+04,8.353494644165039062e+00,3.058941406250000000e+03,2.978675365447998047e-01,3.914907574653625488e-01,1.756827160716056824e-02,1.510334908962249756e-01,-4.887161185238785066e+01,-8.366270024212386858e+00,9.982635284419794175e+01,0.000000000000000000e+00,0.000000000000000000e+00,0.000000000000000000e+00,2.978675365447998047e-01,3.914907574653625488e-01,1.756827160716056824e-02,1.510334908962249756e-01,9.486499218750000000e+04,5.152484375000000000e+04,5.527581250000000000e+04,7.103693750000000000e+04,-5.825590605929907411e+07
2.626999999999999780e+00,6.095706656859529460e+01,5.848914534431221668e+00,-1.015825994392879039e+02,-1.186525585937500000e+04,2.070674896240234375e+01,3.067065185546875000e+03,3.058618903160095215e-01,4.071217775344848633e-01,1.406508125364780426e-02,1.441747546195983887e-01,-6.095706656859529460e+01,-5.848914534431221668e+00,1.015825994392879039e+02,0.000000000000000000e+00,0.000000000000000000e+00,0.000000000000000000e+00,3.058618903160095215e-01,4.071217775344848633e-01,1.406508125364780426e-02,1.441747546195983887e-01,9.495665625000000000e+04,5.163618750000000000e+04,5.504960937500000000e+04,7.081343750000000000e+04,-5.826997505757379532e+07
2.628000000000000114e+00,7.291664191907123893e+01,3.039066787363434941e+00,-1.027492612477369391e+02,-1.186636035156250000e+04,3.046564483642578125e+01,3.046327636718750000e+03,3.129693865776062012e-01,4.215872287750244141e-01,1.644846983253955841e-02,1.403449475765228271e-01,-7.291664191907123893e+01,-3.039066787363434941e+00,1.027492612477369391e+02,0.000000000000000000e+00,0.000000000000000000e+00,0.000000000000000000e+00,3.129693865776062012e-01,4.215872287750244141e-01,1.644846983253955841e-02,1.403449475765228271e-01,9.506554687500000000e+04,5.175253906250000000e+04,5.482813281250000000e+04,7.058531250000000000e+04,-5.828585854085644335e+07
2.629000000000000004e+00,8.482862826175323789e+01,2.796515608438375142e-02,-1.032933704904604753e+02,-1.189459277343750000e+04,4.744380950927734375e+01,3.064956054687500000e+03,3.209958076477050781e-01,4.362413585186004639e-01,2.259232290089130402e-02,1.381864398717880249e-01,-8.482862826175323789e+01,-2.796515608438375142e-02,1.032933704904604753e+02,0.000000000000000000e+00,0.000000000000000000e+00,0.000000000000000000e+00,3.209958076477050781e-01,4.362413585186004639e-01,2.259232290089130402e-02,1.381864398717880249e-01,9.518123437500000000e+04,5.186222656250000000e+04,5.460002734375000000e+04,7.036326562500000000e+04,-5.830371395819853991e+07
2.629999999999999893e+00,9.677939200223180194e+01,-3.022245218565231095e+00,-1.031792758641169314e+02,-1.194495800781250000e+04,7.138809967041015625e+01,3.057045898437500000e+03,3.224675655364990234e-01,4.491792917251586914e-01,3.245590627193450928e-02,1.398700475692749023e-01,-9.677939200223180194e+01,3.022245218565231095e+00,1.031792758641169314e+02,0.000000000000000000e+00,0.000000000000000000e+00,0.000000000000000000e+00,3.224675655364990234e-01,4.491792917251586914e-01,3.245590627193450928e-02,1.398700475692749023e-01,9.529248437500000000e+04,5.197621484375000000e+04,5.437619531250000000e+04,7.013653125000000000e+04,-5.832374530584886670e+07
2.630999999999999783e+00,1.088387549889454959e+02,-5.976700487539331696e+00,-1.024016554115429471e+02,-1.199549316406250000e+04,1.011988677978515625e+02,3.058361572265625000e+03,3.204750418663024902e-01,4.612115621566772461e-01,4.319357126951217651e-02,1.438907980918884277e-01,-1.088387549889454959e+02,5.976700487539331696e+00,1.024016554115429471e+02,0.000000000000000000e+00,0.000000000000000000e+00,0.000000000000000000e+00,3.204750418663024902e-01,4.612115621566772461e-01,4.319357126951217651e-02,1.438907980918884277e-01,9.540492187500000000e+04,5.208847265625000000e+04,5.415060546875000000e+04,6.991142968750000000e+04,-5.834611300041615218e+07
2.632000000000000117e+00,1.210482992676955547e+02,-8.709506752579475375e+00,-1.009781266057187565e+02,-1.202465332031250000e+04,1.280841827392578125e+02,3.078892333984375000e+03,3.129625320434570312e-01,4.709526300430297852e-01,5.395487695932388306e-02,1.508173048496246338e-01,-1.210482992676955547e+02,8.709506752579475375e+00,1.009781266057187565e+02,0.000000000000000000e+00,0.000000000000000000e+00,0.000000000000000000e+00,3.129625320434570312e-01,4.709526300430297852e-01,5.395487695932388306e-02,1.508173048496246338e-01,9.552132031250000000e+04,5.219723046875000000e+04,5.392164843750000000e+04,6.968967187500000000e+04,-5.837103812873242795e+07
2.633000000000000007e+00,1.334237790808664386e+02,-1.106305272331317902e+01,-9.897686382229754543e+01,-1.202888867187500000e+04,1.460377960205078125e+02,3.072285888671875000e+03,3.009053468704223633e-01,4.778216779232025146e-01,6.388133764266967773e-02,1.603763699531555176e-01,-1.334237790808664386e+02,1.106305272331317902e+01,9.897686382229754543e+01,0.000000000000000000e+00,0.000000000000000000e+00,0.000000000000000000e+00,3.009053468704223633e-01,4.778216779232025146e-01,6.388133764266967773e-02,1.603763699531555176e-01,9.563251562500000000e+04,5.231046484375000000e+04,5.369729687500000000e+04,6.946378906250000000e+04,-5.839875884426430613e+07
2.633999999999999897e+00,1.459673559855878864e+02,-1.294591762934007484e+01,-9.646179958674156296e+01,-1.201740039062500000e+04,1.559675445556640625e+02,3.099577392578125000e+03,2.885424494743347168e-01,4.829693734645843506e-01,7.110043615102767944e-02,1.704596430063247681e-01,-1.459673559855878864e+02,1.294591762934007484e+01,9.646179958674156296e+01,0.000000000000000000e+00,0.000000000000000000e+00,0.000000000000000000e+00,2.885424494743347168e-01,4.829693734645843506e-01,7.110043615102767944e-02,1.704596430063247681e-01,9.574982031250000000e+04,5.241839453125000000e+04,5.346760546875000000e+04,6.924368750000000000e+04,-5.842953778884050995e+07
2.634999999999999787e+00,1.586639088607939527e+02,-1.423355113201928113e+01,-9.358235219959779272e+01,-1.201689648437500000e+04,1.606746215820312500e+02,3.082217285156250000e+03,2.733653485774993896e-01,4.857566952705383301e-01,7.620514184236526489e-02,1.810560226440429688e-01,-1.586639088607939527e+02,1.423355113201928113e+01,9.358235219959779272e+01,0.000000000000000000e+00,0.000000000000000000e+00,0.000000000000000000e+00,2.733653485774993896e-01,4.857566952705383301e-01,7.620514184236526489e-02,1.810560226440429688e-01,9.578389062500000000e+04,5.253412890625000000e+04,5.324567578125000000e+04,6.903626562500000000e+04,-5.846367227543653548e+07
2.636000000000000121e+00,1.714885853201843702e+02,-1.485770465103340321e+01,-9.047656166645154485e+01,-1.204158203125000000e+04,1.715732574462890625e+02,3.071183105468750000e+03,2.601294815540313721e-01,4.882285892963409424e-01,7.726724445819854736e-02,1.894527077674865723e-01,-1.714885853201843702e+02,1.485770465103340321e+01,9.047656166645154485e+01,0.000000000000000000e+00,0.000000000000000000e+00,0.000000000000000000e+00,2.601294815540313721e-01,4.882285892963409424e-01,7.726724445819854736e-02,1.894527077674865723e-01,9.581796093750000000e+04,5.264884765625000000e+04,5.302276953125000000e+04,6.883446875000000000e+04,-5.850148736993013322e+07
2.637000000000000011e+00,-1.756080502986675924e+02,-1.477734939562573402e+01,-8.730375578998828701e+01,-1.208886230468750000e+04,1.908777465820312500e+02,3.068093261718750000e+03,2.465185374021530151e-01,4.902535974979400635e-01,7.479753345251083374e-02,1.949369609355926514e-01,1.756080502986675924e+02,1.477734939562573402e+01,8.730375578998828701e+01,0.000000000000000000e+00,0.000000000000000000e+00,0.000000000000000000e+00,2.465185374021530151e-01,4.902535974979400635e-01,7.479753345251083374e-02,1.949369609355926514e-01,9.574691406250000000e+04,5.276212500000000000e+04,5.279843750000000000e+04,6.872018750000000000e+04,-5.854016587309002876e+07
2.637999999999999901e+00,-1.627055501883750708e+02,-1.399288186360841557e+01,-8.425833607958966809e+01,-1.214284375000000000e+04,2.157303161621093750e+02,3.050519287109375000e+03,3.033582866191864014e-01,6.071278452873229980e-02,3.483554124832153320e-01,3.089028596878051758e-01,1.627055501883750708e+02,1.399288186360841557e+01,8.425833607958966809e+01,0.000000000000000000e+00,0.000000000000000000e+00,0.000000000000000000e+00,3.033582866191864014e-01,6.071278452873229980e-02,3.483554124832153320e-01,3.089028596878051758e-01,9.558051562500000000e+04,5.287771093750000000e+04,5.257641796875000000e+04,6.867025781250000000e+04,-5.857393423709388077e+07
2.638999999999999790e+00,-1.498820401080409965e+02,-1.253492241170736854e+01,-8.145746779840987983e+01,-1.217775976562500000e+04,2.390485839843750000e+02,3.088026367187500000e+03,2.977040708065032959e-01,7.628618925809860229e-02,3.524060249328613281e-01,3.142998516559600830e-01,1.498820401080409965e+02,1.253492241170736854e+01,8.145746779840987983e+01,0.000000000000000000e+00,0.000000000000000000e+00,0.000000000000000000e+00,2.977040708065032959e-01,7.628618925809860229e-02,3.524060249328613281e-01,3.142998516559600830e-01,9.536196093750000000e+04,5.298393750000000000e+04,5.234506640625000000e+04,6.867246093750000000e+04,-5.860319130638082325e+07
2.640000000000000124e+00,-1.372137652927843874e+02,-1.049097989211498216e+01,-7.906242486154364713e+01,-1.218711035156250000e+04,2.498248901367187500e+02,3.107885253906250000e+03,2.897194623947143555e-01,9.480364620685577393e-02,3.526438474655151367e-01,3.171422779560089111e-01,1.372137652927843874e+02,1.049097989211498216e+01,7.906242486154364713e+01,0.000000000000000000e+00,0.000000000000000000e+00,0.000000000000000000e+00,2.897194623947143555e-01,9.480364620685577393e-02,3.526438474655151367e-01,3.171422779560089111e-01,9.547769531250000000e+04,5.275518750000000000e+04,5.245399218750000000e+04,6.878872656250000000e+04,-5.862837985145073384e+07
2.641000000000000014e+00,-1.247297314389151524e+02,-7.956362963071122785e+00,-7.717040426857420243e+01,-1.217759960937500000e+04,2.520551605224609375e+02,3.144093261718750000e+03,2.839648127555847168e-01,1.142020374536514282e-01,3.484572768211364746e-01,3.174661993980407715e-01,1.247297314389151524e+02,7.956362963071122785e+00,7.717040426857420243e+01,0.000000000000000000e+00,0.000000000000000000e+00,0.000000000000000000e+00,2.839648127555847168e-01,1.142020374536514282e-01,3.484572768211364746e-01,3.174661993980407715e-01,9.553509375000000000e+04,5.252360937500000000e+04,5.256004296875000000e+04,6.890770312500000000e+04,-5.864995593236213177e+07
2.641999999999999904e+00,-1.124082320015828174e+02,-5.067432676301661942e+00,-7.587139261902692056e+01,-1.217102441406250000e+04,2.483384246826171875e+02,3.160274658203125000e+03,2.784774005413055420e-01,1.352643072605133057e-01,3.390527963638305664e-01,3.147883415222167969e-01,1.124082320015828174e+02,5.067432676301661942e+00,7.587139261902692056e+01,0.000000000000000000e+00,0.000000000000000000e+00,0.000000000000000000e+00,2.784774005413055420e-01,1.352643072605133057e-01,3.390527963638305664e-01,3.147883415222167969e-01,9.554827343750000000e+04,5.229566406250000000e+04,5.266969531250000000e+04,6.902286718750000000e+04,-5.866837369007573277e+07
2.642999999999999794e+00,-1.001783415318320607e+02,-1.991999321463660211e+00,-7.522976657845858028e+01,-1.218732519531250000e+04,2.485217437744140625e+02,3.137494873046875000e+03,2.749878168106079102e-01,1.578232049942016602e-01,3.240759670734405518e-01,3.084871470928192139e-01,1.001783415318320607e+02,1.991999321463660211e+00,7.522976657845858028e+01,0.000000000000000000e+00,0.000000000000000000e+00,0.000000000000000000e+00,2.749878168106079102e-01,1.578232049942016602e-01,3.240759670734405518e-01,3.084871470928192139e-01,9.555402343750000000e+04,5.207462500000000000e+04,5.278624609375000000e+04,6.913126562500000000e+04,-5.868407287602854520e+07
2.644000000000000128e+00,-8.794994960163806752e+01,1.152233661904464190e+00,-7.526608273589717157e+01,-1.222558789062500000e+04,2.595611267089843750e+02,3.139705078125000000e+03,2.741901278495788574e-01,1.826132535934448242e-01,3.030692040920257568e-01,2.974661886692047119e-01,8.794994960163806752e+01,-1.152233661904464190e+00,7.526608273589717157e+01,0.000000000000000000e+00,0.000000000000000000e+00,0.000000000000000000e+00,2.741901278495788574e-01,1.826132535934448242e-01,3.030692040920257568e-01,2.974661886692047119e-01,9.552607031250000000e+04,5.199928906250000000e+04,5.289878125000000000e+04,6.924391406250000000e+04,-5.869747438051629812e+07
2.645000000000000018e+00,-7.563920098451131935e+01,4.187723171653788157e+00,-7.598486256334911104e+01,-1.227422265625000000e+04,2.780385131835937500e+02,3.112814208984375000e+03,2.721816897392272949e-01,2.102933824062347412e-01,2.758042812347412109e-01,2.818008959293365479e-01,7.563920098451131935e+01,-4.187723171653788157e+00,7.598486256334911104e+01,0.000000000000000000e+00,0.000000000000000000e+00,0.000000000000000000e+00,2.721816897392272949e-01,2.102933824062347412e-01,2.758042812347412109e-01,2.818008959293365479e-01,9.546319531250000000e+04,5.211653906250000000e+04,5.301607812500000000e+04,6.935182812500000000e+04,-5.870898690560600907e+07
2.645999999999999908e+00,-6.319393779790428312e+01,7.015447629421549536e+00,-7.737181466023378107e+01,-1.230673828125000000e+04,2.988156433105468750e+02,3.138440673828125000e+03,2.722793221473693848e-01,2.393805384635925293e-01,2.427553087472915649e-01,2.614680230617523193e-01,6.319393779790428312e+01,-7.015447629421549536e+00,7.737181466023378107e+01,0.000000000000000000e+00,0.000000000000000000e+00,0.000000000000000000e+00,2.722793221473693848e-01,2.393805384635925293e-01,2.427553087472915649e-01,2.614680230617523193e-01,9.541053906250000000e+04,5.222492968750000000e+04,5.312452343750000000e+04,6.946882031250000000e+04,-5.871901599358966947e+07
2.646999999999999797e+00,-5.059133855282998127e+01,9.497807378636172970e+00,-7.937897087879557034e+01,-1.231110253906250000e+04,3.088377075195312500e+02,3.170276123046875000e+03,2.701652646064758301e-01,2.680514156818389893e-01,2.061525434255599976e-01,2.392573207616806030e-01,5.059133855282998127e+01,-9.497807378636172970e+00,7.937897087879557034e+01,0.000000000000000000e+00,0.000000000000000000e+00,0.000000000000000000e+00,2.701652646064758301e-01,2.680514156818389893e-01,2.061525434255599976e-01,2.392573207616806030e-01,9.534636718750000000e+04,5.233206250000000000e+04,5.323181250000000000e+04,6.958717187500000000e+04,-5.872796670648901165e+07
2.648000000000000131e+00,-3.782917586322306391e+01,1.149978641847950023e+01,-8.191627308109814010e+01,-1.229648535156250000e+04,3.055455322265625000e+02,3.190201660156250000e+03,2.689653635025024414e-01,2.939545214176177979e-01,1.684437841176986694e-01,2.169561833143234253e-01,3.782917586322306391e+01,-1.149978641847950023e+01,8.191627308109814010e+01,0.000000000000000000e+00,0.000000000000000000e+00,0.000000000000000000e+00,2.689653635025024414e-01,2.939545214176177979e-01,1.684437841176986694e-01,2.169561833143234253e-01,9.526692187500000000e+04,5.244087890625000000e+04,5.334083593750000000e+04,6.970320312500000000e+04,-5.873624027391867340e+07
2.649000000000000021e+00,-2.491690098688285815e+01,1.292235169790435734e+01,-8.487837014448338380e+01,-1.228232519531250000e+04,2.934900207519531250e+02,3.218448974609375000e+03,2.695253193378448486e-01,3.165296018123626709e-01,1.321245133876800537e-01,1.960599422454833984e-01,2.491690098688285815e+01,-1.292235169790435734e+01,8.487837014448338380e+01,0.000000000000000000e+00,0.000000000000000000e+00,0.000000000000000000e+00,2.695253193378448486e-01,3.165296018123626709e-01,1.321245133876800537e-01,1.960599422454833984e-01,9.519156250000000000e+04,5.254830078125000000e+04,5.344823437500000000e+04,6.982015625000000000e+04,-5.874423245076525211e+07
2.649999999999999911e+00,-1.188728189862578510e+01,1.366139572458101270e+01,-8.807143812388270021e+01,-1.229211523437500000e+04,2.804669494628906250e+02,3.187977050781250000e+03,2.701414823532104492e-01,3.357810676097869873e-01,9.961543977260589600e-02,1.781732738018035889e-01,1.188728189862578510e+01,-1.366139572458101270e+01,8.807143812388270021e+01,0.000000000000000000e+00,0.000000000000000000e+00,0.000000000000000000e+00,2.701414823532104492e-01,3.357810676097869873e-01,9.961543977260589600e-02,1.781732738018035889e-01,9.510296093750000000e+04,5.266589062500000000e+04,5.332025390625000000e+04,6.979205468750000000e+04,-5.875231697018254548e+07
2.650999999999999801e+00,1.218912422979107069e+00,1.368135098343545053e+01,-9.135408822465716128e+01,-1.232694628906250000e+04,2.771939086914062500e+02,3.183800537109375000e+03,2.739917635917663574e-01,3.538348972797393799e-01,7.103537023067474365e-02,1.618943214416503906e-01,-1.218912422979107069e+00,-1.368135098343545053e+01,9.135408822465716128e+01,0.000000000000000000e+00,0.000000000000000000e+00,0.000000000000000000e+00,2.739917635917663574e-01,3.538348972797393799e-01,7.103537023067474365e-02,1.618943214416503906e-01,9.502542968750000000e+04,5.277944140625000000e+04,5.309578906250000000e+04,6.963303125000000000e+04,-5.876085120473013073e+07
2.652000000000000135e+00,1.432892586840281268e+01,1.297544727385088059e+01,-9.453086065769214485e+01,-1.237431347656250000e+04,2.816481628417968750e+02,3.164404541015625000e+03,2.759932875633239746e-01,3.701622188091278076e-01,4.847269877791404724e-02,1.491771340370178223e-01,-1.432892586840281268e+01,-1.297544727385088059e+01,9.453086065769214485e+01,0.000000000000000000e+00,0.000000000000000000e+00,0.000000000000000000e+00,2.759932875633239746e-01,3.701622188091278076e-01,4.847269877791404724e-02,1.491771340370178223e-01,9.497439843750000000e+04,5.289557031250000000e+04,5.287421093750000000e+04,6.940480468750000000e+04,-5.877016096869531274e+07
2.653000000000000025e+00,2.736300805203695674e+01,1.157841948354648309e+01,-9.745258020341474037e+01,-1.240945800781250000e+04,2.898991699218750000e+02,3.171304687500000000e+03,2.789700031280517578e-01,3.859569728374481201e-01,3.140953928232192993e-02,1.387873589992523193e-01,-2.736300805203695674e+01,-1.157841948354648309e+01,9.745258020341474037e+01,0.000000000000000000e+00,0.000000000000000000e+00,0.000000000000000000e+00,2.789700031280517578e-01,3.859569728374481201e-01,3.140953928232192993e-02,1.387873589992523193e-01,9.494267187500000000e+04,5.300719921875000000e+04,5.264833203125000000e+04,6.918134375000000000e+04,-5.878054076809100807e+07
2.653999999999999915e+00,4.024883149665884474e+01,9.557365366879686519e+00,-9.999185975352648370e+01,-1.241671777343750000e+04,2.907235717773437500e+02,3.204834228515625000e+03,2.814546227455139160e-01,4.005151391029357910e-01,2.072761952877044678e-02,1.316263228654861450e-01,-4.024883149665884474e+01,-9.557365366879686519e+00,9.999185975352648370e+01,0.000000000000000000e+00,0.000000000000000000e+00,0.000000000000000000e+00,2.814546227455139160e-01,4.005151391029357910e-01,2.072761952877044678e-02,1.316263228654861450e-01,9.491692968750000000e+04,5.311428906250000000e+04,5.241790625000000000e+04,6.896214843750000000e+04,-5.879225045177757740e+07
2.654999999999999805e+00,5.294898879693599270e+01,7.038010924651683986e+00,-1.020118467327791478e+02,-1.240528320312500000e+04,2.790191040039062500e+02,3.210058593750000000e+03,2.844046354293823242e-01,4.135829210281372070e-01,1.657867990434169769e-02,1.279026120901107788e-01,-5.294898879693599270e+01,-7.038010924651683986e+00,1.020118467327791478e+02,0.000000000000000000e+00,0.000000000000000000e+00,0.000000000000000000e+00,2.844046354293823242e-01,4.135829210281372070e-01,1.657867990434169769e-02,1.279026120901107788e-01,9.492469531250000000e+04,5.322592187500000000e+04,5.219207812500000000e+04,6.873772656250000000e+04,-5.880550999766380340e+07
2.656000000000000139e+00,6.548600073744245265e+01,4.126258363565944443e+00,-1.034519339957954571e+02,-1.239356347656250000e+04,2.591352844238281250e+02,3.241314941406250000e+03,2.911671400070190430e-01,4.266267120838165283e-01,1.767052151262760162e-02,1.258945912122726440e-01,-6.548600073744245265e+01,-4.126258363565944443e+00,1.034519339957954571e+02,0.000000000000000000e+00,0.000000000000000000e+00,0.000000000000000000e+00,2.911671400070190430e-01,4.266267120838165283e-01,1.767052151262760162e-02,1.258945912122726440e-01,9.495785156250000000e+04,5.333293750000000000e+04,5.196171093750000000e+04,6.851749218750000000e+04,-5.882051774261194468e+07
2.657000000000000028e+00,7.793162888125431209e+01,9.984283705212788629e-01,-1.042375997166680293e+02,-1.240721191406250000e+04,2.367924804687500000e+02,3.222402099609375000e+03,2.967982888221740723e-01,4.383561313152313232e-01,2.443659491837024689e-02,1.273370236158370972e-01,-7.793162888125431209e+01,-9.984283705212788629e-01,1.042375997166680293e+02,0.000000000000000000e+00,0.000000000000000000e+00,0.000000000000000000e+00,2.967982888221740723e-01,4.383561313152313232e-01,2.443659491837024689e-02,1.273370236158370972e-01,9.498140625000000000e+04,5.344816406250000000e+04,5.173938281250000000e+04,6.828898437500000000e+04,-5.883745755544593185e+07
2.657999999999999918e+00,9.038211406755620203e+01,-2.223335932149416383e+00,-1.043428154760387798e+02,-1.244832617187500000e+04,2.237553405761718750e+02,3.222073974609375000e+03,3.032380342483520508e-01,4.506146311759948730e-01,3.397275134921073914e-02,1.300686895847320557e-01,-9.038211406755620203e+01,2.223335932149416383e+00,1.043428154760387798e+02,0.000000000000000000e+00,0.000000000000000000e+00,0.000000000000000000e+00,3.032380342483520508e-01,4.506146311759948730e-01,3.397275134921073914e-02,1.300686895847320557e-01,9.505450000000000000e+04,5.356046484375000000e+04,5.151392578125000000e+04,6.806369531250000000e+04,-5.885651884835338593e+07
2.658999999999999808e+00,1.029258911450600920e+02,-5.386930190066085977e+00,-1.037524643687790729e+02,-1.250129687500000000e+04,2.190197753906250000e+02,3.216902343750000000e+03,3.036193847656250000e-01,4.612485766410827637e-01,4.592802375555038452e-02,1.362611204385757446e-01,-1.029258911450600920e+02,5.386930190066085977e+00,1.037524643687790729e+02,0.000000000000000000e+00,0.000000000000000000e+00,0.000000000000000000e+00,3.036193847656250000e-01,4.612485766410827637e-01,4.592802375555038452e-02,1.362611204385757446e-01,9.516643750000000000e+04,5.367395703125000000e+04,5.128972265625000000e+04,6.783789062500000000e+04,-5.887790618030086160e+07
2.660000000000000142e+00,1.156239518425224304e+02,-8.337729463281970510e+00,-1.024809825974367641e+02,-1.254279980468750000e+04,2.181546173095703125e+02,3.208440673828125000e+03,2.989020347595214844e-01,4.702472090721130371e-01,5.813607573509216309e-02,1.450831443071365356e-01,-1.156239518425224304e+02,8.337729463281970510e+00,1.024809825974367641e+02,0.000000000000000000e+00,0.000000000000000000e+00,0.000000000000000000e+00,2.989020347595214844e-01,4.702472090721130371e-01,5.813607573509216309e-02,1.450831443071365356e-01,9.527722656250000000e+04,5.378825781250000000e+04,5.106641015625000000e+04,6.761187500000000000e+04,-5.890184694806728512e+07
2.661000000000000032e+00,1.285053076166688584e+02,-1.096464655161426371e+01,-1.005584836500919295e+02,-1.255559375000000000e+04,2.122923889160156250e+02,3.238695312500000000e+03,2.900468111038208008e-01,4.772111773490905762e-01,6.911715120077133179e-02,1.559029072523117065e-01,-1.285053076166688584e+02,1.096464655161426371e+01,1.005584836500919295e+02,0.000000000000000000e+00,0.000000000000000000e+00,0.000000000000000000e+00,2.900468111038208008e-01,4.772111773490905762e-01,6.911715120077133179e-02,1.559029072523117065e-01,9.539530468750000000e+04,5.389612890625000000e+04,5.083657421875000000e+04,6.739222656250000000e+04,-5.892859279426094890e+07
2.661999999999999922e+00,1.415752344671020637e+02,-1.310747295317700889e+01,-9.808290349642327044e+01,-1.255019921875000000e+04,1.952678375244140625e+02,3.233680419921875000e+03,2.763373255729675293e-01,4.810464978218078613e-01,7.885391265153884888e-02,1.690964102745056152e-01,-1.415752344671020637e+02,1.310747295317700889e+01,9.808290349642327044e+01,0.000000000000000000e+00,0.000000000000000000e+00,0.000000000000000000e+00,2.763373255729675293e-01,4.810464978218078613e-01,7.885391265153884888e-02,1.690964102745056152e-01,9.545010156250000000e+04,5.400976953125000000e+04,5.061246484375000000e+04,6.716628125000000000e+04,-5.895842840308087319e+07
2.662999999999999812e+00,1.548306026426007236e+02,-1.467530022832999492e+01,-9.514224216627944486e+01,-1.254577246093750000e+04,1.723104095458984375e+02,3.258720947265625000e+03,2.631760835647583008e-01,4.837909936904907227e-01,8.501802384853363037e-02,1.817343384027481079e-01,-1.548306026426007236e+02,1.467530022832999492e+01,9.514224216627944486e+01,0.000000000000000000e+00,0.000000000000000000e+00,0.000000000000000000e+00,2.631760835647583008e-01,4.837909936904907227e-01,8.501802384853363037e-02,1.817343384027481079e-01,9.550877343750000000e+04,5.411830859375000000e+04,5.038308593750000000e+04,6.694504687500000000e+04,-5.899166832927676290e+07
2.664000000000000146e+00,1.682450392421858112e+02,-1.556371243064707599e+01,-9.190362535857781268e+01,-1.256609179687500000e+04,1.479399261474609375e+02,3.253380859375000000e+03,2.477548122406005859e-01,4.847598373889923096e-01,8.837915956974029541e-02,1.937822997570037842e-01,-1.682450392421858112e+02,1.556371243064707599e+01,9.190362535857781268e+01,0.000000000000000000e+00,0.000000000000000000e+00,0.000000000000000000e+00,2.477548122406005859e-01,4.847598373889923096e-01,8.837915956974029541e-02,1.937822997570037842e-01,9.537211718750000000e+04,5.423178906250000000e+04,5.015841406250000000e+04,6.688003906250000000e+04,-5.902866322800504416e+07
2.665000000000000036e+00,-1.782323952586903317e+02,-1.571473871401057032e+01,-8.854681533139887506e+01,-1.261404492187500000e+04,1.312317199707031250e+02,3.239913818359375000e+03,2.335924357175827026e-01,4.857109785079956055e-01,8.744838088750839233e-02,2.028400301933288574e-01,1.782323952586903317e+02,1.571473871401057032e+01,8.854681533139887506e+01,0.000000000000000000e+00,0.000000000000000000e+00,0.000000000000000000e+00,2.335924357175827026e-01,4.857109785079956055e-01,8.744838088750839233e-02,2.028400301933288574e-01,9.514441406250000000e+04,5.434642187500000000e+04,4.993533203125000000e+04,6.690691406250000000e+04,-5.906851750624287874e+07
2.665999999999999925e+00,-1.646796389829077896e+02,-1.511321648778697835e+01,-8.524064852260950431e+01,-1.267037988281250000e+04,1.214013519287109375e+02,3.247815185546875000e+03,2.881768047809600830e-01,5.727560073137283325e-02,3.565127253532409668e-01,3.152614533901214600e-01,1.646796389829077896e+02,1.511321648778697835e+01,8.524064852260950431e+01,0.000000000000000000e+00,0.000000000000000000e+00,0.000000000000000000e+00,2.881768047809600830e-01,5.727560073137283325e-02,3.565127253532409668e-01,3.152614533901214600e-01,9.492114843750000000e+04,5.445725000000000000e+04,4.970923437500000000e+04,6.700506250000000000e+04,-5.910313126721157879e+07
2.666999999999999815e+00,-1.512016653957960557e+02,-1.379675181145094420e+01,-8.219369373204015972e+01,-1.271380664062500000e+04,1.118990478515625000e+02,3.235485107421875000e+03,2.800946235656738281e-01,7.005598396062850952e-02,3.619346916675567627e-01,3.236360847949981689e-01,1.512016653957960557e+02,1.379675181145094420e+01,8.219369373204015972e+01,0.000000000000000000e+00,0.000000000000000000e+00,0.000000000000000000e+00,2.800946235656738281e-01,7.005598396062850952e-02,3.619346916675567627e-01,3.236360847949981689e-01,9.497284375000000000e+04,5.423371484375000000e+04,4.982416406250000000e+04,6.711560937500000000e+04,-5.913293936447990686e+07
2.668000000000000149e+00,-1.378809583892149249e+02,-1.182308529803721697e+01,-7.952657754750531183e+01,-1.272572753906250000e+04,9.872794342041015625e+01,3.269945312500000000e+03,2.738510668277740479e-01,8.481338620185852051e-02,3.639570474624633789e-01,3.296026289463043213e-01,1.378809583892149249e+02,1.182308529803721697e+01,7.952657754750531183e+01,0.000000000000000000e+00,0.000000000000000000e+00,0.000000000000000000e+00,2.738510668277740479e-01,8.481338620185852051e-02,3.639570474624633789e-01,3.296026289463043213e-01,9.497511718750000000e+04,5.400254687500000000e+04,4.993113671875000000e+04,6.723428125000000000e+04,-5.915841478504861891e+07
2.669000000000000039e+00,-1.247672717939859837e+02,-9.321520392872711724e+00,-7.738940534869315968e+01,-1.271798144531250000e+04,7.392102813720703125e+01,3.272504638671875000e+03,2.662577033042907715e-01,1.021269783377647400e-01,3.612144291400909424e-01,3.328087627887725830e-01,1.247672717939859837e+02,9.321520392872711724e+00,7.738940534869315968e+01,0.000000000000000000e+00,0.000000000000000000e+00,0.000000000000000000e+00,2.662577033042907715e-01,1.021269783377647400e-01,3.612144291400909424e-01,3.328087627887725830e-01,9.492782812500000000e+04,5.377707031250000000e+04,5.004313281250000000e+04,6.734776562500000000e+04,-5.918005766796219349e+07
2.669999999999999929e+00,-1.118404783871032606e+02,-6.415915331866480997e+00,-7.586151541376160878e+01,-1.271407031250000000e+04,4.499937057495117188e+01,3.282506347656250000e+03,2.616333365440368652e-01,1.202743574976921082e-01,3.536163866519927979e-01,3.332757055759429932e-01,1.118404783871032606e+02,6.415915331866480997e+00,7.586151541376160878e+01,0.000000000000000000e+00,0.000000000000000000e+00,0.000000000000000000e+00,2.616333365440368652e-01,1.202743574976921082e-01,3.536163866519927979e-01,3.332757055759429932e-01,9.482892187500000000e+04,5.355065625000000000e+04,5.015351171875000000e+04,6.746217187500000000e+04,-5.919836209405846894e+07
2.670999999999999819e+00,-9.903046256915757795e+01,-3.257230926030232787e+00,-7.500622238689054200e+01,-1.273441406250000000e+04,1.910320091247558594e+01,3.278302001953125000e+03,2.575033307075500488e-01,1.405754536390304565e-01,3.403704166412353516e-01,3.302641510963439941e-01,9.903046256915757795e+01,3.257230926030232787e+00,7.500622238689054200e+01,0.000000000000000000e+00,0.000000000000000000e+00,0.000000000000000000e+00,2.575033307075500488e-01,1.405754536390304565e-01,3.403704166412353516e-01,3.302641510963439941e-01,9.469774218750000000e+04,5.332665234375000000e+04,5.026654296875000000e+04,6.757378125000000000e+04,-5.921380566952518374e+07
2.672000000000000153e+00,-8.624124097553179524e+01,-2.225121166487018312e-02,-7.486137928469737801e+01,-1.278167187500000000e+04,4.127567291259765625e+00,3.244942138671875000e+03,2.547132968902587891e-01,1.634405255317687988e-01,3.210486173629760742e-01,3.229150474071502686e-01,8.624124097553179524e+01,2.225121166487018312e-02,7.486137928469737801e+01,0.000000000000000000e+00,0.000000000000000000e+00,0.000000000000000000e+00,2.547132968902587891e-01,1.634405255317687988e-01,3.210486173629760742e-01,3.229150474071502686e-01,9.453459375000000000e+04,5.326972656250000000e+04,5.038497265625000000e+04,6.768039062500000000e+04,-5.922683744777370989e+07
2.673000000000000043e+00,-7.338890671186459258e+01,3.165354042560444281e+00,-7.543273324581946326e+01,-1.283324023437500000e+04,-1.439432382583618164e+00,3.245136230468750000e+03,2.540418207645416260e-01,1.891947090625762939e-01,2.952089011669158936e-01,3.103321492671966553e-01,7.338890671186459258e+01,-3.165354042560444281e+00,7.543273324581946326e+01,0.000000000000000000e+00,0.000000000000000000e+00,0.000000000000000000e+00,2.540418207645416260e-01,1.891947090625762939e-01,2.952089011669158936e-01,3.103321492671966553e-01,9.436171875000000000e+04,5.338239843750000000e+04,5.049783593750000000e+04,6.779267968750000000e+04,-5.923793349611322582e+07
2.673999999999999932e+00,-6.041562161365362016e+01,6.124910112328037393e+00,-7.668953731454475076e+01,-1.286808789062500000e+04,-8.620524406433105469e+00,3.220445800781250000e+03,2.521604597568511963e-01,2.170956134796142578e-01,2.630494832992553711e-01,2.933117449283599854e-01,6.041562161365362016e+01,-6.124910112328037393e+00,7.668953731454475076e+01,0.000000000000000000e+00,0.000000000000000000e+00,0.000000000000000000e+00,2.521604597568511963e-01,2.170956134796142578e-01,2.630494832992553711e-01,2.933117449283599854e-01,9.418324218750000000e+04,5.349905859375000000e+04,5.061467968750000000e+04,6.790092187500000000e+04,-5.924750234310559183e+07
2.674999999999999822e+00,-4.729381562143251472e+01,8.751732426996225556e+00,-7.859470010712171018e+01,-1.287165820312500000e+04,-2.364677047729492188e+01,3.242213623046875000e+03,2.528672814369201660e-01,2.447832524776458740e-01,2.261041402816772461e-01,2.729348540306091309e-01,4.729381562143251472e+01,-8.751732426996225556e+00,7.859470010712171018e+01,0.000000000000000000e+00,0.000000000000000000e+00,0.000000000000000000e+00,2.528672814369201660e-01,2.447832524776458740e-01,2.261041402816772461e-01,2.729348540306091309e-01,9.400345312500000000e+04,5.360770312500000000e+04,5.072355078125000000e+04,6.801715625000000000e+04,-5.925599276780702919e+07
2.676000000000000156e+00,-3.401231385675244212e+01,1.089628525059976560e+01,-8.104742656686394753e+01,-1.285946679687500000e+04,-5.230789566040039062e+01,3.237330078125000000e+03,2.522895336151123047e-01,2.701906859874725342e-01,1.874611228704452515e-01,2.523429691791534424e-01,3.401231385675244212e+01,-1.089628525059976560e+01,8.104742656686394753e+01,0.000000000000000000e+00,0.000000000000000000e+00,0.000000000000000000e+00,2.522895336151123047e-01,2.701906859874725342e-01,1.874611228704452515e-01,2.523429691791534424e-01,9.382848437500000000e+04,5.372055859375000000e+04,5.083646484375000000e+04,6.812932812500000000e+04,-5.926383701968629658e+07
2.677000000000000046e+00,-2.056711556553661069e+01,1.245311651138928255e+01,-8.393845291078982029e+01,-1.285660351562500000e+04,-8.531748962402343750e+01,3.236591308593750000e+03,2.543778717517852783e-01,2.925833463668823242e-01,1.494857668876647949e-01,2.325688600540161133e-01,2.056711556553661069e+01,-1.245311651138928255e+01,8.393845291078982029e+01,0.000000000000000000e+00,0.000000000000000000e+00,0.000000000000000000e+00,2.543778717517852783e-01,2.925833463668823242e-01,1.494857668876647949e-01,2.325688600540161133e-01,9.365385937500000000e+04,5.383279687500000000e+04,5.094872656250000000e+04,6.824221875000000000e+04,-5.927146076991688460e+07
2.677999999999999936e+00,-6.973907018925936896e+00,1.333039984375708897e+01,-8.711407885234554271e+01,-1.288111328125000000e+04,-1.152322006225585938e+02,3.222165771484375000e+03,2.566477060317993164e-01,3.121785521507263184e-01,1.148728132247924805e-01,2.151916474103927612e-01,6.973907018925936896e+00,-1.333039984375708897e+01,8.711407885234554271e+01,0.000000000000000000e+00,0.000000000000000000e+00,0.000000000000000000e+00,2.566477060317993164e-01,3.121785521507263184e-01,1.148728132247924805e-01,2.151916474103927612e-01,9.349674218750000000e+04,5.394766796875000000e+04,5.101477734375000000e+04,6.835235937500000000e+04,-5.927927596759027988e+07
2.678999999999999826e+00,6.718933997940305325e+00,1.347171315271484282e+01,-9.038511266334691641e+01,-1.293119921875000000e+04,-1.344791717529296875e+02,3.189022460937500000e+03,2.595387697219848633e-01,3.299258947372436523e-01,8.488299697637557983e-02,2.003643363714218140e-01,-6.718933997940305325e+00,-1.347171315271484282e+01,9.038511266334691641e+01,0.000000000000000000e+00,0.000000000000000000e+00,0.000000000000000000e+00,2.595387697219848633e-01,3.299258947372436523e-01,8.488299697637557983e-02,2.003643363714218140e-01,9.335579687500000000e+04,5.406601953125000000e+04,5.080712109375000000e+04,6.845902343750000000e+04,-5.928767206731078029e+07
2.680000000000000160e+00,2.043282749845878499e+01,1.286691472259256486e+01,-9.358827404622007862e+01,-1.298060058593750000e+04,-1.446780090332031250e+02,3.180499511718750000e+03,2.631604671478271484e-01,3.468216657638549805e-01,6.015055626630783081e-02,1.878753304481506348e-01,-2.043282749845878499e+01,-1.286691472259256486e+01,9.358827404622007862e+01,0.000000000000000000e+00,0.000000000000000000e+00,0.000000000000000000e+00,2.631604671478271484e-01,3.468216657638549805e-01,6.015055626630783081e-02,1.878753304481506348e-01,9.324384375000000000e+04,5.418040234375000000e+04,5.058372265625000000e+04,6.849909375000000000e+04,-5.929701389028379321e+07
2.681000000000000050e+00,3.406455391597818050e+01,1.156713776627073820e+01,-9.651702779802262455e+01,-1.300852343750000000e+04,-1.556480560302734375e+02,3.146550292968750000e+03,2.654623985290527344e-01,3.622812628746032715e-01,4.185120761394500732e-02,1.787308603525161743e-01,-3.406455391597818050e+01,-1.156713776627073820e+01,9.651702779802262455e+01,0.000000000000000000e+00,0.000000000000000000e+00,0.000000000000000000e+00,2.654623985290527344e-01,3.622812628746032715e-01,4.185120761394500732e-02,1.787308603525161743e-01,9.315532031250000000e+04,5.429895312500000000e+04,5.036439062500000000e+04,6.843963281250000000e+04,-5.930762361944835633e+07
2.681999999999999940e+00,4.754148678421617547e+01,9.638331267341769149e+00,-9.905903328355960014e+01,-1.300577734375000000e+04,-1.734001617431640625e+02,3.158402343750000000e+03,2.704009115695953369e-01,3.772267997264862061e-01,2.925044111907482147e-02,1.718863099813461304e-01,-4.754148678421617547e+01,-9.638331267341769149e+00,9.905903328355960014e+01,0.000000000000000000e+00,0.000000000000000000e+00,0.000000000000000000e+00,2.704009115695953369e-01,3.772267997264862061e-01,2.925044111907482147e-02,1.718863099813461304e-01,9.309352343750000000e+04,5.440977343750000000e+04,5.013705468750000000e+04,6.831960937500000000e+04,-5.931978940191870183e+07
2.682999999999999829e+00,6.083480703347418483e+01,7.217303129950029650e+00,-1.010750485455910166e+02,-1.299450488281250000e+04,-2.013095397949218750e+02,3.136800781250000000e+03,2.744585573673248291e-01,3.902540802955627441e-01,2.379037812352180481e-02,1.688721030950546265e-01,-6.083480703347418483e+01,-7.217303129950029650e+00,1.010750485455910166e+02,0.000000000000000000e+00,0.000000000000000000e+00,0.000000000000000000e+00,2.744585573673248291e-01,3.902540802955627441e-01,2.379037812352180481e-02,1.688721030950546265e-01,9.306207812500000000e+04,5.452606250000000000e+04,4.991503906250000000e+04,6.814465625000000000e+04,-5.933375853056846559e+07
2.684000000000000163e+00,7.398122061385410575e+01,4.407222635491877760e+00,-1.024996463639145219e+02,-1.299882324218750000e+04,-2.296613006591796875e+02,3.145578613281250000e+03,2.826357483863830566e-01,4.034439027309417725e-01,2.375426702201366425e-02,1.674721688032150269e-01,-7.398122061385410575e+01,-4.407222635491877760e+00,1.024996463639145219e+02,0.000000000000000000e+00,0.000000000000000000e+00,0.000000000000000000e+00,2.826357483863830566e-01,4.034439027309417725e-01,2.375426702201366425e-02,1.674721688032150269e-01,9.306525000000000000e+04,5.463714843750000000e+04,4.968845703125000000e+04,6.795575000000000000e+04,-5.934975735268806666e+07
2.685000000000000053e+00,8.705893014549752706e+01,1.372594060106481217e+00,-1.032635622578967229e+02,-1.303594042968750000e+04,-2.533572692871093750e+02,3.125557128906250000e+03,2.891955077648162842e-01,4.159249961376190186e-01,2.958428673446178436e-02,1.687565445899963379e-01,-8.705893014549752706e+01,-1.372594060106481217e+00,1.032635622578967229e+02,0.000000000000000000e+00,0.000000000000000000e+00,0.000000000000000000e+00,2.891955077648162842e-01,4.159249961376190186e-01,2.958428673446178436e-02,1.687565445899963379e-01,9.312098437500000000e+04,5.475280078125000000e+04,4.946711718750000000e+04,6.775528125000000000e+04,-5.936800185731078684e+07
2.685999999999999943e+00,1.001568922365882344e+02,-1.752840296306153123e+00,-1.033315218690927253e+02,-1.309493164062500000e+04,-2.650823974609375000e+02,3.121753417968750000e+03,2.952996492385864258e-01,4.288606047630310059e-01,3.884861990809440613e-02,1.715267598628997803e-01,-1.001568922365882344e+02,1.752840296306153123e+00,1.033315218690927253e+02,0.000000000000000000e+00,0.000000000000000000e+00,0.000000000000000000e+00,2.952996492385864258e-01,4.288606047630310059e-01,3.884861990809440613e-02,1.715267598628997803e-01,9.322355468750000000e+04,5.486551171875000000e+04,4.924294140625000000e+04,6.757175781250000000e+04,-5.938871373623416573e+07
2.686999999999999833e+00,1.133444313878339500e+02,-4.807347534986534221e+00,-1.026942901976494653e+02,-1.314781542968750000e+04,-2.716529541015625000e+02,3.115076660156250000e+03,2.954419553279876709e-01,4.406389594078063965e-01,5.045092850923538208e-02,1.770478785037994385e-01,-1.133444313878339500e+02,4.807347534986534221e+00,1.026942901976494653e+02,0.000000000000000000e+00,0.000000000000000000e+00,0.000000000000000000e+00,2.954419553279876709e-01,4.406389594078063965e-01,5.045092850923538208e-02,1.770478785037994385e-01,9.333527343750000000e+04,5.497863281250000000e+04,4.901903906250000000e+04,6.741339062500000000e+04,-5.941212992419032007e+07
2.688000000000000167e+00,1.266636405009125781e+02,-7.622627029914290198e+00,-1.013841070579800174e+02,-1.317410253906250000e+04,-2.803193664550781250e+02,3.096102783203125000e+03,2.904571890830993652e-01,4.505729377269744873e-01,6.224936246871948242e-02,1.852537691593170166e-01,-1.266636405009125781e+02,7.622627029914290198e+00,1.013841070579800174e+02,0.000000000000000000e+00,0.000000000000000000e+00,0.000000000000000000e+00,2.904571890830993652e-01,4.505729377269744873e-01,6.224936246871948242e-02,1.852537691593170166e-01,9.344428125000000000e+04,5.509396484375000000e+04,4.879671093750000000e+04,6.729925781250000000e+04,-5.943851044362204522e+07
2.689000000000000057e+00,1.401351745399889808e+02,-1.006543378561229041e+01,-9.945808540827810873e+01,-1.317211621093750000e+04,-2.960170288085937500e+02,3.089226318359375000e+03,2.819848060607910156e-01,4.582431614398956299e-01,7.257150858640670776e-02,1.955338567495346069e-01,-1.401351745399889808e+02,1.006543378561229041e+01,9.945808540827810873e+01,0.000000000000000000e+00,0.000000000000000000e+00,0.000000000000000000e+00,2.819848060607910156e-01,4.582431614398956299e-01,7.257150858640670776e-02,1.955338567495346069e-01,9.354834375000000000e+04,5.520759375000000000e+04,4.857234375000000000e+04,6.725267968750000000e+04,-5.946814153447577357e+07
2.689999999999999947e+00,1.537694405661232508e+02,-1.198686479287868067e+01,-9.703949979135872184e+01,-1.316844238281250000e+04,-3.163754272460937500e+02,3.044333007812500000e+03,2.700827121734619141e-01,4.631718993186950684e-01,8.087223768234252930e-02,2.073580175638198853e-01,-1.537694405661232508e+02,1.198686479287868067e+01,9.703949979135872184e+01,0.000000000000000000e+00,0.000000000000000000e+00,0.000000000000000000e+00,2.700827121734619141e-01,4.631718993186950684e-01,8.087223768234252930e-02,2.073580175638198853e-01,9.358372656250000000e+04,5.532787109375000000e+04,4.835502734375000000e+04,6.727910156250000000e+04,-5.950134692477510870e+07
2.690999999999999837e+00,1.675759785452056292e+02,-1.330335191899848368e+01,-9.421918095753559896e+01,-1.318586132812500000e+04,-3.319703674316406250e+02,3.039192626953125000e+03,2.586553394794464111e-01,4.667973220348358154e-01,8.581458777189254761e-02,2.184956073760986328e-01,-1.675759785452056292e+02,1.330335191899848368e+01,9.421918095753559896e+01,0.000000000000000000e+00,0.000000000000000000e+00,0.000000000000000000e+00,2.586553394794464111e-01,4.667973220348358154e-01,8.581458777189254761e-02,2.184956073760986328e-01,9.354178906250000000e+04,5.544168359375000000e+04,4.813116015625000000e+04,6.739121875000000000e+04,-5.953848286659307778e+07
2.692000000000000171e+00,-1.784694041930909805e+02,-1.392594434731983810e+01,-9.117834638464202612e+01,-1.323559863281250000e+04,-3.398632202148437500e+02,3.007804931640625000e+03,2.441286295652389526e-01,4.688564836978912354e-01,8.797578513622283936e-02,2.280695736408233643e-01,1.784694041930909805e+02,1.392594434731983810e+01,9.117834638464202612e+01,0.000000000000000000e+00,0.000000000000000000e+00,0.000000000000000000e+00,2.441286295652389526e-01,4.688564836978912354e-01,8.797578513622283936e-02,2.280695736408233643e-01,9.341460937500000000e+04,5.555988281250000000e+04,4.791144140625000000e+04,6.749904687500000000e+04,-5.957884161760151386e+07
2.693000000000000060e+00,-1.644214183198920978e+02,-1.381131768607565391e+01,-8.806025917421941074e+01,-1.329731738281250000e+04,-3.377313537597656250e+02,3.017311767578125000e+03,2.970330119132995605e-01,2.662027999758720398e-02,3.661037087440490723e-01,3.344125449657440186e-01,1.644214183198920978e+02,1.381131768607565391e+01,8.806025917421941074e+01,0.000000000000000000e+00,0.000000000000000000e+00,0.000000000000000000e+00,2.970330119132995605e-01,2.662027999758720398e-02,3.661037087440490723e-01,3.344125449657440186e-01,9.319283593750000000e+04,5.567119531250000000e+04,4.768444140625000000e+04,6.761332031250000000e+04,-5.961382138214589655e+07
2.693999999999999950e+00,-1.503846354476774252e+02,-1.296736503209918112e+01,-8.508250610915693812e+01,-1.334398242187500000e+04,-3.348663024902343750e+02,3.005431152343750000e+03,2.886818647384643555e-01,3.897951543331146240e-02,3.715021908283233643e-01,3.435699939727783203e-01,1.503846354476774252e+02,1.296736503209918112e+01,8.508250610915693812e+01,0.000000000000000000e+00,0.000000000000000000e+00,0.000000000000000000e+00,2.886818647384643555e-01,3.897951543331146240e-02,3.715021908283233643e-01,3.435699939727783203e-01,9.330339843750000000e+04,5.544835156250000000e+04,4.779850781250000000e+04,6.772359375000000000e+04,-5.964384410612631589e+07
2.694999999999999840e+00,-1.364607645159008200e+02,-1.145101772139717333e+01,-8.242162295031447172e+01,-1.335791894531250000e+04,-3.330824279785156250e+02,2.998779541015625000e+03,2.821773290634155273e-01,5.353799462318420410e-02,3.739074170589447021e-01,3.506301343441009521e-01,1.364607645159008200e+02,1.145101772139717333e+01,8.242162295031447172e+01,0.000000000000000000e+00,0.000000000000000000e+00,0.000000000000000000e+00,2.821773290634155273e-01,5.353799462318420410e-02,3.739074170589447021e-01,3.506301343441009521e-01,9.339759375000000000e+04,5.522455468750000000e+04,4.791246484375000000e+04,6.783464843750000000e+04,-5.966939009611520171e+07
2.696000000000000174e+00,-1.227106603912218787e+02,-9.370545970564247540e+00,-8.022772720549251346e+01,-1.335050292968750000e+04,-3.382161560058593750e+02,2.984990722656250000e+03,2.764490246772766113e-01,7.062634080648422241e-02,3.720661103725433350e-01,3.548466861248016357e-01,1.227106603912218787e+02,9.370545970564247540e+00,8.022772720549251346e+01,0.000000000000000000e+00,0.000000000000000000e+00,0.000000000000000000e+00,2.764490246772766113e-01,7.062634080648422241e-02,3.720661103725433350e-01,3.548466861248016357e-01,9.344367968750000000e+04,5.500183593750000000e+04,4.802767187500000000e+04,6.794461718750000000e+04,-5.969097229763319343e+07
2.697000000000000064e+00,-1.091264689404111579e+02,-6.863723818190633708e+00,-7.861065457395720557e+01,-1.335280078125000000e+04,-3.451078796386718750e+02,2.961012695312500000e+03,2.723532915115356445e-01,8.971095085144042969e-02,3.653338253498077393e-01,3.561266660690307617e-01,1.091264689404111579e+02,6.863723818190633708e+00,7.861065457395720557e+01,0.000000000000000000e+00,0.000000000000000000e+00,0.000000000000000000e+00,2.723532915115356445e-01,8.971095085144042969e-02,3.653338253498077393e-01,3.561266660690307617e-01,9.344606250000000000e+04,5.478062500000000000e+04,4.814435156250000000e+04,6.805300000000000000e+04,-5.970910762957379222e+07
2.697999999999999954e+00,-9.564720137328019689e+01,-4.047374154728114348e+00,-7.763341146636545886e+01,-1.338330566406250000e+04,-3.469292297363281250e+02,2.966162597656250000e+03,2.697439193725585938e-01,1.114323884248733521e-01,3.530525267124176025e-01,3.537463247776031494e-01,9.564720137328019689e+01,4.047374154728114348e+00,7.763341146636545886e+01,0.000000000000000000e+00,0.000000000000000000e+00,0.000000000000000000e+00,2.697439193725585938e-01,1.114323884248733521e-01,3.530525267124176025e-01,3.537463247776031494e-01,9.342530468750000000e+04,5.455429687500000000e+04,4.825568750000000000e+04,6.816653906250000000e+04,-5.972429934451778978e+07
2.698999999999999844e+00,-8.219031993303585182e+01,-1.105379697911555992e+00,-7.735000158125376402e+01,-1.344115527343750000e+04,-3.393974304199218750e+02,2.942872314453125000e+03,2.657150030136108398e-01,1.370610892772674561e-01,3.342501521110534668e-01,3.467241227626800537e-01,8.219031993303585182e+01,1.105379697911555992e+00,7.735000158125376402e+01,0.000000000000000000e+00,0.000000000000000000e+00,0.000000000000000000e+00,2.657150030136108398e-01,1.370610892772674561e-01,3.342501521110534668e-01,3.467241227626800537e-01,9.338102343750000000e+04,5.433252734375000000e+04,4.837164843750000000e+04,6.827571875000000000e+04,-5.973703883781737834e+07
2.700000000000000178e+00,-6.868930219885579902e+01,1.830078177175014309e+00,-7.777985416635546301e+01,-1.349527832031250000e+04,-3.226197509765625000e+02,2.956073486328125000e+03,2.639189064502716064e-01,1.659181416034698486e-01,3.085445761680603027e-01,3.345406651496887207e-01,6.868930219885579902e+01,-1.830078177175014309e+00,7.777985416635546301e+01,0.000000000000000000e+00,0.000000000000000000e+00,0.000000000000000000e+00,2.639189064502716064e-01,1.659181416034698486e-01,3.085445761680603027e-01,3.345406651496887207e-01,9.331592968750000000e+04,5.421555859375000000e+04,4.848226171875000000e+04,6.839088281250000000e+04,-5.974781011295422167e+07
2.701000000000000068e+00,-5.510107922710404438e+01,4.550707427361331270e+00,-7.888649883918030525e+01,-1.352365527343750000e+04,-3.075897216796875000e+02,2.927111816406250000e+03,2.606521248817443848e-01,1.976049840450286865e-01,2.759777605533599854e-01,3.174307942390441895e-01,5.510107922710404438e+01,-4.550707427361331270e+00,7.888649883918030525e+01,0.000000000000000000e+00,0.000000000000000000e+00,0.000000000000000000e+00,2.606521248817443848e-01,1.976049840450286865e-01,2.759777605533599854e-01,3.174307942390441895e-01,9.323202343750000000e+04,5.433281640625000000e+04,4.860002734375000000e+04,6.849847656250000000e+04,-5.975709003052340448e+07
2.701999999999999957e+00,-4.140565838112125618e+01,6.925895647682149381e+00,-8.061530153197294624e+01,-1.351956445312500000e+04,-2.985817565917968750e+02,2.924182128906250000e+03,2.614755034446716309e-01,2.290742993354797363e-01,2.380616813898086548e-01,2.967635393142700195e-01,4.140565838112125618e+01,-6.925895647682149381e+00,8.061530153197294624e+01,0.000000000000000000e+00,0.000000000000000000e+00,0.000000000000000000e+00,2.614755034446716309e-01,2.290742993354797363e-01,2.380616813898086548e-01,2.967635393142700195e-01,9.313127343750000000e+04,5.444610937500000000e+04,4.871324218750000000e+04,6.861013281250000000e+04,-5.976535125394099206e+07
2.702999999999999847e+00,-2.759011851400300230e+01,8.803087777645799861e+00,-8.284033409733241626e+01,-1.350813378906250000e+04,-2.991714477539062500e+02,2.886333984375000000e+03,2.621480226516723633e-01,2.586917877197265625e-01,1.980192512273788452e-01,2.751231491565704346e-01,2.759011851400300230e+01,-8.803087777645799861e+00,8.284033409733241626e+01,0.000000000000000000e+00,0.000000000000000000e+00,0.000000000000000000e+00,2.621480226516723633e-01,2.586917877197265625e-01,1.980192512273788452e-01,2.751231491565704346e-01,9.303302343750000000e+04,5.456540234375000000e+04,4.883187109375000000e+04,6.871605468750000000e+04,-5.977305248388838768e+07
2.704000000000000181e+00,-1.364244202618224655e+01,1.008421901596534731e+01,-8.543665973271926362e+01,-1.351876464843750000e+04,-2.977580566406250000e+02,2.854799316406250000e+03,2.659868597984313965e-01,2.853703200817108154e-01,1.585283130407333374e-01,2.540968954563140869e-01,1.364244202618224655e+01,-1.008421901596534731e+01,8.543665973271926362e+01,0.000000000000000000e+00,0.000000000000000000e+00,0.000000000000000000e+00,2.659868597984313965e-01,2.853703200817108154e-01,1.585283130407333374e-01,2.540968954563140869e-01,9.294257031250000000e+04,5.468361328125000000e+04,4.894910937500000000e+04,6.882314843750000000e+04,-5.978063971441227198e+07
2.705000000000000071e+00,4.280382211054825081e-01,1.069375275507077916e+01,-8.824874057118255166e+01,-1.356050976562500000e+04,-2.877739868164062500e+02,2.824323486328125000e+03,2.694886326789855957e-01,3.095004260540008545e-01,1.226959228515625000e-01,2.351014912128448486e-01,-4.280382211054825081e-01,-1.069375275507077916e+01,8.824874057118255166e+01,0.000000000000000000e+00,0.000000000000000000e+00,0.000000000000000000e+00,2.694886326789855957e-01,3.095004260540008545e-01,1.226959228515625000e-01,2.351014912128448486e-01,9.288241406250000000e+04,5.480153906250000000e+04,4.906678125000000000e+04,6.893072656250000000e+04,-5.978854209418937564e+07
2.705999999999999961e+00,1.457638864703284121e+01,1.059216561663763834e+01,-9.110816717597958814e+01,-1.361740722656250000e+04,-2.668479614257812500e+02,2.806039062500000000e+03,2.725530266761779785e-01,3.316446840763092041e-01,9.212243556976318359e-02,2.185437530279159546e-01,-1.457638864703284121e+01,-1.059216561663763834e+01,9.110816717597958814e+01,0.000000000000000000e+00,0.000000000000000000e+00,0.000000000000000000e+00,2.725530266761779785e-01,3.316446840763092041e-01,9.212243556976318359e-02,2.185437530279159546e-01,9.284982812500000000e+04,5.491733984375000000e+04,4.896555078125000000e+04,6.904076562500000000e+04,-5.979716745739398152e+07
2.706999999999999851e+00,2.872339746169608432e+01,9.776587060808530794e+00,-9.386292675966497256e+01,-1.365703906250000000e+04,-2.429962768554687500e+02,2.827624511718750000e+03,2.747237980365753174e-01,3.521475195884704590e-01,6.788396090269088745e-02,2.046680152416229248e-01,-2.872339746169608432e+01,-9.776587060808530794e+00,9.386292675966497256e+01,0.000000000000000000e+00,0.000000000000000000e+00,0.000000000000000000e+00,2.747237980365753174e-01,3.521475195884704590e-01,6.788396090269088745e-02,2.046680152416229248e-01,9.284727343750000000e+04,5.502639453125000000e+04,4.873713281250000000e+04,6.915728125000000000e+04,-5.980689832163017243e+07
2.708000000000000185e+00,4.277737331355968564e+01,8.312085237406675375e+00,-9.631397327140406617e+01,-1.366580761718750000e+04,-2.264434051513671875e+02,2.826724853515625000e+03,2.752149701118469238e-01,3.704456090927124023e-01,5.100389942526817322e-02,1.942880153656005859e-01,-4.277737331355968564e+01,-8.312085237406675375e+00,9.631397327140406617e+01,0.000000000000000000e+00,0.000000000000000000e+00,0.000000000000000000e+00,2.752149701118469238e-01,3.704456090927124023e-01,5.100389942526817322e-02,1.942880153656005859e-01,9.285546875000000000e+04,5.513901171875000000e+04,4.851218750000000000e+04,6.921458593750000000e+04,-5.981807369750609994e+07
2.709000000000000075e+00,5.668779667439688552e+01,6.287636377691543821e+00,-9.833211499544582068e+01,-1.365111621093750000e+04,-2.196470489501953125e+02,2.845220703125000000e+03,2.791406512260437012e-01,3.875901401042938232e-01,4.040439799427986145e-02,1.863369047641754150e-01,-5.668779667439688552e+01,-6.287636377691543821e+00,9.833211499544582068e+01,0.000000000000000000e+00,0.000000000000000000e+00,0.000000000000000000e+00,2.791406512260437012e-01,3.875901401042938232e-01,4.040439799427986145e-02,1.863369047641754150e-01,9.287100781250000000e+04,5.524814453125000000e+04,4.828346484375000000e+04,6.919543750000000000e+04,-5.983099594300859421e+07
2.709999999999999964e+00,7.046573447124490031e+01,3.876628597354796479e+00,-9.977906314352462402e+01,-1.364699316406250000e+04,-2.184685058593750000e+02,2.807058105468750000e+03,2.840195894241333008e-01,4.032540023326873779e-01,3.677604347467422485e-02,1.813488900661468506e-01,-7.046573447124490031e+01,-3.876628597354796479e+00,9.977906314352462402e+01,0.000000000000000000e+00,0.000000000000000000e+00,0.000000000000000000e+00,2.840195894241333008e-01,4.032540023326873779e-01,3.677604347467422485e-02,1.813488900661468506e-01,9.290357812500000000e+04,5.536651562500000000e+04,4.806451953125000000e+04,6.910709375000000000e+04,-5.984593225243424624e+07
2.710999999999999854e+00,8.417711621521284826e+01,1.197776466451617727e+00,-1.005967220573873533e+02,-1.367245410156250000e+04,-2.095646057128906250e+02,2.799429443359375000e+03,2.937129437923431396e-01,4.194511473178863525e-01,3.793605417013168335e-02,1.773214936256408691e-01,-8.417711621521284826e+01,-1.197776466451617727e+00,1.005967220573873533e+02,0.000000000000000000e+00,0.000000000000000000e+00,0.000000000000000000e+00,2.937129437923431396e-01,4.194511473178863525e-01,3.793605417013168335e-02,1.773214936256408691e-01,9.297507031250000000e+04,5.547976171875000000e+04,4.784113281250000000e+04,6.898803125000000000e+04,-5.986313917448571324e+07
2.712000000000000188e+00,9.790575260279352676e+01,-1.569888234925880699e+00,-1.007366436332647766e+02,-1.372641503906250000e+04,-1.906727142333984375e+02,2.771287841796875000e+03,2.990682721138000488e-01,4.346510469913482666e-01,4.391362518072128296e-02,1.758853346109390259e-01,-9.790575260279352676e+01,1.569888234925880699e+00,1.007366436332647766e+02,0.000000000000000000e+00,0.000000000000000000e+00,0.000000000000000000e+00,2.990682721138000488e-01,4.346510469913482666e-01,4.391362518072128296e-02,1.758853346109390259e-01,9.308278906250000000e+04,5.559659765625000000e+04,4.762101953125000000e+04,6.883795312500000000e+04,-5.988287504679799825e+07
2.713000000000000078e+00,1.117150701667288502e+02,-4.299720163214890256e+00,-1.001828530354463709e+02,-1.377824218750000000e+04,-1.634515533447265625e+02,2.787222900390625000e+03,3.008967638015747070e-01,4.489808380603790283e-01,5.184520781040191650e-02,1.766189634799957275e-01,-1.117150701667288502e+02,4.299720163214890256e+00,1.001828530354463709e+02,0.000000000000000000e+00,0.000000000000000000e+00,0.000000000000000000e+00,3.008967638015747070e-01,4.489808380603790283e-01,5.184520781040191650e-02,1.766189634799957275e-01,9.319778125000000000e+04,5.570637890625000000e+04,4.739328515625000000e+04,6.868798437500000000e+04,-5.990541039533615857e+07
2.713999999999999968e+00,1.256380861858452391e+02,-6.808836094026278651e+00,-9.896514106575355640e+01,-1.380239550781250000e+04,-1.409056091308593750e+02,2.789653564453125000e+03,2.940646409988403320e-01,4.602890014648437500e-01,6.079610437154769897e-02,1.809509247541427612e-01,-1.256380861858452391e+02,6.808836094026278651e+00,9.896514106575355640e+01,0.000000000000000000e+00,0.000000000000000000e+00,0.000000000000000000e+00,2.940646409988403320e-01,4.602890014648437500e-01,6.079610437154769897e-02,1.809509247541427612e-01,9.331085156250000000e+04,5.581871875000000000e+04,4.716721875000000000e+04,6.854453906250000000e+04,-5.993103578343172371e+07
2.714999999999999858e+00,1.396840510361552958e+02,-8.935346839602942737e+00,-9.715858989966318404e+01,-1.379577148437500000e+04,-1.251886825561523438e+02,2.783132324218750000e+03,2.839377224445343018e-01,4.688307046890258789e-01,6.846933811902999878e-02,1.878161728382110596e-01,-1.396840510361552958e+02,8.935346839602942737e+00,9.715858989966318404e+01,0.000000000000000000e+00,0.000000000000000000e+00,0.000000000000000000e+00,2.839377224445343018e-01,4.688307046890258789e-01,6.846933811902999878e-02,1.878161728382110596e-01,9.342188281250000000e+04,5.593275000000000000e+04,4.694312890625000000e+04,6.843564843750000000e+04,-5.996006704956003278e+07
2.716000000000000192e+00,1.538543229165867388e+02,-1.054622468165643845e+01,-9.487735403691026193e+01,-1.378154003906250000e+04,-1.153844757080078125e+02,2.770073486328125000e+03,2.717886865139007568e-01,4.748048782348632812e-01,7.389028370380401611e-02,1.959718912839889526e-01,-1.538543229165867388e+02,1.054622468165643845e+01,9.487735403691026193e+01,0.000000000000000000e+00,0.000000000000000000e+00,0.000000000000000000e+00,2.717886865139007568e-01,4.748048782348632812e-01,7.389028370380401611e-02,1.959718912839889526e-01,9.347997656250000000e+04,5.604793359375000000e+04,4.672066796875000000e+04,6.838053125000000000e+04,-5.999285113740423322e+07
2.717000000000000082e+00,1.681472347210649900e+02,-1.153111950914142270e+01,-9.228380717256405319e+01,-1.379361425781250000e+04,-1.025991668701171875e+02,2.734089599609375000e+03,2.586280405521392822e-01,4.787876307964324951e-01,7.660464942455291748e-02,2.040106803178787231e-01,-1.681472347210649900e+02,1.153111950914142270e+01,9.228380717256405319e+01,0.000000000000000000e+00,0.000000000000000000e+00,0.000000000000000000e+00,2.586280405521392822e-01,4.787876307964324951e-01,7.660464942455291748e-02,2.040106803178787231e-01,9.344665625000000000e+04,5.616688671875000000e+04,4.650178906250000000e+04,6.838482031250000000e+04,-6.002977389773197472e+07
2.717999999999999972e+00,-1.774515127469273352e+02,-1.183284820146437966e+01,-8.950975331238160493e+01,-1.383683105468750000e+04,-8.053809356689453125e+01,2.738759277343750000e+03,2.460260987281799316e-01,4.818677902221679688e-01,7.615444809198379517e-02,2.100650221109390259e-01,1.774515127469273352e+02,1.183284820146437966e+01,8.950975331238160493e+01,0.000000000000000000e+00,0.000000000000000000e+00,0.000000000000000000e+00,2.460260987281799316e-01,4.818677902221679688e-01,7.615444809198379517e-02,2.100650221109390259e-01,9.332828906250000000e+04,5.627899218750000000e+04,4.627567968750000000e+04,6.845644531250000000e+04,-6.006941494934275001e+07
2.718999999999999861e+00,-1.630032537361734910e+02,-1.142314639620291850e+01,-8.677153451675258111e+01,-1.389365332031250000e+04,-5.168978881835937500e+01,2.719288330078125000e+03,3.043059706687927246e-01,4.781492054462432861e-02,3.677265942096710205e-01,3.218041062355041504e-01,1.630032537361734910e+02,1.142314639620291850e+01,8.677153451675258111e+01,0.000000000000000000e+00,0.000000000000000000e+00,0.000000000000000000e+00,3.043059706687927246e-01,4.781492054462432861e-02,3.677265942096710205e-01,3.218041062355041504e-01,9.311724218750000000e+04,5.639504687500000000e+04,4.605333203125000000e+04,6.856605468750000000e+04,-6.010364479754731059e+07
2.720000000000000195e+00,-1.485911574448742840e+02,-1.031653229680306083e+01,-8.421055676230859888e+01,-1.392638085937500000e+04,-2.197511291503906250e+01,2.754361572265625000e+03,2.980055809020996094e-01,6.456224620342254639e-02,3.712430298328399658e-01,3.273265063762664795e-01,1.485911574448742840e+02,1.031653229680306083e+01,8.421055676230859888e+01,0.000000000000000000e+00,0.000000000000000000e+00,0.000000000000000000e+00,2.980055809020996094e-01,6.456224620342254639e-02,3.712430298328399658e-01,3.273265063762664795e-01,9.323588281250000000e+04,5.616432031250000000e+04,4.616040234375000000e+04,6.868503906250000000e+04,-6.013292197832696885e+07
2.721000000000000085e+00,-1.343033069721614368e+02,-8.599241321335803434e+00,-8.202429802798427261e+01,-1.392582910156250000e+04,-1.267552614212036133e+00,2.763493164062500000e+03,2.889494895935058594e-01,8.491057902574539185e-02,3.706023693084716797e-01,3.296332657337188721e-01,1.343033069721614368e+02,8.599241321335803434e+00,8.202429802798427261e+01,0.000000000000000000e+00,0.000000000000000000e+00,0.000000000000000000e+00,2.889494895935058594e-01,8.491057902574539185e-02,3.706023693084716797e-01,3.296332657337188721e-01,9.334979687500000000e+04,5.593783593750000000e+04,4.627174218750000000e+04,6.879933593750000000e+04,-6.015776128900891542e+07
2.721999999999999975e+00,-1.201728079022708755e+02,-6.371020351023100936e+00,-8.033091099546142289e+01,-1.390709667968750000e+04,1.154231071472167969e+01,2.796727539062500000e+03,2.826927304267883301e-01,1.067764163017272949e-01,3.650098443031311035e-01,3.290766477584838867e-01,1.201728079022708755e+02,6.371020351023100936e+00,8.033091099546142289e+01,0.000000000000000000e+00,0.000000000000000000e+00,0.000000000000000000e+00,2.826927304267883301e-01,1.067764163017272949e-01,3.650098443031311035e-01,3.290766477584838867e-01,9.345155468750000000e+04,5.570719531250000000e+04,4.637875000000000000e+04,6.891708593750000000e+04,-6.017869643792970479e+07
2.722999999999999865e+00,-1.061697943090146197e+02,-3.798205678929327700e+00,-7.924741358859019158e+01,-1.390421289062500000e+04,2.011249542236328125e+01,2.796761230468750000e+03,2.760971784591674805e-01,1.311061084270477295e-01,3.535244464874267578e-01,3.250197768211364746e-01,1.061697943090146197e+02,3.798205678929327700e+00,7.924741358859019158e+01,0.000000000000000000e+00,0.000000000000000000e+00,0.000000000000000000e+00,2.760971784591674805e-01,1.311061084270477295e-01,3.535244464874267578e-01,3.250197768211364746e-01,9.350207031250000000e+04,5.548187500000000000e+04,4.649069531250000000e+04,6.902922656250000000e+04,-6.019626304208018631e+07
2.724000000000000199e+00,-9.221508405264297892e+01,-1.048665773414231950e+00,-7.884016566981348717e+01,-1.393474902343750000e+04,3.763890457153320312e+01,2.786081054687500000e+03,2.721656560897827148e-01,1.574107706546783447e-01,3.357509672641754150e-01,3.170238435268402100e-01,9.221508405264297892e+01,1.048665773414231950e+00,7.884016566981348717e+01,0.000000000000000000e+00,0.000000000000000000e+00,0.000000000000000000e+00,2.721656560897827148e-01,1.574107706546783447e-01,3.357509672641754150e-01,3.170238435268402100e-01,9.350276562500000000e+04,5.529448828125000000e+04,4.660509375000000000e+04,6.913972656250000000e+04,-6.021098353522977233e+07
2.725000000000000089e+00,-7.822591090495426158e+01,1.717320987745377892e+00,-7.913714124126138927e+01,-1.398469042968750000e+04,6.566194915771484375e+01,2.788028808593750000e+03,2.690479159355163574e-01,1.870492398738861084e-01,3.110053837299346924e-01,3.039131462574005127e-01,7.822591090495426158e+01,-1.717320987745377892e+00,7.913714124126138927e+01,0.000000000000000000e+00,0.000000000000000000e+00,0.000000000000000000e+00,2.690479159355163574e-01,1.870492398738861084e-01,3.110053837299346924e-01,3.039131462574005127e-01,9.347876562500000000e+04,5.531663281250000000e+04,4.671774609375000000e+04,6.925253906250000000e+04,-6.022336846468189359e+07
2.725999999999999979e+00,-6.414651728171288880e+01,4.316920529965858400e+00,-8.012592888856245565e+01,-1.402458105468750000e+04,9.665249633789062500e+01,2.786062500000000000e+03,2.654832601547241211e-01,2.195504307746887207e-01,2.793464362621307373e-01,2.858003675937652588e-01,6.414651728171288880e+01,-4.316920529965858400e+00,8.012592888856245565e+01,0.000000000000000000e+00,0.000000000000000000e+00,0.000000000000000000e+00,2.654832601547241211e-01,2.195504307746887207e-01,2.793464362621307373e-01,2.858003675937652588e-01,9.343175000000000000e+04,5.542898437500000000e+04,4.683080078125000000e+04,6.936519531250000000e+04,-6.023392204064438492e+07
2.726999999999999869e+00,-4.995986787706683430e+01,6.617765735295926710e+00,-8.176529971222406346e+01,-1.402757617187500000e+04,1.185964050292968750e+02,2.825328613281250000e+03,2.631843686103820801e-01,2.525807619094848633e-01,2.421168386936187744e-01,2.640398144721984863e-01,4.995986787706683430e+01,-6.617765735295926710e+00,8.176529971222406346e+01,0.000000000000000000e+00,0.000000000000000000e+00,0.000000000000000000e+00,2.631843686103820801e-01,2.525807619094848633e-01,2.421168386936187744e-01,2.640398144721984863e-01,9.336838281250000000e+04,5.553473046875000000e+04,4.693644140625000000e+04,6.948484375000000000e+04,-6.024314738810303807e+07
2.728000000000000203e+00,-3.566751994772102563e+01,8.433518393883851161e+00,-8.392912228003780228e+01,-1.400607324218750000e+04,1.264608840942382812e+02,2.814575195312500000e+03,2.601959705352783203e-01,2.833629548549652100e-01,2.025896757841110229e-01,2.417797446250915527e-01,3.566751994772102563e+01,-8.433518393883851161e+00,8.392912228003780228e+01,0.000000000000000000e+00,0.000000000000000000e+00,0.000000000000000000e+00,2.601959705352783203e-01,2.833629548549652100e-01,2.025896757841110229e-01,2.417797446250915527e-01,9.328096093750000000e+04,5.564916015625000000e+04,4.705033984375000000e+04,6.959553125000000000e+04,-6.025153478188145906e+07
2.729000000000000092e+00,-2.127458444370216029e+01,9.659644795434150666e+00,-8.649416670037577148e+01,-1.398671386718750000e+04,1.302709655761718750e+02,2.818216552734375000e+03,2.617299556732177734e-01,3.107578158378601074e-01,1.630998849868774414e-01,2.201474905014038086e-01,2.127458444370216029e+01,-9.659644795434150666e+00,8.649416670037577148e+01,0.000000000000000000e+00,0.000000000000000000e+00,0.000000000000000000e+00,2.617299556732177734e-01,3.107578158378601074e-01,1.630998849868774414e-01,2.201474905014038086e-01,9.317718750000000000e+04,5.576144531250000000e+04,4.716267187500000000e+04,6.970824218750000000e+04,-6.025956193943547457e+07
2.729999999999999982e+00,-6.794671228593561985e+00,1.019919407346211138e+01,-8.925862971796669854e+01,-1.400038769531250000e+04,1.373649902343750000e+02,2.779502685546875000e+03,2.630560100078582764e-01,3.348617851734161377e-01,1.272440403699874878e-01,2.011636942625045776e-01,6.794671228593561985e+00,-1.019919407346211138e+01,8.925862971796669854e+01,0.000000000000000000e+00,0.000000000000000000e+00,0.000000000000000000e+00,2.630560100078582764e-01,3.348617851734161377e-01,1.272440403699874878e-01,2.011636942625045776e-01,9.307937500000000000e+04,5.588090234375000000e+04,4.728198437500000000e+04,6.981400000000000000e+04,-6.026767923353146017e+07
2.730999999999999872e+00,7.745059874756157647e+00,1.002044947389419960e+01,-9.207302451572853386e+01,-1.404285839843750000e+04,1.561130981445312500e+02,2.779029785156250000e+03,2.666249275207519531e-01,3.570979237556457520e-01,9.594628959894180298e-02,1.843152791261672974e-01,-7.745059874756157647e+00,-1.002044947389419960e+01,9.207302451572853386e+01,0.000000000000000000e+00,0.000000000000000000e+00,0.000000000000000000e+00,2.666249275207519531e-01,3.570979237556457520e-01,9.594628959894180298e-02,1.843152791261672974e-01,9.299961718750000000e+04,5.599396484375000000e+04,4.725588281250000000e+04,6.982965625000000000e+04,-6.027631707073505968e+07
2.732000000000000206e+00,2.227834325584038311e+01,9.129464251163080135e+00,-9.474471657963889015e+01,-1.408602050781250000e+04,1.784948730468750000e+02,2.782322998046875000e+03,2.675629258155822754e-01,3.772162497043609619e-01,7.163210213184356689e-02,1.708919405937194824e-01,-2.227834325584038311e+01,-9.129464251163080135e+00,9.474471657963889015e+01,0.000000000000000000e+00,0.000000000000000000e+00,0.000000000000000000e+00,2.675629258155822754e-01,3.772162497043609619e-01,7.163210213184356689e-02,1.708919405937194824e-01,9.294807812500000000e+04,5.610632421875000000e+04,4.702969140625000000e+04,6.971846875000000000e+04,-6.028587330375055224e+07
2.733000000000000096e+00,3.672303403141087585e+01,7.582711607741234872e+00,-9.710357943927121482e+01,-1.409900488281250000e+04,1.972306671142578125e+02,2.799932373046875000e+03,2.689658999443054199e-01,3.957372605800628662e-01,5.411800742149353027e-02,1.604196131229400635e-01,-3.672303403141087585e+01,-7.582711607741234872e+00,9.710357943927121482e+01,0.000000000000000000e+00,0.000000000000000000e+00,0.000000000000000000e+00,2.689658999443054199e-01,3.957372605800628662e-01,5.411800742149353027e-02,1.604196131229400635e-01,9.290624218750000000e+04,5.621622265625000000e+04,4.680150781250000000e+04,6.950964062500000000e+04,-6.029670848763427138e+07
2.733999999999999986e+00,5.102046834316338675e+01,5.485086006383908419e+00,-9.900502720421550862e+01,-1.407816308593750000e+04,2.032316589355468750e+02,2.822624267578125000e+03,2.715376913547515869e-01,4.126377701759338379e-01,4.369464144110679626e-02,1.529468148946762085e-01,-5.102046834316338675e+01,-5.485086006383908419e+00,9.900502720421550862e+01,0.000000000000000000e+00,0.000000000000000000e+00,0.000000000000000000e+00,2.715376913547515869e-01,4.126377701759338379e-01,4.369464144110679626e-02,1.529468148946762085e-01,9.287707812500000000e+04,5.632520703125000000e+04,4.657309765625000000e+04,6.928841406250000000e+04,-6.030914365740443021e+07
2.734999999999999876e+00,6.517545220583960486e+01,2.989210236924180197e+00,-1.003266931020674804e+02,-1.405446289062500000e+04,2.003815002441406250e+02,2.822465820312500000e+03,2.764222025871276855e-01,4.280691146850585938e-01,4.004681855440139771e-02,1.483924090862274170e-01,-6.517545220583960486e+01,-2.989210236924180197e+00,1.003266931020674804e+02,0.000000000000000000e+00,0.000000000000000000e+00,0.000000000000000000e+00,2.764222025871276855e-01,4.280691146850585938e-01,4.004681855440139771e-02,1.483924090862274170e-01,9.286211718750000000e+04,5.643792187500000000e+04,4.634826953125000000e+04,6.906286718750000000e+04,-6.032346587770130485e+07
2.736000000000000210e+00,7.925388349930931042e+01,2.306054305574309071e-01,-1.010053661293853509e+02,-1.405647558593750000e+04,1.970573577880859375e+02,2.841096679687500000e+03,2.839330434799194336e-01,4.429980516433715820e-01,4.181041195988655090e-02,1.458173096179962158e-01,-7.925388349930931042e+01,-2.306054305574309071e-01,1.010053661293853509e+02,0.000000000000000000e+00,0.000000000000000000e+00,0.000000000000000000e+00,2.839330434799194336e-01,4.429980516433715820e-01,4.181041195988655090e-02,1.458173096179962158e-01,9.288612500000000000e+04,5.654740234375000000e+04,4.611985156250000000e+04,6.884050000000000000e+04,-6.033994919291682541e+07
2.737000000000000099e+00,9.335303808015753191e+01,-2.592768457777277824e+00,-1.009873989082707340e+02,-1.409593164062500000e+04,2.004646301269531250e+02,2.823459716796875000e+03,2.880145013332366943e-01,4.562855660915374756e-01,4.825812205672264099e-02,1.465593725442886353e-01,-9.335303808015753191e+01,2.592768457777277824e+00,1.009873989082707340e+02,0.000000000000000000e+00,0.000000000000000000e+00,0.000000000000000000e+00,2.880145013332366943e-01,4.562855660915374756e-01,4.825812205672264099e-02,1.465593725442886353e-01,9.295524218750000000e+04,5.666277343750000000e+04,4.589717968750000000e+04,6.861222656250000000e+04,-6.035886915982215106e+07
2.737999999999999989e+00,1.075493204936019254e+02,-5.349547173569169090e+00,-1.002614575382732198e+02,-1.414307421875000000e+04,2.127226562500000000e+02,2.849616699218750000e+03,2.893578112125396729e-01,4.686298370361328125e-01,5.622111260890960693e-02,1.495062112808227539e-01,-1.075493204936019254e+02,5.349547173569169090e+00,1.002614575382732198e+02,0.000000000000000000e+00,0.000000000000000000e+00,0.000000000000000000e+00,2.893578112125396729e-01,4.686298370361328125e-01,5.622111260890960693e-02,1.495062112808227539e-01,9.305928125000000000e+04,5.677066796875000000e+04,4.566810546875000000e+04,6.839152343750000000e+04,-6.038051699368344992e+07
2.738999999999999879e+00,1.218819981761025417e+02,-7.844919535532453914e+00,-9.886049350636790223e+01,-1.416873339843750000e+04,2.215671081542968750e+02,2.855876708984375000e+03,2.820693850517272949e-01,4.776823818683624268e-01,6.510343402624130249e-02,1.563056111335754395e-01,-1.218819981761025417e+02,7.844919535532453914e+00,9.886049350636790223e+01,0.000000000000000000e+00,0.000000000000000000e+00,0.000000000000000000e+00,2.820693850517272949e-01,4.776823818683624268e-01,6.510343402624130249e-02,1.563056111335754395e-01,9.316620312500000000e+04,5.688170312500000000e+04,4.544228125000000000e+04,6.816799218750000000e+04,-6.040520715510169417e+07
2.740000000000000213e+00,1.363561124510056857e+02,-9.955058453944376495e+00,-9.683821943902468377e+01,-1.415812597656250000e+04,2.194886932373046875e+02,2.904967285156250000e+03,2.718698382377624512e-01,4.843154847621917725e-01,7.230650633573532104e-02,1.652147620916366577e-01,-1.363561124510056857e+02,9.955058453944376495e+00,9.683821943902468377e+01,0.000000000000000000e+00,0.000000000000000000e+00,0.000000000000000000e+00,2.718698382377624512e-01,4.843154847621917725e-01,7.230650633573532104e-02,1.652147620916366577e-01,9.322714843750000000e+04,5.698547656250000000e+04,4.520895312500000000e+04,6.795165625000000000e+04,-6.043327688843739033e+07
2.741000000000000103e+00,1.509622584008511694e+02,-1.151489525424971383e+01,-9.433234331101891712e+01,-1.413621875000000000e+04,2.032640991210937500e+02,2.914811035156250000e+03,2.567527890205383301e-01,4.875582158565521240e-01,7.802127301692962646e-02,1.763853430747985840e-01,-1.509622584008511694e+02,1.151489525424971383e+01,9.433234331101891712e+01,0.000000000000000000e+00,0.000000000000000000e+00,0.000000000000000000e+00,2.567527890205383301e-01,4.875582158565521240e-01,7.802127301692962646e-02,1.763853430747985840e-01,9.320832812500000000e+04,5.709577343750000000e+04,4.498162500000000000e+04,6.773873437500000000e+04,-6.046509767570614070e+07
2.741999999999999993e+00,1.656880841044656165e+02,-1.241757621846079829e+01,-9.149478692247845402e+01,-1.413431152343750000e+04,1.870432739257812500e+02,2.920366699218750000e+03,2.427715808153152466e-01,4.894565641880035400e-01,8.036936074495315552e-02,1.870909929275512695e-01,-1.656880841044656165e+02,1.241757621846079829e+01,9.149478692247845402e+01,0.000000000000000000e+00,0.000000000000000000e+00,0.000000000000000000e+00,2.427715808153152466e-01,4.894565641880035400e-01,8.036936074495315552e-02,1.870909929275512695e-01,9.308135937500000000e+04,5.720685156250000000e+04,4.475592968750000000e+04,6.761581250000000000e+04,-6.050107570915348083e+07
2.742999999999999883e+00,-1.794972269207733575e+02,-1.259084719151862330e+01,-8.851805828796020137e+01,-1.416700390625000000e+04,1.778392028808593750e+02,2.913276611328125000e+03,2.284686416387557983e-01,4.904810488224029541e-01,7.936575263738632202e-02,1.956442594528198242e-01,1.794972269207733575e+02,1.259084719151862330e+01,8.851805828796020137e+01,0.000000000000000000e+00,0.000000000000000000e+00,0.000000000000000000e+00,2.284686416387557983e-01,4.904810488224029541e-01,7.936575263738632202e-02,1.956442594528198242e-01,9.285539062500000000e+04,5.732018359375000000e+04,4.453233593750000000e+04,6.757546875000000000e+04,-6.054128893970180303e+07
2.744000000000000217e+00,-1.646554975907214953e+02,-1.201643073453239730e+01,-8.560555829186422727e+01,-1.421791894531250000e+04,1.769848632812500000e+02,2.905051757812500000e+03,2.861102819442749023e-01,6.697408109903335571e-02,3.701615333557128906e-01,3.119722306728363037e-01,1.646554975907214953e+02,1.201643073453239730e+01,8.560555829186422727e+01,0.000000000000000000e+00,0.000000000000000000e+00,0.000000000000000000e+00,2.861102819442749023e-01,6.697408109903335571e-02,3.701615333557128906e-01,3.119722306728363037e-01,9.262846875000000000e+04,5.743389062500000000e+04,4.430852734375000000e+04,6.760085937500000000e+04,-6.057587307880671322e+07
2.745000000000000107e+00,-1.498750251716360253e+02,-1.072801076469554715e+01,-8.293212483698708581e+01,-1.425010644531250000e+04,1.756253509521484375e+02,2.922722167968750000e+03,2.785518765449523926e-01,8.267220854759216309e-02,3.741303980350494385e-01,3.185455203056335449e-01,1.498750251716360253e+02,1.072801076469554715e+01,8.293212483698708581e+01,0.000000000000000000e+00,0.000000000000000000e+00,0.000000000000000000e+00,2.785518765449523926e-01,8.267220854759216309e-02,3.741303980350494385e-01,3.185455203056335449e-01,9.272565625000000000e+04,5.720584375000000000e+04,4.441755859375000000e+04,6.771617968750000000e+04,-6.060532842952185869e+07
2.745999999999999996e+00,-1.352454062098312875e+02,-8.827566787402133741e+00,-8.069303416891267489e+01,-1.424619238281250000e+04,1.676858367919921875e+02,2.914762939453125000e+03,2.702335715293884277e-01,1.011794954538345337e-01,3.737474381923675537e-01,3.222150802612304688e-01,1.352454062098312875e+02,8.827566787402133741e+00,8.069303416891267489e+01,0.000000000000000000e+00,0.000000000000000000e+00,0.000000000000000000e+00,2.702335715293884277e-01,1.011794954538345337e-01,3.737474381923675537e-01,3.222150802612304688e-01,9.276241406250000000e+04,5.698228125000000000e+04,4.453184375000000000e+04,6.782759375000000000e+04,-6.063020904112149030e+07
2.746999999999999886e+00,-1.207979757517469039e+02,-6.421745544978929132e+00,-7.898893341640274457e+01,-1.421813769531250000e+04,1.514881591796875000e+02,2.943112548828125000e+03,2.647051811218261719e-01,1.211482807993888855e-01,3.681212365627288818e-01,3.228457570075988770e-01,1.207979757517469039e+02,6.421745544978929132e+00,7.898893341640274457e+01,0.000000000000000000e+00,0.000000000000000000e+00,0.000000000000000000e+00,2.647051811218261719e-01,1.211482807993888855e-01,3.681212365627288818e-01,3.228457570075988770e-01,9.274671093750000000e+04,5.675282812500000000e+04,4.463994921875000000e+04,6.794546093750000000e+04,-6.065108168248531222e+07
2.748000000000000220e+00,-1.064949188165387852e+02,-3.686586098014351887e+00,-7.792977500606822616e+01,-1.420661523437500000e+04,1.308067321777343750e+02,2.936162597656250000e+03,2.585129737854003906e-01,1.434587836265563965e-01,3.562929332256317139e-01,3.200846910476684570e-01,1.064949188165387852e+02,3.686586098014351887e+00,7.792977500606822616e+01,0.000000000000000000e+00,0.000000000000000000e+00,0.000000000000000000e+00,2.585129737854003906e-01,1.434587836265563965e-01,3.562929332256317139e-01,3.200846910476684570e-01,9.268538281250000000e+04,5.652935937500000000e+04,4.475345312500000000e+04,6.805733593750000000e+04,-6.066850949096860737e+07
2.749000000000000110e+00,-9.224809873372801405e+01,-7.591214995564077306e-01,-7.756683087279725441e+01,-1.422959472656250000e+04,1.191304397583007812e+02,2.955036376953125000e+03,2.549927830696105957e-01,1.674908101558685303e-01,3.381658196449279785e-01,3.134588897228240967e-01,9.224809873372801405e+01,7.591214995564077306e-01,7.756683087279725441e+01,0.000000000000000000e+00,0.000000000000000000e+00,0.000000000000000000e+00,2.549927830696105957e-01,1.674908101558685303e-01,3.381658196449279785e-01,3.134588897228240967e-01,9.258625000000000000e+04,5.641121484375000000e+04,4.486235546875000000e+04,6.817292968750000000e+04,-6.068303639220569283e+07
2.750000000000000000e+00,-7.796342478809485499e+01,2.140952531562914984e+00,-7.793265861563965302e+01,-1.427716308593750000e+04,1.173858261108398438e+02,2.928273193359375000e+03,2.502485215663909912e-01,1.949765980243682861e-01,3.130084574222564697e-01,3.019964993000030518e-01,7.796342478809485499e+01,-2.140952531562914984e+00,7.793265861563965302e+01,0.000000000000000000e+00,0.000000000000000000e+00,0.000000000000000000e+00,2.502485215663909912e-01,1.949765980243682861e-01,3.130084574222564697e-01,3.019964993000030518e-01,9.245613281250000000e+04,5.649111328125000000e+04,4.497980859375000000e+04,6.828055468750000000e+04,-6.069519277076702565e+07
2.750999999999999890e+00,-6.358201924662665760e+01,4.867333289088026760e+00,-7.901322323391029556e+01,-1.431221386718750000e+04,1.209799194335937500e+02,2.937079589843750000e+03,2.484969347715377808e-01,2.245562076568603516e-01,2.809624075889587402e-01,2.853837013244628906e-01,6.358201924662665760e+01,-4.867333289088026760e+00,7.901322323391029556e+01,0.000000000000000000e+00,0.000000000000000000e+00,0.000000000000000000e+00,2.484969347715377808e-01,2.245562076568603516e-01,2.809624075889587402e-01,2.853837013244628906e-01,9.230102343750000000e+04,5.660253125000000000e+04,4.509115625000000000e+04,6.839418750000000000e+04,-6.070550222431766242e+07
2.751999999999999780e+00,-4.908444003798272348e+01,7.235075066008991307e+00,-8.073625308390602129e+01,-1.431278613281250000e+04,1.139548645019531250e+02,2.927997314453125000e+03,2.459340691566467285e-01,2.549222111701965332e-01,2.435029745101928711e-01,2.654347717761993408e-01,4.908444003798272348e+01,-7.235075066008991307e+00,8.073625308390602129e+01,0.000000000000000000e+00,0.000000000000000000e+00,0.000000000000000000e+00,2.459340691566467285e-01,2.549222111701965332e-01,2.435029745101928711e-01,2.654347717761993408e-01,9.213399218750000000e+04,5.671685937500000000e+04,4.520499218750000000e+04,6.850496875000000000e+04,-6.071448219544474036e+07
2.753000000000000114e+00,-3.447149585528443083e+01,9.114470729198146159e+00,-8.300595344545972409e+01,-1.428700878906250000e+04,9.578787231445312500e+01,2.935042480468750000e+03,2.462011128664016724e-01,2.831619679927825928e-01,2.033127546310424805e-01,2.444584369659423828e-01,3.447149585528443083e+01,-9.114470729198146159e+00,8.300595344545972409e+01,0.000000000000000000e+00,0.000000000000000000e+00,0.000000000000000000e+00,2.462011128664016724e-01,2.831619679927825928e-01,2.033127546310424805e-01,2.444584369659423828e-01,9.195477343750000000e+04,5.682844531250000000e+04,4.531585546875000000e+04,6.861871875000000000e+04,-6.072264354135530442e+07
2.754000000000000004e+00,-1.974787854596197434e+01,1.038354750136219629e+01,-8.567758368860405938e+01,-1.426802050781250000e+04,7.062737274169921875e+01,2.929580810546875000e+03,2.471252977848052979e-01,3.081473112106323242e-01,1.640056222677230835e-01,2.250188440084457397e-01,1.974787854596197434e+01,-1.038354750136219629e+01,8.567758368860405938e+01,0.000000000000000000e+00,0.000000000000000000e+00,0.000000000000000000e+00,2.471252977848052979e-01,3.081473112106323242e-01,1.640056222677230835e-01,2.250188440084457397e-01,9.178014843750000000e+04,5.694204296875000000e+04,4.542974609375000000e+04,6.873089062500000000e+04,-6.073048198646780103e+07
2.754999999999999893e+00,-4.919261840697363830e+00,1.095962653403609366e+01,-8.859858441221682313e+01,-1.428447851562500000e+04,5.061443328857421875e+01,2.934854248046875000e+03,2.493625879287719727e-01,3.300809562206268311e-01,1.280641257762908936e-01,2.080779373645782471e-01,4.919261840697363830e+00,-1.095962653403609366e+01,8.859858441221682313e+01,0.000000000000000000e+00,0.000000000000000000e+00,0.000000000000000000e+00,2.493625879287719727e-01,3.300809562206268311e-01,1.280641257762908936e-01,2.080779373645782471e-01,9.161747656250000000e+04,5.705376171875000000e+04,4.554170312500000000e+04,6.884485937500000000e+04,-6.073847600817847252e+07
2.755999999999999783e+00,9.978304450324971597e+00,1.079232547452698121e+01,-9.159087034601587618e+01,-1.432969335937500000e+04,3.750767135620117188e+01,2.950735839843750000e+03,2.506176531314849854e-01,3.496311306953430176e-01,9.766191989183425903e-02,1.942813098430633545e-01,-9.978304450324971597e+00,-1.079232547452698121e+01,9.159087034601587618e+01,0.000000000000000000e+00,0.000000000000000000e+00,0.000000000000000000e+00,2.506176531314849854e-01,3.496311306953430176e-01,9.766191989183425903e-02,1.942813098430633545e-01,9.147739062500000000e+04,5.716357812500000000e+04,4.556024609375000000e+04,6.893800000000000000e+04,-6.074708093655806780e+07
2.757000000000000117e+00,2.486516371992667374e+01,9.883065916372494542e+00,-9.444028895532770207e+01,-1.437224414062500000e+04,2.815782928466796875e+01,2.954517578125000000e+03,2.508853375911712646e-01,3.672149181365966797e-01,7.382145524024963379e-02,1.838511526584625244e-01,-2.486516371992667374e+01,-9.883065916372494542e+00,9.444028895532770207e+01,0.000000000000000000e+00,0.000000000000000000e+00,0.000000000000000000e+00,2.508853375911712646e-01,3.672149181365966797e-01,7.382145524024963379e-02,1.838511526584625244e-01,9.134678125000000000e+04,5.727525781250000000e+04,4.533415625000000000e+04,6.892282031250000000e+04,-6.075671585609476268e+07
2.758000000000000007e+00,3.964521174167753514e+01,8.296310625971221597e+00,-9.696178747323691027e+01,-1.437841601562500000e+04,1.285763263702392578e+01,2.960128662109375000e+03,2.523688375949859619e-01,3.836154043674468994e-01,5.651414394378662109e-02,1.762113124132156372e-01,-3.964521174167753514e+01,-8.296310625971221597e+00,9.696178747323691027e+01,0.000000000000000000e+00,0.000000000000000000e+00,0.000000000000000000e+00,2.523688375949859619e-01,3.836154043674468994e-01,5.651414394378662109e-02,1.762113124132156372e-01,9.122249218750000000e+04,5.738646875000000000e+04,4.510850781250000000e+04,6.882916406250000000e+04,-6.076775801590881497e+07
2.758999999999999897e+00,5.425978737911377436e+01,6.158965313596637792e+00,-9.899258388728728164e+01,-1.435585937500000000e+04,-1.359556388854980469e+01,2.944771484375000000e+03,2.556434273719787598e-01,3.985692560672760010e-01,4.617530852556228638e-02,1.716782599687576294e-01,-5.425978737911377436e+01,-6.158965313596637792e+00,9.899258388728728164e+01,0.000000000000000000e+00,0.000000000000000000e+00,0.000000000000000000e+00,2.556434273719787598e-01,3.985692560672760010e-01,4.617530852556228638e-02,1.716782599687576294e-01,9.110732812500000000e+04,5.750104687500000000e+04,4.488629687500000000e+04,6.867589843750000000e+04,-6.078053960495365411e+07
2.759999999999999787e+00,6.872092599823956505e+01,3.591702824849903664e+00,-1.004457749204283346e+02,-1.433443359375000000e+04,-4.727809906005859375e+01,2.954697265625000000e+03,2.626878023147583008e-01,4.128766655921936035e-01,4.223221540451049805e-02,1.693866848945617676e-01,-6.872092599823956505e+01,-3.591702824849903664e+00,1.004457749204283346e+02,0.000000000000000000e+00,0.000000000000000000e+00,0.000000000000000000e+00,2.626878023147583008e-01,4.128766655921936035e-01,4.223221540451049805e-02,1.693866848945617676e-01,9.102366406250000000e+04,5.761132421875000000e+04,4.465945312500000000e+04,6.849592968750000000e+04,-6.079536442465225607e+07
2.761000000000000121e+00,8.310258633903082170e+01,7.673623037116323875e-01,-1.012358284131478428e+02,-1.434847070312500000e+04,-7.854022216796875000e+01,2.939213867187500000e+03,2.693977355957031250e-01,4.258906245231628418e-01,4.489310830831527710e-02,1.700527071952819824e-01,-8.310258633903082170e+01,-7.673623037116323875e-01,1.012358284131478428e+02,0.000000000000000000e+00,0.000000000000000000e+00,0.000000000000000000e+00,2.693977355957031250e-01,4.258906245231628418e-01,4.489310830831527710e-02,1.700527071952819824e-01,9.098706250000000000e+04,5.772581640625000000e+04,4.443635546875000000e+04,6.829875781250000000e+04,-6.081251974630789459e+07
2.762000000000000011e+00,9.749690848207782778e+01,-2.176031731535383429e+00,-1.013191382056698870e+02,-1.439217675781250000e+04,-9.896897888183593750e+01,2.950671386718750000e+03,2.760608792304992676e-01,4.389031231403350830e-01,5.174373090267181396e-02,1.723662465810775757e-01,-9.749690848207782778e+01,2.176031731535383429e+00,1.013191382056698870e+02,0.000000000000000000e+00,0.000000000000000000e+00,0.000000000000000000e+00,2.760608792304992676e-01,4.389031231403350830e-01,5.174373090267181396e-02,1.723662465810775757e-01,9.100450781250000000e+04,5.783584765625000000e+04,4.420977343750000000e+04,6.811577343750000000e+04,-6.083229569635229558e+07
2.762999999999999901e+00,1.119800551284569963e+02,-5.038902754644765558e+00,-1.006808526153826193e+02,-1.443982226562500000e+04,-1.125057830810546875e+02,2.938498535156250000e+03,2.761861085891723633e-01,4.501784145832061768e-01,6.156302243471145630e-02,1.777599751949310303e-01,-1.119800551284569963e+02,5.038902754644765558e+00,1.006808526153826193e+02,0.000000000000000000e+00,0.000000000000000000e+00,0.000000000000000000e+00,2.761861085891723633e-01,4.501784145832061768e-01,6.156302243471145630e-02,1.777599751949310303e-01,9.106364843750000000e+04,5.794991015625000000e+04,4.398699609375000000e+04,6.795039843750000000e+04,-6.085499725372319669e+07
2.763999999999999790e+00,1.265868449347926088e+02,-7.674909767150643880e+00,-9.934140201158386674e+01,-1.445522753906250000e+04,-1.284305267333984375e+02,2.958087646484375000e+03,2.721989154815673828e-01,4.598596990108489990e-01,7.131691277027130127e-02,1.853967010974884033e-01,-1.265868449347926088e+02,7.674909767150643880e+00,9.934140201158386674e+01,0.000000000000000000e+00,0.000000000000000000e+00,0.000000000000000000e+00,2.721989154815673828e-01,4.598596990108489990e-01,7.131691277027130127e-02,1.853967010974884033e-01,9.112854687500000000e+04,5.805879687500000000e+04,4.375837890625000000e+04,6.783532031250000000e+04,-6.088094910142730176e+07
2.765000000000000124e+00,1.413263123255375717e+02,-9.884384971006459963e+00,-9.740262546915171527e+01,-1.444032128906250000e+04,-1.544936065673828125e+02,2.928162597656250000e+03,2.617630362510681152e-01,4.661395847797393799e-01,8.026126772165298462e-02,1.960821747779846191e-01,-1.413263123255375717e+02,9.884384971006459963e+00,9.740262546915171527e+01,0.000000000000000000e+00,0.000000000000000000e+00,0.000000000000000000e+00,2.617630362510681152e-01,4.661395847797393799e-01,8.026126772165298462e-02,1.960821747779846191e-01,9.115460937500000000e+04,5.817609375000000000e+04,4.353787109375000000e+04,6.777313281250000000e+04,-6.091050720049737394e+07
2.766000000000000014e+00,1.562026434052328909e+02,-1.155158923066887411e+01,-9.496602002591581027e+01,-1.441995605468750000e+04,-1.842842407226562500e+02,2.919231445312500000e+03,2.515753805637359619e-01,4.705542325973510742e-01,8.617799729108810425e-02,2.074920982122421265e-01,-1.562026434052328909e+02,1.155158923066887411e+01,9.496602002591581027e+01,0.000000000000000000e+00,0.000000000000000000e+00,0.000000000000000000e+00,2.515753805637359619e-01,4.705542325973510742e-01,8.617799729108810425e-02,2.074920982122421265e-01,9.111035937500000000e+04,5.829003906250000000e+04,4.331476953125000000e+04,6.779708593750000000e+04,-6.094405845047747344e+07
2.766999999999999904e+00,1.712133062471710616e+02,-1.255856294834922693e+01,-9.220836801894564871e+01,-1.443155664062500000e+04,-2.103432006835937500e+02,2.878608154296875000e+03,2.385468482971191406e-01,4.727362394332885742e-01,8.948528766632080078e-02,2.187221944332122803e-01,-1.712133062471710616e+02,1.255856294834922693e+01,9.220836801894564871e+01,0.000000000000000000e+00,0.000000000000000000e+00,0.000000000000000000e+00,2.385468482971191406e-01,4.727362394332885742e-01,8.948528766632080078e-02,2.187221944332122803e-01,9.098807031250000000e+04,5.840941015625000000e+04,4.309662890625000000e+04,6.790114062500000000e+04,-6.098203254734960943e+07
2.767999999999999794e+00,-1.736623454517630023e+02,-1.284412091802175127e+01,-8.926694172658137916e+01,-1.447442480468750000e+04,-2.247056121826171875e+02,2.882542724609375000e+03,2.263728678226470947e-01,4.742501676082611084e-01,8.937112241983413696e-02,2.276059091091156006e-01,1.736623454517630023e+02,1.284412091802175127e+01,8.926694172658137916e+01,0.000000000000000000e+00,0.000000000000000000e+00,0.000000000000000000e+00,2.263728678226470947e-01,4.742501676082611084e-01,8.937112241983413696e-02,2.276059091091156006e-01,9.078250781250000000e+04,5.852146875000000000e+04,4.287028906250000000e+04,6.801472656250000000e+04,-6.102032471590478718e+07
2.769000000000000128e+00,-1.585056343336630675e+02,-1.238397580471104042e+01,-8.637715759100852608e+01,-1.452248828125000000e+04,-2.322929687500000000e+02,2.855539306640625000e+03,2.842500805854797363e-01,4.323887079954147339e-02,3.811655342578887939e-01,3.367553055286407471e-01,1.585056343336630675e+02,1.238397580471104042e+01,8.637715759100852608e+01,0.000000000000000000e+00,0.000000000000000000e+00,0.000000000000000000e+00,2.842500805854797363e-01,4.323887079954147339e-02,3.811655342578887939e-01,3.367553055286407471e-01,9.055265625000000000e+04,5.863879296875000000e+04,4.264986328125000000e+04,6.812341406250000000e+04,-6.105306312823053449e+07
2.770000000000000018e+00,-1.434150300881512692e+02,-1.120042742427080640e+01,-8.369700381286936874e+01,-1.453969531250000000e+04,-2.396252441406250000e+02,2.875908447265625000e+03,2.777634263038635254e-01,5.736099183559417725e-02,3.848659396171569824e-01,3.449945747852325439e-01,1.434150300881512692e+02,1.120042742427080640e+01,8.369700381286936874e+01,0.000000000000000000e+00,0.000000000000000000e+00,0.000000000000000000e+00,2.777634263038635254e-01,5.736099183559417725e-02,3.848659396171569824e-01,3.449945747852325439e-01,9.066892187500000000e+04,5.841066406250000000e+04,4.275938281250000000e+04,6.823960937500000000e+04,-6.108076163710745424e+07
2.770999999999999908e+00,-1.284816506898140744e+02,-9.401356301145787242e+00,-8.143492782737449431e+01,-1.452576074218750000e+04,-2.553866882324218750e+02,2.858037597656250000e+03,2.692431211471557617e-01,7.478841394186019897e-02,3.840844035148620605e-01,3.501535952091217041e-01,1.284816506898140744e+02,9.401356301145787242e+00,8.143492782737449431e+01,0.000000000000000000e+00,0.000000000000000000e+00,0.000000000000000000e+00,2.692431211471557617e-01,7.478841394186019897e-02,3.840844035148620605e-01,3.501535952091217041e-01,9.074710937500000000e+04,5.818898046875000000e+04,4.287475390625000000e+04,6.834883593750000000e+04,-6.110398920464198291e+07
2.771999999999999797e+00,-1.137260346245282534e+02,-7.105410010585846869e+00,-7.971288277012244805e+01,-1.450533691406250000e+04,-2.740548095703125000e+02,2.853769775390625000e+03,2.642446756362915039e-01,9.350095689296722412e-02,3.784306049346923828e-01,3.527885973453521729e-01,1.137260346245282534e+02,7.105410010585846869e+00,7.971288277012244805e+01,0.000000000000000000e+00,0.000000000000000000e+00,0.000000000000000000e+00,2.642446756362915039e-01,9.350095689296722412e-02,3.784306049346923828e-01,3.527885973453521729e-01,9.076607031250000000e+04,5.796508593750000000e+04,4.298752734375000000e+04,6.846021875000000000e+04,-6.112332744612434506e+07
2.773000000000000131e+00,-9.910097927567905174e+01,-4.507463758281307520e+00,-7.864244472000552832e+01,-1.451382226562500000e+04,-2.883306884765625000e+02,2.800428955078125000e+03,2.594667673110961914e-01,1.150591969490051270e-01,3.667872846126556396e-01,3.517702221870422363e-01,9.910097927567905174e+01,4.507463758281307520e+00,7.864244472000552832e+01,0.000000000000000000e+00,0.000000000000000000e+00,0.000000000000000000e+00,2.594667673110961914e-01,1.150591969490051270e-01,3.667872846126556396e-01,3.517702221870422363e-01,9.074050781250000000e+04,5.774939062500000000e+04,4.310946875000000000e+04,6.856356250000000000e+04,-6.113935340155881643e+07
2.774000000000000021e+00,-8.452252662258769078e+01,-1.736359724390855286e+00,-7.826743613199015215e+01,-1.455513183593750000e+04,-2.874611206054687500e+02,2.789044921875000000e+03,2.582216858863830566e-01,1.393724083900451660e-01,3.487502634525299072e-01,3.464762270450592041e-01,8.452252662258769078e+01,1.736359724390855286e+00,7.826743613199015215e+01,0.000000000000000000e+00,0.000000000000000000e+00,0.000000000000000000e+00,2.582216858863830566e-01,1.393724083900451660e-01,3.487502634525299072e-01,3.464762270450592041e-01,9.068875781250000000e+04,5.752669921875000000e+04,4.322410937500000000e+04,6.867406250000000000e+04,-6.115262626556924731e+07
2.774999999999999911e+00,-6.991716452638107171e+01,1.011888826952572096e+00,-7.860623059991894479e+01,-1.460465917968750000e+04,-2.782728271484375000e+02,2.762582763671875000e+03,2.546976506710052490e-01,1.686055958271026611e-01,3.232013583183288574e-01,3.355201482772827148e-01,6.991716452638107171e+01,-1.011888826952572096e+00,7.860623059991894479e+01,0.000000000000000000e+00,0.000000000000000000e+00,0.000000000000000000e+00,2.546976506710052490e-01,1.686055958271026611e-01,3.232013583183288574e-01,3.355201482772827148e-01,9.062657031250000000e+04,5.736030078125000000e+04,4.334048046875000000e+04,6.878250000000000000e+04,-6.116369463887277991e+07
2.775999999999999801e+00,-5.524874735440858586e+01,3.587446960386750483e+00,-7.964311659496496532e+01,-1.462393847656250000e+04,-2.668837280273437500e+02,2.770826416015625000e+03,2.528863847255706787e-01,2.004520893096923828e-01,2.904144227504730225e-01,3.195558190345764160e-01,5.524874735440858586e+01,-3.587446960386750483e+00,7.964311659496496532e+01,0.000000000000000000e+00,0.000000000000000000e+00,0.000000000000000000e+00,2.528863847255706787e-01,2.004520893096923828e-01,2.904144227504730225e-01,3.195558190345764160e-01,9.054653125000000000e+04,5.742060937500000000e+04,4.345174218750000000e+04,6.889707031250000000e+04,-6.117310295875366032e+07
2.777000000000000135e+00,-4.050180180194609392e+01,5.800585464719169693e+00,-8.129276787573584784e+01,-1.460908886718750000e+04,-2.655731811523437500e+02,2.751648437500000000e+03,2.505642771720886230e-01,2.330975234508514404e-01,2.520625591278076172e-01,3.001241981983184814e-01,4.050180180194609392e+01,-5.800585464719169693e+00,8.129276787573584784e+01,0.000000000000000000e+00,0.000000000000000000e+00,0.000000000000000000e+00,2.505642771720886230e-01,2.330975234508514404e-01,2.520625591278076172e-01,3.001241981983184814e-01,9.045068750000000000e+04,5.753669531250000000e+04,4.356789062500000000e+04,6.900666406250000000e+04,-6.118138551560349762e+07
2.778000000000000025e+00,-2.566046673850708615e+01,7.526282083197040507e+00,-8.346193726950126290e+01,-1.458675097656250000e+04,-2.704798583984375000e+02,2.754586914062500000e+03,2.517926692962646484e-01,2.635119557380676270e-01,2.109296470880508423e-01,2.795796692371368408e-01,2.566046673850708615e+01,-7.526282083197040507e+00,8.346193726950126290e+01,0.000000000000000000e+00,0.000000000000000000e+00,0.000000000000000000e+00,2.517926692962646484e-01,2.635119557380676270e-01,2.109296470880508423e-01,2.795796692371368408e-01,9.034412500000000000e+04,5.764904687500000000e+04,4.367993359375000000e+04,6.911932812500000000e+04,-6.118906651505150646e+07
2.778999999999999915e+00,-1.071072374325497201e+01,8.632618878629230608e+00,-8.597313977507067762e+01,-1.459398828125000000e+04,-2.756843261718750000e+02,2.714679931640625000e+03,2.528221607208251953e-01,2.908915877342224121e-01,1.710321456193923950e-01,2.601989507675170898e-01,1.071072374325497201e+01,-8.632618878629230608e+00,8.597313977507067762e+01,0.000000000000000000e+00,0.000000000000000000e+00,0.000000000000000000e+00,2.528221607208251953e-01,2.908915877342224121e-01,1.710321456193923950e-01,2.601989507675170898e-01,9.024176562500000000e+04,5.776848437500000000e+04,4.379850000000000000e+04,6.922478906250000000e+04,-6.119664713752609491e+07
2.779999999999999805e+00,4.342164922696057694e+00,9.049588585997467405e+00,-8.867177351284070141e+01,-1.463533691406250000e+04,-2.688573608398437500e+02,2.692930175781250000e+03,2.565730810165405273e-01,3.157449066638946533e-01,1.342832744121551514e-01,2.424424886703491211e-01,-4.342164922696057694e+00,-9.049588585997467405e+00,8.867177351284070141e+01,0.000000000000000000e+00,0.000000000000000000e+00,0.000000000000000000e+00,2.565730810165405273e-01,3.157449066638946533e-01,1.342832744121551514e-01,2.424424886703491211e-01,9.015220312500000000e+04,5.788485156250000000e+04,4.391509765625000000e+04,6.933342968750000000e+04,-6.120461057039380074e+07
2.781000000000000139e+00,1.944601489593303612e+01,8.750155811447346110e+00,-9.135471168461236857e+01,-1.468604785156250000e+04,-2.540487365722656250e+02,2.662710205078125000e+03,2.588295638561248779e-01,3.385668694972991943e-01,1.035089418292045593e-01,2.271985411643981934e-01,-1.944601489593303612e+01,-8.750155811447346110e+00,9.135471168461236857e+01,0.000000000000000000e+00,0.000000000000000000e+00,0.000000000000000000e+00,2.588295638561248779e-01,3.385668694972991943e-01,1.035089418292045593e-01,2.271985411643981934e-01,9.009031250000000000e+04,5.800258203125000000e+04,4.402964843750000000e+04,6.944091406250000000e+04,-6.121341096646283567e+07
2.782000000000000028e+00,3.451822799569260525e+01,7.748472415519715994e+00,-9.387450953918204277e+01,-1.470790234375000000e+04,-2.396031341552734375e+02,2.684074951171875000e+03,2.618452608585357666e-01,3.597306013107299805e-01,7.924255728721618652e-02,2.144924700260162354e-01,-3.451822799569260525e+01,-7.748472415519715994e+00,9.387450953918204277e+01,0.000000000000000000e+00,0.000000000000000000e+00,0.000000000000000000e+00,2.618452608585357666e-01,3.597306013107299805e-01,7.924255728721618652e-02,2.144924700260162354e-01,9.005455468750000000e+04,5.811166015625000000e+04,4.388474609375000000e+04,6.955753906250000000e+04,-6.122347493689279258e+07
2.782999999999999918e+00,4.947599930776277688e+01,6.132171376120010287e+00,-9.603789016333440998e+01,-1.469360644531250000e+04,-2.365342559814453125e+02,2.684727294921875000e+03,2.630325555801391602e-01,3.783005774021148682e-01,6.319070607423782349e-02,2.055276632308959961e-01,-4.947599930776277688e+01,-6.132171376120010287e+00,9.603789016333440998e+01,0.000000000000000000e+00,0.000000000000000000e+00,0.000000000000000000e+00,2.630325555801391602e-01,3.783005774021148682e-01,6.319070607423782349e-02,2.055276632308959961e-01,9.003778906250000000e+04,5.822410937500000000e+04,4.365911718750000000e+04,6.967074218750000000e+04,-6.123518369127310812e+07
2.783999999999999808e+00,6.429564586911504875e+01,4.009510737092020882e+00,-9.771385415125664053e+01,-1.466875878906250000e+04,-2.394504089355468750e+02,2.697205566406250000e+03,2.680452167987823486e-01,3.953962028026580811e-01,5.396837741136550903e-02,1.991825103759765625e-01,-6.429564586911504875e+01,-4.009510737092020882e+00,9.771385415125664053e+01,0.000000000000000000e+00,0.000000000000000000e+00,0.000000000000000000e+00,2.680452167987823486e-01,3.953962028026580811e-01,5.396837741136550903e-02,1.991825103759765625e-01,9.003177343750000000e+04,5.833450390625000000e+04,4.343246093750000000e+04,6.972466406250000000e+04,-6.124888169482027739e+07
2.785000000000000142e+00,7.902249881659925279e+01,1.552477259504424278e+00,-9.878359589189018664e+01,-1.467226269531250000e+04,-2.418131103515625000e+02,2.675707763671875000e+03,2.741633057594299316e-01,4.113363921642303467e-01,5.174177512526512146e-02,1.952320933341979980e-01,-7.902249881659925279e+01,-1.552477259504424278e+00,9.878359589189018664e+01,0.000000000000000000e+00,0.000000000000000000e+00,0.000000000000000000e+00,2.741633057594299316e-01,4.113363921642303467e-01,5.174177512526512146e-02,1.952320933341979980e-01,9.005593750000000000e+04,5.845046093750000000e+04,4.321115234375000000e+04,6.972369531250000000e+04,-6.126488685914246738e+07
2.786000000000000032e+00,9.373961846142881882e+01,-1.094256939285787267e+00,-9.918464829274385863e+01,-1.471283789062500000e+04,-2.338655395507812500e+02,2.674101318359375000e+03,2.821101546287536621e-01,4.272167682647705078e-01,5.450654774904251099e-02,1.926855742931365967e-01,-9.373961846142881882e+01,1.094256939285787267e+00,9.918464829274385863e+01,0.000000000000000000e+00,0.000000000000000000e+00,0.000000000000000000e+00,2.821101546287536621e-01,4.272167682647705078e-01,5.450654774904251099e-02,1.926855742931365967e-01,9.012601562500000000e+04,5.856301171875000000e+04,4.298573828125000000e+04,6.969642187500000000e+04,-6.128351276706696302e+07
2.786999999999999922e+00,1.085191872765485357e+02,-3.730065567734305088e+00,-9.888711034748060058e+01,-1.476440332031250000e+04,-2.176674804687500000e+02,2.650951416015625000e+03,2.846412658691406250e-01,4.416846632957458496e-01,6.111115962266921997e-02,1.927828639745712280e-01,-1.085191872765485357e+02,3.730065567734305088e+00,9.888711034748060058e+01,0.000000000000000000e+00,0.000000000000000000e+00,0.000000000000000000e+00,2.846412658691406250e-01,4.416846632957458496e-01,6.111115962266921997e-02,1.927828639745712280e-01,9.023462500000000000e+04,5.867906640625000000e+04,4.276462500000000000e+04,6.964714062500000000e+04,-6.130508175505614281e+07
2.787999999999999812e+00,1.233952963361404187e+02,-6.209963770977319442e+00,-9.789710065918028192e+01,-1.478764453125000000e+04,-1.991187133789062500e+02,2.668808349609375000e+03,2.829641699790954590e-01,4.543529152870178223e-01,6.853386014699935913e-02,1.953557729721069336e-01,-1.233952963361404187e+02,6.209963770977319442e+00,9.789710065918028192e+01,0.000000000000000000e+00,0.000000000000000000e+00,0.000000000000000000e+00,2.829641699790954590e-01,4.543529152870178223e-01,6.853386014699935913e-02,1.953557729721069336e-01,9.034995312500000000e+04,5.878820312500000000e+04,4.253695312500000000e+04,6.960711718750000000e+04,-6.132993056018153578e+07
2.789000000000000146e+00,1.383768402224096121e+02,-8.354499566066664329e+00,-9.628073926161191309e+01,-1.477391503906250000e+04,-1.919491424560546875e+02,2.678135009765625000e+03,2.734602093696594238e-01,4.634975790977478027e-01,7.575502246618270874e-02,2.011613845825195312e-01,-1.383768402224096121e+02,8.354499566066664329e+00,9.628073926161191309e+01,0.000000000000000000e+00,0.000000000000000000e+00,0.000000000000000000e+00,2.734602093696594238e-01,4.634975790977478027e-01,7.575502246618270874e-02,2.011613845825195312e-01,9.046399218750000000e+04,5.889869140625000000e+04,4.231018359375000000e+04,6.958630468750000000e+04,-6.135841848850723356e+07
2.790000000000000036e+00,1.534728311315825806e+02,-1.002123250764826246e+01,-9.413159248252391365e+01,-1.475003417968750000e+04,-1.922147827148437500e+02,2.698535644531250000e+03,2.613917589187622070e-01,4.695271551609039307e-01,8.114426583051681519e-02,2.091645300388336182e-01,-1.534728311315825806e+02,1.002123250764826246e+01,9.413159248252391365e+01,0.000000000000000000e+00,0.000000000000000000e+00,0.000000000000000000e+00,2.613917589187622070e-01,4.695271551609039307e-01,8.114426583051681519e-02,2.091645300388336182e-01,9.052308593750000000e+04,5.900727734375000000e+04,4.208119531250000000e+04,6.961092968750000000e+04,-6.139093358020704240e+07
2.790999999999999925e+00,1.686872618506835693e+02,-1.106899752230627065e+01,-9.162274052032249472e+01,-1.475250488281250000e+04,-1.917671356201171875e+02,2.680330078125000000e+03,2.468188107013702393e-01,4.730891883373260498e-01,8.426594734191894531e-02,2.176868617534637451e-01,-1.686872618506835693e+02,1.106899752230627065e+01,9.162274052032249472e+01,0.000000000000000000e+00,0.000000000000000000e+00,0.000000000000000000e+00,2.468188107013702393e-01,4.730891883373260498e-01,8.426594734191894531e-02,2.176868617534637451e-01,9.048897656250000000e+04,5.912226171875000000e+04,4.185965234375000000e+04,6.968803906250000000e+04,-6.142790622180432826e+07
2.791999999999999815e+00,-1.759911900933791173e+02,-1.141841454486416474e+01,-8.891654156575809509e+01,-1.479109765625000000e+04,-1.800778350830078125e+02,2.678545898437500000e+03,2.335585057735443115e-01,4.756724834442138672e-01,8.427400887012481689e-02,2.245144397020339966e-01,1.759911900933791173e+02,1.141841454486416474e+01,8.891654156575809509e+01,0.000000000000000000e+00,0.000000000000000000e+00,0.000000000000000000e+00,2.335585057735443115e-01,4.756724834442138672e-01,8.427400887012481689e-02,2.245144397020339966e-01,9.035349218750000000e+04,5.923447656250000000e+04,4.163500781250000000e+04,6.979992187500000000e+04,-6.146691565234954655e+07
2.793000000000000149e+00,-1.606249232077470879e+02,-1.103887604050433424e+01,-8.623085200305604303e+01,-1.484053222656250000e+04,-1.626959075927734375e+02,2.663964355468750000e+03,2.922023236751556396e-01,4.393586516380310059e-02,3.817152380943298340e-01,3.326100409030914307e-01,1.606249232077470879e+02,1.103887604050433424e+01,8.623085200305604303e+01,0.000000000000000000e+00,0.000000000000000000e+00,0.000000000000000000e+00,2.922023236751556396e-01,4.393586516380310059e-02,3.817152380943298340e-01,3.326100409030914307e-01,9.012600000000000000e+04,5.934880078125000000e+04,4.141166796875000000e+04,6.990985156250000000e+04,-6.150027363492645323e+07
2.794000000000000039e+00,-1.453080966604308060e+02,-9.952998219474341823e+00,-8.374250970460541055e+01,-1.486074316406250000e+04,-1.453948364257812500e+02,2.680382324218750000e+03,2.850208878517150879e-01,6.077423691749572754e-02,3.847861886024475098e-01,3.388905823230743408e-01,1.453080966604308060e+02,9.952998219474341823e+00,8.374250970460541055e+01,0.000000000000000000e+00,0.000000000000000000e+00,0.000000000000000000e+00,2.850208878517150879e-01,6.077423691749572754e-02,3.847861886024475098e-01,3.388905823230743408e-01,9.024094531250000000e+04,5.912029687500000000e+04,4.152192187500000000e+04,7.002543750000000000e+04,-6.152849994798671454e+07
2.794999999999999929e+00,-1.301295645221767927e+02,-8.247376190253666195e+00,-8.163654407186301398e+01,-1.484265136718750000e+04,-1.376665344238281250e+02,2.693435302734375000e+03,2.766484618186950684e-01,8.082142472267150879e-02,3.834080696105957031e-01,3.419912159442901611e-01,1.301295645221767927e+02,8.247376190253666195e+00,8.163654407186301398e+01,0.000000000000000000e+00,0.000000000000000000e+00,0.000000000000000000e+00,2.766484618186950684e-01,8.082142472267150879e-02,3.834080696105957031e-01,3.419912159442901611e-01,9.035571875000000000e+04,5.889234765625000000e+04,4.163255078125000000e+04,7.014082812500000000e+04,-6.155216619609146565e+07
2.795999999999999819e+00,-1.151136052474147817e+02,-6.039356875285441184e+00,-8.004861607169875981e+01,-1.481567871093750000e+04,-1.372721099853515625e+02,2.716588378906250000e+03,2.697687447071075439e-01,1.027868539094924927e-01,3.766400218009948730e-01,3.421289920806884766e-01,1.151136052474147817e+02,6.039356875285441184e+00,8.004861607169875981e+01,0.000000000000000000e+00,0.000000000000000000e+00,0.000000000000000000e+00,2.697687447071075439e-01,1.027868539094924927e-01,3.766400218009948730e-01,3.421289920806884766e-01,9.044016406250000000e+04,5.866271093750000000e+04,4.174066796875000000e+04,7.025728906250000000e+04,-6.157186159297098219e+07
2.797000000000000153e+00,-1.002159391115178551e+02,-3.511734790811112283e+00,-7.909944021104942635e+01,-1.481588476562500000e+04,-1.347491760253906250e+02,2.702959716796875000e+03,2.632970213890075684e-01,1.272533535957336426e-01,3.636871576309204102e-01,3.387140035629272461e-01,1.002159391115178551e+02,3.511734790811112283e+00,7.909944021104942635e+01,0.000000000000000000e+00,0.000000000000000000e+00,0.000000000000000000e+00,2.632970213890075684e-01,1.272533535957336426e-01,3.636871576309204102e-01,3.387140035629272461e-01,9.046840625000000000e+04,5.843923046875000000e+04,4.185564453125000000e+04,7.036707812500000000e+04,-6.158817388114592433e+07
2.798000000000000043e+00,-8.535182350666754303e+01,-8.346027897826191477e-01,-7.885037906566152799e+01,-1.485194042968750000e+04,-1.189185104370117188e+02,2.693591064453125000e+03,2.594951093196868896e-01,1.544248461723327637e-01,3.439573645591735840e-01,3.309276103973388672e-01,8.535182350666754303e+01,8.346027897826191477e-01,7.885037906566152799e+01,0.000000000000000000e+00,0.000000000000000000e+00,0.000000000000000000e+00,2.594951093196868896e-01,1.544248461723327637e-01,3.439573645591735840e-01,3.309276103973388672e-01,9.045024218750000000e+04,5.821509375000000000e+04,4.197010937500000000e+04,7.047770312500000000e+04,-6.160167689376245439e+07
2.798999999999999932e+00,-7.044869637051327516e+01,1.801691718048398672e+00,-7.931826498482617183e+01,-1.489646093750000000e+04,-9.534996032714843750e+01,2.683352539062500000e+03,2.555832266807556152e-01,1.856832802295684814e-01,3.167182505130767822e-01,3.176055848598480225e-01,7.044869637051327516e+01,-1.801691718048398672e+00,7.931826498482617183e+01,0.000000000000000000e+00,0.000000000000000000e+00,0.000000000000000000e+00,2.555832266807556152e-01,1.856832802295684814e-01,3.167182505130767822e-01,3.176055848598480225e-01,9.040580468750000000e+04,5.814718359375000000e+04,4.208412109375000000e+04,7.058839062500000000e+04,-6.161293454583600909e+07
2.799999999999999822e+00,-5.547329604953126392e+01,4.222990868050327862e+00,-8.047455404502051124e+01,-1.491189648437500000e+04,-7.232492065429687500e+01,2.689113525390625000e+03,2.524563074111938477e-01,2.193403840065002441e-01,2.823652625083923340e-01,2.994370460510253906e-01,5.547329604953126392e+01,-4.222990868050327862e+00,8.047455404502051124e+01,0.000000000000000000e+00,0.000000000000000000e+00,0.000000000000000000e+00,2.524563074111938477e-01,2.193403840065002441e-01,2.823652625083923340e-01,2.994370460510253906e-01,9.033648437500000000e+04,5.825836328125000000e+04,4.219535937500000000e+04,7.070232031250000000e+04,-6.162250581991122663e+07
2.801000000000000156e+00,-4.042172193037989558e+01,6.256274684573931211e+00,-8.223356296415555278e+01,-1.488817773437500000e+04,-6.124984741210937500e+01,2.690567138671875000e+03,2.500459551811218262e-01,2.529889941215515137e-01,2.429170161485671997e-01,2.783223986625671387e-01,4.042172193037989558e+01,-6.256274684573931211e+00,8.223356296415555278e+01,0.000000000000000000e+00,0.000000000000000000e+00,0.000000000000000000e+00,2.500459551811218262e-01,2.529889941215515137e-01,2.429170161485671997e-01,2.783223986625671387e-01,9.024627343750000000e+04,5.837040234375000000e+04,4.230816406250000000e+04,7.081571875000000000e+04,-6.163094123536575586e+07
2.802000000000000046e+00,-2.528775469584789448e+01,7.761928926793706829e+00,-8.447446607723541945e+01,-1.485773632812500000e+04,-5.816199874877929688e+01,2.692721923828125000e+03,2.499614059925079346e-01,2.838613986968994141e-01,2.016538828611373901e-01,2.569804191589355469e-01,2.528775469584789448e+01,-7.761928926793706829e+00,8.447446607723541945e+01,0.000000000000000000e+00,0.000000000000000000e+00,0.000000000000000000e+00,2.499614059925079346e-01,2.838613986968994141e-01,2.016538828611373901e-01,2.569804191589355469e-01,9.014030468750000000e+04,5.848246875000000000e+04,4.242045312500000000e+04,7.092842968750000000e+04,-6.163877688886301219e+07
2.802999999999999936e+00,-1.006527379967883817e+01,8.622277672426534423e+00,-8.701975321497430116e+01,-1.485705371093750000e+04,-5.476754760742187500e+01,2.669054687500000000e+03,2.510211169719696045e-01,3.113332688808441162e-01,1.621720343828201294e-01,2.372756600379943848e-01,1.006527379967883817e+01,-8.622277672426534423e+00,8.701975321497430116e+01,0.000000000000000000e+00,0.000000000000000000e+00,0.000000000000000000e+00,2.510211169719696045e-01,3.113332688808441162e-01,1.621720343828201294e-01,2.372756600379943848e-01,9.003260156250000000e+04,5.859896875000000000e+04,4.253626953125000000e+04,7.103654687500000000e+04,-6.164652497972153127e+07
2.803999999999999826e+00,5.232114868040433464e+00,8.772636278977001822e+00,-8.967833717250060488e+01,-1.489267578125000000e+04,-3.949953079223632812e+01,2.639428466796875000e+03,2.536680102348327637e-01,3.360761404037475586e-01,1.267639994621276855e-01,2.197977006435394287e-01,-5.232114868040433464e+00,-8.772636278977001822e+00,8.967833717250060488e+01,0.000000000000000000e+00,0.000000000000000000e+00,0.000000000000000000e+00,2.536680102348327637e-01,3.360761404037475586e-01,1.267639994621276855e-01,2.197977006435394287e-01,8.993338281250000000e+04,5.871658203125000000e+04,4.265418359375000000e+04,7.114386718750000000e+04,-6.165467151805283129e+07
2.805000000000000160e+00,2.055043229874583943e+01,8.204533847533861390e+00,-9.226015210861856986e+01,-1.493454687500000000e+04,-1.605594635009765625e+01,2.623324707031250000e+03,2.562685012817382812e-01,3.590342700481414795e-01,9.732478111982345581e-02,2.046936303377151489e-01,-2.055043229874583943e+01,-8.204533847533861390e+00,9.226015210861856986e+01,0.000000000000000000e+00,0.000000000000000000e+00,0.000000000000000000e+00,2.562685012817382812e-01,3.590342700481414795e-01,9.732478111982345581e-02,2.046936303377151489e-01,8.985848437500000000e+04,5.883203515625000000e+04,4.273615625000000000e+04,7.125381250000000000e+04,-6.166367308836326003e+07
2.806000000000000050e+00,3.580744142877247072e+01,6.958264389860288723e+00,-9.459679156321890048e+01,-1.494604101562500000e+04,4.618112087249755859e+00,2.637640625000000000e+03,2.584622800350189209e-01,3.801092505455017090e-01,7.513149827718734741e-02,1.925012469291687012e-01,-3.580744142877247072e+01,-6.958264389860288723e+00,9.459679156321890048e+01,0.000000000000000000e+00,0.000000000000000000e+00,0.000000000000000000e+00,2.584622800350189209e-01,3.801092505455017090e-01,7.513149827718734741e-02,1.925012469291687012e-01,8.980838281250000000e+04,5.894249218750000000e+04,4.257227734375000000e+04,7.126532812500000000e+04,-6.167395223164230585e+07
2.806999999999999940e+00,5.093199929396706693e+01,5.140287029557719656e+00,-9.651227644386248983e+01,-1.492002441406250000e+04,1.337128448486328125e+01,2.640490478515625000e+03,2.605995833873748779e-01,3.988821208477020264e-01,6.086504459381103516e-02,1.837297528982162476e-01,-5.093199929396706693e+01,-5.140287029557719656e+00,9.651227644386248983e+01,0.000000000000000000e+00,0.000000000000000000e+00,0.000000000000000000e+00,2.605995833873748779e-01,3.988821208477020264e-01,6.086504459381103516e-02,1.837297528982162476e-01,8.977392187500000000e+04,5.905492968750000000e+04,4.234657812500000000e+04,7.118228125000000000e+04,-6.168588734224951267e+07
2.807999999999999829e+00,6.591828239844802795e+01,2.895505326716728778e+00,-9.787589596303226358e+01,-1.488810937500000000e+04,1.641829872131347656e+01,2.632070800781250000e+03,2.662289142608642578e-01,4.161548316478729248e-01,5.356908962130546570e-02,1.775800734758377075e-01,-6.591828239844802795e+01,-2.895505326716728778e+00,9.787589596303226358e+01,0.000000000000000000e+00,0.000000000000000000e+00,0.000000000000000000e+00,2.662289142608642578e-01,4.161548316478729248e-01,5.356908962130546570e-02,1.775800734758377075e-01,8.975301562500000000e+04,5.916928906250000000e+04,4.212333984375000000e+04,7.103197656250000000e+04,-6.169982063716553897e+07
2.809000000000000163e+00,8.082861487834883008e+01,3.986600307793874975e-01,-9.859930534445231842e+01,-1.488698046875000000e+04,2.154635047912597656e+01,2.606671386718750000e+03,2.742046415805816650e-01,4.326221346855163574e-01,5.245095863938331604e-02,1.733408719301223755e-01,-8.082861487834883008e+01,-3.986600307793874975e-01,9.859930534445231842e+01,0.000000000000000000e+00,0.000000000000000000e+00,0.000000000000000000e+00,2.742046415805816650e-01,4.326221346855163574e-01,5.245095863938331604e-02,1.733408719301223755e-01,8.977046875000000000e+04,5.928651171875000000e+04,4.190247265625000000e+04,7.083547656250000000e+04,-6.171607588409291953e+07
2.810000000000000053e+00,9.575453748240933294e+01,-2.185564878073436912e+00,-9.863794717271252921e+01,-1.492399414062500000e+04,3.853142547607421875e+01,2.591548095703125000e+03,2.817051112651824951e-01,4.482813775539398193e-01,5.581483617424964905e-02,1.710699349641799927e-01,-9.575453748240933294e+01,2.185564878073436912e+00,9.863794717271252921e+01,0.000000000000000000e+00,0.000000000000000000e+00,0.000000000000000000e+00,2.817051112651824951e-01,4.482813775539398193e-01,5.581483617424964905e-02,1.710699349641799927e-01,8.984505468750000000e+04,5.940204687500000000e+04,4.167931640625000000e+04,7.061298437500000000e+04,-6.173497903685767204e+07
2.810999999999999943e+00,1.107616483507959941e+02,-4.676793507861424004e+00,-9.798459611517323253e+01,-1.496547167968750000e+04,6.370759582519531250e+01,2.581722656250000000e+03,2.833816409111022949e-01,4.620552361011505127e-01,6.177735328674316406e-02,1.715335696935653687e-01,-1.107616483507959941e+02,4.676793507861424004e+00,9.798459611517323253e+01,0.000000000000000000e+00,0.000000000000000000e+00,0.000000000000000000e+00,2.833816409111022949e-01,4.620552361011505127e-01,6.177735328674316406e-02,1.715335696935653687e-01,8.995610937500000000e+04,5.951671484375000000e+04,4.145637890625000000e+04,7.038673437500000000e+04,-6.175687003307642788e+07
2.811999999999999833e+00,1.258729619312332488e+02,-6.919914978740144385e+00,-9.667087005241005215e+01,-1.497599707031250000e+04,8.693300628662109375e+01,2.602036132812500000e+03,2.788494229316711426e-01,4.730776846408843994e-01,6.800227612257003784e-02,1.749300956726074219e-01,-1.258729619312332488e+02,6.919914978740144385e+00,9.667087005241005215e+01,0.000000000000000000e+00,0.000000000000000000e+00,0.000000000000000000e+00,2.788494229316711426e-01,4.730776846408843994e-01,6.800227612257003784e-02,1.749300956726074219e-01,9.007161718750000000e+04,5.962637109375000000e+04,4.122808593750000000e+04,7.016753125000000000e+04,-6.178210717796177417e+07
2.813000000000000167e+00,1.410828876410560042e+02,-8.741092428041151052e+00,-9.479335011934648492e+01,-1.495150292968750000e+04,9.703375244140625000e+01,2.608674560546875000e+03,2.679697871208190918e-01,4.805238544940948486e-01,7.334690541028976440e-02,1.812756508588790894e-01,-1.410828876410560042e+02,8.741092428041151052e+00,9.479335011934648492e+01,0.000000000000000000e+00,0.000000000000000000e+00,0.000000000000000000e+00,2.679697871208190918e-01,4.805238544940948486e-01,7.334690541028976440e-02,1.812756508588790894e-01,9.017598437500000000e+04,5.973831640625000000e+04,4.100120312500000000e+04,6.997657812500000000e+04,-6.181107374507059902e+07
2.814000000000000057e+00,1.563824757186597765e+02,-1.000132499403030018e+01,-9.249183037327163959e+01,-1.492220605468750000e+04,1.018848571777343750e+02,2.602378906250000000e+03,2.556011080741882324e-01,4.851716160774230957e-01,7.647747546434402466e-02,1.892082691192626953e-01,-1.563824757186597765e+02,1.000132499403030018e+01,9.249183037327163959e+01,0.000000000000000000e+00,0.000000000000000000e+00,0.000000000000000000e+00,2.556011080741882324e-01,4.851716160774230957e-01,7.647747546434402466e-02,1.892082691192626953e-01,9.019839843750000000e+04,5.985242187500000000e+04,4.077760156250000000e+04,6.983629687500000000e+04,-6.184418398896992952e+07
2.814999999999999947e+00,1.717645292163565784e+02,-1.060215446647708859e+01,-8.994587855495966267e+01,-1.492415820312500000e+04,1.100010681152343750e+02,2.580900634765625000e+03,2.427520006895065308e-01,4.880593419075012207e-01,7.688327878713607788e-02,1.966193467378616333e-01,-1.717645292163565784e+02,1.060215446647708859e+01,8.994587855495966267e+01,0.000000000000000000e+00,0.000000000000000000e+00,0.000000000000000000e+00,2.427520006895065308e-01,4.880593419075012207e-01,7.688327878713607788e-02,1.966193467378616333e-01,9.013017187500000000e+04,5.996905468750000000e+04,4.055632421875000000e+04,6.975740625000000000e+04,-6.188188970921520144e+07
2.815999999999999837e+00,-1.727920213128568889e+02,-1.049663886597969586e+01,-8.733264314853035160e+01,-1.496241894531250000e+04,1.288934936523437500e+02,2.575318847656250000e+03,2.302575707435607910e-01,4.900850355625152588e-01,7.440914958715438843e-02,2.018051743507385254e-01,1.727920213128568889e+02,1.049663886597969586e+01,8.733264314853035160e+01,0.000000000000000000e+00,0.000000000000000000e+00,0.000000000000000000e+00,2.302575707435607910e-01,4.900850355625152588e-01,7.440914958715438843e-02,2.018051743507385254e-01,8.997293750000000000e+04,6.008303906250000000e+04,4.033153515625000000e+04,6.973936718750000000e+04,-6.191948396183137596e+07
2.817000000000000171e+00,-1.573534864619026621e+02,-9.687915174642665050e+00,-8.485479655098602336e+01,-1.500173925781250000e+04,1.533439025878906250e+02,2.572829101562500000e+03,2.909286618232727051e-01,7.069898396730422974e-02,3.782313168048858643e-01,3.164371252059936523e-01,1.573534864619026621e+02,9.687915174642665050e+00,8.485479655098602336e+01,0.000000000000000000e+00,0.000000000000000000e+00,0.000000000000000000e+00,2.909286618232727051e-01,7.069898396730422974e-02,3.782313168048858643e-01,3.164371252059936523e-01,8.974760937500000000e+04,6.019650781250000000e+04,4.010722265625000000e+04,6.976189843750000000e+04,-6.195153827373123169e+07
2.818000000000000060e+00,-1.420036800717018366e+02,-8.228580018584311873e+00,-8.267510879352842323e+01,-1.500774902343750000e+04,1.730295104980468750e+02,2.602711669921875000e+03,2.830474674701690674e-01,9.083846956491470337e-02,3.788758218288421631e-01,3.193191885948181152e-01,1.420036800717018366e+02,8.228580018584311873e+00,8.267510879352842323e+01,0.000000000000000000e+00,0.000000000000000000e+00,0.000000000000000000e+00,2.830474674701690674e-01,9.083846956491470337e-02,3.788758218288421631e-01,3.193191885948181152e-01,8.986469531250000000e+04,5.996694140625000000e+04,4.021505468750000000e+04,6.988006250000000000e+04,-6.197860620202828199e+07
2.818999999999999950e+00,-1.268058009447429839e+02,-6.235580690081051536e+00,-8.096091463907738728e+01,-1.497942382812500000e+04,1.799877166748046875e+02,2.621162841796875000e+03,2.743088603019714355e-01,1.138077676296234131e-01,3.743046224117279053e-01,3.188596665859222412e-01,1.268058009447429839e+02,6.235580690081051536e+00,8.096091463907738728e+01,0.000000000000000000e+00,0.000000000000000000e+00,0.000000000000000000e+00,2.743088603019714355e-01,1.138077676296234131e-01,3.743046224117279053e-01,3.188596665859222412e-01,8.998046875000000000e+04,5.973928515625000000e+04,4.032391406250000000e+04,6.999558593750000000e+04,-6.200127946534726024e+07
2.819999999999999840e+00,-1.117548125780780452e+02,-3.862765471803306205e+00,-7.983552338383536551e+01,-1.494930175781250000e+04,1.831183776855468750e+02,2.625341308593750000e+03,2.677491009235382080e-01,1.381717026233673096e-01,3.636649847030639648e-01,3.152935802936553955e-01,1.117548125780780452e+02,3.862765471803306205e+00,7.983552338383536551e+01,0.000000000000000000e+00,0.000000000000000000e+00,0.000000000000000000e+00,2.677491009235382080e-01,1.381717026233673096e-01,3.636649847030639648e-01,3.152935802936553955e-01,9.005405468750000000e+04,5.951400781250000000e+04,4.043608593750000000e+04,7.010831250000000000e+04,-6.202015723523268104e+07
2.821000000000000174e+00,-9.678005474404527320e+01,-1.292188747229954249e+00,-7.937866898024235240e+01,-1.495162109375000000e+04,1.917010192871093750e+02,2.611172607421875000e+03,2.630081176757812500e-01,1.647606492042541504e-01,3.462832570075988770e-01,3.077364563941955566e-01,9.678005474404527320e+01,1.292188747229954249e+00,7.937866898024235240e+01,0.000000000000000000e+00,0.000000000000000000e+00,0.000000000000000000e+00,2.630081176757812500e-01,1.647606492042541504e-01,3.462832570075988770e-01,3.077364563941955566e-01,9.007705468750000000e+04,5.929178906250000000e+04,4.055126562500000000e+04,7.021814843750000000e+04,-6.203582625706977397e+07
2.822000000000000064e+00,-8.178927804508489885e+01,1.309358576736562974e+00,-7.962317231529586081e+01,-1.498813867187500000e+04,2.126329498291015625e+02,2.611833007812500000e+03,2.595615983009338379e-01,1.942859590053558350e-01,3.217210471630096436e-01,2.953557670116424561e-01,8.178927804508489885e+01,-1.309358576736562974e+00,7.962317231529586081e+01,0.000000000000000000e+00,0.000000000000000000e+00,0.000000000000000000e+00,2.595615983009338379e-01,1.942859590053558350e-01,3.217210471630096436e-01,2.953557670116424561e-01,9.006769531250000000e+04,5.927818359375000000e+04,4.066315625000000000e+04,7.033067968750000000e+04,-6.204885730706234276e+07
2.822999999999999954e+00,-6.672281109051957060e+01,3.753442934283778953e+00,-8.056021683527414723e+01,-1.502245800781250000e+04,2.385981292724609375e+02,2.613850585937500000e+03,2.552981376647949219e-01,2.270934283733367920e-01,2.900223135948181152e-01,2.778940796852111816e-01,6.672281109051957060e+01,-3.753442934283778953e+00,8.056021683527414723e+01,0.000000000000000000e+00,0.000000000000000000e+00,0.000000000000000000e+00,2.552981376647949219e-01,2.270934283733367920e-01,2.900223135948181152e-01,2.778940796852111816e-01,9.003480468750000000e+04,5.939091406250000000e+04,4.077557812500000000e+04,7.044405468750000000e+04,-6.205981327745257318e+07
2.823999999999999844e+00,-5.156622840253785967e+01,5.880627450002394951e+00,-8.213678481287720956e+01,-1.502149511718750000e+04,2.585559997558593750e+02,2.639323242187500000e+03,2.519451975822448730e-01,2.608507573604583740e-01,2.524403333663940430e-01,2.567287385463714600e-01,5.156622840253785967e+01,-5.880627450002394951e+00,8.213678481287720956e+01,0.000000000000000000e+00,0.000000000000000000e+00,0.000000000000000000e+00,2.519451975822448730e-01,2.608507573604583740e-01,2.524403333663940430e-01,2.567287385463714600e-01,8.997547656250000000e+04,5.949973828125000000e+04,4.088419921875000000e+04,7.056145312500000000e+04,-6.206925338656283915e+07
2.825000000000000178e+00,-3.633014016416868230e+01,7.527660188881740488e+00,-8.423714508886580177e+01,-1.498814453125000000e+04,2.628185729980468750e+02,2.652384277343750000e+03,2.492335438728332520e-01,2.928666174411773682e-01,2.120818495750427246e-01,2.346625328063964844e-01,3.633014016416868230e+01,-7.527660188881740488e+00,8.423714508886580177e+01,0.000000000000000000e+00,0.000000000000000000e+00,0.000000000000000000e+00,2.492335438728332520e-01,2.928666174411773682e-01,2.120818495750427246e-01,2.346625328063964844e-01,8.989199218750000000e+04,5.961062500000000000e+04,4.099415234375000000e+04,7.067595312500000000e+04,-6.207772582792782784e+07
2.826000000000000068e+00,-2.102456254215609022e+01,8.566860299436413584e+00,-8.670337417401682956e+01,-1.495758886718750000e+04,2.610032653808593750e+02,2.648560302734375000e+03,2.492484897375106812e-01,3.211056590080261230e-01,1.722394526004791260e-01,2.141517698764801025e-01,2.102456254215609022e+01,-8.566860299436413584e+00,8.670337417401682956e+01,0.000000000000000000e+00,0.000000000000000000e+00,0.000000000000000000e+00,2.492484897375106812e-01,3.211056590080261230e-01,1.722394526004791260e-01,2.141517698764801025e-01,8.978753906250000000e+04,5.972431640625000000e+04,4.110733593750000000e+04,7.078735937500000000e+04,-6.208575872634646297e+07
2.826999999999999957e+00,-5.658877381230293935e+00,8.915466913322399378e+00,-8.934161853940041453e+01,-1.496204785156250000e+04,2.633350219726562500e+02,2.625105468750000000e+03,2.510786354541778564e-01,3.460559248924255371e-01,1.357308626174926758e-01,1.961265504360198975e-01,5.658877381230293935e+00,-8.915466913322399378e+00,8.934161853940041453e+01,0.000000000000000000e+00,0.000000000000000000e+00,0.000000000000000000e+00,2.510786354541778564e-01,3.460559248924255371e-01,1.357308626174926758e-01,1.961265504360198975e-01,8.968296875000000000e+04,5.984127343750000000e+04,4.122416406250000000e+04,7.087320312500000000e+04,-6.209385215959320217e+07
2.827999999999999847e+00,9.743623418700959604e+00,8.546466302836007500e+00,-9.197898782966737485e+01,-1.499944921875000000e+04,2.765869750976562500e+02,2.625797607421875000e+03,2.538203597068786621e-01,3.686871528625488281e-01,1.044950783252716064e-01,1.808263957500457764e-01,-9.743623418700959604e+00,-8.546466302836007500e+00,9.197898782966737485e+01,0.000000000000000000e+00,0.000000000000000000e+00,0.000000000000000000e+00,2.538203597068786621e-01,3.686871528625488281e-01,1.044950783252716064e-01,1.808263957500457764e-01,8.959750781250000000e+04,5.995420703125000000e+04,4.133638671875000000e+04,7.082635156250000000e+04,-6.210248027407896519e+07
2.829000000000000181e+00,2.511888068867665069e+01,7.482764599084875456e+00,-9.441820896601805657e+01,-1.503244335937500000e+04,2.919691467285156250e+02,2.630632568359375000e+03,2.548956871032714844e-01,3.892308473587036133e-01,8.041554689407348633e-02,1.687301397323608398e-01,-2.511888068867665069e+01,-7.482764599084875456e+00,9.441820896601805657e+01,0.000000000000000000e+00,0.000000000000000000e+00,0.000000000000000000e+00,2.548956871032714844e-01,3.892308473587036133e-01,8.041554689407348633e-02,1.687301397323608398e-01,8.953497656250000000e+04,6.006645312500000000e+04,4.126571093750000000e+04,7.066564062500000000e+04,-6.211208202219641209e+07
2.830000000000000071e+00,4.039041719469859260e+01,5.797798055052855837e+00,-9.649748395768767750e+01,-1.502833593750000000e+04,3.002785339355468750e+02,2.656145751953125000e+03,2.568060159683227539e-01,4.079874753952026367e-01,6.356159597635269165e-02,1.596219390630722046e-01,-4.039041719469859260e+01,-5.797798055052855837e+00,9.649748395768767750e+01,0.000000000000000000e+00,0.000000000000000000e+00,0.000000000000000000e+00,2.568060159683227539e-01,4.079874753952026367e-01,6.356159597635269165e-02,1.596219390630722046e-01,8.948461718750000000e+04,6.017525390625000000e+04,4.103683984375000000e+04,7.044510156250000000e+04,-6.212305878687002510e+07
2.830999999999999961e+00,5.551572233606928108e+01,3.630558919639861326e+00,-9.806238730681192806e+01,-1.499394433593750000e+04,2.940078430175781250e+02,2.661461669921875000e+03,2.599449157714843750e-01,4.247553348541259766e-01,5.426888167858123779e-02,1.537255346775054932e-01,-5.551572233606928108e+01,-3.630558919639861326e+00,9.806238730681192806e+01,0.000000000000000000e+00,0.000000000000000000e+00,0.000000000000000000e+00,2.599449157714843750e-01,4.247553348541259766e-01,5.426888167858123779e-02,1.537255346775054932e-01,8.944618750000000000e+04,6.028742578125000000e+04,4.081086328125000000e+04,7.022044531250000000e+04,-6.213577019505889714e+07
2.831999999999999851e+00,7.052442556991337597e+01,1.137106282193165896e+00,-9.901668263778981327e+01,-1.496629199218750000e+04,2.822309265136718750e+02,2.662197753906250000e+03,2.669277489185333252e-01,4.403463602066040039e-01,5.132281035184860229e-02,1.502582132816314697e-01,-7.052442556991337597e+01,-1.137106282193165896e+00,9.901668263778981327e+01,0.000000000000000000e+00,0.000000000000000000e+00,0.000000000000000000e+00,2.669277489185333252e-01,4.403463602066040039e-01,5.132281035184860229e-02,1.502582132816314697e-01,8.942998437500000000e+04,6.040035937500000000e+04,4.058511328125000000e+04,6.999503906250000000e+04,-6.215054948611215502e+07
2.833000000000000185e+00,8.550223117801861861e+01,-1.491470283943272079e+00,-9.929362798214120289e+01,-1.497600781250000000e+04,2.757687988281250000e+02,2.636280761718750000e+03,2.743132114410400391e-01,4.547584950923919678e-01,5.373091250658035278e-02,1.492044180631637573e-01,-8.550223117801861861e+01,1.491470283943272079e+00,9.929362798214120289e+01,0.000000000000000000e+00,0.000000000000000000e+00,0.000000000000000000e+00,2.743132114410400391e-01,4.547584950923919678e-01,5.373091250658035278e-02,1.492044180631637573e-01,8.945974218750000000e+04,6.051773437500000000e+04,4.036484375000000000e+04,6.976538281250000000e+04,-6.216772156669003516e+07
2.834000000000000075e+00,1.005416322323408735e+02,-4.114594578946522141e+00,-9.887325176600221255e+01,-1.501614746093750000e+04,2.818432617187500000e+02,2.649177978515625000e+03,2.798464596271514893e-01,4.681160449981689453e-01,5.900533497333526611e-02,1.502654850482940674e-01,-1.005416322323408735e+02,4.114594578946522141e+00,9.887325176600221255e+01,0.000000000000000000e+00,0.000000000000000000e+00,0.000000000000000000e+00,2.798464596271514893e-01,4.681160449981689453e-01,5.900533497333526611e-02,1.502654850482940674e-01,8.954728125000000000e+04,6.062864843750000000e+04,4.013767968750000000e+04,6.954261718750000000e+04,-6.218762303630530834e+07
2.834999999999999964e+00,1.156968651920522717e+02,-6.541238680935977712e+00,-9.777086003282956028e+01,-1.505013378906250000e+04,2.894573364257812500e+02,2.655254882812500000e+03,2.767257392406463623e-01,4.784879684448242188e-01,6.601855903863906860e-02,1.548902243375778198e-01,-1.156968651920522717e+02,6.541238680935977712e+00,9.777086003282956028e+01,0.000000000000000000e+00,0.000000000000000000e+00,0.000000000000000000e+00,2.767257392406463623e-01,4.784879684448242188e-01,6.601855903863906860e-02,1.548902243375778198e-01,8.966076562500000000e+04,6.074070312500000000e+04,3.991098046875000000e+04,6.931923437500000000e+04,-6.221061072979561985e+07
2.835999999999999854e+00,1.309730002294877522e+02,-8.619870679150249515e+00,-9.604200598525125088e+01,-1.504523242187500000e+04,2.905117797851562500e+02,2.686031250000000000e+03,2.688116133213043213e-01,4.860651493072509766e-01,7.222757488489151001e-02,1.622529625892639160e-01,-1.309730002294877522e+02,8.619870679150249515e+00,9.604200598525125088e+01,0.000000000000000000e+00,0.000000000000000000e+00,0.000000000000000000e+00,2.688116133213043213e-01,4.860651493072509766e-01,7.222757488489151001e-02,1.622529625892639160e-01,8.976359375000000000e+04,6.084864453125000000e+04,3.968127734375000000e+04,6.909963281250000000e+04,-6.223706302566892654e+07
2.837000000000000188e+00,1.463526492208557102e+02,-1.018252266172063969e+01,-9.381637678269143521e+01,-1.501325000000000000e+04,2.779528808593750000e+02,2.688354492187500000e+03,2.560854554176330566e-01,4.904255568981170654e-01,7.691413164138793945e-02,1.718746572732925415e-01,-1.463526492208557102e+02,1.018252266172063969e+01,9.381637678269143521e+01,0.000000000000000000e+00,0.000000000000000000e+00,0.000000000000000000e+00,2.560854554176330566e-01,4.904255568981170654e-01,7.691413164138793945e-02,1.718746572732925415e-01,8.980346875000000000e+04,6.096131640625000000e+04,3.945586328125000000e+04,6.887457031250000000e+04,-6.226738731992327422e+07
2.838000000000000078e+00,1.618227478910990271e+02,-1.112222711309932244e+01,-9.124087047802464667e+01,-1.499115039062500000e+04,2.617559204101562500e+02,2.694928710937500000e+03,2.434563338756561279e-01,4.928518533706665039e-01,7.875779271125793457e-02,1.818541884422302246e-01,-1.618227478910990271e+02,1.112222711309932244e+01,9.124087047802464667e+01,0.000000000000000000e+00,0.000000000000000000e+00,0.000000000000000000e+00,2.434563338756561279e-01,4.928518533706665039e-01,7.875779271125793457e-02,1.818541884422302246e-01,8.975237500000000000e+04,6.107326171875000000e+04,3.922912890625000000e+04,6.869025000000000000e+04,-6.230202252203984559e+07
2.838999999999999968e+00,1.773612820678213211e+02,-1.135595844554832112e+01,-8.852878043573535649e+01,-1.500712500000000000e+04,2.514352722167968750e+02,2.666138427734375000e+03,2.297106087207794189e-01,4.938747286796569824e-01,7.782696187496185303e-02,1.905153691768646240e-01,-1.773612820678213211e+02,1.135595844554832112e+01,8.852878043573535649e+01,0.000000000000000000e+00,0.000000000000000000e+00,0.000000000000000000e+00,2.297106087207794189e-01,4.938747286796569824e-01,7.782696187496185303e-02,1.905153691768646240e-01,8.960561718750000000e+04,6.119107421875000000e+04,3.900932421875000000e+04,6.858113281250000000e+04,-6.234144584917424619e+07
2.839999999999999858e+00,-1.670689186785824916e+02,-1.086586055190810285e+01,-8.584319845350681533e+01,-1.504942089843750000e+04,2.523834381103515625e+02,2.676264648437500000e+03,2.178221046924591064e-01,4.947328865528106689e-01,7.366198301315307617e-02,1.959830224514007568e-01,1.670689186785824916e+02,1.086586055190810285e+01,8.584319845350681533e+01,0.000000000000000000e+00,0.000000000000000000e+00,0.000000000000000000e+00,2.178221046924591064e-01,4.947328865528106689e-01,7.366198301315307617e-02,1.959830224514007568e-01,8.938210937500000000e+04,6.130235937500000000e+04,3.878250000000000000e+04,6.854721875000000000e+04,-6.237684499440893531e+07
2.841000000000000192e+00,-1.515496823680249179e+02,-9.688410527796884608e+00,-8.340143353726969622e+01,-1.508077343750000000e+04,2.531635131835937500e+02,2.671324462890625000e+03,2.783058583736419678e-01,8.737534284591674805e-02,3.802363574504852295e-01,3.138879537582397461e-01,1.515496823680249179e+02,9.688410527796884608e+00,8.340143353726969622e+01,0.000000000000000000e+00,0.000000000000000000e+00,0.000000000000000000e+00,2.783058583736419678e-01,8.737534284591674805e-02,3.802363574504852295e-01,3.138879537582397461e-01,8.915604687500000000e+04,6.141608984375000000e+04,3.855789843750000000e+04,6.855346875000000000e+04,-6.240686196504940838e+07
2.842000000000000082e+00,-1.361605066549050775e+02,-7.896150792421479991e+00,-8.133936539495410045e+01,-1.507108984375000000e+04,2.458283233642578125e+02,2.710491455078125000e+03,2.708378136157989502e-01,1.069491729140281677e-01,3.793069124221801758e-01,3.166417479515075684e-01,1.361605066549050775e+02,7.896150792421479991e+00,8.133936539495410045e+01,0.000000000000000000e+00,0.000000000000000000e+00,0.000000000000000000e+00,2.708378136157989502e-01,1.069491729140281677e-01,3.793069124221801758e-01,3.166417479515075684e-01,8.927514843750000000e+04,6.118474609375000000e+04,3.866433984375000000e+04,6.867325781250000000e+04,-6.243208009018211812e+07
2.842999999999999972e+00,-1.209395629578118303e+02,-5.634156542700442749e+00,-7.981434450050248586e+01,-1.503842187500000000e+04,2.257955932617187500e+02,2.720560058593750000e+03,2.623412013053894043e-01,1.290702074766159058e-01,3.726172447204589844e-01,3.161745369434356689e-01,1.209395629578118303e+02,5.634156542700442749e+00,7.981434450050248586e+01,0.000000000000000000e+00,0.000000000000000000e+00,0.000000000000000000e+00,2.623412013053894043e-01,1.290702074766159058e-01,3.726172447204589844e-01,3.161745369434356689e-01,8.934205468750000000e+04,6.095816796875000000e+04,3.877492187500000000e+04,6.878775000000000000e+04,-6.245310854137853533e+07
2.843999999999999861e+00,-1.058491898291278659e+02,-3.043633090272943154e+00,-7.891453134796736890e+01,-1.501940625000000000e+04,2.056142578125000000e+02,2.741644775390625000e+03,2.568957209587097168e-01,1.521539390087127686e-01,3.597224950790405273e-01,3.126757740974426270e-01,1.058491898291278659e+02,3.043633090272943154e+00,7.891453134796736890e+01,0.000000000000000000e+00,0.000000000000000000e+00,0.000000000000000000e+00,2.568957209587097168e-01,1.521539390087127686e-01,3.597224950790405273e-01,3.126757740974426270e-01,8.934925781250000000e+04,6.072967578125000000e+04,3.888395703125000000e+04,6.890342187500000000e+04,-6.247054935932627320e+07
2.845000000000000195e+00,-9.080020087700425790e+01,-3.325692341749264536e-01,-7.871326801826542408e+01,-1.504024023437500000e+04,1.939918365478515625e+02,2.719429443359375000e+03,2.515141367912292480e-01,1.780220866203308105e-01,3.399626910686492920e-01,3.050445616245269775e-01,9.080020087700425790e+01,3.325692341749264536e-01,7.871326801826542408e+01,0.000000000000000000e+00,0.000000000000000000e+00,0.000000000000000000e+00,2.515141367912292480e-01,1.780220866203308105e-01,3.399626910686492920e-01,3.050445616245269775e-01,8.930979687500000000e+04,6.058730468750000000e+04,3.900053125000000000e+04,6.901177343750000000e+04,-6.248498992496998608e+07
2.846000000000000085e+00,-7.570569927813333777e+01,2.349086962711337101e+00,-7.922511322793208421e+01,-1.508263574218750000e+04,1.937729187011718750e+02,2.731081298828125000e+03,2.486435472965240479e-01,2.064936459064483643e-01,3.130301833152770996e-01,2.924632132053375244e-01,7.570569927813333777e+01,-2.349086962711337101e+00,7.922511322793208421e+01,0.000000000000000000e+00,0.000000000000000000e+00,0.000000000000000000e+00,2.486435472965240479e-01,2.064936459064483643e-01,3.130301833152770996e-01,2.924632132053375244e-01,8.923877343750000000e+04,6.064304687500000000e+04,3.911064062500000000e+04,6.912594531250000000e+04,-6.249700341464871168e+07
2.846999999999999975e+00,-6.051963542044504862e+01,4.787080643937364322e+00,-8.041449700010956292e+01,-1.510920312500000000e+04,1.933460693359375000e+02,2.712591552734375000e+03,2.442964017391204834e-01,2.377322614192962646e-01,2.793204188346862793e-01,2.753250598907470703e-01,6.051963542044504862e+01,-4.787080643937364322e+00,8.041449700010956292e+01,0.000000000000000000e+00,0.000000000000000000e+00,0.000000000000000000e+00,2.442964017391204834e-01,2.377322614192962646e-01,2.793204188346862793e-01,2.753250598907470703e-01,8.914318750000000000e+04,6.075863281250000000e+04,3.922651953125000000e+04,6.923534375000000000e+04,-6.250715544838900864e+07
2.847999999999999865e+00,-4.524028760802730886e+01,6.855830190433083615e+00,-8.221995201242448559e+01,-1.509329785156250000e+04,1.844467010498046875e+02,2.741354736328125000e+03,2.430784851312637329e-01,2.687580585479736328e-01,2.404072135686874390e-01,2.551933228969573975e-01,4.524028760802730886e+01,-6.855830190433083615e+00,8.221995201242448559e+01,0.000000000000000000e+00,0.000000000000000000e+00,0.000000000000000000e+00,2.430784851312637329e-01,2.687580585479736328e-01,2.404072135686874390e-01,2.551933228969573975e-01,8.902697656250000000e+04,6.086626171875000000e+04,3.933455859375000000e+04,6.935319531250000000e+04,-6.251600925492838770e+07
2.849000000000000199e+00,-2.987512578766465765e+01,8.393348933779872567e+00,-8.450216796555316989e+01,-1.505942675781250000e+04,1.606635437011718750e+02,2.738225830078125000e+03,2.413901239633560181e-01,2.974382936954498291e-01,2.000986635684967041e-01,2.353702634572982788e-01,2.987512578766465765e+01,-8.393348933779872567e+00,8.450216796555316989e+01,0.000000000000000000e+00,0.000000000000000000e+00,0.000000000000000000e+00,2.413901239633560181e-01,2.974382936954498291e-01,2.000986635684967041e-01,2.353702634572982788e-01,8.889866406250000000e+04,6.097914062500000000e+04,3.944701562500000000e+04,6.946586718750000000e+04,-6.252411284276641905e+07
2.850000000000000089e+00,-1.442423077159833511e+01,9.303208958274812090e+00,-8.712758798489197432e+01,-1.504408789062500000e+04,1.359082794189453125e+02,2.753636962890625000e+03,2.430547028779983521e-01,3.225479722023010254e-01,1.610754132270812988e-01,2.173856496810913086e-01,1.442423077159833511e+01,-9.303208958274812090e+00,8.712758798489197432e+01,0.000000000000000000e+00,0.000000000000000000e+00,0.000000000000000000e+00,2.430547028779983521e-01,3.225479722023010254e-01,1.610754132270812988e-01,2.173856496810913086e-01,8.876505468750000000e+04,6.108883984375000000e+04,3.955736328125000000e+04,6.958091406250000000e+04,-6.253199866748476028e+07
2.850999999999999979e+00,1.100085071382892243e+00,9.501140079260258275e+00,-8.988082176460588357e+01,-1.507161328125000000e+04,1.189059448242187500e+02,2.728713867187500000e+03,2.439943552017211914e-01,3.445202410221099854e-01,1.266310960054397583e-01,2.025071531534194946e-01,-1.100085071382892243e+00,-9.501140079260258275e+00,8.988082176460588357e+01,0.000000000000000000e+00,0.000000000000000000e+00,0.000000000000000000e+00,2.439943552017211914e-01,3.445202410221099854e-01,1.266310960054397583e-01,2.025071531534194946e-01,8.863907031250000000e+04,6.120518359375000000e+04,3.967430859375000000e+04,6.968878906250000000e+04,-6.254016871145581454e+07
2.851999999999999869e+00,1.665489126644405005e+01,8.970842971042580771e+00,-9.259339138758437571e+01,-1.511649023437500000e+04,1.109834594726562500e+02,2.735089355468750000e+03,2.467004060745239258e-01,3.649674057960510254e-01,9.736952930688858032e-02,1.898454129695892334e-01,-1.665489126644405005e+01,-8.970842971042580771e+00,9.259339138758437571e+01,0.000000000000000000e+00,0.000000000000000000e+00,0.000000000000000000e+00,2.467004060745239258e-01,3.649674057960510254e-01,9.736952930688858032e-02,1.898454129695892334e-01,8.852909375000000000e+04,6.131621093750000000e+04,3.978512890625000000e+04,6.971841406250000000e+04,-6.254910010901118070e+07
2.853000000000000203e+00,3.215456847928835771e+01,7.759789668623968240e+00,-9.504226608080718108e+01,-1.514051171875000000e+04,1.018945388793945312e+02,2.714571777343750000e+03,2.475989311933517456e-01,3.833306729793548584e-01,7.550394535064697266e-02,1.806527525186538696e-01,-3.215456847928835771e+01,-7.759789668623968240e+00,9.504226608080718108e+01,0.000000000000000000e+00,0.000000000000000000e+00,0.000000000000000000e+00,2.475989311933517456e-01,3.833306729793548584e-01,7.550394535064697266e-02,1.806527525186538696e-01,8.843574218750000000e+04,6.143164062500000000e+04,3.969784375000000000e+04,6.964745312500000000e+04,-6.255922727196274698e+07
2.854000000000000092e+00,4.752468896505892815e+01,5.946415459338036946e+00,-9.709990531148399384e+01,-1.512167089843750000e+04,8.363224029541015625e+01,2.738254150390625000e+03,2.515528798103332520e-01,4.005827605724334717e-01,6.023072451353073120e-02,1.739327758550643921e-01,-4.752468896505892815e+01,-5.946415459338036946e+00,9.709990531148399384e+01,0.000000000000000000e+00,0.000000000000000000e+00,0.000000000000000000e+00,2.515528798103332520e-01,4.005827605724334717e-01,6.023072451353073120e-02,1.739327758550643921e-01,8.835955468750000000e+04,6.153961328125000000e+04,3.946904687500000000e+04,6.951600781250000000e+04,-6.257094961949228495e+07
2.854999999999999982e+00,6.274522172112138918e+01,3.673665877417854553e+00,-9.862416204065834791e+01,-1.508982519531250000e+04,5.294886016845703125e+01,2.740923583984375000e+03,2.553409934043884277e-01,4.154934883117675781e-01,5.292666703462600708e-02,1.709169149398803711e-01,-6.274522172112138918e+01,-3.673665877417854553e+00,9.862416204065834791e+01,0.000000000000000000e+00,0.000000000000000000e+00,0.000000000000000000e+00,2.553409934043884277e-01,4.154934883117675781e-01,5.292666703462600708e-02,1.709169149398803711e-01,8.830899218750000000e+04,6.165103906250000000e+04,3.924282031250000000e+04,6.933297656250000000e+04,-6.258462680350031704e+07
2.855999999999999872e+00,7.786735542431381418e+01,1.082111295334248435e+00,-9.952902794151773946e+01,-1.508169238281250000e+04,2.210306358337402344e+01,2.752557617187500000e+03,2.624891996383666992e-01,4.295336902141571045e-01,5.190018936991691589e-02,1.701572686433792114e-01,-7.786735542431381418e+01,-1.082111295334248435e+00,9.952902794151773946e+01,0.000000000000000000e+00,0.000000000000000000e+00,0.000000000000000000e+00,2.624891996383666992e-01,4.295336902141571045e-01,5.190018936991691589e-02,1.701572686433792114e-01,8.828940625000000000e+04,6.176094921875000000e+04,3.901627734375000000e+04,6.913195312500000000e+04,-6.260059732690893114e+07
2.857000000000000206e+00,9.298570599685068316e+01,-1.649254497378202400e+00,-9.974671963572923516e+01,-1.511654199218750000e+04,7.806385755538940430e-01,2.747989257812500000e+03,2.683604359626770020e-01,4.425309896469116211e-01,5.632957816123962402e-02,1.717699468135833740e-01,-9.298570599685068316e+01,1.649254497378202400e+00,9.974671963572923516e+01,0.000000000000000000e+00,0.000000000000000000e+00,0.000000000000000000e+00,2.683604359626770020e-01,4.425309896469116211e-01,5.632957816123962402e-02,1.717699468135833740e-01,8.831755468750000000e+04,6.187356640625000000e+04,3.879213281250000000e+04,6.892650000000000000e+04,-6.261919579654715210e+07
2.858000000000000096e+00,1.081794313434732118e+02,-4.347474776128468221e+00,-9.925499517705353014e+01,-1.516509863281250000e+04,-1.282443332672119141e+01,2.750528076171875000e+03,2.711513042449951172e-01,4.546611905097961426e-01,6.368827819824218750e-02,1.754093319177627563e-01,-1.081794313434732118e+02,4.347474776128468221e+00,9.925499517705353014e+01,0.000000000000000000e+00,0.000000000000000000e+00,0.000000000000000000e+00,2.711513042449951172e-01,4.546611905097961426e-01,6.368827819824218750e-02,1.754093319177627563e-01,8.838889843750000000e+04,6.198504687500000000e+04,3.856593359375000000e+04,6.873953125000000000e+04,-6.264076904051747173e+07
2.858999999999999986e+00,1.234840658101585973e+02,-6.826039127317709898e+00,-9.807903807785741890e+01,-1.518722753906250000e+04,-2.652106094360351562e+01,2.748868896484375000e+03,2.676857411861419678e-01,4.644197523593902588e-01,7.202743738889694214e-02,1.820378452539443970e-01,-1.234840658101585973e+02,6.826039127317709898e+00,9.807903807785741890e+01,0.000000000000000000e+00,0.000000000000000000e+00,0.000000000000000000e+00,2.676857411861419678e-01,4.644197523593902588e-01,7.202743738889694214e-02,1.820378452539443970e-01,8.847665625000000000e+04,6.209730859375000000e+04,3.834165625000000000e+04,6.858443750000000000e+04,-6.266568344754692167e+07
2.859999999999999876e+00,1.389016593081971678e+02,-8.927176549700840624e+00,-9.629066223915297940e+01,-1.516954101562500000e+04,-5.070729446411132812e+01,2.755782714843750000e+03,2.596290707588195801e-01,4.714196920394897461e-01,7.928086817264556885e-02,1.911602169275283813e-01,-1.389016593081971678e+02,8.927176549700840624e+00,9.629066223915297940e+01,0.000000000000000000e+00,0.000000000000000000e+00,0.000000000000000000e+00,2.596290707588195801e-01,4.714196920394897461e-01,7.928086817264556885e-02,1.911602169275283813e-01,8.853998437500000000e+04,6.220826171875000000e+04,3.811545312500000000e+04,6.848547656250000000e+04,-6.269432870462109894e+07
2.861000000000000210e+00,1.544339325906059912e+02,-1.051335434880182973e+01,-9.399686878606443940e+01,-1.514197558593750000e+04,-8.294792938232421875e+01,2.768532470703125000e+03,2.479931265115737915e-01,4.753458499908447266e-01,8.464180678129196167e-02,2.022573500871658325e-01,-1.544339325906059912e+02,1.051335434880182973e+01,9.399686878606443940e+01,0.000000000000000000e+00,0.000000000000000000e+00,0.000000000000000000e+00,2.479931265115737915e-01,4.753458499908447266e-01,8.464180678129196167e-02,2.022573500871658325e-01,8.854477343750000000e+04,6.231838281250000000e+04,3.791203906250000000e+04,6.845980468750000000e+04,-6.272712448611775041e+07
2.862000000000000099e+00,1.700830296380906077e+02,-1.146294121085310991e+01,-9.135547425293016488e+01,-1.514259570312500000e+04,-1.144512710571289062e+02,2.767025390625000000e+03,2.342712432146072388e-01,4.770675599575042725e-01,8.754331618547439575e-02,2.135054320096969604e-01,-1.700830296380906077e+02,1.146294121085310991e+01,9.135547425293016488e+01,0.000000000000000000e+00,0.000000000000000000e+00,0.000000000000000000e+00,2.342712432146072388e-01,4.770675599575042725e-01,8.754331618547439575e-02,2.135054320096969604e-01,8.846400781250000000e+04,6.243102734375000000e+04,3.776108203125000000e+04,6.851625000000000000e+04,-6.276452994478580356e+07
2.862999999999999989e+00,-1.741641729749963190e+02,-1.169769771545624160e+01,-8.852661463253161855e+01,-1.518183203125000000e+04,-1.362809600830078125e+02,2.786010742187500000e+03,2.204807102680206299e-01,4.777999520301818848e-01,8.744079619646072388e-02,2.228206694126129150e-01,1.741641729749963190e+02,1.169769771545624160e+01,8.852661463253161855e+01,0.000000000000000000e+00,0.000000000000000000e+00,0.000000000000000000e+00,2.204807102680206299e-01,4.777999520301818848e-01,8.744079619646072388e-02,2.228206694126129150e-01,8.828857812500000000e+04,6.254039453125000000e+04,3.763344140625000000e+04,6.863201562500000000e+04,-6.280283690156400949e+07
2.863999999999999879e+00,-1.583814343196402206e+02,-1.118880922113839560e+01,-8.574901694517718909e+01,-1.522859375000000000e+04,-1.522132415771484375e+02,2.773521240234375000e+03,2.783668935298919678e-01,5.163553729653358459e-02,3.868175148963928223e-01,3.331407606601715088e-01,1.583814343196402206e+02,1.118880922113839560e+01,8.574901694517718909e+01,0.000000000000000000e+00,0.000000000000000000e+00,0.000000000000000000e+00,2.783668935298919678e-01,5.163553729653358459e-02,3.868175148963928223e-01,3.331407606601715088e-01,8.806130468750000000e+04,6.265511328125000000e+04,3.751369140625000000e+04,6.874200000000000000e+04,-6.283539966366000473e+07
2.865000000000000213e+00,-1.426686829556727503e+02,-9.966899596249321647e+00,-8.320066293161333704e+01,-1.524183593750000000e+04,-1.695283660888671875e+02,2.790207519531250000e+03,2.706222236156463623e-01,6.670978665351867676e-02,3.898467421531677246e-01,3.410088121891021729e-01,1.426686829556727503e+02,9.966899596249321647e+00,8.320066293161333704e+01,0.000000000000000000e+00,0.000000000000000000e+00,0.000000000000000000e+00,2.706222236156463623e-01,6.670978665351867676e-02,3.898467421531677246e-01,3.410088121891021729e-01,8.817663281250000000e+04,6.242742578125000000e+04,3.762375000000000000e+04,6.885689062500000000e+04,-6.286277570615613461e+07
2.866000000000000103e+00,-1.271127483247216077e+02,-8.148892133654477732e+00,-8.108578221145467069e+01,-1.521994628906250000e+04,-1.973324127197265625e+02,2.770008544921875000e+03,2.620258331298828125e-01,8.466693758964538574e-02,3.881042003631591797e-01,3.458968102931976318e-01,1.271127483247216077e+02,8.148892133654477732e+00,8.108578221145467069e+01,0.000000000000000000e+00,0.000000000000000000e+00,0.000000000000000000e+00,2.620258331298828125e-01,8.466693758964538574e-02,3.881042003631591797e-01,3.458968102931976318e-01,8.826285156250000000e+04,6.220593750000000000e+04,3.773896093750000000e+04,6.896578906250000000e+04,-6.288557466546265036e+07
2.866999999999999993e+00,-1.117264760702570925e+02,-5.853425996735711401e+00,-7.951960346804609969e+01,-1.519234960937500000e+04,-2.273249816894531250e+02,2.771066650390625000e+03,2.569165825843811035e-01,1.037064939737319946e-01,3.810088634490966797e-01,3.482784032821655273e-01,1.117264760702570925e+02,5.853425996735711401e+00,7.951960346804609969e+01,0.000000000000000000e+00,0.000000000000000000e+00,0.000000000000000000e+00,2.569165825843811035e-01,1.037064939737319946e-01,3.810088634490966797e-01,3.482784032821655273e-01,8.829007031250000000e+04,6.198095703125000000e+04,3.785185937500000000e+04,6.907853125000000000e+04,-6.290441510084934533e+07
2.867999999999999883e+00,-9.645120746320780825e+01,-3.258903097750264433e+00,-7.860644082064074212e+01,-1.519979687500000000e+04,-2.521516265869140625e+02,2.746079101562500000e+03,2.515807747840881348e-01,1.257979571819305420e-01,3.674570322036743164e-01,3.468495905399322510e-01,9.645120746320780825e+01,3.258903097750264433e+00,7.860644082064074212e+01,0.000000000000000000e+00,0.000000000000000000e+00,0.000000000000000000e+00,2.515807747840881348e-01,1.257979571819305420e-01,3.674570322036743164e-01,3.468495905399322510e-01,8.827520312500000000e+04,6.176035546875000000e+04,3.796868750000000000e+04,6.918750781250000000e+04,-6.291990752925834805e+07
2.869000000000000217e+00,-8.120106706385273299e+01,-5.033113565952459512e-01,-7.839954915561530413e+01,-1.524038867187500000e+04,-2.639855346679687500e+02,2.758897216796875000e+03,2.481396794319152832e-01,1.510122120380401611e-01,3.470059633255004883e-01,3.409812450408935547e-01,8.120106706385273299e+01,5.033113565952459512e-01,7.839954915561530413e+01,0.000000000000000000e+00,0.000000000000000000e+00,0.000000000000000000e+00,2.481396794319152832e-01,1.510122120380401611e-01,3.470059633255004883e-01,3.409812450408935547e-01,8.822953906250000000e+04,6.153350000000000000e+04,3.807851953125000000e+04,6.930275781250000000e+04,-6.293264788518077880e+07
2.870000000000000107e+00,-6.590885102542887353e+01,2.189599279435900936e+00,-7.891587852051122809e+01,-1.528169433593750000e+04,-2.679382934570312500e+02,2.737012451171875000e+03,2.427760064601898193e-01,1.806173324584960938e-01,3.189097046852111816e-01,3.297120034694671631e-01,6.590885102542887353e+01,-2.189599279435900936e+00,7.891587852051122809e+01,0.000000000000000000e+00,0.000000000000000000e+00,0.000000000000000000e+00,2.427760064601898193e-01,1.806173324584960938e-01,3.189097046852111816e-01,3.297120034694671631e-01,8.815346093750000000e+04,6.136352343750000000e+04,3.819521875000000000e+04,6.941146875000000000e+04,-6.294322437205193937e+07
2.870999999999999996e+00,-5.054863768458837114e+01,4.655641893704010492e+00,-8.012424566205801568e+01,-1.528512792968750000e+04,-2.736620788574218750e+02,2.739717041015625000e+03,2.405738830566406250e-01,2.121040821075439453e-01,2.836231291294097900e-01,3.137134015560150146e-01,5.054863768458837114e+01,-4.655641893704010492e+00,8.012424566205801568e+01,0.000000000000000000e+00,0.000000000000000000e+00,0.000000000000000000e+00,2.405738830566406250e-01,2.121040821075439453e-01,2.836231291294097900e-01,3.137134015560150146e-01,8.804551562500000000e+04,6.142277734375000000e+04,3.830713671875000000e+04,6.952395312500000000e+04,-6.295222110656806082e+07
2.871999999999999886e+00,-3.511137338126605556e+01,6.694760339109169678e+00,-8.190779341444927297e+01,-1.525801953125000000e+04,-2.895474548339843750e+02,2.695762207031250000e+03,2.389561533927917480e-01,2.434373795986175537e-01,2.434296905994415283e-01,2.950590252876281738e-01,3.511137338126605556e+01,-6.694760339109169678e+00,8.190779341444927297e+01,0.000000000000000000e+00,0.000000000000000000e+00,0.000000000000000000e+00,2.389561533927917480e-01,2.434373795986175537e-01,2.434296905994415283e-01,2.950590252876281738e-01,8.791522656250000000e+04,6.154312500000000000e+04,3.842687890625000000e+04,6.962882031250000000e+04,-6.296020762154680490e+07
2.873000000000000220e+00,-1.958385549715114493e+01,8.188990745118761794e+00,-8.414730808466097756e+01,-1.523462207031250000e+04,-3.077983703613281250e+02,2.666703369140625000e+03,2.420487850904464722e-01,2.723206281661987305e-01,2.011530101299285889e-01,2.758477330207824707e-01,1.958385549715114493e+01,-8.188990745118761794e+00,8.414730808466097756e+01,0.000000000000000000e+00,0.000000000000000000e+00,0.000000000000000000e+00,2.420487850904464722e-01,2.723206281661987305e-01,2.011530101299285889e-01,2.758477330207824707e-01,8.777983593750000000e+04,6.166102734375000000e+04,3.854464843750000000e+04,6.973637500000000000e+04,-6.296773897797025740e+07
2.874000000000000110e+00,-3.950382758081025347e+00,9.035751712430037941e+00,-8.667893871467161659e+01,-1.525158789062500000e+04,-3.193029479980468750e+02,2.630920410156250000e+03,2.452031970024108887e-01,2.984966635704040527e-01,1.609922200441360474e-01,2.581392228603363037e-01,3.950382758081025347e+00,-9.035751712430037941e+00,8.667893871467161659e+01,0.000000000000000000e+00,0.000000000000000000e+00,0.000000000000000000e+00,2.452031970024108887e-01,2.984966635704040527e-01,1.609922200441360474e-01,2.581392228603363037e-01,8.766780468750000000e+04,6.178007421875000000e+04,3.866267187500000000e+04,6.984336718750000000e+04,-6.297534946671990305e+07
2.875000000000000000e+00,1.176894449672104592e+01,9.175654151956193161e+00,-8.933022892849518826e+01,-1.529700000000000000e+04,-3.189768676757812500e+02,2.609991455078125000e+03,2.485504597425460815e-01,3.224034309387207031e-01,1.254056543111801147e-01,2.425460964441299438e-01,-1.176894449672104592e+01,-9.175654151956193161e+00,8.933022892849518826e+01,0.000000000000000000e+00,0.000000000000000000e+00,0.000000000000000000e+00,2.485504597425460815e-01,3.224034309387207031e-01,1.254056543111801147e-01,2.425460964441299438e-01,8.758468750000000000e+04,6.189666796875000000e+04,3.877895312500000000e+04,6.995310156250000000e+04,-6.298355205720400065e+07
2.875999999999999890e+00,2.750357694966333000e+01,8.598149870848896370e+00,-9.190505199159271399e+01,-1.533414160156250000e+04,-3.119830322265625000e+02,2.597767089843750000e+03,2.507542371749877930e-01,3.443082869052886963e-01,9.643168002367019653e-02,2.296285927295684814e-01,-2.750357694966333000e+01,-8.598149870848896370e+00,9.190505199159271399e+01,0.000000000000000000e+00,0.000000000000000000e+00,0.000000000000000000e+00,2.507542371749877930e-01,3.443082869052886963e-01,9.643168002367019653e-02,2.296285927295684814e-01,8.752823437500000000e+04,6.201180078125000000e+04,3.889383593750000000e+04,7.006357812500000000e+04,-6.299282897071180493e+07
2.876999999999999780e+00,4.315731186460595836e+01,7.365711859191201860e+00,-9.420240093198269449e+01,-1.533205468750000000e+04,-3.112909240722656250e+02,2.576413085937500000e+03,2.531172633171081543e-01,3.643464148044586182e-01,7.476500421762466431e-02,2.195260971784591675e-01,-4.315731186460595836e+01,-7.365711859191201860e+00,9.420240093198269449e+01,0.000000000000000000e+00,0.000000000000000000e+00,0.000000000000000000e+00,2.531172633171081543e-01,3.643464148044586182e-01,7.476500421762466431e-02,2.195260971784591675e-01,8.748808593750000000e+04,6.212840625000000000e+04,3.881891406250000000e+04,7.017203906250000000e+04,-6.300361987033172697e+07
2.878000000000000114e+00,5.867149708043653789e+01,5.587722641864291795e+00,-9.606527004616471288e+01,-1.530145312500000000e+04,-3.168515625000000000e+02,2.554603515625000000e+03,2.581559419631958008e-01,3.825573921203613281e-01,6.038351729512214661e-02,2.122860848903656006e-01,-5.867149708043653789e+01,-5.587722641864291795e+00,9.606527004616471288e+01,0.000000000000000000e+00,0.000000000000000000e+00,0.000000000000000000e+00,2.581559419631958008e-01,3.825573921203613281e-01,6.038351729512214661e-02,2.122860848903656006e-01,8.746540625000000000e+04,6.224499609375000000e+04,3.859791406250000000e+04,7.028059375000000000e+04,-6.301632197365475446e+07
2.879000000000000004e+00,7.406265603835407774e+01,3.424058605283051282e+00,-9.736754176215403334e+01,-1.528635449218750000e+04,-3.230676269531250000e+02,2.510022216796875000e+03,2.657226622104644775e-01,3.995392620563507080e-01,5.325630307197570801e-02,2.072587758302688599e-01,-7.406265603835407774e+01,-3.424058605283051282e+00,9.736754176215403334e+01,0.000000000000000000e+00,0.000000000000000000e+00,0.000000000000000000e+00,2.657226622104644775e-01,3.995392620563507080e-01,5.325630307197570801e-02,2.072587758302688599e-01,8.747573437500000000e+04,6.236523046875000000e+04,3.838046875000000000e+04,7.036113281250000000e+04,-6.303129941304034740e+07
2.879999999999999893e+00,8.940274072046675258e+01,9.989086131685007697e-01,-9.804076177843317907e+01,-1.531163476562500000e+04,-3.180101623535156250e+02,2.504107177734375000e+03,2.759194672107696533e-01,4.162243902683258057e-01,5.220547690987586975e-02,2.034967243671417236e-01,-8.940274072046675258e+01,-9.989086131685007697e-01,9.804076177843317907e+01,0.000000000000000000e+00,0.000000000000000000e+00,0.000000000000000000e+00,2.759194672107696533e-01,4.162243902683258057e-01,5.220547690987586975e-02,2.034967243671417236e-01,8.754647656250000000e+04,6.247882421875000000e+04,3.815564062500000000e+04,7.040930468750000000e+04,-6.304890525187718868e+07
2.880999999999999783e+00,1.047671714930387168e+02,-1.489531522931264229e+00,-9.803422272852935748e+01,-1.536199218750000000e+04,-3.013384094238281250e+02,2.477662109375000000e+03,2.810445129871368408e-01,4.317650496959686279e-01,5.647825449705123901e-02,2.018726319074630737e-01,-1.047671714930387168e+02,1.489531522931264229e+00,9.803422272852935748e+01,0.000000000000000000e+00,0.000000000000000000e+00,0.000000000000000000e+00,2.810445129871368408e-01,4.317650496959686279e-01,5.647825449705123901e-02,2.018726319074630737e-01,8.765435156250000000e+04,6.259561328125000000e+04,3.793551562500000000e+04,7.042491406250000000e+04,-6.306949433962998539e+07
2.882000000000000117e+00,1.201958836012879885e+02,-3.896685839167651100e+00,-9.733853022160829482e+01,-1.539356250000000000e+04,-2.791316833496093750e+02,2.497446777343750000e+03,2.826291918754577637e-01,4.460040032863616943e-01,6.278472393751144409e-02,2.022128850221633911e-01,-1.201958836012879885e+02,3.896685839167651100e+00,9.733853022160829482e+01,0.000000000000000000e+00,0.000000000000000000e+00,0.000000000000000000e+00,2.826291918754577637e-01,4.460040032863616943e-01,6.278472393751144409e-02,2.022128850221633911e-01,8.777071875000000000e+04,6.270445703125000000e+04,3.770715234375000000e+04,7.043485937500000000e+04,-6.309343136369091272e+07
2.883000000000000007e+00,1.356981783999408719e+02,-6.004620919338484519e+00,-9.602418060308518477e+01,-1.538643750000000000e+04,-2.643123779296875000e+02,2.474897705078125000e+03,2.754310369491577148e-01,4.569092392921447754e-01,6.971312314271926880e-02,2.058449387550354004e-01,-1.356981783999408719e+02,6.004620919338484519e+00,9.602418060308518477e+01,0.000000000000000000e+00,0.000000000000000000e+00,0.000000000000000000e+00,2.754310369491577148e-01,4.569092392921447754e-01,6.971312314271926880e-02,2.058449387550354004e-01,8.787915625000000000e+04,6.282016796875000000e+04,3.748542187500000000e+04,7.043971875000000000e+04,-6.312110205804485083e+07
2.883999999999999897e+00,1.512760634419308303e+02,-7.676614877986354557e+00,-9.418114134540729765e+01,-1.535593066406250000e+04,-2.556254882812500000e+02,2.472947753906250000e+03,2.670828402042388916e-01,4.649071395397186279e-01,7.486398518085479736e-02,2.116420567035675049e-01,-1.512760634419308303e+02,7.676614877986354557e+00,9.418114134540729765e+01,0.000000000000000000e+00,0.000000000000000000e+00,0.000000000000000000e+00,2.670828402042388916e-01,4.649071395397186279e-01,7.486398518085479736e-02,2.116420567035675049e-01,8.799209375000000000e+04,6.293232421875000000e+04,3.726109375000000000e+04,7.047534375000000000e+04,-6.315291552321644872e+07
2.884999999999999787e+00,1.669464840496904401e+02,-8.777782903300350270e+00,-9.196353571560833018e+01,-1.535067675781250000e+04,-2.468284301757812500e+02,2.450468261718750000e+03,2.548130750656127930e-01,4.699569642543792725e-01,7.809384912252426147e-02,2.185735404491424561e-01,-1.669464840496904401e+02,8.777782903300350270e+00,9.196353571560833018e+01,0.000000000000000000e+00,0.000000000000000000e+00,0.000000000000000000e+00,2.548130750656127930e-01,4.699569642543792725e-01,7.809384912252426147e-02,2.185735404491424561e-01,8.805700000000000000e+04,6.304789453125000000e+04,3.704697265625000000e+04,7.055028906250000000e+04,-6.318932099312701821e+07
2.886000000000000121e+00,-1.772844315716754977e+02,-9.223930931732777339e+00,-8.951399476553548595e+01,-1.538343164062500000e+04,-2.269770660400390625e+02,2.457099121093750000e+03,2.422751188278198242e-01,4.733920395374298096e-01,7.887464016675949097e-02,2.246503084897994995e-01,1.772844315716754977e+02,9.223930931732777339e+00,8.951399476553548595e+01,0.000000000000000000e+00,0.000000000000000000e+00,0.000000000000000000e+00,2.422751188278198242e-01,4.733920395374298096e-01,7.887464016675949097e-02,2.246503084897994995e-01,8.803877343750000000e+04,6.315870703125000000e+04,3.686065625000000000e+04,7.066454687500000000e+04,-6.322884859896542877e+07
2.887000000000000011e+00,-1.614563278532394861e+02,-8.964989367722038693e+00,-8.703187694331275281e+01,-1.543333398437500000e+04,-1.982363891601562500e+02,2.464059814453125000e+03,2.989151477813720703e-01,4.232098907232284546e-02,3.831578195095062256e-01,3.311199545860290527e-01,1.614563278532394861e+02,8.964989367722038693e+00,8.703187694331275281e+01,0.000000000000000000e+00,0.000000000000000000e+00,0.000000000000000000e+00,2.989151477813720703e-01,4.232098907232284546e-02,3.831578195095062256e-01,3.311199545860290527e-01,8.792940625000000000e+04,6.326964453125000000e+04,3.668509765625000000e+04,7.077871875000000000e+04,-6.326257166340792179e+07
2.887999999999999901e+00,-1.456551395375205971e+02,-8.014692846309978691e+00,-8.471081072617474206e+01,-1.545603710937500000e+04,-1.720884704589843750e+02,2.486118408203125000e+03,2.902635335922241211e-01,6.084038317203521729e-02,3.854342997074127197e-01,3.361514508724212646e-01,1.456551395375205971e+02,8.014692846309978691e+00,8.471081072617474206e+01,0.000000000000000000e+00,0.000000000000000000e+00,0.000000000000000000e+00,2.902635335922241211e-01,6.084038317203521729e-02,3.854342997074127197e-01,3.361514508724212646e-01,8.804608593750000000e+04,6.304065234375000000e+04,3.679325000000000000e+04,7.089454687500000000e+04,-6.329102723983692378e+07
2.888999999999999790e+00,-1.299692441046791203e+02,-6.461212309300635503e+00,-8.275353574529489720e+01,-1.543682714843750000e+04,-1.535290069580078125e+02,2.489410156250000000e+03,2.811795771121978760e-01,8.226479589939117432e-02,3.832003772258758545e-01,3.381404578685760498e-01,1.299692441046791203e+02,6.461212309300635503e+00,8.275353574529489720e+01,0.000000000000000000e+00,0.000000000000000000e+00,0.000000000000000000e+00,2.811795771121978760e-01,8.226479589939117432e-02,3.832003772258758545e-01,3.381404578685760498e-01,8.815866406250000000e+04,6.281497265625000000e+04,3.690578906250000000e+04,7.100718750000000000e+04,-6.331480913919291645e+07
2.890000000000000124e+00,-1.144239440165184760e+02,-4.441471169726838752e+00,-8.130671519522140045e+01,-1.540541894531250000e+04,-1.431791381835937500e+02,2.483997802734375000e+03,2.745167613029479980e-01,1.057087033987045288e-01,3.752017021179199219e-01,3.369465768337249756e-01,1.144239440165184760e+02,4.441471169726838752e+00,8.130671519522140045e+01,0.000000000000000000e+00,0.000000000000000000e+00,0.000000000000000000e+00,2.745167613029479980e-01,1.057087033987045288e-01,3.752017021179199219e-01,3.369465768337249756e-01,8.827050781250000000e+04,6.259087890625000000e+04,3.701908593750000000e+04,7.111857812500000000e+04,-6.333453248675920069e+07
2.891000000000000014e+00,-9.896986329742317423e+01,-2.102976822435504989e+00,-8.047102575775686262e+01,-1.540395507812500000e+04,-1.277330932617187500e+02,2.487072998046875000e+03,2.694369554519653320e-01,1.314628124237060547e-01,3.606964051723480225e-01,3.321400582790374756e-01,9.896986329742317423e+01,2.102976822435504989e+00,8.047102575775686262e+01,0.000000000000000000e+00,0.000000000000000000e+00,0.000000000000000000e+00,2.694369554519653320e-01,1.314628124237060547e-01,3.606964051723480225e-01,3.321400582790374756e-01,8.838315625000000000e+04,6.236546093750000000e+04,3.713106640625000000e+04,7.123189843750000000e+04,-6.335080752909833193e+07
2.891999999999999904e+00,-8.352492320089567102e+01,3.742512444498677371e-01,-8.031618565042190028e+01,-1.544018652343750000e+04,-1.011737747192382812e+02,2.487531250000000000e+03,2.640419602394104004e-01,1.611095666885375977e-01,3.389757573604583740e-01,3.224779367446899414e-01,8.352492320089567102e+01,-3.742512444498677371e-01,8.031618565042190028e+01,0.000000000000000000e+00,0.000000000000000000e+00,0.000000000000000000e+00,2.640419602394104004e-01,1.611095666885375977e-01,3.389757573604583740e-01,3.224779367446899414e-01,8.845978125000000000e+04,6.214053515625000000e+04,3.724387109375000000e+04,7.134523437500000000e+04,-6.336423477163547277e+07
2.892999999999999794e+00,-6.802475284256858856e+01,2.820388120989214542e+00,-8.086821369335918064e+01,-1.548231054687500000e+04,-6.636077880859375000e+01,2.514366699218750000e+03,2.588212490081787109e-01,1.945644617080688477e-01,3.095921277999877930e-01,3.074555099010467529e-01,6.802475284256858856e+01,-2.820388120989214542e+00,8.086821369335918064e+01,0.000000000000000000e+00,0.000000000000000000e+00,0.000000000000000000e+00,2.588212490081787109e-01,1.945644617080688477e-01,3.095921277999877930e-01,3.074555099010467529e-01,8.850050000000000000e+04,6.202684765625000000e+04,3.735126953125000000e+04,7.146217968750000000e+04,-6.337540976120987535e+07
2.894000000000000128e+00,-5.245045768688410703e+01,5.001645100809280819e+00,-8.207668019950565963e+01,-1.548940820312500000e+04,-3.617470932006835938e+01,2.499597656250000000e+03,2.527943849563598633e-01,2.304838001728057861e-01,2.733684480190277100e-01,2.878503203392028809e-01,5.245045768688410703e+01,-5.001645100809280819e+00,8.207668019950565963e+01,0.000000000000000000e+00,0.000000000000000000e+00,0.000000000000000000e+00,2.527943849563598633e-01,2.304838001728057861e-01,2.733684480190277100e-01,2.878503203392028809e-01,8.853339062500000000e+04,6.214218359375000000e+04,3.746678515625000000e+04,7.157172656250000000e+04,-6.338492240960772336e+07
2.895000000000000018e+00,-3.680905058931023888e+01,6.767980281538130249e+00,-8.385162228737387125e+01,-1.545693750000000000e+04,-1.656742095947265625e+01,2.504931152343750000e+03,2.513213753700256348e-01,2.652381658554077148e-01,2.321719974279403687e-01,2.657990455627441406e-01,3.680905058931023888e+01,-6.767980281538130249e+00,8.385162228737387125e+01,0.000000000000000000e+00,0.000000000000000000e+00,0.000000000000000000e+00,2.513213753700256348e-01,2.652381658554077148e-01,2.321719974279403687e-01,2.657990455627441406e-01,8.848860156250000000e+04,6.225421875000000000e+04,3.757860156250000000e+04,7.168484375000000000e+04,-6.339335421593032777e+07
2.895999999999999908e+00,-2.110132949235182309e+01,7.967997097103642012e+00,-8.602640375646558368e+01,-1.542638964843750000e+04,-5.709966182708740234e+00,2.475614501953125000e+03,2.508510947227478027e-01,2.970505058765411377e-01,1.903677135705947876e-01,2.443183958530426025e-01,2.110132949235182309e+01,-7.967997097103642012e+00,8.602640375646558368e+01,0.000000000000000000e+00,0.000000000000000000e+00,0.000000000000000000e+00,2.508510947227478027e-01,2.970505058765411377e-01,1.903677135705947876e-01,2.443183958530426025e-01,8.843882031250000000e+04,6.237207812500000000e+04,3.769542968750000000e+04,7.179259375000000000e+04,-6.340126351315768063e+07
2.896999999999999797e+00,-5.319001706045648703e+00,8.521708269774975975e+00,-8.846495056488902264e+01,-1.543017480468750000e+04,1.256743335723876953e+01,2.483497802734375000e+03,2.535575032234191895e-01,3.253080844879150391e-01,1.507795304059982300e-01,2.248216271400451660e-01,5.319001706045648703e+00,-8.521708269774975975e+00,8.846495056488902264e+01,0.000000000000000000e+00,0.000000000000000000e+00,0.000000000000000000e+00,2.535575032234191895e-01,3.253080844879150391e-01,1.507795304059982300e-01,2.248216271400451660e-01,8.838636718750000000e+04,6.248380078125000000e+04,3.780716796875000000e+04,7.190718750000000000e+04,-6.340919047192711383e+07
2.898000000000000131e+00,1.051933976950678229e+01,8.370650747509193579e+00,-9.094804691293715848e+01,-1.547118750000000000e+04,3.957183074951171875e+01,2.467982177734375000e+03,2.538880109786987305e-01,3.506183624267578125e-01,1.171877905726432800e-01,2.082651257514953613e-01,-1.051933976950678229e+01,-8.370650747509193579e+00,9.094804691293715848e+01,0.000000000000000000e+00,0.000000000000000000e+00,0.000000000000000000e+00,2.538880109786987305e-01,3.506183624267578125e-01,1.171877905726432800e-01,2.082651257514953613e-01,8.832725000000000000e+04,6.259946875000000000e+04,3.792211328125000000e+04,7.201721093750000000e+04,-6.341764274346751720e+07
2.899000000000000021e+00,2.634964609864613649e+01,7.521067831261716741e+00,-9.329114691631659184e+01,-1.550394531250000000e+04,7.226514434814453125e+01,2.477714599609375000e+03,2.553927600383758545e-01,3.738893270492553711e-01,8.989444375038146973e-02,1.941674798727035522e-01,-2.634964609864613649e+01,-7.521067831261716741e+00,9.329114691631659184e+01,0.000000000000000000e+00,0.000000000000000000e+00,0.000000000000000000e+00,2.553927600383758545e-01,3.738893270492553711e-01,8.989444375038146973e-02,1.941674798727035522e-01,8.829407031250000000e+04,6.271094921875000000e+04,3.803295703125000000e+04,7.213084375000000000e+04,-6.342709685187132657e+07
2.899999999999999911e+00,4.208289240470935511e+01,6.067218304405476381e+00,-9.527150032966200399e+01,-1.549657031250000000e+04,9.659803771972656250e+01,2.451044433593750000e+03,2.563694119453430176e-01,3.949683010578155518e-01,7.046337425708770752e-02,1.830726861953735352e-01,-4.208289240470935511e+01,-6.067218304405476381e+00,9.527150032966200399e+01,0.000000000000000000e+00,0.000000000000000000e+00,0.000000000000000000e+00,2.563694119453430176e-01,3.949683010578155518e-01,7.046337425708770752e-02,1.830726861953735352e-01,8.825703906250000000e+04,6.282845703125000000e+04,3.792657031250000000e+04,7.203458593750000000e+04,-6.343798129161749035e+07
2.900999999999999801e+00,5.767530040774035882e+01,4.118662395197454806e+00,-9.677669157184324433e+01,-1.545638964843750000e+04,1.094015197753906250e+02,2.463580566406250000e+03,2.623609006404876709e-01,4.146107435226440430e-01,5.776924639940261841e-02,1.742476075887680054e-01,-5.767530040774035882e+01,-4.118662395197454806e+00,9.677669157184324433e+01,0.000000000000000000e+00,0.000000000000000000e+00,0.000000000000000000e+00,2.623609006404876709e-01,4.146107435226440430e-01,5.776924639940261841e-02,1.742476075887680054e-01,8.824630468750000000e+04,6.293930468750000000e+04,3.769880859375000000e+04,7.186324218750000000e+04,-6.345069042330612987e+07
2.902000000000000135e+00,7.315534746265576871e+01,1.849520304580494212e+00,-9.768605169844391867e+01,-1.543035644531250000e+04,1.185294494628906250e+02,2.448631835937500000e+03,2.684031426906585693e-01,4.319456517696380615e-01,5.283704027533531189e-02,1.686591804027557373e-01,-7.315534746265576871e+01,-1.849520304580494212e+00,9.768605169844391867e+01,0.000000000000000000e+00,0.000000000000000000e+00,0.000000000000000000e+00,2.684031426906585693e-01,4.319456517696380615e-01,5.283704027533531189e-02,1.686591804027557373e-01,8.827289062500000000e+04,6.305452734375000000e+04,3.747662109375000000e+04,7.163639843750000000e+04,-6.346558811359030008e+07
2.903000000000000025e+00,8.860675004234157370e+01,-5.979985078191580872e-01,-9.794119693801202686e+01,-1.544624121093750000e+04,1.363822479248046875e+02,2.464479980468750000e+03,2.765752971172332764e-01,4.484141767024993896e-01,5.315006151795387268e-02,1.648205071687698364e-01,-8.860675004234157370e+01,5.979985078191580872e-01,9.794119693801202686e+01,0.000000000000000000e+00,0.000000000000000000e+00,0.000000000000000000e+00,2.765752971172332764e-01,4.484141767024993896e-01,5.315006151795387268e-02,1.648205071687698364e-01,8.830512500000000000e+04,6.316433984375000000e+04,3.724910546875000000e+04,7.141404687500000000e+04,-6.348303210540322959e+07
2.903999999999999915e+00,1.041157105334663129e+02,-3.015464974029459455e+00,-9.750740756481258131e+01,-1.549290234375000000e+04,1.635941619873046875e+02,2.458093261718750000e+03,2.789123654365539551e-01,4.627744257450103760e-01,5.758328363299369812e-02,1.638793796300888062e-01,-1.041157105334663129e+02,3.015464974029459455e+00,9.750740756481258131e+01,0.000000000000000000e+00,0.000000000000000000e+00,0.000000000000000000e+00,2.789123654365539551e-01,4.627744257450103760e-01,5.758328363299369812e-02,1.638793796300888062e-01,8.837461718750000000e+04,6.327757812500000000e+04,3.702439453125000000e+04,7.118735156250000000e+04,-6.350338897414214164e+07
2.904999999999999805e+00,1.197165940474585142e+02,-5.224976924359837405e+00,-9.640951834280737387e+01,-1.551959179687500000e+04,1.918859863281250000e+02,2.466054931640625000e+03,2.770139873027801514e-01,4.749951064586639404e-01,6.292583048343658447e-02,1.654727905988693237e-01,-1.197165940474585142e+02,5.224976924359837405e+00,9.640951834280737387e+01,0.000000000000000000e+00,0.000000000000000000e+00,0.000000000000000000e+00,2.770139873027801514e-01,4.749951064586639404e-01,6.292583048343658447e-02,1.654727905988693237e-01,8.848907031250000000e+04,6.338818750000000000e+04,3.679850390625000000e+04,7.096321875000000000e+04,-6.352704313264341652e+07
2.906000000000000139e+00,1.354041617615549455e+02,-7.057185751337819113e+00,-9.472809950091620124e+01,-1.550524218750000000e+04,2.090946807861328125e+02,2.479018310546875000e+03,2.690670192241668701e-01,4.837996661663055420e-01,6.768830865621566772e-02,1.700969636440277100e-01,-1.354041617615549455e+02,7.057185751337819113e+00,9.472809950091620124e+01,0.000000000000000000e+00,0.000000000000000000e+00,0.000000000000000000e+00,2.690670192241668701e-01,4.837996661663055420e-01,6.768830865621566772e-02,1.700969636440277100e-01,8.860322656250000000e+04,6.349784765625000000e+04,3.657108203125000000e+04,7.074020312500000000e+04,-6.355440063637155294e+07
2.907000000000000028e+00,1.511625478874597093e+02,-8.376995615575994591e+00,-9.258287361671736448e+01,-1.546780761718750000e+04,2.137620239257812500e+02,2.500633789062500000e+03,2.576519548892974854e-01,4.892953932285308838e-01,7.074200361967086792e-02,1.770225167274475098e-01,-1.511625478874597093e+02,8.376995615575994591e+00,9.258287361671736448e+01,0.000000000000000000e+00,0.000000000000000000e+00,0.000000000000000000e+00,2.576519548892974854e-01,4.892953932285308838e-01,7.074200361967086792e-02,1.770225167274475098e-01,8.871975781250000000e+04,6.360610546875000000e+04,3.634241015625000000e+04,7.051931250000000000e+04,-6.358589251479805261e+07
2.907999999999999918e+00,1.669923419852738107e+02,-9.074112487963285290e+00,-9.012479375651817293e+01,-1.545432910156250000e+04,2.172455444335937500e+02,2.525995605468750000e+03,2.440510094165802002e-01,4.922045767307281494e-01,7.163522392511367798e-02,1.847116798162460327e-01,-1.669923419852738107e+02,9.074112487963285290e+00,9.012479375651817293e+01,0.000000000000000000e+00,0.000000000000000000e+00,0.000000000000000000e+00,2.440510094165802002e-01,4.922045767307281494e-01,7.163522392511367798e-02,1.847116798162460327e-01,8.878946875000000000e+04,6.371391015625000000e+04,3.611339062500000000e+04,7.029900000000000000e+04,-6.362198377504687756e+07
2.908999999999999808e+00,-1.771139779031695412e+02,-9.072288869203651629e+00,-8.754762801491671098e+01,-1.548465625000000000e+04,2.270017089843750000e+02,2.542572509765625000e+03,2.293721288442611694e-01,4.937671124935150146e-01,6.993737071752548218e-02,1.908871531486511230e-01,1.771139779031695412e+02,9.072288869203651629e+00,8.754762801491671098e+01,0.000000000000000000e+00,0.000000000000000000e+00,0.000000000000000000e+00,2.293721288442611694e-01,4.937671124935150146e-01,6.993737071752548218e-02,1.908871531486511230e-01,8.867759375000000000e+04,6.382342968750000000e+04,3.589260937500000000e+04,7.018135156250000000e+04,-6.366110002981192619e+07
2.910000000000000142e+00,-1.612042495878096418e+02,-8.352564227697714117e+00,-8.505966497707564145e+01,-1.553020996093750000e+04,2.449729309082031250e+02,2.558550537109375000e+03,2.847391664981842041e-01,7.725310325622558594e-02,3.780742585659027100e-01,3.069799542427062988e-01,1.612042495878096418e+02,8.352564227697714117e+00,8.505966497707564145e+01,0.000000000000000000e+00,0.000000000000000000e+00,0.000000000000000000e+00,2.847391664981842041e-01,7.725310325622558594e-02,3.780742585659027100e-01,3.069799542427062988e-01,8.846059375000000000e+04,6.393328125000000000e+04,3.566540234375000000e+04,7.011312500000000000e+04,-6.369439175183228403e+07
2.911000000000000032e+00,-1.453611813977634597e+02,-6.970521048539304765e+00,-8.286292086039263438e+01,-1.554751171875000000e+04,2.562891845703125000e+02,2.573899902343750000e+03,2.751337289810180664e-01,9.766829758882522583e-02,3.789379894733428955e-01,3.099066019058227539e-01,1.453611813977634597e+02,6.970521048539304765e+00,8.286292086039263438e+01,0.000000000000000000e+00,0.000000000000000000e+00,0.000000000000000000e+00,2.751337289810180664e-01,9.766829758882522583e-02,3.789379894733428955e-01,3.099066019058227539e-01,8.857572656250000000e+04,6.370577343750000000e+04,3.577526171875000000e+04,7.022790625000000000e+04,-6.372243647670684010e+07
2.911999999999999922e+00,-1.296539506407852684e+02,-5.027223235163337911e+00,-8.111154727306197287e+01,-1.552147363281250000e+04,2.569757690429687500e+02,2.604939453125000000e+03,2.665155529975891113e-01,1.201619431376457214e-01,3.745042085647583008e-01,3.097558021545410156e-01,1.296539506407852684e+02,5.027223235163337911e+00,8.111154727306197287e+01,0.000000000000000000e+00,0.000000000000000000e+00,0.000000000000000000e+00,2.665155529975891113e-01,1.201619431376457214e-01,3.745042085647583008e-01,3.097558021545410156e-01,8.869289062500000000e+04,6.347575000000000000e+04,3.588267187500000000e+04,7.034564062500000000e+04,-6.374585097969809175e+07
2.912999999999999812e+00,-1.140883865133423853e+02,-2.681004533645937382e+00,-7.994137095943040094e+01,-1.548418652343750000e+04,2.479659729003906250e+02,2.616892333984375000e+03,2.586621642112731934e-01,1.446743309497833252e-01,3.636296987533569336e-01,3.062260448932647705e-01,1.140883865133423853e+02,2.681004533645937382e+00,7.994137095943040094e+01,0.000000000000000000e+00,0.000000000000000000e+00,0.000000000000000000e+00,2.586621642112731934e-01,1.446743309497833252e-01,3.636296987533569336e-01,3.062260448932647705e-01,8.880425000000000000e+04,6.324897265625000000e+04,3.599351171875000000e+04,7.046085937500000000e+04,-6.376526495021149516e+07
2.914000000000000146e+00,-9.859485912920703754e+01,-7.763269094300478956e-02,-7.942968667211513889e+01,-1.547844238281250000e+04,2.423101196289062500e+02,2.650178955078125000e+03,2.531425952911376953e-01,1.707228422164916992e-01,3.458259403705596924e-01,2.991121411323547363e-01,9.859485912920703754e+01,7.763269094300478956e-02,7.942968667211513889e+01,0.000000000000000000e+00,0.000000000000000000e+00,0.000000000000000000e+00,2.531425952911376953e-01,1.707228422164916992e-01,3.458259403705596924e-01,2.991121411323547363e-01,8.879971875000000000e+04,6.301871093750000000e+04,3.609977734375000000e+04,7.057939062500000000e+04,-6.378128497760986537e+07
2.915000000000000036e+00,-8.307536375162575837e+01,2.561654547015174366e+00,-7.963774916591189879e+01,-1.551221777343750000e+04,2.472332916259765625e+02,2.644045654296875000e+03,2.467163950204849243e-01,1.999172568321228027e-01,3.207450807094573975e-01,2.874671220779418945e-01,8.307536375162575837e+01,-2.561654547015174366e+00,7.963774916591189879e+01,0.000000000000000000e+00,0.000000000000000000e+00,0.000000000000000000e+00,2.467163950204849243e-01,1.999172568321228027e-01,3.207450807094573975e-01,2.874671220779418945e-01,8.878855468750000000e+04,6.279508984375000000e+04,3.621388671875000000e+04,7.069048437500000000e+04,-6.379454522683855891e+07
2.915999999999999925e+00,-6.746337429505315697e+01,5.065704113783930040e+00,-8.056661843139333712e+01,-1.554738085937500000e+04,2.605146484375000000e+02,2.665543945312500000e+03,2.425732314586639404e-01,2.313751280307769775e-01,2.882731258869171143e-01,2.707741260528564453e-01,6.746337429505315697e+01,-5.065704113783930040e+00,8.056661843139333712e+01,0.000000000000000000e+00,0.000000000000000000e+00,0.000000000000000000e+00,2.425732314586639404e-01,2.313751280307769775e-01,2.882731258869171143e-01,2.707741260528564453e-01,8.874308593750000000e+04,6.274153906250000000e+04,3.632271484375000000e+04,7.080614062500000000e+04,-6.380561317507347465e+07
2.916999999999999815e+00,-5.174526236085818454e+01,7.207695428910341207e+00,-8.213904991244412201e+01,-1.554719726562500000e+04,2.657124633789062500e+02,2.646667724609375000e+03,2.379445880651473999e-01,2.641045153141021729e-01,2.499528974294662476e-01,2.504169344902038574e-01,5.174526236085818454e+01,-7.207695428910341207e+00,8.213904991244412201e+01,0.000000000000000000e+00,0.000000000000000000e+00,0.000000000000000000e+00,2.379445880651473999e-01,2.641045153141021729e-01,2.499528974294662476e-01,2.504169344902038574e-01,8.861521093750000000e+04,6.285778515625000000e+04,3.643841015625000000e+04,7.091527343750000000e+04,-6.381508952164418250e+07
2.918000000000000149e+00,-3.593880199034992273e+01,8.864190879072069151e+00,-8.425729681436502005e+01,-1.550746582031250000e+04,2.590724182128906250e+02,2.668257812500000000e+03,2.376832216978073120e-01,2.949076294898986816e-01,2.082678675651550293e-01,2.287889719009399414e-01,3.593880199034992273e+01,-8.864190879072069151e+00,8.425729681436502005e+01,0.000000000000000000e+00,0.000000000000000000e+00,0.000000000000000000e+00,2.376832216978073120e-01,2.949076294898986816e-01,2.082678675651550293e-01,2.287889719009399414e-01,8.849777343750000000e+04,6.296726953125000000e+04,3.654766406250000000e+04,7.103168750000000000e+04,-6.382355898507908732e+07
2.919000000000000039e+00,-2.005690601676266738e+01,9.895337836710204726e+00,-8.674508933813110900e+01,-1.547357714843750000e+04,2.426758117675781250e+02,2.659343994140625000e+03,2.374450862407684326e-01,3.222536444664001465e-01,1.678472310304641724e-01,2.093192636966705322e-01,2.005690601676266738e+01,-9.895337836710204726e+00,8.674508933813110900e+01,0.000000000000000000e+00,0.000000000000000000e+00,0.000000000000000000e+00,2.374450862407684326e-01,3.222536444664001465e-01,1.678472310304641724e-01,2.093192636966705322e-01,8.834364843750000000e+04,6.308173046875000000e+04,3.666098046875000000e+04,7.114350000000000000e+04,-6.383158389279323816e+07
2.919999999999999929e+00,-4.105493414745805758e+00,1.022647676278364948e+01,-8.944364697149248400e+01,-1.547708203125000000e+04,2.330815582275390625e+02,2.675637695312500000e+03,2.397784888744354248e-01,3.461967706680297852e-01,1.308874189853668213e-01,1.926906704902648926e-01,4.105493414745805758e+00,-1.022647676278364948e+01,8.944364697149248400e+01,0.000000000000000000e+00,0.000000000000000000e+00,0.000000000000000000e+00,2.397784888744354248e-01,3.461967706680297852e-01,1.308874189853668213e-01,1.926906704902648926e-01,8.819640625000000000e+04,6.319179296875000000e+04,3.677135937500000000e+04,7.125873437500000000e+04,-6.383970549467995763e+07
2.920999999999999819e+00,1.187790574929208276e+01,9.815101771509135986e+00,-9.211291071530091301e+01,-1.551605859375000000e+04,2.329161834716796875e+02,2.658485107421875000e+03,2.403629124164581299e-01,3.674053847789764404e-01,1.002105325460433960e-01,1.795668601989746094e-01,-1.187790574929208276e+01,-9.815101771509135986e+00,9.211291071530091301e+01,0.000000000000000000e+00,0.000000000000000000e+00,0.000000000000000000e+00,2.403629124164581299e-01,3.674053847789764404e-01,1.002105325460433960e-01,1.795668601989746094e-01,8.804429687500000000e+04,6.330715625000000000e+04,3.688678125000000000e+04,7.129825781250000000e+04,-6.384842770386817306e+07
2.922000000000000153e+00,2.781880945674847538e+01,8.691643496852206496e+00,-9.456686605616179975e+01,-1.554341406250000000e+04,2.349071197509765625e+02,2.667743896484375000e+03,2.424258738756179810e-01,3.872958719730377197e-01,7.576439529657363892e-02,1.688997000455856323e-01,-2.781880945674847538e+01,-8.691643496852206496e+00,9.456686605616179975e+01,0.000000000000000000e+00,0.000000000000000000e+00,0.000000000000000000e+00,2.424258738756179810e-01,3.872958719730377197e-01,7.576439529657363892e-02,1.688997000455856323e-01,8.791831250000000000e+04,6.341780859375000000e+04,3.699747656250000000e+04,7.121642968750000000e+04,-6.385822002685012668e+07
2.923000000000000043e+00,4.363071483956929342e+01,6.958778815904288706e+00,-9.660869134273755776e+01,-1.553104687500000000e+04,2.261914367675781250e+02,2.662083007812500000e+03,2.439533621072769165e-01,4.050632119178771973e-01,5.915191769599914551e-02,1.618104130029678345e-01,-4.363071483956929342e+01,-6.958778815904288706e+00,9.660869134273755776e+01,0.000000000000000000e+00,0.000000000000000000e+00,0.000000000000000000e+00,2.439533621072769165e-01,4.050632119178771973e-01,5.915191769599914551e-02,1.618104130029678345e-01,8.779582031250000000e+04,6.353070312500000000e+04,3.699660546875000000e+04,7.103446093750000000e+04,-6.386950532997310162e+07
2.923999999999999932e+00,5.927871476352383695e+01,4.733271865825183333e+00,-9.813112956404263798e+01,-1.549004394531250000e+04,2.027150421142578125e+02,2.692502685546875000e+03,2.488305270671844482e-01,4.213574826717376709e-01,4.959117621183395386e-02,1.575694829225540161e-01,-5.927871476352383695e+01,-4.733271865825183333e+00,9.813112956404263798e+01,0.000000000000000000e+00,0.000000000000000000e+00,0.000000000000000000e+00,2.488305270671844482e-01,4.213574826717376709e-01,4.959117621183395386e-02,1.575694829225540161e-01,8.770941406250000000e+04,6.363744921875000000e+04,3.676588671875000000e+04,7.081514062500000000e+04,-6.388267141844918579e+07
2.924999999999999822e+00,7.480373734254952467e+01,2.184596223588161301e+00,-9.902329012728840496e+01,-1.546831445312500000e+04,1.746085968017578125e+02,2.702339355468750000e+03,2.538557648658752441e-01,4.353880286216735840e-01,4.759423807263374329e-02,1.569529473781585693e-01,-7.480373734254952467e+01,-2.184596223588161301e+00,9.902329012728840496e+01,0.000000000000000000e+00,0.000000000000000000e+00,0.000000000000000000e+00,2.538557648658752441e-01,4.353880286216735840e-01,4.759423807263374329e-02,1.569529473781585693e-01,8.765567187500000000e+04,6.374766796875000000e+04,3.653959375000000000e+04,7.059205468750000000e+04,-6.389807740201789141e+07
2.926000000000000156e+00,9.029917436207298920e+01,-5.184532171309451654e-01,-9.922194628954898121e+01,-1.548966015625000000e+04,1.538982849121093750e+02,2.714253417968750000e+03,2.602896392345428467e-01,4.487586319446563721e-01,5.088822543621063232e-02,1.582254916429519653e-01,-9.029917436207298920e+01,5.184532171309451654e-01,9.922194628954898121e+01,0.000000000000000000e+00,0.000000000000000000e+00,0.000000000000000000e+00,2.602896392345428467e-01,4.487586319446563721e-01,5.088822543621063232e-02,1.582254916429519653e-01,8.764062500000000000e+04,6.385772265625000000e+04,3.631269531250000000e+04,7.036849218750000000e+04,-6.391607660632758588e+07
2.927000000000000046e+00,1.058541896877112123e+02,-3.185776672669544674e+00,-9.870003114739040484e+01,-1.553522949218750000e+04,1.421999053955078125e+02,2.722474609375000000e+03,2.631068229675292969e-01,4.607997238636016846e-01,5.777202174067497253e-02,1.618499755859375000e-01,-1.058541896877112123e+02,3.185776672669544674e+00,9.870003114739040484e+01,0.000000000000000000e+00,0.000000000000000000e+00,0.000000000000000000e+00,2.631068229675292969e-01,4.607997238636016846e-01,5.777202174067497253e-02,1.618499755859375000e-01,8.767052343750000000e+04,6.396864843750000000e+04,3.608565234375000000e+04,7.014430468750000000e+04,-6.393703356112353504e+07
2.927999999999999936e+00,1.215082051706853576e+02,-5.618666332610349201e+00,-9.748869123599909869e+01,-1.555809179687500000e+04,1.294179382324218750e+02,2.721435058593750000e+03,2.605460882186889648e-01,4.707733392715454102e-01,6.571885198354721069e-02,1.680903881788253784e-01,-1.215082051706853576e+02,5.618666332610349201e+00,9.748869123599909869e+01,0.000000000000000000e+00,0.000000000000000000e+00,0.000000000000000000e+00,2.605460882186889648e-01,4.707733392715454102e-01,6.571885198354721069e-02,1.680903881788253784e-01,8.771880468750000000e+04,6.408135156250000000e+04,3.586119531250000000e+04,6.991877343750000000e+04,-6.396133341937760264e+07
2.928999999999999826e+00,1.372618300253354562e+02,-7.668800400994915556e+00,-9.565673860192831057e+01,-1.553865820312500000e+04,1.060493698120117188e+02,2.747506103515625000e+03,2.535503506660461426e-01,4.779624342918395996e-01,7.260581851005554199e-02,1.769264936447143555e-01,-1.372618300253354562e+02,7.668800400994915556e+00,9.565673860192831057e+01,0.000000000000000000e+00,0.000000000000000000e+00,0.000000000000000000e+00,2.535503506660461426e-01,4.779624342918395996e-01,7.260581851005554199e-02,1.769264936447143555e-01,8.775192968750000000e+04,6.418971093750000000e+04,3.563129296875000000e+04,6.969821875000000000e+04,-6.398938325149905682e+07
2.930000000000000160e+00,1.531062332366052203e+02,-9.172036966233321209e+00,-9.334703014894586204e+01,-1.550315722656250000e+04,7.077590179443359375e+01,2.742367675781250000e+03,2.415311336517333984e-01,4.817219674587249756e-01,7.781355082988739014e-02,1.881135404109954834e-01,-1.531062332366052203e+02,9.172036966233321209e+00,9.334703014894586204e+01,0.000000000000000000e+00,0.000000000000000000e+00,0.000000000000000000e+00,2.415311336517333984e-01,4.817219674587249756e-01,7.781355082988739014e-02,1.881135404109954834e-01,8.772903906250000000e+04,6.430337109375000000e+04,3.543473828125000000e+04,6.953262500000000000e+04,-6.402162256445469707e+07
2.931000000000000050e+00,1.690464234487293140e+02,-1.002999001186002204e+01,-9.069392075036871859e+01,-1.549461718750000000e+04,3.705826568603515625e+01,2.761177734375000000e+03,2.295504361391067505e-01,4.835937321186065674e-01,8.012403547763824463e-02,1.993770748376846313e-01,-1.690464234487293140e+02,1.002999001186002204e+01,9.069392075036871859e+01,0.000000000000000000e+00,0.000000000000000000e+00,0.000000000000000000e+00,2.295504361391067505e-01,4.835937321186065674e-01,8.012403547763824463e-02,1.993770748376846313e-01,8.762421093750000000e+04,6.441313671875000000e+04,3.528191796875000000e+04,6.945996093750000000e+04,-6.405852524569621682e+07
2.931999999999999940e+00,-1.749357181730221669e+02,-1.015857371636801432e+01,-8.792784565505597527e+01,-1.553002929687500000e+04,1.154256057739257812e+01,2.734619384765625000e+03,2.151201516389846802e-01,4.840095043182373047e-01,7.969262450933456421e-02,2.088631987571716309e-01,1.749357181730221669e+02,1.015857371636801432e+01,8.792784565505597527e+01,0.000000000000000000e+00,0.000000000000000000e+00,0.000000000000000000e+00,2.151201516389846802e-01,4.840095043182373047e-01,7.969262450933456421e-02,2.088631987571716309e-01,8.742641406250000000e+04,6.453056250000000000e+04,3.515882812500000000e+04,6.946589843750000000e+04,-6.409696225385041535e+07
2.932999999999999829e+00,-1.588992056942954321e+02,-9.544787417352498693e+00,-8.523193898004238633e+01,-1.557221679687500000e+04,-3.500777482986450195e+00,2.734533691406250000e+03,2.748266458511352539e-01,6.479272246360778809e-02,3.851564824581146240e-01,3.222153484821319580e-01,1.588992056942954321e+02,9.544787417352498693e+00,8.523193898004238633e+01,0.000000000000000000e+00,0.000000000000000000e+00,0.000000000000000000e+00,2.748266458511352539e-01,6.479272246360778809e-02,3.851564824581146240e-01,3.222153484821319580e-01,8.720188281250000000e+04,6.464367968750000000e+04,3.503150000000000000e+04,6.954718750000000000e+04,-6.412956679780983180e+07
2.934000000000000163e+00,-1.429399948679547663e+02,-8.250209241328825271e+00,-8.282864822440990338e+01,-1.558452832031250000e+04,-2.291115951538085938e+01,2.712573486328125000e+03,2.662487924098968506e-01,8.127790689468383789e-02,3.872416019439697266e-01,3.287970423698425293e-01,1.429399948679547663e+02,8.250209241328825271e+00,8.282864822440990338e+01,0.000000000000000000e+00,0.000000000000000000e+00,0.000000000000000000e+00,2.662487924098968506e-01,8.127790689468383789e-02,3.872416019439697266e-01,3.287970423698425293e-01,8.731038281250000000e+04,6.442278125000000000e+04,3.514704296875000000e+04,6.965575781250000000e+04,-6.415692729086188972e+07
2.935000000000000053e+00,-1.271322723563096559e+02,-6.370110993024886703e+00,-8.086186436178351755e+01,-1.555451171875000000e+04,-4.862548828125000000e+01,2.717153808593750000e+03,2.598240673542022705e-01,9.953416883945465088e-02,3.844314813613891602e-01,3.326987028121948242e-01,1.271322723563096559e+02,6.370110993024886703e+00,8.086186436178351755e+01,0.000000000000000000e+00,0.000000000000000000e+00,0.000000000000000000e+00,2.598240673542022705e-01,9.953416883945465088e-02,3.844314813613891602e-01,3.326987028121948242e-01,8.739112500000000000e+04,6.419723046875000000e+04,3.525938281250000000e+04,6.976909375000000000e+04,-6.417966912495849282e+07
2.935999999999999943e+00,-1.114791383833085234e+02,-4.053508897198917715e+00,-7.946558439240924088e+01,-1.552338574218750000e+04,-7.902461242675781250e+01,2.708960205078125000e+03,2.533747553825378418e-01,1.203639283776283264e-01,3.754291236400604248e-01,3.332051932811737061e-01,1.114791383833085234e+02,4.053508897198917715e+00,7.946558439240924088e+01,0.000000000000000000e+00,0.000000000000000000e+00,0.000000000000000000e+00,2.533747553825378418e-01,1.203639283776283264e-01,3.754291236400604248e-01,3.332051932811737061e-01,8.742083593750000000e+04,6.397345312500000000e+04,3.537326953125000000e+04,6.988092968750000000e+04,-6.419842793329038471e+07
2.936999999999999833e+00,-9.591335610628564723e+01,-1.447827837819104513e+00,-7.872368741304002526e+01,-1.552727246093750000e+04,-1.034002380371093750e+02,2.715333740234375000e+03,2.486258000135421753e-01,1.434223055839538574e-01,3.598013222217559814e-01,3.300965726375579834e-01,9.591335610628564723e+01,1.447827837819104513e+00,7.872368741304002526e+01,0.000000000000000000e+00,0.000000000000000000e+00,0.000000000000000000e+00,2.486258000135421753e-01,1.434223055839538574e-01,3.598013222217559814e-01,3.300965726375579834e-01,8.740714062500000000e+04,6.374688281250000000e+04,3.548465625000000000e+04,6.999504687500000000e+04,-6.421382682033530623e+07
2.938000000000000167e+00,-8.034205125105648904e+01,1.263125288423457393e+00,-7.869807698187914013e+01,-1.556835644531250000e+04,-1.145222167968750000e+02,2.717020507812500000e+03,2.433066964149475098e-01,1.701460182666778564e-01,3.368582725524902344e-01,3.222805857658386230e-01,8.034205125105648904e+01,-1.263125288423457393e+00,7.869807698187914013e+01,0.000000000000000000e+00,0.000000000000000000e+00,0.000000000000000000e+00,2.433066964149475098e-01,1.701460182666778564e-01,3.368582725524902344e-01,3.222805857658386230e-01,8.735769531250000000e+04,6.352084765625000000e+04,3.559723437500000000e+04,7.010753906250000000e+04,-6.422647664834067225e+07
2.939000000000000057e+00,-6.470244933911003216e+01,3.880082735763627166e+00,-7.939674302605315859e+01,-1.560534082031250000e+04,-1.205317077636718750e+02,2.714138671875000000e+03,2.384911775588989258e-01,2.003104090690612793e-01,3.063054680824279785e-01,3.092008829116821289e-01,6.470244933911003216e+01,-3.880082735763627166e+00,7.939674302605315859e+01,0.000000000000000000e+00,0.000000000000000000e+00,0.000000000000000000e+00,2.384911775588989258e-01,2.003104090690612793e-01,3.063054680824279785e-01,3.092008829116821289e-01,8.727094531250000000e+04,6.344853125000000000e+04,3.570951171875000000e+04,7.021909375000000000e+04,-6.423698195313633233e+07
2.939999999999999947e+00,-4.897667643327243781e+01,6.216724188403230933e+00,-8.077198372739243837e+01,-1.560181542968750000e+04,-1.315648498535156250e+02,2.713755371093750000e+03,2.352021634578704834e-01,2.318588197231292725e-01,2.690614163875579834e-01,2.920056879520416260e-01,4.897667643327243781e+01,-6.216724188403230933e+00,8.077198372739243837e+01,0.000000000000000000e+00,0.000000000000000000e+00,0.000000000000000000e+00,2.352021634578704834e-01,2.318588197231292725e-01,2.690614163875579834e-01,2.920056879520416260e-01,8.715108593750000000e+04,6.356046093750000000e+04,3.582269140625000000e+04,7.033126562500000000e+04,-6.424594342898567766e+07
2.940999999999999837e+00,-3.316398625004830336e+01,8.102771143847323998e+00,-8.271456487265125190e+01,-1.556764257812500000e+04,-1.558885498046875000e+02,2.700449462890625000e+03,2.340094298124313354e-01,2.622769176959991455e-01,2.277315855026245117e-01,2.729805409908294678e-01,3.316398625004830336e+01,-8.102771143847323998e+00,8.271456487265125190e+01,0.000000000000000000e+00,0.000000000000000000e+00,0.000000000000000000e+00,2.340094298124313354e-01,2.622769176959991455e-01,2.277315855026245117e-01,2.729805409908294678e-01,8.700818750000000000e+04,6.367474609375000000e+04,3.593730078125000000e+04,7.044164062500000000e+04,-6.425395063311195374e+07
2.942000000000000171e+00,-1.725280582456420575e+01,9.419813132972185699e+00,-8.511009885549789544e+01,-1.554332519531250000e+04,-1.836000976562500000e+02,2.711314697265625000e+03,2.356073707342147827e-01,2.895846366882324219e-01,1.858876347541809082e-01,2.547436654567718506e-01,1.725280582456420575e+01,-9.419813132972185699e+00,8.511009885549789544e+01,0.000000000000000000e+00,0.000000000000000000e+00,0.000000000000000000e+00,2.356073707342147827e-01,2.895846366882324219e-01,1.858876347541809082e-01,2.547436654567718506e-01,8.686417968750000000e+04,6.378525000000000000e+04,3.604807812500000000e+04,7.055668750000000000e+04,-6.426158075422742963e+07
2.943000000000000060e+00,-1.238715998263589801e+00,1.005388470796846789e+01,-8.776578102999800990e+01,-1.556199902343750000e+04,-2.058113250732421875e+02,2.693561279296875000e+03,2.366379350423812866e-01,3.136579990386962891e-01,1.474212259054183960e-01,2.389463931322097778e-01,1.238715998263589801e+00,-1.005388470796846789e+01,8.776578102999800990e+01,0.000000000000000000e+00,0.000000000000000000e+00,0.000000000000000000e+00,2.366379350423812866e-01,3.136579990386962891e-01,1.474212259054183960e-01,2.389463931322097778e-01,8.673008593750000000e+04,6.390075390625000000e+04,3.616387890625000000e+04,7.066664062500000000e+04,-6.426938620156227797e+07
2.943999999999999950e+00,1.484698347587043976e+01,9.949659267093368342e+00,-9.050997161736218288e+01,-1.560610351562500000e+04,-2.173787994384765625e+02,2.704150390625000000e+03,2.389827668666839600e-01,3.355270326137542725e-01,1.138239428400993347e-01,2.254994809627532959e-01,-1.484698347587043976e+01,-9.949659267093368342e+00,9.050997161736218288e+01,0.000000000000000000e+00,0.000000000000000000e+00,0.000000000000000000e+00,2.389827668666839600e-01,3.355270326137542725e-01,1.138239428400993347e-01,2.254994809627532959e-01,8.661228906250000000e+04,6.401169921875000000e+04,3.627390625000000000e+04,7.078050000000000000e+04,-6.427789768516232073e+07
2.944999999999999840e+00,3.090966411050073859e+01,9.122435822594848531e+00,-9.308781761278979161e+01,-1.563269531250000000e+04,-2.270455169677734375e+02,2.672078125000000000e+03,2.393844425678253174e-01,3.551859259605407715e-01,8.749248087406158447e-02,2.153125554323196411e-01,-3.090966411050073859e+01,-9.122435822594848531e+00,9.308781761278979161e+01,0.000000000000000000e+00,0.000000000000000000e+00,0.000000000000000000e+00,2.393844425678253174e-01,3.551859259605407715e-01,8.749248087406158447e-02,2.153125554323196411e-01,8.650621875000000000e+04,6.412985156250000000e+04,3.639236718750000000e+04,7.088725000000000000e+04,-6.428760165312099457e+07
2.946000000000000174e+00,4.685461074526173775e+01,7.643178347847558562e+00,-9.533438033745404994e+01,-1.561453222656250000e+04,-2.445776977539062500e+02,2.666860351562500000e+03,2.432816028594970703e-01,3.736484050750732422e-01,6.760601699352264404e-02,2.075379639863967896e-01,-4.685461074526173775e+01,-7.643178347847558562e+00,9.533438033745404994e+01,0.000000000000000000e+00,0.000000000000000000e+00,0.000000000000000000e+00,2.432816028594970703e-01,3.736484050750732422e-01,6.760601699352264404e-02,2.075379639863967896e-01,8.641115625000000000e+04,6.424362500000000000e+04,3.630083203125000000e+04,7.098247656250000000e+04,-6.429894406991866976e+07
2.947000000000000064e+00,6.263864095948070343e+01,5.646885884493886287e+00,-9.708701545904393981e+01,-1.557839550781250000e+04,-2.703466186523437500e+02,2.643058593750000000e+03,2.477329820394515991e-01,3.898590803146362305e-01,5.578369647264480591e-02,2.033237516880035400e-01,-6.263864095948070343e+01,-5.646885884493886287e+00,9.708701545904393981e+01,0.000000000000000000e+00,0.000000000000000000e+00,0.000000000000000000e+00,2.477329820394515991e-01,3.898590803146362305e-01,5.578369647264480591e-02,2.033237516880035400e-01,8.634228906250000000e+04,6.436060156250000000e+04,3.607964843750000000e+04,7.101499218750000000e+04,-6.431232544515085965e+07
2.947999999999999954e+00,7.829758359849596161e+01,3.280073635512401609e+00,-9.824102330418874374e+01,-1.556637500000000000e+04,-2.940144348144531250e+02,2.623281738281250000e+03,2.557207942008972168e-01,4.052064120769500732e-01,5.087665840983390808e-02,2.011462450027465820e-01,-7.829758359849596161e+01,-3.280073635512401609e+00,9.824102330418874374e+01,0.000000000000000000e+00,0.000000000000000000e+00,0.000000000000000000e+00,2.557207942008972168e-01,4.052064120769500732e-01,5.087665840983390808e-02,2.011462450027465820e-01,8.630875000000000000e+04,6.447700390625000000e+04,3.585817578125000000e+04,7.101621875000000000e+04,-6.432811801429113001e+07
2.948999999999999844e+00,9.391637667152245683e+01,7.028525866524929500e-01,-9.872225545235603761e+01,-1.559934179687500000e+04,-3.058432922363281250e+02,2.611979003906250000e+03,2.640230655670166016e-01,4.200658202171325684e-01,5.228200554847717285e-02,2.005114555358886719e-01,-9.391637667152245683e+01,-7.028525866524929500e-01,9.872225545235603761e+01,0.000000000000000000e+00,0.000000000000000000e+00,0.000000000000000000e+00,2.640230655670166016e-01,4.200658202171325684e-01,5.228200554847717285e-02,2.005114555358886719e-01,8.633421875000000000e+04,6.459198828125000000e+04,3.563421875000000000e+04,7.100163281250000000e+04,-6.434668487782159448e+07
2.950000000000000178e+00,1.095673488997987732e+02,-1.870143950458506010e+00,-9.849897872746396388e+01,-1.564604785156250000e+04,-3.059472961425781250e+02,2.572580566406250000e+03,2.689950168132781982e-01,4.342394471168518066e-01,5.814753100275993347e-02,2.015121281147003174e-01,-1.095673488997987732e+02,1.870143950458506010e+00,9.849897872746396388e+01,0.000000000000000000e+00,0.000000000000000000e+00,0.000000000000000000e+00,2.689950168132781982e-01,4.342394471168518066e-01,5.814753100275993347e-02,2.015121281147003174e-01,8.641393750000000000e+04,6.471145312500000000e+04,3.541626562500000000e+04,7.097752343750000000e+04,-6.436839542801527679e+07
2.951000000000000068e+00,1.252805075727437440e+02,-4.282409292617051833e+00,-9.758685326806975979e+01,-1.566155078125000000e+04,-3.034206237792968750e+02,2.568651123046875000e+03,2.708188295364379883e-01,4.471821784973144531e-01,6.536242365837097168e-02,2.042153030633926392e-01,-1.252805075727437440e+02,4.282409292617051833e+00,9.758685326806975979e+01,0.000000000000000000e+00,0.000000000000000000e+00,0.000000000000000000e+00,2.708188295364379883e-01,4.471821784973144531e-01,6.536242365837097168e-02,2.042153030633926392e-01,8.652604687500000000e+04,6.482459765625000000e+04,3.519167578125000000e+04,7.096762500000000000e+04,-6.439363216655307263e+07
2.951999999999999957e+00,1.410616520663806739e+02,-6.337719659298791441e+00,-9.607490499294527808e+01,-1.563861132812500000e+04,-3.090682983398437500e+02,2.536807128906250000e+03,2.648522853851318359e-01,4.567063748836517334e-01,7.251725345849990845e-02,2.100078612565994263e-01,-1.410616520663806739e+02,6.337719659298791441e+00,9.607490499294527808e+01,0.000000000000000000e+00,0.000000000000000000e+00,0.000000000000000000e+00,2.648522853851318359e-01,4.567063748836517334e-01,7.251725345849990845e-02,2.100078612565994263e-01,8.663296875000000000e+04,6.494195703125000000e+04,3.497200390625000000e+04,7.097393750000000000e+04,-6.442280111029665172e+07
2.952999999999999847e+00,1.569239338743327039e+02,-7.918269441590461533e+00,-9.404484851652904354e+01,-1.560773046875000000e+04,-3.178045654296875000e+02,2.548583007812500000e+03,2.568743824958801270e-01,4.632242918014526367e-01,7.775735110044479370e-02,2.177926898002624512e-01,-1.569239338743327039e+02,7.918269441590461533e+00,9.404484851652904354e+01,0.000000000000000000e+00,0.000000000000000000e+00,0.000000000000000000e+00,2.568743824958801270e-01,4.632242918014526367e-01,7.775735110044479370e-02,2.177926898002624512e-01,8.672090625000000000e+04,6.505178906250000000e+04,3.478728515625000000e+04,7.103138281250000000e+04,-6.445633336384269595e+07
2.954000000000000181e+00,1.728906792942065920e+02,-8.887670425660752827e+00,-9.166238347235122319e+01,-1.561594824218750000e+04,-3.231287231445312500e+02,2.535832519531250000e+03,2.435834705829620361e-01,4.669416546821594238e-01,8.105002343654632568e-02,2.261731922626495361e-01,-1.728906792942065920e+02,8.887670425660752827e+00,9.166238347235122319e+01,0.000000000000000000e+00,0.000000000000000000e+00,0.000000000000000000e+00,2.435834705829620361e-01,4.669416546821594238e-01,8.105002343654632568e-02,2.261731922626495361e-01,8.674461718750000000e+04,6.516578125000000000e+04,3.465367187500000000e+04,7.114092187500000000e+04,-6.449470553405893594e+07
2.955000000000000071e+00,-1.710450348654693471e+02,-9.161313257693716849e+00,-8.909901030564502378e+01,-1.565955957031250000e+04,-3.153157653808593750e+02,2.534782470703125000e+03,2.303490191698074341e-01,4.694391489028930664e-01,8.169642835855484009e-02,2.330265641212463379e-01,1.710450348654693471e+02,9.161313257693716849e+00,8.909901030564502378e+01,0.000000000000000000e+00,0.000000000000000000e+00,0.000000000000000000e+00,2.303490191698074341e-01,4.694391489028930664e-01,8.169642835855484009e-02,2.330265641212463379e-01,8.667505468750000000e+04,6.527813671875000000e+04,3.454975781250000000e+04,7.125280468750000000e+04,-6.453198450130911916e+07
2.955999999999999961e+00,-1.549479430665033135e+02,-8.713477726162730974e+00,-8.657669642557848988e+01,-1.570261718750000000e+04,-3.013996582031250000e+02,2.521601074218750000e+03,2.880287170410156250e-01,4.475666955113410950e-02,3.883095085620880127e-01,3.385887742042541504e-01,1.549479430665033135e+02,8.713477726162730974e+00,8.657669642557848988e+01,0.000000000000000000e+00,0.000000000000000000e+00,0.000000000000000000e+00,2.880287170410156250e-01,4.475666955113410950e-02,3.883095085620880127e-01,3.385887742042541504e-01,8.650746093750000000e+04,6.539285937500000000e+04,3.445462890625000000e+04,7.136274218750000000e+04,-6.456356481542771310e+07
2.956999999999999851e+00,-1.389183369465176270e+02,-7.593215232525613700e+00,-8.429833482776294318e+01,-1.570389648437500000e+04,-2.927902832031250000e+02,2.509079833984375000e+03,2.804756164550781250e-01,6.250956654548645020e-02,3.894285857677459717e-01,3.442373275756835938e-01,1.389183369465176270e+02,7.593215232525613700e+00,8.429833482776294318e+01,0.000000000000000000e+00,0.000000000000000000e+00,0.000000000000000000e+00,2.804756164550781250e-01,6.250956654548645020e-02,3.894285857677459717e-01,3.442373275756835938e-01,8.661812500000000000e+04,6.517005859375000000e+04,3.456979687500000000e+04,7.147301562500000000e+04,-6.459002698594000190e+07
2.958000000000000185e+00,-1.230245798785759916e+02,-5.888451211100166560e+00,-8.242081412405109120e+01,-1.567078710937500000e+04,-2.910677185058593750e+02,2.517471679687500000e+03,2.738423049449920654e-01,8.265003561973571777e-02,3.855231404304504395e-01,3.469314277172088623e-01,1.230245798785759916e+02,5.888451211100166560e+00,8.242081412405109120e+01,0.000000000000000000e+00,0.000000000000000000e+00,0.000000000000000000e+00,2.738423049449920654e-01,8.265003561973571777e-02,3.855231404304504395e-01,3.469314277172088623e-01,8.673174218750000000e+04,6.494389453125000000e+04,3.468098046875000000e+04,7.158746093750000000e+04,-6.461198989765284210e+07
2.959000000000000075e+00,-1.072627389830803537e+02,-3.758511331446933834e+00,-8.109430401207356454e+01,-1.564778515625000000e+04,-2.925952453613281250e+02,2.497445556640625000e+03,2.671432495117187500e-01,1.056044995784759521e-01,3.755484223365783691e-01,3.460995256900787354e-01,1.072627389830803537e+02,3.758511331446933834e+00,8.109430401207356454e+01,0.000000000000000000e+00,0.000000000000000000e+00,0.000000000000000000e+00,2.671432495117187500e-01,1.056044995784759521e-01,3.755484223365783691e-01,3.460995256900787354e-01,8.684079687500000000e+04,6.472257812500000000e+04,3.479671875000000000e+04,7.169725000000000000e+04,-6.463008560537762940e+07
2.959999999999999964e+00,-9.156464136892803651e+01,-1.349044713477849822e+00,-8.040938690181900483e+01,-1.566507519531250000e+04,-2.818565979003906250e+02,2.496685302734375000e+03,2.628661394119262695e-01,1.310946941375732422e-01,3.588404953479766846e-01,3.414560556411743164e-01,9.156464136892803651e+01,1.349044713477849822e+00,8.040938690181900483e+01,0.000000000000000000e+00,0.000000000000000000e+00,0.000000000000000000e+00,2.628661394119262695e-01,1.310946941375732422e-01,3.588404953479766846e-01,3.414560556411743164e-01,8.693753906250000000e+04,6.449816796875000000e+04,3.490971484375000000e+04,7.180929687500000000e+04,-6.464493717835021764e+07
2.960999999999999854e+00,-7.585079280054456774e+01,1.113402735103201646e+00,-8.042101570332837923e+01,-1.571145117187500000e+04,-2.591371765136718750e+02,2.456581542968750000e+03,2.574126720428466797e-01,1.613793075084686279e-01,3.345650434494018555e-01,3.313598036766052246e-01,7.585079280054456774e+01,-1.113402735103201646e+00,8.042101570332837923e+01,0.000000000000000000e+00,0.000000000000000000e+00,0.000000000000000000e+00,2.574126720428466797e-01,1.613793075084686279e-01,3.345650434494018555e-01,3.313598036766052246e-01,8.699451562500000000e+04,6.428033203125000000e+04,3.502818750000000000e+04,7.191468750000000000e+04,-6.465715930055109411e+07
2.962000000000000188e+00,-6.008359199533353490e+01,3.463060469222114079e+00,-8.112588352710781692e+01,-1.573664941406250000e+04,-2.292424316406250000e+02,2.449954833984375000e+03,2.546932995319366455e-01,1.949396133422851562e-01,3.023100197315216064e-01,3.158886432647705078e-01,6.008359199533353490e+01,-3.463060469222114079e+00,8.112588352710781692e+01,0.000000000000000000e+00,0.000000000000000000e+00,0.000000000000000000e+00,2.546932995319366455e-01,1.949396133422851562e-01,3.023100197315216064e-01,3.158886432647705078e-01,8.701776562500000000e+04,6.412400000000000000e+04,3.514239453125000000e+04,7.202590625000000000e+04,-6.466736274034402519e+07
2.963000000000000078e+00,-4.425690410326637192e+01,5.503139122070873412e+00,-8.245343219909811694e+01,-1.572053613281250000e+04,-2.064100952148437500e+02,2.430639404296875000e+03,2.513808310031890869e-01,2.307088077068328857e-01,2.635462880134582520e-01,2.961348295211791992e-01,4.425690410326637192e+01,-5.503139122070873412e+00,8.245343219909811694e+01,0.000000000000000000e+00,0.000000000000000000e+00,0.000000000000000000e+00,2.513808310031890869e-01,2.307088077068328857e-01,2.635462880134582520e-01,2.961348295211791992e-01,8.701775781250000000e+04,6.423040625000000000e+04,3.525785546875000000e+04,7.213567187500000000e+04,-6.467615026692643762e+07
2.963999999999999968e+00,-2.836921043570029255e+01,7.095861883240988099e+00,-8.430802405663013133e+01,-1.568179687500000000e+04,-1.922058410644531250e+02,2.436159667968750000e+03,2.510983049869537354e-01,2.649539411067962646e-01,2.210525125265121460e-01,2.748447954654693604e-01,2.836921043570029255e+01,-7.095861883240988099e+00,8.430802405663013133e+01,0.000000000000000000e+00,0.000000000000000000e+00,0.000000000000000000e+00,2.510983049869537354e-01,2.649539411067962646e-01,2.210525125265121460e-01,2.748447954654693604e-01,8.699922656250000000e+04,6.434171484375000000e+04,3.536976953125000000e+04,7.224975000000000000e+04,-6.468411327320338041e+07
2.964999999999999858e+00,-1.240189918822607851e+01,8.102829162110063876e+00,-8.652954373551756362e+01,-1.567114648437500000e+04,-1.772858581542968750e+02,2.422387695312500000e+03,2.511250972747802734e-01,2.960292994976043701e-01,1.793310791254043579e-01,2.546569108963012695e-01,1.240189918822607851e+01,-8.102829162110063876e+00,8.652954373551756362e+01,0.000000000000000000e+00,0.000000000000000000e+00,0.000000000000000000e+00,2.511250972747802734e-01,2.960292994976043701e-01,1.793310791254043579e-01,2.546569108963012695e-01,8.697463281250000000e+04,6.445591406250000000e+04,3.548483593750000000e+04,7.235961718750000000e+04,-6.469182009808636457e+07
2.966000000000000192e+00,3.648894678398081126e+00,8.438517627502111651e+00,-8.893277756461053229e+01,-1.570273828125000000e+04,-1.536572875976562500e+02,2.404432373046875000e+03,2.526969015598297119e-01,3.239787817001342773e-01,1.410485953092575073e-01,2.363473027944564819e-01,-3.648894678398081126e+00,-8.438517627502111651e+00,8.893277756461053229e+01,0.000000000000000000e+00,0.000000000000000000e+00,0.000000000000000000e+00,2.526969015598297119e-01,3.239787817001342773e-01,1.410485953092575073e-01,2.363473027944564819e-01,8.695101562500000000e+04,6.457069531250000000e+04,3.559973437500000000e+04,7.246871875000000000e+04,-6.469981366002384573e+07
2.967000000000000082e+00,1.974165145498418283e+01,8.071576240127241064e+00,-9.132457999853842523e+01,-1.574699707031250000e+04,-1.209217224121093750e+02,2.399799560546875000e+03,2.542133331298828125e-01,3.493826687335968018e-01,1.087492033839225769e-01,2.205268442630767822e-01,-1.974165145498418283e+01,-8.071576240127241064e+00,9.132457999853842523e+01,0.000000000000000000e+00,0.000000000000000000e+00,0.000000000000000000e+00,2.542133331298828125e-01,3.493826687335968018e-01,1.087492033839225769e-01,2.205268442630767822e-01,8.694066406250000000e+04,6.468340234375000000e+04,3.571353515625000000e+04,7.258029687500000000e+04,-6.470860872208092362e+07
2.967999999999999972e+00,3.579078042908288637e+01,7.035959010474216235e+00,-9.350916038573234346e+01,-1.575959960937500000e+04,-9.293364715576171875e+01,2.406272216796875000e+03,2.552280128002166748e-01,3.725335896015167236e-01,8.393606543540954590e-02,2.074725180864334106e-01,-3.579078042908288637e+01,-7.035959010474216235e+00,9.350916038573234346e+01,0.000000000000000000e+00,0.000000000000000000e+00,0.000000000000000000e+00,2.552280128002166748e-01,3.725335896015167236e-01,8.393606543540954590e-02,2.074725180864334106e-01,8.693282031250000000e+04,6.479456640625000000e+04,3.582452734375000000e+04,7.269447656250000000e+04,-6.471868316983988881e+07
2.968999999999999861e+00,5.171923762033455318e+01,5.410655563765208953e+00,-9.532680983379611916e+01,-1.572902246093750000e+04,-7.605155181884765625e+01,2.436770263671875000e+03,2.574334144592285156e-01,3.931638896465301514e-01,6.703013926744461060e-02,1.976728588342666626e-01,-5.171923762033455318e+01,-5.410655563765208953e+00,9.532680983379611916e+01,0.000000000000000000e+00,0.000000000000000000e+00,0.000000000000000000e+00,2.574334144592285156e-01,3.931638896465301514e-01,6.703013926744461060e-02,1.976728588342666626e-01,8.694007812500000000e+04,6.490203515625000000e+04,3.591478515625000000e+04,7.279239062500000000e+04,-6.473047452524663508e+07
2.970000000000000195e+00,6.751463336441705110e+01,3.360483781985401652e+00,-9.661145080117775308e+01,-1.569481445312500000e+04,-6.835250091552734375e+01,2.423989501953125000e+03,2.607909739017486572e-01,4.114121794700622559e-01,5.811063572764396667e-02,1.910536885261535645e-01,-6.751463336441705110e+01,-3.360483781985401652e+00,9.661145080117775308e+01,0.000000000000000000e+00,0.000000000000000000e+00,0.000000000000000000e+00,2.607909739017486572e-01,4.114121794700622559e-01,5.811063572764396667e-02,1.910536885261535645e-01,8.694700000000000000e+04,6.501690625000000000e+04,3.580669140625000000e+04,7.278273437500000000e+04,-6.474437781624212116e+07
2.971000000000000085e+00,8.323751428154699283e+01,1.039521815361987400e+00,-9.727517577306255703e+01,-1.569507519531250000e+04,-5.599162673950195312e+01,2.420767333984375000e+03,2.688729465007781982e-01,4.288119673728942871e-01,5.522417277097702026e-02,1.861112713813781738e-01,-8.323751428154699283e+01,-1.039521815361987400e+00,9.727517577306255703e+01,0.000000000000000000e+00,0.000000000000000000e+00,0.000000000000000000e+00,2.688729465007781982e-01,4.288119673728942871e-01,5.522417277097702026e-02,1.861112713813781738e-01,8.697192968750000000e+04,6.513029687500000000e+04,3.558156640625000000e+04,7.270144531250000000e+04,-6.476076984045317769e+07
2.971999999999999975e+00,9.897409846064107342e+01,-1.339204776647472173e+00,-9.726145802613100955e+01,-1.573428320312500000e+04,-3.229067993164062500e+01,2.386040039062500000e+03,2.747879922389984131e-01,4.449163675308227539e-01,5.758576840162277222e-02,1.832399666309356689e-01,-9.897409846064107342e+01,1.339204776647472173e+00,9.726145802613100955e+01,0.000000000000000000e+00,0.000000000000000000e+00,0.000000000000000000e+00,2.747879922389984131e-01,4.449163675308227539e-01,5.758576840162277222e-02,1.832399666309356689e-01,8.701412500000000000e+04,6.524905468750000000e+04,3.536270703125000000e+04,7.256710937500000000e+04,-6.478002729730607569e+07
2.972999999999999865e+00,1.147755823763026655e+02,-3.632878524981579371e+00,-9.656705746283761016e+01,-1.576906347656250000e+04,-1.893129706382751465e+00,2.403862792968750000e+03,2.781641483306884766e-01,4.596400558948516846e-01,6.210063397884368896e-02,1.822339594364166260e-01,-1.147755823763026655e+02,3.632878524981579371e+00,9.656705746283761016e+01,0.000000000000000000e+00,0.000000000000000000e+00,0.000000000000000000e+00,2.781641483306884766e-01,4.596400558948516846e-01,6.210063397884368896e-02,1.822339594364166260e-01,8.712267968750000000e+04,6.535918750000000000e+04,3.513407812500000000e+04,7.240790625000000000e+04,-6.480253912600930035e+07
2.974000000000000199e+00,1.306503181356717391e+02,-5.634538206499035695e+00,-9.525040554376275281e+01,-1.576604980468750000e+04,2.261352920532226562e+01,2.400936767578125000e+03,2.720754146575927734e-01,4.707047343254089355e-01,6.753010302782058716e-02,1.847619861364364624e-01,-1.306503181356717391e+02,5.634538206499035695e+00,9.525040554376275281e+01,0.000000000000000000e+00,0.000000000000000000e+00,0.000000000000000000e+00,2.720754146575927734e-01,4.707047343254089355e-01,6.753010302782058716e-02,1.847619861364364624e-01,8.723422656250000000e+04,6.547276171875000000e+04,3.490998828125000000e+04,7.222655468750000000e+04,-6.482871301941530406e+07
2.975000000000000089e+00,1.465867598623653407e+02,-7.191801391559576651e+00,-9.341567880460529238e+01,-1.572917871093750000e+04,3.708983993530273438e+01,2.404984863281250000e+03,2.632616162300109863e-01,4.786061048507690430e-01,7.145846635103225708e-02,1.897422075271606445e-01,-1.465867598623653407e+02,7.191801391559576651e+00,9.341567880460529238e+01,0.000000000000000000e+00,0.000000000000000000e+00,0.000000000000000000e+00,2.632616162300109863e-01,4.786061048507690430e-01,7.145846635103225708e-02,1.897422075271606445e-01,8.734801562500000000e+04,6.558486718750000000e+04,3.468613671875000000e+04,7.206152343750000000e+04,-6.485897890863603354e+07
2.975999999999999979e+00,1.625865919960022836e+02,-8.170008031642295165e+00,-9.122529803157625850e+01,-1.570476660156250000e+04,4.827703475952148438e+01,2.387915283203125000e+03,2.514899969100952148e-01,4.834643304347991943e-01,7.343352586030960083e-02,1.961776614189147949e-01,-1.625865919960022836e+02,8.170008031642295165e+00,9.122529803157625850e+01,0.000000000000000000e+00,0.000000000000000000e+00,0.000000000000000000e+00,2.514899969100952148e-01,4.834643304347991943e-01,7.343352586030960083e-02,1.961776614189147949e-01,8.745715625000000000e+04,6.569997656250000000e+04,3.447079296875000000e+04,7.189706250000000000e+04,-6.489380211256509274e+07
2.976999999999999869e+00,1.786551847295837945e+02,-8.489865368748818142e+00,-8.885022350755166087e+01,-1.572221484375000000e+04,6.765058898925781250e+01,2.378179931640625000e+03,2.396204769611358643e-01,4.865767061710357666e-01,7.299554347991943359e-02,2.019939720630645752e-01,-1.786551847295837945e+02,8.489865368748818142e+00,8.885022350755166087e+01,0.000000000000000000e+00,0.000000000000000000e+00,0.000000000000000000e+00,2.396204769611358643e-01,4.865767061710357666e-01,7.299554347991943359e-02,2.019939720630645752e-01,8.751027343750000000e+04,6.581345312500000000e+04,3.429268359375000000e+04,7.177596093750000000e+04,-6.493368622762717307e+07
2.978000000000000203e+00,-1.652290956118614247e+02,-8.113876848839707279e+00,-8.645602048835053210e+01,-1.576766992187500000e+04,9.671901702880859375e+01,2.404392089843750000e+03,2.267983108758926392e-01,4.888350069522857666e-01,7.003571838140487671e-02,2.052733451128005981e-01,1.652290956118614247e+02,8.113876848839707279e+00,8.645602048835053210e+01,0.000000000000000000e+00,0.000000000000000000e+00,0.000000000000000000e+00,2.267983108758926392e-01,4.888350069522857666e-01,7.003571838140487671e-02,2.052733451128005981e-01,8.739742187500000000e+04,6.592092187500000000e+04,3.412453125000000000e+04,7.175694531250000000e+04,-6.496852736014008522e+07
2.979000000000000092e+00,-1.491417792638723654e+02,-7.064085790051566782e+00,-8.425929932890844043e+01,-1.579481347656250000e+04,1.236027145385742188e+02,2.421820312500000000e+03,2.853555083274841309e-01,8.048400282859802246e-02,3.821648657321929932e-01,3.171039223670959473e-01,1.491417792638723654e+02,7.064085790051566782e+00,8.425929932890844043e+01,0.000000000000000000e+00,0.000000000000000000e+00,0.000000000000000000e+00,2.853555083274841309e-01,8.048400282859802246e-02,3.821648657321929932e-01,3.171039223670959473e-01,8.728603125000000000e+04,6.603020312500000000e+04,3.396308984375000000e+04,7.173639062500000000e+04,-6.499792016129352897e+07
2.979999999999999982e+00,-1.331627208098093718e+02,-5.418602593807343659e+00,-8.242659307525494228e+01,-1.577736230468750000e+04,1.390595703125000000e+02,2.458741699218750000e+03,2.760460376739501953e-01,1.034279838204383850e-01,3.792424201965332031e-01,3.173775672912597656e-01,1.331627208098093718e+02,5.418602593807343659e+00,8.242659307525494228e+01,0.000000000000000000e+00,0.000000000000000000e+00,0.000000000000000000e+00,2.760460376739501953e-01,1.034279838204383850e-01,3.792424201965332031e-01,3.173775672912597656e-01,8.708692187500000000e+04,6.613661718750000000e+04,3.377650781250000000e+04,7.174341406250000000e+04,-6.502247597600706667e+07
2.980999999999999872e+00,-1.173223086656398948e+02,-3.345211819093449002e+00,-8.112971014539438386e+01,-1.573891699218750000e+04,1.406725311279296875e+02,2.447192626953125000e+03,2.670522928237915039e-01,1.286024749279022217e-01,3.702162802219390869e-01,3.143625557422637939e-01,1.173223086656398948e+02,3.345211819093449002e+00,8.112971014539438386e+01,0.000000000000000000e+00,0.000000000000000000e+00,0.000000000000000000e+00,2.670522928237915039e-01,1.286024749279022217e-01,3.702162802219390869e-01,3.143625557422637939e-01,8.719726562500000000e+04,6.591368750000000000e+04,3.389148046875000000e+04,7.185364843750000000e+04,-6.504283372042809427e+07
2.982000000000000206e+00,-1.015715047327143452e+02,-9.793555356227818809e-01,-8.044709303789554156e+01,-1.572262500000000000e+04,1.448511047363281250e+02,2.465709716796875000e+03,2.623318433761596680e-01,1.546195149421691895e-01,3.543505668640136719e-01,3.081906735897064209e-01,1.015715047327143452e+02,9.793555356227818809e-01,8.044709303789554156e+01,0.000000000000000000e+00,0.000000000000000000e+00,0.000000000000000000e+00,2.623318433761596680e-01,1.546195149421691895e-01,3.543505668640136719e-01,3.081906735897064209e-01,8.731346093750000000e+04,6.568586718750000000e+04,3.400098046875000000e+04,7.196922656250000000e+04,-6.505962318491727859e+07
2.983000000000000096e+00,-8.581926833062873072e+01,1.475175981290214100e+00,-8.044770496930938464e+01,-1.574982226562500000e+04,1.593139038085937500e+02,2.457121582031250000e+03,2.562530040740966797e-01,1.843004524707794189e-01,3.312063217163085938e-01,2.974013686180114746e-01,8.581926833062873072e+01,-1.475175981290214100e+00,8.044770496930938464e+01,0.000000000000000000e+00,0.000000000000000000e+00,0.000000000000000000e+00,2.562530040740966797e-01,1.843004524707794189e-01,3.312063217163085938e-01,2.974013686180114746e-01,8.736293750000000000e+04,6.546270703125000000e+04,3.411488281250000000e+04,7.208105468750000000e+04,-6.507346214111308753e+07
2.983999999999999986e+00,-6.999727063968073537e+01,3.863590071311890028e+00,-8.114773005533407968e+01,-1.578690429687500000e+04,1.840729675292968750e+02,2.489755126953125000e+03,2.516739666461944580e-01,2.168967425823211670e-01,3.004661798477172852e-01,2.815618813037872314e-01,6.999727063968073537e+01,-3.863590071311890028e+00,8.114773005533407968e+01,0.000000000000000000e+00,0.000000000000000000e+00,0.000000000000000000e+00,2.516739666461944580e-01,2.168967425823211670e-01,3.004661798477172852e-01,2.815618813037872314e-01,8.741927343750000000e+04,6.523275000000000000e+04,3.422228125000000000e+04,7.219931250000000000e+04,-6.508496164043146372e+07
2.984999999999999876e+00,-5.408393094377142774e+01,5.960316654841752104e+00,-8.249707940303187570e+01,-1.579528906250000000e+04,2.051940155029296875e+02,2.490138671875000000e+03,2.454447448253631592e-01,2.518008351325988770e-01,2.633959352970123291e-01,2.615452110767364502e-01,5.408393094377142774e+01,-5.960316654841752104e+00,8.249707940303187570e+01,0.000000000000000000e+00,0.000000000000000000e+00,0.000000000000000000e+00,2.454447448253631592e-01,2.518008351325988770e-01,2.633959352970123291e-01,2.615452110767364502e-01,8.742418750000000000e+04,6.522927734375000000e+04,3.433405468750000000e+04,7.231135937500000000e+04,-6.509472800550244749e+07
2.986000000000000210e+00,-3.809854726023800708e+01,7.602032553452203523e+00,-8.438698207185329636e+01,-1.575969726562500000e+04,2.143224029541015625e+02,2.492055175781250000e+03,2.430859804153442383e-01,2.853118181228637695e-01,2.220817655324935913e-01,2.396271526813507080e-01,3.809854726023800708e+01,-7.602032553452203523e+00,8.438698207185329636e+01,0.000000000000000000e+00,0.000000000000000000e+00,0.000000000000000000e+00,2.430859804153442383e-01,2.853118181228637695e-01,2.220817655324935913e-01,2.396271526813507080e-01,8.735255468750000000e+04,6.534148437500000000e+04,3.444676171875000000e+04,7.242385156250000000e+04,-6.510335845844792575e+07
2.987000000000000099e+00,-2.205098057583994731e+01,8.662266833205400474e+00,-8.666636105193174444e+01,-1.572259570312500000e+04,2.140869598388671875e+02,2.491756347656250000e+03,2.431039512157440186e-01,3.155860900878906250e-01,1.806139051914215088e-01,2.188584059476852417e-01,2.205098057583994731e+01,-8.662266833205400474e+00,8.666636105193174444e+01,0.000000000000000000e+00,0.000000000000000000e+00,0.000000000000000000e+00,2.431039512157440186e-01,3.155860900878906250e-01,1.806139051914215088e-01,2.188584059476852417e-01,8.728105468750000000e+04,6.545358203125000000e+04,3.455883203125000000e+04,7.253634375000000000e+04,-6.511143079719695449e+07
2.987999999999999989e+00,-5.941917095058220966e+00,9.055212652840417320e+00,-8.916670676542673846e+01,-1.572145410156250000e+04,2.169860687255859375e+02,2.500032470703125000e+03,2.444821149110794067e-01,3.420968055725097656e-01,1.425080895423889160e-01,2.010093629360198975e-01,5.941917095058220966e+00,-9.055212652840417320e+00,8.916670676542673846e+01,0.000000000000000000e+00,0.000000000000000000e+00,0.000000000000000000e+00,2.444821149110794067e-01,3.420968055725097656e-01,1.425080895423889160e-01,2.010093629360198975e-01,8.719639062500000000e+04,6.556400000000000000e+04,3.467050781250000000e+04,7.265102343750000000e+04,-6.511949880204729736e+07
2.988999999999999879e+00,1.021287456503130997e+01,8.732589417732839365e+00,-9.171162416876266832e+01,-1.575869726562500000e+04,2.293780212402343750e+02,2.532571777343750000e+03,2.452632933855056763e-01,3.655669987201690674e-01,1.102363243699073792e-01,1.864329427480697632e-01,-1.021287456503130997e+01,-8.732589417732839365e+00,9.171162416876266832e+01,0.000000000000000000e+00,0.000000000000000000e+00,0.000000000000000000e+00,2.452632933855056763e-01,3.655669987201690674e-01,1.102363243699073792e-01,1.864329427480697632e-01,8.711727343750000000e+04,6.567051562500000000e+04,3.477769140625000000e+04,7.273757031250000000e+04,-6.512809038497979194e+07
2.990000000000000213e+00,2.634324059737528501e+01,7.710406692654493632e+00,-9.405955831394939537e+01,-1.579196679687500000e+04,2.424203186035156250e+02,2.535137207031250000e+03,2.442651242017745972e-01,3.865200877189636230e-01,8.534774929285049438e-02,1.751667559146881104e-01,-2.634324059737528501e+01,-7.710406692654493632e+00,9.405955831394939537e+01,0.000000000000000000e+00,0.000000000000000000e+00,0.000000000000000000e+00,2.442651242017745972e-01,3.865200877189636230e-01,8.534774929285049438e-02,1.751667559146881104e-01,8.705094531250000000e+04,6.578239843750000000e+04,3.488962109375000000e+04,7.257296875000000000e+04,-6.513769100218654424e+07
2.991000000000000103e+00,4.236453775809792432e+01,6.069201347074278274e+00,-9.604091334994809870e+01,-1.578093457031250000e+04,2.455162200927734375e+02,2.558114990234375000e+03,2.460869997739791870e-01,4.058485031127929688e-01,6.727828085422515869e-02,1.665291935205459595e-01,-4.236453775809792432e+01,-6.069201347074278274e+00,9.604091334994809870e+01,0.000000000000000000e+00,0.000000000000000000e+00,0.000000000000000000e+00,2.460869997739791870e-01,4.058485031127929688e-01,6.727828085422515869e-02,1.665291935205459595e-01,8.698978125000000000e+04,6.589120312500000000e+04,3.499866406250000000e+04,7.241588281250000000e+04,-6.514874644848808646e+07
2.991999999999999993e+00,5.823426596080462758e+01,3.962274242519757017e+00,-9.749577091631334724e+01,-1.573988867187500000e+04,2.313730621337890625e+02,2.554817382812500000e+03,2.492667287588119507e-01,4.228912293910980225e-01,5.707150697708129883e-02,1.613303422927856445e-01,-5.823426596080462758e+01,-3.962274242519757017e+00,9.749577091631334724e+01,0.000000000000000000e+00,0.000000000000000000e+00,0.000000000000000000e+00,2.492667287588119507e-01,4.228912293910980225e-01,5.707150697708129883e-02,1.613303422927856445e-01,8.693125000000000000e+04,6.600456250000000000e+04,3.477337109375000000e+04,7.219043750000000000e+04,-6.516165880318381637e+07
2.992999999999999883e+00,7.398731091699988838e+01,1.525986344677554118e+00,-9.834238940660347339e+01,-1.570984960937500000e+04,2.140162658691406250e+02,2.578090087890625000e+03,2.567542195320129395e-01,4.385554492473602295e-01,5.338752269744873047e-02,1.587037891149520874e-01,-7.398731091699988838e+01,-1.525986344677554118e+00,9.834238940660347339e+01,0.000000000000000000e+00,0.000000000000000000e+00,0.000000000000000000e+00,2.567542195320129395e-01,4.385554492473602295e-01,5.338752269744873047e-02,1.587037891149520874e-01,8.687943750000000000e+04,6.611361718750000000e+04,3.454789843750000000e+04,7.196999218750000000e+04,-6.517680647954907268e+07
2.994000000000000217e+00,8.971843114803638741e+01,-1.036230046463220367e+00,-9.850497512375369524e+01,-1.572779003906250000e+04,2.027868347167968750e+02,2.567452880859375000e+03,2.625142335891723633e-01,4.524581134319305420e-01,5.575285106897354126e-02,1.588295549154281616e-01,-8.971843114803638741e+01,1.036230046463220367e+00,9.850497512375369524e+01,0.000000000000000000e+00,0.000000000000000000e+00,0.000000000000000000e+00,2.625142335891723633e-01,4.524581134319305420e-01,5.575285106897354126e-02,1.588295549154281616e-01,8.689892187500000000e+04,6.622847656250000000e+04,3.432427343750000000e+04,7.174302343750000000e+04,-6.519456018033357710e+07
2.995000000000000107e+00,1.055118385896071942e+02,-3.548599521817932700e+00,-9.796400683907619111e+01,-1.576911816406250000e+04,2.035244750976562500e+02,2.569935546875000000e+03,2.668349742889404297e-01,4.653649330139160156e-01,6.106002628803253174e-02,1.608463376760482788e-01,-1.055118385896071942e+02,3.548599521817932700e+00,9.796400683907619111e+01,0.000000000000000000e+00,0.000000000000000000e+00,0.000000000000000000e+00,2.668349742889404297e-01,4.653649330139160156e-01,6.106002628803253174e-02,1.608463376760482788e-01,8.696246093750000000e+04,6.634113281250000000e+04,3.409913671875000000e+04,7.151778906250000000e+04,-6.521530246761067212e+07
2.995999999999999996e+00,1.214042997569201674e+02,-5.808463777625784807e+00,-9.675704004957967186e+01,-1.579136621093750000e+04,2.046703643798828125e+02,2.560002929687500000e+03,2.644181847572326660e-01,4.757419228553771973e-01,6.747132539749145508e-02,1.656231135129928589e-01,-1.214042997569201674e+02,5.808463777625784807e+00,9.675704004957967186e+01,0.000000000000000000e+00,0.000000000000000000e+00,0.000000000000000000e+00,2.644181847572326660e-01,4.757419228553771973e-01,6.747132539749145508e-02,1.656231135129928589e-01,8.702112500000000000e+04,6.645546875000000000e+04,3.387585156250000000e+04,7.129071093750000000e+04,-6.523943713466075063e+07
2.996999999999999886e+00,1.373863986064009453e+02,-7.666270309624913182e+00,-9.496824137953348099e+01,-1.576954394531250000e+04,1.944921417236328125e+02,2.571186279296875000e+03,2.577453255653381348e-01,4.832632243633270264e-01,7.273108512163162231e-02,1.728842854499816895e-01,-1.373863986064009453e+02,7.666270309624913182e+00,9.496824137953348099e+01,0.000000000000000000e+00,0.000000000000000000e+00,0.000000000000000000e+00,2.577453255653381348e-01,4.832632243633270264e-01,7.273108512163162231e-02,1.728842854499816895e-01,8.711367187500000000e+04,6.656567968750000000e+04,3.364856640625000000e+04,7.106758593750000000e+04,-6.526738989575397223e+07
2.998000000000000220e+00,1.534466178914366310e+02,-8.989794408372583590e+00,-9.271870467483816469e+01,-1.573165429687500000e+04,1.744468383789062500e+02,2.591829833984375000e+03,2.465409636497497559e-01,4.873899519443511963e-01,7.630037516355514526e-02,1.824089437723159790e-01,-1.534466178914366310e+02,8.989794408372583590e+00,9.271870467483816469e+01,0.000000000000000000e+00,0.000000000000000000e+00,0.000000000000000000e+00,2.465409636497497559e-01,4.873899519443511963e-01,7.630037516355514526e-02,1.824089437723159790e-01,8.713984375000000000e+04,6.667403125000000000e+04,3.349540625000000000e+04,7.084670312500000000e+04,-6.529961333489637822e+07
2.999000000000000110e+00,1.695859604106158542e+02,-9.669026515318300596e+00,-9.017554116661777641e+01,-1.572429785156250000e+04,1.520005035400390625e+02,2.603548583984375000e+03,2.330043017864227295e-01,4.891903996467590332e-01,7.756099849939346313e-02,1.922370195388793945e-01,-1.695859604106158542e+02,9.669026515318300596e+00,9.017554116661777641e+01,0.000000000000000000e+00,0.000000000000000000e+00,0.000000000000000000e+00,2.330043017864227295e-01,4.891903996467590332e-01,7.756099849939346313e-02,1.922370195388793945e-01,8.708390625000000000e+04,6.678410937500000000e+04,3.337599609375000000e+04,7.069829687500000000e+04,-6.533659785116321594e+07
3.000000000000000000e+00,-1.742077844870636909e+02,-9.634670666745961398e+00,-8.752033724494314981e+01,-1.575826074218750000e+04,1.403105468750000000e+02,2.622351074218750000e+03,2.191029638051986694e-01,4.898145198822021484e-01,7.614181935787200928e-02,2.004044353961944580e-01,1.742077844870636909e+02,9.634670666745961398e+00,8.752033724494314981e+01,0.000000000000000000e+00,0.000000000000000000e+00,0.000000000000000000e+00,2.191029638051986694e-01,4.898145198822021484e-01,7.614181935787200928e-02,2.004044353961944580e-01,8.703022656250000000e+04,6.689346093750000000e+04,3.325946484375000000e+04,7.055382812500000000e+04,-6.537469883964943141e+07
3.000999999999999890e+00,-1.579966311709702040e+02,-8.881047675853277923e+00,-8.499307472455657830e+01,-1.580177539062500000e+04,1.327395782470703125e+02,2.610589355468750000e+03,2.755207717418670654e-01,7.509136199951171875e-02,3.849482536315917969e-01,3.154493570327758789e-01,1.579966311709702040e+02,8.881047675853277923e+00,8.499307472455657830e+01,0.000000000000000000e+00,0.000000000000000000e+00,0.000000000000000000e+00,2.755207717418670654e-01,7.509136199951171875e-02,3.849482536315917969e-01,3.154493570327758789e-01,8.687427343750000000e+04,6.700818750000000000e+04,3.316017968750000000e+04,7.048251562500000000e+04,-6.540696447086976469e+07
3.001999999999999780e+00,-1.418701967316318360e+02,-7.467256041279029866e+00,-8.276894347391520057e+01,-1.580738964843750000e+04,1.207759628295898438e+02,2.621890625000000000e+03,2.675398588180541992e-01,9.316910058259963989e-02,3.859436810016632080e-01,3.203316032886505127e-01,1.418701967316318360e+02,7.467256041279029866e+00,8.276894347391520057e+01,0.000000000000000000e+00,0.000000000000000000e+00,0.000000000000000000e+00,2.675398588180541992e-01,9.316910058259963989e-02,3.859436810016632080e-01,3.203316032886505127e-01,8.665143750000000000e+04,6.711921875000000000e+04,3.304873828125000000e+04,7.047860937500000000e+04,-6.543399808150701225e+07
3.003000000000000114e+00,-1.258943847040770549e+02,-5.522687691518073372e+00,-8.101875342119177503e+01,-1.577507031250000000e+04,9.468682861328125000e+01,2.615191162109375000e+03,2.593739032745361328e-01,1.138572394847869873e-01,3.814585804939270020e-01,3.220022618770599365e-01,1.258943847040770549e+02,5.522687691518073372e+00,8.101875342119177503e+01,0.000000000000000000e+00,0.000000000000000000e+00,0.000000000000000000e+00,2.593739032745361328e-01,1.138572394847869873e-01,3.814585804939270020e-01,3.220022618770599365e-01,8.675389062500000000e+04,6.689578906250000000e+04,3.316223828125000000e+04,7.059044531250000000e+04,-6.545644201609229296e+07
3.004000000000000004e+00,-1.100618564956089784e+02,-3.174121192513053469e+00,-7.984155726184927460e+01,-1.574048925781250000e+04,6.526951599121093750e+01,2.632989990234375000e+03,2.538284063339233398e-01,1.356517970561981201e-01,3.707565367221832275e-01,3.208665549755096436e-01,1.100618564956089784e+02,3.174121192513053469e+00,7.984155726184927460e+01,0.000000000000000000e+00,0.000000000000000000e+00,0.000000000000000000e+00,2.538284063339233398e-01,1.356517970561981201e-01,3.707565367221832275e-01,3.208665549755096436e-01,8.680100000000000000e+04,6.666824218750000000e+04,3.327211328125000000e+04,7.070668750000000000e+04,-6.547494037765889615e+07
3.004999999999999893e+00,-9.429375486009035967e+01,-6.064477067807488853e-01,-7.933137471068158675e+01,-1.574852441406250000e+04,4.329922103881835938e+01,2.625712890625000000e+03,2.478780746459960938e-01,1.603721380233764648e-01,3.530837595462799072e-01,3.158227503299713135e-01,9.429375486009035967e+01,6.064477067807488853e-01,7.933137471068158675e+01,0.000000000000000000e+00,0.000000000000000000e+00,0.000000000000000000e+00,2.478780746459960938e-01,1.603721380233764648e-01,3.530837595462799072e-01,3.158227503299713135e-01,8.680183593750000000e+04,6.644440625000000000e+04,3.338603125000000000e+04,7.081791406250000000e+04,-6.549012552465681732e+07
3.005999999999999783e+00,-7.849885997695690776e+01,2.008922722603046829e+00,-7.953023086477271875e+01,-1.578970800781250000e+04,3.417979812622070312e+01,2.631014160156250000e+03,2.434114366769790649e-01,1.881042122840881348e-01,3.280449807643890381e-01,3.060698211193084717e-01,7.849885997695690776e+01,-2.008922722603046829e+00,7.953023086477271875e+01,0.000000000000000000e+00,0.000000000000000000e+00,0.000000000000000000e+00,2.434114366769790649e-01,1.881042122840881348e-01,3.280449807643890381e-01,3.060698211193084717e-01,8.676301562500000000e+04,6.622628906250000000e+04,3.349739062500000000e+04,7.093078906250000000e+04,-6.550261668906641006e+07
3.007000000000000117e+00,-6.262322969796470318e+01,4.476085422219284737e+00,-8.043402448172464858e+01,-1.582171972656250000e+04,3.001602172851562500e+01,2.635176269531250000e+03,2.384766787290573120e-01,2.191341221332550049e-01,2.955949902534484863e-01,2.913028895854949951e-01,6.262322969796470318e+01,-4.476085422219284737e+00,8.043402448172464858e+01,0.000000000000000000e+00,0.000000000000000000e+00,0.000000000000000000e+00,2.384766787290573120e-01,2.191341221332550049e-01,2.955949902534484863e-01,2.913028895854949951e-01,8.672374218750000000e+04,6.601328906250000000e+04,3.360956640625000000e+04,7.104367187500000000e+04,-6.551302802559924871e+07
3.008000000000000007e+00,-4.666029312031726306e+01,6.614963163953084369e+00,-8.197891698378043657e+01,-1.581082128906250000e+04,1.650088119506835938e+01,2.642507568359375000e+03,2.349933385848999023e-01,2.510600686073303223e-01,2.570647895336151123e-01,2.729425728321075439e-01,4.666029312031726306e+01,-6.614963163953084369e+00,8.197891698378043657e+01,0.000000000000000000e+00,0.000000000000000000e+00,0.000000000000000000e+00,2.349933385848999023e-01,2.510600686073303223e-01,2.570647895336151123e-01,2.729425728321075439e-01,8.665434375000000000e+04,6.601828906250000000e+04,3.372013671875000000e+04,7.115742968750000000e+04,-6.552196950912081450e+07
3.008999999999999897e+00,-3.061605497927884656e+01,8.279184560267726312e+00,-8.406601655560213260e+01,-1.577084570312500000e+04,-7.576491355895996094e+00,2.663974853515625000e+03,2.337312400341033936e-01,2.809967994689941406e-01,2.155748605728149414e-01,2.538613080978393555e-01,3.061605497927884656e+01,-8.279184560267726312e+00,8.406601655560213260e+01,0.000000000000000000e+00,0.000000000000000000e+00,0.000000000000000000e+00,2.337312400341033936e-01,2.809967994689941406e-01,2.155748605728149414e-01,2.538613080978393555e-01,8.652725781250000000e+04,6.612714843750000000e+04,3.382961328125000000e+04,7.127427343750000000e+04,-6.553004249197981507e+07
3.009999999999999787e+00,-1.448473006400607055e+01,9.329851392098905905e+00,-8.652790668975592325e+01,-1.575161621093750000e+04,-3.729027938842773438e+01,2.658125732421875000e+03,2.336894720792770386e-01,3.075473010540008545e-01,1.749524623155593872e-01,2.363903969526290894e-01,1.448473006400607055e+01,-9.329851392098905905e+00,8.652790668975592325e+01,0.000000000000000000e+00,0.000000000000000000e+00,0.000000000000000000e+00,2.336894720792770386e-01,3.075473010540008545e-01,1.749524623155593872e-01,2.363903969526290894e-01,8.638947656250000000e+04,6.624083593750000000e+04,3.394258593750000000e+04,7.138617968750000000e+04,-6.553782642414794862e+07
3.011000000000000121e+00,1.732714391456099179e+00,9.680740814315319298e+00,-8.919342869933444717e+01,-1.577436523437500000e+04,-5.688592529296875000e+01,2.660018798828125000e+03,2.357248663902282715e-01,3.308949768543243408e-01,1.378096789121627808e-01,2.214651405811309814e-01,-1.732714391456099179e+00,-9.680740814315319298e+00,8.919342869933444717e+01,0.000000000000000000e+00,0.000000000000000000e+00,0.000000000000000000e+00,2.357248663902282715e-01,3.308949768543243408e-01,1.378096789121627808e-01,2.214651405811309814e-01,8.625678125000000000e+04,6.635339062500000000e+04,3.405536328125000000e+04,7.149852343750000000e+04,-6.554587861091297120e+07
3.012000000000000011e+00,1.798600399921928883e+01,9.299952049684119260e+00,-9.181723004524565113e+01,-1.581784765625000000e+04,-6.824215698242187500e+01,2.623185058593750000e+03,2.368547618389129639e-01,3.520118296146392822e-01,1.066517233848571777e-01,2.093455493450164795e-01,-1.798600399921928883e+01,-9.299952049684119260e+00,9.181723004524565113e+01,0.000000000000000000e+00,0.000000000000000000e+00,0.000000000000000000e+00,2.368547618389129639e-01,3.520118296146392822e-01,1.066517233848571777e-01,2.093455493450164795e-01,8.611974218750000000e+04,6.647255468750000000e+04,3.417402343750000000e+04,7.160450781250000000e+04,-6.555471900009413809e+07
3.012999999999999901e+00,3.418699284319624354e+01,8.224319257094231617e+00,-9.422125583206131694e+01,-1.583197460937500000e+04,-7.912959289550781250e+01,2.615189941406250000e+03,2.402054071426391602e-01,3.718386292457580566e-01,8.171539753675460815e-02,1.996147334575653076e-01,-3.418699284319624354e+01,-8.224319257094231617e+00,9.422125583206131694e+01,0.000000000000000000e+00,0.000000000000000000e+00,0.000000000000000000e+00,2.402054071426391602e-01,3.718386292457580566e-01,8.171539753675460815e-02,1.996147334575653076e-01,8.600673437500000000e+04,6.658701562500000000e+04,3.428790625000000000e+04,7.171557031250000000e+04,-6.556483303505161405e+07
3.013999999999999790e+00,5.025163801165591337e+01,6.557190617675741073e+00,-9.622221650840999985e+01,-1.580450097656250000e+04,-9.926418304443359375e+01,2.597982666015625000e+03,2.432629168033599854e-01,3.894750773906707764e-01,6.478485465049743652e-02,1.933719217777252197e-01,-5.025163801165591337e+01,-6.557190617675741073e+00,9.622221650840999985e+01,0.000000000000000000e+00,0.000000000000000000e+00,0.000000000000000000e+00,2.432629168033599854e-01,3.894750773906707764e-01,6.478485465049743652e-02,1.933719217777252197e-01,8.590179687500000000e+04,6.670278125000000000e+04,3.440359765625000000e+04,7.174566406250000000e+04,-6.557665997387305647e+07
3.015000000000000124e+00,6.616347842361844300e+01,4.423929901804841691e+00,-9.770192783803062753e+01,-1.576753515625000000e+04,-1.285729827880859375e+02,2.597323730468750000e+03,2.494499534368515015e-01,4.055950343608856201e-01,5.513171479105949402e-02,1.898219436407089233e-01,-6.616347842361844300e+01,-4.423929901804841691e+00,9.770192783803062753e+01,0.000000000000000000e+00,0.000000000000000000e+00,0.000000000000000000e+00,2.494499534368515015e-01,4.055950343608856201e-01,5.513171479105949402e-02,1.898219436407089233e-01,8.582745312500000000e+04,6.681517968750000000e+04,3.430983593750000000e+04,7.170476562500000000e+04,-6.559060281760921329e+07
3.016000000000000014e+00,8.198080719412638473e+01,1.980923426578467428e+00,-9.855940315609812785e+01,-1.576673339843750000e+04,-1.534003295898437500e+02,2.592312011718750000e+03,2.565713524818420410e-01,4.201863408088684082e-01,5.276895686984062195e-02,1.889221817255020142e-01,-8.198080719412638473e+01,-1.980923426578467428e+00,9.855940315609812785e+01,0.000000000000000000e+00,0.000000000000000000e+00,0.000000000000000000e+00,2.565713524818420410e-01,4.201863408088684082e-01,5.276895686984062195e-02,1.889221817255020142e-01,8.582014062500000000e+04,6.692782812500000000e+04,3.408606250000000000e+04,7.158911718750000000e+04,-6.560704155036552250e+07
3.016999999999999904e+00,9.779271585814555579e+01,-5.810194189912590845e-01,-9.873245021317332260e+01,-1.580714453125000000e+04,-1.685169372558593750e+02,2.570426269531250000e+03,2.633753418922424316e-01,4.342721998691558838e-01,5.592790991067886353e-02,1.895165294408798218e-01,-9.779271585814555579e+01,5.810194189912590845e-01,9.873245021317332260e+01,0.000000000000000000e+00,0.000000000000000000e+00,0.000000000000000000e+00,2.633753418922424316e-01,4.342721998691558838e-01,5.592790991067886353e-02,1.895165294408798218e-01,8.586173437500000000e+04,6.704338281250000000e+04,3.386401562500000000e+04,7.146655468750000000e+04,-6.562635339994909614e+07
3.017999999999999794e+00,1.136593238462927928e+02,-3.100464784678568897e+00,-9.820358371400271835e+01,-1.584694824218750000e+04,-1.745665283203125000e+02,2.576610351562500000e+03,2.674877345561981201e-01,4.474037587642669678e-01,6.221011281013488770e-02,1.918999552726745605e-01,-1.136593238462927928e+02,3.100464784678568897e+00,9.820358371400271835e+01,0.000000000000000000e+00,0.000000000000000000e+00,0.000000000000000000e+00,2.674877345561981201e-01,4.474037587642669678e-01,6.221011281013488770e-02,1.918999552726745605e-01,8.590730468750000000e+04,6.715473437500000000e+04,3.363846484375000000e+04,7.135631250000000000e+04,-6.564892539858244359e+07
3.019000000000000128e+00,1.295990817574622156e+02,-5.377645041622843181e+00,-9.701505024427913781e+01,-1.584922949218750000e+04,-1.854605255126953125e+02,2.568668212890625000e+03,2.641063928604125977e-01,4.578449428081512451e-01,6.967832148075103760e-02,1.971620321273803711e-01,-1.295990817574622156e+02,5.377645041622843181e+00,9.701505024427913781e+01,0.000000000000000000e+00,0.000000000000000000e+00,0.000000000000000000e+00,2.641063928604125977e-01,4.578449428081512451e-01,6.967832148075103760e-02,1.971620321273803711e-01,8.599752343750000000e+04,6.726878125000000000e+04,3.341459765625000000e+04,7.126505468750000000e+04,-6.567516215961491317e+07
3.020000000000000018e+00,1.456113467853082568e+02,-7.266220666356532298e+00,-9.523936366111327345e+01,-1.581401269531250000e+04,-2.052812500000000000e+02,2.584895019531250000e+03,2.569849193096160889e-01,4.652563333511352539e-01,7.603503018617630005e-02,2.050510197877883911e-01,-1.456113467853082568e+02,7.266220666356532298e+00,9.523936366111327345e+01,0.000000000000000000e+00,0.000000000000000000e+00,0.000000000000000000e+00,2.569849193096160889e-01,4.652563333511352539e-01,7.603503018617630005e-02,2.050510197877883911e-01,8.611351562500000000e+04,6.737898437500000000e+04,3.318699609375000000e+04,7.118019531250000000e+04,-6.570548815828089416e+07
3.020999999999999908e+00,1.617089189494215589e+02,-8.602663464731380216e+00,-9.303166839926204545e+01,-1.579012695312500000e+04,-2.280749053955078125e+02,2.560592041015625000e+03,2.451440095901489258e-01,4.693997502326965332e-01,8.068107068538665771e-02,2.147768437862396240e-01,-1.617089189494215589e+02,8.602663464731380216e+00,9.303166839926204545e+01,0.000000000000000000e+00,0.000000000000000000e+00,0.000000000000000000e+00,2.451440095901489258e-01,4.693997502326965332e-01,8.068107068538665771e-02,2.147768437862396240e-01,8.620119531250000000e+04,6.749612500000000000e+04,3.302658203125000000e+04,7.112942187500000000e+04,-6.574036682989252359e+07
3.021999999999999797e+00,1.779034061981912203e+02,-9.286244563209866243e+00,-9.055995107581490799e+01,-1.580754785156250000e+04,-2.413262786865234375e+02,2.532105224609375000e+03,2.337850779294967651e-01,4.718809425830841064e-01,8.270305395126342773e-02,2.239933460950851440e-01,-1.779034061981912203e+02,9.286244563209866243e+00,9.055995107581490799e+01,0.000000000000000000e+00,0.000000000000000000e+00,0.000000000000000000e+00,2.337850779294967651e-01,4.718809425830841064e-01,8.270305395126342773e-02,2.239933460950851440e-01,8.623632812500000000e+04,6.761394531250000000e+04,3.296166015625000000e+04,7.121078906250000000e+04,-6.578030379090638459e+07
3.023000000000000131e+00,-1.658301676667087179e+02,-9.262558890094098274e+00,-8.802176971032578479e+01,-1.585477246093750000e+04,-2.406536102294921875e+02,2.501576904296875000e+03,2.216249853372573853e-01,4.735010266304016113e-01,8.204910904169082642e-02,2.307638525962829590e-01,1.658301676667087179e+02,9.262558890094098274e+00,8.802176971032578479e+01,0.000000000000000000e+00,0.000000000000000000e+00,0.000000000000000000e+00,2.216249853372573853e-01,4.735010266304016113e-01,8.204910904169082642e-02,2.307638525962829590e-01,8.610133593750000000e+04,6.773155468750000000e+04,3.291608203125000000e+04,7.131795312500000000e+04,-6.581563706235488504e+07
3.024000000000000021e+00,-1.495686927184232502e+02,-8.542182658608858503e+00,-8.561177673810443878e+01,-1.588596875000000000e+04,-2.378618469238281250e+02,2.484160156250000000e+03,2.834284901618957520e-01,5.492910370230674744e-02,3.909583687782287598e-01,3.386923670768737793e-01,1.495686927184232502e+02,8.542182658608858503e+00,8.561177673810443878e+01,0.000000000000000000e+00,0.000000000000000000e+00,0.000000000000000000e+00,2.834284901618957520e-01,5.492910370230674744e-02,3.909583687782287598e-01,3.386923670768737793e-01,8.588293750000000000e+04,6.784632812500000000e+04,3.286288671875000000e+04,7.142776562500000000e+04,-6.584541020139721036e+07
3.024999999999999911e+00,-1.334045768559388989e+02,-7.176218663656423580e+00,-8.348783047056784312e+01,-1.587109765625000000e+04,-2.422613525390625000e+02,2.504821289062500000e+03,2.762548327445983887e-01,7.325384020805358887e-02,3.904817998409271240e-01,3.436019718647003174e-01,1.334045768559388989e+02,7.176218663656423580e+00,8.348783047056784312e+01,0.000000000000000000e+00,0.000000000000000000e+00,0.000000000000000000e+00,2.762548327445983887e-01,7.325384020805358887e-02,3.904817998409271240e-01,3.436019718647003174e-01,8.567593750000000000e+04,6.795475000000000000e+04,3.280584765625000000e+04,7.154452343750000000e+04,-6.587022869847431034e+07
3.025999999999999801e+00,-1.173838105320242136e+02,-5.290896072183397081e+00,-8.182210035038895057e+01,-1.583732910156250000e+04,-2.588371276855468750e+02,2.503875244140625000e+03,2.679622173309326172e-01,9.443235397338867188e-02,3.844684362411499023e-01,3.452461957931518555e-01,1.173838105320242136e+02,5.290896072183397081e+00,8.182210035038895057e+01,0.000000000000000000e+00,0.000000000000000000e+00,0.000000000000000000e+00,2.679622173309326172e-01,9.443235397338867188e-02,3.844684362411499023e-01,3.452461957931518555e-01,8.578804687500000000e+04,6.772967187500000000e+04,3.291786718750000000e+04,7.165692968750000000e+04,-6.589073050713632256e+07
3.027000000000000135e+00,-1.014764463956995684e+02,-3.024193354251671018e+00,-8.073349133785798415e+01,-1.582588281250000000e+04,-2.708240051269531250e+02,2.506710449218750000e+03,2.621052265167236328e-01,1.171960756182670593e-01,3.722462952136993408e-01,3.440135717391967773e-01,1.014764463956995684e+02,3.024193354251671018e+00,8.073349133785798415e+01,0.000000000000000000e+00,0.000000000000000000e+00,0.000000000000000000e+00,2.621052265167236328e-01,1.171960756182670593e-01,3.722462952136993408e-01,3.440135717391967773e-01,8.590172656250000000e+04,6.750432812500000000e+04,3.303053125000000000e+04,7.176939062500000000e+04,-6.590755501867846400e+07
3.028000000000000025e+00,-8.560203298684025697e+01,-5.834108748156752178e-01,-8.031087886467774695e+01,-1.585863769531250000e+04,-2.718208618164062500e+02,2.470071533203125000e+03,2.564226388931274414e-01,1.436903774738311768e-01,3.529156148433685303e-01,3.382714390754699707e-01,8.560203298684025697e+01,5.834108748156752178e-01,8.031087886467774695e+01,0.000000000000000000e+00,0.000000000000000000e+00,0.000000000000000000e+00,2.564226388931274414e-01,1.436903774738311768e-01,3.529156148433685303e-01,3.382714390754699707e-01,8.597813281250000000e+04,6.728571875000000000e+04,3.314888281250000000e+04,7.187549218750000000e+04,-6.592133290436220914e+07
3.028999999999999915e+00,-6.969625254167431194e+01,1.862846108944575363e+00,-8.058078366203837106e+01,-1.590031835937500000e+04,-2.604219360351562500e+02,2.455244873046875000e+03,2.531649470329284668e-01,1.737178266048431396e-01,3.258185386657714844e-01,3.274382650852203369e-01,6.969625254167431194e+01,-1.862846108944575363e+00,8.058078366203837106e+01,0.000000000000000000e+00,0.000000000000000000e+00,0.000000000000000000e+00,2.531649470329284668e-01,1.737178266048431396e-01,3.258185386657714844e-01,3.274382650852203369e-01,8.601685937500000000e+04,6.706367187500000000e+04,3.326432812500000000e+04,7.198562500000000000e+04,-6.593268720487177372e+07
3.029999999999999805e+00,-5.373448906764627253e+01,4.132811953842236541e+00,-8.152291837593357116e+01,-1.591004199218750000e+04,-2.478297119140625000e+02,2.452623291015625000e+03,2.493249028921127319e-01,2.073975503444671631e-01,2.911629974842071533e-01,3.114343285560607910e-01,5.373448906764627253e+01,-4.132811953842236541e+00,8.152291837593357116e+01,0.000000000000000000e+00,0.000000000000000000e+00,0.000000000000000000e+00,2.493249028921127319e-01,2.073975503444671631e-01,2.911629974842071533e-01,3.114343285560607910e-01,8.603212500000000000e+04,6.693657812500000000e+04,3.337740625000000000e+04,7.209850000000000000e+04,-6.594223766654230654e+07
3.031000000000000139e+00,-3.771565990815372515e+01,6.044920452195366778e+00,-8.305271010773485330e+01,-1.588069824218750000e+04,-2.444894409179687500e+02,2.440583496093750000e+03,2.466717958450317383e-01,2.417035996913909912e-01,2.508756816387176514e-01,2.922509014606475830e-01,3.771565990815372515e+01,-6.044920452195366778e+00,8.305271010773485330e+01,0.000000000000000000e+00,0.000000000000000000e+00,0.000000000000000000e+00,2.466717958450317383e-01,2.417035996913909912e-01,2.508756816387176514e-01,2.922509014606475830e-01,8.601850000000000000e+04,6.705109375000000000e+04,3.349182421875000000e+04,7.220910937500000000e+04,-6.595059443126412481e+07
3.032000000000000028e+00,-2.162797629524643028e+01,7.458495204390408695e+00,-8.505396949204320833e+01,-1.584996777343750000e+04,-2.450339660644531250e+02,2.434274169921875000e+03,2.469055652618408203e-01,2.737002670764923096e-01,2.082601934671401978e-01,2.725648581981658936e-01,2.162797629524643028e+01,-7.458495204390408695e+00,8.505396949204320833e+01,0.000000000000000000e+00,0.000000000000000000e+00,0.000000000000000000e+00,2.469055652618408203e-01,2.737002670764923096e-01,2.082601934671401978e-01,2.725648581981658936e-01,8.598669531250000000e+04,6.716404687500000000e+04,3.360571875000000000e+04,7.232004687500000000e+04,-6.595835200749982148e+07
3.032999999999999918e+00,-5.454095131401146546e+00,8.252800199079775467e+00,-8.733950208082592326e+01,-1.585913281250000000e+04,-2.427771301269531250e+02,2.394756835937500000e+03,2.480751574039459229e-01,3.026278018951416016e-01,1.673563867807388306e-01,2.542153000831604004e-01,5.454095131401146546e+00,-8.252800199079775467e+00,8.733950208082592326e+01,0.000000000000000000e+00,0.000000000000000000e+00,0.000000000000000000e+00,2.480751574039459229e-01,3.026278018951416016e-01,1.673563867807388306e-01,2.542153000831604004e-01,8.595174218750000000e+04,6.728245312500000000e+04,3.372415625000000000e+04,7.242567968750000000e+04,-6.596607805198837817e+07
3.033999999999999808e+00,1.079917118381568208e+01,8.367808062841559646e+00,-8.976420974987402701e+01,-1.590043261718750000e+04,-2.274660797119140625e+02,2.398968994140625000e+03,2.512852251529693604e-01,3.287647962570190430e-01,1.305094659328460693e-01,2.379260212182998657e-01,-1.079917118381568208e+01,-8.367808062841559646e+00,8.976420974987402701e+01,0.000000000000000000e+00,0.000000000000000000e+00,0.000000000000000000e+00,2.512852251529693604e-01,3.287647962570190430e-01,1.305094659328460693e-01,2.379260212182998657e-01,8.593413281250000000e+04,6.739401562500000000e+04,3.383646875000000000e+04,7.253904687500000000e+04,-6.597432230765043199e+07
3.035000000000000142e+00,2.706772332731544495e+01,7.790423017458182109e+00,-9.211340804580970598e+01,-1.593602246093750000e+04,-2.092841339111328125e+02,2.395073730468750000e+03,2.516010403633117676e-01,3.524480462074279785e-01,1.011202633380889893e-01,2.244700342416763306e-01,-2.706772332731544495e+01,-7.790423017458182109e+00,9.211340804580970598e+01,0.000000000000000000e+00,0.000000000000000000e+00,0.000000000000000000e+00,2.516010403633117676e-01,3.524480462074279785e-01,1.011202633380889893e-01,2.244700342416763306e-01,8.593777343750000000e+04,6.750735937500000000e+04,3.394899609375000000e+04,7.265171093750000000e+04,-6.598360053992915899e+07
3.036000000000000032e+00,4.325830590797912123e+01,6.569398270275350171e+00,-9.420375307819682575e+01,-1.592693164062500000e+04,-1.969576110839843750e+02,2.406381835937500000e+03,2.533436417579650879e-01,3.738861083984375000e-01,7.899519801139831543e-02,2.138059437274932861e-01,-4.325830590797912123e+01,-6.569398270275350171e+00,9.420375307819682575e+01,0.000000000000000000e+00,0.000000000000000000e+00,0.000000000000000000e+00,2.533436417579650879e-01,3.738861083984375000e-01,7.899519801139831543e-02,2.138059437274932861e-01,8.594727343750000000e+04,6.761835937500000000e+04,3.402478125000000000e+04,7.276602343750000000e+04,-6.599438932504683733e+07
3.036999999999999922e+00,5.931422296676677064e+01,4.835638977439318253e+00,-9.585004992692752523e+01,-1.589001171875000000e+04,-1.946169128417968750e+02,2.384948242187500000e+03,2.564492821693420410e-01,3.930050730705261230e-01,6.483078747987747192e-02,2.061858475208282471e-01,-5.931422296676677064e+01,-4.835638977439318253e+00,9.585004992692752523e+01,0.000000000000000000e+00,0.000000000000000000e+00,0.000000000000000000e+00,2.564492821693420410e-01,3.930050730705261230e-01,6.483078747987747192e-02,2.061858475208282471e-01,8.596232031250000000e+04,6.773500000000000000e+04,3.392142968750000000e+04,7.280275781250000000e+04,-6.600711811756830662e+07
3.037999999999999812e+00,7.525712990086232423e+01,2.753504065499845943e+00,-9.693282333251545424e+01,-1.586901953125000000e+04,-1.933156585693359375e+02,2.345285156250000000e+03,2.643743455410003662e-01,4.108872115612030029e-01,5.745572596788406372e-02,2.005187720060348511e-01,-7.525712990086232423e+01,-2.753504065499845943e+00,9.693282333251545424e+01,0.000000000000000000e+00,0.000000000000000000e+00,0.000000000000000000e+00,2.643743455410003662e-01,4.108872115612030029e-01,5.745572596788406372e-02,2.005187720060348511e-01,8.599706250000000000e+04,6.785470312500000000e+04,3.370565625000000000e+04,7.277899218750000000e+04,-6.602218530719307065e+07
3.039000000000000146e+00,9.116500300076566532e+01,4.624689899749332422e-01,-9.738566146590321182e+01,-1.589296093750000000e+04,-1.792641601562500000e+02,2.335959716796875000e+03,2.743343114852905273e-01,4.279991686344146729e-01,5.613407492637634277e-02,1.963075846433639526e-01,-9.116500300076566532e+01,-4.624689899749332422e-01,9.738566146590321182e+01,0.000000000000000000e+00,0.000000000000000000e+00,0.000000000000000000e+00,2.743343114852905273e-01,4.279991686344146729e-01,5.613407492637634277e-02,1.963075846433639526e-01,8.609206250000000000e+04,6.796880468750000000e+04,3.348233984375000000e+04,7.271896875000000000e+04,-6.603998054590191692e+07
3.040000000000000036e+00,1.071111302280532698e+02,-1.853057644492302813e+00,-9.717060219099428764e+01,-1.594132812500000000e+04,-1.559119567871093750e+02,2.327793945312500000e+03,2.790933847427368164e-01,4.437001049518585205e-01,5.958265438675880432e-02,1.941186487674713135e-01,-1.071111302280532698e+02,1.853057644492302813e+00,9.717060219099428764e+01,0.000000000000000000e+00,0.000000000000000000e+00,0.000000000000000000e+00,2.790933847427368164e-01,4.437001049518585205e-01,5.958265438675880432e-02,1.941186487674713135e-01,8.620304687500000000e+04,6.808203906250000000e+04,3.325812500000000000e+04,7.262908593750000000e+04,-6.606089889987344295e+07
3.040999999999999925e+00,1.231219684711613098e+02,-4.036232703039630110e+00,-9.628943442963500843e+01,-1.596332324218750000e+04,-1.302332305908203125e+02,2.357877441406250000e+03,2.783432602882385254e-01,4.571036994457244873e-01,6.492160260677337646e-02,1.945977509021759033e-01,-1.231219684711613098e+02,4.036232703039630110e+00,9.628943442963500843e+01,0.000000000000000000e+00,0.000000000000000000e+00,0.000000000000000000e+00,2.783432602882385254e-01,4.571036994457244873e-01,6.492160260677337646e-02,1.945977509021759033e-01,8.632099218750000000e+04,6.818889843750000000e+04,3.302839843750000000e+04,7.253012500000000000e+04,-6.608534586535087228e+07
3.041999999999999815e+00,1.391927306614941244e+02,-5.872623874497804763e+00,-9.483242811329486699e+01,-1.594268750000000000e+04,-1.159561996459960938e+02,2.345468994140625000e+03,2.696809172630310059e-01,4.669775068759918213e-01,7.037349045276641846e-02,1.982438415288925171e-01,-1.391927306614941244e+02,5.872623874497804763e+00,9.483242811329486699e+01,0.000000000000000000e+00,0.000000000000000000e+00,0.000000000000000000e+00,2.696809172630310059e-01,4.669775068759918213e-01,7.037349045276641846e-02,1.982438415288925171e-01,8.643110937500000000e+04,6.830339843750000000e+04,3.282891796875000000e+04,7.242995312500000000e+04,-6.611374815875291079e+07
3.043000000000000149e+00,1.553199150133087869e+02,-7.228328804698153753e+00,-9.291101673953234297e+01,-1.590574316406250000e+04,-1.080259246826171875e+02,2.346320312500000000e+03,2.604702115058898926e-01,4.737641513347625732e-01,7.398150116205215454e-02,2.040921300649642944e-01,-1.553199150133087869e+02,7.228328804698153753e+00,9.291101673953234297e+01,0.000000000000000000e+00,0.000000000000000000e+00,0.000000000000000000e+00,2.604702115058898926e-01,4.737641513347625732e-01,7.398150116205215454e-02,2.040921300649642944e-01,8.654457031250000000e+04,6.841604687500000000e+04,3.267888867187500000e+04,7.236214843750000000e+04,-6.614655714052153379e+07
3.044000000000000039e+00,1.715194348573066634e+02,-7.983348929065081201e+00,-9.069595102243204110e+01,-1.590411914062500000e+04,-9.731480407714843750e+01,2.327194580078125000e+03,2.481899261474609375e-01,4.778955280780792236e-01,7.562055438756942749e-02,2.106046229600906372e-01,-1.715194348573066634e+02,7.983348929065081201e+00,9.069595102243204110e+01,0.000000000000000000e+00,0.000000000000000000e+00,0.000000000000000000e+00,2.481899261474609375e-01,4.778955280780792236e-01,7.562055438756942749e-02,2.106046229600906372e-01,8.659700781250000000e+04,6.853221875000000000e+04,3.256469921875000000e+04,7.233735156250000000e+04,-6.618426554644729197e+07
3.044999999999999929e+00,-1.722103323037258633e+02,-8.071887346749205605e+00,-8.835909434098591930e+01,-1.594167578125000000e+04,-7.481407165527343750e+01,2.321927001953125000e+03,2.359157651662826538e-01,4.807156324386596680e-01,7.493661344051361084e-02,2.157545983791351318e-01,1.722103323037258633e+02,8.071887346749205605e+00,8.835909434098591930e+01,0.000000000000000000e+00,0.000000000000000000e+00,0.000000000000000000e+00,2.359157651662826538e-01,4.807156324386596680e-01,7.493661344051361084e-02,2.157545983791351318e-01,8.656342968750000000e+04,6.864622656250000000e+04,3.246573437500000000e+04,7.236407031250000000e+04,-6.622179442991755158e+07
3.045999999999999819e+00,-1.559179961728212618e+02,-7.479709466811280905e+00,-8.610175381921229132e+01,-1.598470898437500000e+04,-4.488018417358398438e+01,2.320728759765625000e+03,2.941282391548156738e-01,5.988631397485733032e-02,3.849399387836456299e-01,3.245392143726348877e-01,1.559179961728212618e+02,7.479709466811280905e+00,8.610175381921229132e+01,0.000000000000000000e+00,0.000000000000000000e+00,0.000000000000000000e+00,2.941282391548156738e-01,5.988631397485733032e-02,3.849399387836456299e-01,3.245392143726348877e-01,8.644117187500000000e+04,6.875914062500000000e+04,3.236188281250000000e+04,7.242817968750000000e+04,-6.625357430951254815e+07
3.047000000000000153e+00,-1.396915199710398952e+02,-6.269209549133973880e+00,-8.412494242577555781e+01,-1.598766699218750000e+04,-2.150468635559082031e+01,2.313248046875000000e+03,2.856202125549316406e-01,8.091890811920166016e-02,3.846605122089385986e-01,3.270643949508666992e-01,1.396915199710398952e+02,6.269209549133973880e+00,8.412494242577555781e+01,0.000000000000000000e+00,0.000000000000000000e+00,0.000000000000000000e+00,2.856202125549316406e-01,8.091890811920166016e-02,3.846605122089385986e-01,3.270643949508666992e-01,8.655251562500000000e+04,6.853467187500000000e+04,3.247612304687500000e+04,7.253905468750000000e+04,-6.628020433919087797e+07
3.048000000000000043e+00,-1.235898917010665343e+02,-4.533189404454290639e+00,-8.256459194120537859e+01,-1.595253222656250000e+04,-7.541320323944091797e+00,2.337060302734375000e+03,2.785192131996154785e-01,1.042099595069885254e-01,3.788962662220001221e-01,3.264093399047851562e-01,1.235898917010665343e+02,4.533189404454290639e+00,8.256459194120537859e+01,0.000000000000000000e+00,0.000000000000000000e+00,0.000000000000000000e+00,2.785192131996154785e-01,1.042099595069885254e-01,3.788962662220001221e-01,3.264093399047851562e-01,8.666890625000000000e+04,6.830492187500000000e+04,3.258474804687500000e+04,7.265544531250000000e+04,-6.630231626217015088e+07
3.048999999999999932e+00,-1.076015712523919063e+02,-2.429841618182889906e+00,-8.155712563792243941e+01,-1.592492871093750000e+04,1.695624828338623047e+00,2.338874755859375000e+03,2.709148526191711426e-01,1.303220242261886597e-01,3.667108714580535889e-01,3.220908045768737793e-01,1.076015712523919063e+02,2.429841618182889906e+00,8.155712563792243941e+01,0.000000000000000000e+00,0.000000000000000000e+00,0.000000000000000000e+00,2.709148526191711426e-01,1.303220242261886597e-01,3.667108714580535889e-01,3.220908045768737793e-01,8.678150781250000000e+04,6.807939062500000000e+04,3.269703906250000000e+04,7.276899218750000000e+04,-6.632055182917874306e+07
3.049999999999999822e+00,-9.165276196016704091e+01,-9.376429807844377518e-02,-8.118164882804511251e+01,-1.593827832031250000e+04,2.061243247985839844e+01,2.373596679687500000e+03,2.653543949127197266e-01,1.588311791419982910e-01,3.473815619945526123e-01,3.138585388660430908e-01,9.165276196016704091e+01,9.376429807844377518e-02,8.118164882804511251e+01,0.000000000000000000e+00,0.000000000000000000e+00,0.000000000000000000e+00,2.653543949127197266e-01,1.588311791419982910e-01,3.473815619945526123e-01,3.138585388660430908e-01,8.690032812500000000e+04,6.784874218750000000e+04,3.280403906250000000e+04,7.288758593750000000e+04,-6.633553252685185522e+07
3.051000000000000156e+00,-7.566142151975508057e+01,2.239115794785817126e+00,-8.149074072870374152e+01,-1.598330566406250000e+04,4.959245300292968750e+01,2.360389160156250000e+03,2.576651573181152344e-01,1.917593777179718018e-01,3.205660283565521240e-01,3.004406392574310303e-01,7.566142151975508057e+01,-2.239115794785817126e+00,8.149074072870374152e+01,0.000000000000000000e+00,0.000000000000000000e+00,0.000000000000000000e+00,2.576651573181152344e-01,1.917593777179718018e-01,3.205660283565521240e-01,3.004406392574310303e-01,8.698029687500000000e+04,6.762625000000000000e+04,3.291831640625000000e+04,7.299735937500000000e+04,-6.634791293202230334e+07
3.052000000000000046e+00,-5.959758533591569574e+01,4.387640495574427035e+00,-8.246512513818301215e+01,-1.600524414062500000e+04,8.217372131347656250e+01,2.364715576171875000e+03,2.530715763568878174e-01,2.269427180290222168e-01,2.860409021377563477e-01,2.821284532546997070e-01,5.959758533591569574e+01,-4.387640495574427035e+00,8.246512513818301215e+01,0.000000000000000000e+00,0.000000000000000000e+00,0.000000000000000000e+00,2.530715763568878174e-01,2.269427180290222168e-01,2.860409021377563477e-01,2.821284532546997070e-01,8.700762500000000000e+04,6.762258593750000000e+04,3.303050000000000000e+04,7.311027343750000000e+04,-6.635828455245334655e+07
3.052999999999999936e+00,-4.346920730369311059e+01,6.162157700835775742e+00,-8.401348024481964671e+01,-1.598376464843750000e+04,1.037835693359375000e+02,2.356073730468750000e+03,2.490864545106887817e-01,2.629152238368988037e-01,2.460049390792846680e-01,2.606353461742401123e-01,4.346920730369311059e+01,-6.162157700835775742e+00,8.401348024481964671e+01,0.000000000000000000e+00,0.000000000000000000e+00,0.000000000000000000e+00,2.490864545106887817e-01,2.629152238368988037e-01,2.460049390792846680e-01,2.606353461742401123e-01,8.703083593750000000e+04,6.762100000000000000e+04,3.314371093750000000e+04,7.322151562500000000e+04,-6.636727036148733646e+07
3.053999999999999826e+00,-2.728946158396719568e+01,7.436287472450005431e+00,-8.602145294694990696e+01,-1.593971582031250000e+04,1.160709533691406250e+02,2.370953857421875000e+03,2.483815550804138184e-01,2.963061034679412842e-01,2.037416249513626099e-01,2.390110641717910767e-01,2.728946158396719568e+01,-7.436287472450005431e+00,8.602145294694990696e+01,0.000000000000000000e+00,0.000000000000000000e+00,0.000000000000000000e+00,2.483815550804138184e-01,2.963061034679412842e-01,2.037416249513626099e-01,2.390110641717910767e-01,8.702560156250000000e+04,6.773079687500000000e+04,3.325429296875000000e+04,7.333732031250000000e+04,-6.637547006493935734e+07
3.055000000000000160e+00,-1.104758408957103555e+01,8.095720443509275555e+00,-8.832721611046676458e+01,-1.592797265625000000e+04,1.277743988037109375e+02,2.382116943359375000e+03,2.481953650712966919e-01,3.260116875171661377e-01,1.636575609445571899e-01,2.195999771356582642e-01,1.104758408957103555e+01,-8.095720443509275555e+00,8.832721611046676458e+01,0.000000000000000000e+00,0.000000000000000000e+00,0.000000000000000000e+00,2.481953650712966919e-01,3.260116875171661377e-01,1.636575609445571899e-01,2.195999771356582642e-01,8.699002343750000000e+04,6.784071875000000000e+04,3.336439843750000000e+04,7.345148437500000000e+04,-6.638345935184890032e+07
3.056000000000000050e+00,5.250655359787940846e+00,8.067859871314949416e+00,-9.072436071057281026e+01,-1.595890136718750000e+04,1.483100585937500000e+02,2.376571533203125000e+03,2.484891265630722046e-01,3.522203564643859863e-01,1.283504664897918701e-01,2.030639797449111938e-01,-5.250655359787940846e+00,-8.067859871314949416e+00,9.072436071057281026e+01,0.000000000000000000e+00,0.000000000000000000e+00,0.000000000000000000e+00,2.484891265630722046e-01,3.522203564643859863e-01,1.283504664897918701e-01,2.030639797449111938e-01,8.694814843750000000e+04,6.795367187500000000e+04,3.347843750000000000e+04,7.356260156250000000e+04,-6.639178292121985555e+07
3.056999999999999940e+00,2.156069291709900781e+01,7.344519072370121471e+00,-9.302706439377851666e+01,-1.599888574218750000e+04,1.750548400878906250e+02,2.395196044921875000e+03,2.494946271181106567e-01,3.760206103324890137e-01,9.924791753292083740e-02,1.891246438026428223e-01,-2.156069291709900781e+01,-7.344519072370121471e+00,9.302706439377851666e+01,0.000000000000000000e+00,0.000000000000000000e+00,0.000000000000000000e+00,2.494946271181106567e-01,3.760206103324890137e-01,9.924791753292083740e-02,1.891246438026428223e-01,8.690946875000000000e+04,6.806312500000000000e+04,3.358777734375000000e+04,7.363055468750000000e+04,-6.640095576136904955e+07
3.057999999999999829e+00,3.779698204676185469e+01,5.992907604545312239e+00,-9.502187194539654058e+01,-1.600225878906250000e+04,1.937657775878906250e+02,2.398386474609375000e+03,2.496683746576309204e-01,3.973812758922576904e-01,7.807036489248275757e-02,1.783227324485778809e-01,-3.779698204676185469e+01,-5.992907604545312239e+00,9.502187194539654058e+01,0.000000000000000000e+00,0.000000000000000000e+00,0.000000000000000000e+00,2.496683746576309204e-01,3.973812758922576904e-01,7.807036489248275757e-02,1.783227324485778809e-01,8.687863281250000000e+04,6.817541406250000000e+04,3.365774609375000000e+04,7.346668750000000000e+04,-6.641144944431045651e+07
3.059000000000000163e+00,5.389943213394393950e+01,4.116334115629812551e+00,-9.657371596155097393e+01,-1.596330175781250000e+04,1.985482940673828125e+02,2.431009033203125000e+03,2.532619833946228027e-01,4.166896939277648926e-01,6.419792026281356812e-02,1.703841239213943481e-01,-5.389943213394393950e+01,-4.116334115629812551e+00,9.657371596155097393e+01,0.000000000000000000e+00,0.000000000000000000e+00,0.000000000000000000e+00,2.532619833946228027e-01,4.166896939277648926e-01,6.419792026281356812e-02,1.703841239213943481e-01,8.685511718750000000e+04,6.828300000000000000e+04,3.354670703125000000e+04,7.324734375000000000e+04,-6.642369801991599053e+07
3.060000000000000053e+00,6.988086545935796323e+01,1.908859782505657687e+00,-9.753471594514084586e+01,-1.592857324218750000e+04,1.941499786376953125e+02,2.406986328125000000e+03,2.578235864639282227e-01,4.335464239120483398e-01,5.814376473426818848e-02,1.657885313034057617e-01,-6.988086545935796323e+01,-1.908859782505657687e+00,9.753471594514084586e+01,0.000000000000000000e+00,0.000000000000000000e+00,0.000000000000000000e+00,2.578235864639282227e-01,4.335464239120483398e-01,5.814376473426818848e-02,1.657885313034057617e-01,8.684798437500000000e+04,6.840011718750000000e+04,3.333117968750000000e+04,7.301767187500000000e+04,-6.643809801983350515e+07
3.060999999999999943e+00,8.581983578148475544e+01,-4.754278950818444094e-01,-9.784636929808195305e+01,-1.593273242187500000e+04,1.977796325683593750e+02,2.404208740234375000e+03,2.672066688537597656e-01,4.496948421001434326e-01,5.721321702003479004e-02,1.627714931964874268e-01,-8.581983578148475544e+01,4.754278950818444094e-01,9.784636929808195305e+01,0.000000000000000000e+00,0.000000000000000000e+00,0.000000000000000000e+00,2.672066688537597656e-01,4.496948421001434326e-01,5.721321702003479004e-02,1.627714931964874268e-01,8.687832031250000000e+04,6.851320312500000000e+04,3.310691406250000000e+04,7.279175781250000000e+04,-6.645503720206356794e+07
3.061999999999999833e+00,1.018087413891703790e+02,-2.844894738404844858e+00,-9.747739676060348302e+01,-1.597588574218750000e+04,2.110845336914062500e+02,2.396504882812500000e+03,2.721486091613769531e-01,4.639429152011871338e-01,6.058836355805397034e-02,1.622380614280700684e-01,-1.018087413891703790e+02,2.844894738404844858e+00,9.747739676060348302e+01,0.000000000000000000e+00,0.000000000000000000e+00,0.000000000000000000e+00,2.721486091613769531e-01,4.639429152011871338e-01,6.058836355805397034e-02,1.622380614280700684e-01,8.697278906250000000e+04,6.862638281250000000e+04,3.288233984375000000e+04,7.256550000000000000e+04,-6.647491215819211304e+07
3.063000000000000167e+00,1.178882538585817343e+02,-5.053251000445093233e+00,-9.643702208036692980e+01,-1.600542285156250000e+04,2.272540283203125000e+02,2.437455566406250000e+03,2.716777026653289795e-01,4.757797122001647949e-01,6.549523025751113892e-02,1.644745469093322754e-01,-1.178882538585817343e+02,5.053251000445093233e+00,9.643702208036692980e+01,0.000000000000000000e+00,0.000000000000000000e+00,0.000000000000000000e+00,2.716777026653289795e-01,4.757797122001647949e-01,6.549523025751113892e-02,1.644745469093322754e-01,8.707432031250000000e+04,6.873146093750000000e+04,3.265094531250000000e+04,7.234802343750000000e+04,-6.649813543316333741e+07
3.064000000000000057e+00,1.340558891745998267e+02,-6.911657181755465729e+00,-9.479425942743580435e+01,-1.599390234375000000e+04,2.315241088867187500e+02,2.471659179687500000e+03,2.624794542789459229e-01,4.838035702705383301e-01,7.060673832893371582e-02,1.701893210411071777e-01,-1.340558891745998267e+02,6.911657181755465729e+00,9.479425942743580435e+01,0.000000000000000000e+00,0.000000000000000000e+00,0.000000000000000000e+00,2.624794542789459229e-01,4.838035702705383301e-01,7.060673832893371582e-02,1.701893210411071777e-01,8.719198437500000000e+04,6.883825000000000000e+04,3.241955078125000000e+04,7.212856250000000000e+04,-6.652514013721112162e+07
3.064999999999999947e+00,1.502902095282994139e+02,-8.251741741194187796e+00,-9.268745436464467957e+01,-1.595380078125000000e+04,2.231460723876953125e+02,2.479343017578125000e+03,2.503762841224670410e-01,4.886797070503234863e-01,7.408241182565689087e-02,1.782896071672439575e-01,-1.502902095282994139e+02,8.251741741194187796e+00,9.268745436464467957e+01,0.000000000000000000e+00,0.000000000000000000e+00,0.000000000000000000e+00,2.503762841224670410e-01,4.886797070503234863e-01,7.408241182565689087e-02,1.782896071672439575e-01,8.730616406250000000e+04,6.894978125000000000e+04,3.223725195312500000e+04,7.190417968750000000e+04,-6.655638633972954005e+07
3.065999999999999837e+00,1.665866169582544956e+02,-8.960142295963153813e+00,-9.029130220945745577e+01,-1.593531835937500000e+04,2.126320343017578125e+02,2.471655761718750000e+03,2.381599843502044678e-01,4.913596510887145996e-01,7.506948709487915039e-02,1.869498938322067261e-01,-1.665866169582544956e+02,8.960142295963153813e+00,9.029130220945745577e+01,0.000000000000000000e+00,0.000000000000000000e+00,0.000000000000000000e+00,2.381599843502044678e-01,4.913596510887145996e-01,7.506948709487915039e-02,1.869498938322067261e-01,8.735692187500000000e+04,6.906408593750000000e+04,3.210373828125000000e+04,7.167748437500000000e+04,-6.659237024408377707e+07
3.067000000000000171e+00,-1.770634719325349806e+02,-8.973355295851177971e+00,-8.781221893327689543e+01,-1.596103027343750000e+04,2.110997314453125000e+02,2.447663574218750000e+03,2.258134782314300537e-01,4.927289187908172607e-01,7.350099831819534302e-02,1.942170411348342896e-01,1.770634719325349806e+02,8.973355295851177971e+00,8.781221893327689543e+01,0.000000000000000000e+00,0.000000000000000000e+00,0.000000000000000000e+00,2.258134782314300537e-01,4.927289187908172607e-01,7.350099831819534302e-02,1.942170411348342896e-01,8.731752343750000000e+04,6.918117968750000000e+04,3.200583789062500000e+04,7.147196875000000000e+04,-6.663151322407583147e+07
3.068000000000000060e+00,-1.606961157586667355e+02,-8.283681193093471506e+00,-8.540875716441374266e+01,-1.600422363281250000e+04,2.190291442871093750e+02,2.472688476562500000e+03,2.824514508247375488e-01,7.620140910148620605e-02,3.836646974086761475e-01,3.099171519279479980e-01,1.606961157586667355e+02,8.283681193093471506e+00,8.540875716441374266e+01,0.000000000000000000e+00,0.000000000000000000e+00,0.000000000000000000e+00,2.824514508247375488e-01,7.620140910148620605e-02,3.836646974086761475e-01,3.099171519279479980e-01,8.710827343750000000e+04,6.928943750000000000e+04,3.189675000000000000e+04,7.140135937500000000e+04,-6.666469974087022990e+07
3.068999999999999950e+00,-1.443917469083668266e+02,-6.943240795368192053e+00,-8.328631139428037500e+01,-1.602058496093750000e+04,2.200537109375000000e+02,2.492895019531250000e+03,2.721765637397766113e-01,9.655957669019699097e-02,3.844076395034790039e-01,3.131476640701293945e-01,1.443917469083668266e+02,6.943240795368192053e+00,8.328631139428037500e+01,0.000000000000000000e+00,0.000000000000000000e+00,0.000000000000000000e+00,2.721765637397766113e-01,9.655957669019699097e-02,3.844076395034790039e-01,3.131476640701293945e-01,8.722393750000000000e+04,6.906021875000000000e+04,3.200613476562500000e+04,7.151733593750000000e+04,-6.669253353570389003e+07
3.069999999999999840e+00,-1.282207476890370117e+02,-5.041415193647821091e+00,-8.159103645916036385e+01,-1.599135937500000000e+04,2.109266510009765625e+02,2.541051269531250000e+03,2.630870938301086426e-01,1.188936755061149597e-01,3.797849118709564209e-01,3.134275078773498535e-01,1.282207476890370117e+02,5.041415193647821091e+00,8.159103645916036385e+01,0.000000000000000000e+00,0.000000000000000000e+00,0.000000000000000000e+00,2.630870938301086426e-01,1.188936755061149597e-01,3.797849118709564209e-01,3.134275078773498535e-01,8.734495312500000000e+04,6.882665625000000000e+04,3.211082421875000000e+04,7.163733593750000000e+04,-6.671565660893946141e+07
3.071000000000000174e+00,-1.121868688728795576e+02,-2.761751190456252836e+00,-8.048327360289711407e+01,-1.595588183593750000e+04,1.922149810791015625e+02,2.534335205078125000e+03,2.540982961654663086e-01,1.435414999723434448e-01,3.685930669307708740e-01,3.103246688842773438e-01,1.121868688728795576e+02,2.761751190456252836e+00,8.048327360289711407e+01,0.000000000000000000e+00,0.000000000000000000e+00,0.000000000000000000e+00,2.540982961654663086e-01,1.435414999723434448e-01,3.685930669307708740e-01,3.103246688842773438e-01,8.745601562500000000e+04,6.860278125000000000e+04,3.222431054687500000e+04,7.174838281250000000e+04,-6.673472768708644062e+07
3.072000000000000064e+00,-9.621884402221469657e+01,-2.511189149353914019e-01,-8.003318348279736938e+01,-1.595355273437500000e+04,1.803616180419921875e+02,2.552522705078125000e+03,2.493759840726852417e-01,1.691737771034240723e-01,3.503703773021697998e-01,3.038403987884521484e-01,9.621884402221469657e+01,2.511189149353914019e-01,8.003318348279736938e+01,0.000000000000000000e+00,0.000000000000000000e+00,0.000000000000000000e+00,2.493759840726852417e-01,1.691737771034240723e-01,3.503703773021697998e-01,3.038403987884521484e-01,8.751312500000000000e+04,6.837499218750000000e+04,3.233410351562500000e+04,7.186396875000000000e+04,-6.675039112655051053e+07
3.072999999999999954e+00,-8.022067902805385131e+01,2.283057935998736188e+00,-8.029079467452349661e+01,-1.599096093750000000e+04,1.793239746093750000e+02,2.549219482421875000e+03,2.434650212526321411e-01,1.984819471836090088e-01,3.246819674968719482e-01,2.925787866115570068e-01,8.022067902805385131e+01,-2.283057935998736188e+00,8.029079467452349661e+01,0.000000000000000000e+00,0.000000000000000000e+00,0.000000000000000000e+00,2.434650212526321411e-01,1.984819471836090088e-01,3.246819674968719482e-01,2.925787866115570068e-01,8.749979687500000000e+04,6.815099218750000000e+04,3.244662304687500000e+04,7.197673437500000000e+04,-6.676327830795723945e+07
3.073999999999999844e+00,-6.413784266055290573e+01,4.666853337087009557e+00,-8.125225779753282040e+01,-1.602186132812500000e+04,1.847924346923828125e+02,2.571461425781250000e+03,2.388588041067123413e-01,2.303491532802581787e-01,2.915889918804168701e-01,2.764644324779510498e-01,6.413784266055290573e+01,-4.666853337087009557e+00,8.125225779753282040e+01,0.000000000000000000e+00,0.000000000000000000e+00,0.000000000000000000e+00,2.388588041067123413e-01,2.303491532802581787e-01,2.915889918804168701e-01,2.764644324779510498e-01,8.741554687500000000e+04,6.818268750000000000e+04,3.255584179687500000e+04,7.209317187500000000e+04,-6.677401567973565310e+07
3.075000000000000178e+00,-4.796328361702707355e+01,6.694168710550059131e+00,-8.284243920671508477e+01,-1.601443652343750000e+04,1.811811981201171875e+02,2.573724365234375000e+03,2.341504842042922974e-01,2.632972896099090576e-01,2.527491748332977295e-01,2.569569647312164307e-01,4.796328361702707355e+01,-6.694168710550059131e+00,8.284243920671508477e+01,0.000000000000000000e+00,0.000000000000000000e+00,0.000000000000000000e+00,2.341504842042922974e-01,2.632972896099090576e-01,2.527491748332977295e-01,2.569569647312164307e-01,8.729519531250000000e+04,6.829470312500000000e+04,3.266723242187500000e+04,7.220551562500000000e+04,-6.678322383793942630e+07
3.076000000000000068e+00,-3.171579836233704697e+01,8.211443218578814651e+00,-8.493330730195530975e+01,-1.597354882812500000e+04,1.638499755859375000e+02,2.572181152343750000e+03,2.329198718070983887e-01,2.940512001514434814e-01,2.110270261764526367e-01,2.367949485778808594e-01,3.171579836233704697e+01,-8.211443218578814651e+00,8.493330730195530975e+01,0.000000000000000000e+00,0.000000000000000000e+00,0.000000000000000000e+00,2.329198718070983887e-01,2.940512001514434814e-01,2.110270261764526367e-01,2.367949485778808594e-01,8.714371093750000000e+04,6.840675781250000000e+04,3.278054687500000000e+04,7.231742968750000000e+04,-6.679151082429416478e+07
3.076999999999999957e+00,-1.539592399663170497e+01,9.110145851203633072e+00,-8.737552836092889663e+01,-1.594935937500000000e+04,1.416625976562500000e+02,2.580630615234375000e+03,2.341020703315734863e-01,3.212593793869018555e-01,1.703318357467651367e-01,2.186308652162551880e-01,1.539592399663170497e+01,-9.110145851203633072e+00,8.737552836092889663e+01,0.000000000000000000e+00,0.000000000000000000e+00,0.000000000000000000e+00,2.341020703315734863e-01,3.212593793869018555e-01,1.703318357467651367e-01,2.186308652162551880e-01,8.699653125000000000e+04,6.851736718750000000e+04,3.289107031250000000e+04,7.243142187500000000e+04,-6.679946533648365736e+07
3.077999999999999847e+00,9.916714040995526780e-01,9.308221378750991093e+00,-8.997905897403202857e+01,-1.596816210937500000e+04,1.261274185180664062e+02,2.582875976562500000e+03,2.353621423244476318e-01,3.449915349483489990e-01,1.340461373329162598e-01,2.037320286035537720e-01,-9.916714040995526780e-01,-9.308221378750991093e+00,8.997905897403202857e+01,0.000000000000000000e+00,0.000000000000000000e+00,0.000000000000000000e+00,2.353621423244476318e-01,3.449915349483489990e-01,1.340461373329162598e-01,2.037320286035537720e-01,8.684329687500000000e+04,6.862957031250000000e+04,3.300382421875000000e+04,7.254512500000000000e+04,-6.680764919393491745e+07
3.079000000000000181e+00,1.741015143495314632e+01,8.775121069732861656e+00,-9.255842432537448872e+01,-1.601030078125000000e+04,1.192292404174804688e+02,2.608252197265625000e+03,2.365472763776779175e-01,3.662905395030975342e-01,1.037654876708984375e-01,1.918560713529586792e-01,-1.741015143495314632e+01,-8.775121069732861656e+00,9.255842432537448872e+01,0.000000000000000000e+00,0.000000000000000000e+00,0.000000000000000000e+00,2.365472763776779175e-01,3.662905395030975342e-01,1.037654876708984375e-01,1.918560713529586792e-01,8.671528906250000000e+04,6.873818750000000000e+04,3.311192968750000000e+04,7.252018750000000000e+04,-6.681659637197128683e+07
3.080000000000000071e+00,3.376768054266211294e+01,7.564475455509109381e+00,-9.485855548764499190e+01,-1.602789648437500000e+04,1.087193984985351562e+02,2.584752441406250000e+03,2.363033145666122437e-01,3.853240013122558594e-01,8.107321709394454956e-02,1.833446025848388672e-01,-3.376768054266211294e+01,-7.564475455509109381e+00,9.485855548764499190e+01,0.000000000000000000e+00,0.000000000000000000e+00,0.000000000000000000e+00,2.363033145666122437e-01,3.853240013122558594e-01,8.107321709394454956e-02,1.833446025848388672e-01,8.658197656250000000e+04,6.885516406250000000e+04,3.322875390625000000e+04,7.248707812500000000e+04,-6.682679199505864084e+07
3.080999999999999961e+00,4.998566458223568532e+01,5.780780380267311891e+00,-9.673025445449373194e+01,-1.599775585937500000e+04,8.727536010742187500e+01,2.583198242187500000e+03,2.405484467744827271e-01,4.031762778759002686e-01,6.493755429983139038e-02,1.772565841674804688e-01,-4.998566458223568532e+01,-5.780780380267311891e+00,9.673025445449373194e+01,0.000000000000000000e+00,0.000000000000000000e+00,0.000000000000000000e+00,2.405484467744827271e-01,4.031762778759002686e-01,6.493755429983139038e-02,1.772565841674804688e-01,8.646491406250000000e+04,6.896849218750000000e+04,3.334169531250000000e+04,7.236911718750000000e+04,-6.683868072127100825e+07
3.081999999999999851e+00,6.605367092822122288e+01,3.591455743433147774e+00,-9.803656653328381765e+01,-1.595863281250000000e+04,5.524160385131835938e+01,2.554809570312500000e+03,2.462400496006011963e-01,4.189369082450866699e-01,5.663344636559486389e-02,1.744420081377029419e-01,-6.605367092822122288e+01,-3.591455743433147774e+00,9.803656653328381765e+01,0.000000000000000000e+00,0.000000000000000000e+00,0.000000000000000000e+00,2.462400496006011963e-01,4.189369082450866699e-01,5.663344636559486389e-02,1.744420081377029419e-01,8.634341406250000000e+04,6.908558593750000000e+04,3.327274218750000000e+04,7.218528125000000000e+04,-6.685266787564609200e+07
3.083000000000000185e+00,8.203680752401476184e+01,1.118960406305077981e+00,-9.871617076474974795e+01,-1.595253710937500000e+04,2.678776741027832031e+01,2.572189697265625000e+03,2.556877136230468750e-01,4.338353574275970459e-01,5.460445210337638855e-02,1.735733449459075928e-01,-8.203680752401476184e+01,-1.118960406305077981e+00,9.871617076474974795e+01,0.000000000000000000e+00,0.000000000000000000e+00,0.000000000000000000e+00,2.556877136230468750e-01,4.338353574275970459e-01,5.460445210337638855e-02,1.735733449459075928e-01,8.626449218750000000e+04,6.919446093750000000e+04,3.306376562500000000e+04,7.196738281250000000e+04,-6.686914404787766933e+07
3.084000000000000075e+00,9.803190831195843202e+01,-1.450194552591111741e+00,-9.870737639636004701e+01,-1.599239062500000000e+04,7.282989501953125000e+00,2.577525878906250000e+03,2.608426213264465332e-01,4.469106793403625488e-01,5.848791450262069702e-02,1.754032373428344727e-01,-9.803190831195843202e+01,1.450194552591111741e+00,9.870737639636004701e+01,0.000000000000000000e+00,0.000000000000000000e+00,0.000000000000000000e+00,2.608426213264465332e-01,4.469106793403625488e-01,5.848791450262069702e-02,1.754032373428344727e-01,8.622534375000000000e+04,6.930571875000000000e+04,3.283707421875000000e+04,7.174305468750000000e+04,-6.688849955214424431e+07
3.084999999999999964e+00,1.140995706807026551e+02,-3.922746710121287173e+00,-9.800030040492016781e+01,-1.603182226562500000e+04,-5.502897739410400391e+00,2.579838378906250000e+03,2.622779011726379395e-01,4.585768580436706543e-01,6.513223052024841309e-02,1.794472485780715942e-01,-1.140995706807026551e+02,3.922746710121287173e+00,9.800030040492016781e+01,0.000000000000000000e+00,0.000000000000000000e+00,0.000000000000000000e+00,2.622779011726379395e-01,4.585768580436706543e-01,6.513223052024841309e-02,1.794472485780715942e-01,8.625557031250000000e+04,6.941803125000000000e+04,3.261204687500000000e+04,7.151778906250000000e+04,-6.691113771099497378e+07
3.085999999999999854e+00,1.302521925719208582e+02,-6.110347142484944705e+00,-9.664799351010125861e+01,-1.603166015625000000e+04,-2.466614723205566406e+01,2.577353759765625000e+03,2.583361268043518066e-01,4.677857458591461182e-01,7.214196771383285522e-02,1.860865950584411621e-01,-1.302521925719208582e+02,6.110347142484944705e+00,9.664799351010125861e+01,0.000000000000000000e+00,0.000000000000000000e+00,0.000000000000000000e+00,2.583361268043518066e-01,4.677857458591461182e-01,7.214196771383285522e-02,1.860865950584411621e-01,8.632031250000000000e+04,6.953137500000000000e+04,3.238661914062500000e+04,7.129697656250000000e+04,-6.693748151565649360e+07
3.087000000000000188e+00,1.464777262213707161e+02,-7.839249888123662302e+00,-9.477161569145118847e+01,-1.599500390625000000e+04,-5.477171707153320312e+01,2.548891845703125000e+03,2.502756714820861816e-01,4.738355875015258789e-01,7.785053551197052002e-02,1.953450739383697510e-01,-1.464777262213707161e+02,7.839249888123662302e+00,9.477161569145118847e+01,0.000000000000000000e+00,0.000000000000000000e+00,0.000000000000000000e+00,2.502756714820861816e-01,4.738355875015258789e-01,7.785053551197052002e-02,1.953450739383697510e-01,8.638978906250000000e+04,6.964925781250000000e+04,3.220806250000000000e+04,7.110850781250000000e+04,-6.696798035291505605e+07
3.088000000000000078e+00,1.627844302863876180e+02,-9.008400960874515917e+00,-9.248246147566415232e+01,-1.596866503906250000e+04,-8.633673858642578125e+01,2.555230957031250000e+03,2.410921007394790649e-01,4.772682189941406250e-01,8.123751729726791382e-02,2.058264762163162231e-01,-1.627844302863876180e+02,9.008400960874515917e+00,9.248246147566415232e+01,0.000000000000000000e+00,0.000000000000000000e+00,0.000000000000000000e+00,2.410921007394790649e-01,4.772682189941406250e-01,8.123751729726791382e-02,2.058264762163162231e-01,8.643551562500000000e+04,6.976093750000000000e+04,3.208548632812500000e+04,7.098164062500000000e+04,-6.700311328062719107e+07
3.088999999999999968e+00,1.791809739719753907e+02,-9.513131541123424739e+00,-8.997196721344539583e+01,-1.598986914062500000e+04,-1.104204406738281250e+02,2.534469238281250000e+03,2.279323786497116089e-01,4.785525202751159668e-01,8.249383419752120972e-02,2.157624214887619019e-01,-1.791809739719753907e+02,9.513131541123424739e+00,8.997196721344539583e+01,0.000000000000000000e+00,0.000000000000000000e+00,0.000000000000000000e+00,2.279323786497116089e-01,4.785525202751159668e-01,8.249383419752120972e-02,2.157624214887619019e-01,8.641735156250000000e+04,6.987627343750000000e+04,3.201893750000000000e+04,7.092288281250000000e+04,-6.704340455661671609e+07
3.089999999999999858e+00,-1.643577637964756946e+02,-9.306023671724581448e+00,-8.739651086310621508e+01,-1.603748144531250000e+04,-1.228122024536132812e+02,2.554621337890625000e+03,2.155988812446594238e-01,4.792585670948028564e-01,8.104981482028961182e-02,2.230989933013916016e-01,1.643577637964756946e+02,9.306023671724581448e+00,8.739651086310621508e+01,0.000000000000000000e+00,0.000000000000000000e+00,0.000000000000000000e+00,2.155988812446594238e-01,4.792585670948028564e-01,8.104981482028961182e-02,2.230989933013916016e-01,8.634102343750000000e+04,6.998488281250000000e+04,3.198484960937500000e+04,7.102452343750000000e+04,-6.707814278332451731e+07
3.091000000000000192e+00,-1.479219841762518399e+02,-8.406749441640865683e+00,-8.500372584750731164e+01,-1.606471777343750000e+04,-1.345062255859375000e+02,2.534218994140625000e+03,2.748594284057617188e-01,6.651017069816589355e-02,3.919706344604492188e-01,3.335665762424468994e-01,1.479219841762518399e+02,8.406749441640865683e+00,8.500372584750731164e+01,0.000000000000000000e+00,0.000000000000000000e+00,0.000000000000000000e+00,2.748594284057617188e-01,6.651017069816589355e-02,3.919706344604492188e-01,3.335665762424468994e-01,8.611207031250000000e+04,7.010089843750000000e+04,3.194701757812500000e+04,7.113325000000000000e+04,-6.710732000357128680e+07
3.092000000000000082e+00,-1.316027204331203961e+02,-6.891325379457310163e+00,-8.295490118097950472e+01,-1.604388671875000000e+04,-1.555182342529296875e+02,2.537224121093750000e+03,2.677493691444396973e-01,8.468603342771530151e-02,3.908039033412933350e-01,3.383955657482147217e-01,1.316027204331203961e+02,6.891325379457310163e+00,8.295490118097950472e+01,0.000000000000000000e+00,0.000000000000000000e+00,0.000000000000000000e+00,2.677493691444396973e-01,8.468603342771530151e-02,3.908039033412933350e-01,3.383955657482147217e-01,8.622578906250000000e+04,6.987566406250000000e+04,3.205909179687500000e+04,7.124614843750000000e+04,-6.713156828559212387e+07
3.092999999999999972e+00,-1.154346915564721598e+02,-4.894753851777370990e+00,-8.140605895501028044e+01,-1.600638671875000000e+04,-1.826522369384765625e+02,2.523458496093750000e+03,2.606670856475830078e-01,1.051812991499900818e-01,3.838203549385070801e-01,3.401684761047363281e-01,1.154346915564721598e+02,4.894753851777370990e+00,8.140605895501028044e+01,0.000000000000000000e+00,0.000000000000000000e+00,0.000000000000000000e+00,2.606670856475830078e-01,1.051812991499900818e-01,3.838203549385070801e-01,3.401684761047363281e-01,8.633546875000000000e+04,6.965346875000000000e+04,3.217406054687500000e+04,7.135698437500000000e+04,-6.715154435865671933e+07
3.093999999999999861e+00,-9.937129685525485456e+01,-2.567737528769161948e+00,-8.046044678439820075e+01,-1.599928027343750000e+04,-2.051697235107421875e+02,2.510838378906250000e+03,2.557299137115478516e-01,1.277730762958526611e-01,3.703112900257110596e-01,3.386058807373046875e-01,9.937129685525485456e+01,2.567737528769161948e+00,8.046044678439820075e+01,0.000000000000000000e+00,0.000000000000000000e+00,0.000000000000000000e+00,2.557299137115478516e-01,1.277730762958526611e-01,3.703112900257110596e-01,3.386058807373046875e-01,8.639600000000000000e+04,6.943074218750000000e+04,3.228890820312500000e+04,7.146799218750000000e+04,-6.716789949006818235e+07
3.095000000000000195e+00,-8.332495171701887671e+01,-6.687949118158864614e-02,-8.018850880800322045e+01,-1.603751269531250000e+04,-2.136725158691406250e+02,2.514764892578125000e+03,2.510235905647277832e-01,1.539708673954010010e-01,3.495934605598449707e-01,3.325672745704650879e-01,8.332495171701887671e+01,6.687949118158864614e-02,8.018850880800322045e+01,0.000000000000000000e+00,0.000000000000000000e+00,0.000000000000000000e+00,2.510235905647277832e-01,1.539708673954010010e-01,3.495934605598449707e-01,3.325672745704650879e-01,8.642212500000000000e+04,6.920438281250000000e+04,3.240048632812500000e+04,7.158077343750000000e+04,-6.718126273906454444e+07
3.096000000000000085e+00,-6.723218818582948586e+01,2.395284800525248059e+00,-8.061539245840428691e+01,-1.608154101562500000e+04,-2.135632476806640625e+02,2.497985107421875000e+03,2.452822327613830566e-01,1.845948994159698486e-01,3.211509287357330322e-01,3.211657702922821045e-01,6.723218818582948586e+01,-2.395284800525248059e+00,8.061539245840428691e+01,0.000000000000000000e+00,0.000000000000000000e+00,0.000000000000000000e+00,2.452822327613830566e-01,1.845948994159698486e-01,3.211509287357330322e-01,3.211657702922821045e-01,8.641042968750000000e+04,6.898140625000000000e+04,3.251614453125000000e+04,7.169004687500000000e+04,-6.719229748508329690e+07
3.096999999999999975e+00,-5.107703946931207639e+01,4.654835297830588914e+00,-8.171640248836745002e+01,-1.608485742187500000e+04,-2.156441192626953125e+02,2.511613281250000000e+03,2.417444586753845215e-01,2.174926698207855225e-01,2.852618992328643799e-01,3.051428198814392090e-01,5.107703946931207639e+01,-4.654835297830588914e+00,8.171640248836745002e+01,0.000000000000000000e+00,0.000000000000000000e+00,0.000000000000000000e+00,2.417444586753845215e-01,2.174926698207855225e-01,2.852618992328643799e-01,3.051428198814392090e-01,8.636324218750000000e+04,6.888911718750000000e+04,3.262571289062500000e+04,7.180461718750000000e+04,-6.720160558697153628e+07
3.097999999999999865e+00,-3.486221808092683005e+01,6.511313734306423129e+00,-8.338394674697440223e+01,-1.605002734375000000e+04,-2.277870941162109375e+02,2.487864257812500000e+03,2.386669516563415527e-01,2.503390014171600342e-01,2.445007860660552979e-01,2.867002487182617188e-01,3.486221808092683005e+01,-6.511313734306423129e+00,8.338394674697440223e+01,0.000000000000000000e+00,0.000000000000000000e+00,0.000000000000000000e+00,2.386669516563415527e-01,2.503390014171600342e-01,2.445007860660552979e-01,2.867002487182617188e-01,8.628453906250000000e+04,6.900589843750000000e+04,3.274265429687500000e+04,7.191364843750000000e+04,-6.720981624100270867e+07
3.099000000000000199e+00,-1.857457312588593723e+01,7.843911901300095302e+00,-8.550540971560816672e+01,-1.602000390625000000e+04,-2.446060943603515625e+02,2.487308837890625000e+03,2.401566803455352783e-01,2.804740071296691895e-01,2.017392963171005249e-01,2.680940032005310059e-01,1.857457312588593723e+01,-7.843911901300095302e+00,8.550540971560816672e+01,0.000000000000000000e+00,0.000000000000000000e+00,0.000000000000000000e+00,2.401566803455352783e-01,2.804740071296691895e-01,2.017392963171005249e-01,2.680940032005310059e-01,8.619034375000000000e+04,6.911903125000000000e+04,3.285451171875000000e+04,7.202677343750000000e+04,-6.721753395781406760e+07
3.100000000000000089e+00,-2.197318248650524719e+00,8.532391845017475163e+00,-8.788502888008065383e+01,-1.603583398437500000e+04,-2.533059539794921875e+02,2.448866699218750000e+03,2.414081692695617676e-01,3.073619902133941650e-01,1.616635471582412720e-01,2.515039741992950439e-01,2.197318248650524719e+00,-8.532391845017475163e+00,8.788502888008065383e+01,0.000000000000000000e+00,0.000000000000000000e+00,0.000000000000000000e+00,2.414081692695617676e-01,3.073619902133941650e-01,1.616635471582412720e-01,2.515039741992950439e-01,8.610156250000000000e+04,6.923855468750000000e+04,3.297403906250000000e+04,7.213254687500000000e+04,-6.722533536603340507e+07
3.100999999999999979e+00,1.425115154796713135e+01,8.526663820892945722e+00,-9.033924122017445768e+01,-1.608200195312500000e+04,-2.499547119140625000e+02,2.422197509765625000e+03,2.447073310613632202e-01,3.320226073265075684e-01,1.258763521909713745e-01,2.367106080055236816e-01,-1.425115154796713135e+01,-8.526663820892945722e+00,9.033924122017445768e+01,0.000000000000000000e+00,0.000000000000000000e+00,0.000000000000000000e+00,2.447073310613632202e-01,3.320226073265075684e-01,1.258763521909713745e-01,2.367106080055236816e-01,8.601785156250000000e+04,6.935544531250000000e+04,3.309055468750000000e+04,7.224015625000000000e+04,-6.723377234385399520e+07
3.101999999999999869e+00,3.069695950271560747e+01,7.832838384041941993e+00,-9.267358065015297086e+01,-1.611124902343750000e+04,-2.430195159912109375e+02,2.408229736328125000e+03,2.471610605716705322e-01,3.545996844768524170e-01,9.709798544645309448e-02,2.245611846446990967e-01,-3.069695950271560747e+01,-7.832838384041941993e+00,9.267358065015297086e+01,0.000000000000000000e+00,0.000000000000000000e+00,0.000000000000000000e+00,2.471610605716705322e-01,3.545996844768524170e-01,9.709798544645309448e-02,2.245611846446990967e-01,8.597026562500000000e+04,6.946953125000000000e+04,3.320598046875000000e+04,7.235014062500000000e+04,-6.724336439308437705e+07
3.103000000000000203e+00,4.704758329311338372e+01,6.518980260871300558e+00,-9.470873302752625023e+01,-1.609398535156250000e+04,-2.452720642089843750e+02,2.404457275390625000e+03,2.499954700469970703e-01,3.749903440475463867e-01,7.612743973731994629e-02,2.153726816177368164e-01,-4.704758329311338372e+01,-6.518980260871300558e+00,9.470873302752625023e+01,0.000000000000000000e+00,0.000000000000000000e+00,0.000000000000000000e+00,2.499954700469970703e-01,3.749903440475463867e-01,7.612743973731994629e-02,2.153726816177368164e-01,8.594367187500000000e+04,6.958227343750000000e+04,3.326829687500000000e+04,7.246254687500000000e+04,-6.725459010939341784e+07
3.104000000000000092e+00,6.326053506039573193e+01,4.682399244940020466e+00,-9.630552972035418691e+01,-1.605467675781250000e+04,-2.558137817382812500e+02,2.423138671875000000e+03,2.546968460083007812e-01,3.930698335170745850e-01,6.309806555509567261e-02,2.093233168125152588e-01,-6.326053506039573193e+01,-4.682399244940020466e+00,9.630552972035418691e+01,0.000000000000000000e+00,0.000000000000000000e+00,0.000000000000000000e+00,2.546968460083007812e-01,3.930698335170745850e-01,6.309806555509567261e-02,2.093233168125152588e-01,8.594208593750000000e+04,6.969185937500000000e+04,3.315250000000000000e+04,7.252589062500000000e+04,-6.726788868460695446e+07
3.104999999999999982e+00,7.937291853825735188e+01,2.509463919526356612e+00,-9.732150365833800265e+01,-1.604630566406250000e+04,-2.654078674316406250e+02,2.391017333984375000e+03,2.601497173309326172e-01,4.093278646469116211e-01,5.784456059336662292e-02,2.059222161769866943e-01,-7.937291853825735188e+01,-2.509463919526356612e+00,9.732150365833800265e+01,0.000000000000000000e+00,0.000000000000000000e+00,0.000000000000000000e+00,2.601497173309326172e-01,4.093278646469116211e-01,5.784456059336662292e-02,2.059222161769866943e-01,8.596543750000000000e+04,6.981015625000000000e+04,3.293908203125000000e+04,7.253317187500000000e+04,-6.728366651728771627e+07
3.105999999999999872e+00,9.546404128752698171e+01,1.627261669361758367e-01,-9.768882012140407767e+01,-1.608025292968750000e+04,-2.620312500000000000e+02,2.368655517578125000e+03,2.693096995353698730e-01,4.254539310932159424e-01,5.799327790737152100e-02,2.034184634685516357e-01,-9.546404128752698171e+01,-1.627261669361758367e-01,9.768882012140407767e+01,0.000000000000000000e+00,0.000000000000000000e+00,0.000000000000000000e+00,2.693096995353698730e-01,4.254539310932159424e-01,5.799327790737152100e-02,2.034184634685516357e-01,8.602995312500000000e+04,6.992703125000000000e+04,3.271724609375000000e+04,7.251650781250000000e+04,-6.730232303252318501e+07
3.107000000000000206e+00,1.115971593016439414e+02,-2.154670895748520998e+00,-9.738487190888976386e+01,-1.612560156250000000e+04,-2.475182189941406250e+02,2.331871337890625000e+03,2.744547128677368164e-01,4.404348134994506836e-01,6.231616437435150146e-02,2.026425600051879883e-01,-1.115971593016439414e+02,2.154670895748520998e+00,9.738487190888976386e+01,0.000000000000000000e+00,0.000000000000000000e+00,0.000000000000000000e+00,2.744547128677368164e-01,4.404348134994506836e-01,6.231616437435150146e-02,2.026425600051879883e-01,8.613587500000000000e+04,7.004582031250000000e+04,3.249864453125000000e+04,7.247935156250000000e+04,-6.732426541437076032e+07
3.108000000000000096e+00,1.277873253073720861e+02,-4.298491490965554718e+00,-9.642942222345401149e+01,-1.613411816406250000e+04,-2.339427337646484375e+02,2.342573486328125000e+03,2.751472592353820801e-01,4.533809125423431396e-01,6.788910180330276489e-02,2.040379941463470459e-01,-1.277873253073720861e+02,4.298491490965554718e+00,9.642942222345401149e+01,0.000000000000000000e+00,0.000000000000000000e+00,0.000000000000000000e+00,2.751472592353820801e-01,4.533809125423431396e-01,6.788910180330276489e-02,2.040379941463470459e-01,8.625081250000000000e+04,7.015583593750000000e+04,3.228590820312500000e+04,7.244596093750000000e+04,-6.734991212537941337e+07
3.108999999999999986e+00,1.440322208873781165e+02,-6.097714855086030283e+00,-9.489428671339106813e+01,-1.610350976562500000e+04,-2.291710815429687500e+02,2.357681152343750000e+03,2.674044072628021240e-01,4.625123143196105957e-01,7.339707016944885254e-02,2.087427675724029541e-01,-1.440322208873781165e+02,6.097714855086030283e+00,9.489428671339106813e+01,0.000000000000000000e+00,0.000000000000000000e+00,0.000000000000000000e+00,2.674044072628021240e-01,4.625123143196105957e-01,7.339707016944885254e-02,2.087427675724029541e-01,8.636532031250000000e+04,7.026537500000000000e+04,3.212549218750000000e+04,7.242429687500000000e+04,-6.737969951381045580e+07
3.109999999999999876e+00,1.603433610087264753e+02,-7.392304861082427792e+00,-9.291772828183292177e+01,-1.607669531250000000e+04,-2.298328704833984375e+02,2.347820556640625000e+03,2.559652030467987061e-01,4.683865904808044434e-01,7.737036049365997314e-02,2.155181169509887695e-01,-1.603433610087264753e+02,7.392304861082427792e+00,9.291772828183292177e+01,0.000000000000000000e+00,0.000000000000000000e+00,0.000000000000000000e+00,2.559652030467987061e-01,4.683865904808044434e-01,7.737036049365997314e-02,2.155181169509887695e-01,8.647346875000000000e+04,7.037971093750000000e+04,3.201778906250000000e+04,7.243326562500000000e+04,-6.741409785763025284e+07
3.111000000000000210e+00,1.767383018034893496e+02,-8.069666822917602289e+00,-9.066926790406665759e+01,-1.609021386718750000e+04,-2.218586578369140625e+02,2.325816162109375000e+03,2.439696192741394043e-01,4.720500409603118896e-01,7.920702546834945679e-02,2.225498110055923462e-01,-1.767383018034893496e+02,8.069666822917602289e+00,9.066926790406665759e+01,0.000000000000000000e+00,0.000000000000000000e+00,0.000000000000000000e+00,2.439696192741394043e-01,4.720500409603118896e-01,7.920702546834945679e-02,2.225498110055923462e-01,8.649521093750000000e+04,7.049633593750000000e+04,3.194905468750000000e+04,7.249061718750000000e+04,-6.745362032061952353e+07
3.112000000000000099e+00,-1.667982293523650981e+02,-8.074773579972609028e+00,-8.836230905619984810e+01,-1.613734277343750000e+04,-2.036415863037109375e+02,2.282598876953125000e+03,2.315677404403686523e-01,4.747430682182312012e-01,7.862021028995513916e-02,2.275707572698593140e-01,1.667982293523650981e+02,8.074773579972609028e+00,8.836230905619984810e+01,0.000000000000000000e+00,0.000000000000000000e+00,0.000000000000000000e+00,2.315677404403686523e-01,4.747430682182312012e-01,7.862021028995513916e-02,2.275707572698593140e-01,8.642642187500000000e+04,7.061668750000000000e+04,3.189962109375000000e+04,7.259550000000000000e+04,-6.748931506956471503e+07
3.112999999999999989e+00,-1.503310055006139692e+02,-7.405865432364624468e+00,-8.615036536484326746e+01,-1.616711425781250000e+04,-1.790289306640625000e+02,2.292218261718750000e+03,2.930073440074920654e-01,5.648503452539443970e-02,3.892692625522613525e-01,3.344303965568542480e-01,1.503310055006139692e+02,7.405865432364624468e+00,8.615036536484326746e+01,0.000000000000000000e+00,0.000000000000000000e+00,0.000000000000000000e+00,2.930073440074920654e-01,5.648503452539443970e-02,3.892692625522613525e-01,3.344303965568542480e-01,8.627844531250000000e+04,7.072753906250000000e+04,3.183880078125000000e+04,7.271040625000000000e+04,-6.751939121307483315e+07
3.113999999999999879e+00,-1.339470561900460268e+02,-6.128622813314699158e+00,-8.422728971756933447e+01,-1.615514453125000000e+04,-1.643390808105468750e+02,2.299167236328125000e+03,2.841401100158691406e-01,7.758929580450057983e-02,3.878754377365112305e-01,3.369877636432647705e-01,1.339470561900460268e+02,6.128622813314699158e+00,8.422728971756933447e+01,0.000000000000000000e+00,0.000000000000000000e+00,0.000000000000000000e+00,2.841401100158691406e-01,7.758929580450057983e-02,3.878754377365112305e-01,3.369877636432647705e-01,8.639176562500000000e+04,7.050047656250000000e+04,3.194993359375000000e+04,7.282424218750000000e+04,-6.754446482328756154e+07
3.115000000000000213e+00,-1.176927104230247778e+02,-4.347829190989559223e+00,-8.274392016600401689e+01,-1.611670117187500000e+04,-1.562137908935546875e+02,2.316060058593750000e+03,2.765373587608337402e-01,1.008137837052345276e-01,3.808648288249969482e-01,3.365609645843505859e-01,1.176927104230247778e+02,4.347829190989559223e+00,8.274392016600401689e+01,0.000000000000000000e+00,0.000000000000000000e+00,0.000000000000000000e+00,2.765373587608337402e-01,1.008137837052345276e-01,3.808648288249969482e-01,3.365609645843505859e-01,8.650791406250000000e+04,7.027230468750000000e+04,3.206013085937500000e+04,7.293902343750000000e+04,-6.756518185731738806e+07
3.116000000000000103e+00,-1.015338956966555202e+02,-2.240746734652759198e+00,-8.183647187866489503e+01,-1.610451074218750000e+04,-1.466457977294921875e+02,2.296461181640625000e+03,2.694912254810333252e-01,1.268508285284042358e-01,3.672382831573486328e-01,3.324189186096191406e-01,1.015338956966555202e+02,2.240746734652759198e+00,8.183647187866489503e+01,0.000000000000000000e+00,0.000000000000000000e+00,0.000000000000000000e+00,2.694912254810333252e-01,1.268508285284042358e-01,3.672382831573486328e-01,3.324189186096191406e-01,8.661664062500000000e+04,7.005072656250000000e+04,3.217595312500000000e+04,7.304797656250000000e+04,-6.758219321836820245e+07
3.116999999999999993e+00,-8.539195512520031173e+01,2.259287353769415599e-02,-8.157436727552763500e+01,-1.613474218750000000e+04,-1.252936172485351562e+02,2.282566894531250000e+03,2.649658918380737305e-01,1.557841002941131592e-01,3.462327122688293457e-01,3.239910304546356201e-01,8.539195512520031173e+01,-2.259287353769415599e-02,8.157436727552763500e+01,0.000000000000000000e+00,0.000000000000000000e+00,0.000000000000000000e+00,2.649658918380737305e-01,1.557841002941131592e-01,3.462327122688293457e-01,3.239910304546356201e-01,8.672732812500000000e+04,6.982843750000000000e+04,3.229096289062500000e+04,7.315842968750000000e+04,-6.759612938227514923e+07
3.117999999999999883e+00,-6.920453435125553199e+01,2.270526806722636515e+00,-8.198640066377026869e+01,-1.617702539062500000e+04,-9.267913818359375000e+01,2.291103271484375000e+03,2.599281668663024902e-01,1.890529692173004150e-01,3.174551725387573242e-01,3.102264702320098877e-01,6.920453435125553199e+01,-2.270526806722636515e+00,8.198640066377026869e+01,0.000000000000000000e+00,0.000000000000000000e+00,0.000000000000000000e+00,2.599281668663024902e-01,1.890529692173004150e-01,3.174551725387573242e-01,3.102264702320098877e-01,8.684078125000000000e+04,6.960247656250000000e+04,3.240229101562500000e+04,7.327314843750000000e+04,-6.760765557503570616e+07
3.119000000000000217e+00,-5.295556518327320816e+01,4.300886993255233826e+00,-8.303865627652449177e+01,-1.618650195312500000e+04,-6.246752548217773438e+01,2.292781005859375000e+03,2.541189789772033691e-01,2.256058156490325928e-01,2.814864516258239746e-01,2.915970385074615479e-01,5.295556518327320816e+01,-4.300886993255233826e+00,8.303865627652449177e+01,0.000000000000000000e+00,0.000000000000000000e+00,0.000000000000000000e+00,2.541189789772033691e-01,2.256058156490325928e-01,2.814864516258239746e-01,2.915970385074615479e-01,8.692224218750000000e+04,6.937690625000000000e+04,3.251423437500000000e+04,7.338564062500000000e+04,-6.761737378298471868e+07
3.120000000000000107e+00,-3.665677092281310223e+01,5.950145703024645627e+00,-8.464796748909529356e+01,-1.615282617187500000e+04,-4.058991622924804688e+01,2.307083496093750000e+03,2.507933676242828369e-01,2.618054449558258057e-01,2.404141724109649658e-01,2.705112397670745850e-01,3.665677092281310223e+01,-5.950145703024645627e+00,8.464796748909529356e+01,0.000000000000000000e+00,0.000000000000000000e+00,0.000000000000000000e+00,2.507933676242828369e-01,2.618054449558258057e-01,2.404141724109649658e-01,2.705112397670745850e-01,8.696789843750000000e+04,6.930839062500000000e+04,3.262472265625000000e+04,7.350008593750000000e+04,-6.762591818447312713e+07
3.120999999999999996e+00,-2.030755970676494826e+01,7.061352858068423721e+00,-8.665179666122575952e+01,-1.612001367187500000e+04,-2.724855613708496094e+01,2.287377685546875000e+03,2.492119073867797852e-01,2.953178882598876953e-01,1.982348412275314331e-01,2.496308684349060059e-01,2.030755970676494826e+01,-7.061352858068423721e+00,8.665179666122575952e+01,0.000000000000000000e+00,0.000000000000000000e+00,0.000000000000000000e+00,2.492119073867797852e-01,2.953178882598876953e-01,1.982348412275314331e-01,2.496308684349060059e-01,8.696505468750000000e+04,6.942385156250000000e+04,3.273983984375000000e+04,7.360917968750000000e+04,-6.763388897802317142e+07
3.121999999999999886e+00,-3.892337873953335414e+00,7.549227567062784416e+00,-8.891609533920700414e+01,-1.612509863281250000e+04,-6.207777976989746094e+00,2.305889404296875000e+03,2.510554194450378418e-01,3.250155746936798096e-01,1.580747514963150024e-01,2.307551205158233643e-01,3.892337873953335414e+00,-7.549227567062784416e+00,8.891609533920700414e+01,0.000000000000000000e+00,0.000000000000000000e+00,0.000000000000000000e+00,2.510554194450378418e-01,3.250155746936798096e-01,1.580747514963150024e-01,2.307551205158233643e-01,8.694547656250000000e+04,6.953349218750000000e+04,3.284975000000000000e+04,7.372550781250000000e+04,-6.764186719116452336e+07
3.123000000000000220e+00,1.257659905485679630e+01,7.353669046106559470e+00,-9.121482552222533968e+01,-1.616863574218750000e+04,2.247427368164062500e+01,2.295184326171875000e+03,2.505420148372650146e-01,3.516082763671875000e-01,1.241046711802482605e-01,2.146493047475814819e-01,-1.257659905485679630e+01,-7.353669046106559470e+00,9.121482552222533968e+01,0.000000000000000000e+00,0.000000000000000000e+00,0.000000000000000000e+00,2.505420148372650146e-01,3.516082763671875000e-01,1.241046711802482605e-01,2.146493047475814819e-01,8.690923437500000000e+04,6.964822656250000000e+04,3.296332031250000000e+04,7.383646093750000000e+04,-6.765039958285179734e+07
3.124000000000000110e+00,2.903272056948765467e+01,6.488431236881408992e+00,-9.335232583222540370e+01,-1.619635253906250000e+04,5.523250961303710938e+01,2.298518798828125000e+03,2.517784237861633301e-01,3.758059740066528320e-01,9.654843807220458984e-02,2.009918838739395142e-01,-2.903272056948765467e+01,-6.488431236881408992e+00,9.335232583222540370e+01,0.000000000000000000e+00,0.000000000000000000e+00,0.000000000000000000e+00,2.517784237861633301e-01,3.758059740066528320e-01,9.654843807220458984e-02,2.009918838739395142e-01,8.689064843750000000e+04,6.976082031250000000e+04,3.307589843750000000e+04,7.394898437500000000e+04,-6.765999923819366097e+07
3.125000000000000000e+00,4.539252980770744017e+01,5.053610594301887637e+00,-9.512296507537720913e+01,-1.617961816406250000e+04,7.741653442382812500e+01,2.278254394531250000e+03,2.536206841468811035e-01,3.977410793304443359e-01,7.690390199422836304e-02,1.900614798069000244e-01,-4.539252980770744017e+01,-5.053610594301887637e+00,9.512296507537720913e+01,0.000000000000000000e+00,0.000000000000000000e+00,0.000000000000000000e+00,2.536206841468811035e-01,3.977410793304443359e-01,7.690390199422836304e-02,1.900614798069000244e-01,8.686353125000000000e+04,6.987683593750000000e+04,3.319140625000000000e+04,7.396452343750000000e+04,-6.767113363742077351e+07
3.125999999999999890e+00,6.162200515900394038e+01,3.170069003527751672e+00,-9.640977909515135025e+01,-1.613505957031250000e+04,8.853000640869140625e+01,2.285079833984375000e+03,2.600096464157104492e-01,4.177078306674957275e-01,6.448238343000411987e-02,1.816723495721817017e-01,-6.162200515900394038e+01,-3.170069003527751672e+00,9.640977909515135025e+01,0.000000000000000000e+00,0.000000000000000000e+00,0.000000000000000000e+00,2.600096464157104492e-01,4.177078306674957275e-01,6.448238343000411987e-02,1.816723495721817017e-01,8.685160937500000000e+04,6.998750781250000000e+04,3.324834765625000000e+04,7.388282812500000000e+04,-6.768423580378325284e+07
3.126999999999999780e+00,7.776698387645474497e+01,9.798085958501377979e-01,-9.711681663962322375e+01,-1.611720800781250000e+04,9.768177032470703125e+01,2.306940917968750000e+03,2.669912278652191162e-01,4.354383051395416260e-01,5.957588553428649902e-02,1.761480271816253662e-01,-7.776698387645474497e+01,-9.798085958501377979e-01,9.711681663962322375e+01,0.000000000000000000e+00,0.000000000000000000e+00,0.000000000000000000e+00,2.669912278652191162e-01,4.354383051395416260e-01,5.957588553428649902e-02,1.761480271816253662e-01,8.690029687500000000e+04,7.009592187500000000e+04,3.303509765625000000e+04,7.366197656250000000e+04,-6.769971614366358519e+07
3.128000000000000114e+00,9.391592815505376279e+01,-1.322924574162782640e+00,-9.716899234989992351e+01,-1.614692382812500000e+04,1.153286895751953125e+02,2.308087646484375000e+03,2.721014618873596191e-01,4.512417912483215332e-01,6.045327708125114441e-02,1.732503324747085571e-01,-9.391592815505376279e+01,1.322924574162782640e+00,9.716899234989992351e+01,0.000000000000000000e+00,0.000000000000000000e+00,0.000000000000000000e+00,2.721014618873596191e-01,4.512417912483215332e-01,6.045327708125114441e-02,1.732503324747085571e-01,8.694509375000000000e+04,7.020841406250000000e+04,3.283033984375000000e+04,7.343907812500000000e+04,-6.771797990842853487e+07
3.129000000000000004e+00,1.101343460539183212e+02,-3.547521084479710929e+00,-9.655058208224801319e+01,-1.618995312500000000e+04,1.413313293457031250e+02,2.312173828125000000e+03,2.742916941642761230e-01,4.652872979640960693e-01,6.420293450355529785e-02,1.726257205009460449e-01,-1.101343460539183212e+02,3.547521084479710929e+00,9.655058208224801319e+01,0.000000000000000000e+00,0.000000000000000000e+00,0.000000000000000000e+00,2.742916941642761230e-01,4.652872979640960693e-01,6.420293450355529785e-02,1.726257205009460449e-01,8.703860156250000000e+04,7.032067187500000000e+04,3.260481445312500000e+04,7.321425781250000000e+04,-6.773944408241552114e+07
3.129999999999999893e+00,1.264321431780680882e+02,-5.486176408961421558e+00,-9.532132167391301891e+01,-1.619880566406250000e+04,1.611744995117187500e+02,2.295465820312500000e+03,2.704730629920959473e-01,4.764340221881866455e-01,6.866330653429031372e-02,1.748576462268829346e-01,-1.264321431780680882e+02,5.486176408961421558e+00,9.532132167391301891e+01,0.000000000000000000e+00,0.000000000000000000e+00,0.000000000000000000e+00,2.704730629920959473e-01,4.764340221881866455e-01,6.866330653429031372e-02,1.748576462268829346e-01,8.714817968750000000e+04,7.043660156250000000e+04,3.238202539062500000e+04,7.298637500000000000e+04,-6.776454542174136639e+07
3.130999999999999783e+00,1.427880703160275573e+02,-7.015931435658811388e+00,-9.356219164129811361e+01,-1.616213867187500000e+04,1.712561340332031250e+02,2.324742431640625000e+03,2.636282444000244141e-01,4.842693507671356201e-01,7.188259065151214600e-02,1.798571199178695679e-01,-1.427880703160275573e+02,7.015931435658811388e+00,9.356219164129811361e+01,0.000000000000000000e+00,0.000000000000000000e+00,0.000000000000000000e+00,2.636282444000244141e-01,4.842693507671356201e-01,7.188259065151214600e-02,1.798571199178695679e-01,8.726587500000000000e+04,7.054425781250000000e+04,3.218594140625000000e+04,7.276696093750000000e+04,-6.779373696176457405e+07
3.132000000000000117e+00,1.591977778902634100e+02,-7.991360438629370400e+00,-9.143207654132820039e+01,-1.612927539062500000e+04,1.716914825439453125e+02,2.327609375000000000e+03,2.509703338146209717e-01,4.886462986469268799e-01,7.367914170026779175e-02,1.867683529853820801e-01,-1.591977778902634100e+02,7.991360438629370400e+00,9.143207654132820039e+01,0.000000000000000000e+00,0.000000000000000000e+00,0.000000000000000000e+00,2.509703338146209717e-01,4.886462986469268799e-01,7.367914170026779175e-02,1.867683529853820801e-01,8.737624218750000000e+04,7.065554687500000000e+04,3.203515039062500000e+04,7.254238281250000000e+04,-6.782750458071209490e+07
3.133000000000000007e+00,1.756690830629503921e+02,-8.326913887277537896e+00,-8.908284596256864063e+01,-1.613558789062500000e+04,1.790792083740234375e+02,2.350498291015625000e+03,2.384975999593734741e-01,4.910579621791839600e-01,7.328461855649948120e-02,1.937068551778793335e-01,-1.756690830629503921e+02,8.326913887277537896e+00,8.908284596256864063e+01,0.000000000000000000e+00,0.000000000000000000e+00,0.000000000000000000e+00,2.384975999593734741e-01,4.910579621791839600e-01,7.328461855649948120e-02,1.937068551778793335e-01,8.743980468750000000e+04,7.076396093750000000e+04,3.191269140625000000e+04,7.233555468750000000e+04,-6.786636929839594662e+07
3.133999999999999897e+00,-1.678177306088605008e+02,-7.974377320822314097e+00,-8.675025251207755161e+01,-1.618019140625000000e+04,1.942234039306640625e+02,2.335498046875000000e+03,2.241078466176986694e-01,4.925008714199066162e-01,7.046309113502502441e-02,1.982294619083404541e-01,1.678177306088605008e+02,7.974377320822314097e+00,8.675025251207755161e+01,0.000000000000000000e+00,0.000000000000000000e+00,0.000000000000000000e+00,2.241078466176986694e-01,4.925008714199066162e-01,7.046309113502502441e-02,1.982294619083404541e-01,8.740379687500000000e+04,7.087923437500000000e+04,3.181319921875000000e+04,7.218028125000000000e+04,-6.790212128610721231e+07
3.134999999999999787e+00,-1.513280790874516413e+02,-6.959899541790716349e+00,-8.461298634334318081e+01,-1.620958300781250000e+04,2.116553497314453125e+02,2.347762207031250000e+03,2.815739512443542480e-01,8.560474216938018799e-02,3.844135701656341553e-01,3.118859827518463135e-01,1.513280790874516413e+02,6.959899541790716349e+00,8.461298634334318081e+01,0.000000000000000000e+00,0.000000000000000000e+00,0.000000000000000000e+00,2.815739512443542480e-01,8.560474216938018799e-02,3.844135701656341553e-01,3.118859827518463135e-01,8.728413281250000000e+04,7.099022656250000000e+04,3.170953320312500000e+04,7.208637500000000000e+04,-6.793222927128708363e+07
3.136000000000000121e+00,-1.349420130184742561e+02,-5.379145063811330729e+00,-8.285573144744921592e+01,-1.619489941406250000e+04,2.171485900878906250e+02,2.353895751953125000e+03,2.722585499286651611e-01,1.082720980048179626e-01,3.816454708576202393e-01,3.123328089714050293e-01,1.349420130184742561e+02,5.379145063811330729e+00,8.285573144744921592e+01,0.000000000000000000e+00,0.000000000000000000e+00,0.000000000000000000e+00,2.722585499286651611e-01,1.082720980048179626e-01,3.816454708576202393e-01,3.123328089714050293e-01,8.705949218750000000e+04,7.110223437500000000e+04,3.158461914062500000e+04,7.202844531250000000e+04,-6.795733262559987605e+07
3.137000000000000011e+00,-1.186902125391273444e+02,-3.355084260891769699e+00,-8.159864332775673290e+01,-1.615373144531250000e+04,2.100563354492187500e+02,2.379358886718750000e+03,2.648394107818603516e-01,1.325874626636505127e-01,3.726966083049774170e-01,3.096897900104522705e-01,1.186902125391273444e+02,3.355084260891769699e+00,8.159864332775673290e+01,0.000000000000000000e+00,0.000000000000000000e+00,0.000000000000000000e+00,2.648394107818603516e-01,1.325874626636505127e-01,3.726966083049774170e-01,3.096897900104522705e-01,8.717679687500000000e+04,7.087240625000000000e+04,3.169351953125000000e+04,7.214517187500000000e+04,-6.797808958733578026e+07
3.137999999999999901e+00,-1.025248574857406396e+02,-1.045577718014808033e+00,-8.094612667109350923e+01,-1.613793652343750000e+04,2.031712646484375000e+02,2.399139648437500000e+03,2.578165233135223389e-01,1.590323448181152344e-01,3.569336831569671631e-01,3.036779165267944336e-01,1.025248574857406396e+02,1.045577718014808033e+00,8.094612667109350923e+01,0.000000000000000000e+00,0.000000000000000000e+00,0.000000000000000000e+00,2.578165233135223389e-01,1.590323448181152344e-01,3.569336831569671631e-01,3.036779165267944336e-01,8.729207812500000000e+04,7.064334375000000000e+04,3.180238476562500000e+04,7.226042968750000000e+04,-6.799515430239406228e+07
3.138999999999999790e+00,-8.635695374964619475e+01,1.354924526405066443e+00,-8.096555151619656954e+01,-1.616548925781250000e+04,2.059245300292968750e+02,2.399744628906250000e+03,2.515040040016174316e-01,1.882612705230712891e-01,3.338370621204376221e-01,2.934467792510986328e-01,8.635695374964619475e+01,-1.354924526405066443e+00,8.096555151619656954e+01,0.000000000000000000e+00,0.000000000000000000e+00,0.000000000000000000e+00,2.515040040016174316e-01,1.882612705230712891e-01,3.338370621204376221e-01,2.934467792510986328e-01,8.736192968750000000e+04,7.041817187500000000e+04,3.191537695312500000e+04,7.237275000000000000e+04,-6.800916908220776916e+07
3.140000000000000124e+00,-7.011678560729126275e+01,3.679251806666977043e+00,-8.167245723742531993e+01,-1.620668359375000000e+04,2.183187103271484375e+02,2.427554443359375000e+03,2.462157309055328369e-01,2.204145789146423340e-01,3.031564354896545410e-01,2.783907949924468994e-01,7.011678560729126275e+01,-3.679251806666977043e+00,8.167245723742531993e+01,0.000000000000000000e+00,0.000000000000000000e+00,0.000000000000000000e+00,2.462157309055328369e-01,2.204145789146423340e-01,3.031564354896545410e-01,2.783907949924468994e-01,8.738420312500000000e+04,7.018878906250000000e+04,3.202316992187500000e+04,7.249016406250000000e+04,-6.802076937299671769e+07
3.141000000000000014e+00,-5.379110059121747867e+01,5.710520705035007083e+00,-8.301329260534032528e+01,-1.621348144531250000e+04,2.252060394287109375e+02,2.429110839843750000e+03,2.400964945554733276e-01,2.546903192996978760e-01,2.660989463329315186e-01,2.593232095241546631e-01,5.379110059121747867e+01,-5.710520705035007083e+00,8.301329260534032528e+01,0.000000000000000000e+00,0.000000000000000000e+00,0.000000000000000000e+00,2.400964945554733276e-01,2.546903192996978760e-01,2.660989463329315186e-01,2.593232095241546631e-01,8.731822656250000000e+04,7.030166406250000000e+04,3.213580273437500000e+04,7.260376562500000000e+04,-6.803058667229543626e+07
3.141999999999999904e+00,-3.739809687480539679e+01,7.307704398989208983e+00,-8.489638417422773387e+01,-1.617700781250000000e+04,2.198945922851562500e+02,2.458297363281250000e+03,2.377273440361022949e-01,2.875010967254638672e-01,2.248920351266860962e-01,2.387493252754211426e-01,3.739809687480539679e+01,-7.307704398989208983e+00,8.489638417422773387e+01,0.000000000000000000e+00,0.000000000000000000e+00,0.000000000000000000e+00,2.377273440361022949e-01,2.875010967254638672e-01,2.248920351266860962e-01,2.387493252754211426e-01,8.725883593750000000e+04,7.040958593750000000e+04,3.224359765625000000e+04,7.272093750000000000e+04,-6.803924608853472769e+07
3.142999999999999794e+00,-2.094903239087021163e+01,8.314250220575019057e+00,-8.713905612376329657e+01,-1.614178515625000000e+04,2.050060424804687500e+02,2.438681884765625000e+03,2.363858073949813843e-01,3.170109391212463379e-01,1.839928030967712402e-01,2.197591811418533325e-01,2.094903239087021163e+01,-8.314250220575019057e+00,8.713905612376329657e+01,0.000000000000000000e+00,0.000000000000000000e+00,0.000000000000000000e+00,2.363858073949813843e-01,3.170109391212463379e-01,1.839928030967712402e-01,2.197591811418533325e-01,8.714777343750000000e+04,7.052471875000000000e+04,3.235936914062500000e+04,7.282967187500000000e+04,-6.804734729235170782e+07
3.144000000000000128e+00,-4.439100848093324281e+00,8.661904555474048806e+00,-8.959569306759529184e+01,-1.614479785156250000e+04,1.954619903564453125e+02,2.454833984375000000e+03,2.390542775392532349e-01,3.429624736309051514e-01,1.456325501203536987e-01,2.032544612884521484e-01,4.439100848093324281e+00,-8.661904555474048806e+00,8.959569306759529184e+01,0.000000000000000000e+00,0.000000000000000000e+00,0.000000000000000000e+00,2.390542775392532349e-01,3.429624736309051514e-01,1.456325501203536987e-01,2.032544612884521484e-01,8.702908593750000000e+04,7.063404687500000000e+04,3.246948046875000000e+04,7.294464843750000000e+04,-6.805546941477483511e+07
3.145000000000000018e+00,1.211108251432534644e+01,8.305144800036718067e+00,-9.204911747382089970e+01,-1.618571289062500000e+04,1.942108612060546875e+02,2.453159179687500000e+03,2.395283281803131104e-01,3.658328056335449219e-01,1.136775389313697815e-01,1.902678757905960083e-01,-1.211108251432534644e+01,-8.305144800036718067e+00,9.204911747382089970e+01,0.000000000000000000e+00,0.000000000000000000e+00,0.000000000000000000e+00,2.395283281803131104e-01,3.658328056335449219e-01,1.136775389313697815e-01,1.902678757905960083e-01,8.689929687500000000e+04,7.074700781250000000e+04,3.258180078125000000e+04,7.302567968750000000e+04,-6.806415810855236650e+07
3.145999999999999908e+00,2.863402191295039501e+01,7.262751468797383758e+00,-9.431957777038590507e+01,-1.621284960937500000e+04,1.945823974609375000e+02,2.479958740234375000e+03,2.407814562320709229e-01,3.866687715053558350e-01,8.833953738212585449e-02,1.800384223461151123e-01,-2.863402191295039501e+01,-7.262751468797383758e+00,9.431957777038590507e+01,0.000000000000000000e+00,0.000000000000000000e+00,0.000000000000000000e+00,2.407814562320709229e-01,3.866687715053558350e-01,8.833953738212585449e-02,1.800384223461151123e-01,8.679797656250000000e+04,7.085549218750000000e+04,3.269024609375000000e+04,7.298660156250000000e+04,-6.807392694607296586e+07
3.146999999999999797e+00,4.504498780554290960e+01,5.638035847537612000e+00,-9.619570448992706702e+01,-1.619764160156250000e+04,1.829877777099609375e+02,2.474325683593750000e+03,2.415521889925003052e-01,4.051125943660736084e-01,7.105001062154769897e-02,1.732033193111419678e-01,-4.504498780554290960e+01,-5.638035847537612000e+00,9.619570448992706702e+01,0.000000000000000000e+00,0.000000000000000000e+00,0.000000000000000000e+00,2.415521889925003052e-01,4.051125943660736084e-01,7.105001062154769897e-02,1.732033193111419678e-01,8.669571875000000000e+04,7.096957031250000000e+04,3.280294531250000000e+04,7.284394531250000000e+04,-6.808524139800989628e+07
3.148000000000000131e+00,6.130961932323578623e+01,3.581254491635414094e+00,-9.754158144581970191e+01,-1.615396972656250000e+04,1.592425079345703125e+02,2.458580566406250000e+03,2.470372617244720459e-01,4.220149815082550049e-01,6.064574047923088074e-02,1.689635366201400757e-01,-6.130961932323578623e+01,-3.581254491635414094e+00,9.754158144581970191e+01,0.000000000000000000e+00,0.000000000000000000e+00,0.000000000000000000e+00,2.470372617244720459e-01,4.220149815082550049e-01,6.064574047923088074e-02,1.689635366201400757e-01,8.660428906250000000e+04,7.108459375000000000e+04,3.280535937500000000e+04,7.262510156250000000e+04,-6.809852745292614400e+07
3.149000000000000021e+00,7.747956775744339097e+01,1.238451560539201690e+00,-9.828129606748068170e+01,-1.613636523437500000e+04,1.331026306152343750e+02,2.461135253906250000e+03,2.557039856910705566e-01,4.375035464763641357e-01,5.692669376730918884e-02,1.670726686716079712e-01,-7.747956775744339097e+01,-1.238451560539201690e+00,9.828129606748068170e+01,0.000000000000000000e+00,0.000000000000000000e+00,0.000000000000000000e+00,2.557039856910705566e-01,4.375035464763641357e-01,5.692669376730918884e-02,1.670726686716079712e-01,8.652278125000000000e+04,7.119592968750000000e+04,3.266006445312500000e+04,7.240035156250000000e+04,-6.811419128326499462e+07
3.149999999999999911e+00,9.364598078890318789e+01,-1.217705413461557029e+00,-9.835680065425377450e+01,-1.616391894531250000e+04,1.151228408813476562e+02,2.462800048828125000e+03,2.625879049301147461e-01,4.512797892093658447e-01,5.901262909173965454e-02,1.677597016096115112e-01,-9.364598078890318789e+01,1.217705413461557029e+00,9.835680065425377450e+01,0.000000000000000000e+00,0.000000000000000000e+00,0.000000000000000000e+00,2.625879049301147461e-01,4.512797892093658447e-01,5.901262909173965454e-02,1.677597016096115112e-01,8.648316406250000000e+04,7.130805468750000000e+04,3.243529296875000000e+04,7.217628125000000000e+04,-6.813263639602433145e+07
3.150999999999999801e+00,1.098814583867423380e+02,-3.631923820465071451e+00,-9.774660358164051388e+01,-1.620711230468750000e+04,1.050421447753906250e+02,2.496105468750000000e+03,2.653962969779968262e-01,4.633424878120422363e-01,6.431969255208969116e-02,1.708315908908843994e-01,-1.098814583867423380e+02,3.631923820465071451e+00,9.774660358164051388e+01,0.000000000000000000e+00,0.000000000000000000e+00,0.000000000000000000e+00,2.653962969779968262e-01,4.633424878120422363e-01,6.431969255208969116e-02,1.708315908908843994e-01,8.651229687500000000e+04,7.141535937500000000e+04,3.220432617187500000e+04,7.195702343750000000e+04,-6.815427792030391097e+07
3.152000000000000135e+00,1.262044825824638821e+02,-5.768716117583444714e+00,-9.650216553161094168e+01,-1.621850781250000000e+04,9.046809387207031250e+01,2.477230712890625000e+03,2.602058351039886475e-01,4.723721146583557129e-01,7.094272971153259277e-02,1.771305352449417114e-01,-1.262044825824638821e+02,5.768716117583444714e+00,9.650216553161094168e+01,0.000000000000000000e+00,0.000000000000000000e+00,0.000000000000000000e+00,2.602058351039886475e-01,4.723721146583557129e-01,7.094272971153259277e-02,1.771305352449417114e-01,8.658084375000000000e+04,7.153163281250000000e+04,3.198288867187500000e+04,7.172820312500000000e+04,-6.817955143776574731e+07
3.153000000000000025e+00,1.425983556705845956e+02,-7.489708642075211031e+00,-9.471232917424960362e+01,-1.618468945312500000e+04,6.642928314208984375e+01,2.481706298828125000e+03,2.539531588554382324e-01,4.790018796920776367e-01,7.593469321727752686e-02,1.855182647705078125e-01,-1.425983556705845956e+02,7.489708642075211031e+00,9.471232917424960362e+01,0.000000000000000000e+00,0.000000000000000000e+00,0.000000000000000000e+00,2.539531588554382324e-01,4.790018796920776367e-01,7.593469321727752686e-02,1.855182647705078125e-01,8.667264843750000000e+04,7.164362500000000000e+04,3.180093164062500000e+04,7.150344531250000000e+04,-6.820891224983885884e+07
3.153999999999999915e+00,1.590592959324314677e+02,-8.653169510201061954e+00,-9.253406936125519167e+01,-1.615258300781250000e+04,3.557401657104492188e+01,2.458335937500000000e+03,2.431598454713821411e-01,4.824165403842926025e-01,7.922358065843582153e-02,1.956948339939117432e-01,-1.590592959324314677e+02,8.653169510201061954e+00,9.253406936125519167e+01,0.000000000000000000e+00,0.000000000000000000e+00,0.000000000000000000e+00,2.431598454713821411e-01,4.824165403842926025e-01,7.922358065843582153e-02,1.956948339939117432e-01,8.671953906250000000e+04,7.175929687500000000e+04,3.168366406250000000e+04,7.129299218750000000e+04,-6.824284954079650342e+07
3.154999999999999805e+00,1.755994628354802387e+02,-9.184192058975007456e+00,-9.009270169510200787e+01,-1.615911132812500000e+04,1.105586147308349609e+01,2.477787353515625000e+03,2.322925031185150146e-01,4.839997887611389160e-01,8.014474809169769287e-02,2.056380510330200195e-01,-1.755994628354802387e+02,9.184192058975007456e+00,9.009270169510200787e+01,0.000000000000000000e+00,0.000000000000000000e+00,0.000000000000000000e+00,2.322925031185150146e-01,4.839997887611389160e-01,8.014474809169769287e-02,2.056380510330200195e-01,8.672889843750000000e+04,7.186828906250000000e+04,3.160351367187500000e+04,7.115953125000000000e+04,-6.828188575642710924e+07
3.156000000000000139e+00,-1.677985657668796193e+02,-9.020076250263164397e+00,-8.759469537409408701e+01,-1.620422265625000000e+04,-4.085271358489990234e+00,2.480255126953125000e+03,2.178875952959060669e-01,4.843772947788238525e-01,7.876785099506378174e-02,2.133126109838485718e-01,1.677985657668796193e+02,9.020076250263164397e+00,8.759469537409408701e+01,0.000000000000000000e+00,0.000000000000000000e+00,0.000000000000000000e+00,2.178875952959060669e-01,4.843772947788238525e-01,7.876785099506378174e-02,2.133126109838485718e-01,8.665599218750000000e+04,7.198068750000000000e+04,3.155523046875000000e+04,7.110339062500000000e+04,-6.831779630753377080e+07
3.157000000000000028e+00,-1.512081618345042102e+02,-8.171545558992232117e+00,-8.525158315749320082e+01,-1.623762890625000000e+04,-1.659271621704101562e+01,2.475491699218750000e+03,2.764430046081542969e-01,7.161036133766174316e-02,3.909591138362884521e-01,3.257496654987335205e-01,1.512081618345042102e+02,8.171545558992232117e+00,8.525158315749320082e+01,0.000000000000000000e+00,0.000000000000000000e+00,0.000000000000000000e+00,2.764430046081542969e-01,7.161036133766174316e-02,3.909591138362884521e-01,3.257496654987335205e-01,8.650539062500000000e+04,7.209458593750000000e+04,3.151721484375000000e+04,7.112120312500000000e+04,-6.834799482232682407e+07
3.157999999999999918e+00,-1.347203626029078976e+02,-6.721418971062070646e+00,-8.325237961381380103e+01,-1.622616894531250000e+04,-3.668445587158203125e+01,2.464037353515625000e+03,2.682178616523742676e-01,9.035106748342514038e-02,3.901553153991699219e-01,3.301590979099273682e-01,1.347203626029078976e+02,6.721418971062070646e+00,8.325237961381380103e+01,0.000000000000000000e+00,0.000000000000000000e+00,0.000000000000000000e+00,2.682178616523742676e-01,9.035106748342514038e-02,3.901553153991699219e-01,3.301590979099273682e-01,8.627792968750000000e+04,7.220929687500000000e+04,3.146919531250000000e+04,7.119474218750000000e+04,-6.837312053461103141e+07
3.158999999999999808e+00,-1.183767842141252657e+02,-4.800677272337128265e+00,-8.173692593472948431e+01,-1.618897460937500000e+04,-6.783062744140625000e+01,2.449018066406250000e+03,2.617362141609191895e-01,1.109685376286506653e-01,3.835707306861877441e-01,3.316401243209838867e-01,1.183767842141252657e+02,4.800677272337128265e+00,8.173692593472948431e+01,0.000000000000000000e+00,0.000000000000000000e+00,0.000000000000000000e+00,2.617362141609191895e-01,1.109685376286506653e-01,3.835707306861877441e-01,3.316401243209838867e-01,8.638785937500000000e+04,7.198594531250000000e+04,3.158455078125000000e+04,7.130453125000000000e+04,-6.839383756921544671e+07
3.160000000000000142e+00,-1.021401575314579304e+02,-2.523260825912704064e+00,-8.079197692109464413e+01,-1.617375976562500000e+04,-9.651061248779296875e+01,2.471236816406250000e+03,2.568406164646148682e-01,1.334085911512374878e-01,3.704835772514343262e-01,3.300571441650390625e-01,1.021401575314579304e+02,2.523260825912704064e+00,8.079197692109464413e+01,0.000000000000000000e+00,0.000000000000000000e+00,0.000000000000000000e+00,2.568406164646148682e-01,1.334085911512374878e-01,3.704835772514343262e-01,3.300571441650390625e-01,8.650428125000000000e+04,7.175683593750000000e+04,3.169277734375000000e+04,7.142117968750000000e+04,-6.841080389137601852e+07
3.161000000000000032e+00,-8.592697707658240347e+01,-8.253157752652888479e-02,-8.050532429991598349e+01,-1.620418359375000000e+04,-1.145921554565429688e+02,2.463038085937500000e+03,2.501468658447265625e-01,1.597719490528106689e-01,3.502639234066009521e-01,3.241076469421386719e-01,8.592697707658240347e+01,8.253157752652888479e-02,8.050532429991598349e+01,0.000000000000000000e+00,0.000000000000000000e+00,0.000000000000000000e+00,2.501468658447265625e-01,1.597719490528106689e-01,3.502639234066009521e-01,3.241076469421386719e-01,8.656871093750000000e+04,7.153337500000000000e+04,3.180706640625000000e+04,7.153309375000000000e+04,-6.842465845081762969e+07
3.161999999999999922e+00,-6.966851438057736345e+01,2.356888306810193789e+00,-8.090844204650740323e+01,-1.624793554687500000e+04,-1.220477294921875000e+02,2.477789550781250000e+03,2.451866865158081055e-01,1.894119679927825928e-01,3.223341703414916992e-01,3.133067488670349121e-01,6.966851438057736345e+01,-2.356888306810193789e+00,8.090844204650740323e+01,0.000000000000000000e+00,0.000000000000000000e+00,0.000000000000000000e+00,2.451866865158081055e-01,1.894119679927825928e-01,3.223341703414916992e-01,3.133067488670349121e-01,8.660151562500000000e+04,7.130638281250000000e+04,3.191636523437500000e+04,7.164785937500000000e+04,-6.843607388363051414e+07
3.162999999999999812e+00,-5.334362778208843281e+01,4.565870659360203199e+00,-8.196306049994930731e+01,-1.625872753906250000e+04,-1.289982452392578125e+02,2.451800537109375000e+03,2.396215796470642090e-01,2.220314145088195801e-01,2.872091531753540039e-01,2.978952825069427490e-01,5.334362778208843281e+01,-4.565870659360203199e+00,8.196306049994930731e+01,0.000000000000000000e+00,0.000000000000000000e+00,0.000000000000000000e+00,2.396215796470642090e-01,2.220314145088195801e-01,2.872091531753540039e-01,2.978952825069427490e-01,8.657747656250000000e+04,7.108598437500000000e+04,3.203371875000000000e+04,7.175551562500000000e+04,-6.844565821671687067e+07
3.164000000000000146e+00,-3.695934919046873546e+01,6.398187136293305599e+00,-8.358961285214884640e+01,-1.622639257812500000e+04,-1.446490173339843750e+02,2.449065917968750000e+03,2.385280579328536987e-01,2.544194459915161133e-01,2.463883459568023682e-01,2.796550095081329346e-01,3.695934919046873546e+01,-6.398187136293305599e+00,8.358961285214884640e+01,0.000000000000000000e+00,0.000000000000000000e+00,0.000000000000000000e+00,2.385280579328536987e-01,2.544194459915161133e-01,2.463883459568023682e-01,2.796550095081329346e-01,8.652326562500000000e+04,7.098289843750000000e+04,3.214593945312500000e+04,7.186729687500000000e+04,-6.845405237038485706e+07
3.165000000000000036e+00,-2.050881923964420039e+01,7.710273893282447943e+00,-8.565694943797980443e+01,-1.619416113281250000e+04,-1.645801696777343750e+02,2.437895263671875000e+03,2.385552078485488892e-01,2.845513820648193359e-01,2.041411995887756348e-01,2.615847289562225342e-01,2.050881923964420039e+01,-7.710273893282447943e+00,8.565694943797980443e+01,0.000000000000000000e+00,0.000000000000000000e+00,0.000000000000000000e+00,2.385552078485488892e-01,2.845513820648193359e-01,2.041411995887756348e-01,2.615847289562225342e-01,8.642723437500000000e+04,7.109674218750000000e+04,3.226092968750000000e+04,7.197825000000000000e+04,-6.846186954336199164e+07
3.165999999999999925e+00,-3.973099197289844398e+00,8.400502985909776399e+00,-8.801364506582180525e+01,-1.620298535156250000e+04,-1.802936248779296875e+02,2.434839111328125000e+03,2.403783202171325684e-01,3.115667104721069336e-01,1.637925952672958374e-01,2.451691925525665283e-01,3.973099197289844398e+00,-8.400502985909776399e+00,8.801364506582180525e+01,0.000000000000000000e+00,0.000000000000000000e+00,0.000000000000000000e+00,2.403783202171325684e-01,3.115667104721069336e-01,1.637925952672958374e-01,2.451691925525665283e-01,8.632769531250000000e+04,7.120993750000000000e+04,3.237343750000000000e+04,7.209107031250000000e+04,-6.846970229904741049e+07
3.166999999999999815e+00,1.263553093489808354e+01,8.401164911898757026e+00,-9.046772323344214328e+01,-1.624761035156250000e+04,-1.846255645751953125e+02,2.428885009765625000e+03,2.416742593050003052e-01,3.356488645076751709e-01,1.286241710186004639e-01,2.314257025718688965e-01,-1.263553093489808354e+01,-8.401164911898757026e+00,9.046772323344214328e+01,0.000000000000000000e+00,0.000000000000000000e+00,0.000000000000000000e+00,2.416742593050003052e-01,3.356488645076751709e-01,1.286241710186004639e-01,2.314257025718688965e-01,8.622964062500000000e+04,7.132391406250000000e+04,3.248757421875000000e+04,7.220242968750000000e+04,-6.847811694420833886e+07
3.168000000000000149e+00,2.924257655284523949e+01,7.722373822988178205e+00,-9.278351232972055129e+01,-1.627986425781250000e+04,-1.861777496337890625e+02,2.392080566406250000e+03,2.429092377424240112e-01,3.576178252696990967e-01,1.000549644231796265e-01,2.201863378286361694e-01,-2.924257655284523949e+01,-7.722373822988178205e+00,9.278351232972055129e+01,0.000000000000000000e+00,0.000000000000000000e+00,0.000000000000000000e+00,2.429092377424240112e-01,3.576178252696990967e-01,1.000549644231796265e-01,2.201863378286361694e-01,8.614217187500000000e+04,7.144317968750000000e+04,3.260606054687500000e+04,7.230828125000000000e+04,-6.848764048770949244e+07
3.169000000000000039e+00,4.575750110916965951e+01,6.428864876516667159e+00,-9.480065980531134073e+01,-1.626406738281250000e+04,-1.931831817626953125e+02,2.383513916015625000e+03,2.471998780965805054e-01,3.778326809406280518e-01,7.832193374633789062e-02,2.114290297031402588e-01,-4.575750110916965951e+01,-6.428864876516667159e+00,9.480065980531134073e+01,0.000000000000000000e+00,0.000000000000000000e+00,0.000000000000000000e+00,2.471998780965805054e-01,3.778326809406280518e-01,7.832193374633789062e-02,2.114290297031402588e-01,8.607142968750000000e+04,7.155682812500000000e+04,3.272041210937500000e+04,7.241910937500000000e+04,-6.849876273202037811e+07
3.169999999999999929e+00,6.213587922258472673e+01,4.647371483964423788e+00,-9.636375724346466143e+01,-1.622519433593750000e+04,-2.101619110107421875e+02,2.363772705078125000e+03,2.522050142288208008e-01,3.957702815532684326e-01,6.484875082969665527e-02,2.057628333568572998e-01,-6.213587922258472673e+01,-4.647371483964423788e+00,9.636375724346466143e+01,0.000000000000000000e+00,0.000000000000000000e+00,0.000000000000000000e+00,2.522050142288208008e-01,3.957702815532684326e-01,6.484875082969665527e-02,2.057628333568572998e-01,8.600871875000000000e+04,7.167191406250000000e+04,3.282116406250000000e+04,7.251250781250000000e+04,-6.851193117127892375e+07
3.170999999999999819e+00,7.841104867825427505e+01,2.492926081419350570e+00,-9.737793577886158403e+01,-1.620966992187500000e+04,-2.264382781982421875e+02,2.377549560546875000e+03,2.604417204856872559e-01,4.122277200222015381e-01,5.856241658329963684e-02,2.023329436779022217e-01,-7.841104867825427505e+01,-2.492926081419350570e+00,9.737793577886158403e+01,0.000000000000000000e+00,0.000000000000000000e+00,0.000000000000000000e+00,2.604417204856872559e-01,4.122277200222015381e-01,5.856241658329963684e-02,2.023329436779022217e-01,8.598529687500000000e+04,7.178217968750000000e+04,3.273471484375000000e+04,7.254464843750000000e+04,-6.852756814089074731e+07
3.172000000000000153e+00,9.466543393317581945e+01,1.618640195415124161e-01,-9.775097870561168634e+01,-1.624344238281250000e+04,-2.323107910156250000e+02,2.357211181640625000e+03,2.664864063262939453e-01,4.272355735301971436e-01,5.909407138824462891e-02,2.011177688837051392e-01,-9.466543393317581945e+01,-1.618640195415124161e-01,9.775097870561168634e+01,0.000000000000000000e+00,0.000000000000000000e+00,0.000000000000000000e+00,2.664864063262939453e-01,4.272355735301971436e-01,5.909407138824462891e-02,2.011177688837051392e-01,8.599146093750000000e+04,7.189849218750000000e+04,3.254393945312500000e+04,7.252693750000000000e+04,-6.854608496531036496e+07
3.173000000000000043e+00,1.109614287203053351e+02,-2.153033991663186431e+00,-9.745824207381052418e+01,-1.628865332031250000e+04,-2.287392120361328125e+02,2.330001464843750000e+03,2.717705368995666504e-01,4.416036605834960938e-01,6.333639472723007202e-02,2.011888623237609863e-01,-1.109614287203053351e+02,2.153033991663186431e+00,9.745824207381052418e+01,0.000000000000000000e+00,0.000000000000000000e+00,0.000000000000000000e+00,2.717705368995666504e-01,4.416036605834960938e-01,6.333639472723007202e-02,2.011888623237609863e-01,8.605635156250000000e+04,7.201618750000000000e+04,3.232276367187500000e+04,7.248263281250000000e+04,-6.856790014847750962e+07
3.173999999999999932e+00,1.273142444732812208e+02,-4.277839162056087829e+00,-9.652791001835585405e+01,-1.629839941406250000e+04,-2.239571533203125000e+02,2.315979980468750000e+03,2.721876502037048340e-01,4.537885189056396484e-01,6.906092166900634766e-02,2.036325186491012573e-01,-1.273142444732812208e+02,4.277839162056087829e+00,9.652791001835585405e+01,0.000000000000000000e+00,0.000000000000000000e+00,0.000000000000000000e+00,2.721876502037048340e-01,4.537885189056396484e-01,6.906092166900634766e-02,2.036325186491012573e-01,8.616400000000000000e+04,7.213085937500000000e+04,3.210041210937500000e+04,7.243271093750000000e+04,-6.859344500264371932e+07
3.174999999999999822e+00,1.437177953177823326e+02,-6.054618385722774221e+00,-9.503883716901827938e+01,-1.626722949218750000e+04,-2.291224822998046875e+02,2.310791015625000000e+03,2.665623426437377930e-01,4.626916944980621338e-01,7.439406961202621460e-02,2.088167816400527954e-01,-1.437177953177823326e+02,6.054618385722774221e+00,9.503883716901827938e+01,0.000000000000000000e+00,0.000000000000000000e+00,0.000000000000000000e+00,2.665623426437377930e-01,4.626916944980621338e-01,7.439406961202621460e-02,2.088167816400527954e-01,8.627559375000000000e+04,7.224348437500000000e+04,3.190825976562500000e+04,7.238673437500000000e+04,-6.862316884630896151e+07
3.176000000000000156e+00,1.601837368417860432e+02,-7.355706685048422955e+00,-9.308578711055102417e+01,-1.623562109375000000e+04,-2.368298034667968750e+02,2.331437500000000000e+03,2.567968368530273438e-01,4.681685566902160645e-01,7.834233343601226807e-02,2.162729501724243164e-01,-1.601837368417860432e+02,7.355706685048422955e+00,9.308578711055102417e+01,0.000000000000000000e+00,0.000000000000000000e+00,0.000000000000000000e+00,2.567968368530273438e-01,4.681685566902160645e-01,7.834233343601226807e-02,2.162729501724243164e-01,8.639169531250000000e+04,7.235260937500000000e+04,3.176564843750000000e+04,7.236453906250000000e+04,-6.865754674604038894e+07
3.177000000000000046e+00,1.767339894206082533e+02,-8.048139232370314033e+00,-9.086731977130079940e+01,-1.625070019531250000e+04,-2.392984771728515625e+02,2.300240234375000000e+03,2.430583238601684570e-01,4.713171422481536865e-01,8.044163882732391357e-02,2.239097356796264648e-01,-1.767339894206082533e+02,8.048139232370314033e+00,9.086731977130079940e+01,0.000000000000000000e+00,0.000000000000000000e+00,0.000000000000000000e+00,2.430583238601684570e-01,4.713171422481536865e-01,8.044163882732391357e-02,2.239097356796264648e-01,8.648929687500000000e+04,7.247075000000000000e+04,3.167828906250000000e+04,7.237197656250000000e+04,-6.869710329140444100e+07
3.177999999999999936e+00,-1.666443687042471140e+02,-8.074257953836346147e+00,-8.856147865528456009e+01,-1.629609179687500000e+04,-2.275399475097656250e+02,2.279594970703125000e+03,2.313488125801086426e-01,4.735203981399536133e-01,8.023127168416976929e-02,2.298897504806518555e-01,1.666443687042471140e+02,8.074257953836346147e+00,8.856147865528456009e+01,0.000000000000000000e+00,0.000000000000000000e+00,0.000000000000000000e+00,2.313488125801086426e-01,4.735203981399536133e-01,8.023127168416976929e-02,2.298897504806518555e-01,8.651774218750000000e+04,7.258733593750000000e+04,3.162541601562500000e+04,7.243654687500000000e+04,-6.873278196616838872e+07
3.178999999999999826e+00,-1.500181766689181302e+02,-7.443002632128565388e+00,-8.638078772248715609e+01,-1.632965820312500000e+04,-2.119699707031250000e+02,2.248701660156250000e+03,2.908553481101989746e-01,5.553587898612022400e-02,3.912247717380523682e-01,3.362639248371124268e-01,1.500181766689181302e+02,7.443002632128565388e+00,8.638078772248715609e+01,0.000000000000000000e+00,0.000000000000000000e+00,0.000000000000000000e+00,2.908553481101989746e-01,5.553587898612022400e-02,3.912247717380523682e-01,3.362639248371124268e-01,8.635831250000000000e+04,7.270464062500000000e+04,3.159000390625000000e+04,7.254378906250000000e+04,-6.876280445827519894e+07
3.180000000000000160e+00,-1.334754109244499887e+02,-6.200662446236571590e+00,-8.446450925153844480e+01,-1.631297265625000000e+04,-2.032544403076171875e+02,2.270968017578125000e+03,2.843871712684631348e-01,7.529629766941070557e-02,3.898834288120269775e-01,3.398103117942810059e-01,1.334754109244499887e+02,6.200662446236571590e+00,8.446450925153844480e+01,0.000000000000000000e+00,0.000000000000000000e+00,0.000000000000000000e+00,2.843871712684631348e-01,7.529629766941070557e-02,3.898834288120269775e-01,3.398103117942810059e-01,8.647528906250000000e+04,7.247516406250000000e+04,3.169945898437500000e+04,7.266071093750000000e+04,-6.878779284513452649e+07
3.181000000000000050e+00,-1.170602487311785325e+02,-4.457317854930964884e+00,-8.297829804902649187e+01,-1.627494726562500000e+04,-2.023640136718750000e+02,2.285431640625000000e+03,2.758801281452178955e-01,9.832462668418884277e-02,3.829495310783386230e-01,3.397960960865020752e-01,1.170602487311785325e+02,4.457317854930964884e+00,8.297829804902649187e+01,0.000000000000000000e+00,0.000000000000000000e+00,0.000000000000000000e+00,2.758801281452178955e-01,9.832462668418884277e-02,3.829495310783386230e-01,3.397960960865020752e-01,8.658965625000000000e+04,7.224780468750000000e+04,3.180926171875000000e+04,7.277603906250000000e+04,-6.880840121259710193e+07
3.181999999999999940e+00,-1.007390320386546847e+02,-2.386389533183835621e+00,-8.205804842526576692e+01,-1.626415722656250000e+04,-1.990176391601562500e+02,2.264399169921875000e+03,2.689156532287597656e-01,1.237450316548347473e-01,3.694392144680023193e-01,3.363805115222930908e-01,1.007390320386546847e+02,2.386389533183835621e+00,8.205804842526576692e+01,0.000000000000000000e+00,0.000000000000000000e+00,0.000000000000000000e+00,2.689156532287597656e-01,1.237450316548347473e-01,3.694392144680023193e-01,3.363805115222930908e-01,8.669893750000000000e+04,7.202668750000000000e+04,3.192584375000000000e+04,7.288450000000000000e+04,-6.882528878333956003e+07
3.182999999999999829e+00,-8.443231122579423698e+01,-1.602271952825975176e-01,-8.177580514718448512e+01,-1.629836621093750000e+04,-1.820883483886718750e+02,2.244181640625000000e+03,2.643731832504272461e-01,1.521914005279541016e-01,3.485302627086639404e-01,3.287003040313720703e-01,8.443231122579423698e+01,1.602271952825975176e-01,8.177580514718448512e+01,0.000000000000000000e+00,0.000000000000000000e+00,0.000000000000000000e+00,2.643731832504272461e-01,1.521914005279541016e-01,3.485302627086639404e-01,3.287003040313720703e-01,8.680773437500000000e+04,7.180548437500000000e+04,3.204169531250000000e+04,7.299329687500000000e+04,-6.883910490649871528e+07
3.184000000000000163e+00,-6.808092300183037082e+01,2.028008490280145626e+00,-8.215155728263610513e+01,-1.634322167968750000e+04,-1.554263305664062500e+02,2.222368164062500000e+03,2.595558464527130127e-01,1.851351857185363770e-01,3.197706937789916992e-01,3.156238794326782227e-01,6.808092300183037082e+01,-2.028008490280145626e+00,8.215155728263610513e+01,0.000000000000000000e+00,0.000000000000000000e+00,0.000000000000000000e+00,2.595558464527130127e-01,1.851351857185363770e-01,3.197706937789916992e-01,3.156238794326782227e-01,8.688170312500000000e+04,7.158352343750000000e+04,3.215815234375000000e+04,7.310226562500000000e+04,-6.885049290975789726e+07
3.185000000000000053e+00,-5.167719022467164791e+01,4.043297310500081565e+00,-8.317269605787369358e+01,-1.634752734375000000e+04,-1.296807708740234375e+02,2.262526611328125000e+03,2.555078566074371338e-01,2.210806012153625488e-01,2.835679948329925537e-01,2.978337109088897705e-01,5.167719022467164791e+01,-4.043297310500081565e+00,8.317269605787369358e+01,0.000000000000000000e+00,0.000000000000000000e+00,0.000000000000000000e+00,2.555078566074371338e-01,2.210806012153625488e-01,2.835679948329925537e-01,2.978337109088897705e-01,8.693025781250000000e+04,7.142902343750000000e+04,3.226416796875000000e+04,7.322231250000000000e+04,-6.886009748737008870e+07
3.185999999999999943e+00,-3.523011379539704535e+01,5.675545816321150738e+00,-8.473278877149658683e+01,-1.631279394531250000e+04,-1.160571441650390625e+02,2.258646728515625000e+03,2.498781532049179077e-01,2.575548291206359863e-01,2.430223673582077026e-01,2.776414752006530762e-01,3.523011379539704535e+01,-5.675545816321150738e+00,8.473278877149658683e+01,0.000000000000000000e+00,0.000000000000000000e+00,0.000000000000000000e+00,2.498781532049179077e-01,2.575548291206359863e-01,2.430223673582077026e-01,2.776414752006530762e-01,8.694083593750000000e+04,7.154232031250000000e+04,3.237720117187500000e+04,7.333408593750000000e+04,-6.886855050560143590e+07
3.186999999999999833e+00,-1.873471872392686777e+01,6.788802424710096872e+00,-8.669801561552300484e+01,-1.627993554687500000e+04,-1.059311218261718750e+02,2.253611328125000000e+03,2.494907081127166748e-01,2.907052934169769287e-01,2.005035877227783203e-01,2.576361000537872314e-01,1.873471872392686777e+01,-6.788802424710096872e+00,8.669801561552300484e+01,0.000000000000000000e+00,0.000000000000000000e+00,0.000000000000000000e+00,2.494907081127166748e-01,2.907052934169769287e-01,2.005035877227783203e-01,2.576361000537872314e-01,8.691153906250000000e+04,7.165612500000000000e+04,3.249087500000000000e+04,7.344524218750000000e+04,-6.887646412903712690e+07
3.188000000000000167e+00,-2.174568376086860155e+00,7.275990920696303377e+00,-8.885727893509827879e+01,-1.629375976562500000e+04,-9.048141479492187500e+01,2.203255859375000000e+03,2.504661381244659424e-01,3.204497992992401123e-01,1.604835242033004761e-01,2.394351214170455933e-01,2.174568376086860155e+00,-7.275990920696303377e+00,8.885727893509827879e+01,0.000000000000000000e+00,0.000000000000000000e+00,0.000000000000000000e+00,2.504661381244659424e-01,3.204497992992401123e-01,1.604835242033004761e-01,2.394351214170455933e-01,8.687142187500000000e+04,7.177765625000000000e+04,3.261121484375000000e+04,7.354914062500000000e+04,-6.888441741384837031e+07
3.189000000000000057e+00,1.444106916188646039e+01,7.102561626008747631e+00,-9.106494201942734890e+01,-1.633731738281250000e+04,-6.180850601196289062e+01,2.203753417968750000e+03,2.541645765304565430e-01,3.474090397357940674e-01,1.249380782246589661e-01,2.233250737190246582e-01,-1.444106916188646039e+01,-7.102561626008747631e+00,9.106494201942734890e+01,0.000000000000000000e+00,0.000000000000000000e+00,0.000000000000000000e+00,2.541645765304565430e-01,3.474090397357940674e-01,1.249380782246589661e-01,2.233250737190246582e-01,8.684897656250000000e+04,7.188978906250000000e+04,3.272408007812500000e+04,7.366230468750000000e+04,-6.889296922837355733e+07
3.189999999999999947e+00,3.105002113198471392e+01,6.277160895766994209e+00,-9.313394716314709854e+01,-1.636585351562500000e+04,-3.350564956665039062e+01,2.221769287109375000e+03,2.547440528869628906e-01,3.718671202659606934e-01,9.761986136436462402e-02,2.100119143724441528e-01,-3.105002113198471392e+01,-6.277160895766994209e+00,9.313394716314709854e+01,0.000000000000000000e+00,0.000000000000000000e+00,0.000000000000000000e+00,2.547440528869628906e-01,3.718671202659606934e-01,9.761986136436462402e-02,2.100119143724441528e-01,8.685521875000000000e+04,7.199859375000000000e+04,3.283280468750000000e+04,7.375600781250000000e+04,-6.890264666704894602e+07
3.190999999999999837e+00,4.756553947157416218e+01,4.879793141952375457e+00,-9.487265462085288448e+01,-1.634442285156250000e+04,-1.517399406433105469e+01,2.231701660156250000e+03,2.557716667652130127e-01,3.936375379562377930e-01,7.842583209276199341e-02,1.997416466474533081e-01,-4.756553947157416218e+01,-4.879793141952375457e+00,9.487265462085288448e+01,0.000000000000000000e+00,0.000000000000000000e+00,0.000000000000000000e+00,2.557716667652130127e-01,3.936375379562377930e-01,7.842583209276199341e-02,1.997416466474533081e-01,8.686508593750000000e+04,7.210953906250000000e+04,3.290649218750000000e+04,7.374632812500000000e+04,-6.891393378057008982e+07
3.192000000000000171e+00,6.395703405950375497e+01,3.053808458818084492e+00,-9.612795726007411190e+01,-1.630260937500000000e+04,-8.006511688232421875e+00,2.221590576171875000e+03,2.603466808795928955e-01,4.131972193717956543e-01,6.666865944862365723e-02,1.920728534460067749e-01,-6.395703405950375497e+01,-3.053808458818084492e+00,9.612795726007411190e+01,0.000000000000000000e+00,0.000000000000000000e+00,0.000000000000000000e+00,2.603466808795928955e-01,4.131972193717956543e-01,6.666865944862365723e-02,1.920728534460067749e-01,8.687788281250000000e+04,7.222417187500000000e+04,3.282241406250000000e+04,7.365677343750000000e+04,-6.892727419268888235e+07
3.193000000000000060e+00,8.027352203674598741e+01,9.803080312081644543e-01,-9.679723275314657371e+01,-1.629096484375000000e+04,1.952898502349853516e-01,2.186058105468750000e+03,2.685761153697967529e-01,4.310789108276367188e-01,6.155837327241897583e-02,1.865849941968917847e-01,-8.027352203674598741e+01,-9.803080312081644543e-01,9.679723275314657371e+01,0.000000000000000000e+00,0.000000000000000000e+00,0.000000000000000000e+00,2.685761153697967529e-01,4.310789108276367188e-01,6.155837327241897583e-02,1.865849941968917847e-01,8.691931250000000000e+04,7.234322656250000000e+04,3.264767578125000000e+04,7.350770312500000000e+04,-6.894308869630156457e+07
3.193999999999999950e+00,9.660143992046899086e+01,-1.217278594589584317e+00,-9.683611109396788663e+01,-1.632600097656250000e+04,2.112791061401367188e+01,2.205282958984375000e+03,2.776908576488494873e-01,4.476980566978454590e-01,6.143552064895629883e-02,1.828126162290573120e-01,-9.660143992046899086e+01,1.217278594589584317e+00,9.683611109396788663e+01,0.000000000000000000e+00,0.000000000000000000e+00,0.000000000000000000e+00,2.776908576488494873e-01,4.476980566978454590e-01,6.143552064895629883e-02,1.828126162290573120e-01,8.702747656250000000e+04,7.245217968750000000e+04,3.242422656250000000e+04,7.333023437500000000e+04,-6.896179924867525697e+07
3.194999999999999840e+00,1.129988077439493708e+02,-3.332749702065014752e+00,-9.622789534262857103e+01,-1.637120410156250000e+04,4.737840652465820312e+01,2.208026855468750000e+03,2.779784202575683594e-01,4.616751074790954590e-01,6.512471288442611694e-02,1.820044666528701782e-01,-1.129988077439493708e+02,3.332749702065014752e+00,9.622789534262857103e+01,0.000000000000000000e+00,0.000000000000000000e+00,0.000000000000000000e+00,2.779784202575683594e-01,4.616751074790954590e-01,6.512471288442611694e-02,1.820044666528701782e-01,8.714019531250000000e+04,7.256359375000000000e+04,3.220834960937500000e+04,7.312436718750000000e+04,-6.898383889428946376e+07
3.196000000000000174e+00,1.294638968953703113e+02,-5.202685549048309710e+00,-9.500992945491699970e+01,-1.637236718750000000e+04,6.933921813964843750e+01,2.236277587890625000e+03,2.737863957881927490e-01,4.728053808212280273e-01,6.932455301284790039e-02,1.840116679668426514e-01,-1.294638968953703113e+02,5.202685549048309710e+00,9.500992945491699970e+01,0.000000000000000000e+00,0.000000000000000000e+00,0.000000000000000000e+00,2.737863957881927490e-01,4.728053808212280273e-01,6.932455301284790039e-02,1.840116679668426514e-01,8.725802343750000000e+04,7.267157031250000000e+04,3.202400195312500000e+04,7.292120312500000000e+04,-6.900965374952074885e+07
3.197000000000000064e+00,1.459747130639166528e+02,-6.626857429202337002e+00,-9.332068077237170201e+01,-1.633470507812500000e+04,7.709582519531250000e+01,2.208715820312500000e+03,2.635595202445983887e-01,4.803050458431243896e-01,7.277029007673263550e-02,1.888571828603744507e-01,-1.459747130639166528e+02,6.626857429202337002e+00,9.332068077237170201e+01,0.000000000000000000e+00,0.000000000000000000e+00,0.000000000000000000e+00,2.635595202445983887e-01,4.803050458431243896e-01,7.277029007673263550e-02,1.888571828603744507e-01,8.736557031250000000e+04,7.278917187500000000e+04,3.188841992187500000e+04,7.272913281250000000e+04,-6.903971503107404709e+07
3.197999999999999954e+00,1.625300303294742434e+02,-7.511249160316981310e+00,-9.128210367085370081e+01,-1.630238964843750000e+04,8.262697601318359375e+01,2.213842529296875000e+03,2.546609342098236084e-01,4.850577116012573242e-01,7.412606477737426758e-02,1.952945441007614136e-01,-1.625300303294742434e+02,7.511249160316981310e+00,9.128210367085370081e+01,0.000000000000000000e+00,0.000000000000000000e+00,0.000000000000000000e+00,2.546609342098236084e-01,4.850577116012573242e-01,7.412606477737426758e-02,1.952945441007614136e-01,8.742605468750000000e+04,7.290132812500000000e+04,3.177956250000000000e+04,7.258472656250000000e+04,-6.907451988314747810e+07
3.198999999999999844e+00,1.791476568210327684e+02,-7.768760686667847359e+00,-8.907202920103290467e+01,-1.632174804687500000e+04,9.487171173095703125e+01,2.210979248046875000e+03,2.419789731502532959e-01,4.877045750617980957e-01,7.366915792226791382e-02,2.013332396745681763e-01,-1.791476568210327684e+02,7.768760686667847359e+00,8.907202920103290467e+01,0.000000000000000000e+00,0.000000000000000000e+00,0.000000000000000000e+00,2.419789731502532959e-01,4.877045750617980957e-01,7.366915792226791382e-02,2.013332396745681763e-01,8.741883593750000000e+04,7.301369531250000000e+04,3.168533203125000000e+04,7.249114062500000000e+04,-6.911460794612054527e+07
3.200000000000000178e+00,-1.641892129990509943e+02,-7.363165430242253784e+00,-8.685901771016605721e+01,-1.636964355468750000e+04,1.169378738403320312e+02,2.235469726562500000e+03,2.291144132614135742e-01,4.895296990871429443e-01,7.105105370283126831e-02,2.051724493503570557e-01,1.641892129990509943e+02,7.363165430242253784e+00,8.685901771016605721e+01,0.000000000000000000e+00,0.000000000000000000e+00,0.000000000000000000e+00,2.291144132614135742e-01,4.895296990871429443e-01,7.105105370283126831e-02,2.051724493503570557e-01,8.732603906250000000e+04,7.312175781250000000e+04,3.158561328125000000e+04,7.244876562500000000e+04,-6.914916474894851446e+07
3.201000000000000068e+00,-1.475540742093252504e+02,-6.327742474337914480e+00,-8.486666956783605542e+01,-1.639556054687500000e+04,1.366880340576171875e+02,2.236189453125000000e+03,2.847194373607635498e-01,8.403696119785308838e-02,3.853121697902679443e-01,3.161375820636749268e-01,1.475540742093252504e+02,6.327742474337914480e+00,8.486666956783605542e+01,0.000000000000000000e+00,0.000000000000000000e+00,0.000000000000000000e+00,2.847194373607635498e-01,8.403696119785308838e-02,3.853121697902679443e-01,3.161375820636749268e-01,8.713628906250000000e+04,7.323445312500000000e+04,3.146941796875000000e+04,7.243230468750000000e+04,-6.917817934569264948e+07
3.201999999999999957e+00,-1.310271075634425131e+02,-4.767454959058273545e+00,-8.326480559973830964e+01,-1.637001562500000000e+04,1.432420349121093750e+02,2.233782470703125000e+03,2.761803865432739258e-01,1.071942970156669617e-01,3.812934160232543945e-01,3.159196078777313232e-01,1.310271075634425131e+02,4.767454959058273545e+00,8.326480559973830964e+01,0.000000000000000000e+00,0.000000000000000000e+00,0.000000000000000000e+00,2.761803865432739258e-01,1.071942970156669617e-01,3.812934160232543945e-01,3.159196078777313232e-01,8.724871875000000000e+04,7.301035937500000000e+04,3.158274218750000000e+04,7.254432812500000000e+04,-6.920230320508743823e+07
3.202999999999999847e+00,-1.146237907236460813e+02,-2.804635905672079765e+00,-8.216576675700380861e+01,-1.632863671875000000e+04,1.428788146972656250e+02,2.251466796875000000e+03,2.695510983467102051e-01,1.320427805185317993e-01,3.708752095699310303e-01,3.125890195369720459e-01,1.146237907236460813e+02,2.804635905672079765e+00,8.216576675700380861e+01,0.000000000000000000e+00,0.000000000000000000e+00,0.000000000000000000e+00,2.695510983467102051e-01,1.320427805185317993e-01,3.708752095699310303e-01,3.125890195369720459e-01,8.736377343750000000e+04,7.278235156250000000e+04,3.169155468750000000e+04,7.266054687500000000e+04,-6.922220089769662917e+07
3.204000000000000181e+00,-9.828334221870625242e+01,-5.991344351761800358e-01,-8.166534565067257745e+01,-1.632346386718750000e+04,1.454224700927734375e+02,2.264511474609375000e+03,2.629222869873046875e-01,1.596982777118682861e-01,3.535037338733673096e-01,3.054597377777099609e-01,9.828334221870625242e+01,5.991344351761800358e-01,8.166534565067257745e+01,0.000000000000000000e+00,0.000000000000000000e+00,0.000000000000000000e+00,2.629222869873046875e-01,1.596982777118682861e-01,3.535037338733673096e-01,3.054597377777099609e-01,8.747840625000000000e+04,7.255428125000000000e+04,3.180238671875000000e+04,7.277557031250000000e+04,-6.923853010069662333e+07
3.205000000000000071e+00,-8.191753578140659897e+01,1.693731845560459748e+00,-8.182114039198613398e+01,-1.636212988281250000e+04,1.603590698242187500e+02,2.300397949218750000e+03,2.566257119178771973e-01,1.905415654182434082e-01,3.287048339843750000e-01,2.939178049564361572e-01,8.191753578140659897e+01,-1.693731845560459748e+00,8.182114039198613398e+01,0.000000000000000000e+00,0.000000000000000000e+00,0.000000000000000000e+00,2.566257119178771973e-01,1.905415654182434082e-01,3.287048339843750000e-01,2.939178049564361572e-01,8.758307031250000000e+04,7.232314843750000000e+04,3.190815625000000000e+04,7.289350781250000000e+04,-6.925193815110772848e+07
3.205999999999999961e+00,-6.547537105118159673e+01,3.832286466602412567e+00,-8.263446377976046620e+01,-1.640076953125000000e+04,1.800336456298828125e+02,2.288400390625000000e+03,2.487985789775848389e-01,2.250935137271881104e-01,2.965743839740753174e-01,2.774543464183807373e-01,6.547537105118159673e+01,-3.832286466602412567e+00,8.263446377976046620e+01,0.000000000000000000e+00,0.000000000000000000e+00,0.000000000000000000e+00,2.487985789775848389e-01,2.250935137271881104e-01,2.965743839740753174e-01,2.774543464183807373e-01,8.762994531250000000e+04,7.210040625000000000e+04,3.202325781250000000e+04,7.300367187500000000e+04,-6.926306831634575129e+07
3.206999999999999851e+00,-4.896355914696901124e+01,5.664625860489653775e+00,-8.404856231233873132e+01,-1.639250195312500000e+04,1.935155181884765625e+02,2.311373046875000000e+03,2.449433505535125732e-01,2.602280974388122559e-01,2.577793598175048828e-01,2.574144601821899414e-01,4.896355914696901124e+01,-5.664625860489653775e+00,8.404856231233873132e+01,0.000000000000000000e+00,0.000000000000000000e+00,0.000000000000000000e+00,2.449433505535125732e-01,2.602280974388122559e-01,2.577793598175048828e-01,2.574144601821899414e-01,8.763732031250000000e+04,7.197896875000000000e+04,3.213134960937500000e+04,7.312014843750000000e+04,-6.927256199528300762e+07
3.208000000000000185e+00,-3.240460082292965183e+01,7.016052862048089089e+00,-8.592950346654868099e+01,-1.634899804687500000e+04,1.946341094970703125e+02,2.306367675781250000e+03,2.416726797819137573e-01,2.939297556877136230e-01,2.163530439138412476e-01,2.367839515209197998e-01,3.240460082292965183e+01,-7.016052862048089089e+00,8.592950346654868099e+01,0.000000000000000000e+00,0.000000000000000000e+00,0.000000000000000000e+00,2.416726797819137573e-01,2.939297556877136230e-01,2.163530439138412476e-01,2.367839515209197998e-01,8.758274218750000000e+04,7.209221093750000000e+04,3.224534179687500000e+04,7.323269531250000000e+04,-6.928104515800127387e+07
3.209000000000000075e+00,-1.579480754815993215e+01,7.794687438155647463e+00,-8.815631720905651036e+01,-1.632046875000000000e+04,1.916592559814453125e+02,2.341583984375000000e+03,2.424708902835845947e-01,3.239683508872985840e-01,1.752819567918777466e-01,2.177907824516296387e-01,1.579480754815993215e+01,-7.794687438155647463e+00,8.815631720905651036e+01,0.000000000000000000e+00,0.000000000000000000e+00,0.000000000000000000e+00,2.424708902835845947e-01,3.239683508872985840e-01,1.752819567918777466e-01,2.177907824516296387e-01,8.750946093750000000e+04,7.219809375000000000e+04,3.235171679687500000e+04,7.335092187500000000e+04,-6.928912692736287415e+07
3.209999999999999964e+00,8.692514246769542652e-01,7.903085598151667668e+00,-9.050549555436315075e+01,-1.634095800781250000e+04,1.954540100097656250e+02,2.329416015625000000e+03,2.417820990085601807e-01,3.501497209072113037e-01,1.391945332288742065e-01,2.022047042846679688e-01,-8.692514246769542652e-01,-7.903085598151667668e+00,9.050549555436315075e+01,0.000000000000000000e+00,0.000000000000000000e+00,0.000000000000000000e+00,2.417820990085601807e-01,3.501497209072113037e-01,1.391945332288742065e-01,2.022047042846679688e-01,8.740502343750000000e+04,7.231264843750000000e+04,3.246677929687500000e+04,7.346089062500000000e+04,-6.929738138644842803e+07
3.210999999999999854e+00,1.755718324969422994e+01,7.326567577440455281e+00,-9.278972118095126120e+01,-1.638292773437500000e+04,2.072090759277343750e+02,2.335124511718750000e+03,2.435587644577026367e-01,3.738481700420379639e-01,1.083286479115486145e-01,1.890112161636352539e-01,-1.755718324969422994e+01,-7.326567577440455281e+00,9.278972118095126120e+01,0.000000000000000000e+00,0.000000000000000000e+00,0.000000000000000000e+00,2.435587644577026367e-01,3.738481700420379639e-01,1.083286479115486145e-01,1.890112161636352539e-01,8.731308593750000000e+04,7.242460937500000000e+04,3.257839453125000000e+04,7.351564062500000000e+04,-6.930635325208139420e+07
3.212000000000000188e+00,3.419226535809985990e+01,6.119619948309418689e+00,-9.479938573204061925e+01,-1.639750585937500000e+04,2.155625457763671875e+02,2.330404296875000000e+03,2.445755302906036377e-01,3.951701819896697998e-01,8.515658229589462280e-02,1.788724064826965332e-01,-3.419226535809985990e+01,-6.119619948309418689e+00,9.479938573204061925e+01,0.000000000000000000e+00,0.000000000000000000e+00,0.000000000000000000e+00,2.445755302906036377e-01,3.951701819896697998e-01,8.515658229589462280e-02,1.788724064826965332e-01,8.721519531250000000e+04,7.253854687500000000e+04,3.269183007812500000e+04,7.345192968750000000e+04,-6.931654673637519777e+07
3.213000000000000078e+00,5.070520279100107075e+01,4.384523454571825241e+00,-9.639209919789558967e+01,-1.636482128906250000e+04,2.104279937744140625e+02,2.349317871093750000e+03,2.483102679252624512e-01,4.144845008850097656e-01,6.939206272363662720e-02,1.715000271797180176e-01,-5.070520279100107075e+01,-4.384523454571825241e+00,9.639209919789558967e+01,0.000000000000000000e+00,0.000000000000000000e+00,0.000000000000000000e+00,2.483102679252624512e-01,4.144845008850097656e-01,6.939206272363662720e-02,1.715000271797180176e-01,8.714484375000000000e+04,7.264763281250000000e+04,3.266456054687500000e+04,7.323042968750000000e+04,-6.932842841479897499e+07
3.213999999999999968e+00,6.709427770794839319e+01,2.267226088304283849e+00,-9.744433869210091359e+01,-1.632570312500000000e+04,1.947604522705078125e+02,2.363544677734375000e+03,2.535205483436584473e-01,4.313862323760986328e-01,6.147039681673049927e-02,1.673593372106552124e-01,-6.709427770794839319e+01,-2.267226088304283849e+00,9.744433869210091359e+01,0.000000000000000000e+00,0.000000000000000000e+00,0.000000000000000000e+00,2.535205483436584473e-01,4.313862323760986328e-01,6.147039681673049927e-02,1.673593372106552124e-01,8.707440625000000000e+04,7.275710156250000000e+04,3.263804296875000000e+04,7.300711718750000000e+04,-6.934243059635740519e+07
3.214999999999999858e+00,8.342844426228623433e+01,-4.524449813667656695e-02,-9.786686997422647494e+01,-1.632367968750000000e+04,1.803433227539062500e+02,2.351802001953125000e+03,2.604658007621765137e-01,4.465995728969573975e-01,5.991964414715766907e-02,1.657067239284515381e-01,-8.342844426228623433e+01,4.524449813667656695e-02,9.786686997422647494e+01,0.000000000000000000e+00,0.000000000000000000e+00,0.000000000000000000e+00,2.604658007621765137e-01,4.465995728969573975e-01,5.991964414715766907e-02,1.657067239284515381e-01,8.702882812500000000e+04,7.287171875000000000e+04,3.241978320312500000e+04,7.277967187500000000e+04,-6.935895882795505226e+07
3.216000000000000192e+00,9.979872939974349322e+01,-2.388184973167176484e+00,-9.762534676462175298e+01,-1.636285351562500000e+04,1.760145721435546875e+02,2.356808837890625000e+03,2.671395540237426758e-01,4.605008959770202637e-01,6.252728402614593506e-02,1.660625338554382324e-01,-9.979872939974349322e+01,2.388184973167176484e+00,9.762534676462175298e+01,0.000000000000000000e+00,0.000000000000000000e+00,0.000000000000000000e+00,2.671395540237426758e-01,4.605008959770202637e-01,6.252728402614593506e-02,1.660625338554382324e-01,8.702451562500000000e+04,7.298388281250000000e+04,3.220276367187500000e+04,7.255546093750000000e+04,-6.937846502610322833e+07
3.217000000000000082e+00,1.162523317265599019e+02,-4.559681545708812678e+00,-9.673359466085233294e+01,-1.639726367187500000e+04,1.751351623535156250e+02,2.348338867187500000e+03,2.672425508499145508e-01,4.718657732009887695e-01,6.750912964344024658e-02,1.692916899919509888e-01,-1.162523317265599019e+02,4.559681545708812678e+00,9.673359466085233294e+01,0.000000000000000000e+00,0.000000000000000000e+00,0.000000000000000000e+00,2.672425508499145508e-01,4.718657732009887695e-01,6.750912964344024658e-02,1.692916899919509888e-01,8.706764062500000000e+04,7.309832031250000000e+04,3.198128125000000000e+04,7.232978906250000000e+04,-6.940135780976690352e+07
3.217999999999999972e+00,1.327858111580652007e+02,-6.428513573279850846e+00,-9.524010304006334593e+01,-1.638808203125000000e+04,1.665456848144531250e+02,2.390340820312500000e+03,2.627440690994262695e-01,4.803842008113861084e-01,7.222826033830642700e-02,1.752035915851593018e-01,-1.327858111580652007e+02,6.428513573279850846e+00,9.524010304006334593e+01,0.000000000000000000e+00,0.000000000000000000e+00,0.000000000000000000e+00,2.627440690994262695e-01,4.803842008113861084e-01,7.222826033830642700e-02,1.752035915851593018e-01,8.716639843750000000e+04,7.320317968750000000e+04,3.177729101562500000e+04,7.211173437500000000e+04,-6.942810188442565501e+07
3.218999999999999861e+00,1.493796637089284900e+02,-7.810877609151033241e+00,-9.328241565851533323e+01,-1.634881347656250000e+04,1.454032592773437500e+02,2.387881103515625000e+03,2.508751749992370605e-01,4.850904941558837891e-01,7.615535706281661987e-02,1.840026527643203735e-01,-1.493796637089284900e+02,7.810877609151033241e+00,9.328241565851533323e+01,0.000000000000000000e+00,0.000000000000000000e+00,0.000000000000000000e+00,2.508751749992370605e-01,4.850904941558837891e-01,7.615535706281661987e-02,1.840026527643203735e-01,8.725528125000000000e+04,7.331575000000000000e+04,3.162868164062500000e+04,7.188562500000000000e+04,-6.945917878723555803e+07
3.220000000000000195e+00,1.660336228429073060e+02,-8.603823912632666548e+00,-9.100478401134883200e+01,-1.632639355468750000e+04,1.220084457397460938e+02,2.394680419921875000e+03,2.397821992635726929e-01,4.876401722431182861e-01,7.773580402135848999e-02,1.935801208019256592e-01,-1.660336228429073060e+02,8.603823912632666548e+00,9.100478401134883200e+01,0.000000000000000000e+00,0.000000000000000000e+00,0.000000000000000000e+00,2.397821992635726929e-01,4.876401722431182861e-01,7.773580402135848999e-02,1.935801208019256592e-01,8.731282812500000000e+04,7.342744531250000000e+04,3.152027734375000000e+04,7.166130468750000000e+04,-6.949510184764876962e+07
3.221000000000000085e+00,-1.772531656845341388e+02,-8.727560127423990011e+00,-8.862551172676349154e+01,-1.635237695312500000e+04,1.071622772216796875e+02,2.360937500000000000e+03,2.267625033855438232e-01,4.885541200637817383e-01,7.715463638305664062e-02,2.021292299032211304e-01,1.772531656845341388e+02,8.727560127423990011e+00,8.862551172676349154e+01,0.000000000000000000e+00,0.000000000000000000e+00,0.000000000000000000e+00,2.267625033855438232e-01,4.885541200637817383e-01,7.715463638305664062e-02,2.021292299032211304e-01,8.719567187500000000e+04,7.354621093750000000e+04,3.146828906250000000e+04,7.157092187500000000e+04,-6.953445118402856588e+07
3.221999999999999975e+00,-1.605122155825729351e+02,-8.172190046445340528e+00,-8.629788930946880043e+01,-1.639653320312500000e+04,1.012795791625976562e+02,2.374327880859375000e+03,2.835485339164733887e-01,6.881503760814666748e-02,3.884693086147308350e-01,3.163594603538513184e-01,1.605122155825729351e+02,8.172190046445340528e+00,8.629788930946880043e+01,0.000000000000000000e+00,0.000000000000000000e+00,0.000000000000000000e+00,2.835485339164733887e-01,6.881503760814666748e-02,3.884693086147308350e-01,3.163594603538513184e-01,8.709036718750000000e+04,7.365644531250000000e+04,3.140863085937500000e+04,7.149124218750000000e+04,-6.956772946576921642e+07
3.222999999999999865e+00,-1.438226824766391019e+02,-6.977320173963280858e+00,-8.421251651773538072e+01,-1.641222070312500000e+04,9.168178558349609375e+01,2.394051269531250000e+03,2.739244699478149414e-01,8.782906830310821533e-02,3.895941972732543945e-01,3.208792209625244141e-01,1.438226824766391019e+02,6.977320173963280858e+00,8.421251651773538072e+01,0.000000000000000000e+00,0.000000000000000000e+00,0.000000000000000000e+00,2.739244699478149414e-01,8.782906830310821533e-02,3.895941972732543945e-01,3.208792209625244141e-01,8.689207031250000000e+04,7.376493750000000000e+04,3.134551757812500000e+04,7.147830468750000000e+04,-6.959555486069905758e+07
3.224000000000000199e+00,-1.272596089110683124e+02,-5.241845435163861922e+00,-8.253227829967939044e+01,-1.638179589843750000e+04,6.865139770507812500e+01,2.416167480468750000e+03,2.647235989570617676e-01,1.092710644006729126e-01,3.854149281978607178e-01,3.223665356636047363e-01,1.272596089110683124e+02,5.241845435163861922e+00,8.253227829967939044e+01,0.000000000000000000e+00,0.000000000000000000e+00,0.000000000000000000e+00,2.647235989570617676e-01,1.092710644006729126e-01,3.854149281978607178e-01,3.223665356636047363e-01,8.700859375000000000e+04,7.353627343750000000e+04,3.145415039062500000e+04,7.159393750000000000e+04,-6.961858892266415060e+07
3.225000000000000089e+00,-1.108288238117562798e+02,-3.123450774523928608e+00,-8.139888817541297783e+01,-1.634571191406250000e+04,4.027056503295898438e+01,2.408910400390625000e+03,2.570456862449645996e-01,1.323297321796417236e-01,3.748579621315002441e-01,3.209801614284515381e-01,1.108288238117562798e+02,3.123450774523928608e+00,8.139888817541297783e+01,0.000000000000000000e+00,0.000000000000000000e+00,0.000000000000000000e+00,2.570456862449645996e-01,1.323297321796417236e-01,3.748579621315002441e-01,3.209801614284515381e-01,8.711948437500000000e+04,7.331285937500000000e+04,3.156839257812500000e+04,7.170487500000000000e+04,-6.963750748579257727e+07
3.225999999999999979e+00,-9.445843013140850530e+01,-8.034423677600365243e-01,-8.089702009773654368e+01,-1.635085253906250000e+04,1.843352317810058594e+01,2.381604736328125000e+03,2.521089017391204834e-01,1.573004722595214844e-01,3.572356700897216797e-01,3.160969614982604980e-01,9.445843013140850530e+01,8.034423677600365243e-01,8.089702009773654368e+01,0.000000000000000000e+00,0.000000000000000000e+00,0.000000000000000000e+00,2.521089017391204834e-01,1.573004722595214844e-01,3.572356700897216797e-01,3.160969614982604980e-01,8.718773437500000000e+04,7.309275781250000000e+04,3.168546289062500000e+04,7.181282031250000000e+04,-6.965297485419580340e+07
3.226999999999999869e+00,-7.806155656617390548e+01,1.587386009226237515e+00,-8.106476717803853660e+01,-1.639333398437500000e+04,1.148733329772949219e+01,2.404871582031250000e+03,2.483633905649185181e-01,1.854923069477081299e-01,3.320904076099395752e-01,3.066776692867279053e-01,7.806155656617390548e+01,-1.587386009226237515e+00,8.106476717803853660e+01,0.000000000000000000e+00,0.000000000000000000e+00,0.000000000000000000e+00,2.483633905649185181e-01,1.854923069477081299e-01,3.320904076099395752e-01,3.066776692867279053e-01,8.720815625000000000e+04,7.286306250000000000e+04,3.179438281250000000e+04,7.192999218750000000e+04,-6.966564247708131373e+07
3.228000000000000203e+00,-6.159291817640049516e+01,3.850587591445267410e+00,-8.190476210749174868e+01,-1.642635546875000000e+04,7.197835445404052734e+00,2.421986816406250000e+03,2.416932880878448486e-01,2.180081009864807129e-01,2.996462583541870117e-01,2.921923398971557617e-01,6.159291817640049516e+01,-3.850587591445267410e+00,8.190476210749174868e+01,0.000000000000000000e+00,0.000000000000000000e+00,0.000000000000000000e+00,2.416932880878448486e-01,2.180081009864807129e-01,2.996462583541870117e-01,2.921923398971557617e-01,8.719130468750000000e+04,7.263475781250000000e+04,3.190422851562500000e+04,7.204570312500000000e+04,-6.967615938173148036e+07
3.229000000000000092e+00,-4.505720963667590695e+01,5.810850803617563010e+00,-8.336502395263076437e+01,-1.641022656250000000e+04,-3.686917066574096680e+00,2.449606445312500000e+03,2.368716299533843994e-01,2.512398064136505127e-01,2.610667347908020020e-01,2.744764983654022217e-01,4.505720963667590695e+01,-5.810850803617563010e+00,8.336502395263076437e+01,0.000000000000000000e+00,0.000000000000000000e+00,0.000000000000000000e+00,2.368716299533843994e-01,2.512398064136505127e-01,2.610667347908020020e-01,2.744764983654022217e-01,8.715050000000000000e+04,7.246123437500000000e+04,3.201206054687500000e+04,7.216226562500000000e+04,-6.968517302707740664e+07
3.229999999999999982e+00,-2.846805719309700322e+01,7.269063843225451294e+00,-8.528665905333708963e+01,-1.636784960937500000e+04,-2.553445434570312500e+01,2.410337890625000000e+03,2.341348528861999512e-01,2.826393246650695801e-01,2.195309847593307495e-01,2.560321390628814697e-01,2.846805719309700322e+01,-7.269063843225451294e+00,8.528665905333708963e+01,0.000000000000000000e+00,0.000000000000000000e+00,0.000000000000000000e+00,2.341348528861999512e-01,2.826393246650695801e-01,2.195309847593307495e-01,2.560321390628814697e-01,8.705023437500000000e+04,7.254759375000000000e+04,3.213141406250000000e+04,7.226785937500000000e+04,-6.969331011085939407e+07
3.230999999999999872e+00,-1.181490459299448936e+01,8.134204477118711196e+00,-8.753209853561108389e+01,-1.634981640625000000e+04,-4.605694198608398438e+01,2.395110839843750000e+03,2.373670190572738647e-01,3.107204437255859375e-01,1.776965409517288208e-01,2.386856228113174438e-01,1.181490459299448936e+01,-8.134204477118711196e+00,8.753209853561108389e+01,0.000000000000000000e+00,0.000000000000000000e+00,0.000000000000000000e+00,2.373670190572738647e-01,3.107204437255859375e-01,1.776965409517288208e-01,2.386856228113174438e-01,8.692250781250000000e+04,7.266282031250000000e+04,3.224598828125000000e+04,7.237782812500000000e+04,-6.970117773638646305e+07
3.232000000000000206e+00,4.911871424954697751e+00,8.333080510079740932e+00,-8.992640912189074243e+01,-1.638148632812500000e+04,-5.601607131958007812e+01,2.385411376953125000e+03,2.397047430276870728e-01,3.357889056205749512e-01,1.403726786375045776e-01,2.240995466709136963e-01,-4.911871424954697751e+00,-8.333080510079740932e+00,8.992640912189074243e+01,0.000000000000000000e+00,0.000000000000000000e+00,0.000000000000000000e+00,2.397047430276870728e-01,3.357889056205749512e-01,1.403726786375045776e-01,2.240995466709136963e-01,8.677735937500000000e+04,7.277617187500000000e+04,3.236051367187500000e+04,7.248954687500000000e+04,-6.970935806215570867e+07
3.233000000000000096e+00,2.167308535937480585e+01,7.839604520156185252e+00,-9.229765632758932270e+01,-1.642521093750000000e+04,-5.980210113525390625e+01,2.406463378906250000e+03,2.412482500076293945e-01,3.584776520729064941e-01,1.093869507312774658e-01,2.122115939855575562e-01,-2.167308535937480585e+01,-7.839604520156185252e+00,9.229765632758932270e+01,0.000000000000000000e+00,0.000000000000000000e+00,0.000000000000000000e+00,2.412482500076293945e-01,3.584776520729064941e-01,1.093869507312774658e-01,2.122115939855575562e-01,8.666546875000000000e+04,7.288507031250000000e+04,3.246875585937500000e+04,7.260576562500000000e+04,-6.971840810154730082e+07
3.233999999999999986e+00,3.837591544439921165e+01,6.698797839046723546e+00,-9.442149854794008945e+01,-1.643165820312500000e+04,-6.680146789550781250e+01,2.403085449218750000e+03,2.413034737110137939e-01,3.785888850688934326e-01,8.637875318527221680e-02,2.036419063806533813e-01,-3.837591544439921165e+01,-6.698797839046723546e+00,9.442149854794008945e+01,0.000000000000000000e+00,0.000000000000000000e+00,0.000000000000000000e+00,2.413034737110137939e-01,3.785888850688934326e-01,8.637875318527221680e-02,2.036419063806533813e-01,8.656800000000000000e+04,7.299853906250000000e+04,3.258235742187500000e+04,7.271714062500000000e+04,-6.972884110571402311e+07
3.234999999999999876e+00,5.494553601138288457e+01,5.041891933706529549e+00,-9.611350163262864044e+01,-1.639421484375000000e+04,-8.740289306640625000e+01,2.368255126953125000e+03,2.449338287115097046e-01,3.969337940216064453e-01,7.045548409223556519e-02,1.975936293601989746e-01,-5.494553601138288457e+01,-5.041891933706529549e+00,9.611350163262864044e+01,0.000000000000000000e+00,0.000000000000000000e+00,0.000000000000000000e+00,2.449338287115097046e-01,3.969337940216064453e-01,7.045548409223556519e-02,1.975936293601989746e-01,8.647946093750000000e+04,7.311751562500000000e+04,3.269994921875000000e+04,7.274110937500000000e+04,-6.974112334351195395e+07
3.236000000000000210e+00,7.138915915816380675e+01,2.996076094834622339e+00,-9.727468007136363326e+01,-1.635992578125000000e+04,-1.106165237426757812e+02,2.356356201171875000e+03,2.536356747150421143e-01,4.137108623981475830e-01,6.148080527782440186e-02,1.939395368099212646e-01,-7.138915915816380675e+01,-2.996076094834622339e+00,9.727468007136363326e+01,0.000000000000000000e+00,0.000000000000000000e+00,0.000000000000000000e+00,2.536356747150421143e-01,4.137108623981475830e-01,6.148080527782440186e-02,1.939395368099212646e-01,8.639700000000000000e+04,7.323173437500000000e+04,3.268809375000000000e+04,7.270478906250000000e+04,-6.975569109541220963e+07
3.237000000000000099e+00,8.778268716068743061e+01,7.180380354829122291e-01,-9.782442593223851190e+01,-1.637342871093750000e+04,-1.290991210937500000e+02,2.347803222656250000e+03,2.621010541915893555e-01,4.290443956851959229e-01,5.954745039343833923e-02,1.923635751008987427e-01,-8.778268716068743061e+01,-7.180380354829122291e-01,9.782442593223851190e+01,0.000000000000000000e+00,0.000000000000000000e+00,0.000000000000000000e+00,2.621010541915893555e-01,4.290443956851959229e-01,5.954745039343833923e-02,1.923635751008987427e-01,8.634325781250000000e+04,7.334501562500000000e+04,3.254268945312500000e+04,7.262504687500000000e+04,-6.977296702946496010e+07
3.237999999999999989e+00,1.042043546876592472e+02,-1.643276513417627926e+00,-9.771202574231914184e+01,-1.641842578125000000e+04,-1.352299346923828125e+02,2.368242187500000000e+03,2.682008743286132812e-01,4.430353045463562012e-01,6.263931095600128174e-02,1.928378194570541382e-01,-1.042043546876592472e+02,1.643276513417627926e+00,9.771202574231914184e+01,0.000000000000000000e+00,0.000000000000000000e+00,0.000000000000000000e+00,2.682008743286132812e-01,4.430353045463562012e-01,6.263931095600128174e-02,1.928378194570541382e-01,8.635915625000000000e+04,7.345432031250000000e+04,3.232160937500000000e+04,7.252342968750000000e+04,-6.979337591733320057e+07
3.238999999999999879e+00,1.206899253241466994e+02,-3.851498059909905791e+00,-9.694944194250135183e+01,-1.644673046875000000e+04,-1.395978088378906250e+02,2.339764404296875000e+03,2.671849131584167480e-01,4.548391699790954590e-01,6.854923814535140991e-02,1.958569437265396118e-01,-1.206899253241466994e+02,3.851498059909905791e+00,9.694944194250135183e+01,0.000000000000000000e+00,0.000000000000000000e+00,0.000000000000000000e+00,2.671849131584167480e-01,4.548391699790954590e-01,6.854923814535140991e-02,1.958569437265396118e-01,8.642614062500000000e+04,7.357213281250000000e+04,3.210119531250000000e+04,7.240373437500000000e+04,-6.981735600373820961e+07
3.240000000000000213e+00,1.372287874510171548e+02,-5.748121412053020407e+00,-9.560365038322656517e+01,-1.642399023437500000e+04,-1.501449127197265625e+02,2.325949951171875000e+03,2.643499970436096191e-01,4.642605781555175781e-01,7.403321564197540283e-02,2.011634558439254761e-01,-1.372287874510171548e+02,5.748121412053020407e+00,9.560365038322656517e+01,0.000000000000000000e+00,0.000000000000000000e+00,0.000000000000000000e+00,2.643499970436096191e-01,4.642605781555175781e-01,7.403321564197540283e-02,2.011634558439254761e-01,8.653720312500000000e+04,7.368730468750000000e+04,3.195526367187500000e+04,7.231600000000000000e+04,-6.984536084270985425e+07
3.241000000000000103e+00,1.538210565022778269e+02,-7.191950880190150386e+00,-9.378400611713432511e+01,-1.638495898437500000e+04,-1.672467803955078125e+02,2.315645507812500000e+03,2.564705312252044678e-01,4.702203869819641113e-01,7.830662280321121216e-02,2.088987082242965698e-01,-1.538210565022778269e+02,7.191950880190150386e+00,9.378400611713432511e+01,0.000000000000000000e+00,0.000000000000000000e+00,0.000000000000000000e+00,2.564705312252044678e-01,4.702203869819641113e-01,7.830662280321121216e-02,2.088987082242965698e-01,8.663901562500000000e+04,7.380075781250000000e+04,3.181205468750000000e+04,7.223157031250000000e+04,-6.987786892409417033e+07
3.241999999999999993e+00,1.704882278971352605e+02,-8.074381924688278644e+00,-9.161694051695361907e+01,-1.637703613281250000e+04,-1.822773437500000000e+02,2.322828857421875000e+03,2.456449419260025024e-01,4.735051095485687256e-01,8.081155270338058472e-02,2.175443470478057861e-01,-1.704882278971352605e+02,8.074381924688278644e+00,9.161694051695361907e+01,0.000000000000000000e+00,0.000000000000000000e+00,0.000000000000000000e+00,2.456449419260025024e-01,4.735051095485687256e-01,8.081155270338058472e-02,2.175443470478057861e-01,8.672222656250000000e+04,7.391196875000000000e+04,3.171486132812500000e+04,7.219241406250000000e+04,-6.991539401937882602e+07
3.242999999999999883e+00,-1.727613335339387959e+02,-8.305048738382303952e+00,-8.928717558372447627e+01,-1.641627734375000000e+04,-1.854835662841796875e+02,2.318044677734375000e+03,2.320851981639862061e-01,4.752145707607269287e-01,8.129896223545074463e-02,2.250876426696777344e-01,1.727613335339387959e+02,8.305048738382303952e+00,8.928717558372447627e+01,0.000000000000000000e+00,0.000000000000000000e+00,0.000000000000000000e+00,2.320851981639862061e-01,4.752145707607269287e-01,8.129896223545074463e-02,2.250876426696777344e-01,8.674425000000000000e+04,7.402569531250000000e+04,3.165785546875000000e+04,7.220909375000000000e+04,-6.995328167130151391e+07
3.244000000000000217e+00,-1.559811368826887588e+02,-7.867588821024037671e+00,-8.702653542439493606e+01,-1.645998632812500000e+04,-1.823648376464843750e+02,2.281088623046875000e+03,2.886022329330444336e-01,5.290186032652854919e-02,3.920625150203704834e-01,3.325510621070861816e-01,1.559811368826887588e+02,7.867588821024037671e+00,8.702653542439493606e+01,0.000000000000000000e+00,0.000000000000000000e+00,0.000000000000000000e+00,2.886022329330444336e-01,5.290186032652854919e-02,3.920625150203704834e-01,3.325510621070861816e-01,8.668298437500000000e+04,7.414499218750000000e+04,3.162765039062500000e+04,7.228412500000000000e+04,-6.998524730318656564e+07
3.245000000000000107e+00,-1.392587630031387675e+02,-6.803901875566563895e+00,-8.499610754505633281e+01,-1.646091796875000000e+04,-1.808945922851562500e+02,2.278122314453125000e+03,2.821561992168426514e-01,7.097867131233215332e-02,3.925610482692718506e-01,3.378185927867889404e-01,1.392587630031387675e+02,6.803901875566563895e+00,8.499610754505633281e+01,0.000000000000000000e+00,0.000000000000000000e+00,0.000000000000000000e+00,2.821561992168426514e-01,7.097867131233215332e-02,3.925610482692718506e-01,3.378185927867889404e-01,8.653010937500000000e+04,7.425742968750000000e+04,3.159730078125000000e+04,7.239591406250000000e+04,-7.001191093763826787e+07
3.245999999999999996e+00,-1.226605595666302406e+02,-5.217632167908242025e+00,-8.335762804809880322e+01,-1.642444531250000000e+04,-1.914533233642578125e+02,2.273803955078125000e+03,2.746168375015258789e-01,9.225387871265411377e-02,3.877220749855041504e-01,3.396033048629760742e-01,1.226605595666302406e+02,5.217632167908242025e+00,8.335762804809880322e+01,0.000000000000000000e+00,0.000000000000000000e+00,0.000000000000000000e+00,2.746168375015258789e-01,9.225387871265411377e-02,3.877220749855041504e-01,3.396033048629760742e-01,8.664165625000000000e+04,7.403264843750000000e+04,3.170986914062500000e+04,7.250820312500000000e+04,-7.003393226835070550e+07
3.246999999999999886e+00,-1.061793339646736314e+02,-3.218788147796080690e+00,-8.222656641971185820e+01,-1.639582226562500000e+04,-2.014877166748046875e+02,2.294148437500000000e+03,2.685279548168182373e-01,1.154699474573135376e-01,3.766083419322967529e-01,3.384023606777191162e-01,1.061793339646736314e+02,3.218788147796080690e+00,8.222656641971185820e+01,0.000000000000000000e+00,0.000000000000000000e+00,0.000000000000000000e+00,2.685279548168182373e-01,1.154699474573135376e-01,3.766083419322967529e-01,3.384023606777191162e-01,8.675818750000000000e+04,7.380447656250000000e+04,3.181944531250000000e+04,7.262479687500000000e+04,-7.005197788813419640e+07
3.248000000000000220e+00,-8.974024333811829024e+01,-1.013988955383884560e+00,-8.171349050410337611e+01,-1.641800000000000000e+04,-2.031948852539062500e+02,2.262285888671875000e+03,2.615076601505279541e-01,1.424547433853149414e-01,3.585042059421539307e-01,3.329575359821319580e-01,8.974024333811829024e+01,1.013988955383884560e+00,8.171349050410337611e+01,0.000000000000000000e+00,0.000000000000000000e+00,0.000000000000000000e+00,2.615076601505279541e-01,1.424547433853149414e-01,3.585042059421539307e-01,3.329575359821319580e-01,8.686500781250000000e+04,7.358532031250000000e+04,3.193648242187500000e+04,7.273157031250000000e+04,-7.006670932211254537e+07
3.249000000000000110e+00,-7.327364931675984394e+01,1.234966093090618111e+00,-8.185830406052649266e+01,-1.646419531250000000e+04,-1.895634307861328125e+02,2.253423828125000000e+03,2.574391365051269531e-01,1.726248860359191895e-01,3.325544595718383789e-01,3.228694498538970947e-01,7.327364931675984394e+01,-1.234966093090618111e+00,8.185830406052649266e+01,0.000000000000000000e+00,0.000000000000000000e+00,0.000000000000000000e+00,2.574391365051269531e-01,1.726248860359191895e-01,3.325544595718383789e-01,3.228694498538970947e-01,8.697024218750000000e+04,7.336151562500000000e+04,3.205102148437500000e+04,7.284217187500000000e+04,-7.007878065688166022e+07
3.250000000000000000e+00,-5.675276534548932972e+01,3.340383589296741285e+00,-8.264833814227333164e+01,-1.648722460937500000e+04,-1.743773651123046875e+02,2.249555908203125000e+03,2.522578239440917969e-01,2.071253061294555664e-01,2.989344000816345215e-01,3.074586391448974609e-01,5.675276534548932972e+01,-3.340383589296741285e+00,8.264833814227333164e+01,0.000000000000000000e+00,0.000000000000000000e+00,0.000000000000000000e+00,2.522578239440917969e-01,2.071253061294555664e-01,2.989344000816345215e-01,3.074586391448974609e-01,8.702253906250000000e+04,7.313631250000000000e+04,3.216344921875000000e+04,7.295391406250000000e+04,-7.008884343921622634e+07
3.250999999999999890e+00,-4.019088199727659116e+01,5.140878424759484311e+00,-8.402489780614673975e+01,-1.645793554687500000e+04,-1.664679412841796875e+02,2.265804687500000000e+03,2.485315501689910889e-01,2.426559925079345703e-01,2.592276930809020996e-01,2.888004779815673828e-01,4.019088199727659116e+01,-5.140878424759484311e+00,8.402489780614673975e+01,0.000000000000000000e+00,0.000000000000000000e+00,0.000000000000000000e+00,2.485315501689910889e-01,2.426559925079345703e-01,2.592276930809020996e-01,2.888004779815673828e-01,8.704898437500000000e+04,7.290863281250000000e+04,3.227390625000000000e+04,7.306988281250000000e+04,-7.009754535829426348e+07
3.251999999999999780e+00,-2.358417645079076053e+01,6.472501983387052960e+00,-8.586186013781517090e+01,-1.641869726562500000e+04,-1.657077026367187500e+02,2.262884277343750000e+03,2.463431954383850098e-01,2.763867080211639404e-01,2.169961631298065186e-01,2.694936096668243408e-01,2.358417645079076053e+01,-6.472501983387052960e+00,8.586186013781517090e+01,0.000000000000000000e+00,0.000000000000000000e+00,0.000000000000000000e+00,2.463431954383850098e-01,2.763867080211639404e-01,2.169961631298065186e-01,2.694936096668243408e-01,8.703333593750000000e+04,7.302213281250000000e+04,3.238645507812500000e+04,7.318222656250000000e+04,-7.010551572398138046e+07
3.253000000000000114e+00,-6.912905350768208557e+00,7.209833880668896633e+00,-8.797203015180525654e+01,-1.641782421875000000e+04,-1.608026123046875000e+02,2.222892089843750000e+03,2.470645308494567871e-01,3.066604733467102051e-01,1.756605505943298340e-01,2.514764964580535889e-01,6.912905350768208557e+00,-7.209833880668896633e+00,8.797203015180525654e+01,0.000000000000000000e+00,0.000000000000000000e+00,0.000000000000000000e+00,2.470645308494567871e-01,3.066604733467102051e-01,1.756605505943298340e-01,2.514764964580535889e-01,8.698570312500000000e+04,7.314183593750000000e+04,3.250625390625000000e+04,7.328750000000000000e+04,-7.011335457203538716e+07
3.254000000000000004e+00,9.830410003847523726e+00,7.296543153519921887e+00,-9.019632401917681364e+01,-1.646041601562500000e+04,-1.433339691162109375e+02,2.211171386718750000e+03,2.502779066562652588e-01,3.340433537960052490e-01,1.380531638860702515e-01,2.353288829326629639e-01,-9.830410003847523726e+00,-7.296543153519921887e+00,9.019632401917681364e+01,0.000000000000000000e+00,0.000000000000000000e+00,0.000000000000000000e+00,2.502779066562652588e-01,3.340433537960052490e-01,1.380531638860702515e-01,2.353288829326629639e-01,8.692778125000000000e+04,7.325564843750000000e+04,3.262063867187500000e+04,7.339774218750000000e+04,-7.012163982540479302e+07
3.254999999999999893e+00,2.659171691171258800e+01,6.727896054582970464e+00,-9.233069374557689457e+01,-1.649869335937500000e+04,-1.223637924194335938e+02,2.197582763671875000e+03,2.515212893486022949e-01,3.589353263378143311e-01,1.077556312084197998e-01,2.217724472284317017e-01,-2.659171691171258800e+01,-6.727896054582970464e+00,9.233069374557689457e+01,0.000000000000000000e+00,0.000000000000000000e+00,0.000000000000000000e+00,2.515212893486022949e-01,3.589353263378143311e-01,1.077556312084197998e-01,2.217724472284317017e-01,8.687613281250000000e+04,7.337007031250000000e+04,3.273574414062500000e+04,7.350822656250000000e+04,-7.013091716640596092e+07
3.255999999999999783e+00,4.328300148014722737e+01,5.544484225777435604e+00,-9.422224647206053305e+01,-1.648699414062500000e+04,-1.073885650634765625e+02,2.227128662109375000e+03,2.540531754493713379e-01,3.813990056514739990e-01,8.504192531108856201e-02,2.109217345714569092e-01,-4.328300148014722737e+01,-5.544484225777435604e+00,9.422224647206053305e+01,0.000000000000000000e+00,0.000000000000000000e+00,0.000000000000000000e+00,2.540531754493713379e-01,3.813990056514739990e-01,8.504192531108856201e-02,2.109217345714569092e-01,8.686563281250000000e+04,7.347800000000000000e+04,3.284354687500000000e+04,7.359632812500000000e+04,-7.014169915765866637e+07
3.257000000000000117e+00,5.984954524966941847e+01,3.893965495091225915e+00,-9.567071992785919576e+01,-1.644535156250000000e+04,-1.052657241821289062e+02,2.197733154296875000e+03,2.564064860343933105e-01,4.011138379573822021e-01,7.098840922117233276e-02,2.032769620418548584e-01,-5.984954524966941847e+01,-3.893965495091225915e+00,9.567071992785919576e+01,0.000000000000000000e+00,0.000000000000000000e+00,0.000000000000000000e+00,2.564064860343933105e-01,4.011138379573822021e-01,7.098840922117233276e-02,2.032769620418548584e-01,8.684480468750000000e+04,7.359606250000000000e+04,3.296073046875000000e+04,7.367137500000000000e+04,-7.015444917534404993e+07
3.258000000000000007e+00,7.631933180740203682e+01,1.911206799757659169e+00,-9.657880532189594192e+01,-1.642181445312500000e+04,-1.017420196533203125e+02,2.185425537109375000e+03,2.655625641345977783e-01,4.194201827049255371e-01,6.321220099925994873e-02,1.974331438541412354e-01,-7.631933180740203682e+01,-1.911206799757659169e+00,9.657880532189594192e+01,0.000000000000000000e+00,0.000000000000000000e+00,0.000000000000000000e+00,2.655625641345977783e-01,4.194201827049255371e-01,6.321220099925994873e-02,1.974331438541412354e-01,8.686356250000000000e+04,7.371054687500000000e+04,3.281472656250000000e+04,7.360967968750000000e+04,-7.016960493410041928e+07
3.258999999999999897e+00,9.277676986249619517e+01,-2.277115810176142396e-01,-9.687286396256109811e+01,-1.645117382812500000e+04,-8.980081939697265625e+01,2.164602783203125000e+03,2.736844122409820557e-01,4.362513422966003418e-01,6.187158823013305664e-02,1.934785246849060059e-01,-9.277676986249619517e+01,2.277115810176142396e-01,9.687286396256109811e+01,0.000000000000000000e+00,0.000000000000000000e+00,0.000000000000000000e+00,2.736844122409820557e-01,4.362513422966003418e-01,6.187158823013305664e-02,1.934785246849060059e-01,8.694446875000000000e+04,7.382580468750000000e+04,3.260737890625000000e+04,7.350439843750000000e+04,-7.018759686675141752e+07
3.259999999999999787e+00,1.092824531845745781e+02,-2.376105486644247922e+00,-9.652206333112245318e+01,-1.649572070312500000e+04,-6.699657440185546875e+01,2.183342041015625000e+03,2.787927687168121338e-01,4.514091312885284424e-01,6.448537856340408325e-02,1.916366219520568848e-01,-1.092824531845745781e+02,2.376105486644247922e+00,9.652206333112245318e+01,0.000000000000000000e+00,0.000000000000000000e+00,0.000000000000000000e+00,2.787927687168121338e-01,4.514091312885284424e-01,6.448537856340408325e-02,1.916366219520568848e-01,8.706082031250000000e+04,7.393535937500000000e+04,3.238825390625000000e+04,7.337920312500000000e+04,-7.020886167591243982e+07
3.261000000000000121e+00,1.258507287119756768e+02,-4.332537890870289843e+00,-9.555247603250523980e+01,-1.650954101562500000e+04,-4.745901870727539062e+01,2.189808349609375000e+03,2.754127383232116699e-01,4.636273980140686035e-01,6.903824955224990845e-02,1.927476823329925537e-01,-1.258507287119756768e+02,4.332537890870289843e+00,9.555247603250523980e+01,0.000000000000000000e+00,0.000000000000000000e+00,0.000000000000000000e+00,2.754127383232116699e-01,4.636273980140686035e-01,6.903824955224990845e-02,1.927476823329925537e-01,8.717383593750000000e+04,7.404733593750000000e+04,3.219702343750000000e+04,7.324039843750000000e+04,-7.023384912839029729e+07
3.262000000000000011e+00,1.424618655112287229e+02,-5.912947444024540644e+00,-9.406406567060594170e+01,-1.647625390625000000e+04,-3.739181900024414062e+01,2.174019287109375000e+03,2.680921256542205811e-01,4.725055992603302002e-01,7.304418087005615234e-02,1.967571526765823364e-01,-1.424618655112287229e+02,5.912947444024540644e+00,9.406406567060594170e+01,0.000000000000000000e+00,0.000000000000000000e+00,0.000000000000000000e+00,2.680921256542205811e-01,4.725055992603302002e-01,7.304418087005615234e-02,1.967571526765823364e-01,8.728402343750000000e+04,7.416283593750000000e+04,3.205355664062500000e+04,7.310878125000000000e+04,-7.026302752291320264e+07
3.262999999999999901e+00,1.591179915246622727e+02,-6.997880728645329285e+00,-9.217894372295144478e+01,-1.644219726562500000e+04,-3.285146713256835938e+01,2.171850830078125000e+03,2.591702938079833984e-01,4.782819151878356934e-01,7.536365836858749390e-02,2.026690244674682617e-01,-1.591179915246622727e+02,6.997880728645329285e+00,9.217894372295144478e+01,0.000000000000000000e+00,0.000000000000000000e+00,0.000000000000000000e+00,2.591702938079833984e-01,4.782819151878356934e-01,7.536365836858749390e-02,2.026690244674682617e-01,8.737615625000000000e+04,7.427492187500000000e+04,3.194346484375000000e+04,7.301310937500000000e+04,-7.029689198614062369e+07
3.263999999999999790e+00,1.758364553290308550e+02,-7.487008648288449919e+00,-9.006656569353968678e+01,-1.645019531250000000e+04,-2.314843559265136719e+01,2.159129394531250000e+03,2.472284585237503052e-01,4.816324114799499512e-01,7.599432766437530518e-02,2.089685648679733276e-01,-1.758364553290308550e+02,7.487008648288449919e+00,9.006656569353968678e+01,0.000000000000000000e+00,0.000000000000000000e+00,0.000000000000000000e+00,2.472284585237503052e-01,4.816324114799499512e-01,7.599432766437530518e-02,2.089685648679733276e-01,8.740120312500000000e+04,7.438952343750000000e+04,3.185828320312500000e+04,7.296303125000000000e+04,-7.033597848671762645e+07
3.265000000000000124e+00,-1.673855577109191302e+02,-7.329801412529509008e+00,-8.788321935064642787e+01,-1.649445703125000000e+04,-2.777728796005249023e+00,2.178334228515625000e+03,2.349355518817901611e-01,4.838955998420715332e-01,7.458407431840896606e-02,2.135882526636123657e-01,1.673855577109191302e+02,7.329801412529509008e+00,8.788321935064642787e+01,0.000000000000000000e+00,0.000000000000000000e+00,0.000000000000000000e+00,2.349355518817901611e-01,4.838955998420715332e-01,7.458407431840896606e-02,2.135882526636123657e-01,8.734527343750000000e+04,7.449929687500000000e+04,3.177409179687500000e+04,7.296716406250000000e+04,-7.037177359788000584e+07
3.266000000000000014e+00,-1.506127187259487243e+02,-6.541726049594549508e+00,-8.586735894786430379e+01,-1.652743945312500000e+04,1.854993820190429688e+01,2.158075683593750000e+03,2.902305722236633301e-01,7.120066136121749878e-02,3.875866830348968506e-01,3.223873078823089600e-01,1.506127187259487243e+02,6.541726049594549508e+00,8.586735894786430379e+01,0.000000000000000000e+00,0.000000000000000000e+00,0.000000000000000000e+00,2.902305722236633301e-01,7.120066136121749878e-02,3.875866830348968506e-01,3.223873078823089600e-01,8.719452343750000000e+04,7.461571093750000000e+04,3.168758203125000000e+04,7.299794531250000000e+04,-7.040187378643441200e+07
3.266999999999999904e+00,-1.339248266096759323e+02,-5.183811773137285250e+00,-8.415610777831798828e+01,-1.651108007812500000e+04,3.223172760009765625e+01,2.184843505859375000e+03,2.828195691108703613e-01,9.312529116868972778e-02,3.849411308765411377e-01,3.235746324062347412e-01,1.339248266096759323e+02,5.183811773137285250e+00,8.415610777831798828e+01,0.000000000000000000e+00,0.000000000000000000e+00,0.000000000000000000e+00,2.828195691108703613e-01,9.312529116868972778e-02,3.849411308765411377e-01,3.235746324062347412e-01,8.731207812500000000e+04,7.438539843750000000e+04,3.179559765625000000e+04,7.311442968750000000e+04,-7.042691876799774170e+07
3.267999999999999794e+00,-1.173605695421054378e+02,-3.400182053803541216e+00,-8.291745779158294738e+01,-1.646958007812500000e+04,3.562283325195312500e+01,2.176731445312500000e+03,2.739346027374267578e-01,1.181953549385070801e-01,3.763785064220428467e-01,3.211271166801452637e-01,1.173605695421054378e+02,3.400182053803541216e+00,8.291745779158294738e+01,0.000000000000000000e+00,0.000000000000000000e+00,0.000000000000000000e+00,2.739346027374267578e-01,1.181953549385070801e-01,3.763785064220428467e-01,3.211271166801452637e-01,8.742287500000000000e+04,7.416145312500000000e+04,3.190980859375000000e+04,7.322540625000000000e+04,-7.044757913732559979e+07
3.269000000000000128e+00,-1.008786782139652018e+02,-1.316527528166334671e+00,-8.223909659722285426e+01,-1.645196093750000000e+04,4.219106292724609375e+01,2.198249267578125000e+03,2.684874832630157471e-01,1.448570489883422852e-01,3.607766628265380859e-01,3.154272437095642090e-01,1.008786782139652018e+02,1.316527528166334671e+00,8.223909659722285426e+01,0.000000000000000000e+00,0.000000000000000000e+00,0.000000000000000000e+00,2.684874832630157471e-01,1.448570489883422852e-01,3.607766628265380859e-01,3.154272437095642090e-01,8.753982812500000000e+04,7.393314062500000000e+04,3.201890234375000000e+04,7.334217968750000000e+04,-7.046452064729765058e+07
3.270000000000000018e+00,-8.439209701273180997e+01,8.646252663885645173e-01,-8.219753034772868716e+01,-1.648443359375000000e+04,5.896477890014648438e+01,2.188298828125000000e+03,2.614936828613281250e-01,1.755724549293518066e-01,3.379056453704833984e-01,3.051243424415588379e-01,8.439209701273180997e+01,-8.646252663885645173e-01,8.219753034772868716e+01,0.000000000000000000e+00,0.000000000000000000e+00,0.000000000000000000e+00,2.614936828613281250e-01,1.755724549293518066e-01,3.379056453704833984e-01,3.051243424415588379e-01,8.762735156250000000e+04,7.371031250000000000e+04,3.213304492187500000e+04,7.345346093750000000e+04,-7.047839985490797460e+07
3.270999999999999908e+00,-6.784256671714376807e+01,2.978581557092981669e+00,-8.280896974968369761e+01,-1.652698632812500000e+04,8.637825012207031250e+01,2.206462890625000000e+03,2.560760974884033203e-01,2.094795703887939453e-01,3.071758449077606201e-01,2.899697721004486084e-01,6.784256671714376807e+01,-2.978581557092981669e+00,8.280896974968369761e+01,0.000000000000000000e+00,0.000000000000000000e+00,0.000000000000000000e+00,2.560760974884033203e-01,2.094795703887939453e-01,3.071758449077606201e-01,2.899697721004486084e-01,8.766903125000000000e+04,7.348170312500000000e+04,3.224283203125000000e+04,7.356842968750000000e+04,-7.048986866618584096e+07
3.271999999999999797e+00,-5.122710740330158075e+01,4.825780868924506528e+00,-8.402339404131703304e+01,-1.653075585937500000e+04,1.082231216430664062e+02,2.214111328125000000e+03,2.496840506792068481e-01,2.461106777191162109e-01,2.698909044265747070e-01,2.705613076686859131e-01,5.122710740330158075e+01,-4.825780868924506528e+00,8.402339404131703304e+01,0.000000000000000000e+00,0.000000000000000000e+00,0.000000000000000000e+00,2.496840506792068481e-01,2.461106777191162109e-01,2.698909044265747070e-01,2.705613076686859131e-01,8.766789843750000000e+04,7.347160937500000000e+04,3.235359375000000000e+04,7.368187500000000000e+04,-7.049957610162596405e+07
3.273000000000000131e+00,-3.457147041363808171e+01,6.249045531208781590e+00,-8.573474871092568605e+01,-1.648840625000000000e+04,1.174047241210937500e+02,2.224271240234375000e+03,2.463439255952835083e-01,2.814820408821105957e-01,2.284488528966903687e-01,2.497283369302749634e-01,3.457147041363808171e+01,-6.249045531208781590e+00,8.573474871092568605e+01,0.000000000000000000e+00,0.000000000000000000e+00,0.000000000000000000e+00,2.463439255952835083e-01,2.814820408821105957e-01,2.284488528966903687e-01,2.497283369302749634e-01,8.762230468750000000e+04,7.358270312500000000e+04,3.246481640625000000e+04,7.379630468750000000e+04,-7.050816078589910269e+07
3.274000000000000021e+00,-1.787611444932797156e+01,7.123885263814014657e+00,-8.779409872674175119e+01,-1.645347656250000000e+04,1.194973297119140625e+02,2.229018554687500000e+03,2.456370443105697632e-01,3.134177625179290771e-01,1.869384944438934326e-01,2.302442193031311035e-01,1.787611444932797156e+01,-7.123885263814014657e+00,8.779409872674175119e+01,0.000000000000000000e+00,0.000000000000000000e+00,0.000000000000000000e+00,2.456370443105697632e-01,3.134177625179290771e-01,1.869384944438934326e-01,2.302442193031311035e-01,8.755180468750000000e+04,7.369503125000000000e+04,3.257577343750000000e+04,7.391043750000000000e+04,-7.051623889487940073e+07
3.274999999999999911e+00,-1.127528529836816729e+00,7.361743127198631775e+00,-9.000862827414877643e+01,-1.646731250000000000e+04,1.285323333740234375e+02,2.213597412109375000e+03,2.464793920516967773e-01,3.414493799209594727e-01,1.488903760910034180e-01,2.135375887155532837e-01,1.127528529836816729e+00,-7.361743127198631775e+00,9.000862827414877643e+01,0.000000000000000000e+00,0.000000000000000000e+00,0.000000000000000000e+00,2.464793920516967773e-01,3.414493799209594727e-01,1.488903760910034180e-01,2.135375887155532837e-01,8.747510156250000000e+04,7.381024218750000000e+04,3.269137890625000000e+04,7.402001562500000000e+04,-7.052439591462564468e+07
3.275999999999999801e+00,1.566177770909967570e+01,6.935462224845788448e+00,-9.220720749296121710e+01,-1.651360156250000000e+04,1.473661346435546875e+02,2.225577636718750000e+03,2.483357489109039307e-01,3.666646778583526611e-01,1.163540557026863098e-01,1.993841975927352905e-01,-1.566177770909967570e+01,-6.935462224845788448e+00,9.220720749296121710e+01,0.000000000000000000e+00,0.000000000000000000e+00,0.000000000000000000e+00,2.483357489109039307e-01,3.666646778583526611e-01,1.163540557026863098e-01,1.993841975927352905e-01,8.741058593750000000e+04,7.391997656250000000e+04,3.280118359375000000e+04,7.403082031250000000e+04,-7.053319147565656900e+07
3.277000000000000135e+00,3.241871291956805123e+01,5.885794662860043047e+00,-9.417303622841799893e+01,-1.653534960937500000e+04,1.632507934570312500e+02,2.219374755859375000e+03,2.486147731542587280e-01,3.893362283706665039e-01,9.168759733438491821e-02,1.881539523601531982e-01,-3.241871291956805123e+01,-5.885794662860043047e+00,9.417303622841799893e+01,0.000000000000000000e+00,0.000000000000000000e+00,0.000000000000000000e+00,2.486147731542587280e-01,3.893362283706665039e-01,9.168759733438491821e-02,1.881539523601531982e-01,8.735797656250000000e+04,7.403360156250000000e+04,3.291537890625000000e+04,7.393280468750000000e+04,-7.054314565193521976e+07
3.278000000000000025e+00,4.906694960441900832e+01,4.297466601944366360e+00,-9.576888391855082716e+01,-1.650447070312500000e+04,1.664086914062500000e+02,2.248708496093750000e+03,2.520979046821594238e-01,4.098205268383026123e-01,7.428442686796188354e-02,1.795847713947296143e-01,-4.906694960441900832e+01,-4.297466601944366360e+00,9.576888391855082716e+01,0.000000000000000000e+00,0.000000000000000000e+00,0.000000000000000000e+00,2.520979046821594238e-01,4.098205268383026123e-01,7.428442686796188354e-02,1.795847713947296143e-01,8.731506250000000000e+04,7.414171875000000000e+04,3.293432421875000000e+04,7.375896875000000000e+04,-7.055474336482490599e+07
3.278999999999999915e+00,6.559115051403168195e+01,2.341844524659459026e+00,-9.683841134017067986e+01,-1.646018164062500000e+04,1.573407745361328125e+02,2.230228515625000000e+03,2.563545703887939453e-01,4.276172220706939697e-01,6.503457576036453247e-02,1.743162274360656738e-01,-6.559115051403168195e+01,-2.341844524659459026e+00,9.683841134017067986e+01,0.000000000000000000e+00,0.000000000000000000e+00,0.000000000000000000e+00,2.563545703887939453e-01,4.276172220706939697e-01,6.503457576036453247e-02,1.743162274360656738e-01,8.728962500000000000e+04,7.425778125000000000e+04,3.281764062500000000e+04,7.353077343750000000e+04,-7.056842872599732876e+07
3.279999999999999805e+00,8.205681039961594081e+01,1.510616087592292767e-01,-9.731581111363600201e+01,-1.645316992187500000e+04,1.524275665283203125e+02,2.244721435546875000e+03,2.657600641250610352e-01,4.440996348857879639e-01,6.151195615530014038e-02,1.709652841091156006e-01,-8.205681039961594081e+01,-1.510616087592292767e-01,9.731581111363600201e+01,0.000000000000000000e+00,0.000000000000000000e+00,0.000000000000000000e+00,2.657600641250610352e-01,4.440996348857879639e-01,6.151195615530014038e-02,1.709652841091156006e-01,8.730192968750000000e+04,7.436713281250000000e+04,3.262041210937500000e+04,7.330750781250000000e+04,-7.058463243604260683e+07
3.281000000000000139e+00,9.855475429041821656e+01,-2.070900503285167282e+00,-9.714834516097816675e+01,-1.649305859375000000e+04,1.561302337646484375e+02,2.230514892578125000e+03,2.708157300949096680e-01,4.584710001945495605e-01,6.330788135528564453e-02,1.701944619417190552e-01,-9.855475429041821656e+01,2.070900503285167282e+00,9.714834516097816675e+01,0.000000000000000000e+00,0.000000000000000000e+00,0.000000000000000000e+00,2.708157300949096680e-01,4.584710001945495605e-01,6.330788135528564453e-02,1.701944619417190552e-01,8.730795312500000000e+04,7.448189062500000000e+04,3.243265820312500000e+04,7.307975781250000000e+04,-7.060378756523226202e+07
3.282000000000000028e+00,1.151299572868657748e+02,-4.171561248147207301e+00,-9.633926771136550826e+01,-1.652902148437500000e+04,1.652022399902343750e+02,2.252413818359375000e+03,2.727591693401336670e-01,4.708433449268341064e-01,6.713011860847473145e-02,1.717710494995117188e-01,-1.151299572868657748e+02,4.171561248147207301e+00,9.633926771136550826e+01,0.000000000000000000e+00,0.000000000000000000e+00,0.000000000000000000e+00,2.727591693401336670e-01,4.708433449268341064e-01,6.713011860847473145e-02,1.717710494995117188e-01,8.742406250000000000e+04,7.459117187500000000e+04,3.222897656250000000e+04,7.285877343750000000e+04,-7.062634112872354686e+07
3.282999999999999918e+00,1.317760469451605445e+02,-5.957648469112466927e+00,-9.495645573259426442e+01,-1.652185546875000000e+04,1.653091278076171875e+02,2.257275390625000000e+03,2.664950489997863770e-01,4.797394275665283203e-01,7.155166566371917725e-02,1.765378117561340332e-01,-1.317760469451605445e+02,5.957648469112466927e+00,9.495645573259426442e+01,0.000000000000000000e+00,0.000000000000000000e+00,0.000000000000000000e+00,2.664950489997863770e-01,4.797394275665283203e-01,7.155166566371917725e-02,1.765378117561340332e-01,8.753319531250000000e+04,7.470346093750000000e+04,3.203229296875000000e+04,7.263516406250000000e+04,-7.065275827733261883e+07
3.283999999999999808e+00,1.484722170975775555e+02,-7.291737287315390503e+00,-9.310701032240635300e+01,-1.648062109375000000e+04,1.546346893310546875e+02,2.272961425781250000e+03,2.575453817844390869e-01,4.854670464992523193e-01,7.462311536073684692e-02,1.837881505489349365e-01,-1.484722170975775555e+02,7.291737287315390503e+00,9.310701032240635300e+01,0.000000000000000000e+00,0.000000000000000000e+00,0.000000000000000000e+00,2.575453817844390869e-01,4.854670464992523193e-01,7.462311536073684692e-02,1.837881505489349365e-01,8.761207031250000000e+04,7.481270312500000000e+04,3.190822070312500000e+04,7.241221093750000000e+04,-7.068352436138632894e+07
3.285000000000000142e+00,1.652211938157625752e+02,-8.055141814173838455e+00,-9.094691003903761839e+01,-1.645834375000000000e+04,1.403844299316406250e+02,2.276295898437500000e+03,2.455118298530578613e-01,4.883969724178314209e-01,7.599310576915740967e-02,1.922485828399658203e-01,-1.652211938157625752e+02,8.055141814173838455e+00,9.094691003903761839e+01,0.000000000000000000e+00,0.000000000000000000e+00,0.000000000000000000e+00,2.455118298530578613e-01,4.883969724178314209e-01,7.599310576915740967e-02,1.922485828399658203e-01,8.762210937500000000e+04,7.492443750000000000e+04,3.181369726562500000e+04,7.223532812500000000e+04,-7.071915863002753258e+07
3.286000000000000032e+00,-1.779731149158343442e+02,-8.172923969433673719e+00,-8.867291543873605519e+01,-1.648256445312500000e+04,1.334256134033203125e+02,2.258161865234375000e+03,2.328704148530960083e-01,4.897423684597015381e-01,7.531044632196426392e-02,1.999401897192001343e-01,1.779731149158343442e+02,8.172923969433673719e+00,8.867291543873605519e+01,0.000000000000000000e+00,0.000000000000000000e+00,0.000000000000000000e+00,2.328704148530960083e-01,4.897423684597015381e-01,7.531044632196426392e-02,1.999401897192001343e-01,8.754250000000000000e+04,7.504035937500000000e+04,3.173750585937500000e+04,7.212364843750000000e+04,-7.075876274227899313e+07
3.286999999999999922e+00,-1.611383934438281926e+02,-7.632057497798041545e+00,-8.645876668411331423e+01,-1.652812304687500000e+04,1.347385559082031250e+02,2.262662841796875000e+03,2.873049080371856689e-01,6.955386698246002197e-02,3.874021470546722412e-01,3.138785660266876221e-01,1.611383934438281926e+02,7.632057497798041545e+00,8.645876668411331423e+01,0.000000000000000000e+00,0.000000000000000000e+00,0.000000000000000000e+00,2.873049080371856689e-01,6.955386698246002197e-02,3.874021470546722412e-01,3.138785660266876221e-01,8.737604687500000000e+04,7.515272656250000000e+04,3.165242187500000000e+04,7.207726562500000000e+04,-7.079226169075883925e+07
3.287999999999999812e+00,-1.443496582158905426e+02,-6.474657431896829962e+00,-8.448458180162828057e+01,-1.654410351562500000e+04,1.319648895263671875e+02,2.279647949218750000e+03,2.781227231025695801e-01,8.926856517791748047e-02,3.881358206272125244e-01,3.175828158855438232e-01,1.443496582158905426e+02,6.474657431896829962e+00,8.448458180162828057e+01,0.000000000000000000e+00,0.000000000000000000e+00,0.000000000000000000e+00,2.781227231025695801e-01,8.926856517791748047e-02,3.881358206272125244e-01,3.175828158855438232e-01,8.749128125000000000e+04,7.492411718750000000e+04,3.176265429687500000e+04,7.219319531250000000e+04,-7.082027808033694327e+07
3.289000000000000146e+00,-1.276780311210091128e+02,-4.777715586998292352e+00,-8.289049954804937670e+01,-1.651305468750000000e+04,1.195256347656250000e+02,2.327942382812500000e+03,2.690156698226928711e-01,1.115338876843452454e-01,3.835241794586181641e-01,3.181519210338592529e-01,1.276780311210091128e+02,4.777715586998292352e+00,8.289049954804937670e+01,0.000000000000000000e+00,0.000000000000000000e+00,0.000000000000000000e+00,2.690156698226928711e-01,1.115338876843452454e-01,3.835241794586181641e-01,3.181519210338592529e-01,8.761199218750000000e+04,7.469071875000000000e+04,3.186637890625000000e+04,7.231327343750000000e+04,-7.084347342144943774e+07
3.290000000000000036e+00,-1.111320619452448426e+02,-2.725790338175964500e+00,-8.184598728018900715e+01,-1.647539843750000000e+04,9.972418212890625000e+01,2.307232910156250000e+03,2.596885561943054199e-01,1.363539099693298340e-01,3.724472224712371826e-01,3.153675198554992676e-01,1.111320619452448426e+02,2.725790338175964500e+00,8.184598728018900715e+01,0.000000000000000000e+00,0.000000000000000000e+00,0.000000000000000000e+00,2.596885561943054199e-01,1.363539099693298340e-01,3.724472224712371826e-01,3.153675198554992676e-01,8.769998437500000000e+04,7.446942968750000000e+04,3.198297656250000000e+04,7.242189843750000000e+04,-7.086252995220847428e+07
3.290999999999999925e+00,-9.464087988107286264e+01,-4.644202584024093028e-01,-8.141756030223390894e+01,-1.647704296875000000e+04,8.712297821044921875e+01,2.307871337890625000e+03,2.554922103881835938e-01,1.622171401977539062e-01,3.540635406970977783e-01,3.093278110027313232e-01,9.464087988107286264e+01,4.644202584024093028e-01,8.141756030223390894e+01,0.000000000000000000e+00,0.000000000000000000e+00,0.000000000000000000e+00,2.554922103881835938e-01,1.622171401977539062e-01,3.540635406970977783e-01,3.093278110027313232e-01,8.772399218750000000e+04,7.424482812500000000e+04,3.209488281250000000e+04,7.253440625000000000e+04,-7.087811588316488266e+07
3.291999999999999815e+00,-7.811605152373056171e+01,1.817004163575898223e+00,-8.164908499517297003e+01,-1.651988281250000000e+04,8.725498962402343750e+01,2.299445312500000000e+03,2.500334084033966064e-01,1.920588612556457520e-01,3.282545208930969238e-01,2.985842823982238770e-01,7.811605152373056171e+01,-1.817004163575898223e+00,8.164908499517297003e+01,0.000000000000000000e+00,0.000000000000000000e+00,0.000000000000000000e+00,2.500334084033966064e-01,1.920588612556457520e-01,3.282545208930969238e-01,2.985842823982238770e-01,8.771491406250000000e+04,7.402058593750000000e+04,3.220944140625000000e+04,7.264626562500000000e+04,-7.089088787525522709e+07
3.293000000000000149e+00,-6.151828238902028545e+01,3.984996201968492802e+00,-8.254416086512935635e+01,-1.655015429687500000e+04,9.142390441894531250e+01,2.351437255859375000e+03,2.450525462627410889e-01,2.251164317131042480e-01,2.949460148811340332e-01,2.830426096916198730e-01,6.151828238902028545e+01,-3.984996201968492802e+00,8.254416086512935635e+01,0.000000000000000000e+00,0.000000000000000000e+00,0.000000000000000000e+00,2.450525462627410889e-01,2.251164317131042480e-01,2.949460148811340332e-01,2.830426096916198730e-01,8.767810156250000000e+04,7.385947656250000000e+04,3.231311523437500000e+04,7.276782812500000000e+04,-7.090150179301097989e+07
3.294000000000000039e+00,-4.485618898242562125e+01,5.807271886569188801e+00,-8.402063306904086915e+01,-1.653374804687500000e+04,8.624742126464843750e+01,2.348486572265625000e+03,2.380849868059158325e-01,2.595975697040557861e-01,2.563662230968475342e-01,2.645287513732910156e-01,4.485618898242562125e+01,-5.807271886569188801e+00,8.402063306904086915e+01,0.000000000000000000e+00,0.000000000000000000e+00,0.000000000000000000e+00,2.380849868059158325e-01,2.595975697040557861e-01,2.563662230968475342e-01,2.645287513732910156e-01,8.759570312500000000e+04,7.395903125000000000e+04,3.242657617187500000e+04,7.287928125000000000e+04,-7.091060706188909709e+07
3.294999999999999929e+00,-2.814993217240312973e+01,7.137510853431059843e+00,-8.594579220933127317e+01,-1.648693554687500000e+04,6.899579620361328125e+01,2.336955810546875000e+03,2.370301932096481323e-01,2.914983034133911133e-01,2.143917381763458252e-01,2.454275488853454590e-01,2.814993217240312973e+01,-7.137510853431059843e+00,8.594579220933127317e+01,0.000000000000000000e+00,0.000000000000000000e+00,0.000000000000000000e+00,2.370301932096481323e-01,2.914983034133911133e-01,2.143917381763458252e-01,2.454275488853454590e-01,8.746451562500000000e+04,7.407411718750000000e+04,3.254113085937500000e+04,7.298950781250000000e+04,-7.091883710383008420e+07
3.295999999999999819e+00,-1.138979387037390545e+01,7.868013762921465926e+00,-8.814980892551467662e+01,-1.647009179687500000e+04,5.193292999267578125e+01,2.311371093750000000e+03,2.387467473745346069e-01,3.198538720607757568e-01,1.734885424375534058e-01,2.283353656530380249e-01,1.138979387037390545e+01,-7.868013762921465926e+00,8.814980892551467662e+01,0.000000000000000000e+00,0.000000000000000000e+00,0.000000000000000000e+00,2.387467473745346069e-01,3.198538720607757568e-01,1.734885424375534058e-01,2.283353656530380249e-01,8.732501562500000000e+04,7.419076562500000000e+04,3.265792578125000000e+04,7.309786718750000000e+04,-7.092679912568867207e+07
3.297000000000000153e+00,5.434935142752602921e+00,7.944205403320941272e+00,-9.048842349732984758e+01,-1.650075781250000000e+04,4.439358139038085938e+01,2.325246093750000000e+03,2.417016625404357910e-01,3.451369702816009521e-01,1.367145478725433350e-01,2.138875424861907959e-01,-5.434935142752602921e+00,-7.944205403320941272e+00,9.048842349732984758e+01,0.000000000000000000e+00,0.000000000000000000e+00,0.000000000000000000e+00,2.417016625404357910e-01,3.451369702816009521e-01,1.367145478725433350e-01,2.138875424861907959e-01,8.720890625000000000e+04,7.430028125000000000e+04,3.276842968750000000e+04,7.321356250000000000e+04,-7.093507992939519882e+07
3.298000000000000043e+00,2.228477774534620082e+01,7.342746518041860071e+00,-9.276630148066986692e+01,-1.654452929687500000e+04,4.320619964599609375e+01,2.344106689453125000e+03,2.419060319662094116e-01,3.676266372203826904e-01,1.072150915861129761e-01,2.026643455028533936e-01,-2.228477774534620082e+01,-7.342746518041860071e+00,9.276630148066986692e+01,0.000000000000000000e+00,0.000000000000000000e+00,0.000000000000000000e+00,2.419060319662094116e-01,3.676266372203826904e-01,1.072150915861129761e-01,2.026643455028533936e-01,8.711689843750000000e+04,7.440986718750000000e+04,3.287726953125000000e+04,7.324745312500000000e+04,-7.094423604333119094e+07
3.298999999999999932e+00,3.906683996915435841e+01,6.132202183833951104e+00,-9.475109048918044152e+01,-1.654691992187500000e+04,3.554183197021484375e+01,2.320894287109375000e+03,2.422838509082794189e-01,3.878282606601715088e-01,8.515035361051559448e-02,1.942951679229736328e-01,-3.906683996915435841e+01,-6.132202183833951104e+00,9.475109048918044152e+01,0.000000000000000000e+00,0.000000000000000000e+00,0.000000000000000000e+00,2.422838509082794189e-01,3.878282606601715088e-01,8.515035361051559448e-02,1.942951679229736328e-01,8.702206250000000000e+04,7.452684375000000000e+04,3.299407812500000000e+04,7.318924218750000000e+04,-7.095477763436888158e+07
3.299999999999999822e+00,5.571850779375768070e+01,4.424321944908051307e+00,-9.630676451830379392e+01,-1.650630468750000000e+04,1.598827362060546875e+01,2.313650146484375000e+03,2.477530986070632935e-01,4.063477814197540283e-01,6.981988251209259033e-02,1.883184909820556641e-01,-5.571850779375768070e+01,-4.424321944908051307e+00,9.630676451830379392e+01,0.000000000000000000e+00,0.000000000000000000e+00,0.000000000000000000e+00,2.477530986070632935e-01,4.063477814197540283e-01,6.981988251209259033e-02,1.883184909820556641e-01,8.693475000000000000e+04,7.464070312500000000e+04,3.296292187500000000e+04,7.307231250000000000e+04,-7.096717675399629772e+07
3.301000000000000156e+00,7.225448481741710793e+01,2.369199432368216396e+00,-9.732157314792314651e+01,-1.647364453125000000e+04,-9.160074234008789062e+00,2.299102539062500000e+03,2.550978958606719971e-01,4.227589964866638184e-01,6.216941773891448975e-02,1.851697266101837158e-01,-7.225448481741710793e+01,-2.369199432368216396e+00,9.732157314792314651e+01,0.000000000000000000e+00,0.000000000000000000e+00,0.000000000000000000e+00,2.550978958606719971e-01,4.227589964866638184e-01,6.216941773891448975e-02,1.851697266101837158e-01,8.688770312500000000e+04,7.475486718750000000e+04,3.280770312500000000e+04,7.291239843750000000e+04,-7.098187456627845764e+07
3.302000000000000046e+00,8.875262424757117685e+01,8.437120091834973690e-02,-9.773109968924887880e+01,-1.648711328125000000e+04,-2.697655677795410156e+01,2.329093750000000000e+03,2.639165222644805908e-01,4.378206729888916016e-01,6.077046692371368408e-02,1.840105652809143066e-01,-8.875262424757117685e+01,-8.437120091834973690e-02,9.773109968924887880e+01,0.000000000000000000e+00,0.000000000000000000e+00,0.000000000000000000e+00,2.639165222644805908e-01,4.378206729888916016e-01,6.077046692371368408e-02,1.840105652809143066e-01,8.690282031250000000e+04,7.486253906250000000e+04,3.258338476562500000e+04,7.273977343750000000e+04,-7.099929296955426037e+07
3.302999999999999936e+00,1.052936954363093349e+02,-2.196310925623796706e+00,-9.748558665307527349e+01,-1.653434179687500000e+04,-3.533816528320312500e+01,2.301562744140625000e+03,2.667347490787506104e-01,4.508310258388519287e-01,6.454217433929443359e-02,1.854769736528396606e-01,-1.052936954363093349e+02,2.196310925623796706e+00,9.748558665307527349e+01,0.000000000000000000e+00,0.000000000000000000e+00,0.000000000000000000e+00,2.667347490787506104e-01,4.508310258388519287e-01,6.454217433929443359e-02,1.854769736528396606e-01,8.697009375000000000e+04,7.498019531250000000e+04,3.236350585937500000e+04,7.255167968750000000e+04,-7.101989799523967505e+07
3.303999999999999826e+00,1.219032286969046623e+02,-4.312869874495471656e+00,-9.660361419368564384e+01,-1.655723437500000000e+04,-4.047180557250976562e+01,2.300044677734375000e+03,2.684374451637268066e-01,4.624338746070861816e-01,6.956174969673156738e-02,1.886879205703735352e-01,-1.219032286969046623e+02,4.312869874495471656e+00,9.660361419368564384e+01,0.000000000000000000e+00,0.000000000000000000e+00,0.000000000000000000e+00,2.684374451637268066e-01,4.624338746070861816e-01,6.956174969673156738e-02,1.886879205703735352e-01,8.706138281250000000e+04,7.509317968750000000e+04,3.217520898437500000e+04,7.238360937500000000e+04,-7.104410925152824819e+07
3.305000000000000160e+00,1.385699931882868441e+02,-6.089009770159387713e+00,-9.516598017642309060e+01,-1.653424023437500000e+04,-5.442600631713867188e+01,2.288583984375000000e+03,2.629666328430175781e-01,4.706954658031463623e-01,7.463112473487854004e-02,1.947972327470779419e-01,-1.385699931882868441e+02,6.089009770159387713e+00,9.516598017642309060e+01,0.000000000000000000e+00,0.000000000000000000e+00,0.000000000000000000e+00,2.629666328430175781e-01,4.706954658031463623e-01,7.463112473487854004e-02,1.947972327470779419e-01,8.715955468750000000e+04,7.520681250000000000e+04,3.203581640625000000e+04,7.224259375000000000e+04,-7.107240453436337411e+07
3.306000000000000050e+00,1.552872807269565953e+02,-7.405768770184346650e+00,-9.326931449386408701e+01,-1.649219921875000000e+04,-7.576488494873046875e+01,2.304828857421875000e+03,2.544902265071868896e-01,4.757845401763916016e-01,7.825428247451782227e-02,2.031106203794479370e-01,-1.552872807269565953e+02,7.405768770184346650e+00,9.326931449386408701e+01,0.000000000000000000e+00,0.000000000000000000e+00,0.000000000000000000e+00,2.544902265071868896e-01,4.757845401763916016e-01,7.825428247451782227e-02,2.031106203794479370e-01,8.722236718750000000e+04,7.531677343750000000e+04,3.193692773437500000e+04,7.215667187500000000e+04,-7.110527268435618281e+07
3.306999999999999940e+00,1.720733283334934072e+02,-8.138275214797225487e+00,-9.108458152874810310e+01,-1.648837304687500000e+04,-9.496663665771484375e+01,2.291168945312500000e+03,2.418479621410369873e-01,4.782074689865112305e-01,8.023164421319961548e-02,2.121656686067581177e-01,-1.720733283334934072e+02,8.138275214797225487e+00,9.108458152874810310e+01,0.000000000000000000e+00,0.000000000000000000e+00,0.000000000000000000e+00,2.418479621410369873e-01,4.782074689865112305e-01,8.023164421319961548e-02,2.121656686067581177e-01,8.721683593750000000e+04,7.543214062500000000e+04,3.187564453125000000e+04,7.213007812500000000e+04,-7.114324454719568789e+07
3.307999999999999829e+00,-1.710690899485983607e+02,-8.220591348539359799e+00,-8.879809539920520933e+01,-1.653008007812500000e+04,-1.024903945922851562e+02,2.270288818359375000e+03,2.297278791666030884e-01,4.794628918170928955e-01,8.007441461086273193e-02,2.198615819215774536e-01,1.710690899485983607e+02,8.220591348539359799e+00,8.879809539920520933e+01,0.000000000000000000e+00,0.000000000000000000e+00,0.000000000000000000e+00,2.297278791666030884e-01,4.794628918170928955e-01,8.007441461086273193e-02,2.198615819215774536e-01,8.711985156250000000e+04,7.554825000000000000e+04,3.183343359375000000e+04,7.216964843750000000e+04,-7.118046186060017347e+07
3.309000000000000163e+00,-1.541890880895077771e+02,-7.643195276580034836e+00,-8.658572184145437234e+01,-1.657250390625000000e+04,-1.035675659179687500e+02,2.271544677734375000e+03,2.874021530151367188e-01,6.019648537039756775e-02,3.921770751476287842e-01,3.292918205261230469e-01,1.541890880895077771e+02,7.643195276580034836e+00,8.658572184145437234e+01,0.000000000000000000e+00,0.000000000000000000e+00,0.000000000000000000e+00,2.874021530151367188e-01,6.019648537039756775e-02,3.921770751476287842e-01,3.292918205261230469e-01,8.693976562500000000e+04,7.565981250000000000e+04,3.178682617187500000e+04,7.226925000000000000e+04,-7.121179164114688337e+07
3.310000000000000053e+00,-1.373808452979218373e+02,-6.465437927943252561e+00,-8.464111569354619746e+01,-1.656723828125000000e+04,-1.117517852783203125e+02,2.265990966796875000e+03,2.785855829715728760e-01,7.950091361999511719e-02,3.919714689254760742e-01,3.335824906826019287e-01,1.373808452979218373e+02,6.465437927943252561e+00,8.464111569354619746e+01,0.000000000000000000e+00,0.000000000000000000e+00,0.000000000000000000e+00,2.785855829715728760e-01,7.950091361999511719e-02,3.919714689254760742e-01,3.335824906826019287e-01,8.705124218750000000e+04,7.543584375000000000e+04,3.190059375000000000e+04,7.238079687500000000e+04,-7.123787105815510452e+07
3.310999999999999943e+00,-1.207040186361005425e+02,-4.783275162886035048e+00,-8.310551754755810805e+01,-1.652414062500000000e+04,-1.278908843994140625e+02,2.276958251953125000e+03,2.713814973831176758e-01,1.008028313517570496e-01,3.861390650272369385e-01,3.349982500076293945e-01,1.207040186361005425e+02,4.783275162886035048e+00,8.310551754755810805e+01,0.000000000000000000e+00,0.000000000000000000e+00,0.000000000000000000e+00,2.713814973831176758e-01,1.008028313517570496e-01,3.861390650272369385e-01,3.349982500076293945e-01,8.716575781250000000e+04,7.520952343750000000e+04,3.201073828125000000e+04,7.249593750000000000e+04,-7.125936992503814399e+07
3.311999999999999833e+00,-1.041347831483932111e+02,-2.758667015361641717e+00,-8.211310378875580795e+01,-1.650182617187500000e+04,-1.438293457031250000e+02,2.257020507812500000e+03,2.645971179008483887e-01,1.246737241744995117e-01,3.737928569316864014e-01,3.330173194408416748e-01,1.041347831483932111e+02,2.758667015361641717e+00,8.211310378875580795e+01,0.000000000000000000e+00,0.000000000000000000e+00,0.000000000000000000e+00,2.645971179008483887e-01,1.246737241744995117e-01,3.737928569316864014e-01,3.330173194408416748e-01,8.727467187500000000e+04,7.498765625000000000e+04,3.212698632812500000e+04,7.260539843750000000e+04,-7.127696415015703440e+07
3.313000000000000167e+00,-8.759253031372249154e+01,-5.181231478305006188e-01,-8.173523394360279326e+01,-1.652927343750000000e+04,-1.473738250732421875e+02,2.275285644531250000e+03,2.600779831409454346e-01,1.512521207332611084e-01,3.542226850986480713e-01,3.271470069885253906e-01,8.759253031372249154e+01,5.181231478305006188e-01,8.173523394360279326e+01,0.000000000000000000e+00,0.000000000000000000e+00,0.000000000000000000e+00,2.600779831409454346e-01,1.512521207332611084e-01,3.542226850986480713e-01,3.271470069885253906e-01,8.734670312500000000e+04,7.475880468750000000e+04,3.223567578125000000e+04,7.272039062500000000e+04,-7.129131751844321191e+07
3.314000000000000057e+00,-7.101069840694975710e+01,1.712985998970477208e+00,-8.201449629237241368e+01,-1.657679296875000000e+04,-1.402573547363281250e+02,2.252011962890625000e+03,2.529186308383941650e-01,1.827684342861175537e-01,3.271512389183044434e-01,3.160651624202728271e-01,7.101069840694975710e+01,-1.712985998970477208e+00,8.201449629237241368e+01,0.000000000000000000e+00,0.000000000000000000e+00,0.000000000000000000e+00,2.529186308383941650e-01,1.827684342861175537e-01,3.271512389183044434e-01,3.160651624202728271e-01,8.737682812500000000e+04,7.453779687500000000e+04,3.235259570312500000e+04,7.282868750000000000e+04,-7.130308934965458512e+07
3.314999999999999947e+00,-5.437694132655789048e+01,3.770796928820413285e+00,-8.292852019849162559e+01,-1.658789257812500000e+04,-1.331680908203125000e+02,2.255186523437500000e+03,2.487962394952774048e-01,2.168515920639038086e-01,2.921818196773529053e-01,3.003045320510864258e-01,5.437694132655789048e+01,-3.770796928820413285e+00,8.292852019849162559e+01,0.000000000000000000e+00,0.000000000000000000e+00,0.000000000000000000e+00,2.487962394952774048e-01,2.168515920639038086e-01,2.921818196773529053e-01,3.003045320510864258e-01,8.736063281250000000e+04,7.431276562500000000e+04,3.246381445312500000e+04,7.294187500000000000e+04,-7.131293755977441370e+07
3.315999999999999837e+00,-3.770382527083386037e+01,5.474369192205560175e+00,-8.439082182681487154e+01,-1.655313281250000000e+04,-1.337162017822265625e+02,2.245812011718750000e+03,2.452245056629180908e-01,2.516552805900573730e-01,2.518556714057922363e-01,2.818293273448944092e-01,3.770382527083386037e+01,-5.474369192205560175e+00,8.439082182681487154e+01,0.000000000000000000e+00,0.000000000000000000e+00,0.000000000000000000e+00,2.452245056629180908e-01,2.516552805900573730e-01,2.518556714057922363e-01,2.818293273448944092e-01,8.734132812500000000e+04,7.408928125000000000e+04,3.257854296875000000e+04,7.305369531250000000e+04,-7.132151091774111986e+07
3.317000000000000171e+00,-2.098320299574746173e+01,6.697528477076389208e+00,-8.629344757687539413e+01,-1.651675000000000000e+04,-1.394749603271484375e+02,2.256348632812500000e+03,2.450672686100006104e-01,2.841922640800476074e-01,2.092313766479492188e-01,2.630732953548431396e-01,2.098320299574746173e+01,-6.697528477076389208e+00,8.629344757687539413e+01,0.000000000000000000e+00,0.000000000000000000e+00,0.000000000000000000e+00,2.450672686100006104e-01,2.841922640800476074e-01,2.092313766479492188e-01,2.630732953548431396e-01,8.727149218750000000e+04,7.419925781250000000e+04,3.268884375000000000e+04,7.316782031250000000e+04,-7.132944262853148580e+07
3.318000000000000060e+00,-4.192664799345563686e+00,7.319106305750902486e+00,-8.845682233414710538e+01,-1.652444531250000000e+04,-1.390856933593750000e+02,2.238809570312500000e+03,2.451991438865661621e-01,3.133700788021087646e-01,1.689216792583465576e-01,2.461689710617065430e-01,4.192664799345563686e+00,-7.319106305750902486e+00,8.845682233414710538e+01,0.000000000000000000e+00,0.000000000000000000e+00,0.000000000000000000e+00,2.451991438865661621e-01,3.133700788021087646e-01,1.689216792583465576e-01,2.461689710617065430e-01,8.719739062500000000e+04,7.431482031250000000e+04,3.280489843750000000e+04,7.327688281250000000e+04,-7.133733838570417464e+07
3.318999999999999950e+00,1.266002590157485663e+01,7.285883963764797855e+00,-9.067658612571544552e+01,-1.656846679687500000e+04,-1.298674011230468750e+02,2.205880859375000000e+03,2.470677047967910767e-01,3.396842479705810547e-01,1.329650431871414185e-01,2.312734425067901611e-01,-1.266002590157485663e+01,-7.285883963764797855e+00,9.067658612571544552e+01,0.000000000000000000e+00,0.000000000000000000e+00,0.000000000000000000e+00,2.470677047967910767e-01,3.396842479705810547e-01,1.329650431871414185e-01,2.312734425067901611e-01,8.712310156250000000e+04,7.443335156250000000e+04,3.292285546875000000e+04,7.338368750000000000e+04,-7.134577398933655024e+07
3.319999999999999840e+00,2.951404510059713360e+01,6.604743466352818615e+00,-9.277867134123373205e+01,-1.659776757812500000e+04,-1.157023391723632812e+02,2.199659423828125000e+03,2.499326914548873901e-01,3.635982871055603027e-01,1.035527959465980530e-01,2.188440859317779541e-01,-2.951404510059713360e+01,-6.604743466352818615e+00,9.277867134123373205e+01,0.000000000000000000e+00,0.000000000000000000e+00,0.000000000000000000e+00,2.499326914548873901e-01,3.635982871055603027e-01,1.035527959465980530e-01,2.188440859317779541e-01,8.705444531250000000e+04,7.454725781250000000e+04,3.303665234375000000e+04,7.349575781250000000e+04,-7.135529657268685102e+07
3.321000000000000174e+00,4.628451589306636293e+01,5.343542947944416532e+00,-9.458846204461423213e+01,-1.658004882812500000e+04,-1.109613342285156250e+02,2.202700683593750000e+03,2.525053024291992188e-01,3.851331174373626709e-01,8.238939940929412842e-02,2.092143297195434570e-01,-4.628451589306636293e+01,-5.343542947944416532e+00,9.458846204461423213e+01,0.000000000000000000e+00,0.000000000000000000e+00,0.000000000000000000e+00,2.525053024291992188e-01,3.851331174373626709e-01,8.238939940929412842e-02,2.092143297195434570e-01,8.700267187500000000e+04,7.465845312500000000e+04,3.314891406250000000e+04,7.360930468750000000e+04,-7.136641435970151424e+07
3.322000000000000064e+00,6.293094080731715678e+01,3.606927715462308282e+00,-9.596696683831443409e+01,-1.653678515625000000e+04,-1.150298156738281250e+02,2.219312744140625000e+03,2.572669684886932373e-01,4.042015075683593750e-01,6.919762492179870605e-02,2.025184631347656250e-01,-6.293094080731715678e+01,-3.606927715462308282e+00,9.596696683831443409e+01,0.000000000000000000e+00,0.000000000000000000e+00,0.000000000000000000e+00,2.572669684886932373e-01,4.042015075683593750e-01,6.919762492179870605e-02,2.025184631347656250e-01,8.697539843750000000e+04,7.476821875000000000e+04,3.325826562500000000e+04,7.366984375000000000e+04,-7.137959733166410029e+07
3.322999999999999954e+00,7.949246553710571561e+01,1.597025647265755577e+00,-9.677798282294131127e+01,-1.652273046875000000e+04,-1.201406250000000000e+02,2.171239257812500000e+03,2.634272575378417969e-01,4.213190972805023193e-01,6.348000466823577881e-02,1.982447355985641479e-01,-7.949246553710571561e+01,-1.597025647265755577e+00,9.677798282294131127e+01,0.000000000000000000e+00,0.000000000000000000e+00,0.000000000000000000e+00,2.634272575378417969e-01,4.213190972805023193e-01,6.348000466823577881e-02,1.982447355985641479e-01,8.695598437500000000e+04,7.488921875000000000e+04,3.320605078125000000e+04,7.364676562500000000e+04,-7.139528491219146550e+07
3.323999999999999844e+00,9.605109097918858652e+01,-5.505530058566489027e-01,-9.697474243856638054e+01,-1.655487109375000000e+04,-1.135124359130859375e+02,2.161117675781250000e+03,2.739704847335815430e-01,4.377452433109283447e-01,6.262512505054473877e-02,1.950756758451461792e-01,-9.605109097918858652e+01,5.505530058566489027e-01,9.697474243856638054e+01,0.000000000000000000e+00,0.000000000000000000e+00,0.000000000000000000e+00,2.739704847335815430e-01,4.377452433109283447e-01,6.262512505054473877e-02,1.950756758451461792e-01,8.697855468750000000e+04,7.500385937500000000e+04,3.303778125000000000e+04,7.358093750000000000e+04,-7.141391512804940343e+07
3.325000000000000178e+00,1.126641942847118401e+02,-2.658098532396381941e+00,-9.653633235955726377e+01,-1.659888085937500000e+04,-9.838246917724609375e+01,2.157924804687500000e+03,2.776016294956207275e-01,4.519945383071899414e-01,6.592069566249847412e-02,1.944158226251602173e-01,-1.126641942847118401e+02,2.658098532396381941e+00,9.653633235955726377e+01,0.000000000000000000e+00,0.000000000000000000e+00,0.000000000000000000e+00,2.776016294956207275e-01,4.519945383071899414e-01,6.592069566249847412e-02,1.944158226251602173e-01,8.704456250000000000e+04,7.511610937500000000e+04,3.282576171875000000e+04,7.348635156250000000e+04,-7.143593467767646909e+07
3.326000000000000068e+00,1.293334163148710445e+02,-4.574978337493795344e+00,-9.548384519311780139e+01,-1.660080664062500000e+04,-8.709416961669921875e+01,2.191720703125000000e+03,2.750492990016937256e-01,4.634695649147033691e-01,7.045286893844604492e-02,1.964925378561019897e-01,-1.293334163148710445e+02,4.574978337493795344e+00,9.548384519311780139e+01,0.000000000000000000e+00,0.000000000000000000e+00,0.000000000000000000e+00,2.750492990016937256e-01,4.634695649147033691e-01,7.045286893844604492e-02,1.964925378561019897e-01,8.716353906250000000e+04,7.522300000000000000e+04,3.260415039062500000e+04,7.337513281250000000e+04,-7.146179990537180007e+07
3.326999999999999957e+00,1.460407851813012883e+02,-6.092731946461083403e+00,-9.393706399370651638e+01,-1.656158984375000000e+04,-8.579165649414062500e+01,2.168095214843750000e+03,2.652773857116699219e-01,4.712443053722381592e-01,7.471149414777755737e-02,2.016492187976837158e-01,-1.460407851813012883e+02,6.092731946461083403e+00,9.393706399370651638e+01,0.000000000000000000e+00,0.000000000000000000e+00,0.000000000000000000e+00,2.652773857116699219e-01,4.712443053722381592e-01,7.471149414777755737e-02,2.016492187976837158e-01,8.727154687500000000e+04,7.533994531250000000e+04,3.242633593750000000e+04,7.325173437500000000e+04,-7.149198910968250036e+07
3.327999999999999847e+00,1.627910975350637557e+02,-7.093717513316597945e+00,-9.203710617684303941e+01,-1.653022265625000000e+04,-8.801627349853515625e+01,2.141994628906250000e+03,2.565855979919433594e-01,4.763151705265045166e-01,7.702062278985977173e-02,2.083073556423187256e-01,-1.627910975350637557e+02,7.093717513316597945e+00,9.203710617684303941e+01,0.000000000000000000e+00,0.000000000000000000e+00,0.000000000000000000e+00,2.565855979919433594e-01,4.763151705265045166e-01,7.702062278985977173e-02,2.083073556423187256e-01,8.734092968750000000e+04,7.545720312500000000e+04,3.232562109375000000e+04,7.318567968750000000e+04,-7.152701120086073875e+07
3.329000000000000181e+00,1.796110013350864563e+02,-7.499295143038743561e+00,-8.992269982236338421e+01,-1.654941601562500000e+04,-8.022001647949218750e+01,2.142077880859375000e+03,2.460549026727676392e-01,4.792413711547851562e-01,7.759784907102584839e-02,2.149770855903625488e-01,-1.796110013350864563e+02,7.499295143038743561e+00,8.992269982236338421e+01,0.000000000000000000e+00,0.000000000000000000e+00,0.000000000000000000e+00,2.460549026727676392e-01,4.792413711547851562e-01,7.759784907102584839e-02,2.149770855903625488e-01,8.734996875000000000e+04,7.556889843750000000e+04,3.224297460937500000e+04,7.317630468750000000e+04,-7.156741364403231442e+07
3.330000000000000071e+00,-1.635129347836638942e+02,-7.261925315765441979e+00,-8.777079177475796712e+01,-1.659765625000000000e+04,-6.403594207763671875e+01,2.153818115234375000e+03,2.328033447265625000e-01,4.812944531440734863e-01,7.616783678531646729e-02,2.194147408008575439e-01,1.635129347836638942e+02,7.261925315765441979e+00,8.777079177475796712e+01,0.000000000000000000e+00,0.000000000000000000e+00,0.000000000000000000e+00,2.328033447265625000e-01,4.812944531440734863e-01,7.616783678531646729e-02,2.194147408008575439e-01,8.728558593750000000e+04,7.567955468750000000e+04,3.216461328125000000e+04,7.321853906250000000e+04,-7.160190657132193446e+07
3.330999999999999961e+00,-1.466551779210700772e+02,-6.399598179460443070e+00,-8.578805512326621852e+01,-1.661995507812500000e+04,-4.755758666992187500e+01,2.156249511718750000e+03,2.894441485404968262e-01,7.109200954437255859e-02,3.893745243549346924e-01,3.272805809974670410e-01,1.466551779210700772e+02,6.399598179460443070e+00,8.578805512326621852e+01,0.000000000000000000e+00,0.000000000000000000e+00,0.000000000000000000e+00,2.894441485404968262e-01,7.109200954437255859e-02,3.893745243549346924e-01,3.272805809974670410e-01,8.712446875000000000e+04,7.579221875000000000e+04,3.207794921875000000e+04,7.329013281250000000e+04,-7.163081485779169202e+07
3.331999999999999851e+00,-1.298996732448394198e+02,-5.017924248900342832e+00,-8.416717652772783254e+01,-1.659235546875000000e+04,-4.238142776489257812e+01,2.130731689453125000e+03,2.809278368949890137e-01,9.340588003396987915e-02,3.858636915683746338e-01,3.282656669616699219e-01,1.298996732448394198e+02,5.017924248900342832e+00,8.416717652772783254e+01,0.000000000000000000e+00,0.000000000000000000e+00,0.000000000000000000e+00,2.809278368949890137e-01,9.340588003396987915e-02,3.858636915683746338e-01,3.282656669616699219e-01,8.723255468750000000e+04,7.557150781250000000e+04,3.219494335937500000e+04,7.339803906250000000e+04,-7.165479807606922090e+07
3.333000000000000185e+00,-1.132633037571681029e+02,-3.212302314392089908e+00,-8.300522688316257813e+01,-1.655103320312500000e+04,-4.190166854858398438e+01,2.152606933593750000e+03,2.756425738334655762e-01,1.172108203172683716e-01,3.760015070438385010e-01,3.263301551342010498e-01,1.132633037571681029e+02,3.212302314392089908e+00,8.300522688316257813e+01,0.000000000000000000e+00,0.000000000000000000e+00,0.000000000000000000e+00,2.756425738334655762e-01,1.172108203172683716e-01,3.760015070438385010e-01,3.263301551342010498e-01,8.734907031250000000e+04,7.534197656250000000e+04,3.230358007812500000e+04,7.351435156250000000e+04,-7.167452683862330019e+07
3.334000000000000075e+00,-9.669051445025785085e+01,-1.149767982205866179e+00,-8.241498202139135287e+01,-1.654839843750000000e+04,-3.692886734008789062e+01,2.152365234375000000e+03,2.684756517410278320e-01,1.446891129016876221e-01,3.594485819339752197e-01,3.203622698783874512e-01,9.669051445025785085e+01,1.149767982205866179e+00,8.241498202139135287e+01,0.000000000000000000e+00,0.000000000000000000e+00,0.000000000000000000e+00,2.684756517410278320e-01,1.446891129016876221e-01,3.594485819339752197e-01,3.203622698783874512e-01,8.746122656250000000e+04,7.511710156250000000e+04,3.241648242187500000e+04,7.362768750000000000e+04,-7.169066944543595612e+07
3.334999999999999964e+00,-8.010024868299372258e+01,1.009609339772249204e+00,-8.245568572414190101e+01,-1.658834765625000000e+04,-1.984087944030761719e+01,2.167233154296875000e+03,2.625773549079895020e-01,1.754850745201110840e-01,3.352907299995422363e-01,3.099585771560668945e-01,8.010024868299372258e+01,-1.009609339772249204e+00,8.245568572414190101e+01,0.000000000000000000e+00,0.000000000000000000e+00,0.000000000000000000e+00,2.625773549079895020e-01,1.754850745201110840e-01,3.352907299995422363e-01,3.099585771560668945e-01,8.755592968750000000e+04,7.489010156250000000e+04,3.252586718750000000e+04,7.374241406250000000e+04,-7.170388545469428599e+07
3.335999999999999854e+00,-6.344935378244148438e+01,3.037824321012323470e+00,-8.312845231025251280e+01,-1.662520507812500000e+04,4.339544773101806641e+00,2.144251464843750000e+03,2.555577158927917480e-01,2.103491723537445068e-01,3.035915195941925049e-01,2.945451736450195312e-01,6.344935378244148438e+01,-3.037824321012323470e+00,8.312845231025251280e+01,0.000000000000000000e+00,0.000000000000000000e+00,0.000000000000000000e+00,2.555577158927917480e-01,2.103491723537445068e-01,3.035915195941925049e-01,2.945451736450195312e-01,8.759896093750000000e+04,7.466888281250000000e+04,3.264266992187500000e+04,7.385060937500000000e+04,-7.171483084314979613e+07
3.337000000000000188e+00,-4.674863940700249998e+01,4.795088579926148675e+00,-8.438372372317259362e+01,-1.661300195312500000e+04,2.181835174560546875e+01,2.165294921875000000e+03,2.519881129264831543e-01,2.465847134590148926e-01,2.648524045944213867e-01,2.752839922904968262e-01,4.674863940700249998e+01,-4.795088579926148675e+00,8.438372372317259362e+01,0.000000000000000000e+00,0.000000000000000000e+00,0.000000000000000000e+00,2.519881129264831543e-01,2.465847134590148926e-01,2.648524045944213867e-01,2.752839922904968262e-01,8.759944531250000000e+04,7.463482031250000000e+04,3.275086523437500000e+04,7.396648437500000000e+04,-7.172415988414007425e+07
3.338000000000000078e+00,-3.001589564337228921e+01,6.115694625827558184e+00,-8.610488828725630128e+01,-1.656712109375000000e+04,2.883578872680664062e+01,2.170578857421875000e+03,2.484346926212310791e-01,2.817816138267517090e-01,2.233086079359054565e-01,2.551882565021514893e-01,3.001589564337228921e+01,-6.115694625827558184e+00,8.610488828725630128e+01,0.000000000000000000e+00,0.000000000000000000e+00,0.000000000000000000e+00,2.484346926212310791e-01,2.817816138267517090e-01,2.233086079359054565e-01,2.551882565021514893e-01,8.757023437500000000e+04,7.474663281250000000e+04,3.286310937500000000e+04,7.408066406250000000e+04,-7.173251229163905978e+07
3.338999999999999968e+00,-1.324029508101593500e+01,6.884006634227107568e+00,-8.814226391701359375e+01,-1.654297070312500000e+04,3.208222579956054688e+01,2.172466552734375000e+03,2.482967674732208252e-01,3.133982121944427490e-01,1.819612979888916016e-01,2.364362776279449463e-01,1.324029508101593500e+01,-6.884006634227107568e+00,8.814226391701359375e+01,0.000000000000000000e+00,0.000000000000000000e+00,0.000000000000000000e+00,2.482967674732208252e-01,3.133982121944427490e-01,1.819612979888916016e-01,2.364362776279449463e-01,8.751672656250000000e+04,7.485940625000000000e+04,3.297475390625000000e+04,7.419365625000000000e+04,-7.174050404528865218e+07
3.339999999999999858e+00,3.592935322084826133e+00,7.018303360199797503e+00,-9.029634571872594506e+01,-1.657057421875000000e+04,4.615992355346679688e+01,2.149457763671875000e+03,2.491859495639801025e-01,3.412547409534454346e-01,1.446283012628555298e-01,2.203871160745620728e-01,-3.592935322084826133e+00,-7.018303360199797503e+00,9.029634571872594506e+01,0.000000000000000000e+00,0.000000000000000000e+00,0.000000000000000000e+00,2.491859495639801025e-01,3.412547409534454346e-01,1.446283012628555298e-01,2.203871160745620728e-01,8.745813281250000000e+04,7.497592968750000000e+04,3.309174218750000000e+04,7.430176562500000000e+04,-7.174871964110508561e+07
3.341000000000000192e+00,2.045712639567213031e+01,6.508026069641430489e+00,-9.238724407246907333e+01,-1.661599804687500000e+04,6.667406463623046875e+01,2.144593017578125000e+03,2.513204216957092285e-01,3.666119575500488281e-01,1.129847094416618347e-01,2.065002620220184326e-01,-2.045712639567213031e+01,-6.508026069641430489e+00,9.238724407246907333e+01,0.000000000000000000e+00,0.000000000000000000e+00,0.000000000000000000e+00,2.513204216957092285e-01,3.666119575500488281e-01,1.129847094416618347e-01,2.065002620220184326e-01,8.741117187500000000e+04,7.508847656250000000e+04,3.320497265625000000e+04,7.435411718750000000e+04,-7.175771589239607751e+07
3.342000000000000082e+00,3.727461771853356964e+01,5.391841961180221077e+00,-9.424916202856789482e+01,-1.662248632812500000e+04,8.367420959472656250e+01,2.168221923828125000e+03,2.529631853103637695e-01,3.893996477127075195e-01,8.926110714673995972e-02,1.954913288354873657e-01,-3.727461771853356964e+01,-5.391841961180221077e+00,9.424916202856789482e+01,0.000000000000000000e+00,0.000000000000000000e+00,0.000000000000000000e+00,2.529631853103637695e-01,3.893996477127075195e-01,8.926110714673995972e-02,1.954913288354873657e-01,8.738485156250000000e+04,7.519722656250000000e+04,3.331384375000000000e+04,7.430751562500000000e+04,-7.176801726602496207e+07
3.342999999999999972e+00,5.397540041651043197e+01,3.790584271055203569e+00,-9.570148174562241650e+01,-1.658255078125000000e+04,8.529155731201171875e+01,2.164484863281250000e+03,2.551971673965454102e-01,4.095945358276367188e-01,7.379283756017684937e-02,1.874368339776992798e-01,-5.397540041651043197e+01,-3.790584271055203569e+00,9.570148174562241650e+01,0.000000000000000000e+00,0.000000000000000000e+00,0.000000000000000000e+00,2.551971673965454102e-01,4.095945358276367188e-01,7.379283756017684937e-02,1.874368339776992798e-01,8.736666406250000000e+04,7.531093750000000000e+04,3.330951171875000000e+04,7.417455468750000000e+04,-7.178010375201250613e+07
3.343999999999999861e+00,7.056768760506651006e+01,1.841961847029815136e+00,-9.663484529103496357e+01,-1.654446289062500000e+04,8.169939422607421875e+01,2.166103027343750000e+03,2.624289691448211670e-01,4.277108907699584961e-01,6.515023112297058105e-02,1.818987578153610229e-01,-7.056768760506651006e+01,-1.841961847029815136e+00,9.663484529103496357e+01,0.000000000000000000e+00,0.000000000000000000e+00,0.000000000000000000e+00,2.624289691448211670e-01,4.277108907699584961e-01,6.515023112297058105e-02,1.818987578153610229e-01,8.736607031250000000e+04,7.542329687500000000e+04,3.317563281250000000e+04,7.398350781250000000e+04,-7.179442523669430614e+07
3.345000000000000195e+00,8.712928107091104835e+01,-2.688475056568593313e-01,-9.696676100685104416e+01,-1.655511914062500000e+04,8.289037322998046875e+01,2.142586181640625000e+03,2.701922655105590820e-01,4.440515637397766113e-01,6.285940110683441162e-02,1.785543560981750488e-01,-8.712928107091104835e+01,2.688475056568593313e-01,9.696676100685104416e+01,0.000000000000000000e+00,0.000000000000000000e+00,0.000000000000000000e+00,2.701922655105590820e-01,4.440515637397766113e-01,6.285940110683441162e-02,1.785543560981750488e-01,8.741259375000000000e+04,7.553899218750000000e+04,3.297758984375000000e+04,7.375414062500000000e+04,-7.181141937333337963e+07
3.346000000000000085e+00,1.037373661215761871e+02,-2.410597686203048262e+00,-9.666781228467817755e+01,-1.659912695312500000e+04,9.507209777832031250e+01,2.167999511718750000e+03,2.768311500549316406e-01,4.587718546390533447e-01,6.451047956943511963e-02,1.772399544715881348e-01,-1.037373661215761871e+02,2.410597686203048262e+00,9.666781228467817755e+01,0.000000000000000000e+00,0.000000000000000000e+00,0.000000000000000000e+00,2.768311500549316406e-01,4.587718546390533447e-01,6.451047956943511963e-02,1.772399544715881348e-01,8.752221093750000000e+04,7.564750000000000000e+04,3.275565429687500000e+04,7.353353906250000000e+04,-7.183153129137633741e+07
3.346999999999999975e+00,1.204187622089556839e+02,-4.365567644243266265e+00,-9.575811584239892227e+01,-1.662566406250000000e+04,1.071358337402343750e+02,2.160500488281250000e+03,2.742431163787841797e-01,4.704116582870483398e-01,6.867003440856933594e-02,1.790930628776550293e-01,-1.204187622089556839e+02,4.365567644243266265e+00,9.575811584239892227e+01,0.000000000000000000e+00,0.000000000000000000e+00,0.000000000000000000e+00,2.742431163787841797e-01,4.704116582870483398e-01,6.867003440856933594e-02,1.790930628776550293e-01,8.763309375000000000e+04,7.576189062500000000e+04,3.255962695312500000e+04,7.330797656250000000e+04,-7.185522064459881186e+07
3.347999999999999865e+00,1.371551457192892371e+02,-5.994238928329639116e+00,-9.430248016181435844e+01,-1.660293945312500000e+04,1.102411422729492188e+02,2.185241699218750000e+03,2.689256370067596436e-01,4.791041314601898193e-01,7.227694988250732422e-02,1.835757195949554443e-01,-1.371551457192892371e+02,5.994238928329639116e+00,9.430248016181435844e+01,0.000000000000000000e+00,0.000000000000000000e+00,0.000000000000000000e+00,2.689256370067596436e-01,4.791041314601898193e-01,7.227694988250732422e-02,1.835757195949554443e-01,8.775060156250000000e+04,7.587013281250000000e+04,3.239644726562500000e+04,7.308660156250000000e+04,-7.188296106726108491e+07
3.349000000000000199e+00,1.539313836088688277e+02,-7.136506200127826993e+00,-9.244344071548648856e+01,-1.656166601562500000e+04,1.035199356079101562e+02,2.176648193359375000e+03,2.578867673873901367e-01,4.842640459537506104e-01,7.485876977443695068e-02,1.905020922422409058e-01,-1.539313836088688277e+02,7.136506200127826993e+00,9.244344071548648856e+01,0.000000000000000000e+00,0.000000000000000000e+00,0.000000000000000000e+00,2.578867673873901367e-01,4.842640459537506104e-01,7.485876977443695068e-02,1.905020922422409058e-01,8.783648437500000000e+04,7.598349218750000000e+04,3.227417578125000000e+04,7.289019531250000000e+04,-7.191525265757288039e+07
3.350000000000000089e+00,1.707578345065618635e+02,-7.702259362859876113e+00,-9.032693543618431420e+01,-1.655112695312500000e+04,9.784181976318359375e+01,2.179072021484375000e+03,2.470737397670745850e-01,4.871499538421630859e-01,7.550655305385589600e-02,1.980917602777481079e-01,-1.707578345065618635e+02,7.702259362859876113e+00,9.032693543618431420e+01,0.000000000000000000e+00,0.000000000000000000e+00,0.000000000000000000e+00,2.470737397670745850e-01,4.871499538421630859e-01,7.550655305385589600e-02,1.980917602777481079e-01,8.784486718750000000e+04,7.609592187500000000e+04,3.217341992187500000e+04,7.275327343750000000e+04,-7.195262917568284273e+07
3.350999999999999979e+00,-1.723623071116659560e+02,-7.630803892356293971e+00,-8.815204561100144076e+01,-1.658772070312500000e+04,1.019743118286132812e+02,2.161773681640625000e+03,2.343119829893112183e-01,4.886138737201690674e-01,7.428635656833648682e-02,2.044068127870559692e-01,1.723623071116659560e+02,7.630803892356293971e+00,8.815204561100144076e+01,0.000000000000000000e+00,0.000000000000000000e+00,0.000000000000000000e+00,2.343119829893112183e-01,4.886138737201690674e-01,7.428635656833648682e-02,2.044068127870559692e-01,8.777064843750000000e+04,7.621197656250000000e+04,3.208472460937500000e+04,7.267456250000000000e+04,-7.199016695290914178e+07
3.351999999999999869e+00,-1.554678247083996325e+02,-6.922265953491895552e+00,-8.607792699832118899e+01,-1.662974804687500000e+04,1.110786285400390625e+02,2.180822509765625000e+03,2.894583940505981445e-01,7.291150838136672974e-02,3.876390159130096436e-01,3.164936900138854980e-01,1.554678247083996325e+02,6.922265953491895552e+00,8.607792699832118899e+01,0.000000000000000000e+00,0.000000000000000000e+00,0.000000000000000000e+00,2.894583940505981445e-01,7.291150838136672974e-02,3.876390159130096436e-01,3.164936900138854980e-01,8.761260156250000000e+04,7.632076562500000000e+04,3.198121679687500000e+04,7.265096875000000000e+04,-7.202179452471096814e+07
3.353000000000000203e+00,-1.386405396931037046e+02,-5.632998139047127317e+00,-8.428542802352447438e+01,-1.662920507812500000e+04,1.132285842895507812e+02,2.204078125000000000e+03,2.794609367847442627e-01,9.441550821065902710e-02,3.865135014057159424e-01,3.184773027896881104e-01,1.386405396931037046e+02,5.632998139047127317e+00,8.428542802352447438e+01,0.000000000000000000e+00,0.000000000000000000e+00,0.000000000000000000e+00,2.794609367847442627e-01,9.441550821065902710e-02,3.865135014057159424e-01,3.184773027896881104e-01,8.745796093750000000e+04,7.642916406250000000e+04,3.187990234375000000e+04,7.262761718750000000e+04,-7.204815148800250888e+07
3.354000000000000092e+00,-1.219389853920605731e+02,-3.896936747473922491e+00,-8.294118723901324586e+01,-1.658784765625000000e+04,1.010683441162109375e+02,2.198139404296875000e+03,2.703962624073028564e-01,1.181954443454742432e-01,3.795463144779205322e-01,3.173129558563232422e-01,1.219389853920605731e+02,3.896936747473922491e+00,8.294118723901324586e+01,0.000000000000000000e+00,0.000000000000000000e+00,0.000000000000000000e+00,2.703962624073028564e-01,1.181954443454742432e-01,3.795463144779205322e-01,3.173129558563232422e-01,8.756959375000000000e+04,7.620545312500000000e+04,3.199355273437500000e+04,7.273875000000000000e+04,-7.206991503081758320e+07
3.354999999999999982e+00,-1.053376615683433357e+02,-1.858454661674910691e+00,-8.214396346062494558e+01,-1.655928515625000000e+04,8.819589996337890625e+01,2.194315185546875000e+03,2.647767066955566406e-01,1.431093215942382812e-01,3.657470047473907471e-01,3.133088052272796631e-01,1.053376615683433357e+02,1.858454661674910691e+00,8.214396346062494558e+01,0.000000000000000000e+00,0.000000000000000000e+00,0.000000000000000000e+00,2.647767066955566406e-01,1.431093215942382812e-01,3.657470047473907471e-01,3.133088052272796631e-01,8.768122656250000000e+04,7.598146093750000000e+04,3.210672070312500000e+04,7.285065625000000000e+04,-7.208776213834902644e+07
3.355999999999999872e+00,-8.875128682080804765e+01,3.272734204022024196e-01,-8.195937401383295651e+01,-1.658187695312500000e+04,8.516654968261718750e+01,2.199535400390625000e+03,2.596112489700317383e-01,1.710987687110900879e-01,3.447249233722686768e-01,3.052714169025421143e-01,8.875128682080804765e+01,-3.272734204022024196e-01,8.195937401383295651e+01,0.000000000000000000e+00,0.000000000000000000e+00,0.000000000000000000e+00,2.596112489700317383e-01,1.710987687110900879e-01,3.447249233722686768e-01,3.052714169025421143e-01,8.778180468750000000e+04,7.575467968750000000e+04,3.221865234375000000e+04,7.296489843750000000e+04,-7.210235637535800040e+07
3.357000000000000206e+00,-7.210920738136509556e+01,2.517630860836385320e+00,-8.242288938042624125e+01,-1.662845703125000000e+04,9.313924407958984375e+01,2.244773681640625000e+03,2.535310685634613037e-01,2.030070424079895020e-01,3.162621855735778809e-01,2.924852967262268066e-01,7.210920738136509556e+01,-2.517630860836385320e+00,8.242288938042624125e+01,0.000000000000000000e+00,0.000000000000000000e+00,0.000000000000000000e+00,2.535310685634613037e-01,2.030070424079895020e-01,3.162621855735778809e-01,2.924852967262268066e-01,8.781036718750000000e+04,7.552207031250000000e+04,3.232318945312500000e+04,7.308500781250000000e+04,-7.211435598430614173e+07
3.358000000000000096e+00,-5.539697484351244583e+01,4.469390287967978992e+00,-8.349715827994666029e+01,-1.664466601562500000e+04,9.898849487304687500e+01,2.232545410156250000e+03,2.454511970281600952e-01,2.381156384944915771e-01,2.811037003993988037e-01,2.753573656082153320e-01,5.539697484351244583e+01,-4.469390287967978992e+00,8.349715827994666029e+01,0.000000000000000000e+00,0.000000000000000000e+00,0.000000000000000000e+00,2.454511970281600952e-01,2.381156384944915771e-01,2.811037003993988037e-01,2.753573656082153320e-01,8.782818750000000000e+04,7.529950781250000000e+04,3.243813085937500000e+04,7.319490625000000000e+04,-7.212441656001833081e+07
3.358999999999999986e+00,-3.863924388729962800e+01,6.037070779364023032e+00,-8.509415667689968643e+01,-1.660938671875000000e+04,9.505431365966796875e+01,2.238867675781250000e+03,2.429098337888717651e-01,2.722845971584320068e-01,2.403451055288314819e-01,2.560225725173950195e-01,3.863924388729962800e+01,-6.037070779364023032e+00,8.509415667689968643e+01,0.000000000000000000e+00,0.000000000000000000e+00,0.000000000000000000e+00,2.429098337888717651e-01,2.722845971584320068e-01,2.403451055288314819e-01,2.560225725173950195e-01,8.780604687500000000e+04,7.519916406250000000e+04,3.254882812500000000e+04,7.330817968750000000e+04,-7.213318701291066408e+07
3.359999999999999876e+00,-2.184255361818864927e+01,7.082464835879422438e+00,-8.706658940214352072e+01,-1.656925390625000000e+04,8.414955139160156250e+01,2.227079345703125000e+03,2.421313673257827759e-01,3.038960695266723633e-01,1.986405402421951294e-01,2.374002784490585327e-01,2.184255361818864927e+01,-7.082464835879422438e+00,8.706658940214352072e+01,0.000000000000000000e+00,0.000000000000000000e+00,0.000000000000000000e+00,2.421313673257827759e-01,3.038960695266723633e-01,1.986405402421951294e-01,2.374002784490585327e-01,8.772214062500000000e+04,7.531284375000000000e+04,3.266382031250000000e+04,7.341916406250000000e+04,-7.214129486235749722e+07
3.361000000000000210e+00,-4.987688355976953147e+00,7.529905783387374818e+00,-8.929177797306736863e+01,-1.656971484375000000e+04,7.715385437011718750e+01,2.258558593750000000e+03,2.439991384744644165e-01,3.319459855556488037e-01,1.591485589742660522e-01,2.210214734077453613e-01,4.987688355976953147e+00,-7.529905783387374818e+00,8.929177797306736863e+01,0.000000000000000000e+00,0.000000000000000000e+00,0.000000000000000000e+00,2.439991384744644165e-01,3.319459855556488037e-01,1.591485589742660522e-01,2.210214734077453613e-01,8.763026562500000000e+04,7.542023437500000000e+04,3.277033593750000000e+04,7.353764062500000000e+04,-7.214934946048733592e+07
3.362000000000000099e+00,1.191678494604872185e+01,7.316282894028219630e+00,-9.153021790506861066e+01,-1.661314257812500000e+04,7.934572601318359375e+01,2.236361083984375000e+03,2.433067113161087036e-01,3.566124141216278076e-01,1.259654760360717773e-01,2.078883796930313110e-01,-1.191678494604872185e+01,-7.316282894028219630e+00,9.153021790506861066e+01,0.000000000000000000e+00,0.000000000000000000e+00,0.000000000000000000e+00,2.433067113161087036e-01,3.566124141216278076e-01,1.259654760360717773e-01,2.078883796930313110e-01,8.753814843750000000e+04,7.553700000000000000e+04,3.288719140625000000e+04,7.360957812500000000e+04,-7.215792277903592587e+07
3.362999999999999989e+00,2.881087059317604471e+01,6.464161737147489539e+00,-9.359909052241651750e+01,-1.664376562500000000e+04,8.433844757080078125e+01,2.229907714843750000e+03,2.457340657711029053e-01,3.792289495468139648e-01,9.847608953714370728e-02,1.968560963869094849e-01,-2.881087059317604471e+01,-6.464161737147489539e+00,9.359909052241651750e+01,0.000000000000000000e+00,0.000000000000000000e+00,0.000000000000000000e+00,2.457340657711029053e-01,3.792289495468139648e-01,9.847608953714370728e-02,1.968560963869094849e-01,8.744709375000000000e+04,7.565075781250000000e+04,3.300038281250000000e+04,7.358489062500000000e+04,-7.216755542043384910e+07
3.363999999999999879e+00,4.561351438885029097e+01,5.057294046326817671e+00,-9.532900565858325592e+01,-1.662689062500000000e+04,7.969019317626953125e+01,2.229356933593750000e+03,2.486304044723510742e-01,3.995533287525177002e-01,7.891039550304412842e-02,1.887027472257614136e-01,-4.561351438885029097e+01,-5.057294046326817671e+00,9.532900565858325592e+01,0.000000000000000000e+00,0.000000000000000000e+00,0.000000000000000000e+00,2.486304044723510742e-01,3.995533287525177002e-01,7.891039550304412842e-02,1.887027472257614136e-01,8.735778125000000000e+04,7.576260156250000000e+04,3.311357031250000000e+04,7.356217968750000000e+04,-7.217874920867167413e+07
3.365000000000000213e+00,6.228686723202751807e+01,3.209867369682475324e+00,-9.659947457298798668e+01,-1.657964843750000000e+04,6.280760955810546875e+01,2.247170410156250000e+03,2.540419697761535645e-01,4.176299870014190674e-01,6.704052537679672241e-02,1.833900660276412964e-01,-6.228686723202751807e+01,-3.209867369682475324e+00,9.659947457298798668e+01,0.000000000000000000e+00,0.000000000000000000e+00,0.000000000000000000e+00,2.540419697761535645e-01,4.176299870014190674e-01,6.704052537679672241e-02,1.833900660276412964e-01,8.731315625000000000e+04,7.587237500000000000e+04,3.302459375000000000e+04,7.339935156250000000e+04,-7.219197062423756719e+07
3.366000000000000103e+00,7.887779957064583414e+01,1.089595895870892672e+00,-9.730019366232494349e+01,-1.656254687500000000e+04,4.459925842285156250e+01,2.240245849609375000e+03,2.606000900268554688e-01,4.335374236106872559e-01,6.245753169059753418e-02,1.808394640684127808e-01,-7.887779957064583414e+01,-1.089595895870892672e+00,9.730019366232494349e+01,0.000000000000000000e+00,0.000000000000000000e+00,0.000000000000000000e+00,2.606000900268554688e-01,4.335374236106872559e-01,6.245753169059753418e-02,1.808394640684127808e-01,8.726452343750000000e+04,7.598667187500000000e+04,3.294190234375000000e+04,7.323534375000000000e+04,-7.220766084640862048e+07
3.366999999999999993e+00,9.547616922149993002e+01,-1.117546138839837333e+00,-9.737264694832776968e+01,-1.659633593750000000e+04,3.645758438110351562e+01,2.215772460937500000e+03,2.682003378868103027e-01,4.481910467147827148e-01,6.302620470523834229e-02,1.801068931818008423e-01,-9.547616922149993002e+01,1.117546138839837333e+00,9.737264694832776968e+01,0.000000000000000000e+00,0.000000000000000000e+00,0.000000000000000000e+00,2.682003378868103027e-01,4.481910467147827148e-01,6.302620470523834229e-02,1.801068931818008423e-01,8.730054687500000000e+04,7.610309375000000000e+04,3.272680859375000000e+04,7.301178906250000000e+04,-7.222625922658093274e+07
3.367999999999999883e+00,1.121414475885915607e+02,-3.266911079896382741e+00,-9.680684987437678046e+01,-1.664154492187500000e+04,3.618958282470703125e+01,2.230015869140625000e+03,2.726961374282836914e-01,4.611719846725463867e-01,6.659682095050811768e-02,1.813951134681701660e-01,-1.121414475885915607e+02,3.266911079896382741e+00,9.680684987437678046e+01,0.000000000000000000e+00,0.000000000000000000e+00,0.000000000000000000e+00,2.726961374282836914e-01,4.611719846725463867e-01,6.659682095050811768e-02,1.813951134681701660e-01,8.734203906250000000e+04,7.621267968750000000e+04,3.250958007812500000e+04,7.280025000000000000e+04,-7.224821716973879933e+07
3.369000000000000217e+00,1.288728510620062764e+02,-5.161245870936896907e+00,-9.565201012292278904e+01,-1.664444726562500000e+04,3.081313323974609375e+01,2.224541748046875000e+03,2.685838937759399414e-01,4.709184765815734863e-01,7.152665406465530396e-02,1.858328580856323242e-01,-1.288728510620062764e+02,5.161245870936896907e+00,9.565201012292278904e+01,0.000000000000000000e+00,0.000000000000000000e+00,0.000000000000000000e+00,2.685838937759399414e-01,4.709184765815734863e-01,7.152665406465530396e-02,1.858328580856323242e-01,8.745342187500000000e+04,7.632644531250000000e+04,3.233637695312500000e+04,7.259537500000000000e+04,-7.227400132697914541e+07
3.370000000000000107e+00,1.456488426787167896e+02,-6.667187851532772491e+00,-9.399283568573368086e+01,-1.660289843750000000e+04,1.414885425567626953e+01,2.241927734375000000e+03,2.614898681640625000e-01,4.775600433349609375e-01,7.543132454156875610e-02,1.928007751703262329e-01,-1.456488426787167896e+02,6.667187851532772491e+00,9.399283568573368086e+01,0.000000000000000000e+00,0.000000000000000000e+00,0.000000000000000000e+00,2.614898681640625000e-01,4.775600433349609375e-01,7.543132454156875610e-02,1.928007751703262329e-01,8.754914843750000000e+04,7.643671875000000000e+04,3.220349218750000000e+04,7.243332031250000000e+04,-7.230409401690688729e+07
3.370999999999999996e+00,1.624750852402484611e+02,-7.641987599870128989e+00,-9.198741432786189876e+01,-1.657437695312500000e+04,-6.190883159637451172e+00,2.223465820312500000e+03,2.500017881393432617e-01,4.810144901275634766e-01,7.796711474657058716e-02,2.015931159257888794e-01,-1.624750852402484611e+02,7.641987599870128989e+00,9.198741432786189876e+01,0.000000000000000000e+00,0.000000000000000000e+00,0.000000000000000000e+00,2.500017881393432617e-01,4.810144901275634766e-01,7.796711474657058716e-02,2.015931159257888794e-01,8.758544531250000000e+04,7.655167187500000000e+04,3.211356835937500000e+04,7.232088281250000000e+04,-7.233901225459991395e+07
3.371999999999999886e+00,1.793720014029908327e+02,-8.011583044107011276e+00,-8.976928363418710433e+01,-1.659272265625000000e+04,-1.832885932922363281e+01,2.236055908203125000e+03,2.390207201242446899e-01,4.827701747417449951e-01,7.852078974246978760e-02,2.100566327571868896e-01,-1.793720014029908327e+02,8.011583044107011276e+00,8.976928363418710433e+01,0.000000000000000000e+00,0.000000000000000000e+00,0.000000000000000000e+00,2.390207201242446899e-01,4.827701747417449951e-01,7.852078974246978760e-02,2.100566327571868896e-01,8.754483593750000000e+04,7.666195312500000000e+04,3.204038476562500000e+04,7.228249218750000000e+04,-7.237930927923429012e+07
3.373000000000000220e+00,-1.636840462221077530e+02,-7.733642902569292765e+00,-8.757291327862999708e+01,-1.664104296875000000e+04,-2.169749832153320312e+01,2.200972167968750000e+03,2.251595407724380493e-01,4.836266338825225830e-01,7.701905071735382080e-02,2.161701917648315430e-01,1.636840462221077530e+02,7.733642902569292765e+00,8.757291327862999708e+01,0.000000000000000000e+00,0.000000000000000000e+00,0.000000000000000000e+00,2.251595407724380493e-01,4.836266338825225830e-01,7.701905071735382080e-02,2.161701917648315430e-01,8.749600000000000000e+04,7.678078125000000000e+04,3.197826953125000000e+04,7.223735156250000000e+04,-7.241383057059457898e+07
3.374000000000000110e+00,-1.467637971046478640e+02,-6.834011369209648024e+00,-8.555027017743088891e+01,-1.666172851562500000e+04,-2.414983749389648438e+01,2.206397705078125000e+03,2.846769690513610840e-01,7.394854724407196045e-02,3.912782669067382812e-01,3.266170024871826172e-01,1.467637971046478640e+02,6.834011369209648024e+00,8.555027017743088891e+01,0.000000000000000000e+00,0.000000000000000000e+00,0.000000000000000000e+00,2.846769690513610840e-01,7.394854724407196045e-02,3.912782669067382812e-01,3.266170024871826172e-01,8.727539062500000000e+04,7.689271875000000000e+04,3.190180273437500000e+04,7.230968750000000000e+04,-7.244273573517398536e+07
3.375000000000000000e+00,-1.299462235169201847e+02,-5.393280204547410861e+00,-8.386546500939043369e+01,-1.663605078125000000e+04,-3.681704711914062500e+01,2.216982177734375000e+03,2.761023342609405518e-01,9.495615959167480469e-02,3.881802558898925781e-01,3.287775516510009766e-01,1.299462235169201847e+02,5.393280204547410861e+00,8.386546500939043369e+01,0.000000000000000000e+00,0.000000000000000000e+00,0.000000000000000000e+00,2.761023342609405518e-01,9.495615959167480469e-02,3.881802558898925781e-01,3.287775516510009766e-01,8.705942187500000000e+04,7.700268750000000000e+04,3.182750390625000000e+04,7.238122656250000000e+04,-7.246668425987289846e+07
3.375999999999999890e+00,-1.132529049702387738e+02,-3.528565926421658894e+00,-8.264642635334229226e+01,-1.659640429687500000e+04,-5.836607360839843750e+01,2.232822265625000000e+03,2.686664462089538574e-01,1.180075258016586304e-01,3.789660036563873291e-01,3.279456198215484619e-01,1.132529049702387738e+02,3.528565926421658894e+00,8.264642635334229226e+01,0.000000000000000000e+00,0.000000000000000000e+00,0.000000000000000000e+00,2.686664462089538574e-01,1.180075258016586304e-01,3.789660036563873291e-01,3.279456198215484619e-01,8.717510156250000000e+04,7.677517187500000000e+04,3.193710546875000000e+04,7.249591406250000000e+04,-7.248635336292357743e+07
3.376999999999999780e+00,-9.662830422958057852e+01,-1.423105648958248093e+00,-8.200728488606733890e+01,-1.659494726562500000e+04,-7.443260955810546875e+01,2.206602294921875000e+03,2.620090246200561523e-01,1.434366554021835327e-01,3.629582524299621582e-01,3.238022923469543457e-01,9.662830422958057852e+01,1.423105648958248093e+00,8.200728488606733890e+01,0.000000000000000000e+00,0.000000000000000000e+00,0.000000000000000000e+00,2.620090246200561523e-01,1.434366554021835327e-01,3.629582524299621582e-01,3.238022923469543457e-01,8.726971875000000000e+04,7.655507812500000000e+04,3.205454296875000000e+04,7.260361718750000000e+04,-7.250241761210593581e+07
3.378000000000000114e+00,-7.998838342798381973e+01,7.581190470654224356e-01,-8.199421666639891271e+01,-1.663783398437500000e+04,-7.772797393798828125e+01,2.187569580078125000e+03,2.578770220279693604e-01,1.718051135540008545e-01,3.393219113349914551e-01,3.153966963291168213e-01,7.998838342798381973e+01,-7.581190470654224356e-01,8.199421666639891271e+01,0.000000000000000000e+00,0.000000000000000000e+00,0.000000000000000000e+00,2.578770220279693604e-01,1.718051135540008545e-01,3.393219113349914551e-01,3.153966963291168213e-01,8.736396093750000000e+04,7.633272656250000000e+04,3.217024023437500000e+04,7.271283593750000000e+04,-7.251553937990058959e+07
3.379000000000000004e+00,-6.329159075065665263e+01,2.880228995457939867e+00,-8.262228138302474179e+01,-1.667477734375000000e+04,-7.286096954345703125e+01,2.219636962890625000e+03,2.531150877475738525e-01,2.042496204376220703e-01,3.080794811248779297e-01,3.020638525485992432e-01,6.329159075065665263e+01,-2.880228995457939867e+00,8.262228138302474179e+01,0.000000000000000000e+00,0.000000000000000000e+00,0.000000000000000000e+00,2.531150877475738525e-01,2.042496204376220703e-01,3.080794811248779297e-01,3.020638525485992432e-01,8.741686718750000000e+04,7.610189062500000000e+04,3.227764648437500000e+04,7.283144531250000000e+04,-7.252637994246034324e+07
3.379999999999999893e+00,-4.654507264070025485e+01,4.735553604001154326e+00,-8.383625654642737857e+01,-1.666380273437500000e+04,-7.527131652832031250e+01,2.222259277343750000e+03,2.464615404605865479e-01,2.393761873245239258e-01,2.706831097602844238e-01,2.848700881004333496e-01,4.654507264070025485e+01,-4.735553604001154326e+00,8.383625654642737857e+01,0.000000000000000000e+00,0.000000000000000000e+00,0.000000000000000000e+00,2.464615404605865479e-01,2.393761873245239258e-01,2.706831097602844238e-01,2.848700881004333496e-01,8.743414843750000000e+04,7.599265625000000000e+04,3.238995507812500000e+04,7.294475781250000000e+04,-7.253559732962712646e+07
3.380999999999999783e+00,-2.976232889731512188e+01,6.170415709669637039e+00,-8.553166083268470743e+01,-1.661953906250000000e+04,-8.587118530273437500e+01,2.221325683593750000e+03,2.442845851182937622e-01,2.728165090084075928e-01,2.290598303079605103e-01,2.664830982685089111e-01,2.976232889731512188e+01,-6.170415709669637039e+00,8.553166083268470743e+01,0.000000000000000000e+00,0.000000000000000000e+00,0.000000000000000000e+00,2.442845851182937622e-01,2.728165090084075928e-01,2.290598303079605103e-01,2.664830982685089111e-01,8.741676562500000000e+04,7.588681250000000000e+04,3.250238085937500000e+04,7.305653906250000000e+04,-7.254383686488334835e+07
3.382000000000000117e+00,-1.292867906405520095e+01,7.051344770566747577e+00,-8.753496016568256266e+01,-1.660099218750000000e+04,-9.641019439697265625e+01,2.181731445312500000e+03,2.447012662887573242e-01,3.032028079032897949e-01,1.873946785926818848e-01,2.491176426410675049e-01,1.292867906405520095e+01,-7.051344770566747577e+00,8.753496016568256266e+01,0.000000000000000000e+00,0.000000000000000000e+00,0.000000000000000000e+00,2.447012662887573242e-01,3.032028079032897949e-01,1.873946785926818848e-01,2.491176426410675049e-01,8.734478125000000000e+04,7.600519531250000000e+04,3.262184375000000000e+04,7.316210156250000000e+04,-7.255171610633997619e+07
3.383000000000000007e+00,3.976795668108682680e+00,7.317927742620615739e+00,-8.972212889011622394e+01,-1.662988085937500000e+04,-9.672956848144531250e+01,2.191868408203125000e+03,2.481445968151092529e-01,3.304764330387115479e-01,1.485325396060943604e-01,2.336660772562026978e-01,-3.976795668108682680e+00,-7.317927742620615739e+00,8.972212889011622394e+01,0.000000000000000000e+00,0.000000000000000000e+00,0.000000000000000000e+00,2.481445968151092529e-01,3.304764330387115479e-01,1.485325396060943604e-01,2.336660772562026978e-01,8.726809375000000000e+04,7.611595312500000000e+04,3.273197851562500000e+04,7.327646875000000000e+04,-7.255983553372278810e+07
3.383999999999999897e+00,2.092047038201729947e+01,6.938437901678760511e+00,-9.187313685975520627e+01,-1.667473632812500000e+04,-8.988955688476562500e+01,2.173660156250000000e+03,2.482853233814239502e-01,3.549127876758575439e-01,1.169101595878601074e-01,2.211107462644577026e-01,-2.092047038201729947e+01,-6.938437901678760511e+00,9.187313685975520627e+01,0.000000000000000000e+00,0.000000000000000000e+00,0.000000000000000000e+00,2.482853233814239502e-01,3.549127876758575439e-01,1.169101595878601074e-01,2.211107462644577026e-01,8.719032812500000000e+04,7.623199218750000000e+04,3.284801171875000000e+04,7.338681250000000000e+04,-7.256876201500076056e+07
3.384999999999999787e+00,3.782264295980586866e+01,5.947055858750152524e+00,-9.382156290811076360e+01,-1.668150585937500000e+04,-8.606541442871093750e+01,2.181166503906250000e+03,2.508096694946289062e-01,3.771682083606719971e-01,9.191772341728210449e-02,2.108232080936431885e-01,-3.782264295980586866e+01,-5.947055858750152524e+00,9.382156290811076360e+01,0.000000000000000000e+00,0.000000000000000000e+00,0.000000000000000000e+00,2.508096694946289062e-01,3.771682083606719971e-01,9.191772341728210449e-02,2.108232080936431885e-01,8.714485937500000000e+04,7.634359375000000000e+04,3.295846875000000000e+04,7.350034375000000000e+04,-7.257903042046113312e+07
3.386000000000000121e+00,5.461217355408671636e+01,4.451251860399437987e+00,-9.538812616243293974e+01,-1.664558007812500000e+04,-9.179272460937500000e+01,2.166983154296875000e+03,2.539320588111877441e-01,3.968790173530578613e-01,7.519672065973281860e-02,2.035233229398727417e-01,-5.461217355408671636e+01,-4.451251860399437987e+00,9.538812616243293974e+01,0.000000000000000000e+00,0.000000000000000000e+00,0.000000000000000000e+00,2.539320588111877441e-01,3.968790173530578613e-01,7.519672065973281860e-02,2.035233229398727417e-01,8.709642968750000000e+04,7.645767187500000000e+04,3.307399218750000000e+04,7.357513281250000000e+04,-7.259113161821733415e+07
3.387000000000000011e+00,7.128982929074982167e+01,2.581875013505868566e+00,-9.646080515314601200e+01,-1.660989453125000000e+04,-1.038761672973632812e+02,2.159313720703125000e+03,2.614589929580688477e-01,4.148318171501159668e-01,6.551700085401535034e-02,1.983269006013870239e-01,-7.128982929074982167e+01,-2.581875013505868566e+00,9.646080515314601200e+01,0.000000000000000000e+00,0.000000000000000000e+00,0.000000000000000000e+00,2.614589929580688477e-01,4.148318171501159668e-01,6.551700085401535034e-02,1.983269006013870239e-01,8.709198437500000000e+04,7.657166406250000000e+04,3.295880859375000000e+04,7.351860156250000000e+04,-7.260552521098701656e+07
3.387999999999999901e+00,8.792582632540450049e+01,5.048956997482012543e-01,-9.695189293387838347e+01,-1.662084570312500000e+04,-1.086118698120117188e+02,2.138947753906250000e+03,2.697836756706237793e-01,4.310503602027893066e-01,6.259896606206893921e-02,1.953180581331253052e-01,-8.792582632540450049e+01,-5.048956997482012543e-01,9.695189293387838347e+01,0.000000000000000000e+00,0.000000000000000000e+00,0.000000000000000000e+00,2.697836756706237793e-01,4.310503602027893066e-01,6.259896606206893921e-02,1.953180581331253052e-01,8.708444531250000000e+04,7.668821875000000000e+04,3.284953906250000000e+04,7.346217968750000000e+04,-7.262265608638514578e+07
3.388999999999999790e+00,1.045975414676256321e+02,-1.618844976293836391e+00,-9.682222938372403576e+01,-1.666853515625000000e+04,-1.031090545654296875e+02,2.132726562500000000e+03,2.766332626342773438e-01,4.459697306156158447e-01,6.427962332963943481e-02,1.939788013696670532e-01,-1.045975414676256321e+02,1.618844976293836391e+00,9.682222938372403576e+01,0.000000000000000000e+00,0.000000000000000000e+00,0.000000000000000000e+00,2.766332626342773438e-01,4.459697306156158447e-01,6.427962332963943481e-02,1.939788013696670532e-01,8.713393750000000000e+04,7.680148437500000000e+04,3.265896289062500000e+04,7.337002343750000000e+04,-7.264297389682811499e+07
3.390000000000000124e+00,1.213310487088461826e+02,-3.632263464374362094e+00,-9.606982462344807061e+01,-1.669707812500000000e+04,-9.378536987304687500e+01,2.154705078125000000e+03,2.771356999874114990e-01,4.584423005580902100e-01,6.851733475923538208e-02,1.953014880418777466e-01,-1.213310487088461826e+02,3.632263464374362094e+00,9.606982462344807061e+01,0.000000000000000000e+00,0.000000000000000000e+00,0.000000000000000000e+00,2.771356999874114990e-01,4.584423005580902100e-01,6.851733475923538208e-02,1.953014880418777466e-01,8.724584375000000000e+04,7.690990625000000000e+04,3.244395507812500000e+04,7.326108593750000000e+04,-7.266693772474995255e+07
3.391000000000000014e+00,1.381072884219069010e+02,-5.324778309992965752e+00,-9.478193945730289727e+01,-1.667374804687500000e+04,-9.421219635009765625e+01,2.129824707031250000e+03,2.702846825122833252e-01,4.676438868045806885e-01,7.318722456693649292e-02,1.995397061109542847e-01,-1.381072884219069010e+02,5.324778309992965752e+00,9.478193945730289727e+01,0.000000000000000000e+00,0.000000000000000000e+00,0.000000000000000000e+00,2.702846825122833252e-01,4.676438868045806885e-01,7.318722456693649292e-02,1.995397061109542847e-01,8.735401562500000000e+04,7.702695312500000000e+04,3.229143945312500000e+04,7.314702343750000000e+04,-7.269502331717653573e+07
3.391999999999999904e+00,1.549167847049876343e+02,-6.575792492991742400e+00,-9.306470051350956396e+01,-1.662956835937500000e+04,-1.012070999145507812e+02,2.122138916015625000e+03,2.631519436836242676e-01,4.737769067287445068e-01,7.632073014974594116e-02,2.059689164161682129e-01,-1.549167847049876343e+02,6.575792492991742400e+00,9.306470051350956396e+01,0.000000000000000000e+00,0.000000000000000000e+00,0.000000000000000000e+00,2.631519436836242676e-01,4.737769067287445068e-01,7.632073014974594116e-02,2.059689164161682129e-01,8.746561718750000000e+04,7.714130468750000000e+04,3.217819531250000000e+04,7.307102343750000000e+04,-7.272772680688844621e+07
3.392999999999999794e+00,1.717852109923489934e+02,-7.278386226560332517e+00,-9.106512691415079530e+01,-1.662536328125000000e+04,-1.047221908569335938e+02,2.110452880859375000e+03,2.523561120033264160e-01,4.772173762321472168e-01,7.795928418636322021e-02,2.132936567068099976e-01,-1.717852109923489934e+02,7.278386226560332517e+00,9.106512691415079530e+01,0.000000000000000000e+00,0.000000000000000000e+00,0.000000000000000000e+00,2.523561120033264160e-01,4.772173762321472168e-01,7.795928418636322021e-02,2.132936567068099976e-01,8.756750781250000000e+04,7.725496093750000000e+04,3.209496679687500000e+04,7.304507031250000000e+04,-7.276558279785008729e+07
3.394000000000000128e+00,-1.712724641029185193e+02,-7.365074513918210997e+00,-8.892018950925526610e+01,-1.666702343750000000e+04,-9.653623962402343750e+01,2.134560791015625000e+03,2.402214258909225464e-01,4.792877435684204102e-01,7.783672213554382324e-02,2.195115834474563599e-01,1.712724641029185193e+02,7.365074513918210997e+00,8.892018950925526610e+01,0.000000000000000000e+00,0.000000000000000000e+00,0.000000000000000000e+00,2.402214258909225464e-01,4.792877435684204102e-01,7.783672213554382324e-02,2.195115834474563599e-01,8.754616406250000000e+04,7.736360156250000000e+04,3.202037304687500000e+04,7.307928906250000000e+04,-7.280287809923492372e+07
3.395000000000000018e+00,-1.543099181460223122e+02,-6.825826442240968461e+00,-8.688242008933639227e+01,-1.670894726562500000e+04,-8.351013183593750000e+01,2.098589599609375000e+03,2.936232089996337891e-01,6.020149961113929749e-02,3.900906443595886230e-01,3.271581828594207764e-01,1.543099181460223122e+02,6.825826442240968461e+00,8.688242008933639227e+01,0.000000000000000000e+00,0.000000000000000000e+00,0.000000000000000000e+00,2.936232089996337891e-01,6.020149961113929749e-02,3.900906443595886230e-01,3.271581828594207764e-01,8.742638281250000000e+04,7.748273437500000000e+04,3.195760742187500000e+04,7.314853125000000000e+04,-7.283428479690036178e+07
3.395999999999999908e+00,-1.374103790969120382e+02,-5.712514555655178405e+00,-8.509478765468867323e+01,-1.670244335937500000e+04,-7.615335083007812500e+01,2.102947509765625000e+03,2.870887517929077148e-01,8.025261759757995605e-02,3.889891803264617920e-01,3.303136527538299561e-01,1.374103790969120382e+02,5.712514555655178405e+00,8.509478765468867323e+01,0.000000000000000000e+00,0.000000000000000000e+00,0.000000000000000000e+00,2.870887517929077148e-01,8.025261759757995605e-02,3.889891803264617920e-01,3.303136527538299561e-01,8.754049218750000000e+04,7.725660156250000000e+04,3.206857812500000000e+04,7.326155468750000000e+04,-7.286044016489246488e+07
3.396999999999999797e+00,-1.206287943729724219e+02,-4.124631301972875086e+00,-8.370539036852767367e+01,-1.666056445312500000e+04,-7.612893676757812500e+01,2.112597900390625000e+03,2.792917490005493164e-01,1.033627092838287354e-01,3.823538124561309814e-01,3.299989104270935059e-01,1.206287943729724219e+02,4.124631301972875086e+00,8.370539036852767367e+01,0.000000000000000000e+00,0.000000000000000000e+00,0.000000000000000000e+00,2.792917490005493164e-01,1.033627092838287354e-01,3.823538124561309814e-01,3.299989104270935059e-01,8.765405468750000000e+04,7.702946875000000000e+04,3.218004492187500000e+04,7.337632031250000000e+04,-7.288201507588446140e+07
3.398000000000000131e+00,-1.039423487128459129e+02,-2.193957929911444449e+00,-8.282940118728997447e+01,-1.663626367187500000e+04,-7.749795532226562500e+01,2.125595947265625000e+03,2.724971175193786621e-01,1.290413737297058105e-01,3.690985143184661865e-01,3.262128233909606934e-01,1.039423487128459129e+02,2.193957929911444449e+00,8.282940118728997447e+01,0.000000000000000000e+00,0.000000000000000000e+00,0.000000000000000000e+00,2.724971175193786621e-01,1.290413737297058105e-01,3.690985143184661865e-01,3.262128233909606934e-01,8.776935937500000000e+04,7.680258593750000000e+04,3.228964843750000000e+04,7.349149218750000000e+04,-7.289968461089284718e+07
3.399000000000000021e+00,-8.727142509864737008e+01,-1.108488399008581982e-01,-8.255791820603126041e+01,-1.666359570312500000e+04,-6.685238647460937500e+01,2.107080078125000000e+03,2.658724486827850342e-01,1.580082774162292480e-01,3.486731946468353271e-01,3.184006214141845703e-01,8.727142509864737008e+01,1.108488399008581982e-01,8.255791820603126041e+01,0.000000000000000000e+00,0.000000000000000000e+00,0.000000000000000000e+00,2.658724486827850342e-01,1.580082774162292480e-01,3.486731946468353271e-01,3.184006214141845703e-01,8.787820312500000000e+04,7.658109375000000000e+04,3.240590429687500000e+04,7.360035156250000000e+04,-7.291411673467756808e+07
3.399999999999999911e+00,-7.055157327700720771e+01,1.954313277338124655e+00,-8.291566118801085850e+01,-1.671223242187500000e+04,-4.630310821533203125e+01,2.102847900390625000e+03,2.607405781745910645e-01,1.907203793525695801e-01,3.202722072601318359e-01,3.056398928165435791e-01,7.055157327700720771e+01,-1.954313277338124655e+00,8.291566118801085850e+01,0.000000000000000000e+00,0.000000000000000000e+00,0.000000000000000000e+00,2.607405781745910645e-01,1.907203793525695801e-01,3.202722072601318359e-01,3.056398928165435791e-01,8.794092187500000000e+04,7.635586718750000000e+04,3.251868945312500000e+04,7.371180468750000000e+04,-7.292597308538006246e+07
3.400999999999999801e+00,-5.377739512675670142e+01,3.837191474260491120e+00,-8.388248598733584060e+01,-1.672342578125000000e+04,-2.535249137878417969e+01,2.123387695312500000e+03,2.551253437995910645e-01,2.267184555530548096e-01,2.847019433975219727e-01,2.883879542350769043e-01,5.377739512675670142e+01,-3.837191474260491120e+00,8.388248598733584060e+01,0.000000000000000000e+00,0.000000000000000000e+00,0.000000000000000000e+00,2.551253437995910645e-01,2.267184555530548096e-01,2.847019433975219727e-01,2.883879542350769043e-01,8.796903125000000000e+04,7.613532812500000000e+04,3.262840039062500000e+04,7.382792187500000000e+04,-7.293591608910050988e+07
3.402000000000000135e+00,-3.697184043639757789e+01,5.352551596429245606e+00,-8.535944508306074852e+01,-1.668532812500000000e+04,-1.666628074645996094e+01,2.120146728515625000e+03,2.502036094665527344e-01,2.631707191467285156e-01,2.442586869001388550e-01,2.686995863914489746e-01,3.697184043639757789e+01,-5.352551596429245606e+00,8.535944508306074852e+01,0.000000000000000000e+00,0.000000000000000000e+00,0.000000000000000000e+00,2.502036094665527344e-01,2.631707191467285156e-01,2.442586869001388550e-01,2.686995863914489746e-01,8.795277343750000000e+04,7.619332031250000000e+04,3.274141210937500000e+04,7.394075000000000000e+04,-7.294459789075924456e+07
3.403000000000000025e+00,-2.013267605805729232e+01,6.374433352408538589e+00,-8.722113077894142918e+01,-1.664706640625000000e+04,-1.239981174468994141e+01,2.122566894531250000e+03,2.496333569288253784e-01,2.965373694896697998e-01,2.020025551319122314e-01,2.494780272245407104e-01,2.013267605805729232e+01,-6.374433352408538589e+00,8.722113077894142918e+01,0.000000000000000000e+00,0.000000000000000000e+00,0.000000000000000000e+00,2.496333569288253784e-01,2.965373694896697998e-01,2.020025551319122314e-01,2.494780272245407104e-01,8.793773437500000000e+04,7.624854687500000000e+04,3.285378906250000000e+04,7.405332812500000000e+04,-7.295265137445943058e+07
3.403999999999999915e+00,-3.236727687109401952e+00,6.801292861442735926e+00,-8.928327553911815073e+01,-1.665748632812500000e+04,-3.100009918212890625e+00,2.099908691406250000e+03,2.502037584781646729e-01,3.264104723930358887e-01,1.623489260673522949e-01,2.322766780853271484e-01,3.236727687109401952e+00,-6.801292861442735926e+00,8.928327553911815073e+01,0.000000000000000000e+00,0.000000000000000000e+00,0.000000000000000000e+00,2.502037584781646729e-01,3.264104723930358887e-01,1.623489260673522949e-01,2.322766780853271484e-01,8.788341406250000000e+04,7.636413281250000000e+04,3.297031640625000000e+04,7.416160156250000000e+04,-7.296067961174112558e+07
3.404999999999999805e+00,1.371288451809958175e+01,6.592787354401869138e+00,-9.138838017055249452e+01,-1.670221679687500000e+04,1.679815864562988281e+01,2.108507812500000000e+03,2.523079812526702881e-01,3.531789183616638184e-01,1.275839656591415405e-01,2.174323350191116333e-01,-1.371288451809958175e+01,-6.592787354401869138e+00,9.138838017055249452e+01,0.000000000000000000e+00,0.000000000000000000e+00,0.000000000000000000e+00,2.523079812526702881e-01,3.531789183616638184e-01,1.275839656591415405e-01,2.174323350191116333e-01,8.783609375000000000e+04,7.647549218750000000e+04,3.308106250000000000e+04,7.427547656250000000e+04,-7.296926295581823587e+07
3.406000000000000139e+00,3.065072000987153800e+01,5.773031855611713503e+00,-9.331397757038126883e+01,-1.672858007812500000e+04,3.636213684082031250e+01,2.089609619140625000e+03,2.525856494903564453e-01,3.772827088832855225e-01,1.006332114338874817e-01,2.053044140338897705e-01,-3.065072000987153800e+01,-5.773031855611713503e+00,9.331397757038126883e+01,0.000000000000000000e+00,0.000000000000000000e+00,0.000000000000000000e+00,2.525856494903564453e-01,3.772827088832855225e-01,1.006332114338874817e-01,2.053044140338897705e-01,8.778467968750000000e+04,7.659182812500000000e+04,3.319711328125000000e+04,7.430535937500000000e+04,-7.297894324876217544e+07
3.407000000000000028e+00,4.750068364954620392e+01,4.407275198057600818e+00,-9.492857615646889258e+01,-1.670480468750000000e+04,4.658436584472656250e+01,2.116850585937500000e+03,2.565378248691558838e-01,3.991094827651977539e-01,8.074311912059783936e-02,1.955562680959701538e-01,-4.750068364954620392e+01,-4.407275198057600818e+00,9.492857615646889258e+01,0.000000000000000000e+00,0.000000000000000000e+00,0.000000000000000000e+00,2.565378248691558838e-01,3.991094827651977539e-01,8.074311912059783936e-02,1.955562680959701538e-01,8.776034375000000000e+04,7.669930468750000000e+04,3.328257421875000000e+04,7.425091406250000000e+04,-7.299023042235511541e+07
3.407999999999999918e+00,6.423366656061044466e+01,2.645810750398435385e+00,-9.606920743785772743e+01,-1.666094921875000000e+04,4.611779403686523438e+01,2.104231445312500000e+03,2.604070305824279785e-01,4.181816279888153076e-01,6.941190361976623535e-02,1.889386177062988281e-01,-6.423366656061044466e+01,-2.645810750398435385e+00,9.606920743785772743e+01,0.000000000000000000e+00,0.000000000000000000e+00,0.000000000000000000e+00,2.604070305824279785e-01,4.181816279888153076e-01,6.941190361976623535e-02,1.889386177062988281e-01,8.775717187500000000e+04,7.681364843750000000e+04,3.321039843750000000e+04,7.411728125000000000e+04,-7.300359267920720577e+07
3.408999999999999808e+00,8.090056225944400126e+01,6.350729108328666550e-01,-9.665254205944465582e+01,-1.664833984375000000e+04,4.620835113525390625e+01,2.100445312500000000e+03,2.692203521728515625e-01,4.356662929058074951e-01,6.417092680931091309e-02,1.841929107904434204e-01,-8.090056225944400126e+01,-6.350729108328666550e-01,9.665254205944465582e+01,0.000000000000000000e+00,0.000000000000000000e+00,0.000000000000000000e+00,2.692203521728515625e-01,4.356662929058074951e-01,6.417092680931091309e-02,1.841929107904434204e-01,8.778450000000000000e+04,7.692722656250000000e+04,3.304288671875000000e+04,7.393848437500000000e+04,-7.301947969738525152e+07
3.410000000000000142e+00,9.758732284391717826e+01,-1.433703205784340184e+00,-9.662306778265241292e+01,-1.668474414062500000e+04,5.697349548339843750e+01,2.075536376953125000e+03,2.760716974735260010e-01,4.512009322643280029e-01,6.432695686817169189e-02,1.817767918109893799e-01,-9.758732284391717826e+01,1.433703205784340184e+00,9.662306778265241292e+01,0.000000000000000000e+00,0.000000000000000000e+00,0.000000000000000000e+00,2.760716974735260010e-01,4.512009322643280029e-01,6.432695686817169189e-02,1.817767918109893799e-01,8.780625781250000000e+04,7.704433593750000000e+04,3.288417187500000000e+04,7.376129687500000000e+04,-7.303834105569770932e+07
3.411000000000000032e+00,1.143433185158042988e+02,-3.434973649698512599e+00,-9.597387001796325023e+01,-1.672653906250000000e+04,7.342680358886718750e+01,2.109952880859375000e+03,2.796027064323425293e-01,4.647239148616790771e-01,6.705244630575180054e-02,1.815240681171417236e-01,-1.143433185158042988e+02,3.434973649698512599e+00,9.597387001796325023e+01,0.000000000000000000e+00,0.000000000000000000e+00,0.000000000000000000e+00,2.796027064323425293e-01,4.647239148616790771e-01,6.705244630575180054e-02,1.815240681171417236e-01,8.792525781250000000e+04,7.715030468750000000e+04,3.267581250000000000e+04,7.354325000000000000e+04,-7.306063823295710981e+07
3.411999999999999922e+00,1.311605952698238013e+02,-5.166098147844442323e+00,-9.475729564268860372e+01,-1.672413671875000000e+04,8.411038208007812500e+01,2.119718017578125000e+03,2.730337679386138916e-01,4.745782315731048584e-01,7.112615555524826050e-02,1.847416460514068604e-01,-1.311605952698238013e+02,5.166098147844442323e+00,9.475729564268860372e+01,0.000000000000000000e+00,0.000000000000000000e+00,0.000000000000000000e+00,2.730337679386138916e-01,4.745782315731048584e-01,7.112615555524826050e-02,1.847416460514068604e-01,8.803880468750000000e+04,7.726139843750000000e+04,3.250005078125000000e+04,7.332335156250000000e+04,-7.308684696835623682e+07
3.412999999999999812e+00,1.480103734398509232e+02,-6.463303121509781590e+00,-9.310009949616596714e+01,-1.668000195312500000e+04,8.157356262207031250e+01,2.103638671875000000e+03,2.642412781715393066e-01,4.813269376754760742e-01,7.402223348617553711e-02,1.903201639652252197e-01,-1.480103734398509232e+02,6.463303121509781590e+00,9.310009949616596714e+01,0.000000000000000000e+00,0.000000000000000000e+00,0.000000000000000000e+00,2.642412781715393066e-01,4.813269376754760742e-01,7.402223348617553711e-02,1.903201639652252197e-01,8.814666406250000000e+04,7.737724218750000000e+04,3.236643164062500000e+04,7.312914062500000000e+04,-7.311746344181548059e+07
3.414000000000000146e+00,1.649000049235365850e+02,-7.226481040442270576e+00,-9.114030394735300433e+01,-1.665418164062500000e+04,7.800215148925781250e+01,2.096058105468750000e+03,2.548328340053558350e-01,4.852147400379180908e-01,7.522232085466384888e-02,1.974471807479858398e-01,-1.649000049235365850e+02,7.226481040442270576e+00,9.114030394735300433e+01,0.000000000000000000e+00,0.000000000000000000e+00,0.000000000000000000e+00,2.548328340053558350e-01,4.852147400379180908e-01,7.522232085466384888e-02,1.974471807479858398e-01,8.825236718750000000e+04,7.749060937500000000e+04,3.223450000000000000e+04,7.294150000000000000e+04,-7.315301423047110438e+07
3.415000000000000036e+00,-1.781498185008337032e+02,-7.387954825884139431e+00,-8.902313919976432999e+01,-1.667898828125000000e+04,8.218302154541015625e+01,2.112016845703125000e+03,2.431508153676986694e-01,4.873129427433013916e-01,7.475757598876953125e-02,2.040107548236846924e-01,1.781498185008337032e+02,7.387954825884139431e+00,8.902313919976432999e+01,0.000000000000000000e+00,0.000000000000000000e+00,0.000000000000000000e+00,2.431508153676986694e-01,4.873129427433013916e-01,7.475757598876953125e-02,2.040107548236846924e-01,8.829793750000000000e+04,7.760019531250000000e+04,3.212613867187500000e+04,7.280525781250000000e+04,-7.319273128949247301e+07
3.415999999999999925e+00,-1.611599377872353500e+02,-6.914906630955209188e+00,-8.693964799957201706e+01,-1.672856054687500000e+04,9.440431213378906250e+01,2.126167480468750000e+03,2.941102385520935059e-01,6.518499553203582764e-02,3.869842588901519775e-01,3.154716789722442627e-01,1.611599377872353500e+02,6.914906630955209188e+00,8.693964799957201706e+01,0.000000000000000000e+00,0.000000000000000000e+00,0.000000000000000000e+00,2.941102385520935059e-01,6.518499553203582764e-02,3.869842588901519775e-01,3.154716789722442627e-01,8.827435156250000000e+04,7.771081250000000000e+04,3.202994335937500000e+04,7.272475781250000000e+04,-7.322631013336805999e+07
3.416999999999999815e+00,-1.442098543116968585e+02,-5.860755190741412157e+00,-8.511117907401082050e+01,-1.674475390625000000e+04,1.030375518798828125e+02,2.105706054687500000e+03,2.842152714729309082e-01,8.601315319538116455e-02,3.873296380043029785e-01,3.182581067085266113e-01,1.442098543116968585e+02,5.860755190741412157e+00,8.511117907401082050e+01,0.000000000000000000e+00,0.000000000000000000e+00,0.000000000000000000e+00,2.842152714729309082e-01,8.601315319538116455e-02,3.873296380043029785e-01,3.182581067085266113e-01,8.816164843750000000e+04,7.782704687500000000e+04,3.193868945312500000e+04,7.268943750000000000e+04,-7.325438487670344114e+07
3.418000000000000149e+00,-1.273657390042882582e+02,-4.306739870006524917e+00,-8.365140985923923722e+01,-1.671282031250000000e+04,1.002026214599609375e+02,2.133361572265625000e+03,2.772081196308135986e-01,1.086715012788772583e-01,3.820250034332275391e-01,3.180817067623138428e-01,1.273657390042882582e+02,4.306739870006524917e+00,8.365140985923923722e+01,0.000000000000000000e+00,0.000000000000000000e+00,0.000000000000000000e+00,2.772081196308135986e-01,1.086715012788772583e-01,3.820250034332275391e-01,3.180817067623138428e-01,8.827870312500000000e+04,7.759657031250000000e+04,3.204587304687500000e+04,7.280631250000000000e+04,-7.327762301455529034e+07
3.419000000000000039e+00,-1.106338406718423499e+02,-2.404082752020168190e+00,-8.269942399439305802e+01,-1.667425585937500000e+04,9.148535919189453125e+01,2.132348388671875000e+03,2.689759731292724609e-01,1.341615319252014160e-01,3.704587519168853760e-01,3.144868910312652588e-01,1.106338406718423499e+02,2.404082752020168190e+00,8.269942399439305802e+01,0.000000000000000000e+00,0.000000000000000000e+00,0.000000000000000000e+00,2.689759731292724609e-01,1.341615319252014160e-01,3.704587519168853760e-01,3.144868910312652588e-01,8.839084375000000000e+04,7.737191406250000000e+04,3.215903125000000000e+04,7.291921093750000000e+04,-7.329670783559997380e+07
3.419999999999999929e+00,-9.394423815438717895e+01,-2.905483254393921300e-01,-8.232982094846771304e+01,-1.667896484375000000e+04,8.911105346679687500e+01,2.151334228515625000e+03,2.634556889533996582e-01,1.617112457752227783e-01,3.515870571136474609e-01,3.073754608631134033e-01,9.394423815438717895e+01,2.905483254393921300e-01,8.232982094846771304e+01,0.000000000000000000e+00,0.000000000000000000e+00,0.000000000000000000e+00,2.634556889533996582e-01,1.617112457752227783e-01,3.515870571136474609e-01,3.073754608631134033e-01,8.846736718750000000e+04,7.714428906250000000e+04,3.226756835937500000e+04,7.303553906250000000e+04,-7.331231163931812346e+07
3.420999999999999819e+00,-7.721170341639343349e+01,1.832136012308179351e+00,-8.259279838319920941e+01,-1.672705078125000000e+04,9.887396240234375000e+01,2.144250244140625000e+03,2.565397024154663086e-01,1.932450234889984131e-01,3.253854215145111084e-01,2.956921756267547607e-01,7.721170341639343349e+01,-1.832136012308179351e+00,8.259279838319920941e+01,0.000000000000000000e+00,0.000000000000000000e+00,0.000000000000000000e+00,2.565397024154663086e-01,1.932450234889984131e-01,3.253854215145111084e-01,2.956921756267547607e-01,8.853717187500000000e+04,7.691970312500000000e+04,3.238185937500000000e+04,7.314636718750000000e+04,-7.332509821352972090e+07
3.422000000000000153e+00,-6.040820013523039478e+01,3.816779110196481639e+00,-8.348353797344788063e+01,-1.675758984375000000e+04,1.125871124267578125e+02,2.179769042968750000e+03,2.510223388671875000e-01,2.277102768421173096e-01,2.915658056735992432e-01,2.793875932693481445e-01,6.040820013523039478e+01,-3.816779110196481639e+00,8.348353797344788063e+01,0.000000000000000000e+00,0.000000000000000000e+00,0.000000000000000000e+00,2.510223388671875000e-01,2.277102768421173096e-01,2.915658056735992432e-01,2.793875932693481445e-01,8.852471093750000000e+04,7.670231250000000000e+04,3.248781640625000000e+04,7.326438281250000000e+04,-7.333573143308864534e+07
3.423000000000000043e+00,-4.355561547511657494e+01,5.440577616968658603e+00,-8.490374088772641414e+01,-1.673598828125000000e+04,1.155929794311523438e+02,2.158752441406250000e+03,2.446041405200958252e-01,2.635021805763244629e-01,2.525391578674316406e-01,2.602036297321319580e-01,4.355561547511657494e+01,-5.440577616968658603e+00,8.490374088772641414e+01,0.000000000000000000e+00,0.000000000000000000e+00,0.000000000000000000e+00,2.446041405200958252e-01,2.635021805763244629e-01,2.525391578674316406e-01,2.602036297321319580e-01,8.850217968750000000e+04,7.675712500000000000e+04,3.260450390625000000e+04,7.337336718750000000e+04,-7.334486676982960105e+07
3.423999999999999932e+00,-2.667274899428312906e+01,6.599119360045508031e+00,-8.675043148321755382e+01,-1.668717382812500000e+04,1.091648864746093750e+02,2.176334716796875000e+03,2.444915473461151123e-01,2.965465784072875977e-01,2.102746814489364624e-01,2.408619523048400879e-01,2.667274899428312906e+01,-6.599119360045508031e+00,8.675043148321755382e+01,0.000000000000000000e+00,0.000000000000000000e+00,0.000000000000000000e+00,2.444915473461151123e-01,2.965465784072875977e-01,2.102746814489364624e-01,2.408619523048400879e-01,8.840181250000000000e+04,7.686699218750000000e+04,3.271383984375000000e+04,7.348968750000000000e+04,-7.335314739110736549e+07
3.424999999999999822e+00,-9.741943208290873457e+00,7.178875466482938172e+00,-8.885407531324050012e+01,-1.667646289062500000e+04,1.022496948242187500e+02,2.172690185546875000e+03,2.443319559097290039e-01,3.261148631572723389e-01,1.703618615865707397e-01,2.238824218511581421e-01,9.741943208290873457e+00,-7.178875466482938172e+00,8.885407531324050012e+01,0.000000000000000000e+00,0.000000000000000000e+00,0.000000000000000000e+00,2.443319559097290039e-01,3.261148631572723389e-01,1.703618615865707397e-01,2.238824218511581421e-01,8.829905468750000000e+04,7.697935156250000000e+04,3.282745312500000000e+04,7.360162500000000000e+04,-7.336118887951757014e+07
3.426000000000000156e+00,7.245579338143302017e+00,7.120684817009455436e+00,-9.105186965511411756e+01,-1.671192578125000000e+04,1.060479736328125000e+02,2.186659423828125000e+03,2.457670718431472778e-01,3.521925508975982666e-01,1.347903907299041748e-01,2.096359878778457642e-01,-7.245579338143302017e+00,-7.120684817009455436e+00,9.105186965511411756e+01,0.000000000000000000e+00,0.000000000000000000e+00,0.000000000000000000e+00,2.457670718431472778e-01,3.521925508975982666e-01,1.347903907299041748e-01,2.096359878778457642e-01,8.820214843750000000e+04,7.708979687500000000e+04,3.293775781250000000e+04,7.369910937500000000e+04,-7.336958252505746484e+07
3.427000000000000046e+00,2.424247683369036110e+01,6.430517922361226546e+00,-9.309942733250751701e+01,-1.675333398437500000e+04,1.128975524902343750e+02,2.151899658203125000e+03,2.458785027265548706e-01,3.756002783775329590e-01,1.062068566679954529e-01,1.981192529201507568e-01,-2.424247683369036110e+01,-6.430517922361226546e+00,9.309942733250751701e+01,0.000000000000000000e+00,0.000000000000000000e+00,0.000000000000000000e+00,2.458785027265548706e-01,3.756002783775329590e-01,1.062068566679954529e-01,1.981192529201507568e-01,8.810722656250000000e+04,7.720877343750000000e+04,3.305605078125000000e+04,7.368081250000000000e+04,-7.337887907767088711e+07
3.427999999999999936e+00,4.117044343716016641e+01,5.167058498269391009e+00,-9.486520569752990184e+01,-1.674754296875000000e+04,1.142156677246093750e+02,2.168583984375000000e+03,2.501339614391326904e-01,3.970285654067993164e-01,8.406156301498413086e-02,1.888761520385742188e-01,-4.117044343716016641e+01,-5.167058498269391009e+00,9.486520569752990184e+01,0.000000000000000000e+00,0.000000000000000000e+00,0.000000000000000000e+00,2.501339614391326904e-01,3.970285654067993164e-01,8.406156301498413086e-02,1.888761520385742188e-01,8.802443750000000000e+04,7.731796875000000000e+04,3.316611328125000000e+04,7.367233593750000000e+04,-7.338960018882925808e+07
3.428999999999999826e+00,5.797773801395792503e+01,3.441909190215086678e+00,-9.620559359395021204e+01,-1.670465820312500000e+04,1.014750976562500000e+02,2.187723876953125000e+03,2.537832856178283691e-01,4.157893657684326172e-01,7.059532403945922852e-02,1.828269958496093750e-01,-5.797773801395792503e+01,-3.441909190215086678e+00,9.620559359395021204e+01,0.000000000000000000e+00,0.000000000000000000e+00,0.000000000000000000e+00,2.537832856178283691e-01,4.157893657684326172e-01,7.059532403945922852e-02,1.828269958496093750e-01,8.794342187500000000e+04,7.742710937500000000e+04,3.327480468750000000e+04,7.357810156250000000e+04,-7.340222896991211176e+07
3.430000000000000160e+00,7.468850003748643474e+01,1.417867701201120045e+00,-9.700201347917708006e+01,-1.667498632812500000e+04,8.395229339599609375e+01,2.180894775390625000e+03,2.599714100360870361e-01,4.323341846466064453e-01,6.430606544017791748e-02,1.795173436403274536e-01,-7.468850003748643474e+01,-1.417867701201120045e+00,9.700201347917708006e+01,0.000000000000000000e+00,0.000000000000000000e+00,0.000000000000000000e+00,2.599714100360870361e-01,4.323341846466064453e-01,6.430606544017791748e-02,1.795173436403274536e-01,8.791808593750000000e+04,7.754124218750000000e+04,3.311731250000000000e+04,7.336459375000000000e+04,-7.341721874291779101e+07
3.431000000000000050e+00,9.138975369905838875e+01,-7.232316986682221227e-01,-9.718895763827647727e+01,-1.669816210937500000e+04,7.417887115478515625e+01,2.155593017578125000e+03,2.681955099105834961e-01,4.474671483039855957e-01,6.344585120677947998e-02,1.780872344970703125e-01,-9.138975369905838875e+01,7.232316986682221227e-01,9.718895763827647727e+01,0.000000000000000000e+00,0.000000000000000000e+00,0.000000000000000000e+00,2.681955099105834961e-01,4.474671483039855957e-01,6.344585120677947998e-02,1.780872344970703125e-01,8.788914843750000000e+04,7.765821875000000000e+04,3.296534375000000000e+04,7.315322656250000000e+04,-7.343501704654987156e+07
3.431999999999999940e+00,1.081516460677093363e+02,-2.826904717365605446e+00,-9.675236150017111925e+01,-1.674641015625000000e+04,7.333027648925781250e+01,2.154874511718750000e+03,2.740006446838378906e-01,4.608986377716064453e-01,6.608717143535614014e-02,1.787035316228866577e-01,-1.081516460677093363e+02,2.826904717365605446e+00,9.675236150017111925e+01,0.000000000000000000e+00,0.000000000000000000e+00,0.000000000000000000e+00,2.740006446838378906e-01,4.608986377716064453e-01,6.608717143535614014e-02,1.787035316228866577e-01,8.791008593750000000e+04,7.777014062500000000e+04,3.276162109375000000e+04,7.292806250000000000e+04,-7.345608283594316244e+07
3.432999999999999829e+00,1.249839989653155357e+02,-4.744248360033481049e+00,-9.571235749076315358e+01,-1.676165039062500000e+04,7.093668365478515625e+01,2.186787841796875000e+03,2.722166776657104492e-01,4.713375270366668701e-01,7.039415836334228516e-02,1.822993159294128418e-01,-1.249839989653155357e+02,4.744248360033481049e+00,9.571235749076315358e+01,0.000000000000000000e+00,0.000000000000000000e+00,0.000000000000000000e+00,2.722166776657104492e-01,4.713375270366668701e-01,7.039415836334228516e-02,1.822993159294128418e-01,8.799391406250000000e+04,7.787765625000000000e+04,3.254889843750000000e+04,7.270914843750000000e+04,-7.348088719920946658e+07
3.434000000000000163e+00,1.418614935834471567e+02,-6.279628707270990873e+00,-9.417614245580612931e+01,-1.672791992187500000e+04,5.550284194946289062e+01,2.173895019531250000e+03,2.632884681224822998e-01,4.782450199127197266e-01,7.457583397626876831e-02,1.888773739337921143e-01,-1.418614935834471567e+02,6.279628707270990873e+00,9.417614245580612931e+01,0.000000000000000000e+00,0.000000000000000000e+00,0.000000000000000000e+00,2.632884681224822998e-01,4.782450199127197266e-01,7.457583397626876831e-02,1.888773739337921143e-01,8.809705468750000000e+04,7.799297656250000000e+04,3.240802148437500000e+04,7.251163281250000000e+04,-7.350992046211574972e+07
3.435000000000000053e+00,1.587824641190791510e+02,-7.327077986887319483e+00,-9.225272168730553801e+01,-1.669107617187500000e+04,3.581085968017578125e+01,2.185664306640625000e+03,2.545243501663208008e-01,4.823317825794219971e-01,7.701040804386138916e-02,1.973328292369842529e-01,-1.587824641190791510e+02,7.327077986887319483e+00,9.225272168730553801e+01,0.000000000000000000e+00,0.000000000000000000e+00,0.000000000000000000e+00,2.545243501663208008e-01,4.823317825794219971e-01,7.701040804386138916e-02,1.973328292369842529e-01,8.813860156250000000e+04,7.810275781250000000e+04,3.230047851562500000e+04,7.237242968750000000e+04,-7.354369658375801146e+07
3.435999999999999943e+00,1.757625415772059796e+02,-7.782325598881639550e+00,-9.013034768973356847e+01,-1.669904687500000000e+04,1.958933258056640625e+01,2.160180908203125000e+03,2.420039921998977661e-01,4.841782450675964355e-01,7.785674184560775757e-02,2.058888971805572510e-01,-1.757625415772059796e+02,7.782325598881639550e+00,9.013034768973356847e+01,0.000000000000000000e+00,0.000000000000000000e+00,0.000000000000000000e+00,2.420039921998977661e-01,4.841782450675964355e-01,7.785674184560775757e-02,2.058888971805572510e-01,8.811011718750000000e+04,7.821961718750000000e+04,3.222245898437500000e+04,7.229458593750000000e+04,-7.358277309894609451e+07
3.436999999999999833e+00,-1.672020306967081638e+02,-7.607027744823009918e+00,-8.796448957855690765e+01,-1.674342578125000000e+04,1.464679908752441406e+01,2.161133300781250000e+03,2.308379411697387695e-01,4.850941896438598633e-01,7.677806168794631958e-02,2.128227502107620239e-01,1.672020306967081638e+02,7.607027744823009918e+00,8.796448957855690765e+01,0.000000000000000000e+00,0.000000000000000000e+00,0.000000000000000000e+00,2.308379411697387695e-01,4.850941896438598633e-01,7.677806168794631958e-02,2.128227502107620239e-01,8.799694531250000000e+04,7.833259375000000000e+04,3.214865429687500000e+04,7.228787500000000000e+04,-7.361852523631311953e+07
3.438000000000000167e+00,-1.501712338713953443e+02,-6.817939146937879613e+00,-8.595615305791501726e+01,-1.677666406250000000e+04,1.088768959045410156e+01,2.150644775390625000e+03,2.862669825553894043e-01,7.269194722175598145e-02,3.909497559070587158e-01,3.234803974628448486e-01,1.501712338713953443e+02,6.817939146937879613e+00,8.595615305791501726e+01,0.000000000000000000e+00,0.000000000000000000e+00,0.000000000000000000e+00,2.862669825553894043e-01,7.269194722175598145e-02,3.909497559070587158e-01,3.234803974628448486e-01,8.780242187500000000e+04,7.844649218750000000e+04,3.206936523437500000e+04,7.233176562500000000e+04,-7.364851158033829927e+07
3.439000000000000057e+00,-1.332261488898536186e+02,-5.459509577907030398e+00,-8.422555818673068018e+01,-1.675795312500000000e+04,-5.304213166236877441e-01,2.200069091796875000e+03,2.783525586128234863e-01,9.310966730117797852e-02,3.886766135692596436e-01,3.261376321315765381e-01,1.332261488898536186e+02,5.459509577907030398e+00,8.422555818673068018e+01,0.000000000000000000e+00,0.000000000000000000e+00,0.000000000000000000e+00,2.783525586128234863e-01,9.310966730117797852e-02,3.886766135692596436e-01,3.261376321315765381e-01,8.792391406250000000e+04,7.821289062500000000e+04,3.217395312500000000e+04,7.245232812500000000e+04,-7.367338453798301518e+07
3.439999999999999947e+00,-1.164076456241455162e+02,-3.691388298289440595e+00,-8.296613824906668810e+01,-1.671602929687500000e+04,-2.130675888061523438e+01,2.176057128906250000e+03,2.682789266109466553e-01,1.167456954717636108e-01,3.805665671825408936e-01,3.253350853919982910e-01,1.164076456241455162e+02,3.691388298289440595e+00,8.296613824906668810e+01,0.000000000000000000e+00,0.000000000000000000e+00,0.000000000000000000e+00,2.682789266109466553e-01,1.167456954717636108e-01,3.805665671825408936e-01,3.253350853919982910e-01,8.803201562500000000e+04,7.799225781250000000e+04,3.229001562500000000e+04,7.256028125000000000e+04,-7.369383228438630700e+07
3.440999999999999837e+00,-9.967048551491426167e+01,-1.651281582324777064e+00,-8.226204399285209945e+01,-1.670235937500000000e+04,-3.717691040039062500e+01,2.165270751953125000e+03,2.638928294181823730e-01,1.412008404731750488e-01,3.653176426887512207e-01,3.217383325099945068e-01,9.967048551491426167e+01,1.651281582324777064e+00,8.226204399285209945e+01,0.000000000000000000e+00,0.000000000000000000e+00,0.000000000000000000e+00,2.638928294181823730e-01,1.412008404731750488e-01,3.653176426887512207e-01,3.217383325099945068e-01,8.810770312500000000e+04,7.776912500000000000e+04,3.240472851562500000e+04,7.267074218750000000e+04,-7.371053626068183780e+07
3.442000000000000171e+00,-8.292605716609222100e+01,5.037317928616787954e-01,-8.217203744744797689e+01,-1.674154882812500000e+04,-4.130319213867187500e+01,2.164191406250000000e+03,2.588869333267211914e-01,1.695468723773956299e-01,3.427592217922210693e-01,3.137035071849822998e-01,8.292605716609222100e+01,-5.037317928616787954e-01,8.217203744744797689e+01,0.000000000000000000e+00,0.000000000000000000e+00,0.000000000000000000e+00,2.588869333267211914e-01,1.695468723773956299e-01,3.427592217922210693e-01,3.137035071849822998e-01,8.815067968750000000e+04,7.754350000000000000e+04,3.251664648437500000e+04,7.278355468750000000e+04,-7.372416548912294209e+07
3.443000000000000060e+00,-6.612703974618425207e+01,2.618283056213063897e+00,-8.271963939550244049e+01,-1.678206445312500000e+04,-3.668802261352539062e+01,2.191768066406250000e+03,2.528846859931945801e-01,2.020025253295898438e-01,3.126817047595977783e-01,3.008348345756530762e-01,6.612703974618425207e+01,-2.618283056213063897e+00,8.271963939550244049e+01,0.000000000000000000e+00,0.000000000000000000e+00,0.000000000000000000e+00,2.528846859931945801e-01,2.020025253295898438e-01,3.126817047595977783e-01,3.008348345756530762e-01,8.816301562500000000e+04,7.731411718750000000e+04,3.262510156250000000e+04,7.290139062500000000e+04,-7.373538766865642369e+07
3.443999999999999950e+00,-4.927448984477013028e+01,4.478062580097804002e+00,-8.385338410959639077e+01,-1.678035546875000000e+04,-3.733329391479492188e+01,2.184434082031250000e+03,2.461615949869155884e-01,2.371233105659484863e-01,2.759699225425720215e-01,2.839338183403015137e-01,4.927448984477013028e+01,-4.478062580097804002e+00,8.385338410959639077e+01,0.000000000000000000e+00,0.000000000000000000e+00,0.000000000000000000e+00,2.461615949869155884e-01,2.371233105659484863e-01,2.759699225425720215e-01,2.839338183403015137e-01,8.812483593750000000e+04,7.716137500000000000e+04,3.273806445312500000e+04,7.301222656250000000e+04,-7.374486708707699180e+07
3.444999999999999840e+00,-3.238825546175961989e+01,5.929420265106289278e+00,-8.546838467938633244e+01,-1.673774218750000000e+04,-4.661959457397460938e+01,2.173578613281250000e+03,2.440654337406158447e-01,2.709844112396240234e-01,2.344972938299179077e-01,2.654929161071777344e-01,3.238825546175961989e+01,-5.929420265106289278e+00,8.546838467938633244e+01,0.000000000000000000e+00,0.000000000000000000e+00,0.000000000000000000e+00,2.440654337406158447e-01,2.709844112396240234e-01,2.344972938299179077e-01,2.654929161071777344e-01,8.803966406250000000e+04,7.727133593750000000e+04,3.285305468750000000e+04,7.312247656250000000e+04,-7.375325608897323906e+07
3.446000000000000174e+00,-1.545688963895487333e+01,6.859451804496253580e+00,-8.743153774091739194e+01,-1.671071484375000000e+04,-5.914613342285156250e+01,2.168129882812500000e+03,2.447879314422607422e-01,3.020100593566894531e-01,1.924675703048706055e-01,2.479086965322494507e-01,1.545688963895487333e+01,-6.859451804496253580e+00,8.743153774091739194e+01,0.000000000000000000e+00,0.000000000000000000e+00,0.000000000000000000e+00,2.447879314422607422e-01,3.020100593566894531e-01,1.924675703048706055e-01,2.479086965322494507e-01,8.794107812500000000e+04,7.738475781250000000e+04,3.296606250000000000e+04,7.323398437500000000e+04,-7.376118633028134704e+07
3.447000000000000064e+00,1.537332150362110905e+00,7.182745808348263594e+00,-8.956254816999270929e+01,-1.673176367187500000e+04,-6.482124328613281250e+01,2.146232177734375000e+03,2.462037056684494019e-01,3.295839726924896240e-01,1.538548171520233154e-01,2.327211797237396240e-01,-1.537332150362110905e+00,-7.182745808348263594e+00,8.956254816999270929e+01,0.000000000000000000e+00,0.000000000000000000e+00,0.000000000000000000e+00,2.462037056684494019e-01,3.295839726924896240e-01,1.538548171520233154e-01,2.327211797237396240e-01,8.784813281250000000e+04,7.750147656250000000e+04,3.308282031250000000e+04,7.334366406250000000e+04,-7.376926173554353416e+07
3.447999999999999954e+00,1.858004486574924030e+01,6.867441098617084627e+00,-9.169991321874719858e+01,-1.677931445312500000e+04,-6.029687881469726562e+01,2.151458740234375000e+03,2.485162168741226196e-01,3.543322682380676270e-01,1.207259893417358398e-01,2.199878245592117310e-01,-1.858004486574924030e+01,-6.867441098617084627e+00,9.169991321874719858e+01,0.000000000000000000e+00,0.000000000000000000e+00,0.000000000000000000e+00,2.485162168741226196e-01,3.543322682380676270e-01,1.207259893417358398e-01,2.199878245592117310e-01,8.777149218750000000e+04,7.761310937500000000e+04,3.319450000000000000e+04,7.345725000000000000e+04,-7.377806298944231868e+07
3.448999999999999844e+00,3.559544580309862027e+01,5.945292240803512485e+00,-9.364251830242895380e+01,-1.679666601562500000e+04,-5.834727478027343750e+01,2.146282470703125000e+03,2.494008690118789673e-01,3.766268491744995117e-01,9.545574337244033813e-02,2.099539041519165039e-01,-3.559544580309862027e+01,-5.945292240803512485e+00,9.364251830242895380e+01,0.000000000000000000e+00,0.000000000000000000e+00,0.000000000000000000e+00,2.494008690118789673e-01,3.766268491744995117e-01,9.545574337244033813e-02,2.099539041519165039e-01,8.771197656250000000e+04,7.772591406250000000e+04,3.330798046875000000e+04,7.352616406250000000e+04,-7.378813429293808341e+07
3.450000000000000178e+00,5.250289577952672460e+01,4.505367563993378788e+00,-9.523198165615359301e+01,-1.676072656250000000e+04,-6.591864013671875000e+01,2.146428710937500000e+03,2.530643939971923828e-01,3.966180384159088135e-01,7.762323319911956787e-02,2.025286555290222168e-01,-5.250289577952672460e+01,-4.505367563993378788e+00,9.523198165615359301e+01,0.000000000000000000e+00,0.000000000000000000e+00,0.000000000000000000e+00,2.530643939971923828e-01,3.966180384159088135e-01,7.762323319911956787e-02,2.025286555290222168e-01,8.766117187500000000e+04,7.783878125000000000e+04,3.335410156250000000e+04,7.352008593750000000e+04,-7.379998027567036450e+07
3.451000000000000068e+00,6.929399348896014033e+01,2.710828181269343329e+00,-9.632701494715193746e+01,-1.672030078125000000e+04,-8.246398925781250000e+01,2.106958740234375000e+03,2.594763934612274170e-01,4.144825339317321777e-01,6.736120581626892090e-02,1.975674182176589966e-01,-6.929399348896014033e+01,-2.710828181269343329e+00,9.632701494715193746e+01,0.000000000000000000e+00,0.000000000000000000e+00,0.000000000000000000e+00,2.594763934612274170e-01,4.144825339317321777e-01,6.736120581626892090e-02,1.975674182176589966e-01,8.763110937500000000e+04,7.795844531250000000e+04,3.325769921875000000e+04,7.345266406250000000e+04,-7.381406817560206354e+07
3.451999999999999957e+00,8.603749598331320669e+01,6.578540513745251284e-01,-9.686862987001083525e+01,-1.672566601562500000e+04,-9.069345092773437500e+01,2.128780273437500000e+03,2.703413963317871094e-01,4.309618473052978516e-01,6.316430121660232544e-02,1.943300217390060425e-01,-8.603749598331320669e+01,-6.578540513745251284e-01,9.686862987001083525e+01,0.000000000000000000e+00,0.000000000000000000e+00,0.000000000000000000e+00,2.703413963317871094e-01,4.309618473052978516e-01,6.316430121660232544e-02,1.943300217390060425e-01,8.765861718750000000e+04,7.806650000000000000e+04,3.306877343750000000e+04,7.336006250000000000e+04,-7.383085459054198861e+07
3.452999999999999847e+00,1.028146610723425738e+02,-1.455092302898883139e+00,-9.679473982835777690e+01,-1.677475000000000000e+04,-8.971489715576171875e+01,2.119910156250000000e+03,2.744784951210021973e-01,4.453781247138977051e-01,6.492173671722412109e-02,1.935616284608840942e-01,-1.028146610723425738e+02,1.455092302898883139e+00,9.679473982835777690e+01,0.000000000000000000e+00,0.000000000000000000e+00,0.000000000000000000e+00,2.744784951210021973e-01,4.453781247138977051e-01,6.492173671722412109e-02,1.935616284608840942e-01,8.775680468750000000e+04,7.818069531250000000e+04,3.285292578125000000e+04,7.323887500000000000e+04,-7.385079678402546048e+07
3.454000000000000181e+00,1.196500235233193621e+02,-3.446250715802635423e+00,-9.611024247549576671e+01,-1.680419531250000000e+04,-8.390681457519531250e+01,2.111213134765625000e+03,2.758304774761199951e-01,4.578957259654998779e-01,6.895763427019119263e-02,1.949470788240432739e-01,-1.196500235233193621e+02,3.446250715802635423e+00,9.611024247549576671e+01,0.000000000000000000e+00,0.000000000000000000e+00,0.000000000000000000e+00,2.758304774761199951e-01,4.578957259654998779e-01,6.895763427019119263e-02,1.949470788240432739e-01,8.786868750000000000e+04,7.829532812500000000e+04,3.265833984375000000e+04,7.311477343750000000e+04,-7.387436196750728786e+07
3.455000000000000071e+00,1.365295327750348235e+02,-5.138710996329508340e+00,-9.488890472428008138e+01,-1.678623242187500000e+04,-8.575491333007812500e+01,2.090813720703125000e+03,2.718950808048248291e-01,4.674384295940399170e-01,7.324584573507308960e-02,1.989222913980484009e-01,-1.365295327750348235e+02,5.138710996329508340e+00,9.488890472428008138e+01,0.000000000000000000e+00,0.000000000000000000e+00,0.000000000000000000e+00,2.718950808048248291e-01,4.674384295940399170e-01,7.324584573507308960e-02,1.989222913980484009e-01,8.797735937500000000e+04,7.841066406250000000e+04,3.250289062500000000e+04,7.300248437500000000e+04,-7.390203259141753614e+07
3.455999999999999961e+00,1.534413876488334836e+02,-6.424339398776073295e+00,-9.320883262805575953e+01,-1.674069921875000000e+04,-9.408071136474609375e+01,2.114153320312500000e+03,2.648381590843200684e-01,4.736420810222625732e-01,7.643613964319229126e-02,2.053345888853073120e-01,-1.534413876488334836e+02,6.424339398776073295e+00,9.320883262805575953e+01,0.000000000000000000e+00,0.000000000000000000e+00,0.000000000000000000e+00,2.648381590843200684e-01,4.736420810222625732e-01,7.643613964319229126e-02,2.053345888853073120e-01,8.808560156250000000e+04,7.851921875000000000e+04,3.238088867187500000e+04,7.293103125000000000e+04,-7.393430600947773457e+07
3.456999999999999851e+00,1.704076025079100987e+02,-7.169343179224563656e+00,-9.123976027214450824e+01,-1.673129101562500000e+04,-1.018723220825195312e+02,2.097334228515625000e+03,2.522074580192565918e-01,4.770296514034271240e-01,7.833169400691986084e-02,2.127981632947921753e-01,-1.704076025079100987e+02,7.169343179224563656e+00,9.123976027214450824e+01,0.000000000000000000e+00,0.000000000000000000e+00,0.000000000000000000e+00,2.522074580192565918e-01,4.770296514034271240e-01,7.833169400691986084e-02,2.127981632947921753e-01,8.813315625000000000e+04,7.863509375000000000e+04,3.229414453125000000e+04,7.290215625000000000e+04,-7.397172085380636156e+07
3.458000000000000185e+00,-1.725565538154864669e+02,-7.305559481225170515e+00,-8.915072256670940476e+01,-1.677079882812500000e+04,-9.766426849365234375e+01,2.082000976562500000e+03,2.406267523765563965e-01,4.790095686912536621e-01,7.842682301998138428e-02,2.194788306951522827e-01,1.725565538154864669e+02,7.305559481225170515e+00,8.915072256670940476e+01,0.000000000000000000e+00,0.000000000000000000e+00,0.000000000000000000e+00,2.406267523765563965e-01,4.790095686912536621e-01,7.842682301998138428e-02,2.194788306951522827e-01,8.809078125000000000e+04,7.875003125000000000e+04,3.222564257812500000e+04,7.292910937500000000e+04,-7.400949784060454369e+07
3.459000000000000075e+00,-1.554882826581994095e+02,-6.818318383802153271e+00,-8.712023584950192401e+01,-1.681677734375000000e+04,-8.661711120605468750e+01,2.078806640625000000e+03,2.955878973007202148e-01,5.834401771426200867e-02,3.905986249446868896e-01,3.273278474807739258e-01,1.554882826581994095e+02,6.818318383802153271e+00,8.712023584950192401e+01,0.000000000000000000e+00,0.000000000000000000e+00,0.000000000000000000e+00,2.955878973007202148e-01,5.834401771426200867e-02,3.905986249446868896e-01,3.273278474807739258e-01,8.796640625000000000e+04,7.886267968750000000e+04,3.215713476562500000e+04,7.300729687500000000e+04,-7.404131087160860002e+07
3.459999999999999964e+00,-1.384769800366727566e+02,-5.759246134885715129e+00,-8.532993074444576109e+01,-1.681333984375000000e+04,-8.199819946289062500e+01,2.076650146484375000e+03,2.869760394096374512e-01,7.873871177434921265e-02,3.899725377559661865e-01,3.305052518844604492e-01,1.384769800366727566e+02,5.759246134885715129e+00,8.532993074444576109e+01,0.000000000000000000e+00,0.000000000000000000e+00,0.000000000000000000e+00,2.869760394096374512e-01,7.873871177434921265e-02,3.899725377559661865e-01,3.305052518844604492e-01,8.807898437500000000e+04,7.863838281250000000e+04,3.227010937500000000e+04,7.311967968750000000e+04,-7.406780111160556972e+07
3.460999999999999854e+00,-1.215829651741196358e+02,-4.223650229971624981e+00,-8.392493161823435344e+01,-1.676991406250000000e+04,-8.444271850585937500e+01,2.083461425781250000e+03,2.794526219367980957e-01,1.014182344079017639e-01,3.836947977542877197e-01,3.306337296962738037e-01,1.215829651741196358e+02,4.223650229971624981e+00,8.392493161823435344e+01,0.000000000000000000e+00,0.000000000000000000e+00,0.000000000000000000e+00,2.794526219367980957e-01,1.014182344079017639e-01,3.836947977542877197e-01,3.306337296962738037e-01,8.819209375000000000e+04,7.841237500000000000e+04,3.238176953125000000e+04,7.323419531250000000e+04,-7.408964476239448786e+07
3.462000000000000188e+00,-1.047830171944987399e+02,-2.343728508310678471e+00,-8.302243719681948164e+01,-1.674639648437500000e+04,-8.855773925781250000e+01,2.090240966796875000e+03,2.727836370468139648e-01,1.267191469669342041e-01,3.708350360393524170e-01,3.272946178913116455e-01,1.047830171944987399e+02,2.343728508310678471e+00,8.302243719681948164e+01,0.000000000000000000e+00,0.000000000000000000e+00,0.000000000000000000e+00,2.727836370468139648e-01,1.267191469669342041e-01,3.708350360393524170e-01,3.272946178913116455e-01,8.830586718750000000e+04,7.818543750000000000e+04,3.249275585937500000e+04,7.334756250000000000e+04,-7.410752246122829616e+07
3.463000000000000078e+00,-8.800198342134235929e+01,-2.832392839560621267e-01,-8.271110341271096900e+01,-1.677205078125000000e+04,-8.021131896972656250e+01,2.089784179687500000e+03,2.664332389831542969e-01,1.552348136901855469e-01,3.508588373661041260e-01,3.200335502624511719e-01,8.800198342134235929e+01,2.832392839560621267e-01,8.271110341271096900e+01,0.000000000000000000e+00,0.000000000000000000e+00,0.000000000000000000e+00,2.664332389831542969e-01,1.552348136901855469e-01,3.508588373661041260e-01,3.200335502624511719e-01,8.840746875000000000e+04,7.796073437500000000e+04,3.260574218750000000e+04,7.345950000000000000e+04,-7.412210801716662943e+07
3.463999999999999968e+00,-7.117603585039589120e+01,1.743879654941759449e+00,-8.301866925332959113e+01,-1.682022851562500000e+04,-6.404716491699218750e+01,2.056702636718750000e+03,2.601049244403839111e-01,1.879949569702148438e-01,3.230709433555603027e-01,3.077471554279327393e-01,7.117603585039589120e+01,-1.743879654941759449e+00,8.301866925332959113e+01,0.000000000000000000e+00,0.000000000000000000e+00,0.000000000000000000e+00,2.601049244403839111e-01,1.879949569702148438e-01,3.230709433555603027e-01,3.077471554279327393e-01,8.845653125000000000e+04,7.774175000000000000e+04,3.272300195312500000e+04,7.356632812500000000e+04,-7.413406918580685556e+07
3.464999999999999858e+00,-5.429815752430932463e+01,3.612273514599839253e+00,-8.393221895554408718e+01,-1.683333984375000000e+04,-4.478913116455078125e+01,2.086334960937500000e+03,2.561874687671661377e-01,2.232753038406372070e-01,2.875330746173858643e-01,2.911784350872039795e-01,5.429815752430932463e+01,-3.612273514599839253e+00,8.393221895554408718e+01,0.000000000000000000e+00,0.000000000000000000e+00,0.000000000000000000e+00,2.561874687671661377e-01,2.232753038406372070e-01,2.875330746173858643e-01,2.911784350872039795e-01,8.846986718750000000e+04,7.751086718750000000e+04,3.283111718750000000e+04,7.368452343750000000e+04,-7.414407514161613584e+07
3.466000000000000192e+00,-3.738836913786970229e+01,5.137264406776331782e+00,-8.536471120049711203e+01,-1.679864453125000000e+04,-3.766641616821289062e+01,2.096557617187500000e+03,2.505142688751220703e-01,2.599461674690246582e-01,2.474722415208816528e-01,2.719449698925018311e-01,3.738836913786970229e+01,-5.137264406776331782e+00,8.536471120049711203e+01,0.000000000000000000e+00,0.000000000000000000e+00,0.000000000000000000e+00,2.505142688751220703e-01,2.599461674690246582e-01,2.474722415208816528e-01,2.719449698925018311e-01,8.845146093750000000e+04,7.750839843750000000e+04,3.294115625000000000e+04,7.379907031250000000e+04,-7.415278655716685951e+07
3.467000000000000082e+00,-2.044956397395912973e+01,6.174847227166426755e+00,-8.717888564681322805e+01,-1.675813867187500000e+04,-3.522306442260742188e+01,2.089395507812500000e+03,2.489336431026458740e-01,2.935880720615386963e-01,2.054557651281356812e-01,2.530888020992279053e-01,2.044956397395912973e+01,-6.174847227166426755e+00,8.717888564681322805e+01,0.000000000000000000e+00,0.000000000000000000e+00,0.000000000000000000e+00,2.489336431026458740e-01,2.935880720615386963e-01,2.054557651281356812e-01,2.530888020992279053e-01,8.839032812500000000e+04,7.762272656250000000e+04,3.305553515625000000e+04,7.390978906250000000e+04,-7.416084302867448330e+07
3.467999999999999972e+00,-3.457763038618904883e+00,6.625220844738449522e+00,-8.917959444654174206e+01,-1.676699218750000000e+04,-2.885966110229492188e+01,2.045692871093750000e+03,2.500939965248107910e-01,3.237004578113555908e-01,1.653015613555908203e-01,2.359873056411743164e-01,3.457763038618904883e+00,-6.625220844738449522e+00,8.917959444654174206e+01,0.000000000000000000e+00,0.000000000000000000e+00,0.000000000000000000e+00,2.500939965248107910e-01,3.237004578113555908e-01,1.653015613555908203e-01,2.359873056411743164e-01,8.831257812500000000e+04,7.774226562500000000e+04,3.317497265625000000e+04,7.401470312500000000e+04,-7.416885187841661274e+07
3.468999999999999861e+00,1.359122918402165148e+01,6.453670770624747810e+00,-9.124517675441813935e+01,-1.681191406250000000e+04,-1.041306972503662109e+01,2.066678955078125000e+03,2.535696625709533691e-01,3.506844937801361084e-01,1.297000050544738770e-01,2.212101817131042480e-01,-1.359122918402165148e+01,-6.453670770624747810e+00,9.124517675441813935e+01,0.000000000000000000e+00,0.000000000000000000e+00,0.000000000000000000e+00,2.535696625709533691e-01,3.506844937801361084e-01,1.297000050544738770e-01,2.212101817131042480e-01,8.825671093750000000e+04,7.785090625000000000e+04,3.328453906250000000e+04,7.413110937500000000e+04,-7.417740393207471073e+07
3.470000000000000195e+00,3.063543596605331132e+01,5.673147761035837178e+00,-9.315680234889121891e+01,-1.684045507812500000e+04,7.476332187652587891e+00,2.062322753906250000e+03,2.530484795570373535e-01,3.749392330646514893e-01,1.027237102389335632e-01,2.093009948730468750e-01,-3.063543596605331132e+01,-5.673147761035837178e+00,9.315680234889121891e+01,0.000000000000000000e+00,0.000000000000000000e+00,0.000000000000000000e+00,2.530484795570373535e-01,3.749392330646514893e-01,1.027237102389335632e-01,2.093009948730468750e-01,8.822196093750000000e+04,7.796458593750000000e+04,3.339787500000000000e+04,7.419461718750000000e+04,-7.418705283644093573e+07
3.471000000000000085e+00,4.759194517381622092e+01,4.360362625190328245e+00,-9.475147258263766048e+01,-1.681523046875000000e+04,1.639225006103515625e+01,2.068131347656250000e+03,2.560071945190429688e-01,3.967556953430175781e-01,8.282677084207534790e-02,1.998114883899688721e-01,-4.759194517381622092e+01,-4.360362625190328245e+00,9.475147258263766048e+01,0.000000000000000000e+00,0.000000000000000000e+00,0.000000000000000000e+00,2.560071945190429688e-01,3.967556953430175781e-01,8.282677084207534790e-02,1.998114883899688721e-01,8.818719531250000000e+04,7.807651562500000000e+04,3.349998828125000000e+04,7.416862500000000000e+04,-7.419831468400517106e+07
3.471999999999999975e+00,6.443410154382370081e+01,2.658670883432161069e+00,-9.588251484988049356e+01,-1.677113671875000000e+04,1.517949485778808594e+01,2.049344726562500000e+03,2.614482641220092773e-01,4.161728620529174805e-01,7.071632146835327148e-02,1.929207295179367065e-01,-6.443410154382370081e+01,-2.658670883432161069e+00,9.588251484988049356e+01,0.000000000000000000e+00,0.000000000000000000e+00,0.000000000000000000e+00,2.614482641220092773e-01,4.161728620529174805e-01,7.071632146835327148e-02,1.929207295179367065e-01,8.816907812500000000e+04,7.819139062500000000e+04,3.344075781250000000e+04,7.406814843750000000e+04,-7.421166696263173223e+07
3.472999999999999865e+00,8.121255352172778430e+01,6.977481955666899882e-01,-9.647259452953423420e+01,-1.675938476562500000e+04,1.560052299499511719e+01,2.054962402343750000e+03,2.707572579383850098e-01,4.338010847568511963e-01,6.505732238292694092e-02,1.880399435758590698e-01,-8.121255352172778430e+01,-6.977481955666899882e-01,9.647259452953423420e+01,0.000000000000000000e+00,0.000000000000000000e+00,0.000000000000000000e+00,2.707572579383850098e-01,4.338010847568511963e-01,6.505732238292694092e-02,1.880399435758590698e-01,8.819569531250000000e+04,7.830327343750000000e+04,3.327713281250000000e+04,7.392260156250000000e+04,-7.422756988982905447e+07
3.474000000000000199e+00,9.801130539949106435e+01,-1.331919504156830802e+00,-9.646064105219916485e+01,-1.679692968750000000e+04,2.579366111755371094e+01,2.036828002929687500e+03,2.769132852554321289e-01,4.493440985679626465e-01,6.509440392255783081e-02,1.855729818344116211e-01,-9.801130539949106435e+01,1.331919504156830802e+00,9.646064105219916485e+01,0.000000000000000000e+00,0.000000000000000000e+00,0.000000000000000000e+00,2.769132852554321289e-01,4.493440985679626465e-01,6.509440392255783081e-02,1.855729818344116211e-01,8.828241406250000000e+04,7.841946875000000000e+04,3.307512890625000000e+04,7.374025781250000000e+04,-7.424648253509692848e+07
3.475000000000000089e+00,1.148781309074008163e+02,-3.289412591247514950e+00,-9.583877957021402949e+01,-1.683994531250000000e+04,4.198099136352539062e+01,2.060721679687500000e+03,2.800039649009704590e-01,4.628347754478454590e-01,6.776905804872512817e-02,1.853038966655731201e-01,-1.148781309074008163e+02,3.289412591247514950e+00,9.583877957021402949e+01,0.000000000000000000e+00,0.000000000000000000e+00,0.000000000000000000e+00,2.800039649009704590e-01,4.628347754478454590e-01,6.776905804872512817e-02,1.853038966655731201e-01,8.839965625000000000e+04,7.852721093750000000e+04,3.286990234375000000e+04,7.354928125000000000e+04,-7.426887541196240485e+07
3.475999999999999979e+00,1.318002837599609620e+02,-4.978647682462436386e+00,-9.466136649194508834e+01,-1.683545117187500000e+04,5.295378494262695312e+01,2.064047851562500000e+03,2.742968201637268066e-01,4.728794693946838379e-01,7.162392139434814453e-02,1.882537603378295898e-01,-1.318002837599609620e+02,4.978647682462436386e+00,9.466136649194508834e+01,0.000000000000000000e+00,0.000000000000000000e+00,0.000000000000000000e+00,2.742968201637268066e-01,4.728794693946838379e-01,7.162392139434814453e-02,1.882537603378295898e-01,8.851211718750000000e+04,7.863930468750000000e+04,3.269680859375000000e+04,7.335710156250000000e+04,-7.429523228800047934e+07
3.476999999999999869e+00,1.487498150242702195e+02,-6.245105724142442583e+00,-9.305066762173925099e+01,-1.679022460937500000e+04,5.067648696899414062e+01,2.049583251953125000e+03,2.660902440547943115e-01,4.797671139240264893e-01,7.437193393707275391e-02,1.935393661260604858e-01,-1.487498150242702195e+02,6.245105724142442583e+00,9.305066762173925099e+01,0.000000000000000000e+00,0.000000000000000000e+00,0.000000000000000000e+00,2.660902440547943115e-01,4.797671139240264893e-01,7.437193393707275391e-02,1.935393661260604858e-01,8.861805468750000000e+04,7.875488281250000000e+04,3.256187304687500000e+04,7.318926562500000000e+04,-7.432605622356058657e+07
3.478000000000000203e+00,1.657374246192938188e+02,-6.988969791507406271e+00,-9.113904760060465549e+01,-1.676553710937500000e+04,4.879565811157226562e+01,2.046082885742187500e+03,2.566645443439483643e-01,4.836893677711486816e-01,7.559197396039962769e-02,2.004636079072952271e-01,-1.657374246192938188e+02,6.988969791507406271e+00,9.113904760060465549e+01,0.000000000000000000e+00,0.000000000000000000e+00,0.000000000000000000e+00,2.566645443439483643e-01,4.836893677711486816e-01,7.559197396039962769e-02,2.004636079072952271e-01,8.866413281250000000e+04,7.886746875000000000e+04,3.245229687500000000e+04,7.306820312500000000e+04,-7.436188028917631507e+07
3.479000000000000092e+00,-1.772126196692074700e+02,-7.141009409390377094e+00,-8.907017057110206792e+01,-1.679366015625000000e+04,5.419412612915039062e+01,2.065470703125000000e+03,2.447495013475418091e-01,4.858927428722381592e-01,7.520679384469985962e-02,2.067485600709915161e-01,1.772126196692074700e+02,7.141009409390377094e+00,8.907017057110206792e+01,0.000000000000000000e+00,0.000000000000000000e+00,0.000000000000000000e+00,2.447495013475418091e-01,4.858927428722381592e-01,7.520679384469985962e-02,2.067485600709915161e-01,8.864660156250000000e+04,7.897665625000000000e+04,3.235094921875000000e+04,7.300574218750000000e+04,-7.440126909104728699e+07
3.479999999999999982e+00,-1.601253012254829287e+02,-6.671181569816241108e+00,-8.705476856205878278e+01,-1.684314843750000000e+04,6.775775909423828125e+01,2.061497802734375000e+03,2.951176166534423828e-01,6.416259706020355225e-02,3.876602649688720703e-01,3.171597719192504883e-01,1.601253012254829287e+02,6.671181569816241108e+00,8.705476856205878278e+01,0.000000000000000000e+00,0.000000000000000000e+00,0.000000000000000000e+00,2.951176166534423828e-01,6.416259706020355225e-02,3.876602649688720703e-01,3.171597719192504883e-01,8.853898437500000000e+04,7.909040625000000000e+04,3.225308984375000000e+04,7.298700781250000000e+04,-7.443453224053277075e+07
3.480999999999999872e+00,-1.430775310655483850e+02,-5.630845879664794218e+00,-8.528156408662772492e+01,-1.685595898437500000e+04,7.684735870361328125e+01,2.053002441406250000e+03,2.863055765628814697e-01,8.494295924901962280e-02,3.875419795513153076e-01,3.198194503784179688e-01,1.430775310655483850e+02,5.630845879664794218e+00,8.528156408662772492e+01,0.000000000000000000e+00,0.000000000000000000e+00,0.000000000000000000e+00,2.863055765628814697e-01,8.494295924901962280e-02,3.875419795513153076e-01,3.198194503784179688e-01,8.865017968750000000e+04,7.886648437500000000e+04,3.236720898437500000e+04,7.309773437500000000e+04,-7.446230807202696800e+07
3.482000000000000206e+00,-1.261366064893927472e+02,-4.098462819470150009e+00,-8.387353428977725400e+01,-1.681966210937500000e+04,7.747425842285156250e+01,2.083630615234375000e+03,2.786534726619720459e-01,1.080408021807670593e-01,3.818570673465728760e-01,3.193482160568237305e-01,1.261366064893927472e+02,4.098462819470150009e+00,8.387353428977725400e+01,0.000000000000000000e+00,0.000000000000000000e+00,0.000000000000000000e+00,2.786534726619720459e-01,1.080408021807670593e-01,3.818570673465728760e-01,3.193482160568237305e-01,8.876748437500000000e+04,7.863592968750000000e+04,3.247448632812500000e+04,7.321546093750000000e+04,-7.448527008267536759e+07
3.483000000000000096e+00,-1.093037949407209197e+02,-2.227107465587084612e+00,-8.296997589711865828e+01,-1.678111718750000000e+04,7.203507232666015625e+01,2.083659179687500000e+03,2.702570557594299316e-01,1.341136395931243896e-01,3.697619438171386719e-01,3.152906894683837891e-01,1.093037949407209197e+02,2.227107465587084612e+00,8.296997589711865828e+01,0.000000000000000000e+00,0.000000000000000000e+00,0.000000000000000000e+00,2.702570557594299316e-01,1.341136395931243896e-01,3.697619438171386719e-01,3.152906894683837891e-01,8.887993750000000000e+04,7.841127343750000000e+04,3.258733398437500000e+04,7.332888281250000000e+04,-7.450410637917184830e+07
3.483999999999999986e+00,-9.250337932025603038e+01,-1.616553600554213876e-01,-8.264827719216634705e+01,-1.679183984375000000e+04,7.512377929687500000e+01,2.096495605468750000e+03,2.645947337150573730e-01,1.622685790061950684e-01,3.502906560897827148e-01,3.077352643013000488e-01,9.250337932025603038e+01,1.616553600554213876e-01,8.264827719216634705e+01,0.000000000000000000e+00,0.000000000000000000e+00,0.000000000000000000e+00,2.645947337150573730e-01,1.622685790061950684e-01,3.502906560897827148e-01,3.077352643013000488e-01,8.895259375000000000e+04,7.818422656250000000e+04,3.269708984375000000e+04,7.344337500000000000e+04,-7.451949401821281016e+07
3.484999999999999876e+00,-7.565566777092689676e+01,1.903918255113517866e+00,-8.295209730089761990e+01,-1.684123242187500000e+04,8.944356536865234375e+01,2.093419189453125000e+03,2.577805221080780029e-01,1.945309340953826904e-01,3.233858048915863037e-01,2.954685986042022705e-01,7.565566777092689676e+01,-1.903918255113517866e+00,8.295209730089761990e+01,0.000000000000000000e+00,0.000000000000000000e+00,0.000000000000000000e+00,2.577805221080780029e-01,1.945309340953826904e-01,3.233858048915863037e-01,2.954685986042022705e-01,8.898064843750000000e+04,7.795894531250000000e+04,3.281057031250000000e+04,7.355483593750000000e+04,-7.453210247363001108e+07
3.486000000000000210e+00,-5.874112157087773767e+01,3.807428641516183987e+00,-8.386784815994255382e+01,-1.686700390625000000e+04,1.058833084106445312e+02,2.116820312500000000e+03,2.518818080425262451e-01,2.297703623771667480e-01,2.889715135097503662e-01,2.786901891231536865e-01,5.874112157087773767e+01,-3.807428641516183987e+00,8.386784815994255382e+01,0.000000000000000000e+00,0.000000000000000000e+00,0.000000000000000000e+00,2.518818080425262451e-01,2.297703623771667480e-01,2.889715135097503662e-01,2.786901891231536865e-01,8.896414062500000000e+04,7.773027343750000000e+04,3.291835546875000000e+04,7.367103125000000000e+04,-7.454260130546125770e+07
3.487000000000000099e+00,-4.178717738215635791e+01,5.344902785413370161e+00,-8.529450631463700461e+01,-1.683823046875000000e+04,1.112626342773437500e+02,2.098915771484375000e+03,2.462434619665145874e-01,2.659011185169219971e-01,2.493759542703628540e-01,2.592779994010925293e-01,4.178717738215635791e+01,-5.344902785413370161e+00,8.529450631463700461e+01,0.000000000000000000e+00,0.000000000000000000e+00,0.000000000000000000e+00,2.462434619665145874e-01,2.659011185169219971e-01,2.493759542703628540e-01,2.592779994010925293e-01,8.889844531250000000e+04,7.777560156250000000e+04,3.303446875000000000e+04,7.378125000000000000e+04,-7.455165119444806874e+07
3.487999999999999989e+00,-2.480369944943978666e+01,6.422581309945164740e+00,-8.714084308456926919e+01,-1.679225195312500000e+04,1.079152526855468750e+02,2.134330078125000000e+03,2.461295872926712036e-01,2.992483973503112793e-01,2.070710659027099609e-01,2.400175780057907104e-01,2.480369944943978666e+01,-6.422581309945164740e+00,8.714084308456926919e+01,0.000000000000000000e+00,0.000000000000000000e+00,0.000000000000000000e+00,2.461295872926712036e-01,2.992483973503112793e-01,2.070710659027099609e-01,2.400175780057907104e-01,8.880312500000000000e+04,7.788140625000000000e+04,3.314050781250000000e+04,7.390009375000000000e+04,-7.455990119403861463e+07
3.488999999999999879e+00,-7.775286624494858856e+00,6.914056708969117615e+00,-8.921115233116528032e+01,-1.678607226562500000e+04,1.054592819213867188e+02,2.119177734375000000e+03,2.448500841856002808e-01,3.290089070796966553e-01,1.678614318370819092e-01,2.233232110738754272e-01,7.775286624494858856e+00,-6.914056708969117615e+00,8.921115233116528032e+01,0.000000000000000000e+00,0.000000000000000000e+00,0.000000000000000000e+00,2.448500841856002808e-01,3.290089070796966553e-01,1.678614318370819092e-01,2.233232110738754272e-01,8.870014843750000000e+04,7.799657031250000000e+04,3.325619921875000000e+04,7.400947656250000000e+04,-7.456796808300113678e+07
3.490000000000000213e+00,9.302803135304190008e+00,6.773902026555618683e+00,-9.132981998959884606e+01,-1.682368945312500000e+04,1.124900054931640625e+02,2.112830566406250000e+03,2.469294518232345581e-01,3.553458452224731445e-01,1.325339525938034058e-01,2.090590894222259521e-01,-9.302803135304190008e+00,-6.773902026555618683e+00,9.132981998959884606e+01,0.000000000000000000e+00,0.000000000000000000e+00,0.000000000000000000e+00,2.469294518232345581e-01,3.553458452224731445e-01,1.325339525938034058e-01,2.090590894222259521e-01,8.859271093750000000e+04,7.811077343750000000e+04,3.336969531250000000e+04,7.409007812500000000e+04,-7.457644164691530168e+07
3.491000000000000103e+00,2.638474519863001788e+01,6.018499701915025923e+00,-9.328852818435788663e+01,-1.686184570312500000e+04,1.229767074584960938e+02,2.091881103515625000e+03,2.483931630849838257e-01,3.790308535099029541e-01,1.042595803737640381e-01,1.975215971469879150e-01,-2.638474519863001788e+01,-6.018499701915025923e+00,9.328852818435788663e+01,0.000000000000000000e+00,0.000000000000000000e+00,0.000000000000000000e+00,2.483931630849838257e-01,3.790308535099029541e-01,1.042595803737640381e-01,1.975215971469879150e-01,8.849944531250000000e+04,7.822640625000000000e+04,3.348596484375000000e+04,7.406117187500000000e+04,-7.458587677352397144e+07
3.491999999999999993e+00,4.339208381627319966e+01,4.696009922884777588e+00,-9.497357850932671397e+01,-1.684803710937500000e+04,1.255434341430664062e+02,2.140274169921875000e+03,2.520938515663146973e-01,4.005029499530792236e-01,8.327618241310119629e-02,1.884601265192031860e-01,-4.339208381627319966e+01,-4.696009922884777588e+00,9.497357850932671397e+01,0.000000000000000000e+00,0.000000000000000000e+00,0.000000000000000000e+00,2.520938515663146973e-01,4.005029499530792236e-01,8.327618241310119629e-02,1.884601265192031860e-01,8.843167968750000000e+04,7.833060156250000000e+04,3.359069140625000000e+04,7.395832812500000000e+04,-7.459680167958594859e+07
3.492999999999999883e+00,6.027796664751600275e+01,2.961982700510987776e+00,-9.619559941367593581e+01,-1.680234960937500000e+04,1.131766738891601562e+02,2.124375976562500000e+03,2.541053295135498047e-01,4.189881384372711182e-01,7.128936052322387695e-02,1.828337311744689941e-01,-6.027796664751600275e+01,-2.961982700510987776e+00,9.619559941367593581e+01,0.000000000000000000e+00,0.000000000000000000e+00,0.000000000000000000e+00,2.541053295135498047e-01,4.189881384372711182e-01,7.128936052322387695e-02,1.828337311744689941e-01,8.838021093750000000e+04,7.844625000000000000e+04,3.353174609375000000e+04,7.377732031250000000e+04,-7.460969747953718901e+07
3.494000000000000217e+00,7.707936126115725983e+01,9.648416652216047495e-01,-9.686844935093587594e+01,-1.677644921875000000e+04,1.000447311401367188e+02,2.112481445312500000e+03,2.631897330284118652e-01,4.359442889690399170e-01,6.507187336683273315e-02,1.791205555200576782e-01,-7.707936126115725983e+01,-9.648416652216047495e-01,9.686844935093587594e+01,0.000000000000000000e+00,0.000000000000000000e+00,0.000000000000000000e+00,2.631897330284118652e-01,4.359442889690399170e-01,6.507187336683273315e-02,1.791205555200576782e-01,8.834640625000000000e+04,7.856090625000000000e+04,3.337480078125000000e+04,7.355846875000000000e+04,-7.462502313486871123e+07
3.495000000000000107e+00,9.388870409351898161e+01,-1.133182690482130051e+00,-9.693949682347586361e+01,-1.680756054687500000e+04,9.470874023437500000e+01,2.104642578125000000e+03,2.715458869934082031e-01,4.511381089687347412e-01,6.445425003767013550e-02,1.774780601263046265e-01,-9.388870409351898161e+01,1.133182690482130051e+00,9.693949682347586361e+01,0.000000000000000000e+00,0.000000000000000000e+00,0.000000000000000000e+00,2.715458869934082031e-01,4.511381089687347412e-01,6.445425003767013550e-02,1.774780601263046265e-01,8.837761718750000000e+04,7.867411718750000000e+04,3.316758593750000000e+04,7.333205468750000000e+04,-7.464323677377246320e+07
3.495999999999999996e+00,1.107623630521071902e+02,-3.182309765192431694e+00,-9.639143483408523139e+01,-1.685109765625000000e+04,9.801477050781250000e+01,2.126453369140625000e+03,2.751432955265045166e-01,4.640601277351379395e-01,6.732758879661560059e-02,1.784186810255050659e-01,-1.107623630521071902e+02,3.182309765192431694e+00,9.639143483408523139e+01,0.000000000000000000e+00,0.000000000000000000e+00,0.000000000000000000e+00,2.751432955265045166e-01,4.640601277351379395e-01,6.732758879661560059e-02,1.784186810255050659e-01,8.847364843750000000e+04,7.878338281250000000e+04,3.295656640625000000e+04,7.311145312500000000e+04,-7.466480651064616442e+07
3.496999999999999886e+00,1.277029594275006303e+02,-4.985088162853984706e+00,-9.527017725661795566e+01,-1.685881445312500000e+04,9.598184204101562500e+01,2.127001708984375000e+03,2.708728611469268799e-01,4.738938808441162109e-01,7.154050469398498535e-02,1.822815090417861938e-01,-1.277029594275006303e+02,4.985088162853984706e+00,9.527017725661795566e+01,0.000000000000000000e+00,0.000000000000000000e+00,0.000000000000000000e+00,2.708728611469268799e-01,4.738938808441162109e-01,7.154050469398498535e-02,1.822815090417861938e-01,8.858567187500000000e+04,7.889630468750000000e+04,3.277696093750000000e+04,7.288642968750000000e+04,-7.469021581427121162e+07
3.498000000000000220e+00,1.446844881660371129e+02,-6.400661705859342909e+00,-9.366596607212019876e+01,-1.682043164062500000e+04,8.379389953613281250e+01,2.139559326171875000e+03,2.636615633964538574e-01,4.805529117584228516e-01,7.489648461341857910e-02,1.887819617986679077e-01,-1.446844881660371129e+02,6.400661705859342909e+00,9.366596607212019876e+01,0.000000000000000000e+00,0.000000000000000000e+00,0.000000000000000000e+00,2.636615633964538574e-01,4.805529117584228516e-01,7.489648461341857910e-02,1.887819617986679077e-01,8.867032812500000000e+04,7.900592187500000000e+04,3.263606054687500000e+04,7.268827343750000000e+04,-7.471996369705757499e+07
3.499000000000000110e+00,1.617044121276678652e+02,-7.298995353019781973e+00,-9.172776216326822407e+01,-1.678680859375000000e+04,6.634440612792968750e+01,2.130292724609375000e+03,2.527823746204376221e-01,4.841741323471069336e-01,7.687911391258239746e-02,1.969745755195617676e-01,-1.617044121276678652e+02,7.298995353019781973e+00,9.172776216326822407e+01,0.000000000000000000e+00,0.000000000000000000e+00,0.000000000000000000e+00,2.527823746204376221e-01,4.841741323471069336e-01,7.687911391258239746e-02,1.969745755195617676e-01,8.869692968750000000e+04,7.912028906250000000e+04,3.252927734375000000e+04,7.254095312500000000e+04,-7.475457927164377272e+07
3.500000000000000000e+00,1.787782362451856102e+02,-7.601341245220615939e+00,-8.963173286881942659e+01,-1.680013476562500000e+04,5.453108596801757812e+01,2.107037109375000000e+03,2.415763884782791138e-01,4.859203696250915527e-01,7.708437740802764893e-02,2.050457894802093506e-01,-1.787782362451856102e+02,7.601341245220615939e+00,8.963173286881942659e+01,0.000000000000000000e+00,0.000000000000000000e+00,0.000000000000000000e+00,2.415763884782791138e-01,4.859203696250915527e-01,7.708437740802764893e-02,2.050457894802093506e-01,8.864382031250000000e+04,7.923731250000000000e+04,3.244442578125000000e+04,7.245746093750000000e+04,-7.479463255732449889e+07
3.500999999999999890e+00,-1.640962884383126266e+02,-7.277556630123657833e+00,-8.751923718863592683e+01,-1.684999804687500000e+04,5.363719940185546875e+01,2.126576171875000000e+03,2.303921282291412354e-01,4.868053197860717773e-01,7.547341287136077881e-02,2.111843973398208618e-01,1.640962884383126266e+02,7.277556630123657833e+00,8.751923718863592683e+01,0.000000000000000000e+00,0.000000000000000000e+00,0.000000000000000000e+00,2.303921282291412354e-01,4.868053197860717773e-01,7.547341287136077881e-02,2.111843973398208618e-01,8.851711718750000000e+04,7.934574218750000000e+04,3.235587500000000000e+04,7.244425000000000000e+04,-7.482927272891230881e+07
3.501999999999999780e+00,-1.469894889077785933e+02,-6.348573900377452617e+00,-8.558563900753580356e+01,-1.687544140625000000e+04,5.084107208251953125e+01,2.139988769531250000e+03,2.841967046260833740e-01,7.936280965805053711e-02,3.904052972793579102e-01,3.215419352054595947e-01,1.469894889077785933e+02,6.348573900377452617e+00,8.558563900753580356e+01,0.000000000000000000e+00,0.000000000000000000e+00,0.000000000000000000e+00,2.841967046260833740e-01,7.936280965805053711e-02,3.904052972793579102e-01,3.215419352054595947e-01,8.831158593750000000e+04,7.945626562500000000e+04,3.225684375000000000e+04,7.247507812500000000e+04,-7.485824384475657344e+07
3.503000000000000114e+00,-1.299856335601542980e+02,-4.907705904218266468e+00,-8.400700522392098435e+01,-1.684707031250000000e+04,3.773235702514648438e+01,2.139055419921875000e+03,2.749504446983337402e-01,1.011335775256156921e-01,3.868126869201660156e-01,3.229262232780456543e-01,1.299856335601542980e+02,4.907705904218266468e+00,8.400700522392098435e+01,0.000000000000000000e+00,0.000000000000000000e+00,0.000000000000000000e+00,2.749504446983337402e-01,1.011335775256156921e-01,3.868126869201660156e-01,3.229262232780456543e-01,8.842352343750000000e+04,7.923197656250000000e+04,3.236982812500000000e+04,7.258689843750000000e+04,-7.488222137219254673e+07
3.504000000000000004e+00,-1.131006455777059614e+02,-3.093462895740030749e+00,-8.291084993201812381e+01,-1.680658398437500000e+04,1.718043327331542969e+01,2.125816162109375000e+03,2.682225406169891357e-01,1.245679482817649841e-01,3.767846822738647461e-01,3.213829696178436279e-01,1.131006455777059614e+02,3.093462895740030749e+00,8.291084993201812381e+01,0.000000000000000000e+00,0.000000000000000000e+00,0.000000000000000000e+00,2.682225406169891357e-01,1.245679482817649841e-01,3.767846822738647461e-01,3.213829696178436279e-01,8.853382812500000000e+04,7.900828906250000000e+04,3.248403906250000000e+04,7.269696875000000000e+04,-7.490189690677177906e+07
3.504999999999999893e+00,-9.627521210907599425e+01,-1.021243188008553515e+00,-8.237236270541367844e+01,-1.680414453125000000e+04,4.852717399597167969e+00,2.148638671875000000e+03,2.633397877216339111e-01,1.501861512660980225e-01,3.597596585750579834e-01,3.165130615234375000e-01,9.627521210907599425e+01,1.021243188008553515e+00,8.237236270541367844e+01,0.000000000000000000e+00,0.000000000000000000e+00,0.000000000000000000e+00,2.633397877216339111e-01,1.501861512660980225e-01,3.597596585750579834e-01,3.165130615234375000e-01,8.860182031250000000e+04,7.877950781250000000e+04,3.259317578125000000e+04,7.281385156250000000e+04,-7.491795207231374085e+07
3.505999999999999783e+00,-7.942589210312782200e+01,1.105669929750322966e+00,-8.245300402252431127e+01,-1.684732421875000000e+04,8.172363042831420898e-01,2.136126708984375000e+03,2.561619877815246582e-01,1.803609728813171387e-01,3.354858458042144775e-01,3.069157600402832031e-01,7.942589210312782200e+01,-1.105669929750322966e+00,8.245300402252431127e+01,0.000000000000000000e+00,0.000000000000000000e+00,0.000000000000000000e+00,2.561619877815246582e-01,1.803609728813171387e-01,3.354858458042144775e-01,3.069157600402832031e-01,8.862766406250000000e+04,7.855713281250000000e+04,3.270696679687500000e+04,7.292493750000000000e+04,-7.493106026502844691e+07
3.507000000000000117e+00,-6.251361642865831669e+01,3.136838502847573373e+00,-8.316011568358580064e+01,-1.688411328125000000e+04,5.778975963592529297e+00,2.158360595703125000e+03,2.509561777114868164e-01,2.132966518402099609e-01,3.034163713455200195e-01,2.929669618606567383e-01,6.251361642865831669e+01,-3.136838502847573373e+00,8.316011568358580064e+01,0.000000000000000000e+00,0.000000000000000000e+00,0.000000000000000000e+00,2.509561777114868164e-01,2.132966518402099609e-01,3.034163713455200195e-01,2.929669618606567383e-01,8.860767187500000000e+04,7.832776562500000000e+04,3.281634765625000000e+04,7.304064843750000000e+04,-7.494189366186372936e+07
3.508000000000000007e+00,-4.555204290489417929e+01,4.872365999015513260e+00,-8.442487649746074396e+01,-1.687126171875000000e+04,1.909926533699035645e+00,2.153402343750000000e+03,2.449067085981369019e-01,2.485594749450683594e-01,2.653012573719024658e-01,2.753526866436004639e-01,4.555204290489417929e+01,-4.872365999015513260e+00,8.442487649746074396e+01,0.000000000000000000e+00,0.000000000000000000e+00,0.000000000000000000e+00,2.449067085981369019e-01,2.485594749450683594e-01,2.653012573719024658e-01,2.753526866436004639e-01,8.854587500000000000e+04,7.823439062500000000e+04,3.292896875000000000e+04,7.315190625000000000e+04,-7.495111995019857585e+07
3.508999999999999897e+00,-2.856290299571696778e+01,6.171133611335411828e+00,-8.613506596566411133e+01,-1.682259570312500000e+04,-1.058843898773193359e+01,2.148796875000000000e+03,2.433198690414428711e-01,2.818742990493774414e-01,2.234597504138946533e-01,2.570639550685882568e-01,2.856290299571696778e+01,-6.171133611335411828e+00,8.613506596566411133e+01,0.000000000000000000e+00,0.000000000000000000e+00,0.000000000000000000e+00,2.433198690414428711e-01,2.818742990493774414e-01,2.234597504138946533e-01,2.570639550685882568e-01,8.844257812500000000e+04,7.834821093750000000e+04,3.304293359375000000e+04,7.326360937500000000e+04,-7.495939312210507691e+07
3.509999999999999787e+00,-1.153040485571661478e+01,6.919045180060662048e+00,-8.812560142792689533e+01,-1.680367382812500000e+04,-2.473239135742187500e+01,2.121706542968750000e+03,2.442096024751663208e-01,3.120039403438568115e-01,1.821540594100952148e-01,2.402281165122985840e-01,1.153040485571661478e+01,-6.919045180060662048e+00,8.812560142792689533e+01,0.000000000000000000e+00,0.000000000000000000e+00,0.000000000000000000e+00,2.442096024751663208e-01,3.120039403438568115e-01,1.821540594100952148e-01,2.402281165122985840e-01,8.832575781250000000e+04,7.846524218750000000e+04,3.315968359375000000e+04,7.337248437500000000e+04,-7.496734006715445220e+07
3.511000000000000121e+00,5.569938413970835001e+00,7.058276691895890131e+00,-9.027795476639350625e+01,-1.683647070312500000e+04,-2.805544090270996094e+01,2.148430908203125000e+03,2.470975816249847412e-01,3.387302160263061523e-01,1.444804221391677856e-01,2.258702963590621948e-01,-5.569938413970835001e+00,-7.058276691895890131e+00,9.027795476639350625e+01,0.000000000000000000e+00,0.000000000000000000e+00,0.000000000000000000e+00,2.470975816249847412e-01,3.387302160263061523e-01,1.444804221391677856e-01,2.258702963590621948e-01,8.822811718750000000e+04,7.857278906250000000e+04,3.326823046875000000e+04,7.348952343750000000e+04,-7.497557101975505054e+07
3.512000000000000011e+00,2.270009308931898673e+01,6.565801670790784250e+00,-9.235158189671298601e+01,-1.688224609375000000e+04,-2.540098381042480469e+01,2.124585937500000000e+03,2.463323920965194702e-01,3.625793755054473877e-01,1.143947467207908630e-01,2.144439965486526489e-01,-2.270009308931898673e+01,-6.565801670790784250e+00,9.235158189671298601e+01,0.000000000000000000e+00,0.000000000000000000e+00,0.000000000000000000e+00,2.463323920965194702e-01,3.625793755054473877e-01,1.143947467207908630e-01,2.144439965486526489e-01,8.814414843750000000e+04,7.868968750000000000e+04,3.338486718750000000e+04,7.359747656250000000e+04,-7.498465823841172457e+07
3.512999999999999901e+00,3.977464390850767728e+01,5.497235178087728436e+00,-9.417609731822838626e+01,-1.688091406250000000e+04,-2.746207809448242188e+01,2.113120117187500000e+03,2.495522350072860718e-01,3.843725323677062988e-01,9.050143510103225708e-02,2.050747275352478027e-01,-3.977464390850767728e+01,-5.497235178087728436e+00,9.417609731822838626e+01,0.000000000000000000e+00,0.000000000000000000e+00,0.000000000000000000e+00,2.495522350072860718e-01,3.843725323677062988e-01,9.050143510103225708e-02,2.050747275352478027e-01,8.805996875000000000e+04,7.880452343750000000e+04,3.349915625000000000e+04,7.362124218750000000e+04,-7.499513961761046946e+07
3.513999999999999790e+00,5.673324189111521321e+01,3.956566065992812131e+00,-9.560917560364114820e+01,-1.683860156250000000e+04,-3.999850845336914062e+01,2.107992675781250000e+03,2.546602487564086914e-01,4.037826657295227051e-01,7.456240803003311157e-02,1.984542012214660645e-01,-5.673324189111521321e+01,-3.956566065992812131e+00,9.560917560364114820e+01,0.000000000000000000e+00,0.000000000000000000e+00,0.000000000000000000e+00,2.546602487564086914e-01,4.037826657295227051e-01,7.456240803003311157e-02,1.984542012214660645e-01,8.800070312500000000e+04,7.891713281250000000e+04,3.350102343750000000e+04,7.357637500000000000e+04,-7.500751504722058773e+07
3.515000000000000124e+00,7.358935724042903814e+01,2.059414703931108370e+00,-9.655138754291253633e+01,-1.680475000000000000e+04,-5.720793533325195312e+01,2.124486328125000000e+03,2.622151672840118408e-01,4.210910201072692871e-01,6.611274927854537964e-02,1.942720264196395874e-01,-7.358935724042903814e+01,-2.059414703931108370e+00,9.655138754291253633e+01,0.000000000000000000e+00,0.000000000000000000e+00,0.000000000000000000e+00,2.622151672840118408e-01,4.210910201072692871e-01,6.611274927854537964e-02,1.942720264196395874e-01,8.798450000000000000e+04,7.902723437500000000e+04,3.336617968750000000e+04,7.348655468750000000e+04,-7.502225685234503448e+07
3.516000000000000014e+00,9.042235476410608896e+01,2.689399819225901395e-03,-9.690711310538442547e+01,-1.682473437500000000e+04,-6.643037414550781250e+01,2.093712402343750000e+03,2.688472867012023926e-01,4.364551603794097900e-01,6.436414271593093872e-02,1.924427747726440430e-01,-9.042235476410608896e+01,-2.689399819225901395e-03,9.690711310538442547e+01,0.000000000000000000e+00,0.000000000000000000e+00,0.000000000000000000e+00,2.688472867012023926e-01,4.364551603794097900e-01,6.436414271593093872e-02,1.924427747726440430e-01,8.801340625000000000e+04,7.914548437500000000e+04,3.317307031250000000e+04,7.335821093750000000e+04,-7.503981404316377640e+07
3.516999999999999904e+00,1.073035526811944322e+02,-2.066437198027779143e+00,-9.665061145679324284e+01,-1.687471484375000000e+04,-6.562183380126953125e+01,2.091485839843750000e+03,2.758700847625732422e-01,4.506971240043640137e-01,6.630338728427886963e-02,1.920053511857986450e-01,-1.073035526811944322e+02,2.066437198027779143e+00,9.665061145679324284e+01,0.000000000000000000e+00,0.000000000000000000e+00,0.000000000000000000e+00,2.758700847625732422e-01,4.506971240043640137e-01,6.630338728427886963e-02,1.920053511857986450e-01,8.809471093750000000e+04,7.925753906250000000e+04,3.296380078125000000e+04,7.322394531250000000e+04,-7.506068370643945038e+07
3.517999999999999794e+00,1.242438076219163463e+02,-3.970331229023895681e+00,-9.580003835577238647e+01,-1.689360156250000000e+04,-6.312826156616210938e+01,2.091377197265625000e+03,2.752256393432617188e-01,4.621435403823852539e-01,7.053061574697494507e-02,1.944171041250228882e-01,-1.242438076219163463e+02,3.970331229023895681e+00,9.580003835577238647e+01,0.000000000000000000e+00,0.000000000000000000e+00,0.000000000000000000e+00,2.752256393432617188e-01,4.621435403823852539e-01,7.053061574697494507e-02,1.944171041250228882e-01,8.820660156250000000e+04,7.937033593750000000e+04,3.277681250000000000e+04,7.309031250000000000e+04,-7.508531364105087519e+07
3.519000000000000128e+00,1.412177334631159624e+02,-5.545208045635046545e+00,-9.443795603016940277e+01,-1.685908007812500000e+04,-7.174618530273437500e+01,2.085379882812500000e+03,2.694473266601562500e-01,4.704562723636627197e-01,7.459283620119094849e-02,1.994232833385467529e-01,-1.412177334631159624e+02,5.545208045635046545e+00,9.443795603016940277e+01,0.000000000000000000e+00,0.000000000000000000e+00,0.000000000000000000e+00,2.694473266601562500e-01,4.704562723636627197e-01,7.459283620119094849e-02,1.994232833385467529e-01,8.831844531250000000e+04,7.948452343750000000e+04,3.262955078125000000e+04,7.297796875000000000e+04,-7.511420536616675556e+07
3.520000000000000018e+00,1.582287099352885491e+02,-6.670548751966027368e+00,-9.266732885145144394e+01,-1.682069726562500000e+04,-8.441484832763671875e+01,2.095294677734375000e+03,2.607388794422149658e-01,4.754553139209747314e-01,7.744336873292922974e-02,2.067127525806427002e-01,-1.582287099352885491e+02,6.670548751966027368e+00,9.266732885145144394e+01,0.000000000000000000e+00,0.000000000000000000e+00,0.000000000000000000e+00,2.607388794422149658e-01,4.754553139209747314e-01,7.744336873292922974e-02,2.067127525806427002e-01,8.839771875000000000e+04,7.959457031250000000e+04,3.251793359375000000e+04,7.290783593750000000e+04,-7.514787342087166011e+07
3.520999999999999908e+00,1.753015841311251961e+02,-7.235097003178853292e+00,-9.065424555479120272e+01,-1.682731640625000000e+04,-9.233348083496093750e+01,2.081929199218750000e+03,2.485415339469909668e-01,4.781308770179748535e-01,7.883219420909881592e-02,2.144230902194976807e-01,-1.753015841311251961e+02,7.235097003178853292e+00,9.065424555479120272e+01,0.000000000000000000e+00,0.000000000000000000e+00,0.000000000000000000e+00,2.485415339469909668e-01,4.781308770179748535e-01,7.883219420909881592e-02,2.144230902194976807e-01,8.840991406250000000e+04,7.970952343750000000e+04,3.243598828125000000e+04,7.288957031250000000e+04,-7.518687460513629019e+07
3.521999999999999797e+00,-1.675635991474230764e+02,-7.185970309170084391e+00,-8.858759284328384354e+01,-1.687359179687500000e+04,-8.965982055664062500e+01,2.056368652343750000e+03,2.365363985300064087e-01,4.797231256961822510e-01,7.841743528842926025e-02,2.207145839929580688e-01,1.675635991474230764e+02,7.185970309170084391e+00,8.858759284328384354e+01,0.000000000000000000e+00,0.000000000000000000e+00,0.000000000000000000e+00,2.365363985300064087e-01,4.797231256961822510e-01,7.841743528842926025e-02,2.207145839929580688e-01,8.833190625000000000e+04,7.982697656250000000e+04,3.236972070312500000e+04,7.292750781250000000e+04,-7.522285156467057765e+07
3.523000000000000131e+00,-1.504209057681174500e+02,-6.533022606136518640e+00,-8.664132329580598935e+01,-1.690843164062500000e+04,-8.355194854736328125e+01,2.045383666992187500e+03,2.929060161113739014e-01,6.432250142097473145e-02,3.914681077003479004e-01,3.286111354827880859e-01,1.504209057681174500e+02,6.533022606136518640e+00,8.664132329580598935e+01,0.000000000000000000e+00,0.000000000000000000e+00,0.000000000000000000e+00,2.929060161113739014e-01,6.432250142097473145e-02,3.914681077003479004e-01,3.286111354827880859e-01,8.817126562500000000e+04,7.994053906250000000e+04,3.229919335937500000e+04,7.301429687500000000e+04,-7.525302741284950078e+07
3.524000000000000021e+00,-1.333549872546597896e+02,-5.316419927821987912e+00,-8.494480630398558674e+01,-1.688892187500000000e+04,-8.466316223144531250e+01,2.086102539062500000e+03,2.849884629249572754e-01,8.511463552713394165e-02,3.892473578453063965e-01,3.311235010623931885e-01,1.333549872546597896e+02,5.316419927821987912e+00,8.494480630398558674e+01,0.000000000000000000e+00,0.000000000000000000e+00,0.000000000000000000e+00,2.849884629249572754e-01,8.511463552713394165e-02,3.892473578453063965e-01,3.311235010623931885e-01,8.829063281250000000e+04,7.970882812500000000e+04,3.240460937500000000e+04,7.313439843750000000e+04,-7.527805484991405904e+07
3.524999999999999911e+00,-1.164098717923050543e+02,-3.685275735418792387e+00,-8.368888072868988104e+01,-1.684473632812500000e+04,-9.466471862792968750e+01,2.061500244140625000e+03,2.752975225448608398e-01,1.090743541717529297e-01,3.813132941722869873e-01,3.301822245121002197e-01,1.164098717923050543e+02,3.685275735418792387e+00,8.368888072868988104e+01,0.000000000000000000e+00,0.000000000000000000e+00,0.000000000000000000e+00,2.752975225448608398e-01,1.090743541717529297e-01,3.813132941722869873e-01,3.301822245121002197e-01,8.839880468750000000e+04,7.948849218750000000e+04,3.252159570312500000e+04,7.324239062500000000e+04,-7.529862351817962527e+07
3.525999999999999801e+00,-9.953930679179065066e+01,-1.758071040655392769e+00,-8.295895920377928690e+01,-1.683408593750000000e+04,-9.917970275878906250e+01,2.065549316406250000e+03,2.707939147949218750e-01,1.342131793498992920e-01,3.661908805370330811e-01,3.263590931892395020e-01,9.953930679179065066e+01,1.758071040655392769e+00,8.295895920377928690e+01,0.000000000000000000e+00,0.000000000000000000e+00,0.000000000000000000e+00,2.707939147949218750e-01,1.342131793498992920e-01,3.661908805370330811e-01,3.263590931892395020e-01,8.851242187500000000e+04,7.926195312500000000e+04,3.263270898437500000e+04,7.335511718750000000e+04,-7.531541687150217593e+07
3.527000000000000135e+00,-8.266261453169389029e+01,2.778973866678305371e-01,-8.282804387642100608e+01,-1.687322070312500000e+04,-9.210432434082031250e+01,2.045492431640625000e+03,2.645112872123718262e-01,1.637459695339202881e-01,3.439272642135620117e-01,3.179685473442077637e-01,8.266261453169389029e+01,-2.778973866678305371e-01,8.282804387642100608e+01,0.000000000000000000e+00,0.000000000000000000e+00,0.000000000000000000e+00,2.645112872123718262e-01,1.637459695339202881e-01,3.439272642135620117e-01,3.179685473442077637e-01,8.859184375000000000e+04,7.904028906250000000e+04,3.274906445312500000e+04,7.346417968750000000e+04,-7.532911054142273962e+07
3.528000000000000025e+00,-6.573670178897917538e+01,2.274812505539074436e+00,-8.331356368666510548e+01,-1.691328320312500000e+04,-7.692455291748046875e+01,2.061104248046875000e+03,2.593198120594024658e-01,1.970151960849761963e-01,3.137030601501464844e-01,3.047737777233123779e-01,6.573670178897917538e+01,-2.274812505539074436e+00,8.331356368666510548e+01,0.000000000000000000e+00,0.000000000000000000e+00,0.000000000000000000e+00,2.593198120594024658e-01,1.970151960849761963e-01,3.137030601501464844e-01,3.047737777233123779e-01,8.863177343750000000e+04,7.881322656250000000e+04,3.285815625000000000e+04,7.358011718750000000e+04,-7.534037818005093932e+07
3.528999999999999915e+00,-4.876663330703787835e+01,4.034294398195816811e+00,-8.436909194133171752e+01,-1.691016796875000000e+04,-6.555590057373046875e+01,2.057384765625000000e+03,2.529112696647644043e-01,2.333248853683471680e-01,2.768817842006683350e-01,2.875102162361145020e-01,4.876663330703787835e+01,-4.034294398195816811e+00,8.436909194133171752e+01,0.000000000000000000e+00,0.000000000000000000e+00,0.000000000000000000e+00,2.529112696647644043e-01,2.333248853683471680e-01,2.768817842006683350e-01,2.875102162361145020e-01,8.862947656250000000e+04,7.858818750000000000e+04,3.297194921875000000e+04,7.369219531250000000e+04,-7.534989078378133476e+07
3.529999999999999805e+00,-3.177155176123228131e+01,5.422406691361037367e+00,-8.591681077530351729e+01,-1.686564062500000000e+04,-6.228031539916992188e+01,2.081644531250000000e+03,2.502165436744689941e-01,2.688002884387969971e-01,2.353419661521911621e-01,2.685748338699340820e-01,3.177155176123228131e+01,-5.422406691361037367e+00,8.591681077530351729e+01,0.000000000000000000e+00,0.000000000000000000e+00,0.000000000000000000e+00,2.502165436744689941e-01,2.688002884387969971e-01,2.353419661521911621e-01,2.685748338699340820e-01,8.858719531250000000e+04,7.863156250000000000e+04,3.307992578125000000e+04,7.380815625000000000e+04,-7.535831131615078449e+07
3.531000000000000139e+00,-1.474370602584980539e+01,6.279813992378778131e+00,-8.776190634864741469e+01,-1.683797460937500000e+04,-6.311528015136718750e+01,2.032185913085937500e+03,2.484938651323318481e-01,3.014896810054779053e-01,1.938621252775192261e-01,2.505201697349548340e-01,1.474370602584980539e+01,-6.279813992378778131e+00,8.776190634864741469e+01,0.000000000000000000e+00,0.000000000000000000e+00,0.000000000000000000e+00,2.484938651323318481e-01,3.014896810054779053e-01,1.938621252775192261e-01,2.505201697349548340e-01,8.851293750000000000e+04,7.875287500000000000e+04,3.320131640625000000e+04,7.391214062500000000e+04,-7.536627028128789365e+07
3.532000000000000028e+00,2.344011041228377223e+00,6.551362308704650417e+00,-8.977783640123993791e+01,-1.686068750000000000e+04,-5.377494430541992188e+01,2.028224731445312500e+03,2.524247169494628906e-01,3.304765224456787109e-01,1.540678292512893677e-01,2.343089729547500610e-01,-2.344011041228377223e+00,-6.551362308704650417e+00,8.977783640123993791e+01,0.000000000000000000e+00,0.000000000000000000e+00,0.000000000000000000e+00,2.524247169494628906e-01,3.304765224456787109e-01,1.540678292512893677e-01,2.343089729547500610e-01,8.843693750000000000e+04,7.886592187500000000e+04,3.331448828125000000e+04,7.402446875000000000e+04,-7.537437875593264401e+07
3.532999999999999918e+00,1.947875729903919151e+01,6.203373672286053520e+00,-9.178879327676439459e+01,-1.690958789062500000e+04,-3.677129745483398438e+01,2.035625244140625000e+03,2.533744275569915771e-01,3.566227555274963379e-01,1.214259415864944458e-01,2.207642793655395508e-01,-1.947875729903919151e+01,-6.203373672286053520e+00,9.178879327676439459e+01,0.000000000000000000e+00,0.000000000000000000e+00,0.000000000000000000e+00,2.533744275569915771e-01,3.566227555274963379e-01,1.214259415864944458e-01,2.207642793655395508e-01,8.839151562500000000e+04,7.897680468750000000e+04,3.342592187500000000e+04,7.413885937500000000e+04,-7.538322184233468771e+07
3.533999999999999808e+00,3.658228399569436817e+01,5.265840447972987448e+00,-9.360533152297759329e+01,-1.692021289062500000e+04,-2.199379539489746094e+01,2.043414428710937500e+03,2.541031241416931152e-01,3.800888657569885254e-01,9.645456075668334961e-02,2.098089158535003662e-01,-3.658228399569436817e+01,-5.265840447972987448e+00,9.360533152297759329e+01,0.000000000000000000e+00,0.000000000000000000e+00,0.000000000000000000e+00,2.541031241416931152e-01,3.800888657569885254e-01,9.645456075668334961e-02,2.098089158535003662e-01,8.835538281250000000e+04,7.908849218750000000e+04,3.353744140625000000e+04,7.419964062500000000e+04,-7.539334979300217330e+07
3.535000000000000142e+00,5.358047342745668118e+01,3.859255871816743344e+00,-9.503942076119643900e+01,-1.688237500000000000e+04,-1.923381996154785156e+01,2.012671142578125000e+03,2.572670876979827881e-01,4.011040031909942627e-01,7.915062457323074341e-02,2.013328820466995239e-01,-5.358047342745668118e+01,-3.859255871816743344e+00,9.503942076119643900e+01,0.000000000000000000e+00,0.000000000000000000e+00,0.000000000000000000e+00,2.572670876979827881e-01,4.011040031909942627e-01,7.915062457323074341e-02,2.013328820466995239e-01,8.831750000000000000e+04,7.920633593750000000e+04,3.359061328125000000e+04,7.417138281250000000e+04,-7.540526804548938572e+07
3.536000000000000032e+00,7.047470112776129270e+01,2.094622126581712429e+00,-9.600251248274200577e+01,-1.684247851562500000e+04,-2.185921096801757812e+01,2.016833862304687500e+03,2.663196325302124023e-01,4.201381206512451172e-01,6.855003535747528076e-02,1.949055641889572144e-01,-7.047470112776129270e+01,-2.094622126581712429e+00,9.600251248274200577e+01,0.000000000000000000e+00,0.000000000000000000e+00,0.000000000000000000e+00,2.663196325302124023e-01,4.201381206512451172e-01,6.855003535747528076e-02,1.949055641889572144e-01,8.831020312500000000e+04,7.931754687500000000e+04,3.349508593750000000e+04,7.408670312500000000e+04,-7.541945559883327782e+07
3.536999999999999922e+00,8.733645845494397975e+01,1.230836761353059639e-01,-9.640860733033881047e+01,-1.685216601562500000e+04,-1.915241432189941406e+01,2.020093383789062500e+03,2.739794254302978516e-01,4.369708597660064697e-01,6.508702039718627930e-02,1.909556388854980469e-01,-8.733645845494397975e+01,-1.230836761353059639e-01,9.640860733033881047e+01,0.000000000000000000e+00,0.000000000000000000e+00,0.000000000000000000e+00,2.739794254302978516e-01,4.369708597660064697e-01,6.508702039718627930e-02,1.909556388854980469e-01,8.836628125000000000e+04,7.942992187500000000e+04,3.331232421875000000e+04,7.395607031250000000e+04,-7.543637789052569866e+07
3.537999999999999812e+00,1.042406956945595482e+02,-1.866033535515650987e+00,-9.621351803106735190e+01,-1.689955664062500000e+04,-6.559020519256591797e+00,2.005916015625000000e+03,2.789397239685058594e-01,4.518960416316986084e-01,6.627463549375534058e-02,1.891965866088867188e-01,-1.042406956945595482e+02,1.866033535515650987e+00,9.621351803106735190e+01,0.000000000000000000e+00,0.000000000000000000e+00,0.000000000000000000e+00,2.789397239685058594e-01,4.518960416316986084e-01,6.627463549375534058e-02,1.891965866088867188e-01,8.847325781250000000e+04,7.954519531250000000e+04,3.310923046875000000e+04,7.379446093750000000e+04,-7.545650453629764915e+07
3.539000000000000146e+00,1.212105105349434240e+02,-3.719057535000112935e+00,-9.542682815992320400e+01,-1.692974023437500000e+04,8.972782135009765625e+00,2.020041015625000000e+03,2.798211574554443359e-01,4.644410610198974609e-01,6.943517178297042847e-02,1.898286938667297363e-01,-1.212105105349434240e+02,3.719057535000112935e+00,9.542682815992320400e+01,0.000000000000000000e+00,0.000000000000000000e+00,0.000000000000000000e+00,2.798211574554443359e-01,4.644410610198974609e-01,6.943517178297042847e-02,1.898286938667297363e-01,8.858762500000000000e+04,7.965463281250000000e+04,3.291504296875000000e+04,7.362795312500000000e+04,-7.548031663508340716e+07
3.540000000000000036e+00,1.382172672299498970e+02,-5.248925116956769443e+00,-9.413374667655851624e+01,-1.690393554687500000e+04,1.425587844848632812e+01,2.007785766601562500e+03,2.733636200428009033e-01,4.735527336597442627e-01,7.297339290380477905e-02,1.934151500463485718e-01,-1.382172672299498970e+02,5.248925116956769443e+00,9.413374667655851624e+01,0.000000000000000000e+00,0.000000000000000000e+00,0.000000000000000000e+00,2.733636200428009033e-01,4.735527336597442627e-01,7.297339290380477905e-02,1.934151500463485718e-01,8.869819531250000000e+04,7.976956250000000000e+04,3.275740039062500000e+04,7.346614843750000000e+04,-7.550830936152216792e+07
3.540999999999999925e+00,1.552473671979180665e+02,-6.338472654438938036e+00,-9.244239138113714205e+01,-1.685762304687500000e+04,1.219061756134033203e+01,2.011847900390625000e+03,2.654390931129455566e-01,4.794265031814575195e-01,7.518784701824188232e-02,1.992630958557128906e-01,-1.552473671979180665e+02,6.338472654438938036e+00,9.244239138113714205e+01,0.000000000000000000e+00,0.000000000000000000e+00,0.000000000000000000e+00,2.654390931129455566e-01,4.794265031814575195e-01,7.518784701824188232e-02,1.992630958557128906e-01,8.879539843750000000e+04,7.988186718750000000e+04,3.262963476562500000e+04,7.333900000000000000e+04,-7.554099687850390375e+07
3.541999999999999815e+00,1.723272490725840953e+02,-6.887194043423432888e+00,-9.050026381139768716e+01,-1.685448242187500000e+04,1.183738422393798828e+01,2.012931762695312500e+03,2.541005313396453857e-01,4.827064573764801025e-01,7.602393627166748047e-02,2.059383839368820190e-01,-1.723272490725840953e+02,6.887194043423432888e+00,9.050026381139768716e+01,0.000000000000000000e+00,0.000000000000000000e+00,0.000000000000000000e+00,2.541005313396453857e-01,4.827064573764801025e-01,7.602393627166748047e-02,2.059383839368820190e-01,8.883395312500000000e+04,7.999346093750000000e+04,3.252413476562500000e+04,7.325782031250000000e+04,-7.557893129046855867e+07
3.543000000000000149e+00,-1.705307782154829113e+02,-6.831881500008578634e+00,-8.847168465405924564e+01,-1.689792187500000000e+04,2.381243324279785156e+01,2.022004516601562500e+03,2.414839267730712891e-01,4.845985472202301025e-01,7.527583837509155273e-02,2.116120010614395142e-01,1.705307782154829113e+02,6.831881500008578634e+00,8.847168465405924564e+01,0.000000000000000000e+00,0.000000000000000000e+00,0.000000000000000000e+00,2.414839267730712891e-01,4.845985472202301025e-01,7.527583837509155273e-02,2.116120010614395142e-01,8.879191406250000000e+04,8.010482812500000000e+04,3.242670898437500000e+04,7.322923437500000000e+04,-7.561588595037768781e+07
3.544000000000000039e+00,-1.533773041785108262e+02,-6.184335530722992580e+00,-8.659125412506573127e+01,-1.693863671875000000e+04,3.700245285034179688e+01,1.984214721679687500e+03,2.935771942138671875e-01,6.931982934474945068e-02,3.885409235954284668e-01,3.203585743904113770e-01,1.533773041785108262e+02,6.184335530722992580e+00,8.659125412506573127e+01,0.000000000000000000e+00,0.000000000000000000e+00,0.000000000000000000e+00,2.935771942138671875e-01,6.931982934474945068e-02,3.885409235954284668e-01,3.203585743904113770e-01,8.865189843750000000e+04,8.022410937500000000e+04,3.233268945312500000e+04,7.323618750000000000e+04,-7.564694683911167085e+07
3.544999999999999929e+00,-1.362886525231165535e+02,-4.986046736969353077e+00,-8.496109389079144592e+01,-1.692822460937500000e+04,4.520455551147460938e+01,2.023788085937500000e+03,2.870193719863891602e-01,9.047070890665054321e-02,3.861871659755706787e-01,3.221071362495422363e-01,1.362886525231165535e+02,4.986046736969353077e+00,8.496109389079144592e+01,0.000000000000000000e+00,0.000000000000000000e+00,0.000000000000000000e+00,2.870193719863891602e-01,9.047070890665054321e-02,3.861871659755706787e-01,3.221071362495422363e-01,8.877117968750000000e+04,7.999165625000000000e+04,3.243898046875000000e+04,7.335564843750000000e+04,-7.567276468405541778e+07
3.545999999999999819e+00,-1.193156295955673158e+02,-3.363229305819304127e+00,-8.375204378565135244e+01,-1.688325195312500000e+04,4.198990631103515625e+01,2.028657226562500000e+03,2.771057784557342529e-01,1.154347881674766541e-01,3.783089220523834229e-01,3.200159966945648193e-01,1.193156295955673158e+02,3.363229305819304127e+00,8.375204378565135244e+01,0.000000000000000000e+00,0.000000000000000000e+00,0.000000000000000000e+00,2.771057784557342529e-01,1.154347881674766541e-01,3.783089220523834229e-01,3.200159966945648193e-01,8.888424218750000000e+04,7.976609375000000000e+04,3.254999414062500000e+04,7.346978125000000000e+04,-7.569402661967083812e+07
3.547000000000000153e+00,-1.024244388171581051e+02,-1.450854907306404540e+00,-8.306632665875788746e+01,-1.686061328125000000e+04,4.123432922363281250e+01,2.038314331054687500e+03,2.707418799400329590e-01,1.418871581554412842e-01,3.633578419685363770e-01,3.149473667144775391e-01,1.024244388171581051e+02,1.450854907306404540e+00,8.306632665875788746e+01,0.000000000000000000e+00,0.000000000000000000e+00,0.000000000000000000e+00,2.707418799400329590e-01,1.418871581554412842e-01,3.633578419685363770e-01,3.149473667144775391e-01,8.899878906250000000e+04,7.953982812500000000e+04,3.266138085937500000e+04,7.358347656250000000e+04,-7.571141950494238734e+07
3.548000000000000043e+00,-8.552696927425824924e+01,5.655561860876968661e-01,-8.297608851045360723e+01,-1.689502929687500000e+04,4.995888900756835938e+01,2.025142456054687500e+03,2.643247246742248535e-01,1.719295382499694824e-01,3.410739600658416748e-01,3.056176006793975830e-01,8.552696927425824924e+01,-5.655561860876968661e-01,8.297608851045360723e+01,0.000000000000000000e+00,0.000000000000000000e+00,0.000000000000000000e+00,2.643247246742248535e-01,1.719295382499694824e-01,3.410739600658416748e-01,3.056176006793975830e-01,8.906753125000000000e+04,7.931614062500000000e+04,3.277526562500000000e+04,7.369333593750000000e+04,-7.572561971853391826e+07
3.548999999999999932e+00,-6.857175612852539359e+01,2.536286578250896984e+00,-8.350054906552176703e+01,-1.693922851562500000e+04,6.955408477783203125e+01,2.045534057617187500e+03,2.587423920631408691e-01,2.054211497306823730e-01,3.110222220420837402e-01,2.917097210884094238e-01,6.857175612852539359e+01,-2.536286578250896984e+00,8.350054906552176703e+01,0.000000000000000000e+00,0.000000000000000000e+00,0.000000000000000000e+00,2.587423920631408691e-01,2.054211497306823730e-01,3.110222220420837402e-01,2.917097210884094238e-01,8.909564843750000000e+04,7.908796875000000000e+04,3.288501562500000000e+04,7.380918750000000000e+04,-7.573730057871632278e+07
3.549999999999999822e+00,-5.156335403339936363e+01,4.254430971817196649e+00,-8.458733098075293810e+01,-1.694225390625000000e+04,8.321342468261718750e+01,2.037692993164062500e+03,2.518126964569091797e-01,2.420760393142700195e-01,2.744139432907104492e-01,2.736165821552276611e-01,5.156335403339936363e+01,-4.254430971817196649e+00,8.458733098075293810e+01,0.000000000000000000e+00,0.000000000000000000e+00,0.000000000000000000e+00,2.518126964569091797e-01,2.420760393142700195e-01,2.744139432907104492e-01,2.736165821552276611e-01,8.907762500000000000e+04,7.891907812500000000e+04,3.299827734375000000e+04,7.392128125000000000e+04,-7.574713247494083643e+07
3.551000000000000156e+00,-3.452694409817704724e+01,5.601017478059129751e+00,-8.616311920296196547e+01,-1.689919921875000000e+04,8.791361999511718750e+01,2.073974609375000000e+03,2.491366416215896606e-01,2.775748372077941895e-01,2.330868840217590332e-01,2.541451752185821533e-01,3.452694409817704724e+01,-5.601017478059129751e+00,8.616311920296196547e+01,0.000000000000000000e+00,0.000000000000000000e+00,0.000000000000000000e+00,2.491366416215896606e-01,2.775748372077941895e-01,2.330868840217590332e-01,2.541451752185821533e-01,8.901878906250000000e+04,7.901565625000000000e+04,3.310540234375000000e+04,7.403985156250000000e+04,-7.575578003931717575e+07
3.552000000000000046e+00,-1.746177764398033716e+01,6.422466940940791069e+00,-8.805393800037897734e+01,-1.686531054687500000e+04,8.619226837158203125e+01,2.057623291015625000e+03,2.466356456279754639e-01,3.103178739547729492e-01,1.921817064285278320e-01,2.358468472957611084e-01,1.746177764398033716e+01,-6.422466940940791069e+00,8.805393800037897734e+01,0.000000000000000000e+00,0.000000000000000000e+00,0.000000000000000000e+00,2.466356456279754639e-01,3.103178739547729492e-01,1.921817064285278320e-01,2.358468472957611084e-01,8.893214843750000000e+04,7.913115625000000000e+04,3.322056640625000000e+04,7.414906250000000000e+04,-7.576387969707465172e+07
3.552999999999999936e+00,-3.497853012895648650e-01,6.648112871427115600e+00,-9.009000165425270268e+01,-1.687845898437500000e+04,9.057994842529296875e+01,2.040744140625000000e+03,2.486794739961624146e-01,3.390840888023376465e-01,1.534627377986907959e-01,2.198429405689239502e-01,3.497853012895648650e-01,-6.648112871427115600e+00,9.009000165425270268e+01,0.000000000000000000e+00,0.000000000000000000e+00,0.000000000000000000e+00,2.486794739961624146e-01,3.390840888023376465e-01,1.534627377986907959e-01,2.198429405689239502e-01,8.883066406250000000e+04,7.924715625000000000e+04,3.333617187500000000e+04,7.425853125000000000e+04,-7.577204022522722185e+07
3.553999999999999826e+00,1.680384341416809946e+01,6.254954176221788842e+00,-9.209458855284759693e+01,-1.692659179687500000e+04,1.044203796386718750e+02,2.035049682617187500e+03,2.507660388946533203e-01,3.647907078266143799e-01,1.207035854458808899e-01,2.065552473068237305e-01,-1.680384341416809946e+01,-6.254954176221788842e+00,9.209458855284759693e+01,0.000000000000000000e+00,0.000000000000000000e+00,0.000000000000000000e+00,2.507660388946533203e-01,3.647907078266143799e-01,1.207035854458808899e-01,2.065552473068237305e-01,8.874688281250000000e+04,7.935982812500000000e+04,3.344989453125000000e+04,7.430869531250000000e+04,-7.578084313207317889e+07
3.555000000000000160e+00,3.393369905328165714e+01,5.264593559876304063e+00,-9.392226690883558149e+01,-1.694457031250000000e+04,1.160942993164062500e+02,2.074940917968750000e+03,2.524195909500122070e-01,3.879937827587127686e-01,9.554731845855712891e-02,1.958369016647338867e-01,-3.393369905328165714e+01,-5.264593559876304063e+00,9.392226690883558149e+01,0.000000000000000000e+00,0.000000000000000000e+00,0.000000000000000000e+00,2.524195909500122070e-01,3.879937827587127686e-01,9.554731845855712891e-02,1.958369016647338867e-01,8.868906250000000000e+04,7.946588281250000000e+04,3.355531640625000000e+04,7.426606250000000000e+04,-7.579084373617126048e+07
3.556000000000000050e+00,5.095996211796460784e+01,3.800967642355919995e+00,-9.535749302887980150e+01,-1.691102343750000000e+04,1.147363357543945312e+02,2.050972167968750000e+03,2.532894015312194824e-01,4.083529710769653320e-01,7.902700453996658325e-02,1.882225275039672852e-01,-5.095996211796460784e+01,-3.800967642355919995e+00,9.535749302887980150e+01,0.000000000000000000e+00,0.000000000000000000e+00,0.000000000000000000e+00,2.532894015312194824e-01,4.083529710769653320e-01,7.902700453996658325e-02,1.882225275039672852e-01,8.863242968750000000e+04,7.958307031250000000e+04,3.360049218750000000e+04,7.413221875000000000e+04,-7.580254815274210274e+07
3.556999999999999940e+00,6.787654061287474860e+01,1.989171800391822398e+00,-9.630878842995706179e+01,-1.686673437500000000e+04,1.041731872558593750e+02,2.050535888671875000e+03,2.618012130260467529e-01,4.269550740718841553e-01,6.854457408189773560e-02,1.825067400932312012e-01,-6.787654061287474860e+01,-1.989171800391822398e+00,9.630878842995706179e+01,0.000000000000000000e+00,0.000000000000000000e+00,0.000000000000000000e+00,2.618012130260467529e-01,4.269550740718841553e-01,6.854457408189773560e-02,1.825067400932312012e-01,8.858867968750000000e+04,7.969493750000000000e+04,3.350316796875000000e+04,7.394807812500000000e+04,-7.581643471704097092e+07
3.557999999999999829e+00,8.475211228839620503e+01,-1.613972762251076817e-02,-9.669633854065281753e+01,-1.686711132812500000e+04,9.829071807861328125e+01,2.047441772460937500e+03,2.701087296009063721e-01,4.432660937309265137e-01,6.495838612318038940e-02,1.794168204069137573e-01,-8.475211228839620503e+01,1.613972762251076817e-02,9.669633854065281753e+01,0.000000000000000000e+00,0.000000000000000000e+00,0.000000000000000000e+00,2.701087296009063721e-01,4.432660937309265137e-01,6.495838612318038940e-02,1.794168204069137573e-01,8.860500781250000000e+04,7.980809375000000000e+04,3.332267187500000000e+04,7.372503125000000000e+04,-7.583295781972597539e+07
3.559000000000000163e+00,1.016675133165841629e+02,-2.054854506959737481e+00,-9.648205323070727957e+01,-1.690972656250000000e+04,1.001305236816406250e+02,2.054958984375000000e+03,2.761219739913940430e-01,4.576919078826904297e-01,6.594132632017135620e-02,1.784542053937911987e-01,-1.016675133165841629e+02,2.054854506959737481e+00,9.648205323070727957e+01,0.000000000000000000e+00,0.000000000000000000e+00,0.000000000000000000e+00,2.761219739913940430e-01,4.576919078826904297e-01,6.594132632017135620e-02,1.784542053937911987e-01,8.868300000000000000e+04,7.992002343750000000e+04,3.311344921875000000e+04,7.350188281250000000e+04,-7.585261711201260984e+07
3.560000000000000053e+00,1.186577284118293392e+02,-3.946264797285607528e+00,-9.567331528513842898e+01,-1.694605664062500000e+04,1.066311035156250000e+02,2.061372558593750000e+03,2.759676575660705566e-01,4.693493545055389404e-01,6.937905400991439819e-02,1.804109364748001099e-01,-1.186577284118293392e+02,3.946264797285607528e+00,9.567331528513842898e+01,0.000000000000000000e+00,0.000000000000000000e+00,0.000000000000000000e+00,2.759676575660705566e-01,4.693493545055389404e-01,6.937905400991439819e-02,1.804109364748001099e-01,8.879596875000000000e+04,8.003078125000000000e+04,3.291878125000000000e+04,7.327732031250000000e+04,-7.587586572478796542e+07
3.560999999999999943e+00,1.356978408006980317e+02,-5.531281653914700058e+00,-9.433702957829933666e+01,-1.692785742187500000e+04,1.037102203369140625e+02,2.075139160156250000e+03,2.704738080501556396e-01,4.779543876647949219e-01,7.293242216110229492e-02,1.849874258041381836e-01,-1.356978408006980317e+02,5.531281653914700058e+00,9.433702957829933666e+01,0.000000000000000000e+00,0.000000000000000000e+00,0.000000000000000000e+00,2.704738080501556396e-01,4.779543876647949219e-01,7.293242216110229492e-02,1.849874258041381836e-01,8.891127343750000000e+04,8.014110937500000000e+04,3.275553710937500000e+04,7.305600000000000000e+04,-7.590320969901232421e+07
3.561999999999999833e+00,1.527639465308451179e+02,-6.655551242339313944e+00,-9.261304204622521752e+01,-1.688128125000000000e+04,9.021428680419921875e+01,2.055464355468750000e+03,2.609312534332275391e-01,4.831944406032562256e-01,7.545848190784454346e-02,1.919945627450942993e-01,-1.527639465308451179e+02,6.655551242339313944e+00,9.261304204622521752e+01,0.000000000000000000e+00,0.000000000000000000e+00,0.000000000000000000e+00,2.609312534332275391e-01,4.831944406032562256e-01,7.545848190784454346e-02,1.919945627450942993e-01,8.897880468750000000e+04,8.025757812500000000e+04,3.263178515625000000e+04,7.286966406250000000e+04,-7.593516799429139495e+07
3.563000000000000167e+00,1.698731267264500389e+02,-7.239143548847017939e+00,-9.063021276130560011e+01,-1.686751367187500000e+04,7.794486999511718750e+01,2.058913574218750000e+03,2.515136003494262695e-01,4.859932065010070801e-01,7.628557831048965454e-02,1.999370902776718140e-01,-1.698731267264500389e+02,7.239143548847017939e+00,9.063021276130560011e+01,0.000000000000000000e+00,0.000000000000000000e+00,0.000000000000000000e+00,2.515136003494262695e-01,4.859932065010070801e-01,7.628557831048965454e-02,1.999370902776718140e-01,8.898172656250000000e+04,8.036880468750000000e+04,3.252803906250000000e+04,7.274573437500000000e+04,-7.597229111413969100e+07
3.564000000000000057e+00,-1.729550926854585953e+02,-7.219580980361831379e+00,-8.853934430955621337e+01,-1.690678906250000000e+04,7.560772705078125000e+01,2.080511230468750000e+03,2.390013337135314941e-01,4.872662127017974854e-01,7.558113336563110352e-02,2.068417966365814209e-01,1.729550926854585953e+02,7.219580980361831379e+00,8.853934430955621337e+01,0.000000000000000000e+00,0.000000000000000000e+00,0.000000000000000000e+00,2.390013337135314941e-01,4.872662127017974854e-01,7.558113336563110352e-02,2.068417966365814209e-01,8.891927343750000000e+04,8.047787500000000000e+04,3.243015625000000000e+04,7.268705468750000000e+04,-7.601009591606582701e+07
3.564999999999999947e+00,-1.557648497392689819e+02,-6.591664986554664374e+00,-8.656757167162896849e+01,-1.695132421875000000e+04,7.716729736328125000e+01,2.061774169921875000e+03,2.896871864795684814e-01,7.072044909000396729e-02,3.894853293895721436e-01,3.178601562976837158e-01,1.557648497392689819e+02,6.591664986554664374e+00,8.656757167162896849e+01,0.000000000000000000e+00,0.000000000000000000e+00,0.000000000000000000e+00,2.896871864795684814e-01,7.072044909000396729e-02,3.894853293895721436e-01,3.178601562976837158e-01,8.876171875000000000e+04,8.059419531250000000e+04,3.233601562500000000e+04,7.267403906250000000e+04,-7.604189599899254739e+07
3.565999999999999837e+00,-1.386331285090656991e+02,-5.409231009180792249e+00,-8.485813683012527520e+01,-1.695115625000000000e+04,7.311368560791015625e+01,2.077101806640625000e+03,2.818809151649475098e-01,9.113106131553649902e-02,3.882057070732116699e-01,3.205403387546539307e-01,1.386331285090656991e+02,5.409231009180792249e+00,8.485813683012527520e+01,0.000000000000000000e+00,0.000000000000000000e+00,0.000000000000000000e+00,2.818809151649475098e-01,9.113106131553649902e-02,3.882057070732116699e-01,3.205403387546539307e-01,8.887639062500000000e+04,8.036571875000000000e+04,3.244530468750000000e+04,7.278876562500000000e+04,-7.606834530647915602e+07
3.567000000000000171e+00,-1.216200573600312254e+02,-3.784124523491006808e+00,-8.356201769514714783e+01,-1.690733398437500000e+04,5.963118743896484375e+01,2.082750244140625000e+03,2.732388973236083984e-01,1.144267171621322632e-01,3.812552392482757568e-01,3.198605477809906006e-01,1.216200573600312254e+02,3.784124523491006808e+00,8.356201769514714783e+01,0.000000000000000000e+00,0.000000000000000000e+00,0.000000000000000000e+00,2.732388973236083984e-01,1.144267171621322632e-01,3.812552392482757568e-01,3.198605477809906006e-01,8.898984375000000000e+04,8.013986718750000000e+04,3.255734960937500000e+04,7.290243750000000000e+04,-7.609013367523111403e+07
3.568000000000000060e+00,-1.047017781819079403e+02,-1.848614301058173259e+00,-8.278139679280961616e+01,-1.687805273437500000e+04,4.453875350952148438e+01,2.093730712890625000e+03,2.668063044548034668e-01,1.396853327751159668e-01,3.674406707286834717e-01,3.160076141357421875e-01,1.047017781819079403e+02,1.848614301058173259e+00,8.278139679280961616e+01,0.000000000000000000e+00,0.000000000000000000e+00,0.000000000000000000e+00,2.668063044548034668e-01,1.396853327751159668e-01,3.674406707286834717e-01,3.160076141357421875e-01,8.908053906250000000e+04,7.991360156250000000e+04,3.266719531250000000e+04,7.301767187500000000e+04,-7.610795231461536884e+07
3.568999999999999950e+00,-8.779196793497933982e+01,2.274159542444287863e-01,-8.259374411088899137e+01,-1.690528906250000000e+04,3.951424026489257812e+01,2.091699462890625000e+03,2.605498433113098145e-01,1.680775880813598633e-01,3.464393913745880127e-01,3.082854151725769043e-01,8.779196793497933982e+01,-2.274159542444287863e-01,8.259374411088899137e+01,0.000000000000000000e+00,0.000000000000000000e+00,0.000000000000000000e+00,2.605498433113098145e-01,1.680775880813598633e-01,3.464393913745880127e-01,3.082854151725769043e-01,8.912153125000000000e+04,7.968801562500000000e+04,3.278066406250000000e+04,7.312961718750000000e+04,-7.612248152253353596e+07
3.569999999999999840e+00,-7.082627435452471332e+01,2.290970230037561173e+00,-8.303007085549833732e+01,-1.695418945312500000e+04,4.602814865112304688e+01,2.116364257812500000e+03,2.545493841171264648e-01,2.001354098320007324e-01,3.177872002124786377e-01,2.959584891796112061e-01,7.082627435452471332e+01,-2.290970230037561173e+00,8.303007085549833732e+01,0.000000000000000000e+00,0.000000000000000000e+00,0.000000000000000000e+00,2.545493841171264648e-01,2.001354098320007324e-01,3.177872002124786377e-01,2.959584891796112061e-01,8.912153125000000000e+04,7.945898437500000000e+04,3.288844921875000000e+04,7.324571093750000000e+04,-7.613439712488333881e+07
3.571000000000000174e+00,-5.380281333904919450e+01,4.109333135715509400e+00,-8.404033131613248031e+01,-1.696519335937500000e+04,4.859687042236328125e+01,2.086430175781250000e+03,2.473596483469009399e-01,2.354713976383209229e-01,2.822766304016113281e-01,2.793030440807342529e-01,5.380281333904919450e+01,-4.109333135715509400e+00,8.404033131613248031e+01,0.000000000000000000e+00,0.000000000000000000e+00,0.000000000000000000e+00,2.473596483469009399e-01,2.354713976383209229e-01,2.822766304016113281e-01,2.793030440807342529e-01,8.906934375000000000e+04,7.924544531250000000e+04,3.300663281250000000e+04,7.335301562500000000e+04,-7.614437153151308000e+07
3.572000000000000064e+00,-3.674699057776479094e+01,5.574679924844967438e+00,-8.555812092705183147e+01,-1.692578515625000000e+04,4.360729980468750000e+01,2.113028076171875000e+03,2.458277195692062378e-01,2.698887884616851807e-01,2.411059439182281494e-01,2.607831358909606934e-01,3.674699057776479094e+01,-5.574679924844967438e+00,8.555812092705183147e+01,0.000000000000000000e+00,0.000000000000000000e+00,0.000000000000000000e+00,2.458277195692062378e-01,2.698887884616851807e-01,2.411059439182281494e-01,2.607831358909606934e-01,8.897638281250000000e+04,7.928797656250000000e+04,3.311456250000000000e+04,7.347064062500000000e+04,-7.615307314194244146e+07
3.572999999999999954e+00,-1.965988752923250971e+01,6.542552212368205389e+00,-8.743703532509411502e+01,-1.688687109375000000e+04,3.025259208679199219e+01,2.111619873046875000e+03,2.437909692525863647e-01,3.021806180477142334e-01,1.997901648283004761e-01,2.430410236120223999e-01,1.965988752923250971e+01,-6.542552212368205389e+00,8.743703532509411502e+01,0.000000000000000000e+00,0.000000000000000000e+00,0.000000000000000000e+00,2.437909692525863647e-01,3.021806180477142334e-01,1.997901648283004761e-01,2.430410236120223999e-01,8.886948437500000000e+04,7.940083593750000000e+04,3.322768750000000000e+04,7.358339843750000000e+04,-7.616114769325599074e+07
3.573999999999999844e+00,-2.519014292181471326e+00,6.923692678444053783e+00,-8.951660910050887310e+01,-1.689513476562500000e+04,2.333298683166503906e+01,2.107608886718750000e+03,2.450288534164428711e-01,3.305339515209197998e-01,1.606325358152389526e-01,2.276468276977539062e-01,2.519014292181471326e+00,-6.923692678444053783e+00,8.951660910050887310e+01,0.000000000000000000e+00,0.000000000000000000e+00,0.000000000000000000e+00,2.450288534164428711e-01,3.305339515209197998e-01,1.606325358152389526e-01,2.276468276977539062e-01,8.875054687500000000e+04,7.951467968750000000e+04,3.334108593750000000e+04,7.369464843750000000e+04,-7.616921519951415062e+07
3.575000000000000178e+00,1.467156593362187778e+01,6.680745411113634624e+00,-9.158135640510769804e+01,-1.694416796875000000e+04,2.462628555297851562e+01,2.071946777343750000e+03,2.463968992233276367e-01,3.558631837368011475e-01,1.269036829471588135e-01,2.147863656282424927e-01,-1.467156593362187778e+01,-6.680745411113634624e+00,9.158135640510769804e+01,0.000000000000000000e+00,0.000000000000000000e+00,0.000000000000000000e+00,2.463968992233276367e-01,3.558631837368011475e-01,1.269036829471588135e-01,2.147863656282424927e-01,8.863742187500000000e+04,7.963253906250000000e+04,3.345925000000000000e+04,7.380085937500000000e+04,-7.617786223156134784e+07
3.576000000000000068e+00,3.185083387635963703e+01,5.828151557042332342e+00,-9.350308478086658681e+01,-1.696799804687500000e+04,2.889679527282714844e+01,2.099370361328125000e+03,2.498475015163421631e-01,3.788361251354217529e-01,9.958972036838531494e-02,2.042907178401947021e-01,-3.185083387635963703e+01,-5.828151557042332342e+00,9.350308478086658681e+01,0.000000000000000000e+00,0.000000000000000000e+00,0.000000000000000000e+00,2.498475015163421631e-01,3.788361251354217529e-01,9.958972036838531494e-02,2.042907178401947021e-01,8.854831250000000000e+04,7.974050781250000000e+04,3.356760156250000000e+04,7.382936718750000000e+04,-7.618765350139407814e+07
3.576999999999999957e+00,4.893328160392324122e+01,4.468666930041332641e+00,-9.507748185487987769e+01,-1.693929687500000000e+04,1.928368377685546875e+01,2.082784423828125000e+03,2.510649263858795166e-01,3.991392254829406738e-01,8.129254728555679321e-02,1.968404799699783325e-01,-4.893328160392324122e+01,-4.468666930041332641e+00,9.507748185487987769e+01,0.000000000000000000e+00,0.000000000000000000e+00,0.000000000000000000e+00,2.510649263858795166e-01,3.991392254829406738e-01,8.129254728555679321e-02,1.968404799699783325e-01,8.847786718750000000e+04,7.985642968750000000e+04,3.364308984375000000e+04,7.377215625000000000e+04,-7.619910766398259997e+07
3.577999999999999847e+00,6.589807656165051242e+01,2.707719528769803041e+00,-9.620154574292909899e+01,-1.689256640625000000e+04,3.007393836975097656e+00,2.095499023437500000e+03,2.584555149078369141e-01,4.173389971256256104e-01,6.961616128683090210e-02,1.917571127414703369e-01,-6.589807656165051242e+01,-2.707719528769803041e+00,9.620154574292909899e+01,0.000000000000000000e+00,0.000000000000000000e+00,0.000000000000000000e+00,2.584555149078369141e-01,4.173389971256256104e-01,6.961616128683090210e-02,1.917571127414703369e-01,8.842393750000000000e+04,7.996628125000000000e+04,3.356278906250000000e+04,7.366389062500000000e+04,-7.621271228962549567e+07
3.579000000000000181e+00,8.280580672086132665e+01,7.183183142642718400e-01,-9.677135151663195245e+01,-1.688885546875000000e+04,-1.191854476928710938e+01,2.076793457031250000e+03,2.656634449958801270e-01,4.334852695465087891e-01,6.523739546537399292e-02,1.890207976102828979e-01,-8.280580672086132665e+01,-7.183183142642718400e-01,9.677135151663195245e+01,0.000000000000000000e+00,0.000000000000000000e+00,0.000000000000000000e+00,2.656634449958801270e-01,4.334852695465087891e-01,6.523739546537399292e-02,1.890207976102828979e-01,8.841780468750000000e+04,8.008190625000000000e+04,3.339120312500000000e+04,7.351440625000000000e+04,-7.622893430170774460e+07
3.580000000000000071e+00,9.973593702392312821e+01,-1.335784063729219318e+00,-9.674192871767866109e+01,-1.692815820312500000e+04,-1.620252609252929688e+01,2.061743164062500000e+03,2.735784649848937988e-01,4.482044279575347900e-01,6.563749909400939941e-02,1.880377382040023804e-01,-9.973593702392312821e+01,1.335784063729219318e+00,9.674192871767866109e+01,0.000000000000000000e+00,0.000000000000000000e+00,0.000000000000000000e+00,2.735784649848937988e-01,4.482044279575347900e-01,6.563749909400939941e-02,1.880377382040023804e-01,8.846514062500000000e+04,8.019756250000000000e+04,3.318768359375000000e+04,7.334866406250000000e+04,-7.624824234393286705e+07
3.580999999999999961e+00,1.167302619627058959e+02,-3.289222980129683283e+00,-9.611339856820343641e+01,-1.696714648437500000e+04,-1.472860050201416016e+01,2.059365478515625000e+03,2.764071226119995117e-01,4.607003927230834961e-01,6.894061714410781860e-02,1.893900483846664429e-01,-1.167302619627058959e+02,3.289222980129683283e+00,9.611339856820343641e+01,0.000000000000000000e+00,0.000000000000000000e+00,0.000000000000000000e+00,2.764071226119995117e-01,4.607003927230834961e-01,6.894061714410781860e-02,1.893900483846664429e-01,8.856808593750000000e+04,8.030991406250000000e+04,3.298941406250000000e+04,7.318241406250000000e+04,-7.627111690236289799e+07
3.581999999999999851e+00,1.337724038234291868e+02,-5.004296633643888548e+00,-9.492193439600809768e+01,-1.695410351562500000e+04,-1.944087219238281250e+01,2.094058593750000000e+03,2.727045714855194092e-01,4.700952172279357910e-01,7.299140840768814087e-02,1.935561299324035645e-01,-1.337724038234291868e+02,5.004296633643888548e+00,9.492193439600809768e+01,0.000000000000000000e+00,0.000000000000000000e+00,0.000000000000000000e+00,2.727045714855194092e-01,4.700952172279357910e-01,7.299140840768814087e-02,1.935561299324035645e-01,8.868721875000000000e+04,8.041667968750000000e+04,3.281776953125000000e+04,7.303592187500000000e+04,-7.629804717500187457e+07
3.583000000000000185e+00,1.508429442662595363e+02,-6.292723190727987692e+00,-9.330207582354468343e+01,-1.690925781250000000e+04,-3.396854782104492188e+01,2.070832519531250000e+03,2.623359560966491699e-01,4.759460091590881348e-01,7.651286572217941284e-02,2.004088908433914185e-01,-1.508429442662595363e+02,6.292723190727987692e+00,9.330207582354468343e+01,0.000000000000000000e+00,0.000000000000000000e+00,0.000000000000000000e+00,2.623359560966491699e-01,4.759460091590881348e-01,7.651286572217941284e-02,2.004088908433914185e-01,8.877521093750000000e+04,8.053372656250000000e+04,3.269352539062500000e+04,7.291396875000000000e+04,-7.632954564455492795e+07
3.584000000000000075e+00,1.679578041132839701e+02,-7.057921849799298819e+00,-9.139020516456491805e+01,-1.689079492187500000e+04,-4.827214050292968750e+01,2.054136962890625000e+03,2.534556388854980469e-01,4.793457686901092529e-01,7.822822779417037964e-02,2.083764821290969849e-01,-1.679578041132839701e+02,7.057921849799298819e+00,9.139020516456491805e+01,0.000000000000000000e+00,0.000000000000000000e+00,0.000000000000000000e+00,2.534556388854980469e-01,4.793457686901092529e-01,7.822822779417037964e-02,2.083764821290969849e-01,8.878996093750000000e+04,8.064836718750000000e+04,3.260001562500000000e+04,7.284796093750000000e+04,-7.636615745237834752e+07
3.584999999999999964e+00,-1.748599757930547298e+02,-7.231800295487008867e+00,-8.933813929258298003e+01,-1.692516796875000000e+04,-5.116332626342773438e+01,2.050346435546875000e+03,2.422970384359359741e-01,4.810444712638854980e-01,7.841795682907104492e-02,2.157178223133087158e-01,1.748599757930547298e+02,7.231800295487008867e+00,8.933813929258298003e+01,0.000000000000000000e+00,0.000000000000000000e+00,0.000000000000000000e+00,2.422970384359359741e-01,4.810444712638854980e-01,7.841795682907104492e-02,2.157178223133087158e-01,8.874167187500000000e+04,8.076162500000000000e+04,3.252139843750000000e+04,7.284598437500000000e+04,-7.640476706558047235e+07
3.585999999999999854e+00,-1.576427955792594275e+02,-6.795222765201571313e+00,-8.733236903350065461e+01,-1.697045312500000000e+04,-4.928528976440429688e+01,2.044942138671875000e+03,2.949211001396179199e-01,5.928116664290428162e-02,3.909476697444915771e-01,3.245455324649810791e-01,1.576427955792594275e+02,6.795222765201571313e+00,8.733236903350065461e+01,0.000000000000000000e+00,0.000000000000000000e+00,0.000000000000000000e+00,2.949211001396179199e-01,5.928116664290428162e-02,3.909476697444915771e-01,3.245455324649810791e-01,8.861480468750000000e+04,8.087573437500000000e+04,3.244541992187500000e+04,7.289910156250000000e+04,-7.643729143431195617e+07
3.587000000000000188e+00,-1.404671147817722670e+02,-5.779497148963966602e+00,-8.553184524412016287e+01,-1.697664648437500000e+04,-4.940505599975585938e+01,2.064777099609375000e+03,2.864407896995544434e-01,7.900413870811462402e-02,3.907613754272460938e-01,3.282813727855682373e-01,1.404671147817722670e+02,5.779497148963966602e+00,8.553184524412016287e+01,0.000000000000000000e+00,0.000000000000000000e+00,0.000000000000000000e+00,2.864407896995544434e-01,7.900413870811462402e-02,3.907613754272460938e-01,3.282813727855682373e-01,8.873003906250000000e+04,8.064650000000000000e+04,3.255512109375000000e+04,7.301467187500000000e+04,-7.646437154378522933e+07
3.588000000000000078e+00,-1.234036375661532503e+02,-4.285476937644706830e+00,-8.410519804487998385e+01,-1.693649023437500000e+04,-5.904418182373046875e+01,2.068634277343750000e+03,2.772877514362335205e-01,1.017443314194679260e-01,3.851730823516845703e-01,3.286682665348052979e-01,1.234036375661532503e+02,4.285476937644706830e+00,8.410519804487998385e+01,0.000000000000000000e+00,0.000000000000000000e+00,0.000000000000000000e+00,2.772877514362335205e-01,1.017443314194679260e-01,3.851730823516845703e-01,3.286682665348052979e-01,8.884347656250000000e+04,8.042096093750000000e+04,3.266614648437500000e+04,7.312729687500000000e+04,-7.648669205120053887e+07
3.588999999999999968e+00,-1.064439162135521855e+02,-2.467539115239450354e+00,-8.318201677613566858e+01,-1.690356054687500000e+04,-6.995859527587890625e+01,2.044389648437500000e+03,2.706322968006134033e-01,1.263737380504608154e-01,3.728851377964019775e-01,3.260037600994110107e-01,1.064439162135521855e+02,2.467539115239450354e+00,8.318201677613566858e+01,0.000000000000000000e+00,0.000000000000000000e+00,0.000000000000000000e+00,2.706322968006134033e-01,1.263737380504608154e-01,3.728851377964019775e-01,3.260037600994110107e-01,8.895144531250000000e+04,8.020056250000000000e+04,3.278333203125000000e+04,7.323554687500000000e+04,-7.650494769516365230e+07
3.589999999999999858e+00,-8.950833651485493192e+01,-4.616261187361941909e-01,-8.282891808790067500e+01,-1.692476757812500000e+04,-7.150492095947265625e+01,2.042903930664062500e+03,2.663003504276275635e-01,1.536464095115661621e-01,3.532076179981231689e-01,3.195879161357879639e-01,8.950833651485493192e+01,4.616261187361941909e-01,8.282891808790067500e+01,0.000000000000000000e+00,0.000000000000000000e+00,0.000000000000000000e+00,2.663003504276275635e-01,1.536464095115661621e-01,3.532076179981231689e-01,3.195879161357879639e-01,8.902289843750000000e+04,7.997485937500000000e+04,3.289550390625000000e+04,7.334847656250000000e+04,-7.651982028023959696e+07
3.591000000000000192e+00,-7.253046780393725612e+01,1.584921804747315921e+00,-8.309162405013513819e+01,-1.697346289062500000e+04,-6.019869995117187500e+01,2.070022460937500000e+03,2.600883841514587402e-01,1.854503154754638672e-01,3.261689841747283936e-01,3.084139823913574219e-01,7.253046780393725612e+01,-1.584921804747315921e+00,8.309162405013513819e+01,0.000000000000000000e+00,0.000000000000000000e+00,0.000000000000000000e+00,2.600883841514587402e-01,1.854503154754638672e-01,3.261689841747283936e-01,3.084139823913574219e-01,8.906625000000000000e+04,7.974546093750000000e+04,3.300417187500000000e+04,7.346601562500000000e+04,-7.653198767896386981e+07
3.592000000000000082e+00,-5.549960152627701859e+01,3.447016178111617979e+00,-8.394407839796062376e+01,-1.699163476562500000e+04,-5.044694900512695312e+01,2.054494628906250000e+03,2.523261606693267822e-01,2.211916446685791016e-01,2.919433414936065674e-01,2.925214469432830811e-01,5.549960152627701859e+01,-3.447016178111617979e+00,8.394407839796062376e+01,0.000000000000000000e+00,0.000000000000000000e+00,0.000000000000000000e+00,2.523261606693267822e-01,2.211916446685791016e-01,2.919433414936065674e-01,2.925214469432830811e-01,8.905759375000000000e+04,7.952361718750000000e+04,3.311915234375000000e+04,7.357534375000000000e+04,-7.654212637495206296e+07
3.592999999999999972e+00,-3.843930030033159539e+01,4.978181741601532373e+00,-8.531245935309414108e+01,-1.695795703125000000e+04,-4.736859130859375000e+01,2.057994140625000000e+03,2.492714822292327881e-01,2.567686438560485840e-01,2.515052556991577148e-01,2.741615772247314453e-01,3.843930030033159539e+01,-4.978181741601532373e+00,8.531245935309414108e+01,0.000000000000000000e+00,0.000000000000000000e+00,0.000000000000000000e+00,2.492714822292327881e-01,2.567686438560485840e-01,2.515052556991577148e-01,2.741615772247314453e-01,8.899648437500000000e+04,7.945849218750000000e+04,3.323142578125000000e+04,7.368807031250000000e+04,-7.655090695277397335e+07
3.593999999999999861e+00,-2.135394334729977217e+01,6.037376124488845086e+00,-8.705951356365342519e+01,-1.691587304687500000e+04,-5.157234954833984375e+01,2.042905761718750000e+03,2.479595541954040527e-01,2.904549241065979004e-01,2.093307077884674072e-01,2.557619214057922363e-01,2.135394334729977217e+01,-6.037376124488845086e+00,8.705951356365342519e+01,0.000000000000000000e+00,0.000000000000000000e+00,0.000000000000000000e+00,2.479595541954040527e-01,2.904549241065979004e-01,2.093307077884674072e-01,2.557619214057922363e-01,8.891182812500000000e+04,7.957371875000000000e+04,3.334668750000000000e+04,7.379825781250000000e+04,-7.655897875248286128e+07
3.595000000000000195e+00,-4.217040946459519546e+00,6.536952222420285175e+00,-8.904206100746409902e+01,-1.691799218750000000e+04,-5.122413635253906250e+01,2.039712280273437500e+03,2.496244013309478760e-01,3.205154538154602051e-01,1.687659323215484619e-01,2.392425388097763062e-01,4.217040946459519546e+00,-6.536952222420285175e+00,8.904206100746409902e+01,0.000000000000000000e+00,0.000000000000000000e+00,0.000000000000000000e+00,2.496244013309478760e-01,3.205154538154602051e-01,1.687659323215484619e-01,2.392425388097763062e-01,8.882178906250000000e+04,7.968745312500000000e+04,3.345938281250000000e+04,7.391111718750000000e+04,-7.656696775629001856e+07
3.596000000000000085e+00,1.298010153538760214e+01,6.423555768905217178e+00,-9.106940939518223388e+01,-1.696655859375000000e+04,-4.099264907836914062e+01,2.024568725585937500e+03,2.507253587245941162e-01,3.473406136035919189e-01,1.336627900600433350e-01,2.252711802721023560e-01,-1.298010153538760214e+01,-6.423555768905217178e+00,9.106940939518223388e+01,0.000000000000000000e+00,0.000000000000000000e+00,0.000000000000000000e+00,2.507253587245941162e-01,3.473406136035919189e-01,1.336627900600433350e-01,2.252711802721023560e-01,8.874369531250000000e+04,7.980173437500000000e+04,3.357483203125000000e+04,7.402075781250000000e+04,-7.657547113872219622e+07
3.596999999999999975e+00,3.018149014529303642e+01,5.700883926887352793e+00,-9.298179680448431839e+01,-1.699761718750000000e+04,-2.762084007263183594e+01,2.041651611328125000e+03,2.525624334812164307e-01,3.715808689594268799e-01,1.052911505103111267e-01,2.136199623346328735e-01,-3.018149014529303642e+01,-5.700883926887352793e+00,9.298179680448431839e+01,0.000000000000000000e+00,0.000000000000000000e+00,0.000000000000000000e+00,2.525624334812164307e-01,3.715808689594268799e-01,1.052911505103111267e-01,2.136199623346328735e-01,8.868121093750000000e+04,7.991156250000000000e+04,3.368366015625000000e+04,7.411921875000000000e+04,-7.658506017568412423e+07
3.597999999999999865e+00,4.729618008149354580e+01,4.474004726613525662e+00,-9.455808731665131006e+01,-1.697318359375000000e+04,-2.571350669860839844e+01,1.999702636718750000e+03,2.540264725685119629e-01,3.932085931301116943e-01,8.531723916530609131e-02,2.047049850225448608e-01,-4.729618008149354580e+01,-4.474004726613525662e+00,9.455808731665131006e+01,0.000000000000000000e+00,0.000000000000000000e+00,0.000000000000000000e+00,2.540264725685119629e-01,3.932085931301116943e-01,8.531723916530609131e-02,2.047049850225448608e-01,8.862303906250000000e+04,8.003175781250000000e+04,3.380377343750000000e+04,7.411967187500000000e+04,-7.659625835292969644e+07
3.599000000000000199e+00,6.429641595031046108e+01,2.824348220470379811e+00,-9.571954145113683410e+01,-1.692455664062500000e+04,-3.147039604187011719e+01,2.023233276367187500e+03,2.628459334373474121e-01,4.128253459930419922e-01,7.172093540430068970e-02,1.977859139442443848e-01,-6.429641595031046108e+01,-2.824348220470379811e+00,9.571954145113683410e+01,0.000000000000000000e+00,0.000000000000000000e+00,0.000000000000000000e+00,2.628459334373474121e-01,4.128253459930419922e-01,7.172093540430068970e-02,1.977859139442443848e-01,8.858848437500000000e+04,8.013959375000000000e+04,3.375000000000000000e+04,7.406542968750000000e+04,-7.660956258959223330e+07
3.600000000000000089e+00,8.123324644019291441e+01,9.183128226972577801e-01,-9.634927315597067832e+01,-1.691453320312500000e+04,-3.655575180053710938e+01,2.014235961914062500e+03,2.691492736339569092e-01,4.298972189426422119e-01,6.634025275707244873e-02,1.937239915132522583e-01,-8.123324644019291441e+01,-9.183128226972577801e-01,9.634927315597067832e+01,0.000000000000000000e+00,0.000000000000000000e+00,0.000000000000000000e+00,2.691492736339569092e-01,4.298972189426422119e-01,6.634025275707244873e-02,1.937239915132522583e-01,8.861152343750000000e+04,8.025376562500000000e+04,3.359124609375000000e+04,7.395414062500000000e+04,-7.662544545565557480e+07
3.600999999999999979e+00,9.818723022501210096e+01,-1.081357108123325528e+00,-9.639004096516501363e+01,-1.695232617187500000e+04,-3.076862716674804688e+01,2.007164184570312500e+03,2.765774130821228027e-01,4.454556405544281006e-01,6.592625379562377930e-02,1.913959234952926636e-01,-9.818723022501210096e+01,1.081357108123325528e+00,9.639004096516501363e+01,0.000000000000000000e+00,0.000000000000000000e+00,0.000000000000000000e+00,2.765774130821228027e-01,4.454556405544281006e-01,6.592625379562377930e-02,1.913959234952926636e-01,8.868021093750000000e+04,8.036814843750000000e+04,3.339024609375000000e+04,7.381455468750000000e+04,-7.664437839716529846e+07
3.601999999999999869e+00,1.152043555710605744e+02,-2.979105266260318796e+00,-9.584069709851073071e+01,-1.699597460937500000e+04,-1.938789558410644531e+01,1.982727661132812500e+03,2.792054414749145508e-01,4.588409364223480225e-01,6.869187206029891968e-02,1.913519203662872314e-01,-1.152043555710605744e+02,2.979105266260318796e+00,9.584069709851073071e+01,0.000000000000000000e+00,0.000000000000000000e+00,0.000000000000000000e+00,2.792054414749145508e-01,4.588409364223480225e-01,6.869187206029891968e-02,1.913519203662872314e-01,8.878825000000000000e+04,8.048395312500000000e+04,3.319358593750000000e+04,7.365805468750000000e+04,-7.666684475499635935e+07
3.603000000000000203e+00,1.322657774383472429e+02,-4.656115871718943922e+00,-9.473219891790630243e+01,-1.698586718750000000e+04,-1.151796054840087891e+01,2.016218750000000000e+03,2.775195538997650146e-01,4.692893326282501221e-01,7.208487391471862793e-02,1.939661055803298950e-01,-1.322657774383472429e+02,4.656115871718943922e+00,9.473219891790630243e+01,0.000000000000000000e+00,0.000000000000000000e+00,0.000000000000000000e+00,2.775195538997650146e-01,4.692893326282501221e-01,7.208487391471862793e-02,1.939661055803298950e-01,8.890723437500000000e+04,8.059110156250000000e+04,3.301520312500000000e+04,7.351543750000000000e+04,-7.669333485980455577e+07
3.604000000000000092e+00,1.493495944724655260e+02,-5.927125358503652741e+00,-9.319278532994688646e+01,-1.694012304687500000e+04,-1.640209007263183594e+01,1.998438354492187500e+03,2.675085663795471191e-01,4.760898351669311523e-01,7.519719004631042480e-02,1.993098407983779907e-01,-1.493495944724655260e+02,5.927125358503652741e+00,9.319278532994688646e+01,0.000000000000000000e+00,0.000000000000000000e+00,0.000000000000000000e+00,2.675085663795471191e-01,4.760898351669311523e-01,7.519719004631042480e-02,1.993098407983779907e-01,8.901632031250000000e+04,8.070726562500000000e+04,3.287712500000000000e+04,7.338734375000000000e+04,-7.672436018722622097e+07
3.604999999999999982e+00,1.664728732276307994e+02,-6.698746149977960584e+00,-9.133253152546240017e+01,-1.691698437500000000e+04,-1.969661331176757812e+01,2.010709594726562500e+03,2.585139572620391846e-01,4.800873696804046631e-01,7.670621573925018311e-02,2.062463015317916870e-01,-1.664728732276307994e+02,6.698746149977960584e+00,9.133253152546240017e+01,0.000000000000000000e+00,0.000000000000000000e+00,0.000000000000000000e+00,2.585139572620391846e-01,4.800873696804046631e-01,7.670621573925018311e-02,2.062463015317916870e-01,8.906720312500000000e+04,8.081689843750000000e+04,3.276416796875000000e+04,7.330649218750000000e+04,-7.676045990926171839e+07
3.605999999999999872e+00,-1.763416865481345042e+02,-6.884020056220222727e+00,-8.934687390100425830e+01,-1.694891601562500000e+04,-1.502469539642333984e+01,1.987593994140625000e+03,2.455644309520721436e-01,4.823507070541381836e-01,7.673671096563339233e-02,2.125517725944519043e-01,1.763416865481345042e+02,6.884020056220222727e+00,8.934687390100425830e+01,0.000000000000000000e+00,0.000000000000000000e+00,0.000000000000000000e+00,2.455644309520721436e-01,4.823507070541381836e-01,7.673671096563339233e-02,2.125517725944519043e-01,8.904550781250000000e+04,8.093353906250000000e+04,3.267106445312500000e+04,7.327392187500000000e+04,-7.679958655328437686e+07
3.607000000000000206e+00,-1.591202583186962443e+02,-6.467949165264404776e+00,-8.740960899682087870e+01,-1.699451953125000000e+04,-2.361528635025024414e+00,1.975829833984375000e+03,2.982176542282104492e-01,5.986088514328002930e-02,3.889701962471008301e-01,3.213963210582733154e-01,1.591202583186962443e+02,6.467949165264404776e+00,8.740960899682087870e+01,0.000000000000000000e+00,0.000000000000000000e+00,0.000000000000000000e+00,2.982176542282104492e-01,5.986088514328002930e-02,3.889701962471008301e-01,3.213963210582733154e-01,8.893446093750000000e+04,8.104864062500000000e+04,3.257992382812500000e+04,7.329157812500000000e+04,-7.683258808400316536e+07
3.608000000000000096e+00,-1.419326687206552720e+02,-5.482327162086757966e+00,-8.566947223311818504e+01,-1.700471093750000000e+04,6.480942249298095703e+00,1.998955688476562500e+03,2.900547385215759277e-01,8.038771152496337891e-02,3.885602056980133057e-01,3.242413103580474854e-01,1.419326687206552720e+02,5.482327162086757966e+00,8.566947223311818504e+01,0.000000000000000000e+00,0.000000000000000000e+00,0.000000000000000000e+00,2.900547385215759277e-01,8.038771152496337891e-02,3.885602056980133057e-01,3.242413103580474854e-01,8.905026562500000000e+04,8.081883593750000000e+04,3.268785742187500000e+04,7.340885937500000000e+04,-7.686010228083714843e+07
3.608999999999999986e+00,-1.248525566082296052e+02,-4.011988971809175908e+00,-8.428406025297044835e+01,-1.696369531250000000e+04,6.784568309783935547e+00,2.024312011718750000e+03,2.805636525154113770e-01,1.040026694536209106e-01,3.829138576984405518e-01,3.237328231334686279e-01,1.248525566082296052e+02,4.011988971809175908e+00,8.428406025297044835e+01,0.000000000000000000e+00,0.000000000000000000e+00,0.000000000000000000e+00,2.805636525154113770e-01,1.040026694536209106e-01,3.829138576984405518e-01,3.237328231334686279e-01,8.916778125000000000e+04,8.058985156250000000e+04,3.279683984375000000e+04,7.352543750000000000e+04,-7.688281034059698880e+07
3.609999999999999876e+00,-1.078740591442466155e+02,-2.224133373380295264e+00,-8.340050960342175301e+01,-1.692871679687500000e+04,3.398704767227172852e+00,2.000933959960937500e+03,2.725190520286560059e-01,1.299723982810974121e-01,3.706051111221313477e-01,3.199143409729003906e-01,1.078740591442466155e+02,2.224133373380295264e+00,8.340050960342175301e+01,0.000000000000000000e+00,0.000000000000000000e+00,0.000000000000000000e+00,2.725190520286560059e-01,1.299723982810974121e-01,3.706051111221313477e-01,3.199143409729003906e-01,8.927579687500000000e+04,8.036911718750000000e+04,3.291293359375000000e+04,7.363350000000000000e+04,-7.690140774500462413e+07
3.611000000000000210e+00,-9.092111611183274533e+01,-2.533371180263899181e-01,-8.308349887872530815e+01,-1.694438281250000000e+04,9.131241798400878906e+00,2.003387207031250000e+03,2.680864334106445312e-01,1.580093801021575928e-01,3.507328033447265625e-01,3.125637173652648926e-01,9.092111611183274533e+01,2.533371180263899181e-01,8.308349887872530815e+01,0.000000000000000000e+00,0.000000000000000000e+00,0.000000000000000000e+00,2.680864334106445312e-01,1.580093801021575928e-01,3.507328033447265625e-01,3.125637173652648926e-01,8.935414843750000000e+04,8.014284375000000000e+04,3.302557812500000000e+04,7.374621093750000000e+04,-7.691657732632526755e+07
3.612000000000000099e+00,-7.392311069933487033e+01,1.730042638257807353e+00,-8.337450672398277618e+01,-1.699252148437500000e+04,2.699953651428222656e+01,2.011797241210937500e+03,2.616342604160308838e-01,1.905840337276458740e-01,3.235389888286590576e-01,3.004420101642608643e-01,7.392311069933487033e+01,-1.730042638257807353e+00,8.337450672398277618e+01,0.000000000000000000e+00,0.000000000000000000e+00,0.000000000000000000e+00,2.616342604160308838e-01,1.905840337276458740e-01,3.235389888286590576e-01,3.004420101642608643e-01,8.939900000000000000e+04,7.991669531250000000e+04,3.313679687500000000e+04,7.386082812500000000e+04,-7.692899625403973460e+07
3.612999999999999989e+00,-5.686851574331967640e+01,3.544133103661732953e+00,-8.425438816467057279e+01,-1.701234960937500000e+04,4.406704330444335938e+01,2.022741455078125000e+03,2.548748850822448730e-01,2.266715764999389648e-01,2.890010476112365723e-01,2.837381362915039062e-01,5.686851574331967640e+01,-3.544133103661732953e+00,8.425438816467057279e+01,0.000000000000000000e+00,0.000000000000000000e+00,0.000000000000000000e+00,2.548748850822448730e-01,2.266715764999389648e-01,2.890010476112365723e-01,2.837381362915039062e-01,8.939853125000000000e+04,7.969021093750000000e+04,3.324746875000000000e+04,7.397557031250000000e+04,-7.693934164492703974e+07
3.613999999999999879e+00,-3.978008260368787319e+01,5.025029894429336785e+00,-8.564815890395563258e+01,-1.698251367187500000e+04,5.372897338867187500e+01,2.037674926757812500e+03,2.499998956918716431e-01,2.631583511829376221e-01,2.490455061197280884e-01,2.646486461162567139e-01,3.978008260368787319e+01,-5.025029894429336785e+00,8.564815890395563258e+01,0.000000000000000000e+00,0.000000000000000000e+00,0.000000000000000000e+00,2.499998956918716431e-01,2.631583511829376221e-01,2.490455061197280884e-01,2.646486461162567139e-01,8.934920312500000000e+04,7.965971093750000000e+04,3.335783593750000000e+04,7.408995312500000000e+04,-7.694828495794807374e+07
3.615000000000000213e+00,-2.267133980803417259e+01,6.025981109106661293e+00,-8.740980465421208123e+01,-1.693734375000000000e+04,5.334149932861328125e+01,2.025693969726562500e+03,2.477951198816299438e-01,2.973894178867340088e-01,2.072479724884033203e-01,2.456385195255279541e-01,2.267133980803417259e+01,-6.025981109106661293e+00,8.740980465421208123e+01,0.000000000000000000e+00,0.000000000000000000e+00,0.000000000000000000e+00,2.477951198816299438e-01,2.973894178867340088e-01,2.072479724884033203e-01,2.456385195255279541e-01,8.926259375000000000e+04,7.977457812500000000e+04,3.347167578125000000e+04,7.420014062500000000e+04,-7.695647573399478197e+07
3.616000000000000103e+00,-5.521492460898469901e+00,6.456607239465761872e+00,-8.937116459197865481e+01,-1.693488085937500000e+04,5.745852661132812500e+01,2.003182373046875000e+03,2.493153214454650879e-01,3.276583552360534668e-01,1.670217961072921753e-01,2.288076877593994141e-01,5.521492460898469901e+00,-6.456607239465761872e+00,8.937116459197865481e+01,0.000000000000000000e+00,0.000000000000000000e+00,0.000000000000000000e+00,2.493153214454650879e-01,3.276583552360534668e-01,1.670217961072921753e-01,2.288076877593994141e-01,8.915928906250000000e+04,7.989136718750000000e+04,3.358843750000000000e+04,7.430931250000000000e+04,-7.696453511371134222e+07
3.616999999999999993e+00,1.168422087394172593e+01,6.278879496367971491e+00,-9.139110682852285095e+01,-1.697991015625000000e+04,6.979740142822265625e+01,2.021519287109375000e+03,2.517170310020446777e-01,3.547351360321044922e-01,1.317723393440246582e-01,2.144511193037033081e-01,-1.168422087394172593e+01,-6.278879496367971491e+00,9.139110682852285095e+01,0.000000000000000000e+00,0.000000000000000000e+00,0.000000000000000000e+00,2.517170310020446777e-01,3.547351360321044922e-01,1.317723393440246582e-01,2.144511193037033081e-01,8.907713281250000000e+04,8.000003906250000000e+04,3.369709765625000000e+04,7.442559375000000000e+04,-7.697306339346385002e+07
3.617999999999999883e+00,2.889280084779225177e+01,5.496609215224830258e+00,-9.326942438997538432e+01,-1.701410937500000000e+04,8.611660766601562500e+01,2.031183959960937500e+03,2.514993250370025635e-01,3.788204789161682129e-01,1.046171635389328003e-01,2.031042575836181641e-01,-2.889280084779225177e+01,-5.496609215224830258e+00,9.326942438997538432e+01,0.000000000000000000e+00,0.000000000000000000e+00,0.000000000000000000e+00,2.514993250370025635e-01,3.788204789161682129e-01,1.046171635389328003e-01,2.031042575836181641e-01,8.901188281250000000e+04,8.011129687500000000e+04,3.380868359375000000e+04,7.443314062500000000e+04,-7.698262758564358950e+07
3.619000000000000217e+00,4.601761496133818952e+01,4.210081167266202407e+00,-9.480717232030505670e+01,-1.699297070312500000e+04,8.971311187744140625e+01,2.006051391601562500e+03,2.534779906272888184e-01,4.005899429321289062e-01,8.478824794292449951e-02,1.939949393272399902e-01,-4.601761496133818952e+01,-4.210081167266202407e+00,9.480717232030505670e+01,0.000000000000000000e+00,0.000000000000000000e+00,0.000000000000000000e+00,2.534779906272888184e-01,4.005899429321289062e-01,8.478824794292449951e-02,1.939949393272399902e-01,8.894154687500000000e+04,8.022852343750000000e+04,3.392142968750000000e+04,7.435011718750000000e+04,-7.699375133123712242e+07
3.620000000000000107e+00,6.302870086790122173e+01,2.524769217575970170e+00,-9.590734629903550967e+01,-1.694471484375000000e+04,8.397549438476562500e+01,2.017168945312500000e+03,2.611905932426452637e-01,4.200738668441772461e-01,7.182911038398742676e-02,1.873105466365814209e-01,-6.302870086790122173e+01,-2.524769217575970170e+00,9.590734629903550967e+01,0.000000000000000000e+00,0.000000000000000000e+00,0.000000000000000000e+00,2.611905932426452637e-01,4.200738668441772461e-01,7.182911038398742676e-02,1.873105466365814209e-01,8.889250000000000000e+04,8.033841406250000000e+04,3.386361328125000000e+04,7.420703906250000000e+04,-7.700692854190394282e+07
3.620999999999999996e+00,7.997352481096852728e+01,5.936388320734196089e-01,-9.647283566131129362e+01,-1.692769335937500000e+04,7.689894104003906250e+01,2.018032714843750000e+03,2.685691118240356445e-01,4.371686875820159912e-01,6.638424098491668701e-02,1.832613945007324219e-01,-7.997352481096852728e+01,-5.936388320734196089e-01,9.647283566131129362e+01,0.000000000000000000e+00,0.000000000000000000e+00,0.000000000000000000e+00,2.685691118240356445e-01,4.371686875820159912e-01,6.638424098491668701e-02,1.832613945007324219e-01,8.889857812500000000e+04,8.045114843750000000e+04,3.370100000000000000e+04,7.401560156250000000e+04,-7.702263166700223088e+07
3.621999999999999886e+00,9.693980693331589293e+01,-1.418112085780697251e+00,-9.644763400941157272e+01,-1.696435351562500000e+04,7.966946411132812500e+01,2.017703247070312500e+03,2.754681706428527832e-01,4.523174762725830078e-01,6.607752293348312378e-02,1.814278215169906616e-01,-9.693980693331589293e+01,1.418112085780697251e+00,9.644763400941157272e+01,0.000000000000000000e+00,0.000000000000000000e+00,0.000000000000000000e+00,2.754681706428527832e-01,4.523174762725830078e-01,6.607752293348312378e-02,1.814278215169906616e-01,8.895647656250000000e+04,8.056416406250000000e+04,3.349635937500000000e+04,7.379635156250000000e+04,-7.704133315031839907e+07
3.623000000000000220e+00,1.139770425984941653e+02,-3.327971064881360963e+00,-9.582780661190156479e+01,-1.700983398437500000e+04,8.819302368164062500e+01,2.013208740234375000e+03,2.775797247886657715e-01,4.651497304439544678e-01,6.878756731748580933e-02,1.820400655269622803e-01,-1.139770425984941653e+02,3.327971064881360963e+00,9.582780661190156479e+01,0.000000000000000000e+00,0.000000000000000000e+00,0.000000000000000000e+00,2.775797247886657715e-01,4.651497304439544678e-01,6.878756731748580933e-02,1.820400655269622803e-01,8.906123437500000000e+04,8.067673437500000000e+04,3.329537500000000000e+04,7.357000781250000000e+04,-7.706351796046935022e+07
3.624000000000000110e+00,1.310687881023129080e+02,-4.982738474665413086e+00,-9.466207213946724153e+01,-1.700550000000000000e+04,9.107049560546875000e+01,2.027766113281250000e+03,2.743468880653381348e-01,4.749462306499481201e-01,7.217942923307418823e-02,1.854253113269805908e-01,-1.310687881023129080e+02,4.982738474665413086e+00,9.466207213946724153e+01,0.000000000000000000e+00,0.000000000000000000e+00,0.000000000000000000e+00,2.743468880653381348e-01,4.749462306499481201e-01,7.217942923307418823e-02,1.854253113269805908e-01,8.917610156250000000e+04,8.078722656250000000e+04,3.311742968750000000e+04,7.335471093750000000e+04,-7.708968272326840460e+07
3.625000000000000000e+00,1.481843409960935105e+02,-6.218633911844355211e+00,-9.307526083705953113e+01,-1.695893554687500000e+04,8.180499267578125000e+01,2.011002685546875000e+03,2.656776905059814453e-01,4.812608659267425537e-01,7.493410259485244751e-02,1.914519369602203369e-01,-1.481843409960935105e+02,6.218633911844355211e+00,9.307526083705953113e+01,0.000000000000000000e+00,0.000000000000000000e+00,0.000000000000000000e+00,2.656776905059814453e-01,4.812608659267425537e-01,7.493410259485244751e-02,1.914519369602203369e-01,8.926565625000000000e+04,8.090281250000000000e+04,3.297862890625000000e+04,7.316606250000000000e+04,-7.712034299777247012e+07
3.625999999999999890e+00,1.653386365935141669e+02,-6.959167571468693581e+00,-9.115884548286678069e+01,-1.693258203125000000e+04,7.101696777343750000e+01,2.048922363281250000e+03,2.567279338836669922e-01,4.848062992095947266e-01,7.611655443906784058e-02,1.989524066448211670e-01,-1.653386365935141669e+02,6.959167571468693581e+00,9.115884548286678069e+01,0.000000000000000000e+00,0.000000000000000000e+00,0.000000000000000000e+00,2.567279338836669922e-01,4.848062992095947266e-01,7.611655443906784058e-02,1.989524066448211670e-01,8.930112500000000000e+04,8.100846875000000000e+04,3.285566406250000000e+04,7.303610937500000000e+04,-7.715603822764612734e+07
3.626999999999999780e+00,-1.774517816254413276e+02,-7.104855389017452616e+00,-8.913585153732080357e+01,-1.696014843750000000e+04,6.722616577148437500e+01,2.019305664062500000e+03,2.422085553407669067e-01,4.864070117473602295e-01,7.596380263566970825e-02,2.059821337461471558e-01,1.774517816254413276e+02,7.104855389017452616e+00,8.913585153732080357e+01,0.000000000000000000e+00,0.000000000000000000e+00,0.000000000000000000e+00,2.422085553407669067e-01,4.864070117473602295e-01,7.596380263566970825e-02,2.059821337461471558e-01,8.926034375000000000e+04,8.112638281250000000e+04,3.275809179687500000e+04,7.295382812500000000e+04,-7.719552304144755006e+07
3.628000000000000114e+00,-1.602051169769875685e+02,-6.644378171186553494e+00,-8.716237317055977485e+01,-1.700867187500000000e+04,7.236451721191406250e+01,2.018778320312500000e+03,2.946732044219970703e-01,6.460398435592651367e-02,3.888691365718841553e-01,3.171969652175903320e-01,1.602051169769875685e+02,6.644378171186553494e+00,8.716237317055977485e+01,0.000000000000000000e+00,0.000000000000000000e+00,0.000000000000000000e+00,2.946732044219970703e-01,6.460398435592651367e-02,3.888691365718841553e-01,3.171969652175903320e-01,8.912117187500000000e+04,8.123894531250000000e+04,3.265572851562500000e+04,7.293140625000000000e+04,-7.722883014801116288e+07
3.629000000000000004e+00,-1.429946652749681846e+02,-5.619696769531086211e+00,-8.541081400590842065e+01,-1.702156445312500000e+04,7.322575378417968750e+01,2.026733032226562500e+03,2.857086658477783203e-01,8.500067889690399170e-02,3.887839913368225098e-01,3.201988935470581055e-01,1.429946652749681846e+02,5.619696769531086211e+00,8.541081400590842065e+01,0.000000000000000000e+00,0.000000000000000000e+00,0.000000000000000000e+00,2.857086658477783203e-01,8.500067889690399170e-02,3.887839913368225098e-01,3.201988935470581055e-01,8.923474218750000000e+04,8.101222656250000000e+04,3.276745507812500000e+04,7.304552343750000000e+04,-7.725660421044920385e+07
3.629999999999999893e+00,-1.258943527962790085e+02,-4.109099479015273282e+00,-8.401548601584698872e+01,-1.698016015625000000e+04,6.532522583007812500e+01,2.059481201171875000e+03,2.770873904228210449e-01,1.079120188951492310e-01,3.832422494888305664e-01,3.200874626636505127e-01,1.258943527962790085e+02,4.109099479015273282e+00,8.401548601584698872e+01,0.000000000000000000e+00,0.000000000000000000e+00,0.000000000000000000e+00,2.770873904228210449e-01,1.079120188951492310e-01,3.832422494888305664e-01,3.200874626636505127e-01,8.935314062500000000e+04,8.078222656250000000e+04,3.287460937500000000e+04,7.316437500000000000e+04,-7.727952908510421216e+07
3.630999999999999783e+00,-1.088986915928659869e+02,-2.274525135449470437e+00,-8.312189017178920381e+01,-1.694410937500000000e+04,5.216965866088867188e+01,2.046797973632812500e+03,2.686948478221893311e-01,1.334619224071502686e-01,3.711793422698974609e-01,3.165911436080932617e-01,1.088986915928659869e+02,2.274525135449470437e+00,8.312189017178920381e+01,0.000000000000000000e+00,0.000000000000000000e+00,0.000000000000000000e+00,2.686948478221893311e-01,1.334619224071502686e-01,3.711793422698974609e-01,3.165911436080932617e-01,8.945836718750000000e+04,8.055885156250000000e+04,3.298928125000000000e+04,7.327445312500000000e+04,-7.729830243222516775e+07
3.632000000000000117e+00,-9.193398892318759863e+01,-2.360009495825590997e-01,-8.279736978958248983e+01,-1.695575585937500000e+04,4.963428497314453125e+01,2.071136962890625000e+03,2.637509107589721680e-01,1.608837842941284180e-01,3.516849577426910400e-01,3.097440600395202637e-01,9.193398892318759863e+01,2.360009495825590997e-01,8.279736978958248983e+01,0.000000000000000000e+00,0.000000000000000000e+00,0.000000000000000000e+00,2.637509107589721680e-01,1.608837842941284180e-01,3.516849577426910400e-01,3.097440600395202637e-01,8.950888281250000000e+04,8.032958593750000000e+04,3.309806250000000000e+04,7.339051562500000000e+04,-7.731360975068502128e+07
3.633000000000000007e+00,-7.492422893202905243e+01,1.775207716233875743e+00,-8.308427760282189922e+01,-1.700412500000000000e+04,5.506625747680664062e+01,2.038298339843750000e+03,2.561838626861572266e-01,1.930495500564575195e-01,3.249163031578063965e-01,2.980253994464874268e-01,7.492422893202905243e+01,-1.775207716233875743e+00,8.308427760282189922e+01,0.000000000000000000e+00,0.000000000000000000e+00,0.000000000000000000e+00,2.561838626861572266e-01,1.930495500564575195e-01,3.249163031578063965e-01,2.980253994464874268e-01,8.951271093750000000e+04,8.011054687500000000e+04,3.321546484375000000e+04,7.349739062500000000e+04,-7.732612953931330144e+07
3.633999999999999897e+00,-5.785444989194787269e+01,3.637888646504306767e+00,-8.397050924769305880e+01,-1.702608789062500000e+04,6.538924407958984375e+01,2.068898437500000000e+03,2.521462738513946533e-01,2.273086309432983398e-01,2.902124226093292236e-01,2.822027206420898438e-01,5.785444989194787269e+01,-3.637888646504306767e+00,8.397050924769305880e+01,0.000000000000000000e+00,0.000000000000000000e+00,0.000000000000000000e+00,2.521462738513946533e-01,2.273086309432983398e-01,2.902124226093292236e-01,2.822027206420898438e-01,8.947393750000000000e+04,7.987984375000000000e+04,3.332335546875000000e+04,7.361577343750000000e+04,-7.733654095734272897e+07
3.634999999999999787e+00,-4.074676759833413087e+01,5.171171726794463908e+00,-8.537735479751017920e+01,-1.699776171875000000e+04,6.391674804687500000e+01,2.084732666015625000e+03,2.461535781621932983e-01,2.633153796195983887e-01,2.508062124252319336e-01,2.636244297027587891e-01,4.074676759833413087e+01,-5.171171726794463908e+00,8.537735479751017920e+01,0.000000000000000000e+00,0.000000000000000000e+00,0.000000000000000000e+00,2.461535781621932983e-01,2.633153796195983887e-01,2.508062124252319336e-01,2.636244297027587891e-01,8.940364062500000000e+04,7.985010937500000000e+04,3.343238281250000000e+04,7.373125000000000000e+04,-7.734551729014168680e+07
3.636000000000000121e+00,-2.361681562726531425e+01,6.230723550391729759e+00,-8.717279624764010748e+01,-1.694972265625000000e+04,5.505638122558593750e+01,2.083965576171875000e+03,2.440695166587829590e-01,2.965373694896697998e-01,2.091992348432540894e-01,2.454106658697128296e-01,2.361681562726531425e+01,-6.230723550391729759e+00,8.717279624764010748e+01,0.000000000000000000e+00,0.000000000000000000e+00,0.000000000000000000e+00,2.440695166587829590e-01,2.965373694896697998e-01,2.091992348432540894e-01,2.454106658697128296e-01,8.929010937500000000e+04,7.996336718750000000e+04,3.354567968750000000e+04,7.384301562500000000e+04,-7.735371296244364977e+07
3.637000000000000011e+00,-6.443136958141406190e+00,6.713532301806875324e+00,-8.916567230084193341e+01,-1.694723046875000000e+04,4.743740463256835938e+01,2.045081054687500000e+03,2.451010793447494507e-01,3.261288106441497803e-01,1.691023558378219604e-01,2.291401177644729614e-01,6.443136958141406190e+00,-6.713532301806875324e+00,8.916567230084193341e+01,0.000000000000000000e+00,0.000000000000000000e+00,0.000000000000000000e+00,2.451010793447494507e-01,3.261288106441497803e-01,1.691023558378219604e-01,2.291401177644729614e-01,8.915671093750000000e+04,8.008192968750000000e+04,3.366421484375000000e+04,7.394872656250000000e+04,-7.736175006509034336e+07
3.637999999999999901e+00,1.078632623029860405e+01,6.584036947190486266e+00,-9.123552195182575986e+01,-1.698795507812500000e+04,5.167391586303710938e+01,2.066918701171875000e+03,2.486704885959625244e-01,3.524138331413269043e-01,1.332609802484512329e-01,2.154378592967987061e-01,-1.078632623029860405e+01,-6.584036947190486266e+00,9.123552195182575986e+01,0.000000000000000000e+00,0.000000000000000000e+00,0.000000000000000000e+00,2.486704885959625244e-01,3.524138331413269043e-01,1.332609802484512329e-01,2.154378592967987061e-01,8.904524218750000000e+04,8.019073437500000000e+04,3.377368359375000000e+04,7.406528125000000000e+04,-7.737023367993223667e+07
3.638999999999999790e+00,2.801887418327104484e+01,5.850542113143043288e+00,-9.315936834176578429e+01,-1.702236132812500000e+04,5.662387084960937500e+01,2.055126953125000000e+03,2.483600825071334839e-01,3.759559094905853271e-01,1.057368963956832886e-01,2.046492099761962891e-01,-2.801887418327104484e+01,-5.850542113143043288e+00,9.315936834176578429e+01,0.000000000000000000e+00,0.000000000000000000e+00,0.000000000000000000e+00,2.483600825071334839e-01,3.759559094905853271e-01,1.057368963956832886e-01,2.046492099761962891e-01,8.895534375000000000e+04,8.030583593750000000e+04,3.388825000000000000e+04,7.408636718750000000e+04,-7.737973163399559259e+07
3.640000000000000124e+00,4.517360001632419397e+01,4.577523789788514819e+00,-9.479002234619662204e+01,-1.700468164062500000e+04,5.403565597534179688e+01,2.070265625000000000e+03,2.517284750938415527e-01,3.971516489982604980e-01,8.502801507711410522e-02,1.962538957595825195e-01,-4.517360001632419397e+01,-4.577523789788514819e+00,9.479002234619662204e+01,0.000000000000000000e+00,0.000000000000000000e+00,0.000000000000000000e+00,2.517284750938415527e-01,3.971516489982604980e-01,8.502801507711410522e-02,1.962538957595825195e-01,8.887114062500000000e+04,8.041532031250000000e+04,3.399817578125000000e+04,7.402967187500000000e+04,-7.739077839019446075e+07
3.641000000000000014e+00,6.220976395854822982e+01,2.903138283754890470e+00,-9.597326468170658131e+01,-1.695716015625000000e+04,4.005237579345703125e+01,2.055910888671875000e+03,2.563031315803527832e-01,4.158490598201751709e-01,7.244094461202621460e-02,1.906355917453765869e-01,-6.220976395854822982e+01,-2.903138283754890470e+00,9.597326468170658131e+01,0.000000000000000000e+00,0.000000000000000000e+00,0.000000000000000000e+00,2.563031315803527832e-01,4.158490598201751709e-01,7.244094461202621460e-02,1.906355917453765869e-01,8.880689843750000000e+04,8.053021875000000000e+04,3.394469140625000000e+04,7.390637500000000000e+04,-7.740386774067179859e+07
3.641999999999999904e+00,7.916974502865740249e+01,9.731103169942476594e-01,-9.662414200636962391e+01,-1.693618164062500000e+04,2.437849044799804688e+01,2.043980712890625000e+03,2.654194533824920654e-01,4.327716231346130371e-01,6.625575572252273560e-02,1.870130449533462524e-01,-7.916974502865740249e+01,-9.731103169942476594e-01,9.662414200636962391e+01,0.000000000000000000e+00,0.000000000000000000e+00,0.000000000000000000e+00,2.654194533824920654e-01,4.327716231346130371e-01,6.625575572252273560e-02,1.870130449533462524e-01,8.877879687500000000e+04,8.064536718750000000e+04,3.378642578125000000e+04,7.374436718750000000e+04,-7.741947276096186042e+07
3.642999999999999794e+00,9.614255249931095193e+01,-1.054073744781785837e+00,-9.668757887625160663e+01,-1.697108007812500000e+04,1.958745384216308594e+01,2.035514770507812500e+03,2.736140489578247070e-01,4.477786123752593994e-01,6.567623466253280640e-02,1.855971664190292358e-01,-9.614255249931095193e+01,1.054073744781785837e+00,9.668757887625160663e+01,0.000000000000000000e+00,0.000000000000000000e+00,0.000000000000000000e+00,2.736140489578247070e-01,4.477786123752593994e-01,6.567623466253280640e-02,1.855971664190292358e-01,8.881554687500000000e+04,8.075866406250000000e+04,3.358091796875000000e+04,7.356005468750000000e+04,-7.743806575034335256e+07
3.644000000000000128e+00,1.131796657586285590e+02,-3.042744784533549574e+00,-9.614494414860590155e+01,-1.701588085937500000e+04,2.140519714355468750e+01,2.068764160156250000e+03,2.769457697868347168e-01,4.606676697731018066e-01,6.847098469734191895e-02,1.864473968744277954e-01,-1.131796657586285590e+02,3.042744784533549574e+00,9.614494414860590155e+01,0.000000000000000000e+00,0.000000000000000000e+00,0.000000000000000000e+00,2.769457697868347168e-01,4.606676697731018066e-01,6.847098469734191895e-02,1.864473968744277954e-01,8.891775781250000000e+04,8.086575000000000000e+04,3.336717578125000000e+04,7.337514062500000000e+04,-7.746012849566574395e+07
3.645000000000000018e+00,1.302703036456838959e+02,-4.764782298156448270e+00,-9.505651501171286100e+01,-1.701473632812500000e+04,1.825481986999511719e+01,2.043222045898437500e+03,2.715357542037963867e-01,4.702756702899932861e-01,7.277498394250869751e-02,1.904356330633163452e-01,-1.302703036456838959e+02,4.764782298156448270e+00,9.505651501171286100e+01,0.000000000000000000e+00,0.000000000000000000e+00,0.000000000000000000e+00,2.715357542037963867e-01,4.702756702899932861e-01,7.277498394250869751e-02,1.904356330633163452e-01,8.902542187500000000e+04,8.098321093750000000e+04,3.319308203125000000e+04,7.319092187500000000e+04,-7.748615729187420011e+07
3.645999999999999908e+00,1.473891345154955559e+02,-6.102643524735657188e+00,-9.351229975375018455e+01,-1.697079492187500000e+04,5.004461765289306641e+00,2.045351562500000000e+03,2.661954164505004883e-01,4.770325720310211182e-01,7.580273598432540894e-02,1.965931653976440430e-01,-1.473891345154955559e+02,6.102643524735657188e+00,9.351229975375018455e+01,0.000000000000000000e+00,0.000000000000000000e+00,0.000000000000000000e+00,2.661954164505004883e-01,4.770325720310211182e-01,7.580273598432540894e-02,1.965931653976440430e-01,8.910271875000000000e+04,8.109457031250000000e+04,3.305353906250000000e+04,7.304628906250000000e+04,-7.751666264131064713e+07
3.646999999999999797e+00,1.645444776939037013e+02,-6.940744446467053130e+00,-9.164430798711292425e+01,-1.694137109375000000e+04,-9.556837081909179688e+00,2.043772338867187500e+03,2.560375928878784180e-01,4.806301891803741455e-01,7.770167291164398193e-02,2.044740766286849976e-01,-1.645444776939037013e+02,6.940744446467053130e+00,9.164430798711292425e+01,0.000000000000000000e+00,0.000000000000000000e+00,0.000000000000000000e+00,2.560375928878784180e-01,4.806301891803741455e-01,7.770167291164398193e-02,2.044740766286849976e-01,8.913841406250000000e+04,8.120758593750000000e+04,3.294377734375000000e+04,7.295191406250000000e+04,-7.755218437957011163e+07
3.648000000000000131e+00,-1.782405874064933471e+02,-7.200263310512022841e+00,-8.961619069058394871e+01,-1.696349414062500000e+04,-1.771796035766601562e+01,2.036705688476562500e+03,2.442349046468734741e-01,4.824593961238861084e-01,7.802342623472213745e-02,2.119731307029724121e-01,1.782405874064933471e+02,7.200263310512022841e+00,8.961619069058394871e+01,0.000000000000000000e+00,0.000000000000000000e+00,0.000000000000000000e+00,2.442349046468734741e-01,4.824593961238861084e-01,7.802342623472213745e-02,2.119731307029724121e-01,8.910107812500000000e+04,8.132193750000000000e+04,3.285303906250000000e+04,7.291805468750000000e+04,-7.759203699199475348e+07
3.649000000000000021e+00,-1.609753294939859245e+02,-6.848648308595693734e+00,-8.759699949348647863e+01,-1.701651171875000000e+04,-1.573996829986572266e+01,2.042082031250000000e+03,2.958849072456359863e-01,5.800552293658256531e-02,3.903217315673828125e-01,3.218021988868713379e-01,1.609753294939859245e+02,6.848648308595693734e+00,8.759699949348647863e+01,0.000000000000000000e+00,0.000000000000000000e+00,0.000000000000000000e+00,2.958849072456359863e-01,5.800552293658256531e-02,3.903217315673828125e-01,3.218021988868713379e-01,8.906550781250000000e+04,8.143271875000000000e+04,3.276205468750000000e+04,7.288592968750000000e+04,-7.762567018700437248e+07
3.649999999999999911e+00,-1.437398688282884791e+02,-5.917398144802555215e+00,-8.577377372023441637e+01,-1.703094726562500000e+04,-1.582453918457031250e+01,2.044667602539062500e+03,2.865701913833618164e-01,7.767920941114425659e-02,3.909797072410583496e-01,3.257566690444946289e-01,1.437398688282884791e+02,5.917398144802555215e+00,8.577377372023441637e+01,0.000000000000000000e+00,0.000000000000000000e+00,0.000000000000000000e+00,2.865701913833618164e-01,7.767920941114425659e-02,3.909797072410583496e-01,3.257566690444946289e-01,8.917888281250000000e+04,8.120751562500000000e+04,3.287449218750000000e+04,7.299846875000000000e+04,-7.765372349275416136e+07
3.650999999999999801e+00,-1.266114966897427649e+02,-4.506483710728464764e+00,-8.431328888459623272e+01,-1.699390820312500000e+04,-2.473552703857421875e+01,2.033614624023437500e+03,2.782054543495178223e-01,9.981751441955566406e-02,3.862249851226806641e-01,3.266453742980957031e-01,1.266114966897427649e+02,4.506483710728464764e+00,8.431328888459623272e+01,0.000000000000000000e+00,0.000000000000000000e+00,0.000000000000000000e+00,2.782054543495178223e-01,9.981751441955566406e-02,3.862249851226806641e-01,3.266453742980957031e-01,8.928896093750000000e+04,8.098470312500000000e+04,3.298816406250000000e+04,7.310914843750000000e+04,-7.767688300292615592e+07
3.652000000000000135e+00,-1.095921993228303393e+02,-2.722253133293309091e+00,-8.331689224430563456e+01,-1.695468164062500000e+04,-3.693464279174804688e+01,2.049750732421875000e+03,2.722800374031066895e-01,1.238694041967391968e-01,3.748724162578582764e-01,3.244535326957702637e-01,1.095921993228303393e+02,2.722253133293309091e+00,8.331689224430563456e+01,0.000000000000000000e+00,0.000000000000000000e+00,0.000000000000000000e+00,2.722800374031066895e-01,1.238694041967391968e-01,3.748724162578582764e-01,3.244535326957702637e-01,8.940446093750000000e+04,8.075619531250000000e+04,3.309848828125000000e+04,7.322525000000000000e+04,-7.769584256827394664e+07
3.653000000000000025e+00,-9.261143676044710560e+01,-7.151276365522678535e-01,-8.288083736669351254e+01,-1.696587109375000000e+04,-4.140185165405273438e+01,2.061013183593750000e+03,2.654979825019836426e-01,1.513585448265075684e-01,3.566489219665527344e-01,3.184115886688232422e-01,9.261143676044710560e+01,7.151276365522678535e-01,8.288083736669351254e+01,0.000000000000000000e+00,0.000000000000000000e+00,0.000000000000000000e+00,2.654979825019836426e-01,1.513585448265075684e-01,3.566489219665527344e-01,3.184115886688232422e-01,8.951832031250000000e+04,8.052961718750000000e+04,3.320829687500000000e+04,7.333966406250000000e+04,-7.771128919110292196e+07
3.653999999999999915e+00,-7.559471108961129460e+01,1.308185495629279549e+00,-8.305549532715487260e+01,-1.701403515625000000e+04,-3.425398254394531250e+01,2.038032226562500000e+03,2.586009502410888672e-01,1.827208399772644043e-01,3.308477997779846191e-01,3.078435063362121582e-01,7.559471108961129460e+01,-1.308185495629279549e+00,8.305549532715487260e+01,0.000000000000000000e+00,0.000000000000000000e+00,0.000000000000000000e+00,2.586009502410888672e-01,1.827208399772644043e-01,3.308477997779846191e-01,3.078435063362121582e-01,8.958457812500000000e+04,8.030860156250000000e+04,3.332530078125000000e+04,7.344775000000000000e+04,-7.772390367810097337e+07
3.654999999999999805e+00,-5.851954332477143339e+01,3.203119904495197456e+00,-8.383329783094272614e+01,-1.704273437500000000e+04,-2.299344444274902344e+01,2.055553955078125000e+03,2.537715435028076172e-01,2.171340584754943848e-01,2.970840036869049072e-01,2.927102744579315186e-01,5.851954332477143339e+01,-3.203119904495197456e+00,8.383329783094272614e+01,0.000000000000000000e+00,0.000000000000000000e+00,0.000000000000000000e+00,2.537715435028076172e-01,2.171340584754943848e-01,2.970840036869049072e-01,2.927102744579315186e-01,8.960725781250000000e+04,8.007996875000000000e+04,3.343444921875000000e+04,7.356290625000000000e+04,-7.773436649685424566e+07
3.656000000000000139e+00,-4.141339856205721759e+01,4.781919745042292114e+00,-8.513578923884854532e+01,-1.701363867187500000e+04,-2.068334770202636719e+01,2.052120605468750000e+03,2.481673061847686768e-01,2.532991468906402588e-01,2.578854560852050781e-01,2.745523750782012939e-01,4.141339856205721759e+01,-4.781919745042292114e+00,8.513578923884854532e+01,0.000000000000000000e+00,0.000000000000000000e+00,0.000000000000000000e+00,2.481673061847686768e-01,2.532991468906402588e-01,2.578854560852050781e-01,2.745523750782012939e-01,8.957740625000000000e+04,7.985585156250000000e+04,3.354813671875000000e+04,7.367538281250000000e+04,-7.774335253580047190e+07
3.657000000000000028e+00,-2.428528175007321721e+01,5.915571129131498296e+00,-8.685337314584837998e+01,-1.696617773437500000e+04,-2.477099990844726562e+01,2.059077636718750000e+03,2.469370663166046143e-01,2.872342765331268311e-01,2.156663239002227783e-01,2.561135292053222656e-01,2.428528175007321721e+01,-5.915571129131498296e+00,8.685337314584837998e+01,0.000000000000000000e+00,0.000000000000000000e+00,0.000000000000000000e+00,2.469370663166046143e-01,2.872342765331268311e-01,2.156663239002227783e-01,2.561135292053222656e-01,8.951477343750000000e+04,7.975335937500000000e+04,3.365956640625000000e+04,7.378970312500000000e+04,-7.775152081311874092e+07
3.657999999999999918e+00,-7.107346615264626521e+00,6.493698069133288620e+00,-8.882583229866772001e+01,-1.696292968750000000e+04,-2.610535430908203125e+01,2.051664550781250000e+03,2.471670955419540405e-01,3.178389370441436768e-01,1.750731766223907471e-01,2.393860816955566406e-01,7.107346615264626521e+00,-6.493698069133288620e+00,8.882583229866772001e+01,0.000000000000000000e+00,0.000000000000000000e+00,0.000000000000000000e+00,2.471670955419540405e-01,3.178389370441436768e-01,1.750731766223907471e-01,2.393860816955566406e-01,8.941141406250000000e+04,7.986650000000000000e+04,3.377330468750000000e+04,7.390041406250000000e+04,-7.775950352409280837e+07
3.658999999999999808e+00,1.013002698711385463e+01,6.456093996446125693e+00,-9.087014867410377406e+01,-1.700503515625000000e+04,-1.604604530334472656e+01,2.039036132812500000e+03,2.485306411981582642e-01,3.450736403465270996e-01,1.389470696449279785e-01,2.250366806983947754e-01,-1.013002698711385463e+01,-6.456093996446125693e+00,9.087014867410377406e+01,0.000000000000000000e+00,0.000000000000000000e+00,0.000000000000000000e+00,2.485306411981582642e-01,3.450736403465270996e-01,1.389470696449279785e-01,2.250366806983947754e-01,8.930027343750000000e+04,7.998153906250000000e+04,3.388827343750000000e+04,7.401043750000000000e+04,-7.776790520660930872e+07
3.660000000000000142e+00,2.737780782430388982e+01,5.815978307359309873e+00,-9.278044325282354521e+01,-1.704183203125000000e+04,-4.593209743499755859e+00,2.011706665039062500e+03,2.501856088638305664e-01,3.697494566440582275e-01,1.094640046358108521e-01,2.129512578248977661e-01,-2.737780782430388982e+01,-5.815978307359309873e+00,9.278044325282354521e+01,0.000000000000000000e+00,0.000000000000000000e+00,0.000000000000000000e+00,2.501856088638305664e-01,3.697494566440582275e-01,1.094640046358108521e-01,2.129512578248977661e-01,8.919135156250000000e+04,8.009889843750000000e+04,3.400460156250000000e+04,7.411854687500000000e+04,-7.777729678722444177e+07
3.661000000000000032e+00,4.455611371217102601e+01,4.617534782015357386e+00,-9.443660277838763761e+01,-1.702590820312500000e+04,1.217972517013549805e+00,2.046238037109375000e+03,2.543281614780426025e-01,3.919128775596618652e-01,8.738959580659866333e-02,2.034420669078826904e-01,-4.455611371217102601e+01,-4.617534782015357386e+00,9.443660277838763761e+01,0.000000000000000000e+00,0.000000000000000000e+00,0.000000000000000000e+00,2.543281614780426025e-01,3.919128775596618652e-01,8.738959580659866333e-02,2.034420669078826904e-01,8.910489062500000000e+04,8.020503906250000000e+04,3.411192187500000000e+04,7.421725000000000000e+04,-7.778822162806536257e+07
3.661999999999999922e+00,6.161775907683706777e+01,3.000619043972104105e+00,-9.566192831304211097e+01,-1.697846093750000000e+04,-6.507724285125732422e+00,2.034518554687500000e+03,2.572629153728485107e-01,4.112989306449890137e-01,7.429776340723037720e-02,1.969771683216094971e-01,-6.161775907683706777e+01,-3.000619043972104105e+00,9.566192831304211097e+01,0.000000000000000000e+00,0.000000000000000000e+00,0.000000000000000000e+00,2.572629153728485107e-01,4.112989306449890137e-01,7.429776340723037720e-02,1.969771683216094971e-01,8.902485156250000000e+04,8.031993750000000000e+04,3.422568359375000000e+04,7.421517968750000000e+04,-7.780117858454222977e+07
3.662999999999999812e+00,7.860127510897940795e+01,1.118387204491787079e+00,-9.635747916542442226e+01,-1.695678515625000000e+04,-1.334032249450683594e+01,2.013767211914062500e+03,2.660306096076965332e-01,4.288144409656524658e-01,6.743525713682174683e-02,1.925309300422668457e-01,-7.860127510897940795e+01,-1.118387204491787079e+00,9.635747916542442226e+01,0.000000000000000000e+00,0.000000000000000000e+00,0.000000000000000000e+00,2.660306096076965332e-01,4.288144409656524658e-01,6.743525713682174683e-02,1.925309300422668457e-01,8.897500000000000000e+04,8.043614843750000000e+04,3.418771484375000000e+04,7.414047656250000000e+04,-7.781664275957204401e+07
3.664000000000000146e+00,9.559456969594083375e+01,-8.700131952982168571e-01,-9.647051485745807042e+01,-1.699133789062500000e+04,-1.226990890502929688e+01,1.998892944335937500e+03,2.749042809009552002e-01,4.447191357612609863e-01,6.613586843013763428e-02,1.898451298475265503e-01,-9.559456969594083375e+01,8.700131952982168571e-01,9.647051485745807042e+01,0.000000000000000000e+00,0.000000000000000000e+00,0.000000000000000000e+00,2.749042809009552002e-01,4.447191357612609863e-01,6.613586843013763428e-02,1.898451298475265503e-01,8.894823437500000000e+04,8.055060156250000000e+04,3.404039843750000000e+04,7.402028125000000000e+04,-7.783508839848722517e+07
3.665000000000000036e+00,1.126458796958726083e+02,-2.819509119352322735e+00,-9.598277088691006043e+01,-1.703386718750000000e+04,-2.821513891220092773e+00,2.016935546875000000e+03,2.789236903190612793e-01,4.582773447036743164e-01,6.850145757198333740e-02,1.897238940000534058e-01,-1.126458796958726083e+02,2.819509119352322735e+00,9.598277088691006043e+01,0.000000000000000000e+00,0.000000000000000000e+00,0.000000000000000000e+00,2.789236903190612793e-01,4.582773447036743164e-01,6.850145757198333740e-02,1.897238940000534058e-01,8.899044531250000000e+04,8.066057812500000000e+04,3.383398437500000000e+04,7.387574218750000000e+04,-7.785699813463848829e+07
3.665999999999999925e+00,1.297484353381633184e+02,-4.529643840511306863e+00,-9.494415970404203620e+01,-1.703425000000000000e+04,8.264463543891906738e-01,2.007074096679687500e+03,2.749164104461669922e-01,4.687247276306152344e-01,7.232984900474548340e-02,1.924950927495956421e-01,-1.297484353381633184e+02,4.529643840511306863e+00,9.494415970404203620e+01,0.000000000000000000e+00,0.000000000000000000e+00,0.000000000000000000e+00,2.749164104461669922e-01,4.687247276306152344e-01,7.232984900474548340e-02,1.924950927495956421e-01,8.908937500000000000e+04,8.077478906250000000e+04,3.362633203125000000e+04,7.370870312500000000e+04,-7.788286770224641263e+07
3.666999999999999815e+00,1.468786568078138828e+02,-5.880371818999515554e+00,-9.342736822468002345e+01,-1.699083007812500000e+04,-4.056765079498291016e+00,2.033793212890625000e+03,2.685927152633666992e-01,4.759086668491363525e-01,7.534145563840866089e-02,1.978766024112701416e-01,-1.468786568078138828e+02,5.880371818999515554e+00,9.342736822468002345e+01,0.000000000000000000e+00,0.000000000000000000e+00,0.000000000000000000e+00,2.685927152633666992e-01,4.759086668491363525e-01,7.534145563840866089e-02,1.978766024112701416e-01,8.920671093750000000e+04,8.088246875000000000e+04,3.343637500000000000e+04,7.355020312500000000e+04,-7.791320429397819936e+07
3.668000000000000149e+00,1.640382315397887965e+02,-6.716969755078412874e+00,-9.161711804338327170e+01,-1.695925585937500000e+04,-1.364784431457519531e+01,1.991499389648437500e+03,2.567876875400543213e-01,4.799729287624359131e-01,7.726800441741943359e-02,2.049409151077270508e-01,-1.640382315397887965e+02,6.716969755078412874e+00,9.161711804338327170e+01,0.000000000000000000e+00,0.000000000000000000e+00,0.000000000000000000e+00,2.567876875400543213e-01,4.799729287624359131e-01,7.726800441741943359e-02,2.049409151077270508e-01,8.929518750000000000e+04,8.100255468750000000e+04,3.329546484375000000e+04,7.340528125000000000e+04,-7.794855164938616753e+07
3.669000000000000039e+00,-1.787429092561209529e+02,-6.984792381289787855e+00,-8.963046949942113883e+01,-1.698014843750000000e+04,-1.322463798522949219e+01,1.997818481445312500e+03,2.478759586811065674e-01,4.822618961334228516e-01,7.746031880378723145e-02,2.119871228933334351e-01,1.787429092561209529e+02,6.984792381289787855e+00,8.963046949942113883e+01,0.000000000000000000e+00,0.000000000000000000e+00,0.000000000000000000e+00,2.478759586811065674e-01,4.822618961334228516e-01,7.746031880378723145e-02,2.119871228933334351e-01,8.926170312500000000e+04,8.111378125000000000e+04,3.318959375000000000e+04,7.336646875000000000e+04,-7.798858308538280427e+07
3.669999999999999929e+00,-1.614758870693684969e+02,-6.646866501269786731e+00,-8.765058160724544223e+01,-1.703030859375000000e+04,-4.825231075286865234e+00,2.002086425781250000e+03,2.980421185493469238e-01,5.753486230969429016e-02,3.894140422344207764e-01,3.210008144378662109e-01,1.614758870693684969e+02,6.646866501269786731e+00,8.765058160724544223e+01,0.000000000000000000e+00,0.000000000000000000e+00,0.000000000000000000e+00,2.980421185493469238e-01,5.753486230969429016e-02,3.894140422344207764e-01,3.210008144378662109e-01,8.916374218750000000e+04,8.122543750000000000e+04,3.308964843750000000e+04,7.338091406250000000e+04,-7.802238435277801752e+07
3.670999999999999819e+00,-1.442349023207670768e+02,-5.725586434441421346e+00,-8.584699993246736938e+01,-1.704484765625000000e+04,1.668917179107666016e+00,2.023343505859375000e+03,2.888291776180267334e-01,7.768395543098449707e-02,3.898932933807373047e-01,3.244507312774658203e-01,1.442349023207670768e+02,5.725586434441421346e+00,8.584699993246736938e+01,0.000000000000000000e+00,0.000000000000000000e+00,0.000000000000000000e+00,2.888291776180267334e-01,7.768395543098449707e-02,3.898932933807373047e-01,3.244507312774658203e-01,8.928046875000000000e+04,8.099740625000000000e+04,3.319812109375000000e+04,7.349641406250000000e+04,-7.805059054956291616e+07
3.672000000000000153e+00,-1.270981452266703968e+02,-4.333742436372541640e+00,-8.441593612289197779e+01,-1.700956445312500000e+04,-7.389541268348693848e-01,1.999652709960937500e+03,2.792757749557495117e-01,1.007122769951820374e-01,3.851204514503479004e-01,3.246587812900543213e-01,1.270981452266703968e+02,4.333742436372541640e+00,8.441593612289197779e+01,0.000000000000000000e+00,0.000000000000000000e+00,0.000000000000000000e+00,2.792757749557495117e-01,1.007122769951820374e-01,3.851204514503479004e-01,3.246587812900543213e-01,8.938867187500000000e+04,8.077566406250000000e+04,3.331521875000000000e+04,7.360457031250000000e+04,-7.807388931967797875e+07
3.673000000000000043e+00,-1.100708193693994872e+02,-2.562249778601630723e+00,-8.344239521380157498e+01,-1.696701367187500000e+04,-5.831562042236328125e+00,2.027908325195312500e+03,2.740015387535095215e-01,1.251328289508819580e-01,3.735042512416839600e-01,3.219357728958129883e-01,1.100708193693994872e+02,2.562249778601630723e+00,8.344239521380157498e+01,0.000000000000000000e+00,0.000000000000000000e+00,0.000000000000000000e+00,2.740015387535095215e-01,1.251328289508819580e-01,3.735042512416839600e-01,3.219357728958129883e-01,8.950666406250000000e+04,8.054589843750000000e+04,3.342303515625000000e+04,7.372187500000000000e+04,-7.809297410339757800e+07
3.673999999999999932e+00,-9.308447215538370756e+01,-6.074089269541668168e-01,-8.303576075915000843e+01,-1.697338281250000000e+04,-5.921783924102783203e+00,2.003961181640625000e+03,2.664628028869628906e-01,1.535281538963317871e-01,3.551428020000457764e-01,3.151168227195739746e-01,9.308447215538370756e+01,6.074089269541668168e-01,8.303576075915000843e+01,0.000000000000000000e+00,0.000000000000000000e+00,0.000000000000000000e+00,2.664628028869628906e-01,1.535281538963317871e-01,3.551428020000457764e-01,3.151168227195739746e-01,8.958458593750000000e+04,8.032543750000000000e+04,3.353967578125000000e+04,7.383131250000000000e+04,-7.810853412886448205e+07
3.674999999999999822e+00,-7.606102252552851439e+01,1.408637181222318846e+00,-8.323558052264677087e+01,-1.702027734375000000e+04,8.278154373168945312e+00,2.033374633789062500e+03,2.617741823196411133e-01,1.847158074378967285e-01,3.287944197654724121e-01,3.041222691535949707e-01,7.606102252552851439e+01,-1.408637181222318846e+00,8.323558052264677087e+01,0.000000000000000000e+00,0.000000000000000000e+00,0.000000000000000000e+00,2.617741823196411133e-01,1.847158074378967285e-01,3.287944197654724121e-01,3.041222691535949707e-01,8.961741406250000000e+04,8.009471093750000000e+04,3.364760546875000000e+04,7.394851562500000000e+04,-7.812124955413575470e+07
3.676000000000000156e+00,-5.897693381404480562e+01,3.267928981545592304e+00,-8.403156166730940413e+01,-1.704983789062500000e+04,2.406683158874511719e+01,2.029579345703125000e+03,2.536459863185882568e-01,2.205913066864013672e-01,2.955271899700164795e-01,2.882224917411804199e-01,5.897693381404480562e+01,-3.267928981545592304e+00,8.403156166730940413e+01,0.000000000000000000e+00,0.000000000000000000e+00,0.000000000000000000e+00,2.536459863185882568e-01,2.205913066864013672e-01,2.955271899700164795e-01,2.882224917411804199e-01,8.960935937500000000e+04,7.987033593750000000e+04,3.376013671875000000e+04,7.405986718750000000e+04,-7.813179981557393074e+07
3.677000000000000046e+00,-4.186343145202366145e+01,4.808891279677404818e+00,-8.534921455529898537e+01,-1.701892382812500000e+04,3.139919281005859375e+01,2.032574218750000000e+03,2.492459118366241455e-01,2.568974196910858154e-01,2.558741569519042969e-01,2.694872021675109863e-01,4.186343145202366145e+01,-4.808891279677404818e+00,8.534921455529898537e+01,0.000000000000000000e+00,0.000000000000000000e+00,0.000000000000000000e+00,2.492459118366241455e-01,2.568974196910858154e-01,2.558741569519042969e-01,2.694872021675109863e-01,8.960389843750000000e+04,7.964539843750000000e+04,3.387264453125000000e+04,7.417271875000000000e+04,-7.814085997632741928e+07
3.677999999999999936e+00,-2.473030898826718982e+01,5.891243634189435419e+00,-8.705949634418880123e+01,-1.697188281250000000e+04,3.033661079406738281e+01,2.024852050781250000e+03,2.475963532924652100e-01,2.912592589855194092e-01,2.138006985187530518e-01,2.506007552146911621e-01,2.473030898826718982e+01,-5.891243634189435419e+00,8.705949634418880123e+01,0.000000000000000000e+00,0.000000000000000000e+00,0.000000000000000000e+00,2.475963532924652100e-01,2.912592589855194092e-01,2.138006985187530518e-01,2.506007552146911621e-01,8.953732031250000000e+04,7.957498437500000000e+04,3.398563671875000000e+04,7.428476562500000000e+04,-7.814908562716533244e+07
3.678999999999999826e+00,-7.553692344696780303e+00,6.427478024644878829e+00,-8.904398244417380681e+01,-1.696187109375000000e+04,3.362305450439453125e+01,2.051804687500000000e+03,2.486932873725891113e-01,3.220309913158416748e-01,1.730926632881164551e-01,2.335897386074066162e-01,7.553692344696780303e+00,-6.427478024644878829e+00,8.904398244417380681e+01,0.000000000000000000e+00,0.000000000000000000e+00,0.000000000000000000e+00,2.486932873725891113e-01,3.220309913158416748e-01,1.730926632881164551e-01,2.335897386074066162e-01,8.943583593750000000e+04,7.968307812500000000e+04,3.409434375000000000e+04,7.440192968750000000e+04,-7.815711282871665061e+07
3.680000000000000160e+00,9.675971804240839802e+00,6.345897702302538690e+00,-9.106431085746517340e+01,-1.700316210937500000e+04,4.453870391845703125e+01,2.016347412109375000e+03,2.480217814445495605e-01,3.494496345520019531e-01,1.380138695240020752e-01,2.192047387361526489e-01,-9.675971804240839802e+00,-6.345897702302538690e+00,9.106431085746517340e+01,0.000000000000000000e+00,0.000000000000000000e+00,0.000000000000000000e+00,2.480217814445495605e-01,3.494496345520019531e-01,1.380138695240020752e-01,2.192047387361526489e-01,8.933292187500000000e+04,7.980215625000000000e+04,3.421250390625000000e+04,7.450792968750000000e+04,-7.816553943227660656e+07
3.681000000000000050e+00,2.691547398482411779e+01,5.657738712595456576e+00,-9.296380204735540076e+01,-1.703912304687500000e+04,6.050766372680664062e+01,2.017031005859375000e+03,2.512071132659912109e-01,3.742034435272216797e-01,1.083056181669235229e-01,2.069349288940429688e-01,-2.691547398482411779e+01,-5.657738712595456576e+00,9.296380204735540076e+01,0.000000000000000000e+00,0.000000000000000000e+00,0.000000000000000000e+00,2.512071132659912109e-01,3.742034435272216797e-01,1.083056181669235229e-01,2.069349288940429688e-01,8.923497656250000000e+04,7.991395312500000000e+04,3.432530859375000000e+04,7.454760156250000000e+04,-7.817493815351487696e+07
3.681999999999999940e+00,4.408263046275478558e+01,4.431416983357759243e+00,-9.457259928255871273e+01,-1.702391796875000000e+04,6.795529937744140625e+01,2.024210205078125000e+03,2.535211443901062012e-01,3.963873684406280518e-01,8.713931590318679810e-02,1.974249631166458130e-01,-4.408263046275478558e+01,-4.431416983357759243e+00,9.457259928255871273e+01,0.000000000000000000e+00,0.000000000000000000e+00,0.000000000000000000e+00,2.535211443901062012e-01,3.963873684406280518e-01,8.713931590318679810e-02,1.974249631166458130e-01,8.916198437500000000e+04,8.002530468750000000e+04,3.443687890625000000e+04,7.449704687500000000e+04,-7.818584504581493139e+07
3.682999999999999829e+00,6.113071935603099405e+01,2.783012487023087012e+00,-9.575738751698150963e+01,-1.697176562500000000e+04,6.177024078369140625e+01,2.035125976562500000e+03,2.584846019744873047e-01,4.160678088665008545e-01,7.374358922243118286e-02,1.905664652585983276e-01,-6.113071935603099405e+01,-2.783012487023087012e+00,9.575738751698150963e+01,0.000000000000000000e+00,0.000000000000000000e+00,0.000000000000000000e+00,2.584846019744873047e-01,4.160678088665008545e-01,7.374358922243118286e-02,1.905664652585983276e-01,8.910936718750000000e+04,8.013665625000000000e+04,3.438540234375000000e+04,7.437656250000000000e+04,-7.819875923308649659e+07
3.684000000000000163e+00,7.810417794653609747e+01,8.828061572179105587e-01,-9.640447207377069105e+01,-1.695102148437500000e+04,5.572813796997070312e+01,2.013814819335937500e+03,2.658132910728454590e-01,4.333799183368682861e-01,6.744092702865600586e-02,1.863257139921188354e-01,-7.810417794653609747e+01,-8.828061572179105587e-01,9.640447207377069105e+01,0.000000000000000000e+00,0.000000000000000000e+00,0.000000000000000000e+00,2.658132910728454590e-01,4.333799183368682861e-01,6.744092702865600586e-02,1.863257139921188354e-01,8.908674218750000000e+04,8.025212500000000000e+04,3.423041015625000000e+04,7.420067187500000000e+04,-7.821415409728173912e+07
3.685000000000000053e+00,9.508787375496160621e+01,-1.131626607828342568e+00,-9.646626089007216365e+01,-1.698208398437500000e+04,5.813303756713867188e+01,2.021942138671875000e+03,2.747038006782531738e-01,4.491992294788360596e-01,6.620172411203384399e-02,1.837332844734191895e-01,-9.508787375496160621e+01,1.131626607828342568e+00,9.646626089007216365e+01,0.000000000000000000e+00,0.000000000000000000e+00,0.000000000000000000e+00,2.747038006782531738e-01,4.491992294788360596e-01,6.620172411203384399e-02,1.837332844734191895e-01,8.912317968750000000e+04,8.036334375000000000e+04,3.402023046875000000e+04,7.400191406250000000e+04,-7.823250282108587027e+07
3.685999999999999943e+00,1.121349927385106753e+02,-3.054415793233375531e+00,-9.593123431282432989e+01,-1.702585546875000000e+04,6.742787933349609375e+01,2.001966918945312500e+03,2.769168615341186523e-01,4.624051749706268311e-01,6.877575069665908813e-02,1.839542090892791748e-01,-1.121349927385106753e+02,3.054415793233375531e+00,9.593123431282432989e+01,0.000000000000000000e+00,0.000000000000000000e+00,0.000000000000000000e+00,2.769168615341186523e-01,4.624051749706268311e-01,6.877575069665908813e-02,1.839542090892791748e-01,8.921555468750000000e+04,8.047985156250000000e+04,3.381079687500000000e+04,7.378416406250000000e+04,-7.825428920885495842e+07
3.686999999999999833e+00,1.292380785965060852e+02,-4.759743696118556855e+00,-9.483317219616345994e+01,-1.702647656250000000e+04,7.214005279541015625e+01,2.033071289062500000e+03,2.755931317806243896e-01,4.728824496269226074e-01,7.197873294353485107e-02,1.866628229618072510e-01,-1.292380785965060852e+02,4.759743696118556855e+00,9.483317219616345994e+01,0.000000000000000000e+00,0.000000000000000000e+00,0.000000000000000000e+00,2.755931317806243896e-01,4.728824496269226074e-01,7.197873294353485107e-02,1.866628229618072510e-01,8.933118750000000000e+04,8.058648437500000000e+04,3.361835546875000000e+04,7.358201562500000000e+04,-7.828000767552311718e+07
3.688000000000000167e+00,1.463714704289700421e+02,-6.078085629132059964e+00,-9.327321180771102149e+01,-1.698426757812500000e+04,6.669693756103515625e+01,2.043466186523437500e+03,2.661511301994323730e-01,4.795795381069183350e-01,7.505493611097335815e-02,1.923878490924835205e-01,-1.463714704289700421e+02,6.078085629132059964e+00,9.327321180771102149e+01,0.000000000000000000e+00,0.000000000000000000e+00,0.000000000000000000e+00,2.661511301994323730e-01,4.795795381069183350e-01,7.505493611097335815e-02,1.923878490924835205e-01,8.943927343750000000e+04,8.069740625000000000e+04,3.343469921875000000e+04,7.337992968750000000e+04,-7.831016911804449558e+07
3.689000000000000057e+00,1.635329341184923919e+02,-6.881184857353051854e+00,-9.141121899700044651e+01,-1.694956250000000000e+04,5.598844146728515625e+01,2.023474365234375000e+03,2.554826736450195312e-01,4.834882915019989014e-01,7.660473883152008057e-02,1.996157467365264893e-01,-1.635329341184923919e+02,6.881184857353051854e+00,9.141121899700044651e+01,0.000000000000000000e+00,0.000000000000000000e+00,0.000000000000000000e+00,2.554826736450195312e-01,4.834882915019989014e-01,7.660473883152008057e-02,1.996157467365264893e-01,8.953172656250000000e+04,8.081393750000000000e+04,3.328687890625000000e+04,7.319828125000000000e+04,-7.834531550024946034e+07
3.689999999999999947e+00,-1.792491343919692781e+02,-7.101470036183783918e+00,-8.940527259063351551e+01,-1.697201757812500000e+04,5.421775054931640625e+01,2.009786621093750000e+03,2.451461851596832275e-01,4.855192005634307861e-01,7.650674879550933838e-02,2.067721784114837646e-01,1.792491343919692781e+02,7.101470036183783918e+00,8.940527259063351551e+01,0.000000000000000000e+00,0.000000000000000000e+00,0.000000000000000000e+00,2.451461851596832275e-01,4.855192005634307861e-01,7.650674879550933838e-02,2.067721784114837646e-01,8.955497656250000000e+04,8.092794531250000000e+04,3.316680859375000000e+04,7.306584375000000000e+04,-7.838548948607340455e+07
3.690999999999999837e+00,-1.619871037400024250e+02,-6.710771948427707301e+00,-8.740414473590961109e+01,-1.701961523437500000e+04,6.181372070312500000e+01,2.031185791015625000e+03,2.961452603340148926e-01,6.166083738207817078e-02,3.888629376888275146e-01,3.174892961978912354e-01,1.619871037400024250e+02,6.710771948427707301e+00,8.740414473590961109e+01,0.000000000000000000e+00,0.000000000000000000e+00,0.000000000000000000e+00,2.961452603340148926e-01,6.166083738207817078e-02,3.888629376888275146e-01,3.174892961978912354e-01,8.943416406250000000e+04,8.103713281250000000e+04,3.305633203125000000e+04,7.305157031250000000e+04,-7.841941382682864368e+07
3.692000000000000171e+00,-1.447535522299550053e+02,-5.744083269948548676e+00,-8.561092282936925812e+01,-1.703723437500000000e+04,6.528492736816406250e+01,2.034304443359375000e+03,2.858618497848510742e-01,8.230875432491302490e-02,3.893662691116333008e-01,3.205399811267852783e-01,1.447535522299550053e+02,5.744083269948548676e+00,8.561092282936925812e+01,0.000000000000000000e+00,0.000000000000000000e+00,0.000000000000000000e+00,2.858618497848510742e-01,8.230875432491302490e-02,3.893662691116333008e-01,3.205399811267852783e-01,8.931191406250000000e+04,8.081215625000000000e+04,3.316758984375000000e+04,7.316469531250000000e+04,-7.844772964231213927e+07
3.693000000000000060e+00,-1.276231018067522029e+02,-4.286484461539569857e+00,-8.417225411059604312e+01,-1.700285546875000000e+04,5.980862808227539062e+01,2.050768310546875000e+03,2.773265838623046875e-01,1.050306111574172974e-01,3.844171464443206787e-01,3.207288682460784912e-01,1.276231018067522029e+02,4.286484461539569857e+00,8.417225411059604312e+01,0.000000000000000000e+00,0.000000000000000000e+00,0.000000000000000000e+00,2.773265838623046875e-01,1.050306111574172974e-01,3.844171464443206787e-01,3.207288682460784912e-01,8.942768750000000000e+04,8.058343750000000000e+04,3.327788671875000000e+04,7.327934375000000000e+04,-7.847112064073801041e+07
3.693999999999999950e+00,-1.106029400143306844e+02,-2.477428242043544948e+00,-8.321912029207976502e+01,-1.696212890625000000e+04,4.902420806884765625e+01,2.050892822265625000e+03,2.696344852447509766e-01,1.301623135805130005e-01,3.729737997055053711e-01,3.176175355911254883e-01,1.106029400143306844e+02,2.477428242043544948e+00,8.321912029207976502e+01,0.000000000000000000e+00,0.000000000000000000e+00,0.000000000000000000e+00,2.696344852447509766e-01,1.301623135805130005e-01,3.729737997055053711e-01,3.176175355911254883e-01,8.953466406250000000e+04,8.035860937500000000e+04,3.338958984375000000e+04,7.339157812500000000e+04,-7.849028521071070433e+07
3.694999999999999840e+00,-9.362621942908224071e+01,-4.866539562612751668e-01,-8.283694860936010684e+01,-1.696506640625000000e+04,4.440397644042968750e+01,2.034040283203125000e+03,2.638700604438781738e-01,1.576977074146270752e-01,3.542741835117340088e-01,3.109758496284484863e-01,9.362621942908224071e+01,4.866539562612751668e-01,8.283694860936010684e+01,0.000000000000000000e+00,0.000000000000000000e+00,0.000000000000000000e+00,2.638700604438781738e-01,1.576977074146270752e-01,3.542741835117340088e-01,3.109758496284484863e-01,8.958306250000000000e+04,8.013689843750000000e+04,3.350558984375000000e+04,7.350172656250000000e+04,-7.850591327656227350e+07
3.696000000000000174e+00,-7.660956362991100832e+01,1.557429127449281969e+00,-8.306407705156279064e+01,-1.701270703125000000e+04,5.253821945190429688e+01,2.063565429687500000e+03,2.589309215545654297e-01,1.886676251888275146e-01,3.278979361057281494e-01,2.999597191810607910e-01,7.660956362991100832e+01,-1.557429127449281969e+00,8.306407705156279064e+01,0.000000000000000000e+00,0.000000000000000000e+00,0.000000000000000000e+00,2.589309215545654297e-01,1.886676251888275146e-01,3.278979361057281494e-01,2.999597191810607910e-01,8.963703125000000000e+04,7.990602343750000000e+04,3.361287109375000000e+04,7.361990625000000000e+04,-7.851868436828374863e+07
3.697000000000000064e+00,-5.952960369882809744e+01,3.455367376895743803e+00,-8.389690747535327375e+01,-1.704167968750000000e+04,6.326012420654296875e+01,2.078988769531250000e+03,2.509498000144958496e-01,2.239511609077453613e-01,2.946377098560333252e-01,2.842639684677124023e-01,5.952960369882809744e+01,-3.455367376895743803e+00,8.389690747535327375e+01,0.000000000000000000e+00,0.000000000000000000e+00,0.000000000000000000e+00,2.509498000144958496e-01,2.239511609077453613e-01,2.946377098560333252e-01,2.842639684677124023e-01,8.961218750000000000e+04,7.967865625000000000e+04,3.372330859375000000e+04,7.373448437500000000e+04,-7.852927877264793217e+07
3.697999999999999954e+00,-4.241306639593086913e+01,5.013695998056170389e+00,-8.524760452891534612e+01,-1.701495507812500000e+04,6.542452239990234375e+01,2.066339111328125000e+03,2.455636560916900635e-01,2.598555684089660645e-01,2.553276419639587402e-01,2.657283842563629150e-01,4.241306639593086913e+01,-5.013695998056170389e+00,8.524760452891534612e+01,0.000000000000000000e+00,0.000000000000000000e+00,0.000000000000000000e+00,2.455636560916900635e-01,2.598555684089660645e-01,2.553276419639587402e-01,2.657283842563629150e-01,8.952504687500000000e+04,7.963437500000000000e+04,3.383810546875000000e+04,7.384445312500000000e+04,-7.853836993207451701e+07
3.698999999999999844e+00,-2.527449591430081455e+01,6.109975601741731488e+00,-8.699309315136831344e+01,-1.696756054687500000e+04,5.730838775634765625e+01,2.060955322265625000e+03,2.449192553758621216e-01,2.934810817241668701e-01,2.130522429943084717e-01,2.470137923955917358e-01,2.527449591430081455e+01,-6.109975601741731488e+00,8.699309315136831344e+01,0.000000000000000000e+00,0.000000000000000000e+00,0.000000000000000000e+00,2.449192553758621216e-01,2.934810817241668701e-01,2.130522429943084717e-01,2.470137923955917358e-01,8.940317968750000000e+04,7.974694531250000000e+04,3.395127343750000000e+04,7.395609375000000000e+04,-7.854661386227613688e+07
3.700000000000000178e+00,-8.093417919013278450e+00,6.652771714267179171e+00,-8.899878694148958402e+01,-1.695629101562500000e+04,5.255287933349609375e+01,2.072739501953125000e+03,2.460514903068542480e-01,3.235172927379608154e-01,1.725691258907318115e-01,2.305157929658889771e-01,8.093417919013278450e+00,-6.652771714267179171e+00,8.899878694148958402e+01,0.000000000000000000e+00,0.000000000000000000e+00,0.000000000000000000e+00,2.460514903068542480e-01,3.235172927379608154e-01,1.725691258907318115e-01,2.305157929658889771e-01,8.928155468750000000e+04,7.985779687500000000e+04,3.406222656250000000e+04,7.407148437500000000e+04,-7.855464440913829207e+07
3.701000000000000068e+00,9.141884384787594797e+00,6.580243860615215823e+00,-9.106071073861566845e+01,-1.699588281250000000e+04,5.397467422485351562e+01,2.056303222656250000e+03,2.465158402919769287e-01,3.502284586429595947e-01,1.372612714767456055e-01,2.166619747877120972e-01,-9.141884384787594797e+00,-6.580243860615215823e+00,9.106071073861566845e+01,0.000000000000000000e+00,0.000000000000000000e+00,0.000000000000000000e+00,2.465158402919769287e-01,3.502284586429595947e-01,1.372612714767456055e-01,2.166619747877120972e-01,8.916700781250000000e+04,7.997368750000000000e+04,3.417665234375000000e+04,7.418108593750000000e+04,-7.856306333583788574e+07
3.701999999999999957e+00,2.639128125555794213e+01,5.894138688990221198e+00,-9.300907398488961064e+01,-1.703586914062500000e+04,6.254373931884765625e+01,2.061389160156250000e+03,2.486330121755599976e-01,3.740880191326141357e-01,1.081306338310241699e-01,2.054162919521331787e-01,-2.639128125555794213e+01,-5.894138688990221198e+00,9.300907398488961064e+01,0.000000000000000000e+00,0.000000000000000000e+00,0.000000000000000000e+00,2.486330121755599976e-01,3.740880191326141357e-01,1.081306338310241699e-01,2.054162919521331787e-01,8.906146093750000000e+04,8.008451562500000000e+04,3.428894140625000000e+04,7.421007031250000000e+04,-7.857244526427860558e+07
3.702999999999999847e+00,4.356807647377070225e+01,4.671404940415680329e+00,-9.465833180651945611e+01,-1.702311523437500000e+04,6.051081848144531250e+01,2.054085693359375000e+03,2.505680322647094727e-01,3.956220149993896484e-01,8.704087883234024048e-02,1.966677904129028320e-01,-4.356807647377070225e+01,-4.671404940415680329e+00,9.465833180651945611e+01,0.000000000000000000e+00,0.000000000000000000e+00,0.000000000000000000e+00,2.505680322647094727e-01,3.956220149993896484e-01,8.704087883234024048e-02,1.966677904129028320e-01,8.897214062500000000e+04,8.019853906250000000e+04,3.440216406250000000e+04,7.415283593750000000e+04,-7.858332546337074041e+07
3.704000000000000181e+00,6.062303113348432504e+01,3.029352052512701565e+00,-9.587948594098703836e+01,-1.697114257812500000e+04,4.752703857421875000e+01,2.051632324218750000e+03,2.564468979835510254e-01,4.147278368473052979e-01,7.332516461610794067e-02,1.905976980924606323e-01,-6.062303113348432504e+01,-3.029352052512701565e+00,9.587948594098703836e+01,0.000000000000000000e+00,0.000000000000000000e+00,0.000000000000000000e+00,2.564468979835510254e-01,4.147278368473052979e-01,7.332516461610794067e-02,1.905976980924606323e-01,8.889931250000000000e+04,8.031210156250000000e+04,3.435401953125000000e+04,7.403297656250000000e+04,-7.859620266807271540e+07
3.705000000000000071e+00,7.759889472714131387e+01,1.105870380553856558e+00,-9.658004086832515611e+01,-1.694878125000000000e+04,3.183245849609375000e+01,2.054154052734375000e+03,2.647067904472351074e-01,4.317303895950317383e-01,6.671287119388580322e-02,1.868600249290466309e-01,-7.759889472714131387e+01,-1.105870380553856558e+00,9.658004086832515611e+01,0.000000000000000000e+00,0.000000000000000000e+00,0.000000000000000000e+00,2.647067904472351074e-01,4.317303895950317383e-01,6.671287119388580322e-02,1.868600249290466309e-01,8.887149218750000000e+04,8.042335937500000000e+04,3.419197265625000000e+04,7.387019531250000000e+04,-7.861155318377901614e+07
3.705999999999999961e+00,9.458058827343310782e+01,-9.451957882180735959e-01,-9.669335585814253875e+01,-1.697971289062500000e+04,2.691214561462402344e+01,2.061557128906250000e+03,2.719893157482147217e-01,4.467624425888061523e-01,6.595994532108306885e-02,1.854338198900222778e-01,-9.458058827343310782e+01,9.451957882180735959e-01,9.669335585814253875e+01,0.000000000000000000e+00,0.000000000000000000e+00,0.000000000000000000e+00,2.719893157482147217e-01,4.467624425888061523e-01,6.595994532108306885e-02,1.854338198900222778e-01,8.890407031250000000e+04,8.053495312500000000e+04,3.397735156250000000e+04,7.368288281250000000e+04,-7.862984916991935670e+07
3.706999999999999851e+00,1.116235585177834224e+02,-2.902064573803240677e+00,-9.620956533323114002e+01,-1.702497460937500000e+04,2.746257209777832031e+01,2.022965942382812500e+03,2.746263742446899414e-01,4.597732722759246826e-01,6.879498809576034546e-02,1.861941814422607422e-01,-1.116235585177834224e+02,2.902064573803240677e+00,9.620956533323114002e+01,0.000000000000000000e+00,0.000000000000000000e+00,0.000000000000000000e+00,2.746263742446899414e-01,4.597732722759246826e-01,6.879498809576034546e-02,1.861941814422607422e-01,8.897976562500000000e+04,8.065448437500000000e+04,3.376970703125000000e+04,7.348176562500000000e+04,-7.865157369117592275e+07
3.708000000000000185e+00,1.287235739905650860e+02,-4.659540819395505906e+00,-9.515531089185550684e+01,-1.702867773437500000e+04,2.623526954650878906e+01,2.055619628906250000e+03,2.750990092754364014e-01,4.702219963073730469e-01,7.221539318561553955e-02,1.893792599439620972e-01,-1.287235739905650860e+02,4.659540819395505906e+00,9.515531089185550684e+01,0.000000000000000000e+00,0.000000000000000000e+00,0.000000000000000000e+00,2.750990092754364014e-01,4.702219963073730469e-01,7.221539318561553955e-02,1.893792599439620972e-01,8.908445312500000000e+04,8.076075000000000000e+04,3.357762500000000000e+04,7.330381250000000000e+04,-7.867721969418840110e+07
3.709000000000000075e+00,1.458523499669402099e+02,-6.038003054931707858e+00,-9.363597509405471442e+01,-1.698532031250000000e+04,1.338002967834472656e+01,2.054021240234375000e+03,2.657732367515563965e-01,4.768572747707366943e-01,7.575210183858871460e-02,1.955708116292953491e-01,-1.458523499669402099e+02,6.038003054931707858e+00,9.363597509405471442e+01,0.000000000000000000e+00,0.000000000000000000e+00,0.000000000000000000e+00,2.657732367515563965e-01,4.768572747707366943e-01,7.575210183858871460e-02,1.955708116292953491e-01,8.918392968750000000e+04,8.087389843750000000e+04,3.342576562500000000e+04,7.314884375000000000e+04,-7.870729675549198687e+07
3.709999999999999964e+00,1.630151960180198785e+02,-6.925205490110584172e+00,-9.177627009468683639e+01,-1.695108398437500000e+04,-2.832481145858764648e+00,2.057250244140625000e+03,2.561169266700744629e-01,4.806769490242004395e-01,7.772860676050186157e-02,2.034132778644561768e-01,-1.630151960180198785e+02,6.925205490110584172e+00,9.177627009468683639e+01,0.000000000000000000e+00,0.000000000000000000e+00,0.000000000000000000e+00,2.561169266700744629e-01,4.806769490242004395e-01,7.772860676050186157e-02,2.034132778644561768e-01,8.921643750000000000e+04,8.098630468750000000e+04,3.330489062500000000e+04,7.304400000000000000e+04,-7.874234155184835196e+07
3.710999999999999854e+00,-1.797619357282544286e+02,-7.231698366804254263e+00,-8.975967718693097197e+01,-1.697257617187500000e+04,-1.181236457824707031e+01,2.031938232421875000e+03,2.441540658473968506e-01,4.825268685817718506e-01,7.819277048110961914e-02,2.111403644084930420e-01,1.797619357282544286e+02,7.231698366804254263e+00,8.975967718693097197e+01,0.000000000000000000e+00,0.000000000000000000e+00,0.000000000000000000e+00,2.441540658473968506e-01,4.825268685817718506e-01,7.819277048110961914e-02,2.111403644084930420e-01,8.917393750000000000e+04,8.110238281250000000e+04,3.320941406250000000e+04,7.299594531250000000e+04,-7.878276500249509513e+07
3.712000000000000188e+00,-1.624903348959043115e+02,-6.928708108912415398e+00,-8.773627081637570768e+01,-1.702039062500000000e+04,-1.045641422271728516e+01,2.038169555664062500e+03,2.965165972709655762e-01,5.669096857309341431e-02,3.902332782745361328e-01,3.212283551692962646e-01,1.624903348959043115e+02,6.928708108912415398e+00,8.773627081637570768e+01,0.000000000000000000e+00,0.000000000000000000e+00,0.000000000000000000e+00,2.965165972709655762e-01,5.669096857309341431e-02,3.902332782745361328e-01,3.212283551692962646e-01,8.905226562500000000e+04,8.121428906250000000e+04,3.311393359375000000e+04,7.301244531250000000e+04,-7.881691377164250612e+07
3.713000000000000078e+00,-1.452436746077009389e+02,-6.050417251437217203e+00,-8.590858391693267038e+01,-1.703830664062500000e+04,-1.146577167510986328e+01,2.024615112304687500e+03,2.872710227966308594e-01,7.613369077444076538e-02,3.912140429019927979e-01,3.253926038742065430e-01,1.452436746077009389e+02,6.050417251437217203e+00,8.590858391693267038e+01,0.000000000000000000e+00,0.000000000000000000e+00,0.000000000000000000e+00,2.872710227966308594e-01,7.613369077444076538e-02,3.912140429019927979e-01,3.253926038742065430e-01,8.916220312500000000e+04,8.099155468750000000e+04,3.322910546875000000e+04,7.312355468750000000e+04,-7.884542638899558783e+07
3.713999999999999968e+00,-1.280962632610126946e+02,-4.644090616740286670e+00,-8.438393808897721726e+01,-1.700346289062500000e+04,-1.883624267578125000e+01,2.076827636718750000e+03,2.798197865486145020e-01,9.769463539123535156e-02,3.868780136108398438e-01,3.267221450805664062e-01,1.280962632610126946e+02,4.644090616740286670e+00,8.438393808897721726e+01,0.000000000000000000e+00,0.000000000000000000e+00,0.000000000000000000e+00,2.798197865486145020e-01,9.769463539123535156e-02,3.868780136108398438e-01,3.267221450805664062e-01,8.928407031250000000e+04,8.075730468750000000e+04,3.333314062500000000e+04,7.324499218750000000e+04,-7.886897725824208558e+07
3.714999999999999858e+00,-1.110634834035266181e+02,-2.883982882994324370e+00,-8.334490138541302429e+01,-1.696276562500000000e+04,-3.299430465698242188e+01,2.049969238281250000e+03,2.699281573295593262e-01,1.228212490677833557e-01,3.765000998973846436e-01,3.243405222892761230e-01,1.110634834035266181e+02,2.883982882994324370e+00,8.334490138541302429e+01,0.000000000000000000e+00,0.000000000000000000e+00,0.000000000000000000e+00,2.699281573295593262e-01,1.228212490677833557e-01,3.765000998973846436e-01,3.243405222892761230e-01,8.939175781250000000e+04,8.053717187500000000e+04,3.344985546875000000e+04,7.335240625000000000e+04,-7.888826704553201795e+07
3.716000000000000192e+00,-9.408031126220299711e+01,-9.047630192603044463e-01,-8.286429252949234581e+01,-1.696549609375000000e+04,-3.818599319458007812e+01,2.043771484375000000e+03,2.657246291637420654e-01,1.490790545940399170e-01,3.585509061813354492e-01,3.189501166343688965e-01,9.408031126220299711e+01,9.047630192603044463e-01,8.286429252949234581e+01,0.000000000000000000e+00,0.000000000000000000e+00,0.000000000000000000e+00,2.657246291637420654e-01,1.490790545940399170e-01,3.585509061813354492e-01,3.189501166343688965e-01,8.944769531250000000e+04,8.031296093750000000e+04,3.356379687500000000e+04,7.346357031250000000e+04,-7.890398546007174253e+07
3.717000000000000082e+00,-7.706489302305092792e+01,1.124640321311737079e+00,-8.298892710525636573e+01,-1.701339062500000000e+04,-3.251342773437500000e+01,2.040459472656250000e+03,2.600214481353759766e-01,1.798113584518432617e-01,3.332027792930603027e-01,3.088141083717346191e-01,7.706489302305092792e+01,-1.124640321311737079e+00,8.298892710525636573e+01,0.000000000000000000e+00,0.000000000000000000e+00,0.000000000000000000e+00,2.600214481353759766e-01,1.798113584518432617e-01,3.332027792930603027e-01,3.088141083717346191e-01,8.947186718750000000e+04,8.008810156250000000e+04,3.367604687500000000e+04,7.357589062500000000e+04,-7.891681288464632630e+07
3.717999999999999972e+00,-5.999612587562972266e+01,3.048257893487972492e+00,-8.372237045214502871e+01,-1.704022656250000000e+04,-2.199128532409667969e+01,2.066006347656250000e+03,2.539250850677490234e-01,2.142403721809387207e-01,3.003560006618499756e-01,2.940976619720458984e-01,5.999612587562972266e+01,-3.048257893487972492e+00,8.372237045214502871e+01,0.000000000000000000e+00,0.000000000000000000e+00,0.000000000000000000e+00,2.539250850677490234e-01,2.142403721809387207e-01,3.003560006618499756e-01,2.940976619720458984e-01,8.946085156250000000e+04,7.985927343750000000e+04,3.378490234375000000e+04,7.369346093750000000e+04,-7.892743114695672691e+07
3.718999999999999861e+00,-4.289140169808049308e+01,4.661323797969676441e+00,-8.498506856572969070e+01,-1.701801562500000000e+04,-2.020455169677734375e+01,2.054166503906250000e+03,2.477739751338958740e-01,2.504318654537200928e-01,2.616503536701202393e-01,2.761425375938415527e-01,4.289140169808049308e+01,-4.661323797969676441e+00,8.498506856572969070e+01,0.000000000000000000e+00,0.000000000000000000e+00,0.000000000000000000e+00,2.477739751338958740e-01,2.504318654537200928e-01,2.616503536701202393e-01,2.761425375938415527e-01,8.939898437500000000e+04,7.973793750000000000e+04,3.389875000000000000e+04,7.380353125000000000e+04,-7.893651500911502540e+07
3.720000000000000195e+00,-2.576542887027230933e+01,5.842283980353335515e+00,-8.667681394392337779e+01,-1.696928125000000000e+04,-2.523508834838867188e+01,2.064710205078125000e+03,2.467713356018066406e-01,2.844257354736328125e-01,2.193785458803176880e-01,2.577033936977386475e-01,2.576542887027230933e+01,-5.842283980353335515e+00,8.667681394392337779e+01,0.000000000000000000e+00,0.000000000000000000e+00,0.000000000000000000e+00,2.467713356018066406e-01,2.844257354736328125e-01,2.193785458803176880e-01,2.577033936977386475e-01,8.929928906250000000e+04,7.984838281250000000e+04,3.401017968750000000e+04,7.391735937500000000e+04,-7.894472586879746616e+07
3.721000000000000085e+00,-8.598791158685648028e+00,6.467597441652655377e+00,-8.860681976269410143e+01,-1.695793164062500000e+04,-3.060193443298339844e+01,2.025343505859375000e+03,2.467069327831268311e-01,3.152394294738769531e-01,1.786136180162429810e-01,2.409021407365798950e-01,8.598791158685648028e+00,-6.467597441652655377e+00,8.860681976269410143e+01,0.000000000000000000e+00,0.000000000000000000e+00,0.000000000000000000e+00,2.467069327831268311e-01,3.152394294738769531e-01,1.786136180162429810e-01,2.409021407365798950e-01,8.918508593750000000e+04,7.996797656250000000e+04,3.412923046875000000e+04,7.402330468750000000e+04,-7.895269280633197725e+07
3.721999999999999975e+00,8.627010542839190776e+00,6.491885864234712145e+00,-9.064164168745030281e+01,-1.699438085937500000e+04,-2.487464714050292969e+01,2.029245239257812500e+03,2.502098679542541504e-01,3.425718545913696289e-01,1.412518918514251709e-01,2.263802886009216309e-01,-8.627010542839190776e+00,-6.491885864234712145e+00,9.064164168745030281e+01,0.000000000000000000e+00,0.000000000000000000e+00,0.000000000000000000e+00,2.502098679542541504e-01,3.425718545913696289e-01,1.412518918514251709e-01,2.263802886009216309e-01,8.908164843750000000e+04,8.007973437500000000e+04,3.424119531250000000e+04,7.413737500000000000e+04,-7.896102528343275189e+07
3.722999999999999865e+00,2.587584674915384042e+01,5.903493662050895985e+00,-9.259560514835905565e+01,-1.703608398437500000e+04,-1.427886676788330078e+01,2.037138793945312500e+03,2.508853971958160400e-01,3.671471178531646729e-01,1.116305217146873474e-01,2.145902663469314575e-01,-2.587584674915384042e+01,-5.903493662050895985e+00,9.259560514835905565e+01,0.000000000000000000e+00,0.000000000000000000e+00,0.000000000000000000e+00,2.508853971958160400e-01,3.671471178531646729e-01,1.116305217146873474e-01,2.145902663469314575e-01,8.900521875000000000e+04,8.019060937500000000e+04,3.435273437500000000e+04,7.424005468750000000e+04,-7.897030364020794630e+07
3.724000000000000199e+00,4.305844565517205069e+01,4.765538499843814613e+00,-9.428063489692469545e+01,-1.702414648437500000e+04,-1.141912746429443359e+01,2.034665161132812500e+03,2.524196803569793701e-01,3.891885280609130859e-01,8.968094736337661743e-02,2.053308486938476562e-01,-4.305844565517205069e+01,-4.765538499843814613e+00,9.428063489692469545e+01,0.000000000000000000e+00,0.000000000000000000e+00,0.000000000000000000e+00,2.524196803569793701e-01,3.891885280609130859e-01,8.968094736337661743e-02,2.053308486938476562e-01,8.893510156250000000e+04,8.030407031250000000e+04,3.446492578125000000e+04,7.425100000000000000e+04,-7.898106921842394769e+07
3.725000000000000089e+00,6.012338425051075319e+01,3.215372931062316919e+00,-9.553718462182230553e+01,-1.697577343750000000e+04,-1.930622673034667969e+01,2.000760742187500000e+03,2.577001452445983887e-01,4.088549613952636719e-01,7.513722032308578491e-02,1.985386461019515991e-01,-6.012338425051075319e+01,-3.215372931062316919e+00,9.553718462182230553e+01,0.000000000000000000e+00,0.000000000000000000e+00,0.000000000000000000e+00,2.577001452445983887e-01,4.088549613952636719e-01,7.513722032308578491e-02,1.985386461019515991e-01,8.887100000000000000e+04,8.042207031250000000e+04,3.444226171875000000e+04,7.418771875000000000e+04,-7.899382173202623427e+07
3.725999999999999979e+00,7.710485920804705984e+01,1.348827648279733449e+00,-9.629930794728332444e+01,-1.694937695312500000e+04,-2.859884452819824219e+01,2.023063110351562500e+03,2.679980993270874023e-01,4.267240464687347412e-01,6.718391925096511841e-02,1.936262249946594238e-01,-7.710485920804705984e+01,-1.348827648279733449e+00,9.629930794728332444e+01,0.000000000000000000e+00,0.000000000000000000e+00,0.000000000000000000e+00,2.679980993270874023e-01,4.267240464687347412e-01,6.718391925096511841e-02,1.936262249946594238e-01,8.885700781250000000e+04,8.053062500000000000e+04,3.428914062500000000e+04,7.408523437500000000e+04,-7.900904226738688350e+07
3.726999999999999869e+00,9.408619905767925218e+01,-6.430432349386547841e-01,-9.648216405349319302e+01,-1.697848828125000000e+04,-2.946084976196289062e+01,2.007369628906250000e+03,2.738605141639709473e-01,4.422134459018707275e-01,6.611740589141845703e-02,1.914420425891876221e-01,-9.408619905767925218e+01,6.430432349386547841e-01,9.648216405349319302e+01,0.000000000000000000e+00,0.000000000000000000e+00,0.000000000000000000e+00,2.738605141639709473e-01,4.422134459018707275e-01,6.611740589141845703e-02,1.914420425891876221e-01,8.890896093750000000e+04,8.064632031250000000e+04,3.408087109375000000e+04,7.394116406250000000e+04,-7.902720370172505081e+07
3.728000000000000203e+00,1.111252103971843184e+02,-2.598571771284998277e+00,-9.606634641821769094e+01,-1.702551562500000000e+04,-2.119516181945800781e+01,2.006474609375000000e+03,2.785253226757049561e-01,4.560201764106750488e-01,6.830123066902160645e-02,1.911053061485290527e-01,-1.111252103971843184e+02,2.598571771284998277e+00,9.606634641821769094e+01,0.000000000000000000e+00,0.000000000000000000e+00,0.000000000000000000e+00,2.785253226757049561e-01,4.560201764106750488e-01,6.830123066902160645e-02,1.911053061485290527e-01,8.900489843750000000e+04,8.075864062500000000e+04,3.386542578125000000e+04,7.378559375000000000e+04,-7.904878800960026681e+07
3.729000000000000092e+00,1.282184885050105265e+02,-4.343852055302572346e+00,-9.508802206047968753e+01,-1.703231054687500000e+04,-1.549325466156005859e+01,2.007208862304687500e+03,2.764235734939575195e-01,4.669271409511566162e-01,7.199113816022872925e-02,1.935008764266967773e-01,-1.282184885050105265e+02,4.343852055302572346e+00,9.508802206047968753e+01,0.000000000000000000e+00,0.000000000000000000e+00,0.000000000000000000e+00,2.764235734939575195e-01,4.669271409511566162e-01,7.199113816022872925e-02,1.935008764266967773e-01,8.911691406250000000e+04,8.087093750000000000e+04,3.367322656250000000e+04,7.363171093750000000e+04,-7.907428859138482809e+07
3.729999999999999982e+00,1.453344815577820555e+02,-5.723861856405243920e+00,-9.364409898606380978e+01,-1.698756835937500000e+04,-2.054235458374023438e+01,2.000498291015625000e+03,2.696409821510314941e-01,4.744821786880493164e-01,7.522693276405334473e-02,1.985581219196319580e-01,-1.453344815577820555e+02,5.723861856405243920e+00,9.364409898606380978e+01,0.000000000000000000e+00,0.000000000000000000e+00,0.000000000000000000e+00,2.696409821510314941e-01,4.744821786880493164e-01,7.522693276405334473e-02,1.985581219196319580e-01,8.922489843750000000e+04,8.098521093750000000e+04,3.351782421875000000e+04,7.349913281250000000e+04,-7.910421268278396130e+07
3.730999999999999872e+00,1.624827721325012249e+02,-6.627700873144191540e+00,-9.185356600066545241e+01,-1.695393164062500000e+04,-2.885074615478515625e+01,2.003534301757812500e+03,2.604990899562835693e-01,4.789422750473022461e-01,7.714042812585830688e-02,2.054561227560043335e-01,-1.624827721325012249e+02,6.627700873144191540e+00,9.185356600066545241e+01,0.000000000000000000e+00,0.000000000000000000e+00,0.000000000000000000e+00,2.604990899562835693e-01,4.789422750473022461e-01,7.714042812585830688e-02,2.054561227560043335e-01,8.928291406250000000e+04,8.109662500000000000e+04,3.339050000000000000e+04,7.340974218750000000e+04,-7.913909433802972734e+07
3.732000000000000206e+00,1.796922480687780137e+02,-6.966634693500299846e+00,-8.986656605508017037e+01,-1.697255468750000000e+04,-2.923989486694335938e+01,2.009055664062500000e+03,2.485637068748474121e-01,4.813286364078521729e-01,7.765990495681762695e-02,2.124234586954116821e-01,-1.796922480687780137e+02,6.966634693500299846e+00,8.986656605508017037e+01,0.000000000000000000e+00,0.000000000000000000e+00,0.000000000000000000e+00,2.485637068748474121e-01,4.813286364078521729e-01,7.765990495681762695e-02,2.124234586954116821e-01,8.927603125000000000e+04,8.120831250000000000e+04,3.328277734375000000e+04,7.337346875000000000e+04,-7.917950817573922873e+07
3.733000000000000096e+00,-1.630483053331179235e+02,-6.701361901945426247e+00,-8.789201884947722476e+01,-1.702277343750000000e+04,-2.138199234008789062e+01,1.985558837890625000e+03,2.354117482900619507e-01,4.828793704509735107e-01,7.641733437776565552e-02,2.174597680568695068e-01,1.630483053331179235e+02,6.701361901945426247e+00,8.789201884947722476e+01,0.000000000000000000e+00,0.000000000000000000e+00,0.000000000000000000e+00,2.354117482900619507e-01,4.828793704509735107e-01,7.641733437776565552e-02,2.174597680568695068e-01,8.926345312500000000e+04,8.132542968750000000e+04,3.318111718750000000e+04,7.338532812500000000e+04,-7.921386284084001184e+07
3.733999999999999986e+00,-1.458061212916683473e+02,-5.861472552037976236e+00,-8.609567167160497547e+01,-1.704393750000000000e+04,-1.325782108306884766e+01,1.980475219726562500e+03,2.910575270652770996e-01,7.431367039680480957e-02,3.900938928127288818e-01,3.252531886100769043e-01,1.458061212916683473e+02,5.861472552037976236e+00,8.609567167160497547e+01,0.000000000000000000e+00,0.000000000000000000e+00,0.000000000000000000e+00,2.910575270652770996e-01,7.431367039680480957e-02,3.900938928127288818e-01,3.252531886100769043e-01,8.916949218750000000e+04,8.143797656250000000e+04,3.308459375000000000e+04,7.340039062500000000e+04,-7.924256908738718927e+07
3.734999999999999876e+00,-1.286595030989522002e+02,-4.516108794095327283e+00,-8.461421407722933452e+01,-1.701090234375000000e+04,-1.428961849212646484e+01,2.003958496093750000e+03,2.829908132553100586e-01,9.666150063276290894e-02,3.857533633708953857e-01,3.259533643722534180e-01,1.286595030989522002e+02,4.516108794095327283e+00,8.461421407722933452e+01,0.000000000000000000e+00,0.000000000000000000e+00,0.000000000000000000e+00,2.829908132553100586e-01,9.666150063276290894e-02,3.857533633708953857e-01,3.259533643722534180e-01,8.898621875000000000e+04,8.154685156250000000e+04,3.297410156250000000e+04,7.345818750000000000e+04,-7.926630231558740139e+07
3.736000000000000210e+00,-1.116250850965258365e+02,-2.813010165596043333e+00,-8.359425949045555626e+01,-1.696752343750000000e+04,-2.517391586303710938e+01,1.991184692382812500e+03,2.747739553451538086e-01,1.216994076967239380e-01,3.752171099185943604e-01,3.233249783515930176e-01,1.116250850965258365e+02,2.813010165596043333e+00,8.359425949045555626e+01,0.000000000000000000e+00,0.000000000000000000e+00,0.000000000000000000e+00,2.747739553451538086e-01,1.216994076967239380e-01,3.752171099185943604e-01,3.233249783515930176e-01,8.909677343750000000e+04,8.132448437500000000e+04,3.308938281250000000e+04,7.356858593750000000e+04,-7.928575838845615089e+07
3.737000000000000099e+00,-9.463468862630993783e+01,-8.751743220836590842e-01,-8.311438626607443325e+01,-1.697323632812500000e+04,-2.700913810729980469e+01,2.003438232421875000e+03,2.697910964488983154e-01,1.484279930591583252e-01,3.574634492397308350e-01,3.176604211330413818e-01,9.463468862630993783e+01,8.751743220836590842e-01,8.311438626607443325e+01,0.000000000000000000e+00,0.000000000000000000e+00,0.000000000000000000e+00,2.697910964488983154e-01,1.484279930591583252e-01,3.574634492397308350e-01,3.176604211330413818e-01,8.921090625000000000e+04,8.109650781250000000e+04,3.319983984375000000e+04,7.368256250000000000e+04,-7.930162287988202274e+07
3.737999999999999989e+00,-7.761271640382497594e+01,1.099069358743775204e+00,-8.322962663790222848e+01,-1.702005664062500000e+04,-1.855352973937988281e+01,1.984808837890625000e+03,2.628375291824340820e-01,1.797474622726440430e-01,3.324757218360900879e-01,3.072847127914428711e-01,7.761271640382497594e+01,-1.099069358743775204e+00,8.322962663790222848e+01,0.000000000000000000e+00,0.000000000000000000e+00,0.000000000000000000e+00,2.628375291824340820e-01,1.797474622726440430e-01,3.324757218360900879e-01,3.072847127914428711e-01,8.930255468750000000e+04,8.087485156250000000e+04,3.331565625000000000e+04,7.379171093750000000e+04,-7.931457499233333766e+07
3.738999999999999879e+00,-6.053568388425861713e+01,2.955764770610447734e+00,-8.393576245215757581e+01,-1.705033984375000000e+04,-3.961771726608276367e+00,1.993618530273437500e+03,2.576184272766113281e-01,2.141920924186706543e-01,2.995721995830535889e-01,2.924438118934631348e-01,6.053568388425861713e+01,-2.955764770610447734e+00,8.393576245215757581e+01,0.000000000000000000e+00,0.000000000000000000e+00,0.000000000000000000e+00,2.576184272766113281e-01,2.141920924186706543e-01,2.995721995830535889e-01,2.924438118934631348e-01,8.936106250000000000e+04,8.064868750000000000e+04,3.342699218750000000e+04,7.390628125000000000e+04,-7.932529351012048125e+07
3.740000000000000213e+00,-4.342296269369121120e+01,4.536698108208571334e+00,-8.517636481390161407e+01,-1.702991210937500000e+04,1.546415328979492188e+00,2.015337158203125000e+03,2.522430419921875000e-01,2.506754994392395020e-01,2.608029842376708984e-01,2.742893397808074951e-01,4.342296269369121120e+01,-4.536698108208571334e+00,8.517636481390161407e+01,0.000000000000000000e+00,0.000000000000000000e+00,0.000000000000000000e+00,2.522430419921875000e-01,2.506754994392395020e-01,2.608029842376708984e-01,2.742893397808074951e-01,8.937123437500000000e+04,8.041925781250000000e+04,3.353535546875000000e+04,7.402297656250000000e+04,-7.933445465856221318e+07
3.741000000000000103e+00,-2.629060804451542310e+01,5.689722377728734237e+00,-8.684067620946947841e+01,-1.698225000000000000e+04,1.352521300315856934e+00,2.026647338867187500e+03,2.490077316761016846e-01,2.853820621967315674e-01,2.193741947412490845e-01,2.558271884918212891e-01,2.629060804451542310e+01,-5.689722377728734237e+00,8.684067620946947841e+01,0.000000000000000000e+00,0.000000000000000000e+00,0.000000000000000000e+00,2.490077316761016846e-01,2.853820621967315674e-01,2.193741947412490845e-01,2.558271884918212891e-01,8.934201562500000000e+04,8.028107812500000000e+04,3.364644531250000000e+04,7.413677343750000000e+04,-7.934271953061881661e+07
3.741999999999999993e+00,-9.121457161181281137e+00,6.289646929721534718e+00,-8.873107349708931224e+01,-1.697019140625000000e+04,3.439975678920745850e-01,1.980700317382812500e+03,2.487403154373168945e-01,3.167381286621093750e-01,1.786676049232482910e-01,2.386811673641204834e-01,9.121457161181281137e+00,-6.289646929721534718e+00,8.873107349708931224e+01,0.000000000000000000e+00,0.000000000000000000e+00,0.000000000000000000e+00,2.487403154373168945e-01,3.167381286621093750e-01,1.786676049232482910e-01,2.386811673641204834e-01,8.924217968750000000e+04,8.040156250000000000e+04,3.376578515625000000e+04,7.424127343750000000e+04,-7.935071549466200173e+07
3.742999999999999883e+00,8.107996051534795967e+00,6.295271651121630896e+00,-9.073069075048545074e+01,-1.700856250000000000e+04,1.199805927276611328e+01,1.994851562500000000e+03,2.525897622108459473e-01,3.445285558700561523e-01,1.411692798137664795e-01,2.238039821386337280e-01,-8.107996051534795967e+00,-6.295271651121630896e+00,9.073069075048545074e+01,0.000000000000000000e+00,0.000000000000000000e+00,0.000000000000000000e+00,2.525897622108459473e-01,3.445285558700561523e-01,1.411692798137664795e-01,2.238039821386337280e-01,8.915282812500000000e+04,8.051111718750000000e+04,3.387659765625000000e+04,7.435642968750000000e+04,-7.935905292295119166e+07
3.744000000000000217e+00,2.535795007844730620e+01,5.699303647256936500e+00,-9.263389202683376311e+01,-1.704938085937500000e+04,2.581806945800781250e+01,1.991560180664062500e+03,2.524775862693786621e-01,3.695960938930511475e-01,1.118401661515235901e-01,2.116366326808929443e-01,-2.535795007844730620e+01,-5.699303647256936500e+00,9.263389202683376311e+01,0.000000000000000000e+00,0.000000000000000000e+00,0.000000000000000000e+00,2.524775862693786621e-01,3.695960938930511475e-01,1.118401661515235901e-01,2.116366326808929443e-01,8.909028125000000000e+04,8.062461718750000000e+04,3.398923828125000000e+04,7.443404687500000000e+04,-7.936830946859747171e+07
3.745000000000000107e+00,4.254598552499454200e+01,4.558452079701024395e+00,-9.427362352077021512e+01,-1.703971484375000000e+04,3.427242660522460938e+01,1.999221435546875000e+03,2.548112273216247559e-01,3.920195400714874268e-01,8.968785405158996582e-02,2.019727230072021484e-01,-4.254598552499454200e+01,-4.558452079701024395e+00,9.427362352077021512e+01,0.000000000000000000e+00,0.000000000000000000e+00,0.000000000000000000e+00,2.548112273216247559e-01,3.920195400714874268e-01,8.968785405158996582e-02,2.019727230072021484e-01,8.903053125000000000e+04,8.073600781250000000e+04,3.410103125000000000e+04,7.442016406250000000e+04,-7.937902792505885661e+07
3.745999999999999996e+00,5.962170558275948906e+01,3.000036879750725305e+00,-9.549615521414631303e+01,-1.699344335937500000e+04,2.986779975891113281e+01,1.986105590820312500e+03,2.593985795974731445e-01,4.120327830314636230e-01,7.537049055099487305e-02,1.947762519121170044e-01,-5.962170558275948906e+01,-3.000036879750725305e+00,9.549615521414631303e+01,0.000000000000000000e+00,0.000000000000000000e+00,0.000000000000000000e+00,2.593985795974731445e-01,4.120327830314636230e-01,7.537049055099487305e-02,1.947762519121170044e-01,8.898511718750000000e+04,8.085025000000000000e+04,3.408313671875000000e+04,7.433092968750000000e+04,-7.939171118871742487e+07
3.746999999999999886e+00,7.661447794927096311e+01,1.157307833532148056e+00,-9.621110714912437345e+01,-1.696515625000000000e+04,2.382000923156738281e+01,1.983479614257812500e+03,2.682106494903564453e-01,4.299223423004150391e-01,6.779718399047851562e-02,1.898249387741088867e-01,-7.661447794927096311e+01,-1.157307833532148056e+00,9.621110714912437345e+01,0.000000000000000000e+00,0.000000000000000000e+00,0.000000000000000000e+00,2.682106494903564453e-01,4.299223423004150391e-01,6.779718399047851562e-02,1.898249387741088867e-01,8.897595312500000000e+04,8.096370312500000000e+04,3.394502343750000000e+04,7.419182031250000000e+04,-7.940683888344915211e+07
3.748000000000000220e+00,9.360945740893883737e+01,-7.940219029420468866e-01,-9.635212392554815608e+01,-1.699288085937500000e+04,2.585015678405761719e+01,1.963439453125000000e+03,2.759930193424224854e-01,4.458234608173370361e-01,6.618130952119827271e-02,1.870431751012802124e-01,-9.360945740893883737e+01,7.940219029420468866e-01,9.635212392554815608e+01,0.000000000000000000e+00,0.000000000000000000e+00,0.000000000000000000e+00,2.759930193424224854e-01,4.458234608173370361e-01,6.618130952119827271e-02,1.870431751012802124e-01,8.902618750000000000e+04,8.107943750000000000e+04,3.375045312500000000e+04,7.401639843750000000e+04,-7.942488597622129321e+07
3.749000000000000110e+00,1.106665042816126459e+02,-2.739465259542710474e+00,-9.589586174793585371e+01,-1.704125585937500000e+04,3.694756317138671875e+01,2.005218872070312500e+03,2.808866202831268311e-01,4.596517086029052734e-01,6.799454241991043091e-02,1.864701509475708008e-01,-1.106665042816126459e+02,2.739465259542710474e+00,9.589586174793585371e+01,0.000000000000000000e+00,0.000000000000000000e+00,0.000000000000000000e+00,2.808866202831268311e-01,4.596517086029052734e-01,6.799454241991043091e-02,1.864701509475708008e-01,8.914135156250000000e+04,8.118476562500000000e+04,3.353540625000000000e+04,7.383307812500000000e+04,-7.944633657236149907e+07
3.750000000000000000e+00,1.277795001715759895e+02,-4.435056102592044525e+00,-9.489586620268741513e+01,-1.704874023437500000e+04,4.342714309692382812e+01,1.974299682617187500e+03,2.754122018814086914e-01,4.701358675956726074e-01,7.186620682477951050e-02,1.891225576400756836e-01,-1.277795001715759895e+02,4.435056102592044525e+00,9.489586620268741513e+01,0.000000000000000000e+00,0.000000000000000000e+00,0.000000000000000000e+00,2.754122018814086914e-01,4.701358675956726074e-01,7.186620682477951050e-02,1.891225576400756836e-01,8.924837500000000000e+04,8.130302343750000000e+04,3.335415234375000000e+04,7.363737500000000000e+04,-7.947168906817059219e+07
3.750999999999999890e+00,1.449182052418383648e+02,-5.771552121329430740e+00,-9.343113175575665252e+01,-1.700670703125000000e+04,4.024086380004882812e+01,1.985408813476562500e+03,2.709215879440307617e-01,4.777294695377349854e-01,7.451336085796356201e-02,1.940286606550216675e-01,-1.449182052418383648e+02,5.771552121329430740e+00,9.343113175575665252e+01,0.000000000000000000e+00,0.000000000000000000e+00,0.000000000000000000e+00,2.709215879440307617e-01,4.777294695377349854e-01,7.451336085796356201e-02,1.940286606550216675e-01,8.934925000000000000e+04,8.141317968750000000e+04,3.320127343750000000e+04,7.347382031250000000e+04,-7.950145304157616198e+07
3.751999999999999780e+00,1.620841803762626796e+02,-6.622993823445425754e+00,-9.164019554409236434e+01,-1.697094531250000000e+04,3.260583114624023438e+01,1.980533081054687500e+03,2.604879736900329590e-01,4.820125997066497803e-01,7.620926946401596069e-02,2.008628994226455688e-01,-1.620841803762626796e+02,6.622993823445425754e+00,9.164019554409236434e+01,0.000000000000000000e+00,0.000000000000000000e+00,0.000000000000000000e+00,2.604879736900329590e-01,4.820125997066497803e-01,7.620926946401596069e-02,2.008628994226455688e-01,8.941232812500000000e+04,8.152656250000000000e+04,3.307808984375000000e+04,7.334959375000000000e+04,-7.953616611259095371e+07
3.753000000000000114e+00,1.793040320107963055e+02,-6.913047456898931742e+00,-8.966365380755722470e+01,-1.698519726562500000e+04,3.129649353027343750e+01,1.991114868164062500e+03,2.492297440767288208e-01,4.843195080757141113e-01,7.639025896787643433e-02,2.077543288469314575e-01,-1.793040320107963055e+02,6.913047456898931742e+00,8.966365380755722470e+01,0.000000000000000000e+00,0.000000000000000000e+00,0.000000000000000000e+00,2.492297440767288208e-01,4.843195080757141113e-01,7.639025896787643433e-02,2.077543288469314575e-01,8.940350781250000000e+04,8.163800000000000000e+04,3.296849218750000000e+04,7.328191406250000000e+04,-7.957640340952554345e+07
3.754000000000000004e+00,-1.634259320290397568e+02,-6.602605029524045044e+00,-8.770808592923897606e+01,-1.703822265625000000e+04,3.935661697387695312e+01,1.973506469726562500e+03,2.359375953674316406e-01,4.856963455677032471e-01,7.489661872386932373e-02,2.127820700407028198e-01,1.634259320290397568e+02,6.602605029524045044e+00,8.770808592923897606e+01,0.000000000000000000e+00,0.000000000000000000e+00,0.000000000000000000e+00,2.359375953674316406e-01,4.856963455677032471e-01,7.489661872386932373e-02,2.127820700407028198e-01,8.930825781250000000e+04,8.175264843750000000e+04,3.286826562500000000e+04,7.326189062500000000e+04,-7.961084774751564860e+07
3.754999999999999893e+00,-1.461736511654734159e+02,-5.714352674781324026e+00,-8.592217588281386043e+01,-1.705896289062500000e+04,4.779475021362304688e+01,1.992154541015625000e+03,2.902933061122894287e-01,7.833831012248992920e-02,3.889665007591247559e-01,3.213959932327270508e-01,1.461736511654734159e+02,5.714352674781324026e+00,8.592217588281386043e+01,0.000000000000000000e+00,0.000000000000000000e+00,0.000000000000000000e+00,2.902933061122894287e-01,7.833831012248992920e-02,3.889665007591247559e-01,3.213959932327270508e-01,8.912614062500000000e+04,8.186232812500000000e+04,3.275170703125000000e+04,7.328615625000000000e+04,-7.963962975794562697e+07
3.755999999999999783e+00,-1.290203517345657076e+02,-4.359355627941982725e+00,-8.449670088350544006e+01,-1.702646875000000000e+04,4.309696578979492188e+01,1.969482421875000000e+03,2.807517647743225098e-01,1.014301329851150513e-01,3.845362067222595215e-01,3.214798271656036377e-01,1.290203517345657076e+02,4.359355627941982725e+00,8.449670088350544006e+01,0.000000000000000000e+00,0.000000000000000000e+00,0.000000000000000000e+00,2.807517647743225098e-01,1.014301329851150513e-01,3.845362067222595215e-01,3.214798271656036377e-01,8.923444531250000000e+04,8.164158593750000000e+04,3.286784765625000000e+04,7.339517968750000000e+04,-7.966343470554903150e+07
3.757000000000000117e+00,-1.119765681374231434e+02,-2.614796230715426439e+00,-8.350771267137358222e+01,-1.698189062500000000e+04,3.488739776611328125e+01,2.011522094726562500e+03,2.753980159759521484e-01,1.255729496479034424e-01,3.734079897403717041e-01,3.189306259155273438e-01,1.119765681374231434e+02,2.614796230715426439e+00,8.350771267137358222e+01,0.000000000000000000e+00,0.000000000000000000e+00,0.000000000000000000e+00,2.753980159759521484e-01,1.255729496479034424e-01,3.734079897403717041e-01,3.189306259155273438e-01,8.935486718750000000e+04,8.140867968750000000e+04,3.297372265625000000e+04,7.351556250000000000e+04,-7.968295383259579539e+07
3.758000000000000007e+00,-9.497652885089284780e+01,-6.658966552876277589e-01,-8.307257589309462276e+01,-1.698586523437500000e+04,3.129746055603027344e+01,2.003930175781250000e+03,2.671027183532714844e-01,1.537950932979583740e-01,3.557510077953338623e-01,3.123584091663360596e-01,9.497652885089284780e+01,6.658966552876277589e-01,8.307257589309462276e+01,0.000000000000000000e+00,0.000000000000000000e+00,0.000000000000000000e+00,2.671027183532714844e-01,1.537950932979583740e-01,3.557510077953338623e-01,3.123584091663360596e-01,8.944885156250000000e+04,8.118521093750000000e+04,3.308679687500000000e+04,7.362643750000000000e+04,-7.969887586991222203e+07
3.758999999999999897e+00,-7.794400515522005435e+01,1.319216348184540921e+00,-8.323591172931332949e+01,-1.702988085937500000e+04,4.061272811889648438e+01,1.998758666992187500e+03,2.614690661430358887e-01,1.847741901874542236e-01,3.302002847194671631e-01,3.016967773437500000e-01,7.794400515522005435e+01,-1.319216348184540921e+00,8.323591172931332949e+01,0.000000000000000000e+00,0.000000000000000000e+00,0.000000000000000000e+00,2.614690661430358887e-01,1.847741901874542236e-01,3.302002847194671631e-01,3.016967773437500000e-01,8.948375781250000000e+04,8.096125000000000000e+04,3.320067968750000000e+04,7.373760156250000000e+04,-7.971188109518504143e+07
3.759999999999999787e+00,-6.084769564078084159e+01,3.168195639252806561e+00,-8.398805742429162535e+01,-1.706513085937500000e+04,5.305977630615234375e+01,2.002576171875000000e+03,2.555157542228698730e-01,2.195558845996856689e-01,2.971315383911132812e-01,2.863479554653167725e-01,6.084769564078084159e+01,-3.168195639252806561e+00,8.398805742429162535e+01,0.000000000000000000e+00,0.000000000000000000e+00,0.000000000000000000e+00,2.555157542228698730e-01,2.195558845996856689e-01,2.971315383911132812e-01,2.863479554653167725e-01,8.947785156250000000e+04,8.073492968750000000e+04,3.331174218750000000e+04,7.385064062500000000e+04,-7.972264756850335002e+07
3.761000000000000121e+00,-4.371745943460948070e+01,4.728800035639755706e+00,-8.527171786250680441e+01,-1.704007031250000000e+04,5.857315444946289062e+01,2.025362304687500000e+03,2.504384517669677734e-01,2.557007074356079102e-01,2.582099437713623047e-01,2.680741548538208008e-01,4.371745943460948070e+01,-4.728800035639755706e+00,8.527171786250680441e+01,0.000000000000000000e+00,0.000000000000000000e+00,0.000000000000000000e+00,2.504384517669677734e-01,2.557007074356079102e-01,2.582099437713623047e-01,2.680741548538208008e-01,8.943408593750000000e+04,8.062723437500000000e+04,3.342113671875000000e+04,7.396781250000000000e+04,-7.973185241217976809e+07
3.762000000000000011e+00,-2.656846806899547531e+01,5.840888942727634259e+00,-8.695108882060175404e+01,-1.699255273437500000e+04,5.346899795532226562e+01,2.014909545898437500e+03,2.473414540290832520e-01,2.902277410030364990e-01,2.167931944131851196e-01,2.494435757398605347e-01,2.656846806899547531e+01,-5.840888942727634259e+00,8.695108882060175404e+01,0.000000000000000000e+00,0.000000000000000000e+00,0.000000000000000000e+00,2.473414540290832520e-01,2.902277410030364990e-01,2.167931944131851196e-01,2.494435757398605347e-01,8.934787500000000000e+04,8.074155468750000000e+04,3.353501562500000000e+04,7.407867968750000000e+04,-7.974015290350602567e+07
3.762999999999999901e+00,-9.379966382083372523e+00,6.415645435016304354e+00,-8.889626947255179346e+01,-1.697906640625000000e+04,5.036454772949218750e+01,2.024429565429687500e+03,2.485758066177368164e-01,3.209367692470550537e-01,1.759613901376724243e-01,2.326288372278213501e-01,9.379966382083372523e+00,-6.415645435016304354e+00,8.889626947255179346e+01,0.000000000000000000e+00,0.000000000000000000e+00,0.000000000000000000e+00,2.485758066177368164e-01,3.209367692470550537e-01,1.759613901376724243e-01,2.326288372278213501e-01,8.924610156250000000e+04,8.085209375000000000e+04,3.364649218750000000e+04,7.419218750000000000e+04,-7.974818459450784326e+07
3.763999999999999790e+00,7.861716996965744109e+00,6.386751471536218361e+00,-9.089441330642607397e+01,-1.701718554687500000e+04,5.540000152587890625e+01,1.992442749023437500e+03,2.490854859352111816e-01,3.482442796230316162e-01,1.401944756507873535e-01,2.184711545705795288e-01,-7.861716996965744109e+00,-6.386751471536218361e+00,9.089441330642607397e+01,0.000000000000000000e+00,0.000000000000000000e+00,0.000000000000000000e+00,2.490854859352111816e-01,3.482442796230316162e-01,1.401944756507873535e-01,2.184711545705795288e-01,8.914727343750000000e+04,8.097046093750000000e+04,3.376446484375000000e+04,7.429911718750000000e+04,-7.975654898606666923e+07
3.765000000000000124e+00,2.512117321946690751e+01,5.759132200635987076e+00,-9.279409651484085941e+01,-1.705674414062500000e+04,6.574402618408203125e+01,1.996838012695312500e+03,2.521107196807861328e-01,3.728353381156921387e-01,1.101166531443595886e-01,2.065747529268264771e-01,-2.512117321946690751e+01,-5.759132200635987076e+00,9.279409651484085941e+01,0.000000000000000000e+00,0.000000000000000000e+00,0.000000000000000000e+00,2.521107196807861328e-01,3.728353381156921387e-01,1.101166531443595886e-01,2.065747529268264771e-01,8.906188281250000000e+04,8.108201562500000000e+04,3.387610937500000000e+04,7.433980468750000000e+04,-7.976582397136230767e+07
3.766000000000000014e+00,4.232033156032260734e+01,4.584797313372983574e+00,-9.443580045701567371e+01,-1.704939648437500000e+04,6.925757598876953125e+01,2.019276367187500000e+03,2.540493607521057129e-01,3.948173224925994873e-01,8.849212527275085449e-02,1.974645256996154785e-01,-4.232033156032260734e+01,-4.584797313372983574e+00,9.443580045701567371e+01,0.000000000000000000e+00,0.000000000000000000e+00,0.000000000000000000e+00,2.540493607521057129e-01,3.948173224925994873e-01,8.849212527275085449e-02,1.974645256996154785e-01,8.900189843750000000e+04,8.119064062500000000e+04,3.398526562500000000e+04,7.429375000000000000e+04,-7.977655412260004878e+07
3.766999999999999904e+00,5.940392102900821669e+01,2.992971958238422214e+00,-9.565801248179619165e+01,-1.700108007812500000e+04,5.897552871704101562e+01,2.011780395507812500e+03,2.576493620872497559e-01,4.142333567142486572e-01,7.481244206428527832e-02,1.910664439201354980e-01,-5.940392102900821669e+01,-2.992971958238422214e+00,9.565801248179619165e+01,0.000000000000000000e+00,0.000000000000000000e+00,0.000000000000000000e+00,2.576493620872497559e-01,4.142333567142486572e-01,7.481244206428527832e-02,1.910664439201354980e-01,8.895355468750000000e+04,8.130502343750000000e+04,3.395835937500000000e+04,7.417428906250000000e+04,-7.978924236166678369e+07
3.767999999999999794e+00,7.640612629996161331e+01,1.140798651807004571e+00,-9.635929183286694411e+01,-1.697521875000000000e+04,4.746830368041992188e+01,1.987013427734375000e+03,2.661758959293365479e-01,4.316038191318511963e-01,6.759019941091537476e-02,1.868674755096435547e-01,-7.640612629996161331e+01,-1.140798651807004571e+00,9.635929183286694411e+01,0.000000000000000000e+00,0.000000000000000000e+00,0.000000000000000000e+00,2.661758959293365479e-01,4.316038191318511963e-01,6.759019941091537476e-02,1.868674755096435547e-01,8.892796875000000000e+04,8.142109375000000000e+04,3.382302734375000000e+04,7.400667187500000000e+04,-7.980436667234703898e+07
3.769000000000000128e+00,9.341079006101080040e+01,-8.448783751947349652e-01,-9.649221961186560748e+01,-1.700261523437500000e+04,4.397238159179687500e+01,1.996956298828125000e+03,2.756496667861938477e-01,4.473185837268829346e-01,6.582369655370712280e-02,1.844607144594192505e-01,-9.341079006101080040e+01,8.448783751947349652e-01,9.649221961186560748e+01,0.000000000000000000e+00,0.000000000000000000e+00,0.000000000000000000e+00,2.756496667861938477e-01,4.473185837268829346e-01,6.582369655370712280e-02,1.844607144594192505e-01,8.897068750000000000e+04,8.153205468750000000e+04,3.362357031250000000e+04,7.381762500000000000e+04,-7.982240371031194925e+07
3.770000000000000018e+00,1.104759250536457387e+02,-2.779044788104452657e+00,-9.603389724164122754e+01,-1.704892773437500000e+04,4.811232376098632812e+01,1.994444946289062500e+03,2.783394455909729004e-01,4.604693353176116943e-01,6.821615248918533325e-02,1.848468929529190063e-01,-1.104759250536457387e+02,2.779044788104452657e+00,9.603389724164122754e+01,0.000000000000000000e+00,0.000000000000000000e+00,0.000000000000000000e+00,2.783394455909729004e-01,4.604693353176116943e-01,6.821615248918533325e-02,1.848468929529190063e-01,8.907620312500000000e+04,8.164567968750000000e+04,3.341740625000000000e+04,7.361298437500000000e+04,-7.984383887283776700e+07
3.770999999999999908e+00,1.276012570565048492e+02,-4.507015690452170986e+00,-9.501655383235784313e+01,-1.705894335937500000e+04,4.914208221435546875e+01,2.010974609375000000e+03,2.763371467590332031e-01,4.708803892135620117e-01,7.172061502933502197e-02,1.878145784139633179e-01,-1.276012570565048492e+02,4.507015690452170986e+00,9.501655383235784313e+01,0.000000000000000000e+00,0.000000000000000000e+00,0.000000000000000000e+00,2.763371467590332031e-01,4.708803892135620117e-01,7.172061502933502197e-02,1.878145784139633179e-01,8.919182031250000000e+04,8.175460156250000000e+04,3.323220312500000000e+04,7.341802343750000000e+04,-7.986916941233277321e+07
3.771999999999999797e+00,1.447558692291818545e+02,-5.865721671429166229e+00,-9.353590851420617014e+01,-1.701901562500000000e+04,4.093964385986328125e+01,2.012054687500000000e+03,2.683607637882232666e-01,4.778237044811248779e-01,7.496946305036544800e-02,1.935925632715225220e-01,-1.447558692291818545e+02,5.865721671429166229e+00,9.353590851420617014e+01,0.000000000000000000e+00,0.000000000000000000e+00,0.000000000000000000e+00,2.683607637882232666e-01,4.778237044811248779e-01,7.496946305036544800e-02,1.935925632715225220e-01,8.929760156250000000e+04,8.186723437500000000e+04,3.308361718750000000e+04,7.324773437500000000e+04,-7.989890704688137770e+07
3.773000000000000131e+00,1.619354455023826915e+02,-6.728446993258785369e+00,-9.174819473356272681e+01,-1.698179101562500000e+04,2.626684379577636719e+01,1.982355102539062500e+03,2.586547732353210449e-01,4.819073975086212158e-01,7.678548991680145264e-02,2.009538710117340088e-01,-1.619354455023826915e+02,6.728446993258785369e+00,9.174819473356272681e+01,0.000000000000000000e+00,0.000000000000000000e+00,0.000000000000000000e+00,2.586547732353210449e-01,4.819073975086212158e-01,7.678548991680145264e-02,2.009538710117340088e-01,8.934022656250000000e+04,8.198525781250000000e+04,3.297070312500000000e+04,7.312056250000000000e+04,-7.993359313862724602e+07
3.774000000000000021e+00,1.791742226359169479e+02,-7.035541782676209444e+00,-8.976454865561716190e+01,-1.699934960937500000e+04,2.035149765014648438e+01,2.000372802734375000e+03,2.491594702005386353e-01,4.839509427547454834e-01,7.708323001861572266e-02,2.085277587175369263e-01,-1.791742226359169479e+02,7.035541782676209444e+00,8.976454865561716190e+01,0.000000000000000000e+00,0.000000000000000000e+00,0.000000000000000000e+00,2.491594702005386353e-01,4.839509427547454834e-01,7.708323001861572266e-02,2.085277587175369263e-01,8.931998437500000000e+04,8.209405468750000000e+04,3.286700781250000000e+04,7.306078125000000000e+04,-7.997380371372795105e+07
3.774999999999999911e+00,-1.635363828899228338e+02,-6.742558900432876534e+00,-8.778008644615657374e+01,-1.704962304687500000e+04,2.228944396972656250e+01,1.999045776367187500e+03,2.353023290634155273e-01,4.850904047489166260e-01,7.577373832464218140e-02,2.139951884746551514e-01,1.635363828899228338e+02,6.742558900432876534e+00,8.778008644615657374e+01,0.000000000000000000e+00,0.000000000000000000e+00,0.000000000000000000e+00,2.353023290634155273e-01,4.850904047489166260e-01,7.577373832464218140e-02,2.139951884746551514e-01,8.922942968750000000e+04,8.220722656250000000e+04,3.277220703125000000e+04,7.305521093750000000e+04,-8.000829866793368757e+07
3.775999999999999801e+00,-1.462626269166321435e+02,-5.875911211026273229e+00,-8.597650762321703155e+01,-1.707381445312500000e+04,2.436743545532226562e+01,1.998369750976562500e+03,2.889419496059417725e-01,7.716326415538787842e-02,3.900469541549682617e-01,3.227883279323577881e-01,1.462626269166321435e+02,5.875911211026273229e+00,8.597650762321703155e+01,0.000000000000000000e+00,0.000000000000000000e+00,0.000000000000000000e+00,2.889419496059417725e-01,7.716326415538787842e-02,3.900469541549682617e-01,3.227883279323577881e-01,8.904004687500000000e+04,8.231984375000000000e+04,3.266744726562500000e+04,7.308988281250000000e+04,-8.003711791016188264e+07
3.777000000000000135e+00,-1.290841889642409228e+02,-4.522534183167596922e+00,-8.450739408016146115e+01,-1.704357421875000000e+04,1.538695716857910156e+01,2.000322753906250000e+03,2.805519998073577881e-01,9.928340464830398560e-02,3.858306407928466797e-01,3.236727118492126465e-01,1.290841889642409228e+02,4.522534183167596922e+00,8.450739408016146115e+01,0.000000000000000000e+00,0.000000000000000000e+00,0.000000000000000000e+00,2.805519998073577881e-01,9.928340464830398560e-02,3.858306407928466797e-01,3.236727118492126465e-01,8.915289062500000000e+04,8.209418750000000000e+04,3.278017968750000000e+04,7.320240625000000000e+04,-8.006094259097209573e+07
3.778000000000000025e+00,-1.120181674100597178e+02,-2.803110980374366346e+00,-8.349184606464541503e+01,-1.699941796875000000e+04,1.166323900222778320e+00,2.003208007812500000e+03,2.736681699752807617e-01,1.233916208148002625e-01,3.752562701702117920e-01,3.215735554695129395e-01,1.120181674100597178e+02,2.803110980374366346e+00,8.349184606464541503e+01,0.000000000000000000e+00,0.000000000000000000e+00,0.000000000000000000e+00,2.736681699752807617e-01,1.233916208148002625e-01,3.752562701702117920e-01,3.215735554695129395e-01,8.926563281250000000e+04,8.186921875000000000e+04,3.289142187500000000e+04,7.331576562500000000e+04,-8.008046940659245849e+07
3.778999999999999915e+00,-9.499948075081246657e+01,-8.692131730186616334e-01,-8.301957728820477200e+01,-1.700183789062500000e+04,-7.267467498779296875e+00,1.997973388671875000e+03,2.677790820598602295e-01,1.502112746238708496e-01,3.576656281948089600e-01,3.159481883049011230e-01,9.499948075081246657e+01,8.692131730186616334e-01,8.301957728820477200e+01,0.000000000000000000e+00,0.000000000000000000e+00,0.000000000000000000e+00,2.677790820598602295e-01,1.502112746238708496e-01,3.576656281948089600e-01,3.159481883049011230e-01,8.935029687500000000e+04,8.164432031250000000e+04,3.300548828125000000e+04,7.342821875000000000e+04,-8.009638731368003786e+07
3.779999999999999805e+00,-7.794801469266926119e+01,1.150478286353646906e+00,-8.314200929506480975e+01,-1.704939648437500000e+04,-2.029230594635009766e+00,2.030883056640625000e+03,2.620672583580017090e-01,1.806741654872894287e-01,3.325992226600646973e-01,3.060382902622222900e-01,7.794801469266926119e+01,-1.150478286353646906e+00,8.314200929506480975e+01,0.000000000000000000e+00,0.000000000000000000e+00,0.000000000000000000e+00,2.620672583580017090e-01,1.806741654872894287e-01,3.325992226600646973e-01,3.060382902622222900e-01,8.939764062500000000e+04,8.141387500000000000e+04,3.311212500000000000e+04,7.354578906250000000e+04,-8.010937712398447096e+07
3.781000000000000139e+00,-6.083810901700184104e+01,3.011854343281589408e+00,-8.384777545960824341e+01,-1.708255664062500000e+04,5.108972072601318359e+00,1.997896240234375000e+03,2.537200450897216797e-01,2.156316041946411133e-01,3.004225492477416992e-01,2.913142144680023193e-01,6.083810901700184104e+01,-3.011854343281589408e+00,8.384777545960824341e+01,0.000000000000000000e+00,0.000000000000000000e+00,0.000000000000000000e+00,2.537200450897216797e-01,2.156316041946411133e-01,3.004225492477416992e-01,2.913142144680023193e-01,8.939225000000000000e+04,8.119494531250000000e+04,3.323072265625000000e+04,7.365233593750000000e+04,-8.012011792020934820e+07
3.782000000000000028e+00,-4.369237006045864291e+01,4.598445459554686643e+00,-8.508762820403077853e+01,-1.706169335937500000e+04,7.476913452148437500e+00,2.019318481445312500e+03,2.509635090827941895e-01,2.509183585643768311e-01,2.610942423343658447e-01,2.736314833164215088e-01,4.369237006045864291e+01,-4.598445459554686643e+00,8.508762820403077853e+01,0.000000000000000000e+00,0.000000000000000000e+00,0.000000000000000000e+00,2.509635090827941895e-01,2.509183585643768311e-01,2.610942423343658447e-01,2.736314833164215088e-01,8.933647656250000000e+04,8.104621875000000000e+04,3.333975000000000000e+04,7.376834375000000000e+04,-8.012928799358488619e+07
3.782999999999999918e+00,-2.652858775872698160e+01,5.752042843737031674e+00,-8.673453663133372515e+01,-1.701347460937500000e+04,-2.505823969841003418e-01,2.012610229492187500e+03,2.478020191192626953e-01,2.853673100471496582e-01,2.196985185146331787e-01,2.554233670234680176e-01,2.652858775872698160e+01,-5.752042843737031674e+00,8.673453663133372515e+01,0.000000000000000000e+00,0.000000000000000000e+00,0.000000000000000000e+00,2.478020191192626953e-01,2.853673100471496582e-01,2.196985185146331787e-01,2.554233670234680176e-01,8.925731250000000000e+04,8.116014062500000000e+04,3.345339843750000000e+04,7.388063281250000000e+04,-8.013754772539488971e+07
3.783999999999999808e+00,-9.325637937233869579e+00,6.375492124957096607e+00,-8.865176321557443373e+01,-1.699866601562500000e+04,-6.311916828155517578e+00,2.013207397460937500e+03,2.487728446722030640e-01,3.161166012287139893e-01,1.787224858999252319e-01,2.388548552989959717e-01,9.325637937233869579e+00,-6.375492124957096607e+00,8.865176321557443373e+01,0.000000000000000000e+00,0.000000000000000000e+00,0.000000000000000000e+00,2.487728446722030640e-01,3.161166012287139893e-01,1.787224858999252319e-01,2.388548552989959717e-01,8.915878906250000000e+04,8.127316406250000000e+04,3.356615234375000000e+04,7.399326562500000000e+04,-8.014553447493888438e+07
3.785000000000000142e+00,7.939308512496984882e+00,6.403577597054940007e+00,-9.064949626111959446e+01,-1.704089843750000000e+04,-4.077674388885498047e+00,1.992859375000000000e+03,2.498393058776855469e-01,3.434768915176391602e-01,1.423602700233459473e-01,2.247721254825592041e-01,-7.939308512496984882e+00,-6.403577597054940007e+00,9.064949626111959446e+01,0.000000000000000000e+00,0.000000000000000000e+00,0.000000000000000000e+00,2.498393058776855469e-01,3.434768915176391602e-01,1.423602700233459473e-01,2.247721254825592041e-01,8.906571093750000000e+04,8.138827343750000000e+04,3.368137890625000000e+04,7.410180468750000000e+04,-8.015385584453697503e+07
3.786000000000000032e+00,2.522644301560620050e+01,5.830763101002581550e+00,-9.256549299076826287e+01,-1.708122656250000000e+04,5.239711761474609375e+00,1.996712280273437500e+03,2.519979476928710938e-01,3.680271804332733154e-01,1.121605485677719116e-01,2.130980193614959717e-01,-2.522644301560620050e+01,-5.830763101002581550e+00,9.256549299076826287e+01,0.000000000000000000e+00,0.000000000000000000e+00,0.000000000000000000e+00,2.519979476928710938e-01,3.680271804332733154e-01,1.121605485677719116e-01,2.130980193614959717e-01,8.898713281250000000e+04,8.150053125000000000e+04,3.379376953125000000e+04,7.419270312500000000e+04,-8.016309458625516295e+07
3.786999999999999922e+00,4.245123103556965560e+01,4.731752251199784709e+00,-9.420214694599287952e+01,-1.707245117187500000e+04,5.277113914489746094e+00,1.972905639648437500e+03,2.538731694221496582e-01,3.901361823081970215e-01,9.001928567886352539e-02,2.039003074169158936e-01,-4.245123103556965560e+01,-4.731752251199784709e+00,9.420214694599287952e+01,0.000000000000000000e+00,0.000000000000000000e+00,0.000000000000000000e+00,2.538731694221496582e-01,3.901361823081970215e-01,9.001928567886352539e-02,2.039003074169158936e-01,8.892070312500000000e+04,8.161733593750000000e+04,3.390946093750000000e+04,7.419134375000000000e+04,-8.017379312724019587e+07
3.787999999999999812e+00,5.956411359541476003e+01,3.177557819461689803e+00,-9.546783844711124800e+01,-1.702384765625000000e+04,-3.549767971038818359e+00,2.009823242187500000e+03,2.606671750545501709e-01,4.098714590072631836e-01,7.494799047708511353e-02,1.971178650856018066e-01,-5.956411359541476003e+01,-3.177557819461689803e+00,9.546783844711124800e+01,0.000000000000000000e+00,0.000000000000000000e+00,0.000000000000000000e+00,2.606671750545501709e-01,4.098714590072631836e-01,7.494799047708511353e-02,1.971178650856018066e-01,8.888028906250000000e+04,8.172317187500000000e+04,3.389101562500000000e+04,7.413114062500000000e+04,-8.018646521592006087e+07
3.789000000000000146e+00,7.659455787931534587e+01,1.354827581633746725e+00,-9.621935382012711102e+01,-1.699904687500000000e+04,-1.627275085449218750e+01,1.978529541015625000e+03,2.658303380012512207e-01,4.270214438438415527e-01,6.815044581890106201e-02,1.931705772876739502e-01,-7.659455787931534587e+01,-1.354827581633746725e+00,9.621935382012711102e+01,0.000000000000000000e+00,0.000000000000000000e+00,0.000000000000000000e+00,2.658303380012512207e-01,4.270214438438415527e-01,6.815044581890106201e-02,1.931705772876739502e-01,8.887719531250000000e+04,8.184140625000000000e+04,3.375867968750000000e+04,7.400892968750000000e+04,-8.020159194182412326e+07
3.790000000000000036e+00,9.362392014470538015e+01,-5.959920488857733956e-01,-9.640495768545673627e+01,-1.702647460937500000e+04,-1.868457984924316406e+01,1.966770019531250000e+03,2.757970690727233887e-01,4.428760409355163574e-01,6.611222773790359497e-02,1.906130164861679077e-01,-9.362392014470538015e+01,5.959920488857733956e-01,9.640495768545673627e+01,0.000000000000000000e+00,0.000000000000000000e+00,0.000000000000000000e+00,2.757970690727233887e-01,4.428760409355163574e-01,6.611222773790359497e-02,1.906130164861679077e-01,8.891528125000000000e+04,8.195564062500000000e+04,3.357009375000000000e+04,7.386332031250000000e+04,-8.021965165132024884e+07
3.790999999999999925e+00,1.107116374180384497e+02,-2.512058326816216880e+00,-9.600463824600296903e+01,-1.707520117187500000e+04,-1.270164012908935547e+01,1.964630371093750000e+03,2.802951335906982422e-01,4.565393030643463135e-01,6.812239438295364380e-02,1.903661787509918213e-01,-1.107116374180384497e+02,2.512058326816216880e+00,9.600463824600296903e+01,0.000000000000000000e+00,0.000000000000000000e+00,0.000000000000000000e+00,2.802951335906982422e-01,4.565393030643463135e-01,6.812239438295364380e-02,1.903661787509918213e-01,8.902341406250000000e+04,8.206842968750000000e+04,3.336709375000000000e+04,7.370407031250000000e+04,-8.024113191898182034e+07
3.791999999999999815e+00,1.278493329997837122e+02,-4.239864787555229775e+00,-9.504572003141481673e+01,-1.707952539062500000e+04,-1.007699298858642578e+01,1.982547119140625000e+03,2.784089446067810059e-01,4.673061966896057129e-01,7.166545838117599487e-02,1.928721368312835693e-01,-1.278493329997837122e+02,4.239864787555229775e+00,9.504572003141481673e+01,0.000000000000000000e+00,0.000000000000000000e+00,0.000000000000000000e+00,2.784089446067810059e-01,4.673061966896057129e-01,7.166545838117599487e-02,1.928721368312835693e-01,8.913978906250000000e+04,8.217863281250000000e+04,3.318183203125000000e+04,7.355046093750000000e+04,-8.026652903628002107e+07
3.793000000000000149e+00,1.450139420115049234e+02,-5.608367357517097140e+00,-9.362587895066999977e+01,-1.704104882812500000e+04,-1.656969642639160156e+01,1.975402832031250000e+03,2.705923914909362793e-01,4.745995402336120605e-01,7.500675320625305176e-02,1.981975585222244263e-01,-1.450139420115049234e+02,5.608367357517097140e+00,9.362587895066999977e+01,0.000000000000000000e+00,0.000000000000000000e+00,0.000000000000000000e+00,2.705923914909362793e-01,4.745995402336120605e-01,7.500675320625305176e-02,1.981975585222244263e-01,8.925067187500000000e+04,8.229156250000000000e+04,3.303544921875000000e+04,7.341401562500000000e+04,-8.029635533865143359e+07
3.794000000000000039e+00,1.622078185353589959e+02,-6.509833230166718110e+00,-9.185853074869250179e+01,-1.700562109375000000e+04,-2.641838836669921875e+01,1.982264038085937500e+03,2.615233063697814941e-01,4.789919853210449219e-01,7.698299735784530640e-02,2.052143365144729614e-01,-1.622078185353589959e+02,6.509833230166718110e+00,9.185853074869250179e+01,0.000000000000000000e+00,0.000000000000000000e+00,0.000000000000000000e+00,2.615233063697814941e-01,4.789919853210449219e-01,7.698299735784530640e-02,2.052143365144729614e-01,8.931697656250000000e+04,8.240319531250000000e+04,3.291683593750000000e+04,7.332338281250000000e+04,-8.033114708264543116e+07
3.794999999999999929e+00,1.794543640651145040e+02,-6.846678287245929972e+00,-8.994716412815309070e+01,-1.702263867187500000e+04,-3.011927223205566406e+01,1.934918945312500000e+03,2.494499832391738892e-01,4.813166856765747070e-01,7.756948471069335938e-02,2.122822999954223633e-01,-1.794543640651145040e+02,6.846678287245929972e+00,8.994716412815309070e+01,0.000000000000000000e+00,0.000000000000000000e+00,0.000000000000000000e+00,2.494499832391738892e-01,4.813166856765747070e-01,7.756948471069335938e-02,2.122822999954223633e-01,8.930688281250000000e+04,8.252419531250000000e+04,3.282784375000000000e+04,7.327897656250000000e+04,-8.037148832076571882e+07
3.795999999999999819e+00,-1.632424335783602771e+02,-6.593507280844690399e+00,-8.799148308834504917e+01,-1.707266601562500000e+04,-2.333432579040527344e+01,1.965806518554687500e+03,2.399312853813171387e-01,4.827877581119537354e-01,7.658050209283828735e-02,2.178353667259216309e-01,1.632424335783602771e+02,6.593507280844690399e+00,8.799148308834504917e+01,0.000000000000000000e+00,0.000000000000000000e+00,0.000000000000000000e+00,2.399312853813171387e-01,4.827877581119537354e-01,7.658050209283828735e-02,2.178353667259216309e-01,8.922488281250000000e+04,8.263083593750000000e+04,3.273146875000000000e+04,7.330237500000000000e+04,-8.040592238832065463e+07
3.797000000000000153e+00,-1.459537334048733896e+02,-5.771454050630541843e+00,-8.620965855064793004e+01,-1.709513281250000000e+04,-1.744946289062500000e+01,1.960080078125000000e+03,2.915717959403991699e-01,7.403897494077682495e-02,3.900229632854461670e-01,3.251088857650756836e-01,1.459537334048733896e+02,5.771454050630541843e+00,8.620965855064793004e+01,0.000000000000000000e+00,0.000000000000000000e+00,0.000000000000000000e+00,2.915717959403991699e-01,7.403897494077682495e-02,3.900229632854461670e-01,3.251088857650756836e-01,8.906837500000000000e+04,8.274475781250000000e+04,3.263670898437500000e+04,7.335962500000000000e+04,-8.043469029552474618e+07
3.798000000000000043e+00,-1.287589025322614020e+02,-4.458226528774633657e+00,-8.474634829343676756e+01,-1.706269140625000000e+04,-2.151842117309570312e+01,1.968968505859375000e+03,2.835358977317810059e-01,9.621129930019378662e-02,3.857143223285675049e-01,3.259527087211608887e-01,1.287589025322614020e+02,4.458226528774633657e+00,8.474634829343676756e+01,0.000000000000000000e+00,0.000000000000000000e+00,0.000000000000000000e+00,2.835358977317810059e-01,9.621129930019378662e-02,3.857143223285675049e-01,3.259527087211608887e-01,8.918325781250000000e+04,8.251803906250000000e+04,3.274734570312500000e+04,7.347301562500000000e+04,-8.045847096983891726e+07
3.798999999999999932e+00,-1.116718579487025380e+02,-2.785485332518943924e+00,-8.373561225590930235e+01,-1.702153515625000000e+04,-3.002309989929199219e+01,1.960302246093750000e+03,2.762286067008972168e-01,1.207279935479164124e-01,3.751438856124877930e-01,3.236484527587890625e-01,1.116718579487025380e+02,2.785485332518943924e+00,8.373561225590930235e+01,0.000000000000000000e+00,0.000000000000000000e+00,0.000000000000000000e+00,2.762286067008972168e-01,1.207279935479164124e-01,3.751438856124877930e-01,3.236484527587890625e-01,8.929376562500000000e+04,8.229423437500000000e+04,3.286190625000000000e+04,7.358378125000000000e+04,-8.047796098538504541e+07
3.799999999999999822e+00,-9.463286121914006799e+01,-8.957078389860009260e-01,-8.326045341994145588e+01,-1.702209570312500000e+04,-3.259849929809570312e+01,1.955447021484375000e+03,2.708862125873565674e-01,1.477620303630828857e-01,3.574183881282806396e-01,3.178455233573913574e-01,9.463286121914006799e+01,8.957078389860009260e-01,8.326045341994145588e+01,0.000000000000000000e+00,0.000000000000000000e+00,0.000000000000000000e+00,2.708862125873565674e-01,1.477620303630828857e-01,3.574183881282806396e-01,3.178455233573913574e-01,8.939676562500000000e+04,8.207058593750000000e+04,3.297526562500000000e+04,7.369594531250000000e+04,-8.049384946920379996e+07
3.801000000000000156e+00,-7.756048733095262548e+01,1.054495686887455097e+00,-8.337088677544014104e+01,-1.707057226562500000e+04,-2.266048431396484375e+01,1.960440429687500000e+03,2.650819420814514160e-01,1.787376403808593750e-01,3.322696983814239502e-01,3.076528608798980713e-01,7.756048733095262548e+01,-1.054495686887455097e+00,8.337088677544014104e+01,0.000000000000000000e+00,0.000000000000000000e+00,0.000000000000000000e+00,2.650819420814514160e-01,1.787376403808593750e-01,3.322696983814239502e-01,3.076528608798980713e-01,8.945989843750000000e+04,8.184388281250000000e+04,3.308708203125000000e+04,7.381000781250000000e+04,-8.050681691512168944e+07
3.802000000000000046e+00,-6.043117528312358644e+01,2.906354209021257518e+00,-8.407422850796172042e+01,-1.710329882812500000e+04,-7.546147346496582031e+00,1.988125854492187500e+03,2.582960128784179688e-01,2.137593030929565430e-01,2.997258603572845459e-01,2.927917242050170898e-01,6.043117528312358644e+01,-2.906354209021257518e+00,8.407422850796172042e+01,0.000000000000000000e+00,0.000000000000000000e+00,0.000000000000000000e+00,2.582960128784179688e-01,2.137593030929565430e-01,2.997258603572845459e-01,2.927917242050170898e-01,8.948550000000000000e+04,8.161437500000000000e+04,3.319528906250000000e+04,7.392659375000000000e+04,-8.051754576486179233e+07
3.802999999999999936e+00,-4.327075452337543737e+01,4.444732456163950296e+00,-8.528323176296403574e+01,-1.708124804687500000e+04,-1.400153398513793945e+00,1.962309204101562500e+03,2.516587376594543457e-01,2.505952417850494385e-01,2.612758874893188477e-01,2.746870219707489014e-01,4.327075452337543737e+01,-4.444732456163950296e+00,8.528323176296403574e+01,0.000000000000000000e+00,0.000000000000000000e+00,0.000000000000000000e+00,2.516587376594543457e-01,2.505952417850494385e-01,2.612758874893188477e-01,2.746870219707489014e-01,8.945182812500000000e+04,8.145124218750000000e+04,3.331157421875000000e+04,7.403439843750000000e+04,-8.052671110832536221e+07
3.803999999999999826e+00,-2.609512920296123539e+01,5.561176417162341679e+00,-8.689855703732786196e+01,-1.703308398437500000e+04,-2.324097394943237305e+00,1.965749023437500000e+03,2.513249814510345459e-01,2.851324677467346191e-01,2.188383787870407104e-01,2.560875713825225830e-01,2.609512920296123539e+01,-5.561176417162341679e+00,8.689855703732786196e+01,0.000000000000000000e+00,0.000000000000000000e+00,0.000000000000000000e+00,2.513249814510345459e-01,2.851324677467346191e-01,2.188383787870407104e-01,2.560875713825225830e-01,8.937751562500000000e+04,8.155519531250000000e+04,3.342397265625000000e+04,7.414757812500000000e+04,-8.053497434999179840e+07
3.805000000000000160e+00,-8.880252801824282116e+00,6.151848711944862380e+00,-8.877570530605827059e+01,-1.702166015625000000e+04,-2.186259269714355469e+00,1.965757324218750000e+03,2.515211105346679688e-01,3.165991604328155518e-01,1.781080663204193115e-01,2.391861528158187866e-01,8.880252801824282116e+00,-6.151848711944862380e+00,8.877570530605827059e+01,0.000000000000000000e+00,0.000000000000000000e+00,0.000000000000000000e+00,2.515211105346679688e-01,3.165991604328155518e-01,1.781080663204193115e-01,2.391861528158187866e-01,8.930067968750000000e+04,8.166806250000000000e+04,3.353563671875000000e+04,7.426100000000000000e+04,-8.054297217997679114e+07
3.806000000000000050e+00,8.391557957038093818e+00,6.153449568171155626e+00,-9.073178415869963942e+01,-1.706050585937500000e+04,6.718967437744140625e+00,1.951999511718750000e+03,2.524453401565551758e-01,3.445253968238830566e-01,1.418492943048477173e-01,2.247326821088790894e-01,-8.391557957038093818e+00,-6.153449568171155626e+00,9.073178415869963942e+01,0.000000000000000000e+00,0.000000000000000000e+00,0.000000000000000000e+00,2.524453401565551758e-01,3.445253968238830566e-01,1.418492943048477173e-01,2.247326821088790894e-01,8.922596875000000000e+04,8.178327343750000000e+04,3.365108984375000000e+04,7.437091406250000000e+04,-8.055131271981994808e+07
3.806999999999999940e+00,2.568838488285721766e+01,5.561888927906290192e+00,-9.259919171013955008e+01,-1.710457421875000000e+04,2.125255012512207031e+01,1.956705810546875000e+03,2.542104125022888184e-01,3.695960044860839844e-01,1.119382381439208984e-01,2.126262336969375610e-01,-2.568838488285721766e+01,-5.561888927906290192e+00,9.259919171013955008e+01,0.000000000000000000e+00,0.000000000000000000e+00,0.000000000000000000e+00,2.542104125022888184e-01,3.695960044860839844e-01,1.119382381439208984e-01,2.126262336969375610e-01,8.916154687500000000e+04,8.189442187500000000e+04,3.376232812500000000e+04,7.445507031250000000e+04,-8.056057815785165131e+07
3.807999999999999829e+00,4.292191352599180476e+01,4.448999800780472746e+00,-9.418785107922388988e+01,-1.709327929687500000e+04,2.737094116210937500e+01,1.941706176757812500e+03,2.559995055198669434e-01,3.921041786670684814e-01,9.008198976516723633e-02,2.030401676893234253e-01,-4.292191352599180476e+01,-4.448999800780472746e+00,9.418785107922388988e+01,0.000000000000000000e+00,0.000000000000000000e+00,0.000000000000000000e+00,2.559995055198669434e-01,3.921041786670684814e-01,9.008198976516723633e-02,2.030401676893234253e-01,8.910910156250000000e+04,8.200992187500000000e+04,3.387795312500000000e+04,7.444471093750000000e+04,-8.057131159340253472e+07
3.809000000000000163e+00,6.004422093267640292e+01,2.918654168586605202e+00,-9.537841040773369627e+01,-1.704417968750000000e+04,2.344437980651855469e+01,1.944402832031250000e+03,2.623593807220458984e-01,4.122224152088165283e-01,7.538317888975143433e-02,1.957756876945495605e-01,-6.004422093267640292e+01,-2.918654168586605202e+00,9.537841040773369627e+01,0.000000000000000000e+00,0.000000000000000000e+00,0.000000000000000000e+00,2.623593807220458984e-01,4.122224152088165283e-01,7.538317888975143433e-02,1.957756876945495605e-01,8.907264062500000000e+04,8.212179687500000000e+04,3.386585937500000000e+04,7.436687500000000000e+04,-8.058402246158400178e+07
3.810000000000000053e+00,7.709080350414876648e+01,1.098834433284864742e+00,-9.607531593947027204e+01,-1.702051367187500000e+04,1.667753791809082031e+01,1.955649658203125000e+03,2.701531052589416504e-01,4.300337433815002441e-01,6.808239966630935669e-02,1.909103244543075562e-01,-7.709080350414876648e+01,-1.098834433284864742e+00,9.607531593947027204e+01,0.000000000000000000e+00,0.000000000000000000e+00,0.000000000000000000e+00,2.701531052589416504e-01,4.300337433815002441e-01,6.808239966630935669e-02,1.909103244543075562e-01,8.908479687500000000e+04,8.223233593750000000e+04,3.373082421875000000e+04,7.423660937500000000e+04,-8.059919712733890116e+07
3.810999999999999943e+00,9.414355066162197261e+01,-8.253986832524335959e-01,-9.620324567586449405e+01,-1.705083398437500000e+04,1.956325149536132812e+01,1.935519042968750000e+03,2.767737507820129395e-01,4.457121193408966064e-01,6.670434772968292236e-02,1.884014755487442017e-01,-9.414355066162197261e+01,8.253986832524335959e-01,9.620324567586449405e+01,0.000000000000000000e+00,0.000000000000000000e+00,0.000000000000000000e+00,2.767737507820129395e-01,4.457121193408966064e-01,6.670434772968292236e-02,1.884014755487442017e-01,8.914596875000000000e+04,8.234886718750000000e+04,3.354367187500000000e+04,7.406688281250000000e+04,-8.061731588123163581e+07
3.811999999999999833e+00,1.112594367272397022e+02,-2.688546945070108940e+00,-9.575387935313470678e+01,-1.710051367187500000e+04,2.864132308959960938e+01,1.923440917968750000e+03,2.815285325050354004e-01,4.595190286636352539e-01,6.845013797283172607e-02,1.877857744693756104e-01,-1.112594367272397022e+02,2.688546945070108940e+00,9.575387935313470678e+01,0.000000000000000000e+00,0.000000000000000000e+00,0.000000000000000000e+00,2.815285325050354004e-01,4.595190286636352539e-01,6.845013797283172607e-02,1.877857744693756104e-01,8.925442187500000000e+04,8.246262500000000000e+04,3.334694921875000000e+04,7.388380468750000000e+04,-8.063887057718834281e+07
3.813000000000000167e+00,1.284275800744700291e+02,-4.354690146627838487e+00,-9.475355386930640123e+01,-1.710505468750000000e+04,3.709350585937500000e+01,1.949257324218750000e+03,2.799902558326721191e-01,4.701911509037017822e-01,7.157299667596817017e-02,1.901352703571319580e-01,-1.284275800744700291e+02,4.354690146627838487e+00,9.475355386930640123e+01,0.000000000000000000e+00,0.000000000000000000e+00,0.000000000000000000e+00,2.799902558326721191e-01,4.701911509037017822e-01,7.157299667596817017e-02,1.901352703571319580e-01,8.937081250000000000e+04,8.257110937500000000e+04,3.316444531250000000e+04,7.370763281250000000e+04,-8.066436141980926692e+07
3.814000000000000057e+00,1.456173246817174345e+02,-5.650683069524062851e+00,-9.331159871338425660e+01,-1.706236914062500000e+04,3.125966644287109375e+01,1.941579467773437500e+03,2.712823152542114258e-01,4.774468839168548584e-01,7.451342046260833740e-02,1.950739026069641113e-01,-1.456173246817174345e+02,5.650683069524062851e+00,9.331159871338425660e+01,0.000000000000000000e+00,0.000000000000000000e+00,0.000000000000000000e+00,2.712823152542114258e-01,4.774468839168548584e-01,7.451342046260833740e-02,1.950739026069641113e-01,8.948210156250000000e+04,8.268548437500000000e+04,3.301659375000000000e+04,7.354750000000000000e+04,-8.069430480973032117e+07
3.814999999999999947e+00,1.628370436276827604e+02,-6.475716470778032807e+00,-9.153602276203592680e+01,-1.703050976562500000e+04,2.490396881103515625e+01,1.955912475585937500e+03,2.622305452823638916e-01,4.816224277019500732e-01,7.610531151294708252e-02,2.020118534564971924e-01,-1.628370436276827604e+02,6.475716470778032807e+00,9.153602276203592680e+01,0.000000000000000000e+00,0.000000000000000000e+00,0.000000000000000000e+00,2.622305452823638916e-01,4.816224277019500732e-01,7.610531151294708252e-02,2.020118534564971924e-01,8.954782031250000000e+04,8.279491406250000000e+04,3.289456250000000000e+04,7.343122656250000000e+04,-8.072924149087463319e+07
3.815999999999999837e+00,-1.798903742915704527e+02,-6.737173540990487375e+00,-8.962274671854882513e+01,-1.705084960937500000e+04,2.334020996093750000e+01,1.925426879882812500e+03,2.496142536401748657e-01,4.839079380035400391e-01,7.632779330015182495e-02,2.086930871009826660e-01,1.798903742915704527e+02,6.737173540990487375e+00,8.962274671854882513e+01,0.000000000000000000e+00,0.000000000000000000e+00,0.000000000000000000e+00,2.496142536401748657e-01,4.839079380035400391e-01,7.632779330015182495e-02,2.086930871009826660e-01,8.954060156250000000e+04,8.291296875000000000e+04,3.279505468750000000e+04,7.336277343750000000e+04,-8.076967966387408972e+07
3.817000000000000171e+00,-1.625700596116106453e+02,-6.412714788429942026e+00,-8.772152965268902847e+01,-1.710100585937500000e+04,3.279549026489257812e+01,1.923228515625000000e+03,3.007889389991760254e-01,5.829760804772377014e-02,3.881975114345550537e-01,3.185851275920867920e-01,1.625700596116106453e+02,6.412714788429942026e+00,8.772152965268902847e+01,0.000000000000000000e+00,0.000000000000000000e+00,0.000000000000000000e+00,3.007889389991760254e-01,5.829760804772377014e-02,3.881975114345550537e-01,3.185851275920867920e-01,8.944759375000000000e+04,8.302564843750000000e+04,3.269601171875000000e+04,7.335131250000000000e+04,-8.080384487783177197e+07
3.818000000000000060e+00,-1.452664996045126031e+02,-5.522689238199663286e+00,-8.598363582212731160e+01,-1.712121679687500000e+04,3.953883361816406250e+01,1.951005737304687500e+03,2.920128405094146729e-01,7.856453955173492432e-02,3.885343670845031738e-01,3.217186629772186279e-01,1.452664996045126031e+02,5.522689238199663286e+00,8.598363582212731160e+01,0.000000000000000000e+00,0.000000000000000000e+00,0.000000000000000000e+00,2.920128405094146729e-01,7.856453955173492432e-02,3.885343670845031738e-01,3.217186629772186279e-01,8.956465625000000000e+04,8.279586718750000000e+04,3.280392968750000000e+04,7.346932812500000000e+04,-8.083237091946473718e+07
3.818999999999999950e+00,-1.280600689734220339e+02,-4.152040157262053555e+00,-8.458113276383734558e+01,-1.708648242187500000e+04,3.790241241455078125e+01,1.964354003906250000e+03,2.820024192333221436e-01,1.018508821725845337e-01,3.838487267494201660e-01,3.216266036033630371e-01,1.280600689734220339e+02,4.152040157262053555e+00,8.458113276383734558e+01,0.000000000000000000e+00,0.000000000000000000e+00,0.000000000000000000e+00,2.820024192333221436e-01,1.018508821725845337e-01,3.838487267494201660e-01,3.216266036033630371e-01,8.967922656250000000e+04,8.256921875000000000e+04,3.291438281250000000e+04,7.358370312500000000e+04,-8.085594150818729401e+07
3.819999999999999840e+00,-1.109581337853197027e+02,-2.443309167944016647e+00,-8.364802213507881845e+01,-1.704662109375000000e+04,3.099830627441406250e+01,1.953107055664062500e+03,2.744651734828948975e-01,1.271341890096664429e-01,3.725022077560424805e-01,3.184159696102142334e-01,1.109581337853197027e+02,2.443309167944016647e+00,8.364802213507881845e+01,0.000000000000000000e+00,0.000000000000000000e+00,0.000000000000000000e+00,2.744651734828948975e-01,1.271341890096664429e-01,3.725022077560424805e-01,3.184159696102142334e-01,8.978975781250000000e+04,8.234513281250000000e+04,3.302905859375000000e+04,7.369384375000000000e+04,-8.087525617700721323e+07
3.821000000000000174e+00,-9.389425570622411499e+01,-5.269358624811772973e-01,-8.325850030281672787e+01,-1.705212500000000000e+04,3.219905090332031250e+01,1.962501953125000000e+03,2.692945003509521484e-01,1.547330915927886963e-01,3.538694083690643311e-01,3.117569983005523682e-01,9.389425570622411499e+01,5.269358624811772973e-01,8.325850030281672787e+01,0.000000000000000000e+00,0.000000000000000000e+00,0.000000000000000000e+00,2.692945003509521484e-01,1.547330915927886963e-01,3.538694083690643311e-01,3.117569983005523682e-01,8.987009375000000000e+04,8.211876562500000000e+04,3.313952734375000000e+04,7.380779687500000000e+04,-8.089100456379590929e+07
3.822000000000000064e+00,-7.679295094558109724e+01,1.401472689916319458e+00,-8.345882738894619024e+01,-1.709814257812500000e+04,4.328030776977539062e+01,1.945515869140625000e+03,2.625186443328857422e-01,1.867086887359619141e-01,3.279290497303009033e-01,3.004830479621887207e-01,7.679295094558109724e+01,-1.401472689916319458e+00,8.345882738894619024e+01,0.000000000000000000e+00,0.000000000000000000e+00,0.000000000000000000e+00,2.625186443328857422e-01,1.867086887359619141e-01,3.279290497303009033e-01,3.004830479621887207e-01,8.990760156250000000e+04,8.189696875000000000e+04,3.325530468750000000e+04,7.391833593750000000e+04,-8.090386906110568345e+07
3.822999999999999954e+00,-5.962914988536864058e+01,3.224915142040025717e+00,-8.425131214339842245e+01,-1.713009375000000000e+04,5.868747329711914062e+01,1.994500488281250000e+03,2.572219967842102051e-01,2.216987907886505127e-01,2.942362725734710693e-01,2.848858833312988281e-01,5.962914988536864058e+01,-3.224915142040025717e+00,8.425131214339842245e+01,0.000000000000000000e+00,0.000000000000000000e+00,0.000000000000000000e+00,2.572219967842102051e-01,2.216987907886505127e-01,2.942362725734710693e-01,2.848858833312988281e-01,8.990712500000000000e+04,8.166300781250000000e+04,3.335879296875000000e+04,7.403914843750000000e+04,-8.091453338029728830e+07
3.823999999999999844e+00,-4.243237660736586037e+01,4.718503476226707960e+00,-8.554547672249461243e+01,-1.710543164062500000e+04,6.476043701171875000e+01,1.980511352539062500e+03,2.494607269763946533e-01,2.587352395057678223e-01,2.557377219200134277e-01,2.663936913013458252e-01,4.243237660736586037e+01,-4.718503476226707960e+00,8.554547672249461243e+01,0.000000000000000000e+00,0.000000000000000000e+00,0.000000000000000000e+00,2.494607269763946533e-01,2.587352395057678223e-01,2.557377219200134277e-01,2.663936913013458252e-01,8.985828125000000000e+04,8.155539062500000000e+04,3.347426171875000000e+04,7.414871875000000000e+04,-8.092367417974457145e+07
3.825000000000000178e+00,-2.522105115288685084e+01,5.761449906721052727e+00,-8.722030210341172562e+01,-1.705667578125000000e+04,6.235163116455078125e+01,1.973352416992187500e+03,2.486666738986968994e-01,2.930248081684112549e-01,2.135229855775833130e-01,2.476688772439956665e-01,2.522105115288685084e+01,-5.761449906721052727e+00,8.722030210341172562e+01,0.000000000000000000e+00,0.000000000000000000e+00,0.000000000000000000e+00,2.486666738986968994e-01,2.930248081684112549e-01,2.135229855775833130e-01,2.476688772439956665e-01,8.975604687500000000e+04,8.166912500000000000e+04,3.358737500000000000e+04,7.425976562500000000e+04,-8.093195085656987131e+07
3.826000000000000068e+00,-7.972269282034819327e+00,6.262766672908538723e+00,-8.912580772761612025e+01,-1.704751953125000000e+04,6.112124633789062500e+01,1.966511108398437500e+03,2.497683614492416382e-01,3.238708972930908203e-01,1.730087697505950928e-01,2.309495955705642700e-01,7.972269282034819327e+00,-6.262766672908538723e+00,8.912580772761612025e+01,0.000000000000000000e+00,0.000000000000000000e+00,0.000000000000000000e+00,2.497683614492416382e-01,3.238708972930908203e-01,1.730087697505950928e-01,2.309495955705642700e-01,8.965046093750000000e+04,8.178249218750000000e+04,3.370169140625000000e+04,7.437176562500000000e+04,-8.093999704549688101e+07
3.826999999999999957e+00,9.331323563585572245e+00,6.170081625324011831e+00,-9.110974871715554002e+01,-1.708705273437500000e+04,6.953594207763671875e+01,1.980564086914062500e+03,2.512696981430053711e-01,3.512176871299743652e-01,1.374028772115707397e-01,2.169150114059448242e-01,-9.331323563585572245e+00,-6.170081625324011831e+00,9.110974871715554002e+01,0.000000000000000000e+00,0.000000000000000000e+00,0.000000000000000000e+00,2.512696981430053711e-01,3.512176871299743652e-01,1.374028772115707397e-01,2.169150114059448242e-01,8.955893750000000000e+04,8.189325781250000000e+04,3.381184765625000000e+04,7.448710156250000000e+04,-8.094842317531488836e+07
3.827999999999999847e+00,2.664884000096391503e+01,5.489703963998871394e+00,-9.295354327643524073e+01,-1.712854882812500000e+04,8.084078979492187500e+01,1.962008422851562500e+03,2.513933181762695312e-01,3.756818175315856934e-01,1.091124340891838074e-01,2.055042982101440430e-01,-2.664884000096391503e+01,-5.489703963998871394e+00,9.295354327643524073e+01,0.000000000000000000e+00,0.000000000000000000e+00,0.000000000000000000e+00,2.513933181762695312e-01,3.756818175315856934e-01,1.091124340891838074e-01,2.055042982101440430e-01,8.947476562500000000e+04,8.200832812500000000e+04,3.392758984375000000e+04,7.450671875000000000e+04,-8.095780383404554427e+07
3.829000000000000181e+00,4.389848467058047987e+01,4.280039875810685679e+00,-9.452153142946168884e+01,-1.711441406250000000e+04,8.561550903320312500e+01,1.981361083984375000e+03,2.550453543663024902e-01,3.977726101875305176e-01,8.766511082649230957e-02,1.963158249855041504e-01,-4.389848467058047987e+01,-4.280039875810685679e+00,9.452153142946168884e+01,0.000000000000000000e+00,0.000000000000000000e+00,0.000000000000000000e+00,2.550453543663024902e-01,3.977726101875305176e-01,8.766511082649230957e-02,1.963158249855041504e-01,8.940007812500000000e+04,8.211773437500000000e+04,3.403721093750000000e+04,7.444742968750000000e+04,-8.096868354964703321e+07
3.830000000000000071e+00,6.103276142300644125e+01,2.693684557707690441e+00,-9.564799741649639486e+01,-1.706411914062500000e+04,7.506246948242187500e+01,1.950155395507812500e+03,2.592947483062744141e-01,4.172676205635070801e-01,7.455901801586151123e-02,1.898615807294845581e-01,-6.103276142300644125e+01,-2.693684557707690441e+00,9.564799741649639486e+01,0.000000000000000000e+00,0.000000000000000000e+00,0.000000000000000000e+00,2.592947483062744141e-01,4.172676205635070801e-01,7.455901801586151123e-02,1.898615807294845581e-01,8.934463281250000000e+04,8.223614062500000000e+04,3.400634375000000000e+04,7.431280468750000000e+04,-8.098156434296023846e+07
3.830999999999999961e+00,7.809482572628849084e+01,8.231164669996089422e-01,-9.627508517007284183e+01,-1.704113671875000000e+04,6.600249481201171875e+01,1.978973388671875000e+03,2.698356807231903076e-01,4.347548782825469971e-01,6.745400279760360718e-02,1.854989826679229736e-01,-7.809482572628849084e+01,-8.231164669996089422e-01,9.627508517007284183e+01,0.000000000000000000e+00,0.000000000000000000e+00,0.000000000000000000e+00,2.698356807231903076e-01,4.347548782825469971e-01,6.745400279760360718e-02,1.854989826679229736e-01,8.933139843750000000e+04,8.234300000000000000e+04,3.385878515625000000e+04,7.414273437500000000e+04,-8.099693271431067586e+07
3.831999999999999851e+00,9.517250895062122140e+01,-1.136199132596427130e+00,-9.632657828095742047e+01,-1.707616015625000000e+04,6.387859725952148438e+01,1.966231079101562500e+03,2.750410437583923340e-01,4.498336315155029297e-01,6.684403866529464722e-02,1.837706714868545532e-01,-9.517250895062122140e+01,1.136199132596427130e+00,9.632657828095742047e+01,0.000000000000000000e+00,0.000000000000000000e+00,0.000000000000000000e+00,2.750410437583923340e-01,4.498336315155029297e-01,6.684403866529464722e-02,1.837706714868545532e-01,8.938600000000000000e+04,8.245798437500000000e+04,3.366099218750000000e+04,7.393530468750000000e+04,-8.101527062140241265e+07
3.833000000000000185e+00,1.123141410622124994e+02,-3.015867802764638839e+00,-9.579485950869019462e+01,-1.712070703125000000e+04,6.988579559326171875e+01,1.959366943359375000e+03,2.788154482841491699e-01,4.628900587558746338e-01,6.904856115579605103e-02,1.842082440853118896e-01,-1.123141410622124994e+02,3.015867802764638839e+00,9.579485950869019462e+01,0.000000000000000000e+00,0.000000000000000000e+00,0.000000000000000000e+00,2.788154482841491699e-01,4.628900587558746338e-01,6.904856115579605103e-02,1.842082440853118896e-01,8.947770312500000000e+04,8.257201562500000000e+04,3.346323828125000000e+04,7.372075000000000000e+04,-8.103707083825184405e+07
3.834000000000000075e+00,1.295110858035674255e+02,-4.657263757377597457e+00,-9.472814462566132931e+01,-1.712390429687500000e+04,7.021765136718750000e+01,1.962286865234375000e+03,2.765536308288574219e-01,4.729802310466766357e-01,7.226615399122238159e-02,1.872858852148056030e-01,-1.295110858035674255e+02,4.657263757377597457e+00,9.472814462566132931e+01,0.000000000000000000e+00,0.000000000000000000e+00,0.000000000000000000e+00,2.765536308288574219e-01,4.729802310466766357e-01,7.226615399122238159e-02,1.872858852148056030e-01,8.959040625000000000e+04,8.268354687500000000e+04,3.328601562500000000e+04,7.351673437500000000e+04,-8.106283907108779252e+07
3.834999999999999964e+00,1.467294441501695701e+02,-5.930973359470057105e+00,-9.321028907798299201e+01,-1.707659570312500000e+04,6.091699218750000000e+01,1.982890136718750000e+03,2.692384123802185059e-01,4.795639216899871826e-01,7.503341883420944214e-02,1.931575983762741089e-01,-1.467294441501695701e+02,5.930973359470057105e+00,9.321028907798299201e+01,0.000000000000000000e+00,0.000000000000000000e+00,0.000000000000000000e+00,2.692384123802185059e-01,4.795639216899871826e-01,7.503341883420944214e-02,1.931575983762741089e-01,8.969262500000000000e+04,8.279317187500000000e+04,3.313764453125000000e+04,7.334472656250000000e+04,-8.109309193530340493e+07
3.835999999999999854e+00,1.639774628203526277e+02,-6.705941550060489753e+00,-9.139790259596205146e+01,-1.704687304687500000e+04,4.708078765869140625e+01,1.967680053710937500e+03,2.580349147319793701e-01,4.831992983818054199e-01,7.660742104053497314e-02,2.005691677331924438e-01,-1.639774628203526277e+02,6.705941550060489753e+00,9.139790259596205146e+01,0.000000000000000000e+00,0.000000000000000000e+00,0.000000000000000000e+00,2.580349147319793701e-01,4.831992983818054199e-01,7.660742104053497314e-02,2.005691677331924438e-01,8.973403125000000000e+04,8.290775781250000000e+04,3.302148828125000000e+04,7.321421875000000000e+04,-8.112837908986741304e+07
3.837000000000000188e+00,-1.787160715559998607e+02,-6.916802012251745069e+00,-8.941878554993476769e+01,-1.707002539062500000e+04,4.311880874633789062e+01,1.983287475585937500e+03,2.474055886268615723e-01,4.850138425827026367e-01,7.668215036392211914e-02,2.079419046640396118e-01,1.787160715559998607e+02,6.916802012251745069e+00,8.941878554993476769e+01,0.000000000000000000e+00,0.000000000000000000e+00,0.000000000000000000e+00,2.474055886268615723e-01,4.850138425827026367e-01,7.668215036392211914e-02,2.079419046640396118e-01,8.970069531250000000e+04,8.301778906250000000e+04,3.291574218750000000e+04,7.314750781250000000e+04,-8.116836208545912802e+07
3.838000000000000078e+00,-1.613706796482993298e+02,-6.538526541227859035e+00,-8.750971440361895759e+01,-1.712009765625000000e+04,4.489977264404296875e+01,1.939981933593750000e+03,2.960015833377838135e-01,6.158724799752235413e-02,3.893223702907562256e-01,3.181392550468444824e-01,1.613706796482993298e+02,6.538526541227859035e+00,8.750971440361895759e+01,0.000000000000000000e+00,0.000000000000000000e+00,0.000000000000000000e+00,2.960015833377838135e-01,6.158724799752235413e-02,3.893223702907562256e-01,3.181392550468444824e-01,8.958106250000000000e+04,8.313820312500000000e+04,3.282340234375000000e+04,7.312816406250000000e+04,-8.120210328415361047e+07
3.838999999999999968e+00,-1.440489696835037989e+02,-5.591320041859796142e+00,-8.576471114948699892e+01,-1.713562500000000000e+04,4.627445983886718750e+01,1.983761962890625000e+03,2.896428108215332031e-01,8.083941787481307983e-02,3.892509341239929199e-01,3.218727707862854004e-01,1.440489696835037989e+02,5.591320041859796142e+00,8.576471114948699892e+01,0.000000000000000000e+00,0.000000000000000000e+00,0.000000000000000000e+00,2.896428108215332031e-01,8.083941787481307983e-02,3.892509341239929199e-01,3.218727707862854004e-01,8.970148437500000000e+04,8.290495312500000000e+04,3.292792187500000000e+04,7.324860937500000000e+04,-8.123024023835885525e+07
3.839999999999999858e+00,-1.268305162520474596e+02,-4.175078438965558192e+00,-8.437548618860033400e+01,-1.709848242187500000e+04,3.793289947509765625e+01,1.987309814453125000e+03,2.788025140762329102e-01,1.042376980185508728e-01,3.843643367290496826e-01,3.217852115631103516e-01,1.268305162520474596e+02,4.175078438965558192e+00,8.437548618860033400e+01,0.000000000000000000e+00,0.000000000000000000e+00,0.000000000000000000e+00,2.788025140762329102e-01,1.042376980185508728e-01,3.843643367290496826e-01,3.217852115631103516e-01,8.981425000000000000e+04,8.267964843750000000e+04,3.304034375000000000e+04,7.336228125000000000e+04,-8.125346287216114998e+07
3.841000000000000192e+00,-1.097179490831970554e+02,-2.408212836397645162e+00,-8.345283487450484472e+01,-1.705785546875000000e+04,2.576701545715332031e+01,1.999755737304687500e+03,2.720026671886444092e-01,1.290206462144851685e-01,3.726041316986083984e-01,3.188653588294982910e-01,1.097179490831970554e+02,2.408212836397645162e+00,8.345283487450484472e+01,0.000000000000000000e+00,0.000000000000000000e+00,0.000000000000000000e+00,2.720026671886444092e-01,1.290206462144851685e-01,3.726041316986083984e-01,3.188653588294982910e-01,8.992579687500000000e+04,8.245256250000000000e+04,3.314993750000000000e+04,7.347628125000000000e+04,-8.127247107564982772e+07
3.842000000000000082e+00,-9.263795049446011376e+01,-4.665271752555205653e-01,-8.309030934002797153e+01,-1.706921875000000000e+04,2.093265533447265625e+01,1.982428344726562500e+03,2.654999792575836182e-01,1.568381786346435547e-01,3.537979125976562500e-01,3.122553229331970215e-01,9.263795049446011376e+01,4.665271752555205653e-01,8.309030934002797153e+01,0.000000000000000000e+00,0.000000000000000000e+00,0.000000000000000000e+00,2.654999792575836182e-01,1.568381786346435547e-01,3.537979125976562500e-01,3.122553229331970215e-01,8.998087500000000000e+04,8.223003906250000000e+04,3.326600390625000000e+04,7.358552343750000000e+04,-8.128795708267547190e+07
3.842999999999999972e+00,-7.551866830119176655e+01,1.503369469286701676e+00,-8.332244696813246776e+01,-1.711547460937500000e+04,2.777169609069824219e+01,1.990728027343750000e+03,2.603588402271270752e-01,1.880046725273132324e-01,3.272068202495574951e-01,3.013171553611755371e-01,7.551866830119176655e+01,-1.503369469286701676e+00,8.332244696813246776e+01,0.000000000000000000e+00,0.000000000000000000e+00,0.000000000000000000e+00,2.603588402271270752e-01,1.880046725273132324e-01,3.272068202495574951e-01,3.013171553611755371e-01,8.999384375000000000e+04,8.200414062500000000e+04,3.337666796875000000e+04,7.369954687500000000e+04,-8.130060504222597182e+07
3.843999999999999861e+00,-5.834055785000445837e+01,3.312353713376780195e+00,-8.413314109217353121e+01,-1.714233593750000000e+04,3.650417709350585938e+01,1.989102416992187500e+03,2.536581754684448242e-01,2.231029570102691650e-01,2.934948205947875977e-01,2.858655452728271484e-01,5.834055785000445837e+01,-3.312353713376780195e+00,8.413314109217353121e+01,0.000000000000000000e+00,0.000000000000000000e+00,0.000000000000000000e+00,2.536581754684448242e-01,2.231029570102691650e-01,2.934948205947875977e-01,2.858655452728271484e-01,8.996724218750000000e+04,8.177869531250000000e+04,3.349007031250000000e+04,7.381271093750000000e+04,-8.131109802003337443e+07
3.845000000000000195e+00,-4.113072370734304428e+01,4.834835503152225655e+00,-8.547592537069672858e+01,-1.711264648437500000e+04,3.826644897460937500e+01,2.034960815429687500e+03,2.493193596601486206e-01,2.589464783668518066e-01,2.539041638374328613e-01,2.677674293518066406e-01,4.113072370734304428e+01,-4.834835503152225655e+00,8.547592537069672858e+01,0.000000000000000000e+00,0.000000000000000000e+00,0.000000000000000000e+00,2.493193596601486206e-01,2.589464783668518066e-01,2.539041638374328613e-01,2.677674293518066406e-01,8.990220312500000000e+04,8.166842187500000000e+04,3.359500390625000000e+04,7.393260156250000000e+04,-8.132011926591838896e+07
3.846000000000000085e+00,-2.390526812607775398e+01,5.875080737580047341e+00,-8.716886076289476648e+01,-1.706574609375000000e+04,2.911391258239746094e+01,1.987810058593750000e+03,2.451883554458618164e-01,2.931167781352996826e-01,2.128690928220748901e-01,2.496732026338577271e-01,2.390526812607775398e+01,-5.875080737580047341e+00,8.716886076289476648e+01,0.000000000000000000e+00,0.000000000000000000e+00,0.000000000000000000e+00,2.451883554458618164e-01,2.931167781352996826e-01,2.128690928220748901e-01,2.496732026338577271e-01,8.979096875000000000e+04,8.178949218750000000e+04,3.371541406250000000e+04,7.403672656250000000e+04,-8.132832365462294221e+07
3.846999999999999975e+00,-6.636958392843651744e+00,6.374061700048864409e+00,-8.910242132994679309e+01,-1.706028906250000000e+04,2.514496231079101562e+01,1.993412597656250000e+03,2.489121556282043457e-01,3.231349587440490723e-01,1.715331524610519409e-01,2.333128899335861206e-01,6.636958392843651744e+00,-6.374061700048864409e+00,8.910242132994679309e+01,0.000000000000000000e+00,0.000000000000000000e+00,0.000000000000000000e+00,2.489121556282043457e-01,3.231349587440490723e-01,1.715331524610519409e-01,2.333128899335861206e-01,8.966234375000000000e+04,8.190022656250000000e+04,3.382733984375000000e+04,7.415003125000000000e+04,-8.133634757398906350e+07
3.847999999999999865e+00,1.068736703604574068e+01,6.275240237858390913e+00,-9.108658666636630130e+01,-1.710403125000000000e+04,2.916579818725585938e+01,1.981701171875000000e+03,2.496455013751983643e-01,3.500553071498870850e-01,1.364333629608154297e-01,2.197426259517669678e-01,-1.068736703604574068e+01,-6.275240237858390913e+00,9.108658666636630130e+01,0.000000000000000000e+00,0.000000000000000000e+00,0.000000000000000000e+00,2.496455013751983643e-01,3.500553071498870850e-01,1.364333629608154297e-01,2.197426259517669678e-01,8.955971875000000000e+04,8.201500781250000000e+04,3.394109375000000000e+04,7.426144531250000000e+04,-8.134479793871380389e+07
3.849000000000000199e+00,2.802011900370343866e+01,5.582032819452456884e+00,-9.295864674875572575e+01,-1.713765039062500000e+04,3.702848434448242188e+01,1.993968139648437500e+03,2.514454722404479980e-01,3.741670548915863037e-01,1.078081950545310974e-01,2.086272686719894409e-01,-2.802011900370343866e+01,-5.582032819452456884e+00,9.295864674875572575e+01,0.000000000000000000e+00,0.000000000000000000e+00,0.000000000000000000e+00,2.514454722404479980e-01,3.741670548915863037e-01,1.078081950545310974e-01,2.086272686719894409e-01,8.946990625000000000e+04,8.212596875000000000e+04,3.405210156250000000e+04,7.431319531250000000e+04,-8.135425553487853706e+07
3.850000000000000089e+00,4.528138646908937659e+01,4.371862753729042872e+00,-9.453215085298113252e+01,-1.712303906250000000e+04,3.521592330932617188e+01,1.987411499023437500e+03,2.532668709754943848e-01,3.957120478153228760e-01,8.731772005558013916e-02,2.001328915357589722e-01,-4.528138646908937659e+01,-4.371862753729042872e+00,9.453215085298113252e+01,0.000000000000000000e+00,0.000000000000000000e+00,0.000000000000000000e+00,2.532668709754943848e-01,3.957120478153228760e-01,8.731772005558013916e-02,2.001328915357589722e-01,8.939090625000000000e+04,8.223892968750000000e+04,3.416495703125000000e+04,7.427724218750000000e+04,-8.136526137956792116e+07
3.850999999999999979e+00,6.242547431892607790e+01,2.763416732008408427e+00,-9.568030021588485567e+01,-1.707094335937500000e+04,2.342909431457519531e+01,1.982063964843750000e+03,2.594153881072998047e-01,4.149070382118225098e-01,7.401943206787109375e-02,1.940609365701675415e-01,-6.242547431892607790e+01,-2.763416732008408427e+00,9.568030021588485567e+01,0.000000000000000000e+00,0.000000000000000000e+00,0.000000000000000000e+00,2.594153881072998047e-01,4.149070382118225098e-01,7.401943206787109375e-02,1.940609365701675415e-01,8.932826562500000000e+04,8.235282031250000000e+04,3.412527734375000000e+04,7.417900000000000000e+04,-8.137832067573329806e+07
3.851999999999999869e+00,7.949995913341528819e+01,9.179294668522139933e-01,-9.630612573946355326e+01,-1.705274023437500000e+04,1.068270397186279297e+01,1.955784057617187500e+03,2.680603861808776855e-01,4.320292174816131592e-01,6.763147562742233276e-02,1.901535093784332275e-01,-7.949995913341528819e+01,-9.179294668522139933e-01,9.630612573946355326e+01,0.000000000000000000e+00,0.000000000000000000e+00,0.000000000000000000e+00,2.680603861808776855e-01,4.320292174816131592e-01,6.763147562742233276e-02,1.901535093784332275e-01,8.930643750000000000e+04,8.246954687500000000e+04,3.397895703125000000e+04,7.403470312500000000e+04,-8.139391663168495893e+07
3.853000000000000203e+00,9.658933218268329313e+01,-1.063852353688803820e+00,-9.636498524059753379e+01,-1.708774023437500000e+04,8.821980476379394531e+00,1.990006225585937500e+03,2.772727608680725098e-01,4.473792016506195068e-01,6.647211313247680664e-02,1.881687790155410767e-01,-9.658933218268329313e+01,1.063852353688803820e+00,9.636498524059753379e+01,0.000000000000000000e+00,0.000000000000000000e+00,0.000000000000000000e+00,2.772727608680725098e-01,4.473792016506195068e-01,6.647211313247680664e-02,1.881687790155410767e-01,8.935802343750000000e+04,8.257627343750000000e+04,3.377301953125000000e+04,7.387406250000000000e+04,-8.141253347293870151e+07
3.854000000000000092e+00,1.137423953184089100e+02,-2.948411937435909014e+00,-9.584113957174793086e+01,-1.713306250000000000e+04,1.233828449249267578e+01,1.963188842773437500e+03,2.772904634475708008e-01,4.600088000297546387e-01,6.949371099472045898e-02,1.890982091426849365e-01,-1.137423953184089100e+02,2.948411937435909014e+00,9.584113957174793086e+01,0.000000000000000000e+00,0.000000000000000000e+00,0.000000000000000000e+00,2.772904634475708008e-01,4.600088000297546387e-01,6.949371099472045898e-02,1.890982091426849365e-01,8.946194531250000000e+04,8.269392968750000000e+04,3.357242578125000000e+04,7.369088281250000000e+04,-8.143466502259883285e+07
3.854999999999999982e+00,1.309441918898371569e+02,-4.604835825005939576e+00,-9.477612139907249400e+01,-1.712995312500000000e+04,1.176702308654785156e+01,1.975309082031250000e+03,2.763547003269195557e-01,4.701478779315948486e-01,7.279755920171737671e-02,1.922636032104492188e-01,-1.309441918898371569e+02,4.604835825005939576e+00,9.477612139907249400e+01,0.000000000000000000e+00,0.000000000000000000e+00,0.000000000000000000e+00,2.763547003269195557e-01,4.701478779315948486e-01,7.279755920171737671e-02,1.922636032104492188e-01,8.957138281250000000e+04,8.280360156250000000e+04,3.339455468750000000e+04,7.352585156250000000e+04,-8.146081512168894708e+07
3.855999999999999872e+00,1.481667238696713866e+02,-5.872979058387133300e+00,-9.327915952760510265e+01,-1.708417382812500000e+04,2.018301010131835938e+00,1.964383666992187500e+03,2.682920992374420166e-01,4.766909182071685791e-01,7.582072913646697998e-02,1.981847882270812988e-01,-1.481667238696713866e+02,5.872979058387133300e+00,9.327915952760510265e+01,0.000000000000000000e+00,0.000000000000000000e+00,0.000000000000000000e+00,2.682920992374420166e-01,4.766909182071685791e-01,7.582072913646697998e-02,1.981847882270812988e-01,8.966643750000000000e+04,8.291824218750000000e+04,3.325328906250000000e+04,7.338550781250000000e+04,-8.149150399323642254e+07
3.857000000000000206e+00,1.654193117220094678e+02,-6.656259239873330458e+00,-9.146939100454527249e+01,-1.705341406250000000e+04,-1.098766422271728516e+01,1.969312377929687500e+03,2.591579556465148926e-01,4.804755747318267822e-01,7.740375399589538574e-02,2.055018097162246704e-01,-1.654193117220094678e+02,6.656259239873330458e+00,9.146939100454527249e+01,0.000000000000000000e+00,0.000000000000000000e+00,0.000000000000000000e+00,2.591579556465148926e-01,4.804755747318267822e-01,7.740375399589538574e-02,2.055018097162246704e-01,8.970634375000000000e+04,8.303041406250000000e+04,3.313658593750000000e+04,7.329644531250000000e+04,-8.152727849720481038e+07
3.858000000000000096e+00,-1.772646170041443838e+02,-6.872783627041575194e+00,-8.950906988495137284e+01,-1.708348242187500000e+04,-1.453165817260742188e+01,1.965892456054687500e+03,2.470452487468719482e-01,4.823244512081146240e-01,7.766380161046981812e-02,2.126594185829162598e-01,1.772646170041443838e+02,6.872783627041575194e+00,8.950906988495137284e+01,0.000000000000000000e+00,0.000000000000000000e+00,0.000000000000000000e+00,2.470452487468719482e-01,4.823244512081146240e-01,7.766380161046981812e-02,2.126594185829162598e-01,8.967750000000000000e+04,8.314293750000000000e+04,3.303867968750000000e+04,7.326185156250000000e+04,-8.156676035039289296e+07
3.858999999999999986e+00,-1.599055896270075721e+02,-6.495711755751607086e+00,-8.757675001292395223e+01,-1.713242578125000000e+04,-1.029107189178466797e+01,1.963156372070312500e+03,2.974600791931152344e-01,5.895393714308738708e-02,3.901150822639465332e-01,3.217288255691528320e-01,1.599055896270075721e+02,6.495711755751607086e+00,8.757675001292395223e+01,0.000000000000000000e+00,0.000000000000000000e+00,0.000000000000000000e+00,2.974600791931152344e-01,5.895393714308738708e-02,3.901150822639465332e-01,3.217288255691528320e-01,8.956382031250000000e+04,8.325643750000000000e+04,3.294390234375000000e+04,7.328148437500000000e+04,-8.160004202940090001e+07
3.859999999999999876e+00,-1.425795704732382490e+02,-5.571248312081111820e+00,-8.586438364835558446e+01,-1.714437500000000000e+04,-8.915331840515136719e+00,1.944842163085937500e+03,2.887050509452819824e-01,7.899414002895355225e-02,3.901094198226928711e-01,3.251566886901855469e-01,1.425795704732382490e+02,5.571248312081111820e+00,8.586438364835558446e+01,0.000000000000000000e+00,0.000000000000000000e+00,0.000000000000000000e+00,2.887050509452819824e-01,7.899414002895355225e-02,3.901094198226928711e-01,3.251566886901855469e-01,8.967277343750000000e+04,8.303389062500000000e+04,3.306014843750000000e+04,7.339078125000000000e+04,-8.162777469450430572e+07
3.861000000000000210e+00,-1.253580100623821068e+02,-4.158372605012953471e+00,-8.447634549327239029e+01,-1.710214062500000000e+04,-1.461633872985839844e+01,1.984407714843750000e+03,2.816942334175109863e-01,1.012356653809547424e-01,3.845181167125701904e-01,3.256067633628845215e-01,1.253580100623821068e+02,4.158372605012953471e+00,8.447634549327239029e+01,0.000000000000000000e+00,0.000000000000000000e+00,0.000000000000000000e+00,2.816942334175109863e-01,1.012356653809547424e-01,3.845181167125701904e-01,3.256067633628845215e-01,8.979279687500000000e+04,8.280231250000000000e+04,3.316596093750000000e+04,7.351067968750000000e+04,-8.165064287020172179e+07
3.862000000000000099e+00,-1.082401173530865890e+02,-2.421897095091056329e+00,-8.356939708329005612e+01,-1.706416992187500000e+04,-2.542968940734863281e+01,1.965442382812500000e+03,2.728228271007537842e-01,1.268907189369201660e-01,3.727564215660095215e-01,3.223941028118133545e-01,1.082401173530865890e+02,2.421897095091056329e+00,8.356939708329005612e+01,0.000000000000000000e+00,0.000000000000000000e+00,0.000000000000000000e+00,2.728228271007537842e-01,1.268907189369201660e-01,3.727564215660095215e-01,3.223941028118133545e-01,8.990162500000000000e+04,8.258103906250000000e+04,3.328196484375000000e+04,7.362034375000000000e+04,-8.166934850292073190e+07
3.862999999999999989e+00,-9.114975361922545005e+01,-4.785103120660381681e-01,-8.321143707397172307e+01,-1.707961328125000000e+04,-2.557541084289550781e+01,1.983225341796875000e+03,2.681711912155151367e-01,1.542930305004119873e-01,3.534075915813446045e-01,3.159446716308593750e-01,9.114975361922545005e+01,4.785103120660381681e-01,8.321143707397172307e+01,0.000000000000000000e+00,0.000000000000000000e+00,0.000000000000000000e+00,2.681711912155151367e-01,1.542930305004119873e-01,3.534075915813446045e-01,3.159446716308593750e-01,8.997015625000000000e+04,8.235210937500000000e+04,3.339176562500000000e+04,7.373521093750000000e+04,-8.168458115273761749e+07
3.863999999999999879e+00,-7.401562750863720908e+01,1.461519523328974612e+00,-8.344848543880941349e+01,-1.713043554687500000e+04,-1.543752479553222656e+01,1.961697509765625000e+03,2.607275545597076416e-01,1.866029202938079834e-01,3.268697261810302734e-01,3.046531975269317627e-01,7.401562750863720908e+01,-1.461519523328974612e+00,8.344848543880941349e+01,0.000000000000000000e+00,0.000000000000000000e+00,0.000000000000000000e+00,2.607275545597076416e-01,1.866029202938079834e-01,3.268697261810302734e-01,3.046531975269317627e-01,8.999619531250000000e+04,8.213095312500000000e+04,3.350748437500000000e+04,7.384380468750000000e+04,-8.169702525161446631e+07
3.865000000000000213e+00,-5.683104911354585198e+01,3.246157080752371193e+00,-8.426200085889125546e+01,-1.714948632812500000e+04,-3.026427507400512695e+00,1.968351318359375000e+03,2.557109892368316650e-01,2.216730415821075439e-01,2.923881709575653076e-01,2.890435457229614258e-01,5.683104911354585198e+01,-3.246157080752371193e+00,8.426200085889125546e+01,0.000000000000000000e+00,0.000000000000000000e+00,0.000000000000000000e+00,2.557109892368316650e-01,2.216730415821075439e-01,2.923881709575653076e-01,2.890435457229614258e-01,8.997479687500000000e+04,8.190500000000000000e+04,3.361932031250000000e+04,7.395781250000000000e+04,-8.170736564208234847e+07
3.866000000000000103e+00,-3.961938311121114964e+01,4.723453882510849411e+00,-8.558450538706971145e+01,-1.711804687500000000e+04,-2.119450718164443970e-01,1.988013916015625000e+03,2.510161697864532471e-01,2.580344080924987793e-01,2.526193559169769287e-01,2.707667350769042969e-01,3.961938311121114964e+01,-4.723453882510849411e+00,8.558450538706971145e+01,0.000000000000000000e+00,0.000000000000000000e+00,0.000000000000000000e+00,2.510161697864532471e-01,2.580344080924987793e-01,2.526193559169769287e-01,2.707667350769042969e-01,8.991875781250000000e+04,8.178495312500000000e+04,3.372769531250000000e+04,7.407438281250000000e+04,-8.171628235617938638e+07
3.866999999999999993e+00,-2.239129438680393847e+01,5.746772532312403925e+00,-8.728688934264042132e+01,-1.707104296875000000e+04,-3.772893428802490234e+00,1.987511718750000000e+03,2.485188245773315430e-01,2.921859622001647949e-01,2.110222727060317993e-01,2.526807487010955811e-01,2.239129438680393847e+01,-5.746772532312403925e+00,8.728688934264042132e+01,0.000000000000000000e+00,0.000000000000000000e+00,0.000000000000000000e+00,2.485188245773315430e-01,2.921859622001647949e-01,2.110222727060317993e-01,2.526807487010955811e-01,8.982838281250000000e+04,8.189808593750000000e+04,3.384092578125000000e+04,7.418628125000000000e+04,-8.172443575268936157e+07
3.867999999999999883e+00,-5.118922962862185067e+00,6.212959742205257818e+00,-8.918301275640190795e+01,-1.707318164062500000e+04,-4.399380683898925781e+00,1.949764282226562500e+03,2.493195980787277222e-01,3.226926624774932861e-01,1.707973033189773560e-01,2.363404929637908936e-01,5.118922962862185067e+00,-6.212959742205257818e+00,8.918301275640190795e+01,0.000000000000000000e+00,0.000000000000000000e+00,0.000000000000000000e+00,2.493195980787277222e-01,3.226926624774932861e-01,1.707973033189773560e-01,2.363404929637908936e-01,8.971449218750000000e+04,8.201657031250000000e+04,3.395918359375000000e+04,7.429209375000000000e+04,-8.173245416669473052e+07
3.869000000000000217e+00,1.221011445554076857e+01,6.086345585740397190e+00,-9.114289691138561977e+01,-1.711740625000000000e+04,5.873939037322998047e+00,1.959987915039062500e+03,2.526133656501770020e-01,3.498652279376983643e-01,1.348404586315155029e-01,2.223327457904815674e-01,-1.221011445554076857e+01,-6.086345585740397190e+00,9.114289691138561977e+01,0.000000000000000000e+00,0.000000000000000000e+00,0.000000000000000000e+00,2.526133656501770020e-01,3.498652279376983643e-01,1.348404586315155029e-01,2.223327457904815674e-01,8.961848437500000000e+04,8.212735937500000000e+04,3.407062500000000000e+04,7.440640625000000000e+04,-8.174094732484973967e+07
3.870000000000000107e+00,2.954191914073621916e+01,5.378953711201535981e+00,-9.295940229109005770e+01,-1.714870117187500000e+04,1.688692665100097656e+01,1.948105712890625000e+03,2.529667615890502930e-01,3.742773532867431641e-01,1.070859506726264954e-01,2.110356688499450684e-01,-2.954191914073621916e+01,-5.378953711201535981e+00,9.295940229109005770e+01,0.000000000000000000e+00,0.000000000000000000e+00,0.000000000000000000e+00,2.529667615890502930e-01,3.742773532867431641e-01,1.070859506726264954e-01,2.110356688499450684e-01,8.954332031250000000e+04,8.224254687500000000e+04,3.418518359375000000e+04,7.447067187500000000e+04,-8.175049043345360458e+07
3.870999999999999996e+00,4.679771179248328394e+01,4.152412398729260268e+00,-9.449377285166784191e+01,-1.712663281250000000e+04,1.932505416870117188e+01,1.967418090820312500e+03,2.565863132476806641e-01,3.961862325668334961e-01,8.646024763584136963e-02,2.020665109157562256e-01,-4.679771179248328394e+01,-4.152412398729260268e+00,9.449377285166784191e+01,0.000000000000000000e+00,0.000000000000000000e+00,0.000000000000000000e+00,2.565863132476806641e-01,3.961862325668334961e-01,8.646024763584136963e-02,2.020665109157562256e-01,8.947908593750000000e+04,8.235101562500000000e+04,3.429442578125000000e+04,7.445353125000000000e+04,-8.176162677491909266e+07
3.871999999999999886e+00,6.394165658129885799e+01,2.545711045843175757e+00,-9.559001119548052827e+01,-1.707825781250000000e+04,1.256087684631347656e+01,1.951151245117187500e+03,2.612201571464538574e-01,4.154482185840606689e-01,7.406906038522720337e-02,1.958622187376022339e-01,-6.394165658129885799e+01,-2.545711045843175757e+00,9.559001119548052827e+01,0.000000000000000000e+00,0.000000000000000000e+00,0.000000000000000000e+00,2.612201571464538574e-01,4.154482185840606689e-01,7.406906038522720337e-02,1.958622187376022339e-01,8.943496093750000000e+04,8.246653125000000000e+04,3.424611328125000000e+04,7.436362500000000000e+04,-8.177485924125052989e+07
3.873000000000000220e+00,8.102276988674022107e+01,7.111497122587636666e-01,-9.616429375560184667e+01,-1.706318945312500000e+04,4.767135143280029297e+00,1.929388427734375000e+03,2.706359028816223145e-01,4.329383075237274170e-01,6.782832741737365723e-02,1.913881152868270874e-01,-8.102276988674022107e+01,-7.111497122587636666e-01,9.616429375560184667e+01,0.000000000000000000e+00,0.000000000000000000e+00,0.000000000000000000e+00,2.706359028816223145e-01,4.329383075237274170e-01,6.782832741737365723e-02,1.913881152868270874e-01,8.942547656250000000e+04,8.258321093750000000e+04,3.409592578125000000e+04,7.422862500000000000e+04,-8.179067200761806965e+07
3.874000000000000110e+00,9.812789474249817090e+01,-1.218713884649520907e+00,-9.616984454644692448e+01,-1.710353515625000000e+04,8.786322593688964844e+00,1.937038696289062500e+03,2.792109251022338867e-01,4.483693838119506836e-01,6.690862774848937988e-02,1.891367286443710327e-01,-9.812789474249817090e+01,1.218713884649520907e+00,9.616984454644692448e+01,0.000000000000000000e+00,0.000000000000000000e+00,0.000000000000000000e+00,2.792109251022338867e-01,4.483693838119506836e-01,6.690862774848937988e-02,1.891367286443710327e-01,8.948659375000000000e+04,8.269378906250000000e+04,3.389364453125000000e+04,7.406881250000000000e+04,-8.180955121560828388e+07
3.875000000000000000e+00,1.152963591577178306e+02,-3.077391085022530337e+00,-9.559370797249734153e+01,-1.714522070312500000e+04,1.702120971679687500e+01,1.953000488281250000e+03,2.806212306022644043e-01,4.612955152988433838e-01,6.950020045042037964e-02,1.894712299108505249e-01,-1.152963591577178306e+02,3.077391085022530337e+00,9.559370797249734153e+01,0.000000000000000000e+00,0.000000000000000000e+00,0.000000000000000000e+00,2.806212306022644043e-01,4.612955152988433838e-01,6.950020045042037964e-02,1.894712299108505249e-01,8.960250781250000000e+04,8.280413281250000000e+04,3.368580468750000000e+04,7.389606250000000000e+04,-8.183199209338313341e+07
3.875999999999999890e+00,1.325098782785794924e+02,-4.667350567496917790e+00,-9.449806328380505249e+01,-1.713789843750000000e+04,2.055368995666503906e+01,1.936572998046875000e+03,2.759752273559570312e-01,4.710519909858703613e-01,7.302656769752502441e-02,1.927235424518585205e-01,-1.325098782785794924e+02,4.667350567496917790e+00,9.449806328380505249e+01,0.000000000000000000e+00,0.000000000000000000e+00,0.000000000000000000e+00,2.759752273559570312e-01,4.710519909858703613e-01,7.302656769752502441e-02,1.927235424518585205e-01,8.971166406250000000e+04,8.291914062500000000e+04,3.351128515625000000e+04,7.372404687500000000e+04,-8.185850262935024500e+07
3.876999999999999780e+00,1.497420137655447547e+02,-5.874659580285348071e+00,-9.297183807816932699e+01,-1.709027539062500000e+04,1.403087329864501953e+01,1.948101074218750000e+03,2.696763873100280762e-01,4.777114689350128174e-01,7.550204545259475708e-02,1.981860697269439697e-01,-1.497420137655447547e+02,5.874659580285348071e+00,9.297183807816932699e+01,0.000000000000000000e+00,0.000000000000000000e+00,0.000000000000000000e+00,2.696763873100280762e-01,4.777114689350128174e-01,7.550204545259475708e-02,1.981860697269439697e-01,8.980564843750000000e+04,8.302972656250000000e+04,3.336490625000000000e+04,7.358575000000000000e+04,-8.188960357433761656e+07
3.878000000000000114e+00,1.670034473319799702e+02,-6.575282816345440651e+00,-9.117767696175990011e+01,-1.706528125000000000e+04,6.148795604705810547e+00,1.923337036132812500e+03,2.587674260139465332e-01,4.813618361949920654e-01,7.690268009901046753e-02,2.051843553781509399e-01,-1.670034473319799702e+02,6.575282816345440651e+00,9.117767696175990011e+01,0.000000000000000000e+00,0.000000000000000000e+00,0.000000000000000000e+00,2.587674260139465332e-01,4.813618361949920654e-01,7.690268009901046753e-02,2.051843553781509399e-01,8.984558593750000000e+04,8.314706250000000000e+04,3.324898828125000000e+04,7.348685156250000000e+04,-8.192585032887864113e+07
3.879000000000000004e+00,-1.756728876819146876e+02,-6.713862350967180426e+00,-8.923452045026975554e+01,-1.709717578125000000e+04,7.742040634155273438e+00,1.942256835937500000e+03,2.485896050930023193e-01,4.833780527114868164e-01,7.679674029350280762e-02,2.118055969476699829e-01,1.756728876819146876e+02,6.713862350967180426e+00,8.923452045026975554e+01,0.000000000000000000e+00,0.000000000000000000e+00,0.000000000000000000e+00,2.485896050930023193e-01,4.833780527114868164e-01,7.679674029350280762e-02,2.118055969476699829e-01,8.981553906250000000e+04,8.325557031250000000e+04,3.314018750000000000e+04,7.344995312500000000e+04,-8.196471916793280840e+07
3.879999999999999893e+00,-1.583093828650717967e+02,-6.262238263339440003e+00,-8.734341514054008826e+01,-1.714817187500000000e+04,1.709179496765136719e+01,1.939652099609375000e+03,2.974366843700408936e-01,6.211141124367713928e-02,3.894081711769104004e-01,3.205962479114532471e-01,1.583093828650717967e+02,6.262238263339440003e+00,8.734341514054008826e+01,0.000000000000000000e+00,0.000000000000000000e+00,0.000000000000000000e+00,2.974366843700408936e-01,6.211141124367713928e-02,3.894081711769104004e-01,3.205962479114532471e-01,8.970823437500000000e+04,8.336888281250000000e+04,3.303594921875000000e+04,7.345871093750000000e+04,-8.199744911643241346e+07
3.880999999999999783e+00,-1.409888805989689615e+02,-5.271662750234584749e+00,-8.568522296085529888e+01,-1.715225585937500000e+04,2.118789672851562500e+01,1.931414916992187500e+03,2.885556817054748535e-01,8.296014368534088135e-02,3.887206912040710449e-01,3.231881260871887207e-01,1.409888805989689615e+02,5.271662750234584749e+00,8.568522296085529888e+01,0.000000000000000000e+00,0.000000000000000000e+00,0.000000000000000000e+00,2.885556817054748535e-01,8.296014368534088135e-02,3.887206912040710449e-01,3.231881260871887207e-01,8.982001562500000000e+04,8.314535937500000000e+04,3.315026171875000000e+04,7.356947656250000000e+04,-8.202469672874696553e+07
3.882000000000000117e+00,-1.237731460211169292e+02,-3.826259658474804315e+00,-8.438554788539133256e+01,-1.711100585937500000e+04,1.726442337036132812e+01,1.948197143554687500e+03,2.810974121093750000e-01,1.060320213437080383e-01,3.822971582412719727e-01,3.227409124374389648e-01,1.237731460211169292e+02,3.826259658474804315e+00,8.438554788539133256e+01,0.000000000000000000e+00,0.000000000000000000e+00,0.000000000000000000e+00,2.810974121093750000e-01,1.060320213437080383e-01,3.822971582412719727e-01,3.227409124374389648e-01,8.993469531250000000e+04,8.291711718750000000e+04,3.325912890625000000e+04,7.368497656250000000e+04,-8.204715208137781918e+07
3.883000000000000007e+00,-1.066555778592710624e+02,-2.063442507705109730e+00,-8.356577867505320967e+01,-1.707381054687500000e+04,1.028305149078369141e+01,1.950818847656250000e+03,2.736586332321166992e-01,1.319002360105514526e-01,3.694119453430175781e-01,3.188635110855102539e-01,1.066555778592710624e+02,2.063442507705109730e+00,8.356577867505320967e+01,0.000000000000000000e+00,0.000000000000000000e+00,0.000000000000000000e+00,2.736586332321166992e-01,1.319002360105514526e-01,3.694119453430175781e-01,3.188635110855102539e-01,9.004826562500000000e+04,8.269217968750000000e+04,3.337180468750000000e+04,7.379882812500000000e+04,-8.206551499082686007e+07
3.883999999999999897e+00,-8.955259312737204880e+01,-1.330758807599492222e-01,-8.330407634608781109e+01,-1.709632421875000000e+04,1.312590789794921875e+01,1.955216918945312500e+03,2.677388489246368408e-01,1.605259776115417480e-01,3.491886556148529053e-01,3.113255202770233154e-01,8.955259312737204880e+01,1.330758807599492222e-01,8.330407634608781109e+01,0.000000000000000000e+00,0.000000000000000000e+00,0.000000000000000000e+00,2.677388489246368408e-01,1.605259776115417480e-01,3.491886556148529053e-01,3.113255202770233154e-01,9.011548437500000000e+04,8.246564843750000000e+04,3.348292968750000000e+04,7.391174218750000000e+04,-8.208047424460776150e+07
3.884999999999999787e+00,-7.240033180193296403e+01,1.793584795299024481e+00,-8.363746016269872996e+01,-1.714576562500000000e+04,2.716280937194824219e+01,1.962413330078125000e+03,2.610250115394592285e-01,1.932934224605560303e-01,3.214683830738067627e-01,2.991781234741210938e-01,7.240033180193296403e+01,-1.793584795299024481e+00,8.363746016269872996e+01,0.000000000000000000e+00,0.000000000000000000e+00,0.000000000000000000e+00,2.610250115394592285e-01,1.932934224605560303e-01,3.214683830738067627e-01,2.991781234741210938e-01,9.014096093750000000e+04,8.223953125000000000e+04,3.359492968750000000e+04,7.402496093750000000e+04,-8.209271449434167147e+07
3.886000000000000121e+00,-5.519531668598174434e+01,3.516611394385854350e+00,-8.453075225788286673e+01,-1.716198632812500000e+04,4.004969787597656250e+01,1.947229614257812500e+03,2.543589770793914795e-01,2.293464839458465576e-01,2.864583730697631836e-01,2.826744914054870605e-01,5.519531668598174434e+01,-3.516611394385854350e+00,8.453075225788286673e+01,0.000000000000000000e+00,0.000000000000000000e+00,0.000000000000000000e+00,2.543589770793914795e-01,2.293464839458465576e-01,2.864583730697631836e-01,2.826744914054870605e-01,9.011309375000000000e+04,8.201760937500000000e+04,3.370987500000000000e+04,7.413483593750000000e+04,-8.210291883195872605e+07
3.887000000000000011e+00,-3.796799099786738196e+01,4.914121384671362947e+00,-8.591685681085199633e+01,-1.712375000000000000e+04,4.377506256103515625e+01,1.972514038085937500e+03,2.512567043304443359e-01,2.654129564762115479e-01,2.458325922489166260e-01,2.640136778354644775e-01,3.796799099786738196e+01,-4.914121384671362947e+00,8.591685681085199633e+01,0.000000000000000000e+00,0.000000000000000000e+00,0.000000000000000000e+00,2.512567043304443359e-01,2.654129564762115479e-01,2.458325922489166260e-01,2.640136778354644775e-01,9.004621093750000000e+04,8.195010156250000000e+04,3.381843359375000000e+04,7.425244531250000000e+04,-8.211176625517238677e+07
3.887999999999999901e+00,-2.072209216417071076e+01,5.842628806203014058e+00,-8.766049365126029613e+01,-1.708076562500000000e+04,4.159873199462890625e+01,1.975529052734375000e+03,2.487787008285522461e-01,2.993350923061370850e-01,2.044805586338043213e-01,2.459263801574707031e-01,2.072209216417071076e+01,-5.842628806203014058e+00,8.766049365126029613e+01,0.000000000000000000e+00,0.000000000000000000e+00,0.000000000000000000e+00,2.487787008285522461e-01,2.993350923061370850e-01,2.044805586338043213e-01,2.459263801574707031e-01,8.995361718750000000e+04,8.206250000000000000e+04,3.393073437500000000e+04,7.436548437500000000e+04,-8.211991415873458982e+07
3.888999999999999790e+00,-3.432591714386043158e+00,6.208155107870306999e+00,-8.958180167288946905e+01,-1.708616210937500000e+04,4.253406524658203125e+01,1.952106079101562500e+03,2.494511008262634277e-01,3.294672071933746338e-01,1.650140434503555298e-01,2.298303097486495972e-01,3.432591714386043158e+00,-6.208155107870306999e+00,8.958180167288946905e+01,0.000000000000000000e+00,0.000000000000000000e+00,0.000000000000000000e+00,2.494511008262634277e-01,3.294672071933746338e-01,1.650140434503555298e-01,2.298303097486495972e-01,8.984221875000000000e+04,8.217919531250000000e+04,3.404659765625000000e+04,7.447350781250000000e+04,-8.212798938180127740e+07
3.890000000000000124e+00,1.390963493911512927e+01,5.977267745068846949e+00,-9.151950100352151196e+01,-1.713490820312500000e+04,5.418565368652343750e+01,1.947035034179687500e+03,2.519329190254211426e-01,3.562125265598297119e-01,1.304051727056503296e-01,2.162587344646453857e-01,-1.390963493911512927e+01,-5.977267745068846949e+00,9.151950100352151196e+01,0.000000000000000000e+00,0.000000000000000000e+00,0.000000000000000000e+00,2.519329190254211426e-01,3.562125265598297119e-01,1.304051727056503296e-01,2.162587344646453857e-01,8.974007812500000000e+04,8.229211718750000000e+04,3.416043750000000000e+04,7.458496093750000000e+04,-8.213659440653905272e+07
3.891000000000000014e+00,3.124485435542314704e+01,5.171419541729672886e+00,-9.329809049860675429e+01,-1.716078710937500000e+04,6.464383697509765625e+01,1.951182495117187500e+03,2.533710002899169922e-01,3.803368806838989258e-01,1.034188196063041687e-01,2.051681876182556152e-01,-3.124485435542314704e+01,-5.171419541729672886e+00,9.329809049860675429e+01,0.000000000000000000e+00,0.000000000000000000e+00,0.000000000000000000e+00,2.533710002899169922e-01,3.803368806838989258e-01,1.034188196063041687e-01,2.051681876182556152e-01,8.966100000000000000e+04,8.240450000000000000e+04,3.427143359375000000e+04,7.460257812500000000e+04,-8.214630192473350465e+07
3.891999999999999904e+00,4.849472412147582645e+01,3.872436262991511668e+00,-9.475568560009602948e+01,-1.713328906250000000e+04,6.567083740234375000e+01,1.955187133789062500e+03,2.563197612762451172e-01,4.017707109451293945e-01,8.432244509458541870e-02,1.967665404081344604e-01,-4.849472412147582645e+01,-3.872436262991511668e+00,9.475568560009602948e+01,0.000000000000000000e+00,0.000000000000000000e+00,0.000000000000000000e+00,2.563197612762451172e-01,4.017707109451293945e-01,8.432244509458541870e-02,1.967665404081344604e-01,8.959285156250000000e+04,8.251586718750000000e+04,3.435964843750000000e+04,7.453653125000000000e+04,-8.215764729871727526e+07
3.892999999999999794e+00,6.563545620435004935e+01,2.198167500365334259e+00,-9.577426081803422164e+01,-1.708512500000000000e+04,5.675318908691406250e+01,1.965460327148437500e+03,2.624996900558471680e-01,4.208400249481201172e-01,7.265952974557876587e-02,1.907483190298080444e-01,-6.563545620435004935e+01,-2.198167500365334259e+00,9.577426081803422164e+01,0.000000000000000000e+00,0.000000000000000000e+00,0.000000000000000000e+00,2.624996900558471680e-01,4.208400249481201172e-01,7.265952974557876587e-02,1.907483190298080444e-01,8.954968750000000000e+04,8.262677343750000000e+04,3.428711328125000000e+04,7.440904687500000000e+04,-8.217113285280403495e+07
3.894000000000000128e+00,8.272448408734169334e+01,3.365303605856924674e-01,-9.625126068045253191e+01,-1.707688085937500000e+04,4.884953308105468750e+01,1.928256469726562500e+03,2.701124846935272217e-01,4.376727938652038574e-01,6.777150183916091919e-02,1.871013343334197998e-01,-8.272448408734169334e+01,-3.365303605856924674e-01,9.625126068045253191e+01,0.000000000000000000e+00,0.000000000000000000e+00,0.000000000000000000e+00,2.701124846935272217e-01,4.376727938652038574e-01,6.777150183916091919e-02,1.871013343334197998e-01,8.954260156250000000e+04,8.274617968750000000e+04,3.412794921875000000e+04,7.423146875000000000e+04,-8.218724061150680482e+07
3.895000000000000018e+00,9.984659428082538568e+01,-1.593269321836123575e+00,-9.615634809845377617e+01,-1.711944921875000000e+04,5.178395462036132812e+01,1.938648803710937500e+03,2.794398665428161621e-01,4.528525471687316895e-01,6.716652214527130127e-02,1.851690113544464111e-01,-9.984659428082538568e+01,1.593269321836123575e+00,9.615634809845377617e+01,0.000000000000000000e+00,0.000000000000000000e+00,0.000000000000000000e+00,2.794398665428161621e-01,4.528525471687316895e-01,6.716652214527130127e-02,1.851690113544464111e-01,8.959878906250000000e+04,8.285610937500000000e+04,3.392365625000000000e+04,7.403917968750000000e+04,-8.220645853568305075e+07
3.895999999999999908e+00,1.170363389919528174e+02,-3.424542115276624443e+00,-9.548309202630009906e+01,-1.715860937500000000e+04,5.902951049804687500e+01,1.957301757812500000e+03,2.799499630928039551e-01,4.651418626308441162e-01,6.994902342557907104e-02,1.861901432275772095e-01,-1.170363389919528174e+02,3.424542115276624443e+00,9.548309202630009906e+01,0.000000000000000000e+00,0.000000000000000000e+00,0.000000000000000000e+00,2.799499630928039551e-01,4.651418626308441162e-01,6.994902342557907104e-02,1.861901432275772095e-01,8.971379687500000000e+04,8.296589843750000000e+04,3.371697656250000000e+04,7.383802343750000000e+04,-8.222928478867928684e+07
3.896999999999999797e+00,1.342683171811189027e+02,-4.970457913548502304e+00,-9.429952451897689514e+01,-1.714369531250000000e+04,5.836634445190429688e+01,1.951416503906250000e+03,2.744503617286682129e-01,4.742680191993713379e-01,7.336708158254623413e-02,1.900142729282379150e-01,-1.342683171811189027e+02,4.970457913548502304e+00,9.429952451897689514e+01,0.000000000000000000e+00,0.000000000000000000e+00,0.000000000000000000e+00,2.744503617286682129e-01,4.742680191993713379e-01,7.336708158254623413e-02,1.900142729282379150e-01,8.982575781250000000e+04,8.307960937500000000e+04,3.354348828125000000e+04,7.364414062500000000e+04,-8.225622987545430660e+07
3.898000000000000131e+00,1.515216633473764034e+02,-6.108870864259067446e+00,-9.270711569158136456e+01,-1.709794726562500000e+04,4.851473617553710938e+01,1.958080444335937500e+03,2.670283317565917969e-01,4.801976382732391357e-01,7.570999115705490112e-02,1.961584687232971191e-01,-1.515216633473764034e+02,6.108870864259067446e+00,9.270711569158136456e+01,0.000000000000000000e+00,0.000000000000000000e+00,0.000000000000000000e+00,2.670283317565917969e-01,4.801976382732391357e-01,7.570999115705490112e-02,1.961584687232971191e-01,8.990419531250000000e+04,8.319069531250000000e+04,3.339921484375000000e+04,7.348623437500000000e+04,-8.228782061752094328e+07
3.899000000000000021e+00,1.688061252018999596e+02,-6.727423789160414280e+00,-9.087031638872025496e+01,-1.707750976562500000e+04,3.771575164794921875e+01,1.934026123046875000e+03,2.562016248703002930e-01,4.833598434925079346e-01,7.684370130300521851e-02,2.035263776779174805e-01,-1.688061252018999596e+02,6.727423789160414280e+00,9.087031638872025496e+01,0.000000000000000000e+00,0.000000000000000000e+00,0.000000000000000000e+00,2.562016248703002930e-01,4.833598434925079346e-01,7.684370130300521851e-02,2.035263776779174805e-01,8.992417968750000000e+04,8.330784375000000000e+04,3.328448046875000000e+04,7.337401562500000000e+04,-8.232461879805804789e+07
3.899999999999999911e+00,-1.738481121111960022e+02,-6.775508687987253253e+00,-8.891919863615430586e+01,-1.711473242187500000e+04,3.733033370971679688e+01,1.945045898437500000e+03,2.458939850330352783e-01,4.850020110607147217e-01,7.647449523210525513e-02,2.103035897016525269e-01,1.738481121111960022e+02,6.775508687987253253e+00,8.891919863615430586e+01,0.000000000000000000e+00,0.000000000000000000e+00,0.000000000000000000e+00,2.458939850330352783e-01,4.850020110607147217e-01,7.647449523210525513e-02,2.103035897016525269e-01,8.987133593750000000e+04,8.341778125000000000e+04,3.317485546875000000e+04,7.332644531250000000e+04,-8.236279449554675817e+07
3.900999999999999801e+00,-1.564709865427032867e+02,-6.234668181520234498e+00,-8.703241695902119091e+01,-1.716168945312500000e+04,4.276297760009765625e+01,1.957934326171875000e+03,2.954024672508239746e-01,6.612625718116760254e-02,3.896300494670867920e-01,3.197557628154754639e-01,1.564709865427032867e+02,6.234668181520234498e+00,8.703241695902119091e+01,0.000000000000000000e+00,0.000000000000000000e+00,0.000000000000000000e+00,2.954024672508239746e-01,6.612625718116760254e-02,3.896300494670867920e-01,3.197557628154754639e-01,8.974682812500000000e+04,8.352842968750000000e+04,3.306562890625000000e+04,7.332983593750000000e+04,-8.239489117786546052e+07
3.902000000000000135e+00,-1.391469314494701734e+02,-5.166800912194625006e+00,-8.540742795742309568e+01,-1.716099218750000000e+04,4.237313842773437500e+01,1.944534912109375000e+03,2.856603860855102539e-01,8.736056834459304810e-02,3.885013163089752197e-01,3.220015466213226318e-01,1.391469314494701734e+02,5.166800912194625006e+00,8.540742795742309568e+01,0.000000000000000000e+00,0.000000000000000000e+00,0.000000000000000000e+00,2.856603860855102539e-01,8.736056834459304810e-02,3.885013163089752197e-01,3.220015466213226318e-01,8.961989062500000000e+04,8.364368750000000000e+04,3.296265625000000000e+04,7.332849218750000000e+04,-8.242157417097923160e+07
3.903000000000000025e+00,-1.219325254299759678e+02,-3.668826713150639574e+00,-8.416249967330676895e+01,-1.711685156250000000e+04,3.041885948181152344e+01,1.952387573242187500e+03,2.786678373813629150e-01,1.104123592376708984e-01,3.813375234603881836e-01,3.213512301445007324e-01,1.219325254299759678e+02,3.668826713150639574e+00,8.416249967330676895e+01,0.000000000000000000e+00,0.000000000000000000e+00,0.000000000000000000e+00,2.786678373813629150e-01,1.104123592376708984e-01,3.813375234603881836e-01,3.213512301445007324e-01,8.973404687500000000e+04,8.341670312500000000e+04,3.307411718750000000e+04,7.344211718750000000e+04,-8.244353849837768078e+07
3.903999999999999915e+00,-1.048082390296933113e+02,-1.874021850406327072e+00,-8.340671048691818612e+01,-1.708609375000000000e+04,1.900573348999023438e+01,1.954236694335937500e+03,2.720295190811157227e-01,1.358650326728820801e-01,3.676698803901672363e-01,3.175597488880157471e-01,1.048082390296933113e+02,1.874021850406327072e+00,8.340671048691818612e+01,0.000000000000000000e+00,0.000000000000000000e+00,0.000000000000000000e+00,2.720295190811157227e-01,1.358650326728820801e-01,3.676698803901672363e-01,3.175597488880157471e-01,8.984628906250000000e+04,8.319182031250000000e+04,3.318658984375000000e+04,7.355567968750000000e+04,-8.246148345665833354e+07
3.904999999999999805e+00,-8.769111076165197005e+01,6.789965210461108847e-02,-8.320994336243558109e+01,-1.711237304687500000e+04,1.587812328338623047e+01,1.959073120117187500e+03,2.661790251731872559e-01,1.645125746726989746e-01,3.467045426368713379e-01,3.098755776882171631e-01,8.769111076165197005e+01,-6.789965210461108847e-02,8.320994336243558109e+01,0.000000000000000000e+00,0.000000000000000000e+00,0.000000000000000000e+00,2.661790251731872559e-01,1.645125746726989746e-01,3.467045426368713379e-01,3.098755776882171631e-01,8.995451562500000000e+04,8.296537500000000000e+04,3.329787500000000000e+04,7.366939843750000000e+04,-8.247608708684968948e+07
3.906000000000000139e+00,-7.051882210818651231e+01,1.999147817045946018e+00,-8.360790675514900272e+01,-1.716341796875000000e+04,2.581575012207031250e+01,1.979029785156250000e+03,2.595632672309875488e-01,1.970861852169036865e-01,3.183076977729797363e-01,2.977796196937561035e-01,7.051882210818651231e+01,-1.999147817045946018e+00,8.360790675514900272e+01,0.000000000000000000e+00,0.000000000000000000e+00,0.000000000000000000e+00,2.595632672309875488e-01,1.970861852169036865e-01,3.183076977729797363e-01,2.977796196937561035e-01,9.001509375000000000e+04,8.273707031250000000e+04,3.340749609375000000e+04,7.378462500000000000e+04,-8.248806426978518069e+07
3.907000000000000028e+00,-5.329618629489129944e+01,3.707222171297133606e+00,-8.455569764475488626e+01,-1.717379101562500000e+04,3.093297004699707031e+01,1.959915527343750000e+03,2.522931694984436035e-01,2.330978512763977051e-01,2.829083502292633057e-01,2.813080847263336182e-01,5.329618629489129944e+01,-3.707222171297133606e+00,8.455569764475488626e+01,0.000000000000000000e+00,0.000000000000000000e+00,0.000000000000000000e+00,2.522931694984436035e-01,2.330978512763977051e-01,2.829083502292633057e-01,2.813080847263336182e-01,9.002715625000000000e+04,8.251582812500000000e+04,3.352234375000000000e+04,7.389360937500000000e+04,-8.249806816275918484e+07
3.907999999999999918e+00,-3.605214770262238488e+01,5.068118129610215128e+00,-8.597822571624809029e+01,-1.713351562500000000e+04,2.964293670654296875e+01,1.972752441406250000e+03,2.498878538608551025e-01,2.683568596839904785e-01,2.419814914464950562e-01,2.631574869155883789e-01,3.605214770262238488e+01,-5.068118129610215128e+00,8.597822571624809029e+01,0.000000000000000000e+00,0.000000000000000000e+00,0.000000000000000000e+00,2.498878538608551025e-01,2.683568596839904785e-01,2.419814914464950562e-01,2.631574869155883789e-01,8.994416406250000000e+04,8.246611718750000000e+04,3.363334375000000000e+04,7.400859375000000000e+04,-8.250678586123184860e+07
3.908999999999999808e+00,-1.878743451275528997e+01,5.958015257080370830e+00,-8.774722093410812818e+01,-1.709305664062500000e+04,2.108920860290527344e+01,1.980110473632812500e+03,2.484783828258514404e-01,3.015197217464447021e-01,2.004756033420562744e-01,2.455543279647827148e-01,1.878743451275528997e+01,-5.958015257080370830e+00,8.774722093410812818e+01,0.000000000000000000e+00,0.000000000000000000e+00,0.000000000000000000e+00,2.484783828258514404e-01,3.015197217464447021e-01,2.004756033420562744e-01,2.455543279647827148e-01,8.986307031250000000e+04,8.241973437500000000e+04,3.374403906250000000e+04,7.412314062500000000e+04,-8.251487390165488422e+07
3.910000000000000142e+00,-1.472806949460242265e+00,6.282154493757415636e+00,-8.968743761569245976e+01,-1.710609375000000000e+04,2.032954597473144531e+01,1.963383422851562500e+03,2.490731924772262573e-01,3.308028876781463623e-01,1.616348773241043091e-01,2.303315997123718262e-01,1.472806949460242265e+00,-6.282154493757415636e+00,8.968743761569245976e+01,0.000000000000000000e+00,0.000000000000000000e+00,0.000000000000000000e+00,2.490731924772262573e-01,3.308028876781463623e-01,1.616348773241043091e-01,2.303315997123718262e-01,8.976170312500000000e+04,8.253526562500000000e+04,3.386000000000000000e+04,7.423236718750000000e+04,-8.252295937274634838e+07
3.911000000000000032e+00,1.589343310866991743e+01,6.009363299578082795e+00,-9.163301543058375387e+01,-1.715626953125000000e+04,2.792178726196289062e+01,1.960654785156250000e+03,2.510964274406433105e-01,3.570648729801177979e-01,1.277959048748016357e-01,2.172862738370895386e-01,-1.589343310866991743e+01,-6.009363299578082795e+00,9.163301543058375387e+01,0.000000000000000000e+00,0.000000000000000000e+00,0.000000000000000000e+00,2.510964274406433105e-01,3.570648729801177979e-01,1.277959048748016357e-01,2.172862738370895386e-01,8.965572656250000000e+04,8.264786718750000000e+04,3.397297656250000000e+04,7.434400000000000000e+04,-8.253164469592650235e+07
3.911999999999999922e+00,3.324449327287060640e+01,5.169675366722983334e+00,-9.339369906975709057e+01,-1.717790429687500000e+04,3.513960266113281250e+01,1.950073242187500000e+03,2.525282502174377441e-01,3.806004524230957031e-01,1.015691980719566345e-01,2.068588584661483765e-01,-3.324449327287060640e+01,-5.169675366722983334e+00,9.339369906975709057e+01,0.000000000000000000e+00,0.000000000000000000e+00,0.000000000000000000e+00,2.525282502174377441e-01,3.806004524230957031e-01,1.015691980719566345e-01,2.068588584661483765e-01,8.955442187500000000e+04,8.276273437500000000e+04,3.408733203125000000e+04,7.445482812500000000e+04,-8.254149900082880259e+07
3.912999999999999812e+00,5.050263096993020184e+01,3.846408606409148945e+00,-9.482731648807732938e+01,-1.714379296875000000e+04,3.141126823425292969e+01,1.954723632812500000e+03,2.567465603351593018e-01,4.017373323440551758e-01,8.280310779809951782e-02,1.987705081701278687e-01,-5.050263096993020184e+01,-3.846408606409148945e+00,9.482731648807732938e+01,0.000000000000000000e+00,0.000000000000000000e+00,0.000000000000000000e+00,2.567465603351593018e-01,4.017373323440551758e-01,8.280310779809951782e-02,1.987705081701278687e-01,8.947335937500000000e+04,8.287385937500000000e+04,3.419941796875000000e+04,7.448337500000000000e+04,-8.255305653137518466e+07
3.914000000000000146e+00,6.765516330901752440e+01,2.150791269175301501e+00,-9.582067220962088072e+01,-1.709888867187500000e+04,2.031989860534667969e+01,1.971664794921875000e+03,2.631992995738983154e-01,4.203597009181976318e-01,7.180075347423553467e-02,1.932972222566604614e-01,-6.765516330901752440e+01,-2.150791269175301501e+00,9.582067220962088072e+01,0.000000000000000000e+00,0.000000000000000000e+00,0.000000000000000000e+00,2.631992995738983154e-01,4.203597009181976318e-01,7.180075347423553467e-02,1.932972222566604614e-01,8.940588281250000000e+04,8.298374218750000000e+04,3.427065625000000000e+04,7.443438281250000000e+04,-8.256681997962334752e+07
3.915000000000000036e+00,8.476372943373623059e+01,2.832180090623476199e-01,-9.626841376233592484e+01,-1.709745898437500000e+04,1.045467090606689453e+01,1.927585815429687500e+03,2.702495455741882324e-01,4.368462562561035156e-01,6.759636104106903076e-02,1.900928318500518799e-01,-8.476372943373623059e+01,-2.832180090623476199e-01,9.626841376233592484e+01,0.000000000000000000e+00,0.000000000000000000e+00,0.000000000000000000e+00,2.702495455741882324e-01,4.368462562561035156e-01,6.759636104106903076e-02,1.900928318500518799e-01,8.936069531250000000e+04,8.310425781250000000e+04,3.419749218750000000e+04,7.431548437500000000e+04,-8.258327255715161562e+07
3.915999999999999925e+00,1.019117695819027318e+02,-1.642954926625330270e+00,-9.614437703827910298e+01,-1.714494140625000000e+04,1.172630977630615234e+01,1.937348144531250000e+03,2.797358334064483643e-01,4.517751634120941162e-01,6.735895574092864990e-02,1.885064393281936646e-01,-1.019117695819027318e+02,1.642954926625330270e+00,9.614437703827910298e+01,0.000000000000000000e+00,0.000000000000000000e+00,0.000000000000000000e+00,2.797358334064483643e-01,4.517751634120941162e-01,6.735895574092864990e-02,1.885064393281936646e-01,8.937110937500000000e+04,8.321437500000000000e+04,3.402437500000000000e+04,7.416745312500000000e+04,-8.260290500646789372e+07
3.916999999999999815e+00,1.191210548991478078e+02,-3.441905525688399692e+00,-9.545437533558975929e+01,-1.717705859375000000e+04,1.520286846160888672e+01,1.933663574218750000e+03,2.797820568084716797e-01,4.637570977210998535e-01,7.042708992958068848e-02,1.899269968271255493e-01,-1.191210548991478078e+02,3.441905525688399692e+00,9.545437533558975929e+01,0.000000000000000000e+00,0.000000000000000000e+00,0.000000000000000000e+00,2.797820568084716797e-01,4.637570977210998535e-01,7.042708992958068848e-02,1.899269968271255493e-01,8.942950000000000000e+04,8.332795312500000000e+04,3.382382812500000000e+04,7.399735937500000000e+04,-8.262621821667253971e+07
3.918000000000000149e+00,1.363666934747212167e+02,-4.973376568531721276e+00,-9.425109026872236484e+01,-1.715569726562500000e+04,1.158022689819335938e+01,1.952865966796875000e+03,2.756669521331787109e-01,4.726498425006866455e-01,7.373525202274322510e-02,1.940143704414367676e-01,-1.363666934747212167e+02,4.973376568531721276e+00,9.425109026872236484e+01,0.000000000000000000e+00,0.000000000000000000e+00,0.000000000000000000e+00,2.756669521331787109e-01,4.726498425006866455e-01,7.373525202274322510e-02,1.940143704414367676e-01,8.954490625000000000e+04,8.343710937500000000e+04,3.362142187500000000e+04,7.382210937500000000e+04,-8.265372209425310791e+07
3.919000000000000039e+00,1.536314140652844742e+02,-6.086470949411638465e+00,-9.265595161658596624e+01,-1.710935156250000000e+04,-1.017093896865844727e+00,1.946227294921875000e+03,2.661913037300109863e-01,4.781653285026550293e-01,7.636386156082153320e-02,2.005018740892410278e-01,-1.536314140652844742e+02,6.086470949411638465e+00,9.265595161658596624e+01,0.000000000000000000e+00,0.000000000000000000e+00,0.000000000000000000e+00,2.661913037300109863e-01,4.781653285026550293e-01,7.636386156082153320e-02,2.005018740892410278e-01,8.965627343750000000e+04,8.355069531250000000e+04,3.345411328125000000e+04,7.365691406250000000e+04,-8.268594687613940239e+07
3.919999999999999929e+00,1.709331893731205696e+02,-6.681050900172174956e+00,-9.082040060886239985e+01,-1.709606835937500000e+04,-1.122431278228759766e+01,1.925720214843750000e+03,2.561237812042236328e-01,4.811661839485168457e-01,7.756638526916503906e-02,2.080111503601074219e-01,-1.709331893731205696e+02,6.681050900172174956e+00,9.082040060886239985e+01,0.000000000000000000e+00,0.000000000000000000e+00,0.000000000000000000e+00,2.561237812042236328e-01,4.811661839485168457e-01,7.756638526916503906e-02,2.080111503601074219e-01,8.974311718750000000e+04,8.366732812500000000e+04,3.332067968750000000e+04,7.352460937500000000e+04,-8.272345801297655702e+07
3.920999999999999819e+00,-1.717023569525144069e+02,-6.705899481737606749e+00,-8.889620490237996364e+01,-1.713856445312500000e+04,-1.206258583068847656e+01,1.918355224609375000e+03,2.453749179840087891e-01,4.827912449836730957e-01,7.730791717767715454e-02,2.146162837743759155e-01,1.717023569525144069e+02,6.705899481737606749e+00,8.889620490237996364e+01,0.000000000000000000e+00,0.000000000000000000e+00,0.000000000000000000e+00,2.453749179840087891e-01,4.827912449836730957e-01,7.730791717767715454e-02,2.146162837743759155e-01,8.976326562500000000e+04,8.378021875000000000e+04,3.320934375000000000e+04,7.344742968750000000e+04,-8.276088721669350564e+07
3.922000000000000153e+00,-1.543111935891851090e+02,-6.145098362308001327e+00,-8.703126938323632089e+01,-1.718080078125000000e+04,-5.372930049896240234e+00,1.943473144531250000e+03,2.967205643653869629e-01,6.471180915832519531e-02,3.902484476566314697e-01,3.231306076049804688e-01,1.543111935891851090e+02,6.145098362308001327e+00,8.703126938323632089e+01,0.000000000000000000e+00,0.000000000000000000e+00,0.000000000000000000e+00,2.967205643653869629e-01,6.471180915832519531e-02,3.902484476566314697e-01,3.231306076049804688e-01,8.971642187500000000e+04,8.388894531250000000e+04,3.310612890625000000e+04,7.343373437500000000e+04,-8.279231136524476111e+07
3.923000000000000043e+00,-1.369791773482482995e+02,-5.069132447024097488e+00,-8.543598084228645462e+01,-1.717452343750000000e+04,-7.763001918792724609e+00,1.925059936523437500e+03,2.863873541355133057e-01,8.632475137710571289e-02,3.887149691581726074e-01,3.251256346702575684e-01,1.369791773482482995e+02,5.069132447024097488e+00,8.543598084228645462e+01,0.000000000000000000e+00,0.000000000000000000e+00,0.000000000000000000e+00,2.863873541355133057e-01,8.632475137710571289e-02,3.887149691581726074e-01,3.251256346702575684e-01,8.958610937500000000e+04,8.400457031250000000e+04,3.300915234375000000e+04,7.346115625000000000e+04,-8.281839966319800913e+07
3.923999999999999932e+00,-1.197577315903037629e+02,-3.560882449050294607e+00,-8.421650058617697709e+01,-1.712805468750000000e+04,-1.734056091308593750e+01,1.944541992187500000e+03,2.799043953418731689e-01,1.092347502708435059e-01,3.810052871704101562e-01,3.245597183704376221e-01,1.197577315903037629e+02,3.560882449050294607e+00,8.421650058617697709e+01,0.000000000000000000e+00,0.000000000000000000e+00,0.000000000000000000e+00,2.799043953418731689e-01,1.092347502708435059e-01,3.810052871704101562e-01,3.245597183704376221e-01,8.970175781250000000e+04,8.377608593750000000e+04,3.311903906250000000e+04,7.357653125000000000e+04,-8.283984667632846534e+07
3.924999999999999822e+00,-1.026182650142435620e+02,-1.795451775845934739e+00,-8.350000566028106164e+01,-1.710441015625000000e+04,-2.939797592163085938e+01,1.911848510742187500e+03,2.726125121116638184e-01,1.352763175964355469e-01,3.668222427368164062e-01,3.204435110092163086e-01,1.026182650142435620e+02,1.795451775845934739e+00,8.350000566028106164e+01,0.000000000000000000e+00,0.000000000000000000e+00,0.000000000000000000e+00,2.726125121116638184e-01,1.352763175964355469e-01,3.668222427368164062e-01,3.204435110092163086e-01,8.980868750000000000e+04,8.355710937500000000e+04,3.323633984375000000e+04,7.368372656250000000e+04,-8.285735265923534334e+07
3.926000000000000156e+00,-8.547820331266996163e+01,1.294974886381594636e-01,-8.333647941819016580e+01,-1.713606054687500000e+04,-2.731348609924316406e+01,1.938906982421875000e+03,2.687786519527435303e-01,1.634649336338043213e-01,3.449574708938598633e-01,3.128923773765563965e-01,8.547820331266996163e+01,-1.294974886381594636e-01,8.333647941819016580e+01,0.000000000000000000e+00,0.000000000000000000e+00,0.000000000000000000e+00,2.687786519527435303e-01,1.634649336338043213e-01,3.449574708938598633e-01,3.128923773765563965e-01,8.992564843750000000e+04,8.332660937500000000e+04,3.334503515625000000e+04,7.380166406250000000e+04,-8.287160416804832220e+07
3.927000000000000046e+00,-6.828312590056133047e+01,2.018178249651270573e+00,-8.375874458733839845e+01,-1.718552929687500000e+04,-1.756834983825683594e+01,1.942486328125000000e+03,2.606333494186401367e-01,1.971327662467956543e-01,3.161891996860504150e-01,3.003094196319580078e-01,6.828312590056133047e+01,-2.018178249651270573e+00,8.375874458733839845e+01,0.000000000000000000e+00,0.000000000000000000e+00,0.000000000000000000e+00,2.606333494186401367e-01,1.971327662467956543e-01,3.161891996860504150e-01,3.003094196319580078e-01,8.998871093750000000e+04,8.310125781250000000e+04,3.345681640625000000e+04,7.391450000000000000e+04,-8.288328635366937518e+07
3.927999999999999936e+00,-5.104472498812293679e+01,3.692543657652667566e+00,-8.472941746030093668e+01,-1.718840820312500000e+04,-8.928820610046386719e+00,1.942016601562500000e+03,2.544770538806915283e-01,2.330789864063262939e-01,2.800467312335968018e-01,2.838754653930664062e-01,5.104472498812293679e+01,-3.692543657652667566e+00,8.472941746030093668e+01,0.000000000000000000e+00,0.000000000000000000e+00,0.000000000000000000e+00,2.544770538806915283e-01,2.330789864063262939e-01,2.800467312335968018e-01,2.838754653930664062e-01,9.002258593750000000e+04,8.287649218750000000e+04,3.356974218750000000e+04,7.402641406250000000e+04,-8.289308462668031454e+07
3.928999999999999826e+00,-3.379013618167753918e+01,5.003545252233243978e+00,-8.615307500164941246e+01,-1.714501953125000000e+04,-1.028375720977783203e+01,1.939501831054687500e+03,2.511436939239501953e-01,2.688896059989929199e-01,2.390730082988739014e-01,2.655807137489318848e-01,3.379013618167753918e+01,-5.003545252233243978e+00,8.615307500164941246e+01,0.000000000000000000e+00,0.000000000000000000e+00,0.000000000000000000e+00,2.511436939239501953e-01,2.688896059989929199e-01,2.390730082988739014e-01,2.655807137489318848e-01,8.999731250000000000e+04,8.265139843750000000e+04,3.368293750000000000e+04,7.413836718750000000e+04,-8.290167378778082132e+07
3.930000000000000160e+00,-1.651433398952726961e+01,5.838449303914859279e+00,-8.790748865207098106e+01,-1.710841406250000000e+04,-1.339013004302978516e+01,1.943014892578125000e+03,2.508571147918701172e-01,3.018639087677001953e-01,1.972597986459732056e-01,2.481474280357360840e-01,1.651433398952726961e+01,-5.838449303914859279e+00,8.790748865207098106e+01,0.000000000000000000e+00,0.000000000000000000e+00,0.000000000000000000e+00,2.508571147918701172e-01,3.018639087677001953e-01,1.972597986459732056e-01,2.481474280357360840e-01,8.992966406250000000e+04,8.260135156250000000e+04,3.379441796875000000e+04,7.425232031250000000e+04,-8.290970832505932450e+07
3.931000000000000050e+00,8.159938200857231871e-01,6.109853044181658532e+00,-8.981784274790784650e+01,-1.712987890625000000e+04,-9.398218154907226562e+00,1.926410156250000000e+03,2.515895366668701172e-01,3.314062058925628662e-01,1.586001366376876831e-01,2.327729463577270508e-01,-8.159938200857231871e-01,-6.109853044181658532e+00,8.981784274790784650e+01,0.000000000000000000e+00,0.000000000000000000e+00,0.000000000000000000e+00,2.515895366668701172e-01,3.314062058925628662e-01,1.586001366376876831e-01,2.327729463577270508e-01,8.983621093750000000e+04,8.271605468750000000e+04,3.391014453125000000e+04,7.436217187500000000e+04,-8.291781356608535349e+07
3.931999999999999940e+00,1.819702300792695127e+01,5.785405223909576122e+00,-9.173659413699607512e+01,-1.718055664062500000e+04,4.785836219787597656e+00,1.943064819335937500e+03,2.534500360488891602e-01,3.578179478645324707e-01,1.253544092178344727e-01,2.196937203407287598e-01,-1.819702300792695127e+01,-5.785405223909576122e+00,9.173659413699607512e+01,0.000000000000000000e+00,0.000000000000000000e+00,0.000000000000000000e+00,2.534500360488891602e-01,3.578179478645324707e-01,1.253544092178344727e-01,2.196937203407287598e-01,8.974855468750000000e+04,8.282596093750000000e+04,3.401901953125000000e+04,7.447686718750000000e+04,-8.292659377134916186e+07
3.932999999999999829e+00,3.555109762993985356e+01,4.916693056399302542e+00,-9.342725766553691358e+01,-1.719482617187500000e+04,1.397886466979980469e+01,1.901305786132812500e+03,2.536614537239074707e-01,3.815703988075256348e-01,1.002487763762474060e-01,2.091165930032730103e-01,-3.555109762993985356e+01,-4.916693056399302542e+00,9.342725766553691358e+01,0.000000000000000000e+00,0.000000000000000000e+00,0.000000000000000000e+00,2.536614537239074707e-01,3.815703988075256348e-01,1.002487763762474060e-01,2.091165930032730103e-01,8.965837500000000000e+04,8.294611718750000000e+04,3.413915625000000000e+04,7.458217187500000000e+04,-8.293661047823737562e+07
3.934000000000000163e+00,5.280999981532100662e+01,3.564366031470303842e+00,-9.480175424517554461e+01,-1.715564062500000000e+04,1.451153564453125000e+01,1.932671020507812500e+03,2.604361772537231445e-01,4.029690921306610107e-01,8.151672035455703735e-02,2.006036192178726196e-01,-5.280999981532100662e+01,-3.564366031470303842e+00,9.480175424517554461e+01,0.000000000000000000e+00,0.000000000000000000e+00,0.000000000000000000e+00,2.604361772537231445e-01,4.029690921306610107e-01,8.151672035455703735e-02,2.006036192178726196e-01,8.959607031250000000e+04,8.305258593750000000e+04,3.424602343750000000e+04,7.462979687500000000e+04,-8.294839945163103938e+07
3.935000000000000053e+00,6.996725400771155989e+01,1.884960780465476882e+00,-9.571155019084130799e+01,-1.711241992187500000e+04,6.389961242675781250e+00,1.916612182617187500e+03,2.652876377105712891e-01,4.215886592864990234e-01,7.171097397804260254e-02,1.950715184211730957e-01,-6.996725400771155989e+01,-1.884960780465476882e+00,9.571155019084130799e+01,0.000000000000000000e+00,0.000000000000000000e+00,0.000000000000000000e+00,2.652876377105712891e-01,4.215886592864990234e-01,7.171097397804260254e-02,1.950715184211730957e-01,8.952863281250000000e+04,8.316819531250000000e+04,3.431217187500000000e+04,7.458937500000000000e+04,-8.296245912218149006e+07
3.935999999999999943e+00,8.709473244121619473e+01,1.721756314144601632e-02,-9.608542302619646591e+01,-1.711969335937500000e+04,5.027892589569091797e+00,1.911878906250000000e+03,2.747606337070465088e-01,4.384102523326873779e-01,6.746794283390045166e-02,1.912975460290908813e-01,-8.709473244121619473e+01,-1.721756314144601632e-02,9.608542302619646591e+01,0.000000000000000000e+00,0.000000000000000000e+00,0.000000000000000000e+00,2.747606337070465088e-01,4.384102523326873779e-01,6.746794283390045166e-02,1.912975460290908813e-01,8.951349218750000000e+04,8.328147656250000000e+04,3.422044921875000000e+04,7.448705468750000000e+04,-8.297926702341505885e+07
3.936999999999999833e+00,1.042693747305024772e+02,-1.859698450254753777e+00,-9.588724097877476993e+01,-1.716990820312500000e+04,1.139951419830322266e+01,1.894395263671875000e+03,2.805578708648681641e-01,4.531539678573608398e-01,6.802057474851608276e-02,1.897015571594238281e-01,-1.042693747305024772e+02,1.859698450254753777e+00,9.588724097877476993e+01,0.000000000000000000e+00,0.000000000000000000e+00,0.000000000000000000e+00,2.805578708648681641e-01,4.531539678573608398e-01,6.802057474851608276e-02,1.897015571594238281e-01,8.953079687500000000e+04,8.339678125000000000e+04,3.405099218750000000e+04,7.434363281250000000e+04,-8.299934694738259912e+07
3.938000000000000167e+00,1.215009306943864402e+02,-3.598236332820869965e+00,-9.513033805133326837e+01,-1.719394726562500000e+04,2.055337142944335938e+01,1.902826049804687500e+03,2.818574309349060059e-01,4.652001857757568359e-01,7.071408629417419434e-02,1.907756477594375610e-01,-1.215009306943864402e+02,3.598236332820869965e+00,9.513033805133326837e+01,0.000000000000000000e+00,0.000000000000000000e+00,0.000000000000000000e+00,2.818574309349060059e-01,4.652001857757568359e-01,7.071408629417419434e-02,1.907756477594375610e-01,8.961950781250000000e+04,8.350857812500000000e+04,3.384645703125000000e+04,7.418021093750000000e+04,-8.302317215206466615e+07
3.939000000000000057e+00,1.387636465874570035e+02,-5.041353219784991069e+00,-9.388581938340092847e+01,-1.716738671875000000e+04,1.877244377136230469e+01,1.910346313476562500e+03,2.762290835380554199e-01,4.738949835300445557e-01,7.378382235765457153e-02,1.946224868297576904e-01,-1.387636465874570035e+02,5.041353219784991069e+00,9.388581938340092847e+01,0.000000000000000000e+00,0.000000000000000000e+00,0.000000000000000000e+00,2.762290835380554199e-01,4.738949835300445557e-01,7.378382235765457153e-02,1.946224868297576904e-01,8.973301562500000000e+04,8.361898437500000000e+04,3.365023437500000000e+04,7.400839062500000000e+04,-8.305126746400249004e+07
3.939999999999999947e+00,1.560433455180805993e+02,-6.065297164452823075e+00,-9.225384519848215348e+01,-1.712015234375000000e+04,1.250488376617431641e+01,1.927219360351562500e+03,2.672107517719268799e-01,4.791968762874603271e-01,7.598933577537536621e-02,2.009266167879104614e-01,-1.560433455180805993e+02,6.065297164452823075e+00,9.225384519848215348e+01,0.000000000000000000e+00,0.000000000000000000e+00,0.000000000000000000e+00,2.672107517719268799e-01,4.791968762874603271e-01,7.598933577537536621e-02,2.009266167879104614e-01,8.984865625000000000e+04,8.372904687500000000e+04,3.348109375000000000e+04,7.384914062500000000e+04,-8.308416454946656525e+07
3.940999999999999837e+00,1.733621984603041710e+02,-6.553812125727625393e+00,-9.043285453585249911e+01,-1.711717968750000000e+04,6.375473022460937500e+00,1.881708251953125000e+03,2.552682757377624512e-01,4.821988940238952637e-01,7.683733850717544556e-02,2.077354639768600464e-01,-1.733621984603041710e+02,6.553812125727625393e+00,9.043285453585249911e+01,0.000000000000000000e+00,0.000000000000000000e+00,0.000000000000000000e+00,2.552682757377624512e-01,4.821988940238952637e-01,7.683733850717544556e-02,2.077354639768600464e-01,8.993072656250000000e+04,8.384939062500000000e+04,3.335073046875000000e+04,7.371261718750000000e+04,-8.312244005495443940e+07
3.942000000000000171e+00,-1.692580875957452236e+02,-6.472175911180213070e+00,-8.852560792385276045e+01,-1.716179101562500000e+04,1.377519893646240234e+01,1.903755004882812500e+03,2.461172491312026978e-01,4.838607907295227051e-01,7.626888900995254517e-02,2.138736844062805176e-01,1.692580875957452236e+02,6.472175911180213070e+00,8.852560792385276045e+01,0.000000000000000000e+00,0.000000000000000000e+00,0.000000000000000000e+00,2.461172491312026978e-01,4.838607907295227051e-01,7.626888900995254517e-02,2.138736844062805176e-01,8.987380468750000000e+04,8.395795312500000000e+04,3.323886328125000000e+04,7.368972656250000000e+04,-8.315896702749031782e+07
3.943000000000000060e+00,-1.518671867468193568e+02,-5.825478017477608184e+00,-8.674745779087105291e+01,-1.719887695312500000e+04,2.154780960083007812e+01,1.889441040039062500e+03,2.955207824707031250e-01,6.943114846944808960e-02,3.893100023269653320e-01,3.216263055801391602e-01,1.518671867468193568e+02,5.825478017477608184e+00,8.674745779087105291e+01,0.000000000000000000e+00,0.000000000000000000e+00,0.000000000000000000e+00,2.955207824707031250e-01,6.943114846944808960e-02,3.893100023269653320e-01,3.216263055801391602e-01,8.981156250000000000e+04,8.407352343750000000e+04,3.313495312500000000e+04,7.366201562500000000e+04,-8.318958972752802074e+07
3.943999999999999950e+00,-1.345429138189458627e+02,-4.660957872013185010e+00,-8.522339298135379693e+01,-1.718338671875000000e+04,2.352471351623535156e+01,1.920000366210937500e+03,2.876535058021545410e-01,9.101162850856781006e-02,3.864531517028808594e-01,3.230848014354705811e-01,1.345429138189458627e+02,4.660957872013185010e+00,8.522339298135379693e+01,0.000000000000000000e+00,0.000000000000000000e+00,0.000000000000000000e+00,2.876535058021545410e-01,9.101162850856781006e-02,3.864531517028808594e-01,3.230848014354705811e-01,8.969301562500000000e+04,8.418009375000000000e+04,3.302162109375000000e+04,7.368695312500000000e+04,-8.321497627442644536e+07
3.944999999999999840e+00,-1.173297006371319640e+02,-3.115943319368071229e+00,-8.411952791149626307e+01,-1.713678125000000000e+04,1.504065608978271484e+01,1.904372070312500000e+03,2.784428000450134277e-01,1.157552152872085571e-01,3.778555989265441895e-01,3.210523724555969238e-01,1.173297006371319640e+02,3.115943319368071229e+00,8.411952791149626307e+01,0.000000000000000000e+00,0.000000000000000000e+00,0.000000000000000000e+00,2.784428000450134277e-01,1.157552152872085571e-01,3.778555989265441895e-01,3.210523724555969238e-01,8.980264062500000000e+04,8.395792968750000000e+04,3.313700000000000000e+04,7.379635937500000000e+04,-8.323582833715686202e+07
3.946000000000000174e+00,-1.001855927964425206e+02,-1.321456166870495608e+00,-8.351925810615195189e+01,-1.711930859375000000e+04,9.088619232177734375e+00,1.899109130859375000e+03,2.734083533287048340e-01,1.418909728527069092e-01,3.619844317436218262e-01,3.161459565162658691e-01,1.001855927964425206e+02,1.321456166870495608e+00,8.351925810615195189e+01,0.000000000000000000e+00,0.000000000000000000e+00,0.000000000000000000e+00,2.734083533287048340e-01,1.418909728527069092e-01,3.619844317436218262e-01,3.161459565162658691e-01,8.991469531250000000e+04,8.373391406250000000e+04,3.324999609375000000e+04,7.390786718750000000e+04,-8.325284270288184285e+07
3.947000000000000064e+00,-8.302602975726105683e+01,5.764142923615218628e-01,-8.348082098080146807e+01,-1.715775000000000000e+04,1.481446743011474609e+01,1.905315307617187500e+03,2.678189575672149658e-01,1.717755496501922607e-01,3.389155268669128418e-01,3.071307241916656494e-01,8.302602975726105683e+01,-5.764142923615218628e-01,8.348082098080146807e+01,0.000000000000000000e+00,0.000000000000000000e+00,0.000000000000000000e+00,2.678189575672149658e-01,1.717755496501922607e-01,3.389155268669128418e-01,3.071307241916656494e-01,9.001936718750000000e+04,8.350747656250000000e+04,3.336189843750000000e+04,7.402228125000000000e+04,-8.326670540422415733e+07
3.947999999999999954e+00,-6.580909035258390816e+01,2.420956711198953837e+00,-8.402392291891709419e+01,-1.720111914062500000e+04,2.760532188415527344e+01,1.929821166992187500e+03,2.609059810638427734e-01,2.059221565723419189e-01,3.084769845008850098e-01,2.934928536415100098e-01,6.580909035258390816e+01,-2.420956711198953837e+00,8.402392291891709419e+01,0.000000000000000000e+00,0.000000000000000000e+00,0.000000000000000000e+00,2.609059810638427734e-01,2.059221565723419189e-01,3.084769845008850098e-01,2.934928536415100098e-01,9.008990625000000000e+04,8.327892968750000000e+04,3.346947265625000000e+04,7.413898437500000000e+04,-8.327810212125127017e+07
3.948999999999999844e+00,-4.854933856889746835e+01,4.008734741811626812e+00,-8.509257933961650622e+01,-1.719821679687500000e+04,3.624094009399414062e+01,1.919809570312500000e+03,2.537820637226104736e-01,2.425875067710876465e-01,2.716054022312164307e-01,2.762328386306762695e-01,4.854933856889746835e+01,-4.008734741811626812e+00,8.509257933961650622e+01,0.000000000000000000e+00,0.000000000000000000e+00,0.000000000000000000e+00,2.537820637226104736e-01,2.425875067710876465e-01,2.716054022312164307e-01,2.762328386306762695e-01,9.011277343750000000e+04,8.305468750000000000e+04,3.358426953125000000e+04,7.424921875000000000e+04,-8.328771597653964162e+07
3.950000000000000178e+00,-3.127654044162109415e+01,5.221879610528541882e+00,-8.660421742778225962e+01,-1.714952148437500000e+04,3.645620727539062500e+01,1.941296264648437500e+03,2.514635622501373291e-01,2.780647277832031250e-01,2.300899922847747803e-01,2.577157318592071533e-01,3.127654044162109415e+01,-5.221879610528541882e+00,8.660421742778225962e+01,0.000000000000000000e+00,0.000000000000000000e+00,0.000000000000000000e+00,2.514635622501373291e-01,2.780647277832031250e-01,2.300899922847747803e-01,2.577157318592071533e-01,9.009187500000000000e+04,8.282628125000000000e+04,3.369257421875000000e+04,7.436505468750000000e+04,-8.329622175702458620e+07
3.951000000000000068e+00,-1.398348708690224917e+01,5.920794240800897335e+00,-8.837635713132829096e+01,-1.711942382812500000e+04,3.374068069458007812e+01,1.903973388671875000e+03,2.501062154769897461e-01,3.107159137725830078e-01,1.892046481370925903e-01,2.404596656560897827e-01,1.398348708690224917e+01,-5.920794240800897335e+00,8.837635713132829096e+01,0.000000000000000000e+00,0.000000000000000000e+00,0.000000000000000000e+00,2.501062154769897461e-01,3.107159137725830078e-01,1.892046481370925903e-01,2.404596656560897827e-01,9.000998437500000000e+04,8.284811718750000000e+04,3.381198437500000000e+04,7.447202343750000000e+04,-8.330426273123994470e+07
3.951999999999999957e+00,3.367380969422131276e+00,6.058414245818847021e+00,-9.031646633625827292e+01,-1.714677539062500000e+04,4.163926315307617188e+01,1.941206909179687500e+03,2.535125315189361572e-01,3.395717144012451172e-01,1.506095677614212036e-01,2.253237962722778320e-01,-3.367380969422131276e+00,-6.058414245818847021e+00,9.031646633625827292e+01,0.000000000000000000e+00,0.000000000000000000e+00,0.000000000000000000e+00,2.535125315189361572e-01,3.395717144012451172e-01,1.506095677614212036e-01,2.253237962722778320e-01,8.992645312500000000e+04,8.295378125000000000e+04,3.391826562500000000e+04,7.459115625000000000e+04,-8.331246783896918595e+07
3.952999999999999847e+00,2.075437219313752735e+01,5.606727398571754506e+00,-9.217817491651035766e+01,-1.719619726562500000e+04,5.489067459106445312e+01,1.912738281250000000e+03,2.519757151603698730e-01,3.654392361640930176e-01,1.201787367463111877e-01,2.130236923694610596e-01,-2.075437219313752735e+01,-5.606727398571754506e+00,9.217817491651035766e+01,0.000000000000000000e+00,0.000000000000000000e+00,0.000000000000000000e+00,2.519757151603698730e-01,3.654392361640930176e-01,1.201787367463111877e-01,2.130236923694610596e-01,8.982349218750000000e+04,8.307153906250000000e+04,3.403567187500000000e+04,7.469829687500000000e+04,-8.332142683425737917e+07
3.954000000000000181e+00,3.810330622256546462e+01,4.611164623172259169e+00,-9.381683528557633167e+01,-1.720140039062500000e+04,6.533580780029296875e+01,1.917889282226562500e+03,2.555412054061889648e-01,3.888071179389953613e-01,9.554606676101684570e-02,2.026502937078475952e-01,-3.810330622256546462e+01,-4.611164623172259169e+00,9.381683528557633167e+01,0.000000000000000000e+00,0.000000000000000000e+00,0.000000000000000000e+00,2.555412054061889648e-01,3.888071179389953613e-01,9.554606676101684570e-02,2.026502937078475952e-01,8.975378125000000000e+04,8.318284375000000000e+04,3.414765625000000000e+04,7.477934375000000000e+04,-8.333170155762465298e+07
3.955000000000000071e+00,5.534862971422622024e+01,3.179176852888353277e+00,-9.508220380490726598e+01,-1.715777148437500000e+04,6.261676406860351562e+01,1.915122680664062500e+03,2.596811652183532715e-01,4.095899164676666260e-01,7.935606688261032104e-02,1.949102431535720825e-01,-5.534862971422622024e+01,-3.179176852888353277e+00,9.508220380490726598e+01,0.000000000000000000e+00,0.000000000000000000e+00,0.000000000000000000e+00,2.596811652183532715e-01,4.095899164676666260e-01,7.935606688261032104e-02,1.949102431535720825e-01,8.967261718750000000e+04,8.329589062500000000e+04,3.425993359375000000e+04,7.476697656250000000e+04,-8.334381576108175516e+07
3.955999999999999961e+00,7.249811455922628056e+01,1.436001986175341028e+00,-9.587527236738330316e+01,-1.711595703125000000e+04,5.464838790893554688e+01,1.921189453125000000e+03,2.675059735774993896e-01,4.279646575450897217e-01,7.024058699607849121e-02,1.895888149738311768e-01,-7.249811455922628056e+01,-1.436001986175341028e+00,9.587527236738330316e+01,0.000000000000000000e+00,0.000000000000000000e+00,0.000000000000000000e+00,2.675059735774993896e-01,4.279646575450897217e-01,7.024058699607849121e-02,1.895888149738311768e-01,8.962122656250000000e+04,8.340808593750000000e+04,3.428359765625000000e+04,7.467880468750000000e+04,-8.335826586764961481e+07
3.956999999999999851e+00,8.963736499611913189e+01,-4.491554863867524006e-01,-9.611942731377558857e+01,-1.713557617187500000e+04,5.170446777343750000e+01,1.907303955078125000e+03,2.752690315246582031e-01,4.441858530044555664e-01,6.733943521976470947e-02,1.865025460720062256e-01,-8.963736499611913189e+01,4.491554863867524006e-01,9.611942731377558857e+01,0.000000000000000000e+00,0.000000000000000000e+00,0.000000000000000000e+00,2.752690315246582031e-01,4.441858530044555664e-01,6.733943521976470947e-02,1.865025460720062256e-01,8.959655468750000000e+04,8.352208593750000000e+04,3.417524218750000000e+04,7.452991406250000000e+04,-8.337553987090083957e+07
3.958000000000000185e+00,1.068302049691953499e+02,-2.323467013738006237e+00,-9.578847822984845095e+01,-1.718325781250000000e+04,5.924814605712890625e+01,1.909518920898437500e+03,2.808847427368164062e-01,4.582569003105163574e-01,6.837737560272216797e-02,1.857088059186935425e-01,-1.068302049691953499e+02,2.323467013738006237e+00,9.578847822984845095e+01,0.000000000000000000e+00,0.000000000000000000e+00,0.000000000000000000e+00,2.808847427368164062e-01,4.582569003105163574e-01,6.837737560272216797e-02,1.857088059186935425e-01,8.963172656250000000e+04,8.363464062500000000e+04,3.399227734375000000e+04,7.434719531250000000e+04,-8.339613339465515316e+07
3.959000000000000075e+00,1.240820311713627007e+02,-3.997112121221319203e+00,-9.491981308880208701e+01,-1.720237890625000000e+04,6.405413818359375000e+01,1.891037475585937500e+03,2.797466516494750977e-01,4.694953858852386475e-01,7.132659107446670532e-02,1.875475645065307617e-01,-1.240820311713627007e+02,3.997112121221319203e+00,9.491981308880208701e+01,0.000000000000000000e+00,0.000000000000000000e+00,0.000000000000000000e+00,2.797466516494750977e-01,4.694953858852386475e-01,7.132659107446670532e-02,1.875475645065307617e-01,8.971658593750000000e+04,8.375021875000000000e+04,3.379199218750000000e+04,7.414262500000000000e+04,-8.342055549293689430e+07
3.959999999999999964e+00,1.413599959870761893e+02,-5.375455526040552989e+00,-9.356023884536347168e+01,-1.716524414062500000e+04,6.068361282348632812e+01,1.939139160156250000e+03,2.753446698188781738e-01,4.774011969566345215e-01,7.396811246871948242e-02,1.921501904726028442e-01,-1.413599959870761893e+02,5.375455526040552989e+00,9.356023884536347168e+01,0.000000000000000000e+00,0.000000000000000000e+00,0.000000000000000000e+00,2.753446698188781738e-01,4.774011969566345215e-01,7.396811246871948242e-02,1.921501904726028442e-01,8.983775000000000000e+04,8.385462500000000000e+04,3.359440625000000000e+04,7.394825781250000000e+04,-8.344932055521728098e+07
3.960999999999999854e+00,1.586542418933267129e+02,-6.284618850516049626e+00,-9.187966378901725761e+01,-1.712194921875000000e+04,4.858853912353515625e+01,1.909554687500000000e+03,2.629931271076202393e-01,4.819297790527343750e-01,7.603199034929275513e-02,1.988791078329086304e-01,-1.586542418933267129e+02,6.284618850516049626e+00,9.187966378901725761e+01,0.000000000000000000e+00,0.000000000000000000e+00,0.000000000000000000e+00,2.629931271076202393e-01,4.819297790527343750e-01,7.603199034929275513e-02,1.988791078329086304e-01,8.994499218750000000e+04,8.397276562500000000e+04,3.343908593750000000e+04,7.375821875000000000e+04,-8.348297309274010360e+07
3.962000000000000188e+00,1.759964302603955559e+02,-6.662057629826284355e+00,-8.999333761792254904e+01,-1.712791210937500000e+04,4.320314025878906250e+01,1.918574096679687500e+03,2.540640234947204590e-01,4.843771755695343018e-01,7.644349336624145508e-02,2.061957120895385742e-01,-1.759964302603955559e+02,6.662057629826284355e+00,8.999333761792254904e+01,0.000000000000000000e+00,0.000000000000000000e+00,0.000000000000000000e+00,2.540640234947204590e-01,4.843771755695343018e-01,7.644349336624145508e-02,2.061957120895385742e-01,9.002856250000000000e+04,8.408292187500000000e+04,3.330226953125000000e+04,7.361416406250000000e+04,-8.352209102003198862e+07
3.963000000000000078e+00,-1.666092403468732357e+02,-6.460724824263129662e+00,-8.810467354024549991e+01,-1.717694531250000000e+04,4.728406906127929688e+01,1.893565673828125000e+03,2.411086261272430420e-01,4.857342839241027832e-01,7.544247806072235107e-02,2.118643075227737427e-01,1.666092403468732357e+02,6.460724824263129662e+00,8.810467354024549991e+01,0.000000000000000000e+00,0.000000000000000000e+00,0.000000000000000000e+00,2.411086261272430420e-01,4.857342839241027832e-01,7.544247806072235107e-02,2.118643075227737427e-01,9.001603125000000000e+04,8.419999218750000000e+04,3.319245312500000000e+04,7.351914843750000000e+04,-8.355765383346584439e+07
3.963999999999999968e+00,-1.492149653464547043e+02,-5.693903830610071992e+00,-8.634542482485343839e+01,-1.720641210937500000e+04,5.287096023559570312e+01,1.916499633789062500e+03,2.937769293785095215e-01,7.463076710700988770e-02,3.890163004398345947e-01,3.205247223377227783e-01,1.492149653464547043e+02,5.693903830610071992e+00,8.634542482485343839e+01,0.000000000000000000e+00,0.000000000000000000e+00,0.000000000000000000e+00,2.937769293785095215e-01,7.463076710700988770e-02,3.890163004398345947e-01,3.205247223377227783e-01,8.994892187500000000e+04,8.430867968750000000e+04,3.307935546875000000e+04,7.349017187500000000e+04,-8.358740689227820933e+07
3.964999999999999858e+00,-1.319011068735072172e+02,-4.438051930880591023e+00,-8.488993054052086507e+01,-1.718371679687500000e+04,4.890892028808593750e+01,1.924666503906250000e+03,2.838315367698669434e-01,9.726689010858535767e-02,3.855006992816925049e-01,3.211440742015838623e-01,1.319011068735072172e+02,4.438051930880591023e+00,8.488993054052086507e+01,0.000000000000000000e+00,0.000000000000000000e+00,0.000000000000000000e+00,2.838315367698669434e-01,9.726689010858535767e-02,3.855006992816925049e-01,3.211440742015838623e-01,8.978639062500000000e+04,8.441977343750000000e+04,3.296454296875000000e+04,7.350070312500000000e+04,-8.361203079088477790e+07
3.966000000000000192e+00,-1.146990083138108361e+02,-2.813333209156455350e+00,-8.386298668198671180e+01,-1.713554101562500000e+04,3.548182296752929688e+01,1.927797729492187500e+03,2.762573361396789551e-01,1.217305585741996765e-01,3.756094276905059814e-01,3.188707828521728516e-01,1.146990083138108361e+02,2.813333209156455350e+00,8.386298668198671180e+01,0.000000000000000000e+00,0.000000000000000000e+00,0.000000000000000000e+00,2.762573361396789551e-01,1.217305585741996765e-01,3.756094276905059814e-01,3.188707828521728516e-01,8.990009375000000000e+04,8.419483593750000000e+04,3.307588671875000000e+04,7.361316406250000000e+04,-8.363222756877191365e+07
3.967000000000000082e+00,-9.755020818227167467e+01,-9.811410218640289616e-01,-8.336009070409100730e+01,-1.713058398437500000e+04,2.607322311401367188e+01,1.906795654296875000e+03,2.703157663345336914e-01,1.484108269214630127e-01,3.587362170219421387e-01,3.134368658065795898e-01,9.755020818227167467e+01,9.811410218640289616e-01,8.336009070409100730e+01,0.000000000000000000e+00,0.000000000000000000e+00,0.000000000000000000e+00,2.703157663345336914e-01,1.484108269214630127e-01,3.587362170219421387e-01,3.134368658065795898e-01,9.000876562500000000e+04,8.397237500000000000e+04,3.319258984375000000e+04,7.372194531250000000e+04,-8.364869347924821079e+07
3.967999999999999972e+00,-8.037702962929000705e+01,9.430072353100475979e-01,-8.342503302635162754e+01,-1.717158398437500000e+04,3.024609565734863281e+01,1.932234130859375000e+03,2.655972242355346680e-01,1.783008277416229248e-01,3.343034386634826660e-01,3.039966225624084473e-01,8.037702962929000705e+01,-9.430072353100475979e-01,8.342503302635162754e+01,0.000000000000000000e+00,0.000000000000000000e+00,0.000000000000000000e+00,2.655972242355346680e-01,1.783008277416229248e-01,3.343034386634826660e-01,3.039966225624084473e-01,9.010002343750000000e+04,8.374343750000000000e+04,3.330072265625000000e+04,7.383937500000000000e+04,-8.366211457153832912e+07
3.968999999999999861e+00,-6.314318145897364332e+01,2.751789249201499921e+00,-8.406150351514300212e+01,-1.721172265625000000e+04,3.820800399780273438e+01,1.924226318359375000e+03,2.576491534709930420e-01,2.130160033702850342e-01,3.029264211654663086e-01,2.897812724113464355e-01,6.314318145897364332e+01,-2.751789249201499921e+00,8.406150351514300212e+01,0.000000000000000000e+00,0.000000000000000000e+00,0.000000000000000000e+00,2.576491534709930420e-01,2.130160033702850342e-01,3.029264211654663086e-01,2.897812724113464355e-01,9.014060937500000000e+04,8.351957812500000000e+04,3.341492968750000000e+04,7.395101562500000000e+04,-8.367317554162038863e+07
3.970000000000000195e+00,-4.587150102025632492e+01,4.323621892095633967e+00,-8.523716935256831562e+01,-1.719744726562500000e+04,4.301029968261718750e+01,1.968417724609375000e+03,2.529194951057434082e-01,2.488780319690704346e-01,2.647077441215515137e-01,2.724762558937072754e-01,4.587150102025632492e+01,-4.323621892095633967e+00,8.523716935256831562e+01,0.000000000000000000e+00,0.000000000000000000e+00,0.000000000000000000e+00,2.529194951057434082e-01,2.488780319690704346e-01,2.647077441215515137e-01,2.724762558937072754e-01,9.015649218750000000e+04,8.328701562500000000e+04,3.352033203125000000e+04,7.407027343750000000e+04,-8.368256380497173965e+07
3.971000000000000085e+00,-2.858879218717016713e+01,5.457354039574798144e+00,-8.679293832161535249e+01,-1.714845703125000000e+04,3.535686874389648438e+01,1.927310791015625000e+03,2.479236721992492676e-01,2.841663658618927002e-01,2.240306288003921509e-01,2.543103992938995361e-01,2.858879218717016713e+01,-5.457354039574798144e+00,8.679293832161535249e+01,0.000000000000000000e+00,0.000000000000000000e+00,0.000000000000000000e+00,2.479236721992492676e-01,2.841663658618927002e-01,2.240306288003921509e-01,2.543103992938995361e-01,9.010010937500000000e+04,8.308150000000000000e+04,3.363931640625000000e+04,7.417559375000000000e+04,-8.369094392086607218e+07
3.971999999999999975e+00,-1.127501986805306444e+01,6.087151691945717147e+00,-8.863223636925879134e+01,-1.712714062500000000e+04,3.194343948364257812e+01,1.942264526367187500e+03,2.508482933044433594e-01,3.153663873672485352e-01,1.821378618478775024e-01,2.376074045896530151e-01,1.127501986805306444e+01,-6.087151691945717147e+00,8.863223636925879134e+01,0.000000000000000000e+00,0.000000000000000000e+00,0.000000000000000000e+00,2.508482933044433594e-01,3.153663873672485352e-01,1.821378618478775024e-01,2.376074045896530151e-01,9.002144531250000000e+04,8.313271093750000000e+04,3.374977343750000000e+04,7.429094531250000000e+04,-8.369896377367863059e+07
3.972999999999999865e+00,6.095522597067367876e+00,6.138888412743757073e+00,-9.056928590001726320e+01,-1.716262890625000000e+04,3.548021697998046875e+01,1.933629516601562500e+03,2.509987354278564453e-01,3.435499370098114014e-01,1.457465887069702148e-01,2.233687788248062134e-01,-6.095522597067367876e+00,-6.138888412743757073e+00,9.056928590001726320e+01,0.000000000000000000e+00,0.000000000000000000e+00,0.000000000000000000e+00,2.509987354278564453e-01,3.435499370098114014e-01,1.457465887069702148e-01,2.233687788248062134e-01,8.990375781250000000e+04,8.324701562500000000e+04,3.386287109375000000e+04,7.440279687500000000e+04,-8.370724141057375073e+07
3.974000000000000199e+00,2.349437424204356262e+01,5.601106080139552468e+00,-9.243489014413364657e+01,-1.720640429687500000e+04,4.617443466186523438e+01,1.938895263671875000e+03,2.524952888488769531e-01,3.686437010765075684e-01,1.152975633740425110e-01,2.115718424320220947e-01,-2.349437424204356262e+01,-5.601106080139552468e+00,9.243489014413364657e+01,0.000000000000000000e+00,0.000000000000000000e+00,0.000000000000000000e+00,2.524952888488769531e-01,3.686437010765075684e-01,1.152975633740425110e-01,2.115718424320220947e-01,8.981321875000000000e+04,8.335896875000000000e+04,3.397514843750000000e+04,7.451564843750000000e+04,-8.371636897750005126e+07
3.975000000000000089e+00,4.084390983859187685e+01,4.536217455241069452e+00,-9.404169248167232809e+01,-1.720594726562500000e+04,4.937294387817382812e+01,1.928998413085937500e+03,2.541950941085815430e-01,3.912197649478912354e-01,9.265849739313125610e-02,2.021650224924087524e-01,-4.084390983859187685e+01,-4.536217455241069452e+00,9.404169248167232809e+01,0.000000000000000000e+00,0.000000000000000000e+00,0.000000000000000000e+00,2.541950941085815430e-01,3.912197649478912354e-01,9.265849739313125610e-02,2.021650224924087524e-01,8.973315625000000000e+04,8.347275000000000000e+04,3.408879296875000000e+04,7.449653125000000000e+04,-8.372690161966457963e+07
3.975999999999999979e+00,5.808112527411282855e+01,3.050150674741749945e+00,-9.526050093886308900e+01,-1.715497070312500000e+04,4.171479797363281250e+01,1.926977172851562500e+03,2.598395347595214844e-01,4.113108217716217041e-01,7.734438031911849976e-02,1.952108740806579590e-01,-5.808112527411282855e+01,-3.050150674741749945e+00,9.526050093886308900e+01,0.000000000000000000e+00,0.000000000000000000e+00,0.000000000000000000e+00,2.598395347595214844e-01,4.113108217716217041e-01,7.734438031911849976e-02,1.952108740806579590e-01,8.966953125000000000e+04,8.358621875000000000e+04,3.409422656250000000e+04,7.440937500000000000e+04,-8.373935890323594213e+07
3.976999999999999869e+00,7.523480888480477802e+01,1.284766136112362567e+00,-9.599044208330813888e+01,-1.712449023437500000e+04,2.983338546752929688e+01,1.917022216796875000e+03,2.679868936538696289e-01,4.291279911994934082e-01,6.924305856227874756e-02,1.905451416969299316e-01,-7.523480888480477802e+01,-1.284766136112362567e+00,9.599044208330813888e+01,0.000000000000000000e+00,0.000000000000000000e+00,0.000000000000000000e+00,2.679868936538696289e-01,4.291279911994934082e-01,6.924305856227874756e-02,1.905451416969299316e-01,8.964546093750000000e+04,8.369966406250000000e+04,3.397381250000000000e+04,7.427128125000000000e+04,-8.375423499529924989e+07
3.978000000000000203e+00,9.238684209173652562e+01,-6.401378247604019300e-01,-9.617149556391585463e+01,-1.714939062500000000e+04,2.762696838378906250e+01,1.940439697265625000e+03,2.766000032424926758e-01,4.449239373207092285e-01,6.695675849914550781e-02,1.880172491073608398e-01,-9.238684209173652562e+01,6.401378247604019300e-01,9.617149556391585463e+01,0.000000000000000000e+00,0.000000000000000000e+00,0.000000000000000000e+00,2.766000032424926758e-01,4.449239373207092285e-01,6.695675849914550781e-02,1.880172491073608398e-01,8.968658593750000000e+04,8.380856250000000000e+04,3.378292968750000000e+04,7.410538281250000000e+04,-8.377201969022636116e+07
3.979000000000000092e+00,1.095981860579061191e+02,-2.491481705073240516e+00,-9.577939158328209146e+01,-1.719906640625000000e+04,3.188511085510253906e+01,1.899235229492187500e+03,2.787179350852966309e-01,4.583451151847839355e-01,6.900878995656967163e-02,1.880036145448684692e-01,-1.095981860579061191e+02,2.491481705073240516e+00,9.577939158328209146e+01,0.000000000000000000e+00,0.000000000000000000e+00,0.000000000000000000e+00,2.787179350852966309e-01,4.583451151847839355e-01,6.900878995656967163e-02,1.880036145448684692e-01,8.977570312500000000e+04,8.392843750000000000e+04,3.358864062500000000e+04,7.391335156250000000e+04,-8.379321135194669664e+07
3.979999999999999982e+00,1.268644437734284907e+02,-4.169081176890846230e+00,-9.483746572364600524e+01,-1.720991601562500000e+04,3.510083007812500000e+01,1.930085571289062500e+03,2.801243066787719727e-01,4.693108201026916504e-01,7.176634669303894043e-02,1.902104914188385010e-01,-1.268644437734284907e+02,4.169081176890846230e+00,9.483746572364600524e+01,0.000000000000000000e+00,0.000000000000000000e+00,0.000000000000000000e+00,2.801243066787719727e-01,4.693108201026916504e-01,7.176634669303894043e-02,1.902104914188385010e-01,8.989075000000000000e+04,8.403529687500000000e+04,3.340295312500000000e+04,7.373816406250000000e+04,-8.381831746518337727e+07
3.980999999999999872e+00,1.441503474136924012e+02,-5.484989981596388731e+00,-9.345442484633370839e+01,-1.716792773437500000e+04,2.729628944396972656e+01,1.912412475585937500e+03,2.715518176555633545e-01,4.765245020389556885e-01,7.491482049226760864e-02,1.954538524150848389e-01,-1.441503474136924012e+02,5.484989981596388731e+00,9.345442484633370839e+01,0.000000000000000000e+00,0.000000000000000000e+00,0.000000000000000000e+00,2.715518176555633545e-01,4.765245020389556885e-01,7.491482049226760864e-02,1.954538524150848389e-01,8.999994531250000000e+04,8.415134375000000000e+04,3.325410546875000000e+04,7.357676562500000000e+04,-8.384786060248132050e+07
3.982000000000000206e+00,1.614609552616828694e+02,-6.353550715529701520e+00,-9.172123224410847797e+01,-1.713022851562500000e+04,1.543812465667724609e+01,1.937526245117187500e+03,2.636164426803588867e-01,4.808639585971832275e-01,7.657305896282196045e-02,2.024264782667160034e-01,-1.614609552616828694e+02,6.353550715529701520e+00,9.172123224410847797e+01,0.000000000000000000e+00,0.000000000000000000e+00,0.000000000000000000e+00,2.636164426803588867e-01,4.808639585971832275e-01,7.657305896282196045e-02,2.024264782667160034e-01,9.005827343750000000e+04,8.425896875000000000e+04,3.312655468750000000e+04,7.346511718750000000e+04,-8.388238339460641146e+07
3.983000000000000096e+00,1.788243240087819856e+02,-6.669536668654746592e+00,-8.982922233375751375e+01,-1.714720898437500000e+04,1.056161880493164062e+01,1.913278686523437500e+03,2.505431473255157471e-01,4.830055832862854004e-01,7.710751146078109741e-02,2.095902115106582642e-01,-1.788243240087819856e+02,6.669536668654746592e+00,8.982922233375751375e+01,0.000000000000000000e+00,0.000000000000000000e+00,0.000000000000000000e+00,2.505431473255157471e-01,4.830055832862854004e-01,7.710751146078109741e-02,2.095902115106582642e-01,9.004957031250000000e+04,8.437579687500000000e+04,3.302551171875000000e+04,7.339975781250000000e+04,-8.392247530536806583e+07
3.983999999999999986e+00,-1.637625019747275701e+02,-6.406726245541513265e+00,-8.793781582992774304e+01,-1.719621875000000000e+04,1.429652595520019531e+01,1.904474731445312500e+03,2.396711260080337524e-01,4.843495786190032959e-01,7.604919373989105225e-02,2.151615023612976074e-01,1.637625019747275701e+02,6.406726245541513265e+00,8.793781582992774304e+01,0.000000000000000000e+00,0.000000000000000000e+00,0.000000000000000000e+00,2.396711260080337524e-01,4.843495786190032959e-01,7.604919373989105225e-02,2.151615023612976074e-01,8.995118750000000000e+04,8.449021875000000000e+04,3.292769921875000000e+04,7.339246875000000000e+04,-8.395706756801521778e+07
3.984999999999999876e+00,-1.463601613317163981e+02,-5.590657506965539092e+00,-8.621597742851334090e+01,-1.722081054687500000e+04,1.794798469543457031e+01,1.903987060546875000e+03,2.922605276107788086e-01,7.576952874660491943e-02,3.895984590053558350e-01,3.229415118694305420e-01,1.463601613317163981e+02,5.590657506965539092e+00,8.621597742851334090e+01,0.000000000000000000e+00,0.000000000000000000e+00,0.000000000000000000e+00,2.922605276107788086e-01,7.576952874660491943e-02,3.895984590053558350e-01,3.229415118694305420e-01,8.977668750000000000e+04,8.460240625000000000e+04,3.282288671875000000e+04,7.342903906250000000e+04,-8.398595331505557895e+07
3.986000000000000210e+00,-1.290506153706697035e+02,-4.286957057486787903e+00,-8.479464376220015254e+01,-1.718554492187500000e+04,1.139014053344726562e+01,1.931974975585937500e+03,2.838630080223083496e-01,9.812966734170913696e-02,3.851667940616607666e-01,3.235642611980438232e-01,1.290506153706697035e+02,4.286957057486787903e+00,8.479464376220015254e+01,0.000000000000000000e+00,0.000000000000000000e+00,0.000000000000000000e+00,2.838630080223083496e-01,9.812966734170913696e-02,3.851667940616607666e-01,3.235642611980438232e-01,8.989465625000000000e+04,8.437327343750000000e+04,3.293083593750000000e+04,7.354691406250000000e+04,-8.400981588599470258e+07
3.987000000000000099e+00,-1.118454970120144765e+02,-2.636562945232576727e+00,-8.382188309284600791e+01,-1.714478710937500000e+04,-7.837992906570434570e-01,1.921989990234375000e+03,2.754654288291931152e-01,1.230440512299537659e-01,3.745574057102203369e-01,3.210122585296630859e-01,1.118454970120144765e+02,2.636562945232576727e+00,8.382188309284600791e+01,0.000000000000000000e+00,0.000000000000000000e+00,0.000000000000000000e+00,2.754654288291931152e-01,1.230440512299537659e-01,3.745574057102203369e-01,3.210122585296630859e-01,9.000512500000000000e+04,8.414900000000000000e+04,3.304505078125000000e+04,7.365720312500000000e+04,-8.402935836074596643e+07
3.987999999999999989e+00,-9.468440438416841687e+01,-7.643062438649286250e-01,-8.337574695453334073e+01,-1.714623828125000000e+04,-4.481207370758056641e+00,1.931825683593750000e+03,2.702006101608276367e-01,1.499864459037780762e-01,3.566321432590484619e-01,3.152333199977874756e-01,9.468440438416841687e+01,7.643062438649286250e-01,8.337574695453334073e+01,0.000000000000000000e+00,0.000000000000000000e+00,0.000000000000000000e+00,2.702006101608276367e-01,1.499864459037780762e-01,3.566321432590484619e-01,3.152333199977874756e-01,9.008841406250000000e+04,8.392257031250000000e+04,3.315625390625000000e+04,7.377094531250000000e+04,-8.404527559652380645e+07
3.988999999999999879e+00,-7.748827430334345934e+01,1.121014226654090340e+00,-8.350549087657462621e+01,-1.719416992187500000e+04,7.681234478950500488e-01,1.896886718750000000e+03,2.634260356426239014e-01,1.813603341579437256e-01,3.314036428928375244e-01,3.048721849918365479e-01,7.748827430334345934e+01,-1.121014226654090340e+00,8.350549087657462621e+01,0.000000000000000000e+00,0.000000000000000000e+00,0.000000000000000000e+00,2.634260356426239014e-01,1.813603341579437256e-01,3.314036428928375244e-01,3.048721849918365479e-01,9.012393750000000000e+04,8.370358593750000000e+04,3.327398437500000000e+04,7.387771093750000000e+04,-8.405825445285774767e+07
3.990000000000000213e+00,-6.023653059546865052e+01,2.925346238426691947e+00,-8.421720864476034762e+01,-1.722497070312500000e+04,1.284345626831054688e+01,1.946737670898437500e+03,2.591190338134765625e-01,2.155244350433349609e-01,2.981574237346649170e-01,2.903443574905395508e-01,6.023653059546865052e+01,-2.925346238426691947e+00,8.421720864476034762e+01,0.000000000000000000e+00,0.000000000000000000e+00,0.000000000000000000e+00,2.591190338134765625e-01,2.155244350433349609e-01,2.981574237346649170e-01,2.903443574905395508e-01,9.012583593750000000e+04,8.346980468750000000e+04,3.337868359375000000e+04,7.399946093750000000e+04,-8.406898398835845292e+07
3.991000000000000103e+00,-4.295480949717546082e+01,4.426948178771260345e+00,-8.542819041001854430e+01,-1.720244335937500000e+04,1.434263801574707031e+01,1.934689819335937500e+03,2.511714696884155273e-01,2.525527775287628174e-01,2.601293623447418213e-01,2.725870907306671143e-01,4.295480949717546082e+01,-4.426948178771260345e+00,8.542819041001854430e+01,0.000000000000000000e+00,0.000000000000000000e+00,0.000000000000000000e+00,2.511714696884155273e-01,2.525527775287628174e-01,2.601293623447418213e-01,2.725870907306671143e-01,9.008549218750000000e+04,8.327372656250000000e+04,3.349234765625000000e+04,7.410972656250000000e+04,-8.407814667760430276e+07
3.991999999999999993e+00,-2.566067192795740581e+01,5.507144361544784594e+00,-8.703588132834065050e+01,-1.715330078125000000e+04,1.059455108642578125e+01,1.939048950195312500e+03,2.500866055488586426e-01,2.869002819061279297e-01,2.180891484022140503e-01,2.545778453350067139e-01,2.566067192795740581e+01,-5.507144361544784594e+00,8.703588132834065050e+01,0.000000000000000000e+00,0.000000000000000000e+00,0.000000000000000000e+00,2.500866055488586426e-01,2.869002819061279297e-01,2.180891484022140503e-01,2.545778453350067139e-01,8.999297656250000000e+04,8.334874218750000000e+04,3.360480859375000000e+04,7.422243750000000000e+04,-8.408641072096571326e+07
3.992999999999999883e+00,-8.330570301731105687e+00,6.057463188414662802e+00,-8.886907239290216864e+01,-1.714381250000000000e+04,6.901750564575195312e+00,1.912189697265625000e+03,2.503363788127899170e-01,3.182005584239959717e-01,1.775181889533996582e-01,2.381073385477066040e-01,8.330570301731105687e+00,-6.057463188414662802e+00,8.886907239290216864e+01,0.000000000000000000e+00,0.000000000000000000e+00,0.000000000000000000e+00,2.503363788127899170e-01,3.182005584239959717e-01,1.775181889533996582e-01,2.381073385477066040e-01,8.988848437500000000e+04,8.346600781250000000e+04,3.372135937500000000e+04,7.433032812500000000e+04,-8.409441452425551414e+07
3.994000000000000217e+00,9.053887750780077681e+00,6.032204563727497693e+00,-9.078352031435619551e+01,-1.718125585937500000e+04,1.328840351104736328e+01,1.911074096679687500e+03,2.530319094657897949e-01,3.459009826183319092e-01,1.408668905496597290e-01,2.240595966577529907e-01,-9.053887750780077681e+00,-6.032204563727497693e+00,9.078352031435619551e+01,0.000000000000000000e+00,0.000000000000000000e+00,0.000000000000000000e+00,2.530319094657897949e-01,3.459009826183319092e-01,1.408668905496597290e-01,2.240595966577529907e-01,8.979369531250000000e+04,8.357923437500000000e+04,3.383464453125000000e+04,7.444351562500000000e+04,-8.410277453219148517e+07
3.995000000000000107e+00,2.646152604908192174e+01,5.426764241599420835e+00,-9.260699063522137919e+01,-1.722398242187500000e+04,2.326210212707519531e+01,1.919789794921875000e+03,2.541406750679016113e-01,3.707839846611022949e-01,1.116151660680770874e-01,2.125484943389892578e-01,-2.646152604908192174e+01,-5.426764241599420835e+00,9.260699063522137919e+01,0.000000000000000000e+00,0.000000000000000000e+00,0.000000000000000000e+00,2.541406750679016113e-01,3.707839846611022949e-01,1.116151660680770874e-01,2.125484943389892578e-01,8.972101562500000000e+04,8.368971875000000000e+04,3.394582812500000000e+04,7.452223437500000000e+04,-8.411208024903698266e+07
3.995999999999999996e+00,4.380490598939126556e+01,4.303427889130211348e+00,-9.416329439094526776e+01,-1.720977539062500000e+04,2.631970024108886719e+01,1.921834106445312500e+03,2.558997869491577148e-01,3.929849863052368164e-01,9.022461622953414917e-02,2.035923600196838379e-01,-4.380490598939126556e+01,-4.303427889130211348e+00,9.416329439094526776e+01,0.000000000000000000e+00,0.000000000000000000e+00,0.000000000000000000e+00,2.558997869491577148e-01,3.929849863052368164e-01,9.022461622953414917e-02,2.035923600196838379e-01,8.965809375000000000e+04,8.380244531250000000e+04,3.405787109375000000e+04,7.451203906250000000e+04,-8.412288436432787776e+07
3.996999999999999886e+00,6.103799572650812166e+01,2.801260211678080037e+00,-9.529905070217212426e+01,-1.716116796875000000e+04,1.772525024414062500e+01,1.888843261718750000e+03,2.613253891468048096e-01,4.128020405769348145e-01,7.617184519767761230e-02,1.968959271907806396e-01,-6.103799572650812166e+01,-2.801260211678080037e+00,9.529905070217212426e+01,0.000000000000000000e+00,0.000000000000000000e+00,0.000000000000000000e+00,2.613253891468048096e-01,4.128020405769348145e-01,7.617184519767761230e-02,1.968959271907806396e-01,8.960222656250000000e+04,8.391988281250000000e+04,3.404895312500000000e+04,7.442967187500000000e+04,-8.413569975737369061e+07
3.998000000000000220e+00,7.819832629471500240e+01,1.011488147957374295e+00,-9.595419400499473284e+01,-1.713695117187500000e+04,9.549417495727539062e+00,1.912877197265625000e+03,2.719001173973083496e-01,4.306149780750274658e-01,6.846898794174194336e-02,1.921137571334838867e-01,-7.819832629471500240e+01,-1.011488147957374295e+00,9.595419400499473284e+01,0.000000000000000000e+00,0.000000000000000000e+00,0.000000000000000000e+00,2.719001173973083496e-01,4.306149780750274658e-01,6.846898794174194336e-02,1.921137571334838867e-01,8.959721093750000000e+04,8.402860937500000000e+04,3.391326171875000000e+04,7.430932812500000000e+04,-8.415102296606440842e+07
3.999000000000000110e+00,9.537004481196633776e+01,-8.635278977210727458e-01,-9.605123636937322829e+01,-1.717005664062500000e+04,8.327429771423339844e+00,1.884549804687500000e+03,2.775396108627319336e-01,4.460198581218719482e-01,6.735204160213470459e-02,1.899510771036148071e-01,-9.537004481196633776e+01,8.635278977210727458e-01,9.605123636937322829e+01,0.000000000000000000e+00,0.000000000000000000e+00,0.000000000000000000e+00,2.775396108627319336e-01,4.460198581218719482e-01,6.735204160213470459e-02,1.899510771036148071e-01,8.965740625000000000e+04,8.414642968750000000e+04,3.372664453125000000e+04,7.414652343750000000e+04,-8.416934499720035493e+07
4.000000000000000000e+00,1.126048058031866361e+02,-2.711780950295413994e+00,-9.557421081823146380e+01,-1.721829101562500000e+04,1.599644851684570312e+01,1.915894531250000000e+03,2.827156186103820801e-01,4.594424962997436523e-01,6.903336197137832642e-02,1.897768974304199219e-01,-1.126048058031866361e+02,2.711780950295413994e+00,9.557421081823146380e+01,0.000000000000000000e+00,0.000000000000000000e+00,0.000000000000000000e+00,2.827156186103820801e-01,4.594424962997436523e-01,6.903336197137832642e-02,1.897768974304199219e-01,8.976715625000000000e+04,8.425310937500000000e+04,3.352387890625000000e+04,7.398016406250000000e+04,-8.419116662301978469e+07
4.001000000000000334e+00,1.298859150802848035e+02,-4.305161511705483335e+00,-9.458445372303596343e+01,-1.721899609375000000e+04,1.823450279235839844e+01,1.881750488281250000e+03,2.777493596076965332e-01,4.695733487606048584e-01,7.259272038936614990e-02,1.926769018173217773e-01,-1.298859150802848035e+02,4.305161511705483335e+00,9.458445372303596343e+01,0.000000000000000000e+00,0.000000000000000000e+00,0.000000000000000000e+00,2.777493596076965332e-01,4.695733487606048584e-01,7.259272038936614990e-02,1.926769018173217773e-01,8.987354687500000000e+04,8.437187500000000000e+04,3.335223437500000000e+04,7.380578906250000000e+04,-8.421700172725775838e+07
4.001999999999999780e+00,1.471827024801042967e+02,-5.550090017075198112e+00,-9.315240610737350835e+01,-1.717220312500000000e+04,1.197657871246337891e+01,1.900580322265625000e+03,2.734538912773132324e-01,4.766735732555389404e-01,7.502120733261108398e-02,1.978269070386886597e-01,-1.471827024801042967e+02,5.550090017075198112e+00,9.315240610737350835e+01,0.000000000000000000e+00,0.000000000000000000e+00,0.000000000000000000e+00,2.734538912773132324e-01,4.766735732555389404e-01,7.502120733261108398e-02,1.978269070386886597e-01,8.997760937500000000e+04,8.448060156250000000e+04,3.320473828125000000e+04,7.366710156250000000e+04,-8.424737264942990243e+07
4.003000000000000114e+00,1.645054078340430408e+02,-6.321030741033381695e+00,-9.141760322037698927e+01,-1.714174414062500000e+04,2.746656894683837891e+00,1.896947387695312500e+03,2.625155150890350342e-01,4.806383252143859863e-01,7.663990557193756104e-02,2.046727538108825684e-01,-1.645054078340430408e+02,6.321030741033381695e+00,9.141760322037698927e+01,0.000000000000000000e+00,0.000000000000000000e+00,0.000000000000000000e+00,2.625155150890350342e-01,4.806383252143859863e-01,7.663990557193756104e-02,2.046727538108825684e-01,9.004390625000000000e+04,8.459398437500000000e+04,3.308512500000000000e+04,7.356715625000000000e+04,-8.428283181224472821e+07
4.003999999999999559e+00,-1.781163157112953854e+02,-6.543063540761825614e+00,-8.953011393168272036e+01,-1.716525585937500000e+04,1.816232562065124512e+00,1.895791137695312500e+03,2.511835396289825439e-01,4.827676117420196533e-01,7.687398791313171387e-02,2.114555090665817261e-01,1.781163157112953854e+02,6.543063540761825614e+00,8.953011393168272036e+01,0.000000000000000000e+00,0.000000000000000000e+00,0.000000000000000000e+00,2.511835396289825439e-01,4.827676117420196533e-01,7.687398791313171387e-02,2.114555090665817261e-01,9.003281250000000000e+04,8.470715625000000000e+04,3.298132031250000000e+04,7.352017187500000000e+04,-8.432261568714840710e+07
4.004999999999999893e+00,-1.606899779958178840e+02,-6.189762727753575611e+00,-8.767735582414427142e+01,-1.721933789062500000e+04,8.661126136779785156e+00,1.881967407226562500e+03,3.001579046249389648e-01,5.880003795027732849e-02,3.890091478824615479e-01,3.202238380908966064e-01,1.606899779958178840e+02,6.189762727753575611e+00,8.767735582414427142e+01,0.000000000000000000e+00,0.000000000000000000e+00,0.000000000000000000e+00,3.001579046249389648e-01,5.880003795027732849e-02,3.890091478824615479e-01,3.202238380908966064e-01,8.993739843750000000e+04,8.482155468750000000e+04,3.288343359375000000e+04,7.352296875000000000e+04,-8.435616258806364238e+07
4.006000000000000227e+00,-1.432918678137612574e+02,-5.293684434998316313e+00,-8.601331165400061707e+01,-1.723006835937500000e+04,1.357551002502441406e+01,1.889680297851562500e+03,2.919918596744537354e-01,7.897050678730010986e-02,3.888097405433654785e-01,3.233611881732940674e-01,1.432918678137612574e+02,5.293684434998316313e+00,8.601331165400061707e+01,0.000000000000000000e+00,0.000000000000000000e+00,0.000000000000000000e+00,2.919918596744537354e-01,7.897050678730010986e-02,3.888097405433654785e-01,3.233611881732940674e-01,9.005210156250000000e+04,8.459579687500000000e+04,3.299507031250000000e+04,7.363677343750000000e+04,-8.438412146032178402e+07
4.006999999999999673e+00,-1.259912799690555403e+02,-3.943304118718653495e+00,-8.468845408600644475e+01,-1.719233984375000000e+04,9.248052597045898438e+00,1.895812866210937500e+03,2.834203243255615234e-01,1.020450145006179810e-01,3.832603394985198975e-01,3.231881558895111084e-01,1.259912799690555403e+02,3.943304118718653495e+00,8.468845408600644475e+01,0.000000000000000000e+00,0.000000000000000000e+00,0.000000000000000000e+00,2.834203243255615234e-01,1.020450145006179810e-01,3.832603394985198975e-01,3.231881558895111084e-01,9.016520312500000000e+04,8.436882031250000000e+04,3.310574218750000000e+04,7.375123437500000000e+04,-8.440718294685287774e+07
4.008000000000000007e+00,-1.087904848778778728e+02,-2.238675429113322402e+00,-8.380783012726784875e+01,-1.715170117187500000e+04,3.435128927230834961e+00,1.925239501953125000e+03,2.764785885810852051e-01,1.273038983345031738e-01,3.711736798286437988e-01,3.199146389961242676e-01,1.087904848778778728e+02,2.238675429113322402e+00,8.380783012726784875e+01,0.000000000000000000e+00,0.000000000000000000e+00,0.000000000000000000e+00,2.764785885810852051e-01,1.273038983345031738e-01,3.711736798286437988e-01,3.199146389961242676e-01,9.028350781250000000e+04,8.413914843750000000e+04,3.321392187500000000e+04,7.386857812500000000e+04,-8.442604708051115274e+07
4.009000000000000341e+00,-9.161500125038696751e+01,-3.849053459499657825e-01,-8.347751162665396407e+01,-1.716638085937500000e+04,3.349977493286132812e+00,1.890008911132812500e+03,2.688450217247009277e-01,1.561508476734161377e-01,3.521381914615631104e-01,3.127244412899017334e-01,9.161500125038696751e+01,3.849053459499657825e-01,8.347751162665396407e+01,0.000000000000000000e+00,0.000000000000000000e+00,0.000000000000000000e+00,2.688450217247009277e-01,1.561508476734161377e-01,3.521381914615631104e-01,3.127244412899017334e-01,9.035864843750000000e+04,8.392013281250000000e+04,3.333155859375000000e+04,7.397464062500000000e+04,-8.444140903206476569e+07
4.009999999999999787e+00,-7.439552569310824026e+01,1.504212734597570877e+00,-8.372596755679160196e+01,-1.721546289062500000e+04,1.661298179626464844e+01,1.912497192382812500e+03,2.646213769912719727e-01,1.876518130302429199e-01,3.249049782752990723e-01,3.014897108078002930e-01,7.439552569310824026e+01,-1.504212734597570877e+00,8.372596755679160196e+01,0.000000000000000000e+00,0.000000000000000000e+00,0.000000000000000000e+00,2.646213769912719727e-01,1.876518130302429199e-01,3.249049782752990723e-01,3.014897108078002930e-01,9.038901562500000000e+04,8.369100000000000000e+04,3.344102734375000000e+04,7.409067968750000000e+04,-8.445395602660718560e+07
4.011000000000000121e+00,-5.712271468468210855e+01,3.217283077459661467e+00,-8.452996526962712664e+01,-1.723812500000000000e+04,2.929304695129394531e+01,1.898991821289062500e+03,2.568157017230987549e-01,2.238108217716217041e-01,2.910577058792114258e-01,2.856185734272003174e-01,5.712271468468210855e+01,-3.217283077459661467e+00,8.452996526962712664e+01,0.000000000000000000e+00,0.000000000000000000e+00,0.000000000000000000e+00,2.568157017230987549e-01,2.238108217716217041e-01,2.910577058792114258e-01,2.856185734272003174e-01,9.038142968750000000e+04,8.346879687500000000e+04,3.355554687500000000e+04,7.420167968750000000e+04,-8.446437469707901776e+07
4.011999999999999567e+00,-3.982701124850186858e+01,4.638572256500061108e+00,-8.583761386771887203e+01,-1.720449023437500000e+04,3.464610671997070312e+01,1.936176879882812500e+03,2.532010376453399658e-01,2.601065337657928467e-01,2.510176002979278564e-01,2.673827409744262695e-01,3.982701124850186858e+01,-4.638572256500061108e+00,8.583761386771887203e+01,0.000000000000000000e+00,0.000000000000000000e+00,0.000000000000000000e+00,2.532010376453399658e-01,2.601065337657928467e-01,2.510176002979278564e-01,2.673827409744262695e-01,9.032799218750000000e+04,8.332439062500000000e+04,3.366230078125000000e+04,7.432075000000000000e+04,-8.447335050021108985e+07
4.012999999999999901e+00,-2.251765523955119264e+01,5.600292804546845638e+00,-8.749709556460226167e+01,-1.715966796875000000e+04,3.287216567993164062e+01,1.919163452148437500e+03,2.495943158864974976e-01,2.947633862495422363e-01,2.099347710609436035e-01,2.493119090795516968e-01,2.251765523955119264e+01,-5.600292804546845638e+00,8.749709556460226167e+01,0.000000000000000000e+00,0.000000000000000000e+00,0.000000000000000000e+00,2.495943158864974976e-01,2.947633862495422363e-01,2.099347710609436035e-01,2.493119090795516968e-01,9.023964062500000000e+04,8.344005468750000000e+04,3.377786718750000000e+04,7.442978906250000000e+04,-8.448154465002031624e+07
4.014000000000000234e+00,-5.170765019298678489e+00,6.020621773223242101e+00,-8.935260778154857064e+01,-1.715746484375000000e+04,3.375600433349609375e+01,1.900021118164062500e+03,2.513389289379119873e-01,3.255062401294708252e-01,1.695377230644226074e-01,2.329622656106948853e-01,5.170765019298678489e+00,-6.020621773223242101e+00,8.935260778154857064e+01,0.000000000000000000e+00,0.000000000000000000e+00,0.000000000000000000e+00,2.513389289379119873e-01,3.255062401294708252e-01,1.695377230644226074e-01,2.329622656106948853e-01,9.012822656250000000e+04,8.355617968750000000e+04,3.389323828125000000e+04,7.453880468750000000e+04,-8.448959152323509753e+07
4.014999999999999680e+00,1.223110464574547329e+01,5.860146012516514347e+00,-9.124295090626920057e+01,-1.720466015625000000e+04,4.455281448364257812e+01,1.893607299804687500e+03,2.535773515701293945e-01,3.528467118740081787e-01,1.343258619308471680e-01,2.192184031009674072e-01,-1.223110464574547329e+01,-5.860146012516514347e+00,9.124295090626920057e+01,0.000000000000000000e+00,0.000000000000000000e+00,0.000000000000000000e+00,2.535773515701293945e-01,3.528467118740081787e-01,1.343258619308471680e-01,2.192184031009674072e-01,9.003296875000000000e+04,8.366929687500000000e+04,3.400724218750000000e+04,7.465078906250000000e+04,-8.449810074055732787e+07
4.016000000000000014e+00,2.963769016963498615e+01,5.125734809422545446e+00,-9.301349373199180093e+01,-1.723549218750000000e+04,5.637926101684570312e+01,1.915682495117187500e+03,2.550417780876159668e-01,3.774285018444061279e-01,1.065221577882766724e-01,2.079443782567977905e-01,-2.963769016963498615e+01,-5.125734809422545446e+00,9.301349373199180093e+01,0.000000000000000000e+00,0.000000000000000000e+00,0.000000000000000000e+00,2.550417780876159668e-01,3.774285018444061279e-01,1.065221577882766724e-01,2.079443782567977905e-01,8.996195312500000000e+04,8.377873437500000000e+04,3.411521093750000000e+04,7.469158593750000000e+04,-8.450765691640949249e+07
4.017000000000000348e+00,4.696793344006342608e+01,3.908127984135163491e+00,-9.446502071134000289e+01,-1.721435742187500000e+04,5.877543258666992188e+01,1.897350830078125000e+03,2.565360665321350098e-01,3.992288708686828613e-01,8.701285719871520996e-02,1.993894428014755249e-01,-4.696793344006342608e+01,-3.908127984135163491e+00,9.446502071134000289e+01,0.000000000000000000e+00,0.000000000000000000e+00,0.000000000000000000e+00,2.565360665321350098e-01,3.992288708686828613e-01,8.701285719871520996e-02,1.993894428014755249e-01,8.989523437500000000e+04,8.389361718750000000e+04,3.423142968750000000e+04,7.463961718750000000e+04,-8.451880181678345799e+07
4.017999999999999794e+00,6.418889717719196142e+01,2.308865446426240364e+00,-9.550000571454802412e+01,-1.716325390625000000e+04,5.166371154785156250e+01,1.910547363281250000e+03,2.640479207038879395e-01,4.188387393951416016e-01,7.409509271383285522e-02,1.928237080574035645e-01,-6.418889717719196142e+01,-2.308865446426240364e+00,9.550000571454802412e+01,0.000000000000000000e+00,0.000000000000000000e+00,0.000000000000000000e+00,2.640479207038879395e-01,4.188387393951416016e-01,7.409509271383285522e-02,1.928237080574035645e-01,8.984721875000000000e+04,8.400419531250000000e+04,3.418340625000000000e+04,7.453024218750000000e+04,-8.453204761325541139e+07
4.019000000000000128e+00,8.135271987328599153e+01,5.182566673196675744e-01,-9.600985267583783411e+01,-1.714973632812500000e+04,4.369159317016601562e+01,1.868185791015625000e+03,2.714956104755401611e-01,4.360118210315704346e-01,6.849668920040130615e-02,1.887854635715484619e-01,-8.135271987328599153e+01,-5.182566673196675744e-01,9.600985267583783411e+01,0.000000000000000000e+00,0.000000000000000000e+00,0.000000000000000000e+00,2.714956104755401611e-01,4.360118210315704346e-01,6.849668920040130615e-02,1.887854635715484619e-01,8.984353125000000000e+04,8.412428125000000000e+04,3.403973046875000000e+04,7.436536718750000000e+04,-8.454788403868700564e+07
4.019999999999999574e+00,9.854424881982214401e+01,-1.385720539372002680e+00,-9.596429660286314345e+01,-1.718960546875000000e+04,4.744137954711914062e+01,1.911098754882812500e+03,2.815486490726470947e-01,4.514392912387847900e-01,6.721633672714233398e-02,1.864637732505798340e-01,-9.854424881982214401e+01,1.385720539372002680e+00,9.596429660286314345e+01,0.000000000000000000e+00,0.000000000000000000e+00,0.000000000000000000e+00,2.815486490726470947e-01,4.514392912387847900e-01,6.721633672714233398e-02,1.864637732505798340e-01,8.990814062500000000e+04,8.422913281250000000e+04,3.383803906250000000e+04,7.418826562500000000e+04,-8.456680607410636544e+07
4.020999999999999908e+00,1.158029522395819413e+02,-3.167646177756511250e+00,-9.535661533395541767e+01,-1.723301171875000000e+04,5.421450042724609375e+01,1.888868041992187500e+03,2.800872325897216797e-01,4.638091027736663818e-01,7.007350772619247437e-02,1.873421221971511841e-01,-1.158029522395819413e+02,3.167646177756511250e+00,9.535661533395541767e+01,0.000000000000000000e+00,0.000000000000000000e+00,0.000000000000000000e+00,2.800872325897216797e-01,4.638091027736663818e-01,7.007350772619247437e-02,1.873421221971511841e-01,9.001656250000000000e+04,8.434594531250000000e+04,3.364095703125000000e+04,7.398553125000000000e+04,-8.458931931592401862e+07
4.022000000000000242e+00,1.331034505556729357e+02,-4.699306009920153571e+00,-9.423500600172280883e+01,-1.722197265625000000e+04,5.645148849487304688e+01,1.903167480468750000e+03,2.781097292900085449e-01,4.734440743923187256e-01,7.293640077114105225e-02,1.905873417854309082e-01,-1.331034505556729357e+02,4.699306009920153571e+00,9.423500600172280883e+01,0.000000000000000000e+00,0.000000000000000000e+00,0.000000000000000000e+00,2.781097292900085449e-01,4.734440743923187256e-01,7.293640077114105225e-02,1.905873417854309082e-01,9.013227343750000000e+04,8.445533593750000000e+04,3.346686718750000000e+04,7.380050781250000000e+04,-8.461593816430696845e+07
4.022999999999999687e+00,1.504189010524783612e+02,-5.827486299415518545e+00,-9.272038827636438896e+01,-1.717495117187500000e+04,4.763404846191406250e+01,1.889942504882812500e+03,2.695489823818206787e-01,4.796217381954193115e-01,7.534644752740859985e-02,1.963047236204147339e-01,-1.504189010524783612e+02,5.827486299415518545e+00,9.272038827636438896e+01,0.000000000000000000e+00,0.000000000000000000e+00,0.000000000000000000e+00,2.695489823818206787e-01,4.796217381954193115e-01,7.534644752740859985e-02,1.963047236204147339e-01,9.022614062500000000e+04,8.457035937500000000e+04,3.332419140625000000e+04,7.364044531250000000e+04,-8.464719504009948671e+07
4.024000000000000021e+00,1.677614374195763105e+02,-6.465590588081163048e+00,-9.093107639547402243e+01,-1.714938085937500000e+04,3.904596328735351562e+01,1.896662719726562500e+03,2.604494690895080566e-01,4.830529093742370605e-01,7.640855014324188232e-02,2.034131139516830444e-01,-1.677614374195763105e+02,6.465590588081163048e+00,9.093107639547402243e+01,0.000000000000000000e+00,0.000000000000000000e+00,0.000000000000000000e+00,2.604494690895080566e-01,4.830529093742370605e-01,7.640855014324188232e-02,2.034131139516830444e-01,9.026192187500000000e+04,8.468212500000000000e+04,3.320298437500000000e+04,7.353154687500000000e+04,-8.468364920450066030e+07
4.025000000000000355e+00,-1.748344781027194017e+02,-6.544339776492014593e+00,-8.902751958945384558e+01,-1.718684765625000000e+04,3.821589279174804688e+01,1.899673950195312500e+03,2.482349276542663574e-01,4.848454594612121582e-01,7.616000622510910034e-02,2.099030166864395142e-01,1.748344781027194017e+02,6.544339776492014593e+00,8.902751958945384558e+01,0.000000000000000000e+00,0.000000000000000000e+00,0.000000000000000000e+00,2.482349276542663574e-01,4.848454594612121582e-01,7.616000622510910034e-02,2.099030166864395142e-01,9.023039062500000000e+04,8.479381250000000000e+04,3.309276562500000000e+04,7.347695312500000000e+04,-8.472218502686147392e+07
4.025999999999999801e+00,-1.573984759309997798e+02,-6.047828955772917681e+00,-8.719446435342908330e+01,-1.723340039062500000e+04,4.494511413574218750e+01,1.895041625976562500e+03,2.972045540809631348e-01,6.493853032588958740e-02,3.891134262084960938e-01,3.191704452037811279e-01,1.573984759309997798e+02,6.047828955772917681e+00,8.719446435342908330e+01,0.000000000000000000e+00,0.000000000000000000e+00,0.000000000000000000e+00,2.972045540809631348e-01,6.493853032588958740e-02,3.891134262084960938e-01,3.191704452037811279e-01,9.011178125000000000e+04,8.490777343750000000e+04,3.298582031250000000e+04,7.347060937500000000e+04,-8.475459875793583691e+07
4.027000000000000135e+00,-1.400049518359901128e+02,-5.031515090239101262e+00,-8.560225295247707322e+01,-1.723825781250000000e+04,4.523644256591796875e+01,1.889222045898437500e+03,2.885350584983825684e-01,8.593454957008361816e-02,3.878952860832214355e-01,3.214388489723205566e-01,1.400049518359901128e+02,5.031515090239101262e+00,8.560225295247707322e+01,0.000000000000000000e+00,0.000000000000000000e+00,0.000000000000000000e+00,2.885350584983825684e-01,8.593454957008361816e-02,3.878952860832214355e-01,3.214388489723205566e-01,9.022295312500000000e+04,8.468275781250000000e+04,3.309898046875000000e+04,7.358194531250000000e+04,-8.478155320632907748e+07
4.027999999999999581e+00,-1.227199718738537513e+02,-3.570808659994414658e+00,-8.436471316084443117e+01,-1.719056054687500000e+04,3.913824462890625000e+01,1.918979614257812500e+03,2.809812426567077637e-01,1.091375574469566345e-01,3.809622228145599365e-01,3.207384943962097168e-01,1.227199718738537513e+02,3.570808659994414658e+00,8.436471316084443117e+01,0.000000000000000000e+00,0.000000000000000000e+00,0.000000000000000000e+00,2.809812426567077637e-01,1.091375574469566345e-01,3.809622228145599365e-01,3.207384943962097168e-01,9.034116406250000000e+04,8.445307031250000000e+04,3.320707421875000000e+04,7.370015625000000000e+04,-8.480374355332699418e+07
4.028999999999999915e+00,-1.055241203765670122e+02,-1.825617827025267648e+00,-8.361440333996273466e+01,-1.715895117187500000e+04,2.927013015747070312e+01,1.906198974609375000e+03,2.729620933532714844e-01,1.354560703039169312e-01,3.675172924995422363e-01,3.164421617984771729e-01,1.055241203765670122e+02,1.825617827025267648e+00,8.361440333996273466e+01,0.000000000000000000e+00,0.000000000000000000e+00,0.000000000000000000e+00,2.729620933532714844e-01,1.354560703039169312e-01,3.675172924995422363e-01,3.164421617984771729e-01,9.045035937500000000e+04,8.423009375000000000e+04,3.332184765625000000e+04,7.381094531250000000e+04,-8.482187359463459253e+07
4.030000000000000249e+00,-8.833635665179330942e+01,9.299429291127188357e-02,-8.341282280878932909e+01,-1.718309375000000000e+04,3.152313804626464844e+01,1.936165649414062500e+03,2.679393291473388672e-01,1.639529466629028320e-01,3.465146124362945557e-01,3.087571561336517334e-01,8.833635665179330942e+01,-9.299429291127188357e-02,8.341282280878932909e+01,0.000000000000000000e+00,0.000000000000000000e+00,0.000000000000000000e+00,2.679393291473388672e-01,1.639529466629028320e-01,3.465146124362945557e-01,3.087571561336517334e-01,9.050872656250000000e+04,8.399989843750000000e+04,3.342928515625000000e+04,7.392782812500000000e+04,-8.483662461419796944e+07
4.030999999999999694e+00,-7.109515150551897023e+01,1.945777290647265012e+00,-8.379069099034596491e+01,-1.723292187500000000e+04,4.112961959838867188e+01,1.897607299804687500e+03,2.596609890460968018e-01,1.974613070487976074e-01,3.184438943862915039e-01,2.962256073951721191e-01,7.109515150551897023e+01,-1.945777290647265012e+00,8.379069099034596491e+01,0.000000000000000000e+00,0.000000000000000000e+00,0.000000000000000000e+00,2.596609890460968018e-01,1.974613070487976074e-01,3.184438943862915039e-01,2.962256073951721191e-01,9.051777343750000000e+04,8.378190625000000000e+04,3.354858203125000000e+04,7.403357812500000000e+04,-8.484871380071146786e+07
4.032000000000000028e+00,-5.380235138047391530e+01,3.630084135433795822e+00,-8.472834650864770367e+01,-1.724555859375000000e+04,5.152049636840820312e+01,1.933771484375000000e+03,2.559045553207397461e-01,2.326785624027252197e-01,2.822807431221008301e-01,2.799091339111328125e-01,5.380235138047391530e+01,-3.630084135433795822e+00,8.472834650864770367e+01,0.000000000000000000e+00,0.000000000000000000e+00,0.000000000000000000e+00,2.559045553207397461e-01,2.326785624027252197e-01,2.822807431221008301e-01,2.799091339111328125e-01,9.048104687500000000e+04,8.354988281250000000e+04,3.365430859375000000e+04,7.415248437500000000e+04,-8.485880056393845379e+07
4.033000000000000362e+00,-3.649169035499752312e+01,4.959512331445304234e+00,-8.612676790889383938e+01,-1.720430664062500000e+04,5.121158218383789062e+01,1.933207885742187500e+03,2.498776316642761230e-01,2.691475152969360352e-01,2.424801737070083618e-01,2.615969479084014893e-01,3.649169035499752312e+01,-4.959512331445304234e+00,8.612676790889383938e+01,0.000000000000000000e+00,0.000000000000000000e+00,0.000000000000000000e+00,2.498776316642761230e-01,2.691475152969360352e-01,2.424801737070083618e-01,2.615969479084014893e-01,9.041130468750000000e+04,8.347620312500000000e+04,3.376746484375000000e+04,7.426568750000000000e+04,-8.486757462431642413e+07
4.033999999999999808e+00,-1.916413548795888033e+01,5.821069721533032038e+00,-8.786397053351944919e+01,-1.716271875000000000e+04,4.568401336669921875e+01,1.938921752929687500e+03,2.492516338825225830e-01,3.024742603302001953e-01,2.007090300321578979e-01,2.439236640930175781e-01,1.916413548795888033e+01,-5.821069721533032038e+00,8.786397053351944919e+01,0.000000000000000000e+00,0.000000000000000000e+00,0.000000000000000000e+00,2.492516338825225830e-01,3.024742603302001953e-01,2.007090300321578979e-01,2.439236640930175781e-01,9.030172656250000000e+04,8.358788281250000000e+04,3.387825781250000000e+04,7.437860937500000000e+04,-8.487569585057604313e+07
4.035000000000000142e+00,-1.789885336917713454e+00,6.123597925143482890e+00,-8.975714716069634846e+01,-1.717566601562500000e+04,4.510071945190429688e+01,1.913678222656250000e+03,2.499016076326370239e-01,3.321769833564758301e-01,1.618318110704421997e-01,2.285302579402923584e-01,1.789885336917713454e+00,-6.123597925143482890e+00,8.975714716069634846e+01,0.000000000000000000e+00,0.000000000000000000e+00,0.000000000000000000e+00,2.499016076326370239e-01,3.321769833564758301e-01,1.618318110704421997e-01,2.285302579402923584e-01,9.018428906250000000e+04,8.370440625000000000e+04,3.399567968750000000e+04,7.448650781250000000e+04,-8.488379289818353951e+07
4.035999999999999588e+00,1.563142057370073701e+01,5.841021709444055965e+00,-9.165209605499903489e+01,-1.722220703125000000e+04,5.360059738159179688e+01,1.912139404296875000e+03,2.524850964546203613e-01,3.586078286170959473e-01,1.278798431158065796e-01,2.155361175537109375e-01,-1.563142057370073701e+01,-5.841021709444055965e+00,9.165209605499903489e+01,0.000000000000000000e+00,0.000000000000000000e+00,0.000000000000000000e+00,2.524850964546203613e-01,3.586078286170959473e-01,1.278798431158065796e-01,2.155361175537109375e-01,9.007896875000000000e+04,8.381785156250000000e+04,3.410828125000000000e+04,7.459546875000000000e+04,-8.489247146373857558e+07
4.036999999999999922e+00,3.304180977191657576e+01,5.001397617568989595e+00,-9.336967298789086556e+01,-1.724651367187500000e+04,6.054029464721679688e+01,1.911151367187500000e+03,2.539712786674499512e-01,3.823333978652954102e-01,1.017566323280334473e-01,2.051146179437637329e-01,-3.304180977191657576e+01,-5.001397617568989595e+00,9.336967298789086556e+01,0.000000000000000000e+00,0.000000000000000000e+00,0.000000000000000000e+00,2.539712786674499512e-01,3.823333978652954102e-01,1.017566323280334473e-01,2.051146179437637329e-01,8.999410937500000000e+04,8.392967968750000000e+04,3.422126953125000000e+04,7.460675781250000000e+04,-8.490230613474357128e+07
4.038000000000000256e+00,5.036238328568859401e+01,3.671928148156803573e+00,-9.477738947774882661e+01,-1.721248437500000000e+04,5.893694686889648438e+01,1.939720703125000000e+03,2.575963735580444336e-01,4.034641385078430176e-01,8.332914113998413086e-02,1.972211599349975586e-01,-5.036238328568859401e+01,-3.671928148156803573e+00,9.477738947774882661e+01,0.000000000000000000e+00,0.000000000000000000e+00,0.000000000000000000e+00,2.575963735580444336e-01,4.034641385078430176e-01,8.332914113998413086e-02,1.972211599349975586e-01,8.992756250000000000e+04,8.403779687500000000e+04,3.429262500000000000e+04,7.454363281250000000e+04,-8.491383874100632966e+07
4.038999999999999702e+00,6.757668047516881416e+01,2.031103526382377567e+00,-9.571284765153835394e+01,-1.716620312500000000e+04,4.536146163940429688e+01,1.894699707031250000e+03,2.624289393424987793e-01,4.220974147319793701e-01,7.279947400093078613e-02,1.918407082557678223e-01,-6.757668047516881416e+01,-2.031103526382377567e+00,9.571284765153835394e+01,0.000000000000000000e+00,0.000000000000000000e+00,0.000000000000000000e+00,2.624289393424987793e-01,4.220974147319793701e-01,7.279947400093078613e-02,1.918407082557678223e-01,8.987559375000000000e+04,8.415803906250000000e+04,3.422231640625000000e+04,7.441035156250000000e+04,-8.492757042333747447e+07
4.040000000000000036e+00,8.475099817900917287e+01,1.717855933167762306e-01,-9.613133434271652789e+01,-1.716468554687500000e+04,3.850797653198242188e+01,1.912571166992187500e+03,2.742373347282409668e-01,4.390003085136413574e-01,6.749064475297927856e-02,1.881216764450073242e-01,-8.475099817900917287e+01,-1.717855933167762306e-01,9.613133434271652789e+01,0.000000000000000000e+00,0.000000000000000000e+00,0.000000000000000000e+00,2.742373347282409668e-01,4.390003085136413574e-01,6.749064475297927856e-02,1.881216764450073242e-01,8.987057031250000000e+04,8.426734375000000000e+04,3.405680468750000000e+04,7.425049218750000000e+04,-8.494399441798260808e+07
4.041000000000000369e+00,1.019651151697545117e+02,-1.705998813437759942e+00,-9.598330201416560215e+01,-1.721059179687500000e+04,3.791758346557617188e+01,1.890328735351562500e+03,2.789499759674072266e-01,4.534575939178466797e-01,6.795987486839294434e-02,1.870018392801284790e-01,-1.019651151697545117e+02,1.705998813437759942e+00,9.598330201416560215e+01,0.000000000000000000e+00,0.000000000000000000e+00,0.000000000000000000e+00,2.789499759674072266e-01,4.534575939178466797e-01,6.795987486839294434e-02,1.870018392801284790e-01,8.994194531250000000e+04,8.438424218750000000e+04,3.385619531250000000e+04,7.406040625000000000e+04,-8.496360700739167631e+07
4.041999999999999815e+00,1.192444397504083753e+02,-3.486121750571164135e+00,-9.526741846186968132e+01,-1.724528320312500000e+04,4.313732910156250000e+01,1.925172729492187500e+03,2.814316153526306152e-01,4.654505252838134766e-01,7.047114521265029907e-02,1.883480101823806763e-01,-1.192444397504083753e+02,3.486121750571164135e+00,9.526741846186968132e+01,0.000000000000000000e+00,0.000000000000000000e+00,0.000000000000000000e+00,2.814316153526306152e-01,4.654505252838134766e-01,7.047114521265029907e-02,1.883480101823806763e-01,9.005506250000000000e+04,8.449007812500000000e+04,3.365624218750000000e+04,7.387467187500000000e+04,-8.498691427786831558e+07
4.043000000000000149e+00,1.365597174781270837e+02,-4.963411994587481502e+00,-9.406483966305630418e+01,-1.722508789062500000e+04,3.901817703247070312e+01,1.909589843750000000e+03,2.743347287178039551e-01,4.740438759326934814e-01,7.394975423812866211e-02,1.925978958606719971e-01,-1.365597174781270837e+02,4.963411994587481502e+00,9.406483966305630418e+01,0.000000000000000000e+00,0.000000000000000000e+00,0.000000000000000000e+00,2.743347287178039551e-01,4.740438759326934814e-01,7.394975423812866211e-02,1.925978958606719971e-01,9.016467968750000000e+04,8.460557812500000000e+04,3.348941015625000000e+04,7.369478125000000000e+04,-8.501443566382548213e+07
4.043999999999999595e+00,1.538876686861864016e+02,-6.022686950402747819e+00,-9.248500957373923370e+01,-1.717514257812500000e+04,2.705333900451660156e+01,1.902972412109375000e+03,2.674121260643005371e-01,4.795815050601959229e-01,7.613097131252288818e-02,1.989960670471191406e-01,-1.538876686861864016e+02,6.022686950402747819e+00,9.248500957373923370e+01,0.000000000000000000e+00,0.000000000000000000e+00,0.000000000000000000e+00,2.674121260643005371e-01,4.795815050601959229e-01,7.613097131252288818e-02,1.989960670471191406e-01,9.023314843750000000e+04,8.471921093750000000e+04,3.335483984375000000e+04,7.355323437500000000e+04,-8.504670682815310359e+07
4.044999999999999929e+00,1.712540081449023148e+02,-6.573568244582547848e+00,-9.066287439859165431e+01,-1.716487109375000000e+04,1.700269508361816406e+01,1.900075195312500000e+03,2.574752569198608398e-01,4.825180172920227051e-01,7.709171622991561890e-02,2.063423246145248413e-01,-1.712540081449023148e+02,6.573568244582547848e+00,9.066287439859165431e+01,0.000000000000000000e+00,0.000000000000000000e+00,0.000000000000000000e+00,2.574752569198608398e-01,4.825180172920227051e-01,7.709171622991561890e-02,2.063423246145248413e-01,9.025093750000000000e+04,8.483216406250000000e+04,3.324065625000000000e+04,7.346492187500000000e+04,-8.508429773205247521e+07
4.046000000000000263e+00,-1.713206576929980542e+02,-6.558582844141542800e+00,-8.875091030833387151e+01,-1.720510742187500000e+04,1.614939117431640625e+01,1.906570190429687500e+03,2.455913126468658447e-01,4.840341508388519287e-01,7.673338055610656738e-02,2.128307670354843140e-01,1.713206576929980542e+02,6.558582844141542800e+00,8.875091030833387151e+01,0.000000000000000000e+00,0.000000000000000000e+00,0.000000000000000000e+00,2.455913126468658447e-01,4.840341508388519287e-01,7.673338055610656738e-02,2.128307670354843140e-01,9.019973437500000000e+04,8.494429687500000000e+04,3.313525390625000000e+04,7.343504687500000000e+04,-8.512156823889431357e+07
4.046999999999999709e+00,-1.538698913972067146e+02,-5.972661235853706785e+00,-8.693843886083477912e+01,-1.725136914062500000e+04,2.021518516540527344e+01,1.901586669921875000e+03,2.953828573226928711e-01,6.733401119709014893e-02,3.899685740470886230e-01,3.214233219623565674e-01,1.538698913972067146e+02,5.972661235853706785e+00,8.693843886083477912e+01,0.000000000000000000e+00,0.000000000000000000e+00,0.000000000000000000e+00,2.953828573226928711e-01,6.733401119709014893e-02,3.899685740470886230e-01,3.214233219623565674e-01,9.006166406250000000e+04,8.505684375000000000e+04,3.303180468750000000e+04,7.345136718750000000e+04,-8.515283814720669389e+07
4.048000000000000043e+00,-1.364799364282990553e+02,-4.869794930085891593e+00,-8.537728919173312647e+01,-1.724086132812500000e+04,1.779521179199218750e+01,1.912827270507812500e+03,2.867583036422729492e-01,8.853989839553833008e-02,3.879415988922119141e-01,3.234622776508331299e-01,1.364799364282990553e+02,4.869794930085891593e+00,8.537728919173312647e+01,0.000000000000000000e+00,0.000000000000000000e+00,0.000000000000000000e+00,2.867583036422729492e-01,8.853989839553833008e-02,3.879415988922119141e-01,3.234622776508331299e-01,9.017640625000000000e+04,8.483033593750000000e+04,3.314169531250000000e+04,7.356539843750000000e+04,-8.517877791666655242e+07
4.049000000000000377e+00,-1.192018986044370337e+02,-3.375659205696647014e+00,-8.422218922460457691e+01,-1.719342773437500000e+04,6.738231658935546875e+00,1.893809570312500000e+03,2.785714268684387207e-01,1.122735962271690369e-01,3.800164163112640381e-01,3.223137557506561279e-01,1.192018986044370337e+02,3.375659205696647014e+00,8.422218922460457691e+01,0.000000000000000000e+00,0.000000000000000000e+00,0.000000000000000000e+00,2.785714268684387207e-01,1.122735962271690369e-01,3.800164163112640381e-01,3.223137557506561279e-01,9.028547656250000000e+04,8.460791406250000000e+04,3.325790625000000000e+04,7.367501562500000000e+04,-8.520009178153030574e+07
4.049999999999999822e+00,-1.020004774903660945e+02,-1.572975208943773850e+00,-8.354249447931540828e+01,-1.717045703125000000e+04,-1.380664229393005371e+00,1.933560668945312500e+03,2.736795544624328613e-01,1.377781331539154053e-01,3.649994432926177979e-01,3.181298077106475830e-01,1.020004774903660945e+02,1.572975208943773850e+00,8.354249447931540828e+01,0.000000000000000000e+00,0.000000000000000000e+00,0.000000000000000000e+00,2.736795544624328613e-01,1.377781331539154053e-01,3.649994432926177979e-01,3.181298077106475830e-01,9.038850000000000000e+04,8.437637500000000000e+04,3.336296875000000000e+04,7.379502343750000000e+04,-8.521747770157340169e+07
4.051000000000000156e+00,-8.479318055889527272e+01,3.199182677515328144e-01,-8.342905475652234770e+01,-1.720448828125000000e+04,-1.085654854774475098e+00,1.903431396484375000e+03,2.653467357158660889e-01,1.679564416408538818e-01,3.433117866516113281e-01,3.096076846122741699e-01,8.479318055889527272e+01,-3.199182677515328144e-01,8.342905475652234770e+01,0.000000000000000000e+00,0.000000000000000000e+00,0.000000000000000000e+00,2.653467357158660889e-01,1.679564416408538818e-01,3.433117866516113281e-01,3.096076846122741699e-01,9.044246875000000000e+04,8.415686718750000000e+04,3.348119921875000000e+04,7.390210156250000000e+04,-8.523162809456795454e+07
4.051999999999999602e+00,-6.752824866034720230e+01,2.186350106132229243e+00,-8.389943547649076550e+01,-1.725302148437500000e+04,1.022732448577880859e+01,1.932021972656250000e+03,2.606969475746154785e-01,2.007468342781066895e-01,3.132420182228088379e-01,2.969119548797607422e-01,6.752824866034720230e+01,-2.186350106132229243e+00,8.389943547649076550e+01,0.000000000000000000e+00,0.000000000000000000e+00,0.000000000000000000e+00,2.606969475746154785e-01,2.007468342781066895e-01,3.132420182228088379e-01,2.969119548797607422e-01,9.044639843750000000e+04,8.392635937500000000e+04,3.358860546875000000e+04,7.401890625000000000e+04,-8.524323205433514714e+07
4.052999999999999936e+00,-5.022141159308438318e+01,3.804190816427622135e+00,-8.489640393954985598e+01,-1.725315429687500000e+04,1.610910987854003906e+01,1.906754882812500000e+03,2.530418038368225098e-01,2.373200654983520508e-01,2.770769596099853516e-01,2.801371216773986816e-01,5.022141159308438318e+01,-3.804190816427622135e+00,8.489640393954985598e+01,0.000000000000000000e+00,0.000000000000000000e+00,0.000000000000000000e+00,2.530418038368225098e-01,2.373200654983520508e-01,2.770769596099853516e-01,2.801371216773986816e-01,9.040772656250000000e+04,8.370599218750000000e+04,3.370585937500000000e+04,7.412715625000000000e+04,-8.525297611578717828e+07
4.054000000000000270e+00,-3.290224269316873773e+01,5.069757251098125472e+00,-8.635032407977983837e+01,-1.720506054687500000e+04,1.486340713500976562e+01,1.931465698242187500e+03,2.514208257198333740e-01,2.726373374462127686e-01,2.355093061923980713e-01,2.619780600070953369e-01,3.290224269316873773e+01,-5.069757251098125472e+00,8.635032407977983837e+01,0.000000000000000000e+00,0.000000000000000000e+00,0.000000000000000000e+00,2.514208257198333740e-01,2.726373374462127686e-01,2.355093061923980713e-01,2.619780600070953369e-01,9.032379687500000000e+04,8.365736718750000000e+04,3.381442578125000000e+04,7.424470312500000000e+04,-8.526154075426869094e+07
4.054999999999999716e+00,-1.555922772742312965e+01,5.849376865307972295e+00,-8.811186365399673548e+01,-1.717379687500000000e+04,8.834763526916503906e+00,1.926209594726562500e+03,2.496689856052398682e-01,3.056431114673614502e-01,1.944622397422790527e-01,2.447975128889083862e-01,1.555922772742312965e+01,-5.849376865307972295e+00,8.811186365399673548e+01,0.000000000000000000e+00,0.000000000000000000e+00,0.000000000000000000e+00,2.496689856052398682e-01,3.056431114673614502e-01,1.944622397422790527e-01,2.447975128889083862e-01,9.022489062500000000e+04,8.377094531250000000e+04,3.392759765625000000e+04,7.435626562500000000e+04,-8.526958075956246257e+07
4.056000000000000050e+00,1.835051943055304502e+00,6.065185537854247855e+00,-9.001101189651032541e+01,-1.719557617187500000e+04,1.148468780517578125e+01,1.908305786132812500e+03,2.509936392307281494e-01,3.347299396991729736e-01,1.560634970664978027e-01,2.298907637596130371e-01,-1.835051943055304502e+00,-6.065185537854247855e+00,9.001101189651032541e+01,0.000000000000000000e+00,0.000000000000000000e+00,0.000000000000000000e+00,2.509936392307281494e-01,3.347299396991729736e-01,1.560634970664978027e-01,2.298907637596130371e-01,9.011383593750000000e+04,8.388707812500000000e+04,3.404349218750000000e+04,7.446522656250000000e+04,-8.527772289571633935e+07
4.057000000000000384e+00,1.927487193207903360e+01,5.700090074889548220e+00,-9.187187742697466319e+01,-1.724752148437500000e+04,1.988623809814453125e+01,1.893762939453125000e+03,2.530707716941833496e-01,3.608444333076477051e-01,1.233461350202560425e-01,2.172275334596633911e-01,-1.927487193207903360e+01,-5.700090074889548220e+00,9.187187742697466319e+01,0.000000000000000000e+00,0.000000000000000000e+00,0.000000000000000000e+00,2.530707716941833496e-01,3.608444333076477051e-01,1.233461350202560425e-01,2.172275334596633911e-01,9.001527343750000000e+04,8.400132031250000000e+04,3.415758593750000000e+04,7.457512500000000000e+04,-8.528656734929315746e+07
4.057999999999999829e+00,3.668559333605058015e+01,4.784197932047780100e+00,-9.354374153197338160e+01,-1.725637500000000000e+04,2.777047157287597656e+01,1.907150512695312500e+03,2.555605769157409668e-01,3.841770887374877930e-01,9.822964668273925781e-02,2.071828097105026245e-01,-3.668559333605058015e+01,-4.784197932047780100e+00,9.354374153197338160e+01,0.000000000000000000e+00,0.000000000000000000e+00,0.000000000000000000e+00,2.555605769157409668e-01,3.841770887374877930e-01,9.822964668273925781e-02,2.071828097105026245e-01,8.993884375000000000e+04,8.411212500000000000e+04,3.426850390625000000e+04,7.460176562500000000e+04,-8.529668650218123198e+07
4.059000000000000163e+00,5.399771072258545956e+01,3.422059044200123967e+00,-9.486265268516879701e+01,-1.721616992187500000e+04,2.168473434448242188e+01,1.900686035156250000e+03,2.588613629341125488e-01,4.050175845623016357e-01,8.132415264844894409e-02,1.995630711317062378e-01,-5.399771072258545956e+01,-3.422059044200123967e+00,9.486265268516879701e+01,0.000000000000000000e+00,0.000000000000000000e+00,0.000000000000000000e+00,2.588613629341125488e-01,4.050175845623016357e-01,8.132415264844894409e-02,1.995630711317062378e-01,8.987855468750000000e+04,8.422522656250000000e+04,3.431493359375000000e+04,7.454896875000000000e+04,-8.530861288830707967e+07
4.059999999999999609e+00,7.121322470542470739e+01,1.724881229574318553e+00,-9.572864239659698171e+01,-1.717504687500000000e+04,1.279557037353515625e+01,1.912046875000000000e+03,2.667115330696105957e-01,4.234145581722259521e-01,7.135590910911560059e-02,1.943469792604446411e-01,-7.121322470542470739e+01,-1.724881229574318553e+00,9.572864239659698171e+01,0.000000000000000000e+00,0.000000000000000000e+00,0.000000000000000000e+00,2.667115330696105957e-01,4.234145581722259521e-01,7.135590910911560059e-02,1.943469792604446411e-01,8.984653125000000000e+04,8.433603906250000000e+04,3.421930859375000000e+04,7.444246875000000000e+04,-8.532285115987037122e+07
4.060999999999999943e+00,8.840592123833896210e+01,-1.038087896887743417e-01,-9.605100555098620418e+01,-1.718663085937500000e+04,6.298180580139160156e+00,1.863845581054687500e+03,2.741093039512634277e-01,4.398124814033508301e-01,6.793549656867980957e-02,1.911410391330718994e-01,-8.840592123833896210e+01,1.038087896887743417e-01,9.605100555098620418e+01,0.000000000000000000e+00,0.000000000000000000e+00,0.000000000000000000e+00,2.741093039512634277e-01,4.398124814033508301e-01,6.793549656867980957e-02,1.911410391330718994e-01,8.986101562500000000e+04,8.445719531250000000e+04,3.405242578125000000e+04,7.428954687500000000e+04,-8.533989257322399318e+07
4.062000000000000277e+00,1.056482503806372648e+02,-1.973783004698397514e+00,-9.580812145660759427e+01,-1.723637695312500000e+04,1.230212116241455078e+01,1.892768676757812500e+03,2.829592227935791016e-01,4.543507993221282959e-01,6.812001764774322510e-02,1.897980421781539917e-01,-1.056482503806372648e+02,1.973783004698397514e+00,9.580812145660759427e+01,0.000000000000000000e+00,0.000000000000000000e+00,0.000000000000000000e+00,2.829592227935791016e-01,4.543507993221282959e-01,6.812001764774322510e-02,1.897980421781539917e-01,8.988828125000000000e+04,8.456427343750000000e+04,3.387641796875000000e+04,7.415401562500000000e+04,-8.536023721798887849e+07
4.062999999999999723e+00,1.229483487490054614e+02,-3.678443415376801529e+00,-9.501942902331673224e+01,-1.725965625000000000e+04,1.661190986633300781e+01,1.884908081054687500e+03,2.803894877433776855e-01,4.657644033432006836e-01,7.135657966136932373e-02,1.915349960327148438e-01,-1.229483487490054614e+02,3.678443415376801529e+00,9.501942902331673224e+01,0.000000000000000000e+00,0.000000000000000000e+00,0.000000000000000000e+00,2.803894877433776855e-01,4.657644033432006836e-01,7.135657966136932373e-02,1.915349960327148438e-01,8.999928125000000000e+04,8.467866406250000000e+04,3.368412500000000000e+04,7.398082812500000000e+04,-8.538439573728686571e+07
4.064000000000000057e+00,1.402761228399592994e+02,-5.087515530849904266e+00,-9.374626870350604690e+01,-1.722889257812500000e+04,1.347220039367675781e+01,1.903659057617187500e+03,2.757281661033630371e-01,4.740406274795532227e-01,7.431981712579727173e-02,1.958818584680557251e-01,-1.402761228399592994e+02,5.087515530849904266e+00,9.374626870350604690e+01,0.000000000000000000e+00,0.000000000000000000e+00,0.000000000000000000e+00,2.757281661033630371e-01,4.740406274795532227e-01,7.431981712579727173e-02,1.958818584680557251e-01,9.011502343750000000e+04,8.478735937500000000e+04,3.349074609375000000e+04,7.381510156250000000e+04,-8.541288737363597751e+07
4.065000000000000391e+00,1.576186401068317480e+02,-6.050686111929236333e+00,-9.213319462847549346e+01,-1.718443359375000000e+04,3.067031145095825195e+00,1.879228149414062500e+03,2.657777965068817139e-01,4.790649712085723877e-01,7.649490982294082642e-02,2.023313343524932861e-01,-1.576186401068317480e+02,6.050686111929236333e+00,9.213319462847549346e+01,0.000000000000000000e+00,0.000000000000000000e+00,0.000000000000000000e+00,2.657777965068817139e-01,4.790649712085723877e-01,7.649490982294082642e-02,2.023313343524932861e-01,9.022326562500000000e+04,8.490423437500000000e+04,3.333755078125000000e+04,7.365954687500000000e+04,-8.544625614569997787e+07
4.065999999999999837e+00,1.750043174211717201e+02,-6.494670365875627738e+00,-9.030980025032428671e+01,-1.718491601562500000e+04,-2.434560060501098633e+00,1.873074340820312500e+03,2.566650509834289551e-01,4.818275570869445801e-01,7.720242440700531006e-02,2.094294875860214233e-01,-1.750043174211717201e+02,6.494670365875627738e+00,9.030980025032428671e+01,0.000000000000000000e+00,0.000000000000000000e+00,0.000000000000000000e+00,2.566650509834289551e-01,4.818275570869445801e-01,7.720242440700531006e-02,2.094294875860214233e-01,9.029986718750000000e+04,8.501814843750000000e+04,3.320831250000000000e+04,7.354425781250000000e+04,-8.548508069758044183e+07
4.067000000000000171e+00,-1.675494774492334784e+02,-6.371183599950366983e+00,-8.843025017902475327e+01,-1.723407031250000000e+04,1.801357865333557129e+00,1.878867675781250000e+03,2.448141276836395264e-01,4.833965599536895752e-01,7.657661288976669312e-02,2.152423858642578125e-01,1.675494774492334784e+02,6.371183599950366983e+00,8.843025017902475327e+01,0.000000000000000000e+00,0.000000000000000000e+00,0.000000000000000000e+00,2.448141276836395264e-01,4.833965599536895752e-01,7.657661288976669312e-02,2.152423858642578125e-01,9.030603906250000000e+04,8.512939843750000000e+04,3.309969531250000000e+04,7.348278125000000000e+04,-8.552101402610114217e+07
4.067999999999999616e+00,-1.500946613779345000e+02,-5.682948683683230584e+00,-8.666873074782364483e+01,-1.726828906250000000e+04,8.874479293823242188e+00,1.889239746093750000e+03,2.951722741127014160e-01,7.043258100748062134e-02,3.896871209144592285e-01,3.227825462818145752e-01,1.500946613779345000e+02,5.682948683683230584e+00,8.666873074782364483e+01,0.000000000000000000e+00,0.000000000000000000e+00,0.000000000000000000e+00,2.951722741127014160e-01,7.043258100748062134e-02,3.896871209144592285e-01,3.227825462818145752e-01,9.024799218750000000e+04,8.524087500000000000e+04,3.299777343750000000e+04,7.347538281250000000e+04,-8.555108619827048481e+07
4.068999999999999950e+00,-1.327139037608928334e+02,-4.508546978718813492e+00,-8.520237536183586258e+01,-1.724896289062500000e+04,6.705340862274169922e+00,1.881220581054687500e+03,2.858601808547973633e-01,9.265880286693572998e-02,3.864938914775848389e-01,3.238342404365539551e-01,1.327139037608928334e+02,4.508546978718813492e+00,8.520237536183586258e+01,0.000000000000000000e+00,0.000000000000000000e+00,0.000000000000000000e+00,2.858601808547973633e-01,9.265880286693572998e-02,3.864938914775848389e-01,3.238342404365539551e-01,9.035901562500000000e+04,8.501621875000000000e+04,3.311214062500000000e+04,7.358607031250000000e+04,-8.557597895028509200e+07
4.070000000000000284e+00,-1.154432278072003868e+02,-2.947916601099752398e+00,-8.414432504120991041e+01,-1.720032031250000000e+04,-8.495921641588211060e-02,1.891301025390625000e+03,2.791194319725036621e-01,1.166716590523719788e-01,3.769543468952178955e-01,3.220182955265045166e-01,1.154432278072003868e+02,2.947916601099752398e+00,8.414432504120991041e+01,0.000000000000000000e+00,0.000000000000000000e+00,0.000000000000000000e+00,2.791194319725036621e-01,1.166716590523719788e-01,3.769543468952178955e-01,3.220182955265045166e-01,9.047313281250000000e+04,8.478984375000000000e+04,3.322312500000000000e+04,7.370017187500000000e+04,-8.559639504678057134e+07
4.070999999999999730e+00,-9.823155563445128280e+01,-1.162123065297398838e+00,-8.359817642808535254e+01,-1.719056640625000000e+04,-5.178495883941650391e+00,1.874350463867187500e+03,2.725678086280822754e-01,1.437788307666778564e-01,3.605747222900390625e-01,3.165510594844818115e-01,9.823155563445128280e+01,1.162123065297398838e+00,8.359817642808535254e+01,0.000000000000000000e+00,0.000000000000000000e+00,0.000000000000000000e+00,2.725678086280822754e-01,1.437788307666778564e-01,3.605747222900390625e-01,3.165510594844818115e-01,9.058270312500000000e+04,8.456736718750000000e+04,3.333835937500000000e+04,7.381075000000000000e+04,-8.561303449093505740e+07
4.072000000000000064e+00,-8.099636865757247506e+01,7.432691773671282753e-01,-8.361542438603383687e+01,-1.723366406250000000e+04,4.426094532012939453e+00,1.912669677734375000e+03,2.675243020057678223e-01,1.739183366298675537e-01,3.365949392318725586e-01,3.072227239608764648e-01,8.099636865757247506e+01,-7.432691773671282753e-01,8.361542438603383687e+01,0.000000000000000000e+00,0.000000000000000000e+00,0.000000000000000000e+00,2.675243020057678223e-01,1.739183366298675537e-01,3.365949392318725586e-01,3.072227239608764648e-01,9.068185156250000000e+04,8.433592187500000000e+04,3.344486328125000000e+04,7.392973437500000000e+04,-8.562658699431510270e+07
4.073000000000000398e+00,-6.370215513920633299e+01,2.530492868903378767e+00,-8.420202300786624505e+01,-1.727590625000000000e+04,1.693423652648925781e+01,1.888014160156250000e+03,2.585064470767974854e-01,2.092711925506591797e-01,3.057403862476348877e-01,2.929361164569854736e-01,6.370215513920633299e+01,-2.530492868903378767e+00,8.420202300786624505e+01,0.000000000000000000e+00,0.000000000000000000e+00,0.000000000000000000e+00,2.585064470767974854e-01,2.092711925506591797e-01,3.057403862476348877e-01,2.929361164569854736e-01,9.072216406250000000e+04,8.411560156250000000e+04,3.356073437500000000e+04,7.403752343750000000e+04,-8.563774134295725822e+07
4.073999999999999844e+00,-4.637212422749801277e+01,4.072908982114938681e+00,-8.531488364583255191e+01,-1.726434570312500000e+04,2.678669548034667969e+01,1.907901489257812500e+03,2.545192837715148926e-01,2.454159557819366455e-01,2.673754692077636719e-01,2.755250036716461182e-01,4.637212422749801277e+01,-4.072908982114938681e+00,8.531488364583255191e+01,0.000000000000000000e+00,0.000000000000000000e+00,0.000000000000000000e+00,2.545192837715148926e-01,2.454159557819366455e-01,2.673754692077636719e-01,2.755250036716461182e-01,9.073300000000000000e+04,8.388636718750000000e+04,3.367048437500000000e+04,7.415308593750000000e+04,-8.564718693482170999e+07
4.075000000000000178e+00,-2.903326182717382764e+01,5.212179888057816513e+00,-8.683540572690510828e+01,-1.721421093750000000e+04,2.562454032897949219e+01,1.902947143554687500e+03,2.506854534149169922e-01,2.812464833259582520e-01,2.261941432952880859e-01,2.570693492889404297e-01,2.903326182717382764e+01,-5.212179888057816513e+00,8.683540572690510828e+01,0.000000000000000000e+00,0.000000000000000000e+00,0.000000000000000000e+00,2.506854534149169922e-01,2.812464833259582520e-01,2.261941432952880859e-01,2.570693492889404297e-01,9.067556250000000000e+04,8.366253906250000000e+04,3.378304687500000000e+04,7.426541406250000000e+04,-8.565559741962097585e+07
4.075999999999999623e+00,-1.166643317373622502e+01,5.847788891132270628e+00,-8.863409275420951872e+01,-1.719190429687500000e+04,2.679861640930175781e+01,1.906744018554687500e+03,2.511767148971557617e-01,3.134603202342987061e-01,1.849111914634704590e-01,2.400878667831420898e-01,1.166643317373622502e+01,-5.847788891132270628e+00,8.863409275420951872e+01,0.000000000000000000e+00,0.000000000000000000e+00,0.000000000000000000e+00,2.511767148971557617e-01,3.134603202342987061e-01,1.849111914634704590e-01,2.400878667831420898e-01,9.059191406250000000e+04,8.367750781250000000e+04,3.389563281250000000e+04,7.437905468750000000e+04,-8.566362372431725264e+07
4.076999999999999957e+00,5.758464732869568614e+00,5.909355417102935881e+00,-9.054261925817107226e+01,-1.722783007812500000e+04,3.649510574340820312e+01,1.906314331054687500e+03,2.519133985042572021e-01,3.423266410827636719e-01,1.478912085294723511e-01,2.253182530403137207e-01,-5.758464732869568614e+00,-5.909355417102935881e+00,9.054261925817107226e+01,0.000000000000000000e+00,0.000000000000000000e+00,0.000000000000000000e+00,2.519133985042572021e-01,3.423266410827636719e-01,1.478912085294723511e-01,2.253182530403137207e-01,9.048251562500000000e+04,8.379013281250000000e+04,3.400803125000000000e+04,7.449086718750000000e+04,-8.567188977061690390e+07
4.078000000000000291e+00,2.321132155744113135e+01,5.390354327853963845e+00,-9.235415464141421182e+01,-1.727295507812500000e+04,5.174726486206054688e+01,1.882366210937500000e+03,2.527608871459960938e-01,3.681230247020721436e-01,1.172944232821464539e-01,2.129758745431900024e-01,-2.321132155744113135e+01,-5.390354327853963845e+00,9.235415464141421182e+01,0.000000000000000000e+00,0.000000000000000000e+00,0.000000000000000000e+00,2.527608871459960938e-01,3.681230247020721436e-01,1.172944232821464539e-01,2.129758745431900024e-01,9.037469531250000000e+04,8.390734375000000000e+04,3.412488281250000000e+04,7.459905468750000000e+04,-8.568098688186465204e+07
4.078999999999999737e+00,4.061750841458049166e+01,4.342264935508769241e+00,-9.392769257058937171e+01,-1.727113085937500000e+04,6.096477890014648438e+01,1.892083496093750000e+03,2.563654184341430664e-01,3.914017975330352783e-01,9.369503706693649292e-02,2.028033882379531860e-01,-4.061750841458049166e+01,-4.342264935508769241e+00,9.392769257058937171e+01,0.000000000000000000e+00,0.000000000000000000e+00,0.000000000000000000e+00,2.563654184341430664e-01,3.914017975330352783e-01,9.369503706693649292e-02,2.028033882379531860e-01,9.028101562500000000e+04,8.401740625000000000e+04,3.423605859375000000e+04,7.468392187500000000e+04,-8.569147793055087328e+07
4.080000000000000071e+00,5.791686696748193697e+01,2.864885374668580731e+00,-9.512474979766375327e+01,-1.722253515625000000e+04,5.891248703002929688e+01,1.906222167968750000e+03,2.606933414936065674e-01,4.119367897510528564e-01,7.857053726911544800e-02,1.954182386398315430e-01,-5.791686696748193697e+01,-2.864885374668580731e+00,9.512474979766375327e+01,0.000000000000000000e+00,0.000000000000000000e+00,0.000000000000000000e+00,2.606933414936065674e-01,4.119367897510528564e-01,7.857053726911544800e-02,1.954182386398315430e-01,9.022152343750000000e+04,8.412800781250000000e+04,3.424266796875000000e+04,7.460034375000000000e+04,-8.570388921962247789e+07
4.081000000000000405e+00,7.513373422273259905e+01,1.120689908061639040e+00,-9.582567790429065724e+01,-1.719094921875000000e+04,5.242667007446289062e+01,1.885942016601562500e+03,2.676361203193664551e-01,4.300870299339294434e-01,7.058342546224594116e-02,1.903738379478454590e-01,-7.513373422273259905e+01,-1.120689908061639040e+00,9.582567790429065724e+01,0.000000000000000000e+00,0.000000000000000000e+00,0.000000000000000000e+00,2.676361203193664551e-01,4.300870299339294434e-01,7.058342546224594116e-02,1.903738379478454590e-01,9.015846093750000000e+04,8.424371093750000000e+04,3.425589453125000000e+04,7.451170312500000000e+04,-8.571871811413241923e+07
4.081999999999999851e+00,9.235297595600634679e+01,-7.543013739174581067e-01,-9.597684749707235596e+01,-1.721721484375000000e+04,5.427036285400390625e+01,1.887388549804687500e+03,2.770427763462066650e-01,4.463552236557006836e-01,6.789395213127136230e-02,1.871865242719650269e-01,-9.235297595600634679e+01,7.543013739174581067e-01,9.597684749707235596e+01,0.000000000000000000e+00,0.000000000000000000e+00,0.000000000000000000e+00,2.770427763462066650e-01,4.463552236557006836e-01,6.789395213127136230e-02,1.871865242719650269e-01,9.013067187500000000e+04,8.435603125000000000e+04,3.413902343750000000e+04,7.437340625000000000e+04,-8.573645931052638590e+07
4.083000000000000185e+00,1.096307981046705606e+02,-2.564556453581670503e+00,-9.556225243038244344e+01,-1.726430273437500000e+04,6.191025543212890625e+01,1.863102905273437500e+03,2.807259559631347656e-01,4.601311683654785156e-01,6.935265660285949707e-02,1.865760833024978638e-01,-1.096307981046705606e+02,2.564556453581670503e+00,9.556225243038244344e+01,0.000000000000000000e+00,0.000000000000000000e+00,0.000000000000000000e+00,2.807259559631347656e-01,4.601311683654785156e-01,6.935265660285949707e-02,1.865760833024978638e-01,9.014944531250000000e+04,8.447328125000000000e+04,3.396419531250000000e+04,7.419655468750000000e+04,-8.575761694345882535e+07
4.083999999999999631e+00,1.269644410468906841e+02,-4.199929420972975613e+00,-9.460307553441222694e+01,-1.727547656250000000e+04,6.813327026367187500e+01,1.901017089843750000e+03,2.808059751987457275e-01,4.710047543048858643e-01,7.193772494792938232e-02,1.886225789785385132e-01,-1.269644410468906841e+02,4.199929420972975613e+00,9.460307553441222694e+01,0.000000000000000000e+00,0.000000000000000000e+00,0.000000000000000000e+00,2.808059751987457275e-01,4.710047543048858643e-01,7.193772494792938232e-02,1.886225789785385132e-01,9.026772656250000000e+04,8.457868750000000000e+04,3.377186718750000000e+04,7.400591406250000000e+04,-8.578270429405689240e+07
4.084999999999999964e+00,1.443178160004377446e+02,-5.478009283749612379e+00,-9.320172089575724783e+01,-1.723358007812500000e+04,6.277542877197265625e+01,1.899066406250000000e+03,2.716729342937469482e-01,4.782110750675201416e-01,7.483419030904769897e-02,1.936252564191818237e-01,-1.443178160004377446e+02,5.478009283749612379e+00,9.320172089575724783e+01,0.000000000000000000e+00,0.000000000000000000e+00,0.000000000000000000e+00,2.716729342937469482e-01,4.782110750675201416e-01,7.483419030904769897e-02,1.936252564191818237e-01,9.037932031250000000e+04,8.469202343750000000e+04,3.359144140625000000e+04,7.381179687500000000e+04,-8.581224849543567002e+07
4.086000000000000298e+00,1.616903709590994538e+02,-6.283496602884159010e+00,-9.149317995695037098e+01,-1.719594335937500000e+04,5.401160812377929688e+01,1.887055664062500000e+03,2.626435160636901855e-01,4.825028777122497559e-01,7.630927115678787231e-02,2.003927528858184814e-01,-1.616903709590994538e+02,6.283496602884159010e+00,9.149317995695037098e+01,0.000000000000000000e+00,0.000000000000000000e+00,0.000000000000000000e+00,2.626435160636901855e-01,4.825028777122497559e-01,7.630927115678787231e-02,2.003927528858184814e-01,9.048628125000000000e+04,8.480608593750000000e+04,3.343829296875000000e+04,7.363617187500000000e+04,-8.584680275580474734e+07
4.086999999999999744e+00,1.791122804750905573e+02,-6.545819571463381337e+00,-8.962401183012597983e+01,-1.721152539062500000e+04,5.128899002075195312e+01,1.882263916015625000e+03,2.522628307342529297e-01,4.848010241985321045e-01,7.642997056245803833e-02,2.072280198335647583e-01,-1.791122804750905573e+02,6.545819571463381337e+00,8.962401183012597983e+01,0.000000000000000000e+00,0.000000000000000000e+00,0.000000000000000000e+00,2.522628307342529297e-01,4.848010241985321045e-01,7.642997056245803833e-02,2.072280198335647583e-01,9.046453906250000000e+04,8.491960156250000000e+04,3.332349609375000000e+04,7.355531250000000000e+04,-8.588695927607212961e+07
4.088000000000000078e+00,-1.634190246862409879e+02,-6.233459542534106390e+00,-8.776876304263188899e+01,-1.726067382812500000e+04,5.791889190673828125e+01,1.876191040039062500e+03,2.402463108301162720e-01,4.861416816711425781e-01,7.511894404888153076e-02,2.124158442020416260e-01,1.634190246862409879e+02,6.233459542534106390e+00,8.776876304263188899e+01,0.000000000000000000e+00,0.000000000000000000e+00,0.000000000000000000e+00,2.402463108301162720e-01,4.861416816711425781e-01,7.511894404888153076e-02,2.124158442020416260e-01,9.044212500000000000e+04,8.503368750000000000e+04,3.321229296875000000e+04,7.347709375000000000e+04,-8.592140726548543572e+07
4.089000000000000412e+00,-1.459610486604816231e+02,-5.365045050317577058e+00,-8.606924323287512379e+01,-1.728465039062500000e+04,6.237247848510742188e+01,1.906989746093750000e+03,2.915476560592651367e-01,7.934106886386871338e-02,3.887299597263336182e-01,3.201966583728790283e-01,1.459610486604816231e+02,5.365045050317577058e+00,8.606924323287512379e+01,0.000000000000000000e+00,0.000000000000000000e+00,0.000000000000000000e+00,2.915476560592651367e-01,7.934106886386871338e-02,3.887299597263336182e-01,3.201966583728790283e-01,9.035312500000000000e+04,8.514055468750000000e+04,3.309733984375000000e+04,7.345723437500000000e+04,-8.595014859155057371e+07
4.089999999999999858e+00,-1.285976830638978186e+02,-4.044265872874105661e+00,-8.471901583274585334e+01,-1.725105468750000000e+04,5.754781723022460938e+01,1.891798217773437500e+03,2.812183499336242676e-01,1.026939526200294495e-01,3.840847909450531006e-01,3.200671672821044922e-01,1.285976830638978186e+02,4.044265872874105661e+00,8.471901583274585334e+01,0.000000000000000000e+00,0.000000000000000000e+00,0.000000000000000000e+00,2.812183499336242676e-01,1.026939526200294495e-01,3.840847909450531006e-01,3.200671672821044922e-01,9.017061718750000000e+04,8.525623437500000000e+04,3.298325000000000000e+04,7.346825781250000000e+04,-8.597387962337009609e+07
4.091000000000000192e+00,-1.113369664407405963e+02,-2.389905984383779991e+00,-8.381389534688180731e+01,-1.720836328125000000e+04,4.360250091552734375e+01,1.891682617187500000e+03,2.753463983535766602e-01,1.273651868104934692e-01,3.724669218063354492e-01,3.171035647392272949e-01,1.113369664407405963e+02,2.389905984383779991e+00,8.381389534688180731e+01,0.000000000000000000e+00,0.000000000000000000e+00,0.000000000000000000e+00,2.753463983535766602e-01,1.273651868104934692e-01,3.724669218063354492e-01,3.171035647392272949e-01,9.028360156250000000e+04,8.503029687500000000e+04,3.309501171875000000e+04,7.358046875000000000e+04,-8.599330602417016029e+07
4.091999999999999638e+00,-9.411356039374018678e+01,-5.409755025654796601e-01,-8.343580511962483115e+01,-1.721218359375000000e+04,3.871847915649414062e+01,1.893882202148437500e+03,2.696145176887512207e-01,1.547183990478515625e-01,3.540440499782562256e-01,3.108750283718109131e-01,9.411356039374018678e+01,5.409755025654796601e-01,8.343580511962483115e+01,0.000000000000000000e+00,0.000000000000000000e+00,0.000000000000000000e+00,2.696145176887512207e-01,1.547183990478515625e-01,3.540440499782562256e-01,3.108750283718109131e-01,9.039585156250000000e+04,8.480517187500000000e+04,3.320786328125000000e+04,7.369391406250000000e+04,-8.600912521265059710e+07
4.092999999999999972e+00,-7.685131220106174510e+01,1.345771056662259157e+00,-8.362776932073674629e+01,-1.725932226562500000e+04,4.292819976806640625e+01,1.903194580078125000e+03,2.633215785026550293e-01,1.861875057220458984e-01,3.281635940074920654e-01,3.001716136932373047e-01,7.685131220106174510e+01,-1.345771056662259157e+00,8.362776932073674629e+01,0.000000000000000000e+00,0.000000000000000000e+00,0.000000000000000000e+00,2.633215785026550293e-01,1.861875057220458984e-01,3.281635940074920654e-01,3.001716136932373047e-01,9.046875000000000000e+04,8.457860156250000000e+04,3.331852734375000000e+04,7.380861718750000000e+04,-8.602202675173892081e+07
4.094000000000000306e+00,-5.952744371587369443e+01,3.107102148663853480e+00,-8.438982503725704021e+01,-1.729264453125000000e+04,5.280281448364257812e+01,1.925457397460937500e+03,2.563936710357666016e-01,2.211699783802032471e-01,2.950656712055206299e-01,2.852886021137237549e-01,5.952744371587369443e+01,-3.107102148663853480e+00,8.438982503725704021e+01,0.000000000000000000e+00,0.000000000000000000e+00,0.000000000000000000e+00,2.563936710357666016e-01,2.211699783802032471e-01,2.950656712055206299e-01,2.852886021137237549e-01,9.050044531250000000e+04,8.434965625000000000e+04,3.342783984375000000e+04,7.392425000000000000e+04,-8.603270156494784355e+07
4.094999999999999751e+00,-4.217806472894817915e+01,4.553175453367725112e+00,-8.563742586433893678e+01,-1.726443750000000000e+04,5.272019195556640625e+01,1.914550415039062500e+03,2.502132356166839600e-01,2.576749622821807861e-01,2.562694251537322998e-01,2.674528062343597412e-01,4.217806472894817915e+01,-4.553175453367725112e+00,8.563742586433893678e+01,0.000000000000000000e+00,0.000000000000000000e+00,0.000000000000000000e+00,2.502132356166839600e-01,2.576749622821807861e-01,2.562694251537322998e-01,2.674528062343597412e-01,9.048244531250000000e+04,8.412705468750000000e+04,3.354233593750000000e+04,7.403454687500000000e+04,-8.604183505420750380e+07
4.096000000000000085e+00,-2.481614306155069372e+01,5.567768796966829470e+00,-8.726029677001564266e+01,-1.721716796875000000e+04,4.632091522216796875e+01,1.915186035156250000e+03,2.493410259485244751e-01,2.917898297309875488e-01,2.142812907695770264e-01,2.495986372232437134e-01,2.481614306155069372e+01,-5.567768796966829470e+00,8.726029677001564266e+01,0.000000000000000000e+00,0.000000000000000000e+00,0.000000000000000000e+00,2.493410259485244751e-01,2.917898297309875488e-01,2.142812907695770264e-01,2.495986372232437134e-01,9.041605468750000000e+04,8.395369531250000000e+04,3.365455859375000000e+04,7.414735156250000000e+04,-8.605009625460572541e+07
4.097000000000000419e+00,-7.419319985077014401e+00,6.058132542782432850e+00,-8.912267116724510174e+01,-1.720657812500000000e+04,4.347560882568359375e+01,1.923313964843750000e+03,2.499565631151199341e-01,3.226559758186340332e-01,1.740604639053344727e-01,2.335825860500335693e-01,7.419319985077014401e+00,-6.058132542782432850e+00,8.912267116724510174e+01,0.000000000000000000e+00,0.000000000000000000e+00,0.000000000000000000e+00,2.499565631151199341e-01,3.226559758186340332e-01,1.740604639053344727e-01,2.335825860500335693e-01,9.030939062500000000e+04,8.404994531250000000e+04,3.376610937500000000e+04,7.426212500000000000e+04,-8.605813085240066051e+07
4.097999999999999865e+00,1.003379918576982988e+01,5.965932796322314324e+00,-9.103242143109420681e+01,-1.725149609375000000e+04,4.902336883544921875e+01,1.908053222656250000e+03,2.505924105644226074e-01,3.501368463039398193e-01,1.388115286827087402e-01,2.200047671794891357e-01,-1.003379918576982988e+01,-5.965932796322314324e+00,9.103242143109420681e+01,0.000000000000000000e+00,0.000000000000000000e+00,0.000000000000000000e+00,2.505924105644226074e-01,3.501368463039398193e-01,1.388115286827087402e-01,2.200047671794891357e-01,9.019375000000000000e+04,8.416500000000000000e+04,3.388035156250000000e+04,7.437168750000000000e+04,-8.606655402363249660e+07
4.099000000000000199e+00,2.750148392028010491e+01,5.295337688721046376e+00,-9.283182509420242923e+01,-1.728951562500000000e+04,5.897473907470703125e+01,1.918533203125000000e+03,2.526137828826904297e-01,3.747426867485046387e-01,1.098814234137535095e-01,2.087761014699935913e-01,-2.750148392028010491e+01,-5.295337688721046376e+00,9.283182509420242923e+01,0.000000000000000000e+00,0.000000000000000000e+00,0.000000000000000000e+00,2.526137828826904297e-01,3.747426867485046387e-01,1.098814234137535095e-01,2.087761014699935913e-01,9.009091406250000000e+04,8.427569531250000000e+04,3.399171484375000000e+04,7.448547656250000000e+04,-8.607595614360187948e+07
4.099999999999999645e+00,4.489784495239473472e+01,4.133448742069416149e+00,-9.432553576417222985e+01,-1.727201757812500000e+04,5.855596542358398438e+01,1.894649414062500000e+03,2.545489668846130371e-01,3.967583477497100830e-01,8.916759490966796875e-02,2.000841945409774780e-01,-4.489784495239473472e+01,-4.133448742069416149e+00,9.432553576417222985e+01,0.000000000000000000e+00,0.000000000000000000e+00,0.000000000000000000e+00,2.545489668846130371e-01,3.967583477497100830e-01,8.916759490966796875e-02,2.000841945409774780e-01,8.998799218750000000e+04,8.439290625000000000e+04,3.410755468750000000e+04,7.452774218750000000e+04,-8.608688635217894614e+07
4.100999999999999979e+00,6.218340285966834102e+01,2.571921184219180034e+00,-9.542119694384764728e+01,-1.721988281250000000e+04,4.836305236816406250e+01,1.913062011718750000e+03,2.621569931507110596e-01,4.164187014102935791e-01,7.526682317256927490e-02,1.936191171407699585e-01,-6.218340285966834102e+01,-2.571921184219180034e+00,9.542119694384764728e+01,0.000000000000000000e+00,0.000000000000000000e+00,0.000000000000000000e+00,2.621569931507110596e-01,4.164187014102935791e-01,7.526682317256927490e-02,1.936191171407699585e-01,8.991045312500000000e+04,8.450149218750000000e+04,3.421767968750000000e+04,7.449355468750000000e+04,-8.609986494737492502e+07
4.102000000000000313e+00,7.940354046977444114e+01,7.662984487097415087e-01,-9.601071899897898732e+01,-1.720139453125000000e+04,3.763823318481445312e+01,1.906122070312500000e+03,2.691867947578430176e-01,4.335607886314392090e-01,6.904984265565872192e-02,1.897860467433929443e-01,-7.940354046977444114e+01,-7.662984487097415087e-01,9.601071899897898732e+01,0.000000000000000000e+00,0.000000000000000000e+00,0.000000000000000000e+00,2.691867947578430176e-01,4.335607886314392090e-01,6.904984265565872192e-02,1.897860467433929443e-01,8.984306250000000000e+04,8.461560156250000000e+04,3.419157421875000000e+04,7.438960937500000000e+04,-8.611538851499007642e+07
4.102999999999999758e+00,9.664243130268309301e+01,-1.114798869756639332e+00,-9.604081486269916468e+01,-1.723743554687500000e+04,3.494472503662109375e+01,1.888128784179687500e+03,2.769838571548461914e-01,4.488603174686431885e-01,6.788253039121627808e-02,1.878314316272735596e-01,-9.664243130268309301e+01,1.114798869756639332e+00,9.604081486269916468e+01,0.000000000000000000e+00,0.000000000000000000e+00,0.000000000000000000e+00,2.769838571548461914e-01,4.488603174686431885e-01,6.788253039121627808e-02,1.878314316272735596e-01,8.983117187500000000e+04,8.473088281250000000e+04,3.405288281250000000e+04,7.423717968750000000e+04,-8.613395335541418195e+07
4.104000000000000092e+00,1.139457954560674295e+02,-2.919768916345768961e+00,-9.550585324637624751e+01,-1.728297460937500000e+04,3.977093124389648438e+01,1.889219970703125000e+03,2.809747457504272461e-01,4.617798626422882080e-01,6.985487788915634155e-02,1.882781088352203369e-01,-1.139457954560674295e+02,2.919768916345768961e+00,9.550585324637624751e+01,0.000000000000000000e+00,0.000000000000000000e+00,0.000000000000000000e+00,2.809747457504272461e-01,4.617798626422882080e-01,6.985487788915634155e-02,1.882781088352203369e-01,8.987134375000000000e+04,8.484331250000000000e+04,3.386269140625000000e+04,7.406286718750000000e+04,-8.615606689277113974e+07
4.105000000000000426e+00,1.312902224284499653e+02,-4.486883133410404234e+00,-9.445721713658099361e+01,-1.727513281250000000e+04,3.686559295654296875e+01,1.891163818359375000e+03,2.779357135295867920e-01,4.715855419635772705e-01,7.300301641225814819e-02,1.914826631546020508e-01,-1.312902224284499653e+02,4.486883133410404234e+00,9.445721713658099361e+01,0.000000000000000000e+00,0.000000000000000000e+00,0.000000000000000000e+00,2.779357135295867920e-01,4.715855419635772705e-01,7.300301641225814819e-02,1.914826631546020508e-01,8.996706250000000000e+04,8.495617187500000000e+04,3.366598437500000000e+04,7.387896093750000000e+04,-8.618224631326588988e+07
4.105999999999999872e+00,1.486522237025609456e+02,-5.691270129718960291e+00,-9.297751434320450414e+01,-1.722914843750000000e+04,2.589214324951171875e+01,1.910368530273437500e+03,2.708347737789154053e-01,4.779135286808013916e-01,7.561097294092178345e-02,1.974057853221893311e-01,-1.486522237025609456e+02,5.691270129718960291e+00,9.297751434320450414e+01,0.000000000000000000e+00,0.000000000000000000e+00,0.000000000000000000e+00,2.708347737789154053e-01,4.779135286808013916e-01,7.561097294092178345e-02,1.974057853221893311e-01,9.008214843750000000e+04,8.506479687500000000e+04,3.348881640625000000e+04,7.370494531250000000e+04,-8.621302100560674071e+07
4.107000000000000206e+00,1.660404653830046016e+02,-6.408776263742073098e+00,-9.121752415131336988e+01,-1.720116406250000000e+04,1.205502414703369141e+01,1.898627441406250000e+03,2.597194314002990723e-01,4.814105927944183350e-01,7.715834677219390869e-02,2.047314345836639404e-01,-1.660404653830046016e+02,6.408776263742073098e+00,9.121752415131336988e+01,0.000000000000000000e+00,0.000000000000000000e+00,0.000000000000000000e+00,2.597194314002990723e-01,4.814105927944183350e-01,7.715834677219390869e-02,2.047314345836639404e-01,9.012725781250000000e+04,8.517982812500000000e+04,3.336765625000000000e+04,7.359821093750000000e+04,-8.624895215087683499e+07
4.107999999999999652e+00,-1.765148864057796061e+02,-6.571322681500824991e+00,-8.934712507204359611e+01,-1.723169531250000000e+04,7.810100555419921875e+00,1.872537109375000000e+03,2.489192336797714233e-01,4.831764101982116699e-01,7.729161530733108521e-02,2.118566632270812988e-01,1.765148864057796061e+02,6.571322681500824991e+00,8.934712507204359611e+01,0.000000000000000000e+00,0.000000000000000000e+00,0.000000000000000000e+00,2.489192336797714233e-01,4.831764101982116699e-01,7.729161530733108521e-02,2.118566632270812988e-01,9.008857812500000000e+04,8.529600000000000000e+04,3.326610546875000000e+04,7.354700781250000000e+04,-8.628813574704010785e+07
4.108999999999999986e+00,-1.590286115711911918e+02,-6.161886788535634096e+00,-8.750082309758947474e+01,-1.727997070312500000e+04,1.150696372985839844e+01,1.887148925781250000e+03,2.993916869163513184e-01,6.063192710280418396e-02,3.897333145141601562e-01,3.209016621112823486e-01,1.590286115711911918e+02,6.161886788535634096e+00,8.750082309758947474e+01,0.000000000000000000e+00,0.000000000000000000e+00,0.000000000000000000e+00,2.993916869163513184e-01,6.063192710280418396e-02,3.897333145141601562e-01,3.209016621112823486e-01,8.998141406250000000e+04,8.540639062500000000e+04,3.316025781250000000e+04,7.355782812500000000e+04,-8.632112020922991633e+07
4.110000000000000320e+00,-1.415782251153891025e+02,-5.220649093697428356e+00,-8.586403473808002218e+01,-1.728650390625000000e+04,1.071159839630126953e+01,1.888240966796875000e+03,2.896327078342437744e-01,8.133955299854278564e-02,3.892933428287506104e-01,3.236985504627227783e-01,1.415782251153891025e+02,5.220649093697428356e+00,8.586403473808002218e+01,0.000000000000000000e+00,0.000000000000000000e+00,0.000000000000000000e+00,2.896327078342437744e-01,8.133955299854278564e-02,3.892933428287506104e-01,3.236985504627227783e-01,9.009348437500000000e+04,8.518135156250000000e+04,3.327312500000000000e+04,7.367124218750000000e+04,-8.634856449069520831e+07
4.110999999999999766e+00,-1.242299569878815362e+02,-3.816431697285796343e+00,-8.455856198672515234e+01,-1.724380273437500000e+04,2.622379302978515625e+00,1.921770263671875000e+03,2.815855741500854492e-01,1.041753739118576050e-01,3.831783533096313477e-01,3.236163258552551270e-01,1.242299569878815362e+02,3.816431697285796343e+00,8.455856198672515234e+01,0.000000000000000000e+00,0.000000000000000000e+00,0.000000000000000000e+00,2.815855741500854492e-01,1.041753739118576050e-01,3.831783533096313477e-01,3.236163258552551270e-01,9.021230468750000000e+04,8.495045312500000000e+04,3.338019921875000000e+04,7.378879687500000000e+04,-8.637116228846457601e+07
4.112000000000000099e+00,-1.069782876964397360e+02,-2.124204474312059165e+00,-8.373669700862605225e+01,-1.720753515625000000e+04,-8.944636344909667969e+00,1.887821044921875000e+03,2.731327712535858154e-01,1.299805045127868652e-01,3.706976771354675293e-01,3.201030194759368896e-01,1.069782876964397360e+02,2.124204474312059165e+00,8.373669700862605225e+01,0.000000000000000000e+00,0.000000000000000000e+00,0.000000000000000000e+00,2.731327712535858154e-01,1.299805045127868652e-01,3.706976771354675293e-01,3.201030194759368896e-01,9.031853125000000000e+04,8.473169531250000000e+04,3.349826953125000000e+04,7.389522656250000000e+04,-8.638962298917360604e+07
4.113000000000000433e+00,-8.974501177421588238e+01,-2.565096024372762185e-01,-8.345187738812579425e+01,-1.722579882812500000e+04,-1.017794036865234375e+01,1.896386474609375000e+03,2.693761587142944336e-01,1.575210392475128174e-01,3.503856360912322998e-01,3.133178055286407471e-01,8.974501177421588238e+01,2.565096024372762185e-01,8.345187738812579425e+01,0.000000000000000000e+00,0.000000000000000000e+00,0.000000000000000000e+00,2.693761587142944336e-01,1.575210392475128174e-01,3.503856360912322998e-01,3.133178055286407471e-01,9.037773437500000000e+04,8.450428125000000000e+04,3.360973046875000000e+04,7.400925000000000000e+04,-8.640464143794873357e+07
4.113999999999999879e+00,-7.246403948875172318e+01,1.615013904873207284e+00,-8.374381449781459708e+01,-1.727593554687500000e+04,-9.813346266746520996e-01,1.901347167968750000e+03,2.624491751194000244e-01,1.900309324264526367e-01,3.230499923229217529e-01,3.018209040164947510e-01,7.246403948875172318e+01,-1.615013904873207284e+00,8.374381449781459708e+01,0.000000000000000000e+00,0.000000000000000000e+00,0.000000000000000000e+00,2.624491751194000244e-01,1.900309324264526367e-01,3.230499923229217529e-01,3.018209040164947510e-01,9.040703125000000000e+04,8.427875781250000000e+04,3.372064062500000000e+04,7.412352343750000000e+04,-8.641690810970431566e+07
4.115000000000000213e+00,-5.513380313788244536e+01,3.323626305182656449e+00,-8.459476526130045215e+01,-1.729196875000000000e+04,8.490476608276367188e+00,1.915667846679687500e+03,2.558404505252838135e-01,2.257768213748931885e-01,2.883636057376861572e-01,2.861135601997375488e-01,5.513380313788244536e+01,-3.323626305182656449e+00,8.459476526130045215e+01,0.000000000000000000e+00,0.000000000000000000e+00,0.000000000000000000e+00,2.558404505252838135e-01,2.257768213748931885e-01,2.883636057376861572e-01,2.861135601997375488e-01,9.038940625000000000e+04,8.405110937500000000e+04,3.383133593750000000e+04,7.423814843750000000e+04,-8.642711516675418615e+07
4.115999999999999659e+00,-3.778363635512446450e+01,4.702884485415388838e+00,-8.592153327607169899e+01,-1.725570312500000000e+04,9.346638679504394531e+00,1.918751708984375000e+03,2.508608102798461914e-01,2.621380090713500977e-01,2.484612166881561279e-01,2.681291699409484863e-01,3.778363635512446450e+01,-4.702884485415388838e+00,8.592153327607169899e+01,0.000000000000000000e+00,0.000000000000000000e+00,0.000000000000000000e+00,2.508608102798461914e-01,2.621380090713500977e-01,2.484612166881561279e-01,2.681291699409484863e-01,9.032168750000000000e+04,8.391397656250000000e+04,3.394258593750000000e+04,7.435065625000000000e+04,-8.643594739693339169e+07
4.116999999999999993e+00,-2.042488848060602535e+01,5.617681584335660006e+00,-8.757797937010833778e+01,-1.720819335937500000e+04,3.218685626983642578e+00,1.893487182617187500e+03,2.496341615915298462e-01,2.960333228111267090e-01,2.065978795289993286e-01,2.504312396049499512e-01,2.042488848060602535e+01,-5.617681584335660006e+00,8.757797937010833778e+01,0.000000000000000000e+00,0.000000000000000000e+00,0.000000000000000000e+00,2.496341615915298462e-01,2.960333228111267090e-01,2.065978795289993286e-01,2.504312396049499512e-01,9.021650781250000000e+04,8.403140625000000000e+04,3.406001562500000000e+04,7.445884375000000000e+04,-8.644406603381976485e+07
4.118000000000000327e+00,-3.019483773273621274e+00,5.997905989564073614e+00,-8.943462643717934668e+01,-1.721595898437500000e+04,3.021543502807617188e+00,1.892950195312500000e+03,2.521534562110900879e-01,3.262121975421905518e-01,1.663458645343780518e-01,2.347286939620971680e-01,3.019483773273621274e+00,-5.997905989564073614e+00,8.943462643717934668e+01,0.000000000000000000e+00,0.000000000000000000e+00,0.000000000000000000e+00,2.521534562110900879e-01,3.262121975421905518e-01,1.663458645343780518e-01,2.347286939620971680e-01,9.010767187500000000e+04,8.414316406250000000e+04,3.417250390625000000e+04,7.457216406250000000e+04,-8.645210967838424444e+07
4.118999999999999773e+00,1.443983318063527044e+01,5.797672361103237471e+00,-9.132954060106251859e+01,-1.726301562500000000e+04,1.172699451446533203e+01,1.902642578125000000e+03,2.531141638755798340e-01,3.531997799873352051e-01,1.322074383497238159e-01,2.216119766235351562e-01,-1.443983318063527044e+01,-5.797672361103237471e+00,9.132954060106251859e+01,0.000000000000000000e+00,0.000000000000000000e+00,0.000000000000000000e+00,2.531141638755798340e-01,3.531997799873352051e-01,1.322074383497238159e-01,2.216119766235351562e-01,9.002267968750000000e+04,8.425450781250000000e+04,3.428364062500000000e+04,7.468626562500000000e+04,-8.646069288515773416e+07
4.120000000000000107e+00,3.189468770156892319e+01,5.041565088747106849e+00,-9.304978686377442898e+01,-1.729082617187500000e+04,2.141241645812988281e+01,1.879033935546875000e+03,2.537059187889099121e-01,3.773517608642578125e-01,1.054231598973274231e-01,2.109377682209014893e-01,-3.189468770156892319e+01,-5.041565088747106849e+00,9.304978686377442898e+01,0.000000000000000000e+00,0.000000000000000000e+00,0.000000000000000000e+00,2.537059187889099121e-01,3.773517608642578125e-01,1.054231598973274231e-01,2.109377682209014893e-01,8.993960156250000000e+04,8.437078125000000000e+04,3.440039843750000000e+04,7.473516406250000000e+04,-8.647039383647525311e+07
4.121000000000000441e+00,4.926516246682282230e+01,3.800149743086938869e+00,-9.447167922085492364e+01,-1.725930664062500000e+04,2.066349792480468750e+01,1.891386840820312500e+03,2.585907578468322754e-01,3.991636335849761963e-01,8.550734072923660278e-02,2.022766470909118652e-01,-4.926516246682282230e+01,-3.800149743086938869e+00,9.447167922085492364e+01,0.000000000000000000e+00,0.000000000000000000e+00,0.000000000000000000e+00,2.585907578468322754e-01,3.991636335849761963e-01,8.550734072923660278e-02,2.022766470909118652e-01,8.987017187500000000e+04,8.448128125000000000e+04,3.449911718750000000e+04,7.471007031250000000e+04,-8.648176023202101886e+07
4.121999999999999886e+00,6.652622715723732938e+01,2.220154441315698168e+00,-9.545168247814955009e+01,-1.720808789062500000e+04,1.070632076263427734e+01,1.865485961914062500e+03,2.643728852272033691e-01,4.182541072368621826e-01,7.385601103305816650e-02,1.964007616043090820e-01,-6.652622715723732938e+01,-2.220154441315698168e+00,9.545168247814955009e+01,0.000000000000000000e+00,0.000000000000000000e+00,0.000000000000000000e+00,2.643728852272033691e-01,4.182541072368621826e-01,7.385601103305816650e-02,1.964007616043090820e-01,8.982956250000000000e+04,8.459880468750000000e+04,3.443987890625000000e+04,7.461542187500000000e+04,-8.649530192369444668e+07
4.123000000000000220e+00,8.374301861255318613e+01,3.982921940834159846e-01,-9.593167503663043760e+01,-1.720427539062500000e+04,3.580848693847656250e+00,1.891088867187500000e+03,2.747908830642700195e-01,4.354515969753265381e-01,6.811852753162384033e-02,1.922583281993865967e-01,-8.374301861255318613e+01,-3.982921940834159846e-01,9.593167503663043760e+01,0.000000000000000000e+00,0.000000000000000000e+00,0.000000000000000000e+00,2.747908830642700195e-01,4.354515969753265381e-01,6.811852753162384033e-02,1.922583281993865967e-01,8.984114843750000000e+04,8.470628125000000000e+04,3.427550390625000000e+04,7.448660156250000000e+04,-8.651151786177279055e+07
4.123999999999999666e+00,1.009955077201709486e+02,-1.457017711327415199e+00,-9.584774565269707125e+01,-1.725020703125000000e+04,7.181731700897216797e+00,1.864227661132812500e+03,2.792010903358459473e-01,4.501255452632904053e-01,6.831256300210952759e-02,1.909034103155136108e-01,-1.009955077201709486e+02,1.457017711327415199e+00,9.584774565269707125e+01,0.000000000000000000e+00,0.000000000000000000e+00,0.000000000000000000e+00,2.792010903358459473e-01,4.501255452632904053e-01,6.831256300210952759e-02,1.909034103155136108e-01,8.991605468750000000e+04,8.482376562500000000e+04,3.407727734375000000e+04,7.432003125000000000e+04,-8.653090686759975553e+07
4.125000000000000000e+00,1.183088413245751838e+02,-3.201403828061931467e+00,-9.520948136051880795e+01,-1.728587500000000000e+04,1.402533054351806641e+01,1.864314331054687500e+03,2.824530601501464844e-01,4.627685546875000000e-01,7.051999121904373169e-02,1.913949549198150635e-01,-1.183088413245751838e+02,3.201403828061931467e+00,9.520948136051880795e+01,0.000000000000000000e+00,0.000000000000000000e+00,0.000000000000000000e+00,2.824530601501464844e-01,4.627685546875000000e-01,7.051999121904373169e-02,1.913949549198150635e-01,9.002612500000000000e+04,8.493576562500000000e+04,3.388005468750000000e+04,7.415196093750000000e+04,-8.655397894386272132e+07
4.126000000000000334e+00,1.356548728730147673e+02,-4.682044036164722201e+00,-9.407310282893617170e+01,-1.726638085937500000e+04,1.503422546386718750e+01,1.871816162109375000e+03,2.783921360969543457e-01,4.719958305358886719e-01,7.357100397348403931e-02,1.948786228895187378e-01,-1.356548728730147673e+02,4.682044036164722201e+00,9.407310282893617170e+01,0.000000000000000000e+00,0.000000000000000000e+00,0.000000000000000000e+00,2.783921360969543457e-01,4.719958305358886719e-01,7.357100397348403931e-02,1.948786228895187378e-01,9.013929687500000000e+04,8.504725781250000000e+04,3.370505859375000000e+04,7.399376562500000000e+04,-8.658125285860913992e+07
4.126999999999999780e+00,1.530099531203301808e+02,-5.767704886651016771e+00,-9.254407497563919094e+01,-1.721430078125000000e+04,5.925510883331298828e+00,1.877102294921875000e+03,2.700821161270141602e-01,4.779583215713500977e-01,7.587772607803344727e-02,2.006212323904037476e-01,-1.530099531203301808e+02,5.767704886651016771e+00,9.254407497563919094e+01,0.000000000000000000e+00,0.000000000000000000e+00,0.000000000000000000e+00,2.700821161270141602e-01,4.779583215713500977e-01,7.587772607803344727e-02,2.006212323904037476e-01,9.023929687500000000e+04,8.515940625000000000e+04,3.356006250000000000e+04,7.386505468750000000e+04,-8.661326257659578323e+07
4.128000000000000114e+00,1.704033643966949398e+02,-6.354583904181330567e+00,-9.076140914824729578e+01,-1.720364257812500000e+04,-7.544447779655456543e-01,1.874351928710937500e+03,2.595214843750000000e-01,4.812040328979492188e-01,7.699137926101684570e-02,2.076077908277511597e-01,-1.704033643966949398e+02,6.354583904181330567e+00,9.076140914824729578e+01,0.000000000000000000e+00,0.000000000000000000e+00,0.000000000000000000e+00,2.595214843750000000e-01,4.812040328979492188e-01,7.699137926101684570e-02,2.076077908277511597e-01,9.027559375000000000e+04,8.527194531250000000e+04,3.343820312500000000e+04,7.378025781250000000e+04,-8.665057789732067287e+07
4.128999999999999559e+00,-1.721473578235619755e+02,-6.380990696638145998e+00,-8.890400973446416799e+01,-1.724176562500000000e+04,1.697673439979553223e+00,1.853108642578125000e+03,2.476820349693298340e-01,4.830211102962493896e-01,7.677813619375228882e-02,2.138403207063674927e-01,1.721473578235619755e+02,6.380990696638145998e+00,8.890400973446416799e+01,0.000000000000000000e+00,0.000000000000000000e+00,0.000000000000000000e+00,2.476820349693298340e-01,4.830211102962493896e-01,7.677813619375228882e-02,2.138403207063674927e-01,9.023430468750000000e+04,8.538864843750000000e+04,3.333255859375000000e+04,7.374704687500000000e+04,-8.668815725011543930e+07
4.129999999999999893e+00,-1.546687818879702832e+02,-5.845980388917266346e+00,-8.713160277248529439e+01,-1.728831250000000000e+04,9.489242553710937500e+00,1.848721191406250000e+03,2.985933423042297363e-01,6.494720280170440674e-02,3.893832564353942871e-01,3.218514323234558105e-01,1.546687818879702832e+02,5.845980388917266346e+00,8.713160277248529439e+01,0.000000000000000000e+00,0.000000000000000000e+00,0.000000000000000000e+00,2.985933423042297363e-01,6.494720280170440674e-02,3.893832564353942871e-01,3.218514323234558105e-01,9.011033593750000000e+04,8.550103125000000000e+04,3.322348828125000000e+04,7.376457031250000000e+04,-8.671970577389456332e+07
4.131000000000000227e+00,-1.372455192402108537e+02,-4.787735049087269878e+00,-8.557970264755687140e+01,-1.727790820312500000e+04,1.182342243194580078e+01,1.879922241210937500e+03,2.899668216705322266e-01,8.631071448326110840e-02,3.874320089817047119e-01,3.237363100051879883e-01,1.372455192402108537e+02,4.787735049087269878e+00,8.557970264755687140e+01,0.000000000000000000e+00,0.000000000000000000e+00,0.000000000000000000e+00,2.899668216705322266e-01,8.631071448326110840e-02,3.874320089817047119e-01,3.237363100051879883e-01,9.022892968750000000e+04,8.527112500000000000e+04,3.333146093750000000e+04,7.388314062500000000e+04,-8.674588891435822845e+07
4.131999999999999673e+00,-1.199300571928569212e+02,-3.325895591813638585e+00,-8.441661841535363919e+01,-1.723164843750000000e+04,4.882206916809082031e+00,1.873297485351562500e+03,2.805359661579132080e-01,1.106439307332038879e-01,3.798298835754394531e-01,3.222672343254089355e-01,1.199300571928569212e+02,3.325895591813638585e+00,8.441661841535363919e+01,0.000000000000000000e+00,0.000000000000000000e+00,0.000000000000000000e+00,2.805359661579132080e-01,1.106439307332038879e-01,3.798298835754394531e-01,3.222672343254089355e-01,9.033977343750000000e+04,8.504697656250000000e+04,3.344451953125000000e+04,7.399408593750000000e+04,-8.676740936002267897e+07
4.133000000000000007e+00,-1.026931209624497683e+02,-1.576322538524788985e+00,-8.373372555652153437e+01,-1.720618945312500000e+04,2.202445566654205322e-01,1.884960571289062500e+03,2.747685313224792480e-01,1.366178989410400391e-01,3.651020526885986328e-01,3.178615868091583252e-01,1.026931209624497683e+02,1.576322538524788985e+00,8.373372555652153437e+01,0.000000000000000000e+00,0.000000000000000000e+00,0.000000000000000000e+00,2.747685313224792480e-01,1.366178989410400391e-01,3.651020526885986328e-01,3.178615868091583252e-01,9.045121093750000000e+04,8.481996875000000000e+04,3.355575000000000000e+04,7.410808593750000000e+04,-8.678496905870400369e+07
4.134000000000000341e+00,-8.545302490007007634e+01,2.635968600529897121e-01,-8.360715232991843493e+01,-1.723715625000000000e+04,4.452354907989501953e+00,1.851238891601562500e+03,2.681049108505249023e-01,1.664852499961853027e-01,3.432687520980834961e-01,3.093234896659851074e-01,8.545302490007007634e+01,-2.635968600529897121e-01,8.360715232991843493e+01,0.000000000000000000e+00,0.000000000000000000e+00,0.000000000000000000e+00,2.681049108505249023e-01,1.664852499961853027e-01,3.432687520980834961e-01,3.093234896659851074e-01,9.051048437500000000e+04,8.460114843750000000e+04,3.367388281250000000e+04,7.421496875000000000e+04,-8.679926150357259810e+07
4.134999999999999787e+00,-6.815836170658687365e+01,2.092553772542892876e+00,-8.405524298456312238e+01,-1.728389453125000000e+04,1.879902458190917969e+01,1.890088378906250000e+03,2.636246085166931152e-01,1.995141506195068359e-01,3.133186101913452148e-01,2.965089380741119385e-01,6.815836170658687365e+01,-2.092553772542892876e+00,8.405524298456312238e+01,0.000000000000000000e+00,0.000000000000000000e+00,0.000000000000000000e+00,2.636246085166931152e-01,1.995141506195068359e-01,3.133186101913452148e-01,2.965089380741119385e-01,9.053482031250000000e+04,8.436880468750000000e+04,3.378003515625000000e+04,7.433489062500000000e+04,-8.681097672849760950e+07
4.136000000000000121e+00,-5.082031242264767457e+01,3.699687055740501940e+00,-8.503803489411598093e+01,-1.728683007812500000e+04,2.984945106506347656e+01,1.890070312500000000e+03,2.552385926246643066e-01,2.365638315677642822e-01,2.775466442108154297e-01,2.796570956707000732e-01,5.082031242264767457e+01,-3.699687055740501940e+00,8.503803489411598093e+01,0.000000000000000000e+00,0.000000000000000000e+00,0.000000000000000000e+00,2.552385926246643066e-01,2.365638315677642822e-01,2.775466442108154297e-01,2.796570956707000732e-01,9.051884375000000000e+04,8.414419531250000000e+04,3.389288671875000000e+04,7.444722656250000000e+04,-8.682080458771531284e+07
4.136999999999999567e+00,-3.347124162011142801e+01,4.943306668377750235e+00,-8.646249130399992566e+01,-1.724016601562500000e+04,3.123009109497070312e+01,1.894751220703125000e+03,2.518320381641387939e-01,2.726900875568389893e-01,2.365266233682632446e-01,2.612131237983703613e-01,3.347124162011142801e+01,-4.943306668377750235e+00,8.646249130399992566e+01,0.000000000000000000e+00,0.000000000000000000e+00,0.000000000000000000e+00,2.518320381641387939e-01,2.726900875568389893e-01,2.365266233682632446e-01,2.612131237983703613e-01,9.044556250000000000e+04,8.408315625000000000e+04,3.400393359375000000e+04,7.455997656250000000e+04,-8.682942511041422188e+07
4.137999999999999901e+00,-1.610509798487459676e+01,5.699113672290657462e+00,-8.817685079967655781e+01,-1.720561914062500000e+04,2.967268180847167969e+01,1.873605102539062500e+03,2.511776685714721680e-01,3.059625923633575439e-01,1.950075775384902954e-01,2.437523603439331055e-01,1.610509798487459676e+01,-5.699113672290657462e+00,8.817685079967655781e+01,0.000000000000000000e+00,0.000000000000000000e+00,0.000000000000000000e+00,2.511776685714721680e-01,3.059625923633575439e-01,1.950075775384902954e-01,2.437523603439331055e-01,9.034381250000000000e+04,8.419936718750000000e+04,3.412049609375000000e+04,7.466882031250000000e+04,-8.683749212150892615e+07
4.139000000000000234e+00,1.308117116323631812e+00,5.906000966152111786e+00,-9.004126808434882889e+01,-1.722318359375000000e+04,3.382950973510742188e+01,1.873104370117187500e+03,2.534515559673309326e-01,3.355816006660461426e-01,1.561332195997238159e-01,2.284130901098251343e-01,-1.308117116323631812e+00,-5.906000966152111786e+00,9.004126808434882889e+01,0.000000000000000000e+00,0.000000000000000000e+00,0.000000000000000000e+00,2.534515559673309326e-01,3.355816006660461426e-01,1.561332195997238159e-01,2.284130901098251343e-01,9.024460156250000000e+04,8.431259375000000000e+04,3.423230859375000000e+04,7.478213281250000000e+04,-8.684563614348496497e+07
4.139999999999999680e+00,1.876813587140755857e+01,5.534659754885778327e+00,-9.188332831603742079e+01,-1.727486718750000000e+04,4.632028579711914062e+01,1.876655273437500000e+03,2.544802427291870117e-01,3.619334995746612549e-01,1.238823458552360535e-01,2.158043980598449707e-01,-1.876813587140755857e+01,-5.534659754885778327e+00,9.188332831603742079e+01,0.000000000000000000e+00,0.000000000000000000e+00,0.000000000000000000e+00,2.544802427291870117e-01,3.619334995746612549e-01,1.238823458552360535e-01,2.158043980598449707e-01,9.016336718750000000e+04,8.442385156250000000e+04,3.434493359375000000e+04,7.488395312500000000e+04,-8.685446156489008665e+07
4.141000000000000014e+00,3.620139408686637950e+01,4.619688775671700220e+00,-9.352685626471273395e+01,-1.728625390625000000e+04,5.631802749633789062e+01,1.881692626953125000e+03,2.557467520236968994e-01,3.855902552604675293e-01,9.912581741809844971e-02,2.055495381355285645e-01,-3.620139408686637950e+01,-4.619688775671700220e+00,9.352685626471273395e+01,0.000000000000000000e+00,0.000000000000000000e+00,0.000000000000000000e+00,2.557467520236968994e-01,3.855902552604675293e-01,9.912581741809844971e-02,2.055495381355285645e-01,9.009307031250000000e+04,8.453607031250000000e+04,3.445646875000000000e+04,7.488996093750000000e+04,-8.686454072019106150e+07
4.142000000000000348e+00,5.353655831089555761e+01,3.279661341745395475e+00,-9.480022799336043704e+01,-1.724595507812500000e+04,5.363337707519531250e+01,1.852671997070312500e+03,2.596135437488555908e-01,4.067087769508361816e-01,8.198576420545578003e-02,1.976353228092193604e-01,-5.353655831089555761e+01,-3.279661341745395475e+00,9.480022799336043704e+01,0.000000000000000000e+00,0.000000000000000000e+00,0.000000000000000000e+00,2.596135437488555908e-01,4.067087769508361816e-01,8.198576420545578003e-02,1.976353228092193604e-01,9.002644531250000000e+04,8.465282031250000000e+04,3.451035156250000000e+04,7.481407031250000000e+04,-8.687640472267295420e+07
4.142999999999999794e+00,7.077377857225546620e+01,1.601935257654529599e+00,-9.563458563110145860e+01,-1.720015039062500000e+04,4.668629074096679688e+01,1.879864013671875000e+03,2.691586017608642578e-01,4.255690872669219971e-01,7.145764678716659546e-02,1.918041557073593140e-01,-7.077377857225546620e+01,-1.601935257654529599e+00,9.563458563110145860e+01,0.000000000000000000e+00,0.000000000000000000e+00,0.000000000000000000e+00,2.691586017608642578e-01,4.255690872669219971e-01,7.145764678716659546e-02,1.918041557073593140e-01,8.999982812500000000e+04,8.476106250000000000e+04,3.441266796875000000e+04,7.469089062500000000e+04,-8.689056219057175517e+07
4.144000000000000128e+00,8.799006212539801197e+01,-2.207874621185268449e-01,-9.593374949144471486e+01,-1.721118359375000000e+04,4.198183822631835938e+01,1.853596069335937500e+03,2.755082845687866211e-01,4.419693946838378906e-01,6.812502443790435791e-02,1.885461360216140747e-01,-8.799006212539801197e+01,2.207874621185268449e-01,9.593374949144471486e+01,0.000000000000000000e+00,0.000000000000000000e+00,0.000000000000000000e+00,2.755082845687866211e-01,4.419693946838378906e-01,6.812502443790435791e-02,1.885461360216140747e-01,9.003142968750000000e+04,8.487842968750000000e+04,3.423764453125000000e+04,7.451683593750000000e+04,-8.690750777464318275e+07
4.144999999999999574e+00,1.052578147109711040e+02,-2.072468848149592979e+00,-9.566890403839366286e+01,-1.726092382812500000e+04,4.963148498535156250e+01,1.876952636718750000e+03,2.826780080795288086e-01,4.563657045364379883e-01,6.844652444124221802e-02,1.873197704553604126e-01,-1.052578147109711040e+02,2.072468848149592979e+00,9.566890403839366286e+01,0.000000000000000000e+00,0.000000000000000000e+00,0.000000000000000000e+00,2.826780080795288086e-01,4.563657045364379883e-01,6.844652444124221802e-02,1.873197704553604126e-01,9.011678125000000000e+04,8.498664062500000000e+04,3.403183593750000000e+04,7.432977343750000000e+04,-8.692774381652794778e+07
4.145999999999999908e+00,1.225856943119047173e+02,-3.731196107922149174e+00,-9.487233320132978065e+01,-1.728606250000000000e+04,5.486106491088867188e+01,1.845811767578125000e+03,2.805123329162597656e-01,4.678198099136352539e-01,7.141648977994918823e-02,1.889075189828872681e-01,-1.225856943119047173e+02,3.731196107922149174e+00,9.487233320132978065e+01,0.000000000000000000e+00,0.000000000000000000e+00,0.000000000000000000e+00,2.805123329162597656e-01,4.678198099136352539e-01,7.141648977994918823e-02,1.889075189828872681e-01,9.022364843750000000e+04,8.510499218750000000e+04,3.384133984375000000e+04,7.412906250000000000e+04,-8.695178575040933490e+07
4.147000000000000242e+00,1.399376714479417672e+02,-5.099993470043139077e+00,-9.359742315545693714e+01,-1.725228906250000000e+04,5.304613494873046875e+01,1.874284057617187500e+03,2.775572836399078369e-01,4.761354029178619385e-01,7.390851527452468872e-02,1.930742114782333374e-01,-1.399376714479417672e+02,5.099993470043139077e+00,9.359742315545693714e+01,0.000000000000000000e+00,0.000000000000000000e+00,0.000000000000000000e+00,2.775572836399078369e-01,4.761354029178619385e-01,7.390851527452468872e-02,1.930742114782333374e-01,9.034048437500000000e+04,8.521189843750000000e+04,3.367170703125000000e+04,7.395604687500000000e+04,-8.698015478985434771e+07
4.147999999999999687e+00,1.573035058060297899e+02,-6.034906369031437734e+00,-9.197478863842759722e+01,-1.720687304687500000e+04,4.297956085205078125e+01,1.872595825195312500e+03,2.669941484928131104e-01,4.810869991779327393e-01,7.586346566677093506e-02,1.993885934352874756e-01,-1.573035058060297899e+02,6.034906369031437734e+00,9.197478863842759722e+01,0.000000000000000000e+00,0.000000000000000000e+00,0.000000000000000000e+00,2.669941484928131104e-01,4.810869991779327393e-01,7.586346566677093506e-02,1.993885934352874756e-01,9.042742968750000000e+04,8.532508593750000000e+04,3.353097265625000000e+04,7.381338281250000000e+04,-8.701339496463318169e+07
4.149000000000000021e+00,1.747104578974389995e+02,-6.448923916893698483e+00,-9.014739385575123265e+01,-1.720673046875000000e+04,3.769631195068359375e+01,1.869781738281250000e+03,2.563763856887817383e-01,4.837271869182586670e-01,7.646066695451736450e-02,2.064397335052490234e-01,-1.747104578974389995e+02,6.448923916893698483e+00,9.014739385575123265e+01,0.000000000000000000e+00,0.000000000000000000e+00,0.000000000000000000e+00,2.563763856887817383e-01,4.837271869182586670e-01,7.646066695451736450e-02,2.064397335052490234e-01,9.043887500000000000e+04,8.543800000000000000e+04,3.341062890625000000e+04,7.372050781250000000e+04,-8.705208684997057915e+07
4.150000000000000355e+00,-1.678260471463278236e+02,-6.296186606852687717e+00,-8.829453254284049990e+01,-1.725632812500000000e+04,4.204602050781250000e+01,1.854264160156250000e+03,2.444037795066833496e-01,4.852335751056671143e-01,7.565518468618392944e-02,2.122019529342651367e-01,1.678260471463278236e+02,6.296186606852687717e+00,8.829453254284049990e+01,0.000000000000000000e+00,0.000000000000000000e+00,0.000000000000000000e+00,2.444037795066833496e-01,4.852335751056671143e-01,7.565518468618392944e-02,2.122019529342651367e-01,9.037090625000000000e+04,8.555314843750000000e+04,3.330002734375000000e+04,7.368093750000000000e+04,-8.708808799851408601e+07
4.150999999999999801e+00,-1.503582413644448081e+02,-5.591928385402245461e+00,-8.657576149960985390e+01,-1.728829882812500000e+04,4.794181060791015625e+01,1.855314941406250000e+03,2.953511178493499756e-01,7.275539636611938477e-02,3.888804018497467041e-01,3.203908503055572510e-01,1.503582413644448081e+02,5.591928385402245461e+00,8.657576149960985390e+01,0.000000000000000000e+00,0.000000000000000000e+00,0.000000000000000000e+00,2.953511178493499756e-01,7.275539636611938477e-02,3.888804018497467041e-01,3.203908503055572510e-01,9.022234375000000000e+04,8.566615625000000000e+04,3.318203906250000000e+04,7.368873437500000000e+04,-8.711822223140260577e+07
4.152000000000000135e+00,-1.329632336230628198e+02,-4.397111539786763501e+00,-8.513208584116587474e+01,-1.726777929687500000e+04,4.512359619140625000e+01,1.876290771484375000e+03,2.866722345352172852e-01,9.492175281047821045e-02,3.854215145111083984e-01,3.212595582008361816e-01,1.329632336230628198e+02,4.397111539786763501e+00,8.513208584116587474e+01,0.000000000000000000e+00,0.000000000000000000e+00,0.000000000000000000e+00,2.866722345352172852e-01,9.492175281047821045e-02,3.854215145111083984e-01,3.212595582008361816e-01,9.033795312500000000e+04,8.543689843750000000e+04,3.329146875000000000e+04,7.380560156250000000e+04,-8.714316825952766836e+07
4.152999999999999581e+00,-1.156779223483488579e+02,-2.818577581319504866e+00,-8.409477096285608866e+01,-1.721846875000000000e+04,3.508317947387695312e+01,1.894505981445312500e+03,2.782509624958038330e-01,1.195836663246154785e-01,3.759678006172180176e-01,3.190070688724517822e-01,1.156779223483488579e+02,2.818577581319504866e+00,8.409477096285608866e+01,0.000000000000000000e+00,0.000000000000000000e+00,0.000000000000000000e+00,2.782509624958038330e-01,1.195836663246154785e-01,3.759678006172180176e-01,3.190070688724517822e-01,9.045433593750000000e+04,8.520933593750000000e+04,3.340011328125000000e+04,7.392069531250000000e+04,-8.716362951612937450e+07
4.153999999999999915e+00,-9.844917296178589083e+01,-1.031751867943839551e+00,-8.357578839578633279e+01,-1.720980468750000000e+04,2.853157997131347656e+01,1.867381958007812500e+03,2.712898850440979004e-01,1.467261314392089844e-01,3.595204055309295654e-01,3.134475350379943848e-01,9.844917296178589083e+01,1.031751867943839551e+00,8.357578839578633279e+01,0.000000000000000000e+00,0.000000000000000000e+00,0.000000000000000000e+00,2.712898850440979004e-01,1.467261314392089844e-01,3.595204055309295654e-01,3.134475350379943848e-01,9.053928906250000000e+04,8.498797656250000000e+04,3.351773046875000000e+04,7.402821875000000000e+04,-8.718030773270413280e+07
4.155000000000000249e+00,-8.119723173138773120e+01,8.485054151018888158e-01,-8.361605812666644511e+01,-1.725045117187500000e+04,3.460786056518554688e+01,1.887496337890625000e+03,2.668796181678771973e-01,1.766757071018218994e-01,3.352399766445159912e-01,3.040010333061218262e-01,8.119723173138773120e+01,-8.485054151018888158e-01,8.361605812666644511e+01,0.000000000000000000e+00,0.000000000000000000e+00,0.000000000000000000e+00,2.668796181678771973e-01,1.766757071018218994e-01,3.352399766445159912e-01,3.040010333061218262e-01,9.058221093750000000e+04,8.475983593750000000e+04,3.362617968750000000e+04,7.414406250000000000e+04,-8.719389308828306198e+07
4.155999999999999694e+00,-6.388688641070835672e+01,2.613842303819444712e+00,-8.421859498968557034e+01,-1.729061718750000000e+04,4.510794067382812500e+01,1.871790161132812500e+03,2.591180801391601562e-01,2.114781141281127930e-01,3.040715157985687256e-01,2.898523807525634766e-01,6.388688641070835672e+01,-2.613842303819444712e+00,8.421859498968557034e+01,0.000000000000000000e+00,0.000000000000000000e+00,0.000000000000000000e+00,2.591180801391601562e-01,2.114781141281127930e-01,3.040715157985687256e-01,2.898523807525634766e-01,9.058578906250000000e+04,8.453758593750000000e+04,3.374201171875000000e+04,7.425489843750000000e+04,-8.720507422645194829e+07
4.157000000000000028e+00,-4.653991156609284019e+01,4.161285272694500215e+00,-8.535811851738651512e+01,-1.727801367187500000e+04,5.163586425781250000e+01,1.927144287109375000e+03,2.546817064285278320e-01,2.475828230381011963e-01,2.658923268318176270e-01,2.725463509559631348e-01,4.653991156609284019e+01,-4.161285272694500215e+00,8.535811851738651512e+01,0.000000000000000000e+00,0.000000000000000000e+00,0.000000000000000000e+00,2.546817064285278320e-01,2.475828230381011963e-01,2.658923268318176270e-01,2.725463509559631348e-01,9.054687500000000000e+04,8.430300781250000000e+04,3.384517578125000000e+04,7.437650000000000000e+04,-8.721454351451247931e+07
4.158000000000000362e+00,-2.918542727859142616e+01,5.277744068148176204e+00,-8.687469993089230513e+01,-1.722814843750000000e+04,4.649373626708984375e+01,1.885585083007812500e+03,2.488072514533996582e-01,2.833833992481231689e-01,2.255837023258209229e-01,2.544246912002563477e-01,2.918542727859142616e+01,-5.277744068148176204e+00,8.687469993089230513e+01,0.000000000000000000e+00,0.000000000000000000e+00,0.000000000000000000e+00,2.488072514533996582e-01,2.833833992481231689e-01,2.255837023258209229e-01,2.544246912002563477e-01,9.045995312500000000e+04,8.432703906250000000e+04,3.396491015625000000e+04,7.448152343750000000e+04,-8.722297037174844742e+07
4.158999999999999808e+00,-1.180453643839105560e+01,5.898221774125232741e+00,-8.866513943559665734e+01,-1.720497851562500000e+04,4.290683364868164062e+01,1.893481567382812500e+03,2.516611218452453613e-01,3.150411844253540039e-01,1.835887134075164795e-01,2.376074045896530151e-01,1.180453643839105560e+01,-5.898221774125232741e+00,8.866513943559665734e+01,0.000000000000000000e+00,0.000000000000000000e+00,0.000000000000000000e+00,2.516611218452453613e-01,3.150411844253540039e-01,1.835887134075164795e-01,2.376074045896530151e-01,9.034197656250000000e+04,8.443736718750000000e+04,3.407639843750000000e+04,7.459518750000000000e+04,-8.723100601480020583e+07
4.160000000000000142e+00,5.629661144436060916e+00,5.952947371911339935e+00,-9.054452896796131256e+01,-1.723863085937500000e+04,4.621562576293945312e+01,1.876646484375000000e+03,2.522636055946350098e-01,3.435001969337463379e-01,1.469579041004180908e-01,2.233948111534118652e-01,-5.629661144436060916e+00,-5.952947371911339935e+00,9.054452896796131256e+01,0.000000000000000000e+00,0.000000000000000000e+00,0.000000000000000000e+00,2.522636055946350098e-01,3.435001969337463379e-01,1.469579041004180908e-01,2.233948111534118652e-01,9.024232031250000000e+04,8.455307031250000000e+04,3.419114843750000000e+04,7.470575781250000000e+04,-8.723927145719325542e+07
4.160999999999999588e+00,2.309507407745664054e+01,5.430533486663114751e+00,-9.236608414211823970e+01,-1.728318164062500000e+04,5.663908004760742188e+01,1.892682250976562500e+03,2.543418407440185547e-01,3.688464164733886719e-01,1.162129342555999756e-01,2.115909755229949951e-01,-2.309507407745664054e+01,-5.430533486663114751e+00,9.236608414211823970e+01,0.000000000000000000e+00,0.000000000000000000e+00,0.000000000000000000e+00,2.543418407440185547e-01,3.688464164733886719e-01,1.162129342555999756e-01,2.115909755229949951e-01,9.015566406250000000e+04,8.466293750000000000e+04,3.430148828125000000e+04,7.477459375000000000e+04,-8.724836582383359969e+07
4.161999999999999922e+00,4.051526185276783565e+01,4.388719420539270111e+00,-9.393833725282686942e+01,-1.728406054687500000e+04,5.995433425903320312e+01,1.887469604492187500e+03,2.553650140762329102e-01,3.915491700172424316e-01,9.375789016485214233e-02,2.023168057203292847e-01,-4.051526185276783565e+01,-4.388719420539270111e+00,9.393833725282686942e+01,0.000000000000000000e+00,0.000000000000000000e+00,0.000000000000000000e+00,2.553650140762329102e-01,3.915491700172424316e-01,9.375789016485214233e-02,2.023168057203292847e-01,9.008160156250000000e+04,8.477626562500000000e+04,3.441404296875000000e+04,7.475010937500000000e+04,-8.725885098234057426e+07
4.163000000000000256e+00,5.782517698018688890e+01,2.941788778861839315e+00,-9.512275778741428667e+01,-1.723266601562500000e+04,5.179797363281250000e+01,1.874674072265625000e+03,2.607400417327880859e-01,4.117555320262908936e-01,7.841379195451736450e-02,1.953725665807723999e-01,-5.782517698018688890e+01,-2.941788778861839315e+00,9.512275778741428667e+01,0.000000000000000000e+00,0.000000000000000000e+00,0.000000000000000000e+00,2.607400417327880859e-01,4.117555320262908936e-01,7.841379195451736450e-02,1.953725665807723999e-01,9.001617968750000000e+04,8.489161718750000000e+04,3.442272265625000000e+04,7.465593750000000000e+04,-8.727125172660367191e+07
4.163999999999999702e+00,7.505381811902587685e+01,1.218177105029352614e+00,-9.583194023839850217e+01,-1.720138085937500000e+04,3.943272781372070312e+01,1.870225708007812500e+03,2.697763442993164062e-01,4.297252893447875977e-01,6.994163990020751953e-02,1.905680149793624878e-01,-7.505381811902587685e+01,-1.218177105029352614e+00,9.583194023839850217e+01,0.000000000000000000e+00,0.000000000000000000e+00,0.000000000000000000e+00,2.697763442993164062e-01,4.297252893447875977e-01,6.994163990020751953e-02,1.905680149793624878e-01,8.999133593750000000e+04,8.500406250000000000e+04,3.430224218750000000e+04,7.451408593750000000e+04,-8.728607004694323242e+07
4.165000000000000036e+00,9.228075346816207514e+01,-6.530995390898954867e-01,-9.600350750785761988e+01,-1.722454492187500000e+04,3.601816940307617188e+01,1.885877319335937500e+03,2.780441045761108398e-01,4.454645216464996338e-01,6.753493100404739380e-02,1.880907416343688965e-01,-9.228075346816207514e+01,6.530995390898954867e-01,9.600350750785761988e+01,0.000000000000000000e+00,0.000000000000000000e+00,0.000000000000000000e+00,2.780441045761108398e-01,4.454645216464996338e-01,6.753493100404739380e-02,1.880907416343688965e-01,9.003544531250000000e+04,8.511445312500000000e+04,3.411116406250000000e+04,7.434194531250000000e+04,-8.730380288439670205e+07
4.166000000000000369e+00,1.095695408626140335e+02,-2.467371592446773843e+00,-9.561266213487208177e+01,-1.727663867187500000e+04,3.993314743041992188e+01,1.862476074218750000e+03,2.808301448822021484e-01,4.588620662689208984e-01,6.924687325954437256e-02,1.880294233560562134e-01,-1.095695408626140335e+02,2.467371592446773843e+00,9.561266213487208177e+01,0.000000000000000000e+00,0.000000000000000000e+00,0.000000000000000000e+00,2.808301448822021484e-01,4.588620662689208984e-01,6.924687325954437256e-02,1.880294233560562134e-01,9.012952343750000000e+04,8.523040625000000000e+04,3.391093359375000000e+04,7.414771875000000000e+04,-8.732495623776464164e+07
4.166999999999999815e+00,1.269112382462564028e+02,-4.101122396803087433e+00,-9.468507740827094210e+01,-1.728700195312500000e+04,4.299594116210937500e+01,1.884601318359375000e+03,2.808986902236938477e-01,4.696008563041687012e-01,7.202195376157760620e-02,1.903771460056304932e-01,-1.269112382462564028e+02,4.101122396803087433e+00,9.468507740827094210e+01,0.000000000000000000e+00,0.000000000000000000e+00,0.000000000000000000e+00,2.808986902236938477e-01,4.696008563041687012e-01,7.202195376157760620e-02,1.903771460056304932e-01,9.024620312500000000e+04,8.533946093750000000e+04,3.372132812500000000e+04,7.396553125000000000e+04,-8.735004478324656188e+07
4.168000000000000149e+00,1.442681442676665142e+02,-5.370892549852499975e+00,-9.333567553324110122e+01,-1.724398242187500000e+04,3.421094512939453125e+01,1.856203491210937500e+03,2.730789184570312500e-01,4.768329858779907227e-01,7.492395490407943726e-02,1.954831331968307495e-01,-1.442681442676665142e+02,5.370892549852499975e+00,9.333567553324110122e+01,0.000000000000000000e+00,0.000000000000000000e+00,0.000000000000000000e+00,2.730789184570312500e-01,4.768329858779907227e-01,7.492395490407943726e-02,1.954831331968307495e-01,9.035368750000000000e+04,8.545721093750000000e+04,3.356881640625000000e+04,7.379792968750000000e+04,-8.737959847551102936e+07
4.168999999999999595e+00,1.616472036005127961e+02,-6.210911350500433414e+00,-9.163225694144553302e+01,-1.720561523437500000e+04,2.246808242797851562e+01,1.898462402343750000e+03,2.660557627677917480e-01,4.811114072799682617e-01,7.641042768955230713e-02,2.024024277925491333e-01,-1.616472036005127961e+02,6.210911350500433414e+00,9.163225694144553302e+01,0.000000000000000000e+00,0.000000000000000000e+00,0.000000000000000000e+00,2.660557627677917480e-01,4.811114072799682617e-01,7.641042768955230713e-02,2.024024277925491333e-01,9.041696093750000000e+04,8.556228906250000000e+04,3.343097265625000000e+04,7.368471875000000000e+04,-8.741416333987487853e+07
4.169999999999999929e+00,1.790746920974467002e+02,-6.505828731594117897e+00,-8.979205186347262213e+01,-1.722217187500000000e+04,1.556116676330566406e+01,1.859441772460937500e+03,2.518897652626037598e-01,4.832146763801574707e-01,7.694556564092636108e-02,2.094342410564422607e-01,-1.790746920974467002e+02,6.505828731594117897e+00,8.979205186347262213e+01,0.000000000000000000e+00,0.000000000000000000e+00,0.000000000000000000e+00,2.518897652626037598e-01,4.832146763801574707e-01,7.694556564092636108e-02,2.094342410564422607e-01,9.041478125000000000e+04,8.568197656250000000e+04,3.332383203125000000e+04,7.361153125000000000e+04,-8.745433602361001074e+07
4.171000000000000263e+00,-1.634427271821862746e+02,-6.232822832247096656e+00,-8.793452231688596044e+01,-1.727496875000000000e+04,1.946906661987304688e+01,1.873129150390625000e+03,2.421514987945556641e-01,4.844557642936706543e-01,7.599635422229766846e-02,2.151972353458404541e-01,1.634427271821862746e+02,6.232822832247096656e+00,8.793452231688596044e+01,0.000000000000000000e+00,0.000000000000000000e+00,0.000000000000000000e+00,2.421514987945556641e-01,4.844557642936706543e-01,7.599635422229766846e-02,2.151972353458404541e-01,9.032078125000000000e+04,8.579133593750000000e+04,3.321372656250000000e+04,7.360173437500000000e+04,-8.748882087697431445e+07
4.171999999999999709e+00,-1.459745362332893137e+02,-5.425564245212319392e+00,-8.626846786249321042e+01,-1.729747265625000000e+04,2.181361198425292969e+01,1.850452026367187500e+03,2.924322187900543213e-01,7.652363181114196777e-02,3.893599212169647217e-01,3.224761784076690674e-01,1.459745362332893137e+02,5.425564245212319392e+00,8.626846786249321042e+01,0.000000000000000000e+00,0.000000000000000000e+00,0.000000000000000000e+00,2.924322187900543213e-01,7.652363181114196777e-02,3.893599212169647217e-01,3.224761784076690674e-01,9.015200000000000000e+04,8.590807031250000000e+04,3.310551562500000000e+04,7.362955468750000000e+04,-8.751760112749755383e+07
4.173000000000000043e+00,-1.285965107911517293e+02,-4.141830327320025873e+00,-8.489559663039753445e+01,-1.726198242187500000e+04,1.517257690429687500e+01,1.883103149414062500e+03,2.854250073432922363e-01,9.856343269348144531e-02,3.844551444053649902e-01,3.231117427349090576e-01,1.285965107911517293e+02,4.141830327320025873e+00,8.489559663039753445e+01,0.000000000000000000e+00,0.000000000000000000e+00,0.000000000000000000e+00,2.854250073432922363e-01,9.856343269348144531e-02,3.844551444053649902e-01,3.231117427349090576e-01,9.027021875000000000e+04,8.567713281250000000e+04,3.321260156250000000e+04,7.374844531250000000e+04,-8.754136260717090964e+07
4.174000000000000377e+00,-1.113207807418352502e+02,-2.513023442568782517e+00,-8.395859603832492724e+01,-1.721979882812500000e+04,2.915109872817993164e+00,1.885370849609375000e+03,2.767858505249023438e-01,1.237299442291259766e-01,3.736294507980346680e-01,3.203443288803100586e-01,1.113207807418352502e+02,2.513023442568782517e+00,8.395859603832492724e+01,0.000000000000000000e+00,0.000000000000000000e+00,0.000000000000000000e+00,2.767858505249023438e-01,1.237299442291259766e-01,3.736294507980346680e-01,3.203443288803100586e-01,9.038286718750000000e+04,8.545182812500000000e+04,3.332489453125000000e+04,7.386105468750000000e+04,-8.756081028453142941e+07
4.174999999999999822e+00,-9.408479031273478199e+01,-6.897636067966518292e-01,-8.354566135718953035e+01,-1.722291796875000000e+04,-1.771608829498291016e+00,1.876457153320312500e+03,2.708176076412200928e-01,1.510875523090362549e-01,3.555125296115875244e-01,3.143417835235595703e-01,9.408479031273478199e+01,6.897636067966518292e-01,8.354566135718953035e+01,0.000000000000000000e+00,0.000000000000000000e+00,0.000000000000000000e+00,2.708176076412200928e-01,1.510875523090362549e-01,3.555125296115875244e-01,3.143417835235595703e-01,9.046281250000000000e+04,8.522872656250000000e+04,3.343920312500000000e+04,7.397155468750000000e+04,-8.757664258560506999e+07
4.176000000000000156e+00,-7.680863029220176941e+01,1.165297589210018359e+00,-8.369692137597841963e+01,-1.727401757812500000e+04,3.529322862625122070e+00,1.868279907226562500e+03,2.651632428169250488e-01,1.822387278079986572e-01,3.297922909259796143e-01,3.040125966072082520e-01,7.680863029220176941e+01,-1.165297589210018359e+00,8.369692137597841963e+01,0.000000000000000000e+00,0.000000000000000000e+00,0.000000000000000000e+00,2.651632428169250488e-01,1.822387278079986572e-01,3.297922909259796143e-01,3.040125966072082520e-01,9.049850781250000000e+04,8.500451562500000000e+04,3.355250781250000000e+04,7.408255468750000000e+04,-8.758954868385872245e+07
4.176999999999999602e+00,-5.947969364847339335e+01,2.903228226676975332e+00,-8.440970779118011080e+01,-1.730208203125000000e+04,1.424172306060791016e+01,1.885346191406250000e+03,2.591238319873809814e-01,2.170189917087554932e-01,2.967187762260437012e-01,2.894308567047119141e-01,5.947969364847339335e+01,-2.903228226676975332e+00,8.440970779118011080e+01,0.000000000000000000e+00,0.000000000000000000e+00,0.000000000000000000e+00,2.591238319873809814e-01,2.170189917087554932e-01,2.967187762260437012e-01,2.894308567047119141e-01,9.049776562500000000e+04,8.477719531250000000e+04,3.366266015625000000e+04,7.419877343750000000e+04,-8.760021994531877339e+07
4.177999999999999936e+00,-4.212345848933892256e+01,4.356611170230887176e+00,-8.561659339141688463e+01,-1.727825195312500000e+04,1.498057365417480469e+01,1.894697998046875000e+03,2.532675862312316895e-01,2.536686360836029053e-01,2.579894661903381348e-01,2.718205749988555908e-01,4.212345848933892256e+01,-4.356611170230887176e+00,8.561659339141688463e+01,0.000000000000000000e+00,0.000000000000000000e+00,0.000000000000000000e+00,2.532675862312316895e-01,2.536686360836029053e-01,2.579894661903381348e-01,2.718205749988555908e-01,9.045245312500000000e+04,8.455635156250000000e+04,3.377274609375000000e+04,7.431297656250000000e+04,-8.760934351219871640e+07
4.179000000000000270e+00,-2.475754616835239830e+01,5.390771216232261409e+00,-8.720933040349085275e+01,-1.722901367187500000e+04,1.168655681610107422e+01,1.901302001953125000e+03,2.509313225746154785e-01,2.882247865200042725e-01,2.165029942989349365e-01,2.541734278202056885e-01,2.475754616835239830e+01,-5.390771216232261409e+00,8.720933040349085275e+01,0.000000000000000000e+00,0.000000000000000000e+00,0.000000000000000000e+00,2.509313225746154785e-01,2.882247865200042725e-01,2.165029942989349365e-01,2.541734278202056885e-01,9.036593750000000000e+04,8.460988281250000000e+04,3.388484765625000000e+04,7.442597656250000000e+04,-8.761759097601471841e+07
4.179999999999999716e+00,-7.358773408539754257e+00,5.895484686565183985e+00,-8.899658092743943882e+01,-1.722152148437500000e+04,7.027583599090576172e+00,1.855775268554687500e+03,2.510815262794494629e-01,3.195954859256744385e-01,1.761653572320938110e-01,2.379175871610641479e-01,7.358773408539754257e+00,-5.895484686565183985e+00,8.899658092743943882e+01,0.000000000000000000e+00,0.000000000000000000e+00,0.000000000000000000e+00,2.510815262794494629e-01,3.195954859256744385e-01,1.761653572320938110e-01,2.379175871610641479e-01,9.025585937500000000e+04,8.473015625000000000e+04,3.400455468750000000e+04,7.453064843750000000e+04,-8.762560027571725845e+07
4.181000000000000050e+00,1.009917391968836498e+01,5.835619487947283801e+00,-9.087702667984275706e+01,-1.726422656250000000e+04,1.516981887817382812e+01,1.878591552734375000e+03,2.550022602081298828e-01,3.472091555595397949e-01,1.393936127424240112e-01,2.241224199533462524e-01,-1.009917391968836498e+01,-5.835619487947283801e+00,9.087702667984275706e+01,0.000000000000000000e+00,0.000000000000000000e+00,0.000000000000000000e+00,2.550022602081298828e-01,3.472091555595397949e-01,1.393936127424240112e-01,2.241224199533462524e-01,9.016089843750000000e+04,8.483872656250000000e+04,3.411380078125000000e+04,7.464766406250000000e+04,-8.763399495746409893e+07
4.182000000000000384e+00,2.757176664361531593e+01,5.214276867901313395e+00,-9.263407301577844066e+01,-1.730189843750000000e+04,2.347840118408203125e+01,1.862899291992187500e+03,2.545143365859985352e-01,3.721295297145843506e-01,1.112092658877372742e-01,2.129351347684860229e-01,-2.757176664361531593e+01,-5.214276867901313395e+00,9.263407301577844066e+01,0.000000000000000000e+00,0.000000000000000000e+00,0.000000000000000000e+00,2.545143365859985352e-01,3.721295297145843506e-01,1.112092658877372742e-01,2.129351347684860229e-01,9.008989843750000000e+04,8.495456250000000000e+04,3.422910937500000000e+04,7.471825000000000000e+04,-8.764336341994670033e+07
4.182999999999999829e+00,4.498202731918021158e+01,4.083678785782844933e+00,-9.413513754146654833e+01,-1.728704296875000000e+04,2.624479675292968750e+01,1.882201293945312500e+03,2.582472562789916992e-01,3.943629264831542969e-01,8.968257904052734375e-02,2.040079236030578613e-01,-4.498202731918021158e+01,-4.083678785782844933e+00,9.413513754146654833e+01,0.000000000000000000e+00,0.000000000000000000e+00,0.000000000000000000e+00,2.582472562789916992e-01,3.943629264831542969e-01,8.968257904052734375e-02,2.040079236030578613e-01,9.002290625000000000e+04,8.506300000000000000e+04,3.433810937500000000e+04,7.470914843750000000e+04,-8.765426490328082442e+07
4.184000000000000163e+00,6.228257178905892033e+01,2.589786983661681141e+00,-9.521588658363737068e+01,-1.723615039062500000e+04,1.706316947937011719e+01,1.849634887695312500e+03,2.627000808715820312e-01,4.140537381172180176e-01,7.643414288759231567e-02,1.975975781679153442e-01,-6.228257178905892033e+01,-2.589786983661681141e+00,9.521588658363737068e+01,0.000000000000000000e+00,0.000000000000000000e+00,0.000000000000000000e+00,2.627000808715820312e-01,4.140537381172180176e-01,7.643414288759231567e-02,1.975975781679153442e-01,8.997559375000000000e+04,8.518139843750000000e+04,3.431809375000000000e+04,7.462525781250000000e+04,-8.766721679408401251e+07
4.184999999999999609e+00,7.951887014523765629e+01,8.429946676200181788e-01,-9.581171747686100559e+01,-1.721696289062500000e+04,8.788856506347656250e+00,1.852464233398437500e+03,2.734444439411163330e-01,4.317788183689117432e-01,6.904697418212890625e-02,1.929169744253158569e-01,-7.951887014523765629e+01,-8.429946676200181788e-01,9.581171747686100559e+01,0.000000000000000000e+00,0.000000000000000000e+00,0.000000000000000000e+00,2.734444439411163330e-01,4.317788183689117432e-01,6.904697418212890625e-02,1.929169744253158569e-01,8.996708593750000000e+04,8.529307031250000000e+04,3.418173046875000000e+04,7.450192968750000000e+04,-8.768272064063906670e+07
4.185999999999999943e+00,9.677488753804905741e+01,-1.004405854680329169e+00,-9.586214318472444518e+01,-1.725459375000000000e+04,9.373069763183593750e+00,1.855065795898437500e+03,2.804771661758422852e-01,4.471994638442993164e-01,6.775400042533874512e-02,1.906585246324539185e-01,-9.677488753804905741e+01,1.004405854680329169e+00,9.586214318472444518e+01,0.000000000000000000e+00,0.000000000000000000e+00,0.000000000000000000e+00,2.804771661758422852e-01,4.471994638442993164e-01,6.775400042533874512e-02,1.906585246324539185e-01,9.003490625000000000e+04,8.540533593750000000e+04,3.398853906250000000e+04,7.434601562500000000e+04,-8.770127657882416248e+07
4.187000000000000277e+00,1.140931001641406937e+02,-2.782434769946047659e+00,-9.535402072708866683e+01,-1.729991796875000000e+04,1.643227005004882812e+01,1.856099609375000000e+03,2.828528881072998047e-01,4.602084755897521973e-01,6.981009244918823242e-02,1.908504962921142578e-01,-1.140931001641406937e+02,2.782434769946047659e+00,9.535402072708866683e+01,0.000000000000000000e+00,0.000000000000000000e+00,0.000000000000000000e+00,2.828528881072998047e-01,4.602084755897521973e-01,6.981009244918823242e-02,1.908504962921142578e-01,9.014746875000000000e+04,8.551823437500000000e+04,3.378821093750000000e+04,7.417525781250000000e+04,-8.772339394554129243e+07
4.187999999999999723e+00,1.314542012424486472e+02,-4.321609222313469445e+00,-9.433999991970473786e+01,-1.729678320312500000e+04,1.789411163330078125e+01,1.849020629882812500e+03,2.798725962638854980e-01,4.702252149581909180e-01,7.286839187145233154e-02,1.936852782964706421e-01,-1.314542012424486472e+02,4.321609222313469445e+00,9.433999991970473786e+01,0.000000000000000000e+00,0.000000000000000000e+00,0.000000000000000000e+00,2.798725962638854980e-01,4.702252149581909180e-01,7.286839187145233154e-02,1.936852782964706421e-01,9.025868750000000000e+04,8.563146875000000000e+04,3.361222656250000000e+04,7.400891406250000000e+04,-8.774959286445669830e+07
4.189000000000000057e+00,1.488247665418109307e+02,-5.494226569362849588e+00,-9.291330498168319707e+01,-1.724700976562500000e+04,1.104137134552001953e+01,1.849635986328125000e+03,2.733907103538513184e-01,4.768881201744079590e-01,7.533099502325057983e-02,1.990460753440856934e-01,-1.488247665418109307e+02,5.494226569362849588e+00,9.291330498168319707e+01,0.000000000000000000e+00,0.000000000000000000e+00,0.000000000000000000e+00,2.733907103538513184e-01,4.768881201744079590e-01,7.533099502325057983e-02,1.990460753440856934e-01,9.036448437500000000e+04,8.574453906250000000e+04,3.346414453125000000e+04,7.386993750000000000e+04,-8.778040474436113238e+07
4.190000000000000391e+00,1.662219376899159897e+02,-6.196877935481002631e+00,-9.120275027493796927e+01,-1.722145898437500000e+04,1.340176105499267578e+00,1.847962402343750000e+03,2.637117505073547363e-01,4.807188212871551514e-01,7.666955143213272095e-02,2.057936191558837891e-01,-1.662219376899159897e+02,6.196877935481002631e+00,9.120275027493796927e+01,0.000000000000000000e+00,0.000000000000000000e+00,0.000000000000000000e+00,2.637117505073547363e-01,4.807188212871551514e-01,7.666955143213272095e-02,2.057936191558837891e-01,9.042188281250000000e+04,8.585646875000000000e+04,3.334032421875000000e+04,7.377479687500000000e+04,-8.781639081988438964e+07
4.190999999999999837e+00,-1.763214882920821083e+02,-6.356647730494393578e+00,-8.934835593901773620e+01,-1.725231640625000000e+04,3.123675584793090820e+00,1.857196289062500000e+03,2.522109150886535645e-01,4.826962351799011230e-01,7.683812826871871948e-02,2.124653309583663940e-01,1.763214882920821083e+02,6.356647730494393578e+00,8.934835593901773620e+01,0.000000000000000000e+00,0.000000000000000000e+00,0.000000000000000000e+00,2.522109150886535645e-01,4.826962351799011230e-01,7.683812826871871948e-02,2.124653309583663940e-01,9.041100781250000000e+04,8.596786718750000000e+04,3.322912109375000000e+04,7.373308593750000000e+04,-8.785550362279729545e+07
4.192000000000000171e+00,-1.588238271214620738e+02,-5.955598268366459003e+00,-8.756140925343102310e+01,-1.730456054687500000e+04,9.320487022399902344e+00,1.828254638671875000e+03,3.000202775001525879e-01,6.070725992321968079e-02,3.890985548496246338e-01,3.205610811710357666e-01,1.588238271214620738e+02,5.955598268366459003e+00,8.756140925343102310e+01,0.000000000000000000e+00,0.000000000000000000e+00,0.000000000000000000e+00,3.000202775001525879e-01,6.070725992321968079e-02,3.890985548496246338e-01,3.205610811710357666e-01,9.031194531250000000e+04,8.608490625000000000e+04,3.312726171875000000e+04,7.373585156250000000e+04,-8.788843110039998591e+07
4.192999999999999616e+00,-1.413578322284375588e+02,-5.021864981374858594e+00,-8.596126904983539418e+01,-1.731143359375000000e+04,1.515668869018554688e+01,1.853282836914062500e+03,2.927848696708679199e-01,8.096329122781753540e-02,3.881040215492248535e-01,3.233931660652160645e-01,1.413578322284375588e+02,5.021864981374858594e+00,8.596126904983539418e+01,0.000000000000000000e+00,0.000000000000000000e+00,0.000000000000000000e+00,2.927848696708679199e-01,8.096329122781753540e-02,3.881040215492248535e-01,3.233931660652160645e-01,9.042832812500000000e+04,8.585581250000000000e+04,3.323612109375000000e+04,7.385250781250000000e+04,-8.791582769603686035e+07
4.193999999999999950e+00,-1.239956507575299582e+02,-3.664427824502832998e+00,-8.471829008794297522e+01,-1.726655859375000000e+04,8.931550979614257812e+00,1.845076293945312500e+03,2.832693457603454590e-01,1.048238947987556458e-01,3.818984627723693848e-01,3.225428760051727295e-01,1.239956507575299582e+02,3.664427824502832998e+00,8.471829008794297522e+01,0.000000000000000000e+00,0.000000000000000000e+00,0.000000000000000000e+00,2.832693457603454590e-01,1.048238947987556458e-01,3.818984627723693848e-01,3.225428760051727295e-01,9.053948437500000000e+04,8.563257031250000000e+04,3.334914843750000000e+04,7.396459375000000000e+04,-8.793839323415035009e+07
4.195000000000000284e+00,-1.067224594167859948e+02,-1.972261457440561472e+00,-8.391968997401228592e+01,-1.723238867187500000e+04,3.938340187072753906e+00,1.877784423828125000e+03,2.774358391761779785e-01,1.301020085811614990e-01,3.687490522861480713e-01,3.189563155174255371e-01,1.067224594167859948e+02,1.972261457440561472e+00,8.391968997401228592e+01,0.000000000000000000e+00,0.000000000000000000e+00,0.000000000000000000e+00,2.774358391761779785e-01,1.301020085811614990e-01,3.687490522861480713e-01,3.189563155174255371e-01,9.065706250000000000e+04,8.540160156250000000e+04,3.345690234375000000e+04,7.408247656250000000e+04,-8.795682932167491317e+07
4.195999999999999730e+00,-8.946353695275044515e+01,-1.467218525475921798e-01,-8.366531831372256534e+01,-1.725273437500000000e+04,5.214317798614501953e+00,1.850148559570312500e+03,2.695145010948181152e-01,1.595717072486877441e-01,3.488683402538299561e-01,3.112373650074005127e-01,8.946353695275044515e+01,1.467218525475921798e-01,8.366531831372256534e+01,0.000000000000000000e+00,0.000000000000000000e+00,0.000000000000000000e+00,2.695145010948181152e-01,1.595717072486877441e-01,3.488683402538299561e-01,3.112373650074005127e-01,9.073191406250000000e+04,8.518175781250000000e+04,3.357360937500000000e+04,7.418980468750000000e+04,-8.797183295313484967e+07
4.197000000000000064e+00,-7.215287935876479253e+01,1.674848670536799755e+00,-8.397952098760616479e+01,-1.730496484375000000e+04,1.924898910522460938e+01,1.855408691406250000e+03,2.647288143634796143e-01,1.917981207370758057e-01,3.207390606403350830e-01,2.994631528854370117e-01,7.215287935876479253e+01,-1.674848670536799755e+00,8.397952098760616479e+01,0.000000000000000000e+00,0.000000000000000000e+00,0.000000000000000000e+00,2.647288143634796143e-01,1.917981207370758057e-01,3.207390606403350830e-01,2.994631528854370117e-01,9.075400781250000000e+04,8.495489062500000000e+04,3.368582421875000000e+04,7.430298437500000000e+04,-8.798409435619798303e+07
4.198000000000000398e+00,-5.479380454372613940e+01,3.325067203827918760e+00,-8.484024004112472994e+01,-1.732000781250000000e+04,3.252706527709960938e+01,1.867625366210937500e+03,2.579699158668518066e-01,2.280890643596649170e-01,2.858323156833648682e-01,2.833036482334136963e-01,5.479380454372613940e+01,-3.325067203827918760e+00,8.484024004112472994e+01,0.000000000000000000e+00,0.000000000000000000e+00,0.000000000000000000e+00,2.579699158668518066e-01,2.280890643596649170e-01,2.858323156833648682e-01,2.833036482334136963e-01,9.074347656250000000e+04,8.472813281250000000e+04,3.379642968750000000e+04,7.441832812500000000e+04,-8.799430563961650431e+07
4.198999999999999844e+00,-3.741897430006698499e+01,4.648185298149368094e+00,-8.616693482657666436e+01,-1.728104687500000000e+04,3.659546279907226562e+01,1.878166259765625000e+03,2.530859410762786865e-01,2.648268043994903564e-01,2.458207905292510986e-01,2.650338113307952881e-01,3.741897430006698499e+01,-4.648185298149368094e+00,8.616693482657666436e+01,0.000000000000000000e+00,0.000000000000000000e+00,0.000000000000000000e+00,2.530859410762786865e-01,2.648268043994903564e-01,2.458207905292510986e-01,2.650338113307952881e-01,9.068393750000000000e+04,8.459073437500000000e+04,3.390706250000000000e+04,7.453284375000000000e+04,-8.800315216553814709e+07
4.200000000000000178e+00,-2.003146499991218477e+01,5.517168781818664769e+00,-8.783286257408525444e+01,-1.723837109375000000e+04,3.566546249389648438e+01,1.879877563476562500e+03,2.514434158802032471e-01,2.990488708019256592e-01,2.042492181062698364e-01,2.472264468669891357e-01,2.003146499991218477e+01,-5.517168781818664769e+00,8.783286257408525444e+01,0.000000000000000000e+00,0.000000000000000000e+00,0.000000000000000000e+00,2.514434158802032471e-01,2.990488708019256592e-01,2.042492181062698364e-01,2.472264468669891357e-01,9.059019531250000000e+04,8.470295312500000000e+04,3.401967968750000000e+04,7.464501562500000000e+04,-8.801129847602751851e+07
4.200999999999999623e+00,-2.603381095550399316e+00,5.840781082232479271e+00,-8.965204823089953834e+01,-1.724657226562500000e+04,3.810398101806640625e+01,1.845519775390625000e+03,2.521422207355499268e-01,3.296182155609130859e-01,1.649283617734909058e-01,2.314232140779495239e-01,2.603381095550399316e+00,-5.840781082232479271e+00,8.965204823089953834e+01,0.000000000000000000e+00,0.000000000000000000e+00,0.000000000000000000e+00,2.521422207355499268e-01,3.296182155609130859e-01,1.649283617734909058e-01,2.314232140779495239e-01,9.047990625000000000e+04,8.482189843750000000e+04,3.413710546875000000e+04,7.475153125000000000e+04,-8.801937685809628665e+07
4.201999999999999957e+00,1.487691184631399821e+01,5.593440176099635508e+00,-9.149245595908419659e+01,-1.729544335937500000e+04,5.032832717895507812e+01,1.854231079101562500e+03,2.552921772003173828e-01,3.567399084568023682e-01,1.302940547466278076e-01,2.180270105600357056e-01,-1.487691184631399821e+01,-5.593440176099635508e+00,9.149245595908419659e+01,0.000000000000000000e+00,0.000000000000000000e+00,0.000000000000000000e+00,2.552921772003173828e-01,3.567399084568023682e-01,1.302940547466278076e-01,2.180270105600357056e-01,9.038544531250000000e+04,8.493217187500000000e+04,3.424877343750000000e+04,7.486617187500000000e+04,-8.802800033667279780e+07
4.203000000000000291e+00,3.235231155025842753e+01,4.792275252667166363e+00,-9.317707647733639931e+01,-1.732139453125000000e+04,6.219372177124023438e+01,1.865235595703125000e+03,2.559770345687866211e-01,3.810817897319793701e-01,1.040205880999565125e-01,2.072623670101165771e-01,-3.235231155025842753e+01,-4.792275252667166363e+00,9.317707647733639931e+01,0.000000000000000000e+00,0.000000000000000000e+00,0.000000000000000000e+00,2.559770345687866211e-01,3.810817897319793701e-01,1.040205880999565125e-01,2.072623670101165771e-01,9.031517968750000000e+04,8.504335156250000000e+04,3.435882421875000000e+04,7.489103125000000000e+04,-8.803775194221840799e+07
4.203999999999999737e+00,4.974214084088831811e+01,3.529614729380041283e+00,-9.453489333877571710e+01,-1.728979296875000000e+04,6.313223648071289062e+01,1.857509399414062500e+03,2.587115764617919922e-01,4.027766287326812744e-01,8.540648221969604492e-02,1.988947242498397827e-01,-4.974214084088831811e+01,-3.529614729380041283e+00,9.453489333877571710e+01,0.000000000000000000e+00,0.000000000000000000e+00,0.000000000000000000e+00,2.587115764617919922e-01,4.027766287326812744e-01,8.540648221969604492e-02,1.988947242498397827e-01,9.024946875000000000e+04,8.515664062500000000e+04,3.445179687500000000e+04,7.483102343750000000e+04,-8.804917552703255415e+07
4.205000000000000071e+00,6.702919655413283806e+01,1.927877676157489173e+00,-9.545584029516498958e+01,-1.724171484375000000e+04,5.641164779663085938e+01,1.853220581054687500e+03,2.661365568637847900e-01,4.220835864543914795e-01,7.375122606754302979e-02,1.927189528942108154e-01,-6.702919655413283806e+01,-1.927877676157489173e+00,9.545584029516498958e+01,0.000000000000000000e+00,0.000000000000000000e+00,0.000000000000000000e+00,2.661365568637847900e-01,4.220835864543914795e-01,7.375122606754302979e-02,1.927189528942108154e-01,9.020432812500000000e+04,8.527010937500000000e+04,3.438876953125000000e+04,7.471053906250000000e+04,-8.806278397438204288e+07
4.206000000000000405e+00,8.427459051450146887e+01,1.459083624766256970e-01,-9.585971704385372050e+01,-1.723662500000000000e+04,5.055193710327148438e+01,1.833360473632812500e+03,2.749454677104949951e-01,4.391983449459075928e-01,6.865750998258590698e-02,1.886746734380722046e-01,-8.427459051450146887e+01,-1.459083624766256970e-01,9.585971704385372050e+01,0.000000000000000000e+00,0.000000000000000000e+00,0.000000000000000000e+00,2.749454677104949951e-01,4.391983449459075928e-01,6.865750998258590698e-02,1.886746734380722046e-01,9.021172656250000000e+04,8.538641406250000000e+04,3.423299609375000000e+04,7.454457031250000000e+04,-8.807907528762941062e+07
4.206999999999999851e+00,1.015623097457345807e+02,-1.700213775031786945e+00,-9.570922024624546509e+01,-1.728417578125000000e+04,5.651782989501953125e+01,1.858430419921875000e+03,2.826665639877319336e-01,4.540840387344360352e-01,6.817394495010375977e-02,1.868877410888671875e-01,-1.015623097457345807e+02,1.700213775031786945e+00,9.570922024624546509e+01,0.000000000000000000e+00,0.000000000000000000e+00,0.000000000000000000e+00,2.826665639877319336e-01,4.540840387344360352e-01,6.817394495010375977e-02,1.868877410888671875e-01,9.028759375000000000e+04,8.549437500000000000e+04,3.403131250000000000e+04,7.435920312500000000e+04,-8.809855333595731854e+07
4.208000000000000185e+00,1.189144139461998861e+02,-3.409161650395383880e+00,-9.501143668496841599e+01,-1.731950195312500000e+04,6.315011215209960938e+01,1.851607543945312500e+03,2.815517783164978027e-01,4.661152362823486328e-01,7.084818184375762939e-02,1.879410147666931152e-01,-1.189144139461998861e+02,3.409161650395383880e+00,9.501143668496841599e+01,0.000000000000000000e+00,0.000000000000000000e+00,0.000000000000000000e+00,2.815517783164978027e-01,4.661152362823486328e-01,7.084818184375762939e-02,1.879410147666931152e-01,9.039953125000000000e+04,8.560870312500000000e+04,3.383445312500000000e+04,7.415817187500000000e+04,-8.812173276928558946e+07
4.208999999999999631e+00,1.363006038292880646e+02,-4.830497171604940299e+00,-9.383373537629640282e+01,-1.730008007812500000e+04,6.350632095336914062e+01,1.849834472656250000e+03,2.777080535888671875e-01,4.750196039676666260e-01,7.361254096031188965e-02,1.916594654321670532e-01,-1.363006038292880646e+02,4.830497171604940299e+00,9.383373537629640282e+01,0.000000000000000000e+00,0.000000000000000000e+00,0.000000000000000000e+00,2.777080535888671875e-01,4.750196039676666260e-01,7.361254096031188965e-02,1.916594654321670532e-01,9.051110156250000000e+04,8.572064062500000000e+04,3.366516015625000000e+04,7.397101562500000000e+04,-8.814913872748741508e+07
4.209999999999999964e+00,1.536957938293070640e+02,-5.845182080671989411e+00,-9.228398208280340498e+01,-1.724951367187500000e+04,5.418857955932617188e+01,1.852943359375000000e+03,2.698980569839477539e-01,4.806803464889526367e-01,7.555738836526870728e-02,1.975541859865188599e-01,-1.536957938293070640e+02,5.845182080671989411e+00,9.228398208280340498e+01,0.000000000000000000e+00,0.000000000000000000e+00,0.000000000000000000e+00,2.698980569839477539e-01,4.806803464889526367e-01,7.555738836526870728e-02,1.975541859865188599e-01,9.059696093750000000e+04,8.583307031250000000e+04,3.352081640625000000e+04,7.381803125000000000e+04,-8.818131162403085828e+07
4.211000000000000298e+00,1.711238588308247870e+02,-6.356329020012154274e+00,-9.050676042672948540e+01,-1.723768750000000000e+04,4.701843643188476562e+01,1.845954956054687500e+03,2.594393193721771240e-01,4.836916923522949219e-01,7.635181397199630737e-02,2.045515179634094238e-01,-1.711238588308247870e+02,6.356329020012154274e+00,9.050676042672948540e+01,0.000000000000000000e+00,0.000000000000000000e+00,0.000000000000000000e+00,2.594393193721771240e-01,4.836916923522949219e-01,7.635181397199630737e-02,2.045515179634094238e-01,9.062276562500000000e+04,8.594639843750000000e+04,3.339915625000000000e+04,7.371197656250000000e+04,-8.821882687569355965e+07
4.211999999999999744e+00,-1.713877700348463975e+02,-6.311029813672446309e+00,-8.863590741899152192e+01,-1.728044726562500000e+04,4.976621246337890625e+01,1.866389404296875000e+03,2.480157911777496338e-01,4.853297770023345947e-01,7.583432644605636597e-02,2.107128649950027466e-01,1.713877700348463975e+02,6.311029813672446309e+00,8.863590741899152192e+01,0.000000000000000000e+00,0.000000000000000000e+00,0.000000000000000000e+00,2.480157911777496338e-01,4.853297770023345947e-01,7.583432644605636597e-02,2.107128649950027466e-01,9.057950781250000000e+04,8.605571875000000000e+04,3.328156640625000000e+04,7.366430468750000000e+04,-8.825609679659236968e+07
4.213000000000000078e+00,-1.538803536673130736e+02,-5.712500455092326845e+00,-8.689913799523580451e+01,-1.732403515625000000e+04,5.588538360595703125e+01,1.834099731445312500e+03,2.956161797046661377e-01,6.958919763565063477e-02,3.890395462512969971e-01,3.191104531288146973e-01,1.538803536673130736e+02,5.712500455092326845e+00,8.689913799523580451e+01,0.000000000000000000e+00,0.000000000000000000e+00,0.000000000000000000e+00,2.956161797046661377e-01,6.958919763565063477e-02,3.890395462512969971e-01,3.191104531288146973e-01,9.044509375000000000e+04,8.617409375000000000e+04,3.317173046875000000e+04,7.365507031250000000e+04,-8.828736005268290639e+07
4.214000000000000412e+00,-1.364307978411337672e+02,-4.605096940521469229e+00,-8.539964659357160315e+01,-1.731319335937500000e+04,5.573651504516601562e+01,1.865445434570312500e+03,2.886338829994201660e-01,9.077137708663940430e-02,3.863508701324462891e-01,3.207728266716003418e-01,1.364307978411337672e+02,4.605096940521469229e+00,8.539964659357160315e+01,0.000000000000000000e+00,0.000000000000000000e+00,0.000000000000000000e+00,2.886338829994201660e-01,9.077137708663940430e-02,3.863508701324462891e-01,3.207728266716003418e-01,9.056362500000000000e+04,8.594344531250000000e+04,3.327926562500000000e+04,7.377277343750000000e+04,-8.831328772183860838e+07
4.214999999999999858e+00,-1.190921014799126283e+02,-3.114582545933727520e+00,-8.430093971902687144e+01,-1.726322851562500000e+04,4.624309158325195312e+01,1.856651123046875000e+03,2.792552113533020020e-01,1.153332665562629700e-01,3.781915903091430664e-01,3.189095258712768555e-01,1.190921014799126283e+02,3.114582545933727520e+00,8.430093971902687144e+01,0.000000000000000000e+00,0.000000000000000000e+00,0.000000000000000000e+00,2.792552113533020020e-01,1.153332665562629700e-01,3.781915903091430664e-01,3.189095258712768555e-01,9.067407031250000000e+04,8.572049218750000000e+04,3.339290625000000000e+04,7.388475781250000000e+04,-8.833458699953545630e+07
4.216000000000000192e+00,-1.018249102526408052e+02,-1.339798812402618999e+00,-8.367988747549762252e+01,-1.724150976562500000e+04,3.901598739624023438e+01,1.886853637695312500e+03,2.738029062747955322e-01,1.414544880390167236e-01,3.627670109272003174e-01,3.141137659549713135e-01,1.018249102526408052e+02,1.339798812402618999e+00,8.367988747549762252e+01,0.000000000000000000e+00,0.000000000000000000e+00,0.000000000000000000e+00,2.738029062747955322e-01,1.414544880390167236e-01,3.627670109272003174e-01,3.141137659549713135e-01,9.077169531250000000e+04,8.548947656250000000e+04,3.350080859375000000e+04,7.400225000000000000e+04,-8.835195943051218987e+07
4.216999999999999638e+00,-8.454520400938119451e+01,5.202958707863596377e-01,-8.361834387726702289e+01,-1.727774804687500000e+04,4.205871582031250000e+01,1.867710815429687500e+03,2.660396397113800049e-01,1.718230843544006348e-01,3.405281007289886475e-01,3.051675558090209961e-01,8.454520400938119451e+01,-5.202958707863596377e-01,8.361834387726702289e+01,0.000000000000000000e+00,0.000000000000000000e+00,0.000000000000000000e+00,2.660396397113800049e-01,1.718230843544006348e-01,3.405281007289886475e-01,3.051675558090209961e-01,9.081900781250000000e+04,8.526800000000000000e+04,3.361566796875000000e+04,7.411098437500000000e+04,-8.836609962017375231e+07
4.217999999999999972e+00,-6.720769240035026826e+01,2.314309831276956775e+00,-8.412475161640388421e+01,-1.732345507812500000e+04,5.341312789916992188e+01,1.870428710937500000e+03,2.606254816055297852e-01,2.052774429321289062e-01,3.101231753826141357e-01,2.919040620326995850e-01,6.720769240035026826e+01,-2.314309831276956775e+00,8.412475161640388421e+01,0.000000000000000000e+00,0.000000000000000000e+00,0.000000000000000000e+00,2.606254816055297852e-01,2.052774429321289062e-01,3.101231753826141357e-01,2.919040620326995850e-01,9.081539843750000000e+04,8.504200781250000000e+04,3.372834375000000000e+04,7.422372656250000000e+04,-8.837769882395604253e+07
4.219000000000000306e+00,-4.982740799791905317e+01,3.885328092212082307e+00,-8.515965453255171269e+01,-1.732275976562500000e+04,6.111042785644531250e+01,1.886597167968750000e+03,2.546390593051910400e-01,2.416274547576904297e-01,2.732633054256439209e-01,2.749524116516113281e-01,4.982740799791905317e+01,-3.885328092212082307e+00,8.515965453255171269e+01,0.000000000000000000e+00,0.000000000000000000e+00,0.000000000000000000e+00,2.546390593051910400e-01,2.416274547576904297e-01,2.732633054256439209e-01,2.749524116516113281e-01,9.077411718750000000e+04,8.481439062500000000e+04,3.383752343750000000e+04,7.433969531250000000e+04,-8.838744885707832873e+07
4.219999999999999751e+00,-3.243976111907111459e+01,5.085044174156814201e+00,-8.662546543562824297e+01,-1.727143945312500000e+04,5.796685791015625000e+01,1.896978149414062500e+03,2.505289912223815918e-01,2.775287330150604248e-01,2.325139790773391724e-01,2.567499577999114990e-01,3.243976111907111459e+01,-5.085044174156814201e+00,8.662546543562824297e+01,0.000000000000000000e+00,0.000000000000000000e+00,0.000000000000000000e+00,2.505289912223815918e-01,2.775287330150604248e-01,2.325139790773391724e-01,2.567499577999114990e-01,9.069147656250000000e+04,8.477449218750000000e+04,3.394898828125000000e+04,7.445425781250000000e+04,-8.839603102411597967e+07
4.221000000000000085e+00,-1.503027232678971004e+01,5.794619081751343437e+00,-8.837708491395542865e+01,-1.724187109375000000e+04,5.256044006347656250e+01,1.888957031250000000e+03,2.498796582221984863e-01,3.101966083049774170e-01,1.913973987102508545e-01,2.397937625646591187e-01,1.503027232678971004e+01,-5.794619081751343437e+00,8.837708491395542865e+01,0.000000000000000000e+00,0.000000000000000000e+00,0.000000000000000000e+00,2.498796582221984863e-01,3.101966083049774170e-01,1.913973987102508545e-01,2.397937625646591187e-01,9.057674218750000000e+04,8.488779687500000000e+04,3.406282812500000000e+04,7.456479687500000000e+04,-8.840410101995038986e+07
4.222000000000000419e+00,2.426553305399528959e+00,5.946027482099307981e+00,-9.024647541891550873e+01,-1.726408593750000000e+04,5.384385299682617188e+01,1.872050170898437500e+03,2.514325380325317383e-01,3.391904234886169434e-01,1.534100323915481567e-01,2.251166254281997681e-01,-2.426553305399528959e+00,-5.946027482099307981e+00,9.024647541891550873e+01,0.000000000000000000e+00,0.000000000000000000e+00,0.000000000000000000e+00,2.514325380325317383e-01,3.391904234886169434e-01,1.534100323915481567e-01,2.251166254281997681e-01,9.045996093750000000e+04,8.500372656250000000e+04,3.417826562500000000e+04,7.467419531250000000e+04,-8.841228668967968225e+07
4.222999999999999865e+00,1.992360568418226663e+01,5.525321289403161806e+00,-9.206162098551786244e+01,-1.731412109375000000e+04,6.290708923339843750e+01,1.860413085937500000e+03,2.535886764526367188e-01,3.650435209274291992e-01,1.213771998882293701e-01,2.129292786121368408e-01,-1.992360568418226663e+01,-5.525321289403161806e+00,9.206162098551786244e+01,0.000000000000000000e+00,0.000000000000000000e+00,0.000000000000000000e+00,2.535886764526367188e-01,3.650435209274291992e-01,1.213771998882293701e-01,2.129292786121368408e-01,9.035660937500000000e+04,8.511739843750000000e+04,3.429305859375000000e+04,7.475241406250000000e+04,-8.842118951097697020e+07
4.224000000000000199e+00,3.739024261122347070e+01,4.559612122827131131e+00,-9.369276252135307459e+01,-1.732168554687500000e+04,6.839894104003906250e+01,1.896121704101562500e+03,2.560980916023254395e-01,3.882917761802673340e-01,9.695605933666229248e-02,2.031244933605194092e-01,-3.739024261122347070e+01,-4.559612122827131131e+00,9.369276252135307459e+01,0.000000000000000000e+00,0.000000000000000000e+00,0.000000000000000000e+00,2.560980916023254395e-01,3.882917761802673340e-01,9.695605933666229248e-02,2.031244933605194092e-01,9.028045312500000000e+04,8.522431250000000000e+04,3.439886328125000000e+04,7.474632031250000000e+04,-8.843138666503109038e+07
4.224999999999999645e+00,5.475450541486732448e+01,3.179598716629099098e+00,-9.494008132069107830e+01,-1.727856250000000000e+04,6.126447677612304688e+01,1.864296020507812500e+03,2.581484317779541016e-01,4.087292551994323730e-01,8.118770271539688110e-02,1.961552947759628296e-01,-5.475450541486732448e+01,-3.179598716629099098e+00,9.494008132069107830e+01,0.000000000000000000e+00,0.000000000000000000e+00,0.000000000000000000e+00,2.581484317779541016e-01,4.087292551994323730e-01,8.118770271539688110e-02,1.961552947759628296e-01,9.021149218750000000e+04,8.534229687500000000e+04,3.443714453125000000e+04,7.465469531250000000e+04,-8.844340844978348911e+07
4.225999999999999979e+00,7.202614473836405296e+01,1.482782980538882356e+00,-9.573612571545874061e+01,-1.723771875000000000e+04,4.903142929077148438e+01,1.880422729492187500e+03,2.681352496147155762e-01,4.271969497203826904e-01,7.119254022836685181e-02,1.908708959817886353e-01,-7.202614473836405296e+01,-1.482782980538882356e+00,9.573612571545874061e+01,0.000000000000000000e+00,0.000000000000000000e+00,0.000000000000000000e+00,2.681352496147155762e-01,4.271969497203826904e-01,7.119254022836685181e-02,1.908708959817886353e-01,9.016815625000000000e+04,8.545203125000000000e+04,3.433539453125000000e+04,7.452107812500000000e+04,-8.845776381972172856e+07
4.227000000000000313e+00,8.928124457932341329e+01,-3.317966653271586797e-01,-9.599304985864183948e+01,-1.725105273437500000e+04,4.132731628417968750e+01,1.839155639648437500e+03,2.752417027950286865e-01,4.431749284267425537e-01,6.818870455026626587e-02,1.882166117429733276e-01,-8.928124457932341329e+01,3.317966653271586797e-01,9.599304985864183948e+01,0.000000000000000000e+00,0.000000000000000000e+00,0.000000000000000000e+00,2.752417027950286865e-01,4.431749284267425537e-01,6.818870455026626587e-02,1.882166117429733276e-01,9.018607812500000000e+04,8.557212500000000000e+04,3.416384765625000000e+04,7.434189062500000000e+04,-8.847494973606555164e+07
4.227999999999999758e+00,1.065902850404339688e+02,-2.183244043268586232e+00,-9.569032632180656606e+01,-1.730084960937500000e+04,4.432200241088867188e+01,1.882644897460937500e+03,2.833048403263092041e-01,4.572794139385223389e-01,6.855935603380203247e-02,1.873579323291778564e-01,-1.065902850404339688e+02,2.183244043268586232e+00,9.569032632180656606e+01,0.000000000000000000e+00,0.000000000000000000e+00,0.000000000000000000e+00,2.833048403263092041e-01,4.572794139385223389e-01,6.855935603380203247e-02,1.873579323291778564e-01,9.026921093750000000e+04,8.567660937500000000e+04,3.395639843750000000e+04,7.416104687500000000e+04,-8.849547263003668189e+07
4.229000000000000092e+00,1.239587396258586836e+02,-3.842440954011572707e+00,-9.485516809595652887e+01,-1.732304101562500000e+04,4.597848129272460938e+01,1.863526977539062500e+03,2.793083786964416504e-01,4.680710434913635254e-01,7.192871719598770142e-02,1.897831857204437256e-01,-1.239587396258586836e+02,3.842440954011572707e+00,9.485516809595652887e+01,0.000000000000000000e+00,0.000000000000000000e+00,0.000000000000000000e+00,2.793083786964416504e-01,4.680710434913635254e-01,7.192871719598770142e-02,1.897831857204437256e-01,9.037812500000000000e+04,8.579283593750000000e+04,3.376752343750000000e+04,7.396624218750000000e+04,-8.851985066643330455e+07
4.230000000000000426e+00,1.413492079664751202e+02,-5.188677593994097670e+00,-9.355752528626665310e+01,-1.728676171875000000e+04,3.944320297241210938e+01,1.873691772460937500e+03,2.752312421798706055e-01,4.759412407875061035e-01,7.463254779577255249e-02,1.945055425167083740e-01,-1.413492079664751202e+02,5.188677593994097670e+00,9.355752528626665310e+01,0.000000000000000000e+00,0.000000000000000000e+00,0.000000000000000000e+00,2.752312421798706055e-01,4.759412407875061035e-01,7.463254779577255249e-02,1.945055425167083740e-01,9.047975000000000000e+04,8.590298437500000000e+04,3.360658203125000000e+04,7.379955468750000000e+04,-8.854861019793891907e+07
4.230999999999999872e+00,1.587536256147932079e+02,-6.089248899853181740e+00,-9.193516410420551210e+01,-1.724349804687500000e+04,2.583351135253906250e+01,1.855492309570312500e+03,2.658614516258239746e-01,4.805780649185180664e-01,7.652702182531356812e-02,2.012367397546768188e-01,-1.587536256147932079e+02,6.089248899853181740e+00,9.193516410420551210e+01,0.000000000000000000e+00,0.000000000000000000e+00,0.000000000000000000e+00,2.658614516258239746e-01,4.805780649185180664e-01,7.652702182531356812e-02,2.012367397546768188e-01,9.054434375000000000e+04,8.601884375000000000e+04,3.347572265625000000e+04,7.366842187500000000e+04,-8.858230206493578851e+07
4.232000000000000206e+00,1.762010875832623640e+02,-6.474195664252821558e+00,-9.010834224328741016e+01,-1.724605078125000000e+04,1.803540802001953125e+01,1.863145751953125000e+03,2.562926113605499268e-01,4.829741120338439941e-01,7.711651176214218140e-02,2.085601985454559326e-01,-1.762010875832623640e+02,6.474195664252821558e+00,9.010834224328741016e+01,0.000000000000000000e+00,0.000000000000000000e+00,0.000000000000000000e+00,2.562926113605499268e-01,4.829741120338439941e-01,7.711651176214218140e-02,2.085601985454559326e-01,9.054661718750000000e+04,8.613026562500000000e+04,3.336055468750000000e+04,7.359617187500000000e+04,-8.862151031675264239e+07
4.232999999999999652e+00,-1.662912119921348335e+02,-6.295080704996700582e+00,-8.824644346352511093e+01,-1.729911914062500000e+04,1.868165397644042969e+01,1.865987915039062500e+03,2.435709983110427856e-01,4.843009412288665771e-01,7.635541260242462158e-02,2.143906652927398682e-01,1.662912119921348335e+02,6.295080704996700582e+00,8.824644346352511093e+01,0.000000000000000000e+00,0.000000000000000000e+00,0.000000000000000000e+00,2.435709983110427856e-01,4.843009412288665771e-01,7.635541260242462158e-02,2.143906652927398682e-01,9.047862500000000000e+04,8.624225000000000000e+04,3.325245312500000000e+04,7.357846875000000000e+04,-8.865699014676350355e+07
4.233999999999999986e+00,-1.487848441634156984e+02,-5.567822966922199690e+00,-8.653429038826855901e+01,-1.732791406250000000e+04,2.144954681396484375e+01,1.858718139648437500e+03,2.937136590480804443e-01,7.310079038143157959e-02,3.897691369056701660e-01,3.221792578697204590e-01,1.487848441634156984e+02,5.567822966922199690e+00,8.653429038826855901e+01,0.000000000000000000e+00,0.000000000000000000e+00,0.000000000000000000e+00,2.937136590480804443e-01,7.310079038143157959e-02,3.897691369056701660e-01,3.221792578697204590e-01,9.031993750000000000e+04,8.635667187500000000e+04,3.314379296875000000e+04,7.360273437500000000e+04,-8.868664626068182290e+07
4.235000000000000320e+00,-1.313568163738888188e+02,-4.369066318957425921e+00,-8.511836155381222113e+01,-1.730387890625000000e+04,1.386017990112304688e+01,1.858148193359375000e+03,2.856014966964721680e-01,9.502721577882766724e-02,3.859173059463500977e-01,3.232195973396301270e-01,1.313568163738888188e+02,4.369066318957425921e+00,8.511836155381222113e+01,0.000000000000000000e+00,0.000000000000000000e+00,0.000000000000000000e+00,2.856014966964721680e-01,9.502721577882766724e-02,3.859173059463500977e-01,3.232195973396301270e-01,9.043200781250000000e+04,8.613099218750000000e+04,3.325593359375000000e+04,7.371499218750000000e+04,-8.871116509810380638e+07
4.235999999999999766e+00,-1.140395590433162454e+02,-2.799155901039362071e+00,-8.411090169873246225e+01,-1.725274804687500000e+04,1.897551536560058594e+00,1.871349853515625000e+03,2.786325812339782715e-01,1.190627962350845337e-01,3.759091198444366455e-01,3.213328421115875244e-01,1.140395590433162454e+02,2.799155901039362071e+00,8.411090169873246225e+01,0.000000000000000000e+00,0.000000000000000000e+00,0.000000000000000000e+00,2.786325812339782715e-01,1.190627962350845337e-01,3.759091198444366455e-01,3.213328421115875244e-01,9.054735156250000000e+04,8.590427343750000000e+04,3.336687500000000000e+04,7.383053906250000000e+04,-8.873125259818893671e+07
4.237000000000000099e+00,-9.677148362279230298e+01,-1.006033533832588978e+00,-8.360969876008731205e+01,-1.724991406250000000e+04,-6.632227897644042969e+00,1.868811401367187500e+03,2.720770239830017090e-01,1.461237967014312744e-01,3.590108454227447510e-01,3.158740401268005371e-01,9.677148362279230298e+01,1.006033533832588978e+00,8.360969876008731205e+01,0.000000000000000000e+00,0.000000000000000000e+00,0.000000000000000000e+00,2.720770239830017090e-01,1.461237967014312744e-01,3.590108454227447510e-01,3.158740401268005371e-01,9.063695312500000000e+04,8.567875000000000000e+04,3.347986718750000000e+04,7.394286718750000000e+04,-8.874760891206172109e+07
4.238000000000000433e+00,-7.947491756890292436e+01,8.703550443596432817e-01,-8.367009780810793984e+01,-1.729509765625000000e+04,-1.092033147811889648e+00,1.884505859375000000e+03,2.660850286483764648e-01,1.765631735324859619e-01,3.346649408340454102e-01,3.064716160297393799e-01,7.947491756890292436e+01,-8.703550443596432817e-01,8.367009780810793984e+01,0.000000000000000000e+00,0.000000000000000000e+00,0.000000000000000000e+00,2.660850286483764648e-01,1.765631735324859619e-01,3.346649408340454102e-01,3.064716160297393799e-01,9.068214062500000000e+04,8.545139062500000000e+04,3.358981640625000000e+04,7.405736718750000000e+04,-8.876092661736942828e+07
4.238999999999999879e+00,-6.212115734896673303e+01,2.610840678445121910e+00,-8.428434862370932024e+01,-1.733360351562500000e+04,7.418495178222656250e+00,1.852636596679687500e+03,2.585237622261047363e-01,2.114363312721252441e-01,3.029803037643432617e-01,2.923411726951599121e-01,6.212115734896673303e+01,-2.610840678445121910e+00,8.428434862370932024e+01,0.000000000000000000e+00,0.000000000000000000e+00,0.000000000000000000e+00,2.585237622261047363e-01,2.114363312721252441e-01,3.029803037643432617e-01,2.923411726951599121e-01,9.067509375000000000e+04,8.523156250000000000e+04,3.370798046875000000e+04,7.416427343750000000e+04,-8.877189632347176969e+07
4.240000000000000213e+00,-4.473866390182120512e+01,4.118731479502978132e+00,-8.541968215830583233e+01,-1.731428320312500000e+04,1.194183349609375000e+01,1.893485351562500000e+03,2.552099525928497314e-01,2.472746670246124268e-01,2.641613483428955078e-01,2.752415239810943604e-01,4.473866390182120512e+01,-4.118731479502978132e+00,8.541968215830583233e+01,0.000000000000000000e+00,0.000000000000000000e+00,0.000000000000000000e+00,2.552099525928497314e-01,2.472746670246124268e-01,2.641613483428955078e-01,2.752415239810943604e-01,9.062710937500000000e+04,8.499964843750000000e+04,3.381297265625000000e+04,7.428412500000000000e+04,-8.878121135756851733e+07
4.240999999999999659e+00,-2.735154632680666964e+01,5.209917987983176957e+00,-8.693304419720850262e+01,-1.726252539062500000e+04,5.347303867340087891e+00,1.868704101562500000e+03,2.504718303680419922e-01,2.828179001808166504e-01,2.234514802694320679e-01,2.574312090873718262e-01,2.735154632680666964e+01,-5.209917987983176957e+00,8.693304419720850262e+01,0.000000000000000000e+00,0.000000000000000000e+00,0.000000000000000000e+00,2.504718303680419922e-01,2.828179001808166504e-01,2.234514802694320679e-01,2.574312090873718262e-01,9.054496093750000000e+04,8.500225781250000000e+04,3.393014453125000000e+04,7.439312500000000000e+04,-8.878954396207381785e+07
4.241999999999999993e+00,-9.929876984699674836e+00,5.809848986110262459e+00,-8.872562898503781526e+01,-1.724798437500000000e+04,1.917833805084228516e+00,1.889571289062500000e+03,2.524314522743225098e-01,3.143780231475830078e-01,1.819671541452407837e-01,2.410819381475448608e-01,9.929876984699674836e+00,-5.809848986110262459e+00,8.872562898503781526e+01,0.000000000000000000e+00,0.000000000000000000e+00,0.000000000000000000e+00,2.524314522743225098e-01,3.143780231475830078e-01,1.819671541452407837e-01,2.410819381475448608e-01,9.043878906250000000e+04,8.511053125000000000e+04,3.403837500000000000e+04,7.450850781250000000e+04,-8.879754855611477792e+07
4.243000000000000327e+00,7.545577756232785482e+00,5.842494163515379313e+00,-9.057048175132167955e+01,-1.728668945312500000e+04,5.570327758789062500e+00,1.842586425781250000e+03,2.520861327648162842e-01,3.427118957042694092e-01,1.459602266550064087e-01,2.272041738033294678e-01,-7.545577756232785482e+00,-5.842494163515379313e+00,9.057048175132167955e+01,0.000000000000000000e+00,0.000000000000000000e+00,0.000000000000000000e+00,2.520861327648162842e-01,3.427118957042694092e-01,1.459602266550064087e-01,2.272041738033294678e-01,9.033746093750000000e+04,8.523139843750000000e+04,3.415942578125000000e+04,7.461282812500000000e+04,-8.880584263876117766e+07
4.243999999999999773e+00,2.504966753763425302e+01,5.308033733077593297e+00,-9.234960711614701268e+01,-1.732972265625000000e+04,1.609339523315429688e+01,1.856601684570312500e+03,2.560984492301940918e-01,3.680504560470581055e-01,1.148159429430961609e-01,2.153307050466537476e-01,-2.504966753763425302e+01,-5.308033733077593297e+00,9.234960711614701268e+01,0.000000000000000000e+00,0.000000000000000000e+00,0.000000000000000000e+00,2.560984492301940918e-01,3.680504560470581055e-01,1.148159429430961609e-01,2.153307050466537476e-01,9.024905468750000000e+04,8.534095312500000000e+04,3.426942187500000000e+04,7.472802343750000000e+04,-8.881502674976153672e+07
4.245000000000000107e+00,4.250029794859371179e+01,4.262046540946164974e+00,-9.388483068115149877e+01,-1.732104492187500000e+04,1.895365524291992188e+01,1.860235595703125000e+03,2.574322819709777832e-01,3.907260298728942871e-01,9.281408786773681641e-02,2.061735391616821289e-01,-4.250029794859371179e+01,-4.262046540946164974e+00,9.388483068115149877e+01,0.000000000000000000e+00,0.000000000000000000e+00,0.000000000000000000e+00,2.574322819709777832e-01,3.907260298728942871e-01,9.281408786773681641e-02,2.061735391616821289e-01,9.015815625000000000e+04,8.545314843750000000e+04,3.438164453125000000e+04,7.482303906250000000e+04,-8.882566555155999959e+07
4.246000000000000441e+00,5.984289908546825387e+01,2.809850263159426209e+00,-9.504008673167943755e+01,-1.726983984375000000e+04,1.224088954925537109e+01,1.861273437500000000e+03,2.625855803489685059e-01,4.108318686485290527e-01,7.810730487108230591e-02,1.993598341941833496e-01,-5.984289908546825387e+01,-2.809850263159426209e+00,9.504008673167943755e+01,0.000000000000000000e+00,0.000000000000000000e+00,0.000000000000000000e+00,2.625855803489685059e-01,4.108318686485290527e-01,7.810730487108230591e-02,1.993598341941833496e-01,9.010764843750000000e+04,8.556585156250000000e+04,3.438062890625000000e+04,7.475800000000000000e+04,-8.883828723747542500e+07
4.246999999999999886e+00,7.711271411628960948e+01,1.102827873646593515e+00,-9.571146035740301272e+01,-1.724542187500000000e+04,2.022420406341552734e+00,1.841091430664062500e+03,2.706857919692993164e-01,4.287323057651519775e-01,7.031577080488204956e-02,1.946069002151489258e-01,-7.711271411628960948e+01,-1.102827873646593515e+00,9.571146035740301272e+01,0.000000000000000000e+00,0.000000000000000000e+00,0.000000000000000000e+00,2.706857919692993164e-01,4.287323057651519775e-01,7.031577080488204956e-02,1.946069002151489258e-01,9.009128906250000000e+04,8.568149218750000000e+04,3.426078906250000000e+04,7.464000000000000000e+04,-8.885339550802686810e+07
4.248000000000000220e+00,9.438831549111347385e+01,-7.153621661997785486e-01,-9.584465475917610888e+01,-1.727369335937500000e+04,1.897462964057922363e+00,1.829989501953125000e+03,2.798451781272888184e-01,4.445930123329162598e-01,6.799077242612838745e-02,1.918829977512359619e-01,-9.438831549111347385e+01,7.153621661997785486e-01,9.584465475917610888e+01,0.000000000000000000e+00,0.000000000000000000e+00,0.000000000000000000e+00,2.798451781272888184e-01,4.445930123329162598e-01,6.799077242612838745e-02,1.918829977512359619e-01,9.013460156250000000e+04,8.579656250000000000e+04,3.407846875000000000e+04,7.449107812500000000e+04,-8.887149137171705067e+07
4.248999999999999666e+00,1.117257744372381580e+02,-2.499254884229193951e+00,-9.542321718111331563e+01,-1.732416406250000000e+04,7.407098770141601562e+00,1.839939208984375000e+03,2.841276526451110840e-01,4.581552445888519287e-01,6.942081451416015625e-02,1.914181858301162720e-01,-1.117257744372381580e+02,2.499254884229193951e+00,9.542321718111331563e+01,0.000000000000000000e+00,0.000000000000000000e+00,0.000000000000000000e+00,2.841276526451110840e-01,4.581552445888519287e-01,6.942081451416015625e-02,1.914181858301162720e-01,9.024465625000000000e+04,8.590657812500000000e+04,3.387616406250000000e+04,7.432914843750000000e+04,-8.889308585704281926e+07
4.250000000000000000e+00,1.291087715505742324e+02,-4.087492659966731168e+00,-9.447526038056864195e+01,-1.732703125000000000e+04,1.210593318939208984e+01,1.855835693359375000e+03,2.811915874481201172e-01,4.685001969337463379e-01,7.254522293806076050e-02,1.940230280160903931e-01,-1.291087715505742324e+02,4.087492659966731168e+00,9.447526038056864195e+01,0.000000000000000000e+00,0.000000000000000000e+00,0.000000000000000000e+00,2.811915874481201172e-01,4.685001969337463379e-01,7.254522293806076050e-02,1.940230280160903931e-01,9.035985156250000000e+04,8.601694531250000000e+04,3.369113671875000000e+04,7.416715625000000000e+04,-8.891869721435433626e+07
4.251000000000000334e+00,1.465051542410474212e+02,-5.309886140558602641e+00,-9.311519097880072593e+01,-1.728349414062500000e+04,4.822309494018554688e+00,1.832194213867187500e+03,2.735603451728820801e-01,4.756806194782257080e-01,7.527651637792587280e-02,1.989329159259796143e-01,-1.465051542410474212e+02,5.309886140558602641e+00,9.311519097880072593e+01,0.000000000000000000e+00,0.000000000000000000e+00,0.000000000000000000e+00,2.735603451728820801e-01,4.756806194782257080e-01,7.527651637792587280e-02,1.989329159259796143e-01,9.046825781250000000e+04,8.613280468750000000e+04,3.354216406250000000e+04,7.402217187500000000e+04,-8.894885960825537145e+07
4.251999999999999780e+00,1.639214842062839637e+02,-6.080037524484339428e+00,-9.144476932759786791e+01,-1.724908789062500000e+04,-2.303184270858764648e+00,1.838851440429687500e+03,2.659432291984558105e-01,4.798579812049865723e-01,7.672962546348571777e-02,2.056543081998825073e-01,-1.639214842062839637e+02,6.080037524484339428e+00,9.144476932759786791e+01,0.000000000000000000e+00,0.000000000000000000e+00,0.000000000000000000e+00,2.659432291984558105e-01,4.798579812049865723e-01,7.672962546348571777e-02,2.056543081998825073e-01,9.052582031250000000e+04,8.624451562500000000e+04,3.341516015625000000e+04,7.392318750000000000e+04,-8.898412897393344343e+07
4.253000000000000114e+00,-1.786110403799270046e+02,-6.315604724162554362e+00,-8.964045370738463703e+01,-1.727123046875000000e+04,-4.316195011138916016e+00,1.816028198242187500e+03,2.541283965110778809e-01,4.821877181529998779e-01,7.701516151428222656e-02,2.121270895004272461e-01,1.786110403799270046e+02,6.315604724162554362e+00,8.964045370738463703e+01,0.000000000000000000e+00,0.000000000000000000e+00,0.000000000000000000e+00,2.541283965110778809e-01,4.821877181529998779e-01,7.701516151428222656e-02,2.121270895004272461e-01,9.052313281250000000e+04,8.636106250000000000e+04,3.330787500000000000e+04,7.387302343750000000e+04,-8.902410617548294365e+07
4.253999999999999559e+00,-1.610896786527221707e+02,-5.986458716097397215e+00,-8.781679827010646022e+01,-1.732444726562500000e+04,4.470045566558837891e+00,1.849825683593750000e+03,3.032689094543457031e-01,5.726642161607742310e-02,3.886810541152954102e-01,3.205797672271728516e-01,1.610896786527221707e+02,5.986458716097397215e+00,8.781679827010646022e+01,0.000000000000000000e+00,0.000000000000000000e+00,0.000000000000000000e+00,3.032689094543457031e-01,5.726642161607742310e-02,3.886810541152954102e-01,3.205797672271728516e-01,9.044552343750000000e+04,8.646787500000000000e+04,3.319563281250000000e+04,7.388071093750000000e+04,-8.905780368779775500e+07
4.254999999999999893e+00,-1.435928409828218264e+02,-5.135269391006405115e+00,-8.620402497485099502e+01,-1.733908789062500000e+04,8.767158508300781250e+00,1.823820190429687500e+03,2.923080921173095703e-01,7.837456464767456055e-02,3.887809813022613525e-01,3.231702744960784912e-01,1.435928409828218264e+02,5.135269391006405115e+00,8.620402497485099502e+01,0.000000000000000000e+00,0.000000000000000000e+00,0.000000000000000000e+00,2.923080921173095703e-01,7.837456464767456055e-02,3.887809813022613525e-01,3.231702744960784912e-01,9.055363281250000000e+04,8.624778125000000000e+04,3.331286718750000000e+04,7.398832812500000000e+04,-8.908588009669286013e+07
4.256000000000000227e+00,-1.261890421411349621e+02,-3.826236306228915751e+00,-8.490538543001196103e+01,-1.730084570312500000e+04,6.614910125732421875e+00,1.848107299804687500e+03,2.856563925743103027e-01,1.008668392896652222e-01,3.829184174537658691e-01,3.232358098030090332e-01,1.261890421411349621e+02,3.826236306228915751e+00,8.490538543001196103e+01,0.000000000000000000e+00,0.000000000000000000e+00,0.000000000000000000e+00,2.856563925743103027e-01,1.008668392896652222e-01,3.829184174537658691e-01,3.232358098030090332e-01,9.066992968750000000e+04,8.601795312500000000e+04,3.342052343750000000e+04,7.410468750000000000e+04,-8.910902733560864627e+07
4.256999999999999673e+00,-1.088847163134480809e+02,-2.208027777936346414e+00,-8.406052104339218545e+01,-1.725838867187500000e+04,-1.886720955371856689e-02,1.831846679687500000e+03,2.775736451148986816e-01,1.266871690750122070e-01,3.709574639797210693e-01,3.196961283683776855e-01,1.088847163134480809e+02,2.208027777936346414e+00,8.406052104339218545e+01,0.000000000000000000e+00,0.000000000000000000e+00,0.000000000000000000e+00,2.775736451148986816e-01,1.266871690750122070e-01,3.709574639797210693e-01,3.196961283683776855e-01,9.077973437500000000e+04,8.579614062500000000e+04,3.353631250000000000e+04,7.421529687500000000e+04,-8.912795426364006102e+07
4.258000000000000007e+00,-9.160284634362287193e+01,-3.876259044671805376e-01,-8.373391659223123895e+01,-1.727297460937500000e+04,2.411568880081176758e+00,1.856473144531250000e+03,2.727496623992919922e-01,1.546781361103057861e-01,3.514269292354583740e-01,3.128189444541931152e-01,9.160284634362287193e+01,3.876259044671805376e-01,8.373391659223123895e+01,0.000000000000000000e+00,0.000000000000000000e+00,0.000000000000000000e+00,2.727496623992919922e-01,1.546781361103057861e-01,3.514269292354583740e-01,3.128189444541931152e-01,9.086088281250000000e+04,8.556609375000000000e+04,3.364396484375000000e+04,7.433216406250000000e+04,-8.914335686414003372e+07
4.259000000000000341e+00,-7.427473299477355795e+01,1.438193188641531561e+00,-8.397593507631115983e+01,-1.732440820312500000e+04,1.579850196838378906e+01,1.848759155273437500e+03,2.647545337677001953e-01,1.875639259815216064e-01,3.249705135822296143e-01,3.013392984867095947e-01,7.427473299477355795e+01,-1.438193188641531561e+00,8.397593507631115983e+01,0.000000000000000000e+00,0.000000000000000000e+00,0.000000000000000000e+00,2.647545337677001953e-01,1.875639259815216064e-01,3.249705135822296143e-01,3.013392984867095947e-01,9.090125000000000000e+04,8.534262500000000000e+04,3.375847265625000000e+04,7.444276562500000000e+04,-8.915592762617306411e+07
4.259999999999999787e+00,-5.689437615562448514e+01,3.098670121744531603e+00,-8.476380167994456372e+01,-1.734768164062500000e+04,3.063680648803710938e+01,1.844413940429687500e+03,2.586586475372314453e-01,2.234148085117340088e-01,2.906339168548583984e-01,2.856062650680541992e-01,5.689437615562448514e+01,-3.098670121744531603e+00,8.476380167994456372e+01,0.000000000000000000e+00,0.000000000000000000e+00,0.000000000000000000e+00,2.586586475372314453e-01,2.234148085117340088e-01,2.906339168548583984e-01,2.856062650680541992e-01,9.088394531250000000e+04,8.511825781250000000e+04,3.387153515625000000e+04,7.455426562500000000e+04,-8.916635910004296899e+07
4.261000000000000121e+00,-3.949686450260120552e+01,4.457121121782710027e+00,-8.603026353605322640e+01,-1.731254492187500000e+04,3.667444229125976562e+01,1.862058715820312500e+03,2.543492913246154785e-01,2.602082490921020508e-01,2.507524490356445312e-01,2.674133181571960449e-01,3.949686450260120552e+01,-4.457121121782710027e+00,8.603026353605322640e+01,0.000000000000000000e+00,0.000000000000000000e+00,0.000000000000000000e+00,2.543492913246154785e-01,2.602082490921020508e-01,2.507524490356445312e-01,2.674133181571960449e-01,9.082801562500000000e+04,8.493610937500000000e+04,3.398144921875000000e+04,7.467034375000000000e+04,-8.917534017452128232e+07
4.261999999999999567e+00,-2.209317752400274415e+01,5.373879246427970102e+00,-8.764445892668447868e+01,-1.726385742187500000e+04,3.607250976562500000e+01,1.857850952148437500e+03,2.519136667251586914e-01,2.950289845466613770e-01,2.093218713998794556e-01,2.494620233774185181e-01,2.209317752400274415e+01,-5.373879246427970102e+00,8.764445892668447868e+01,0.000000000000000000e+00,0.000000000000000000e+00,0.000000000000000000e+00,2.519136667251586914e-01,2.950289845466613770e-01,2.093218713998794556e-01,2.494620233774185181e-01,9.073805468750000000e+04,8.502967187500000000e+04,3.409494140625000000e+04,7.478263281250000000e+04,-8.918353871277309954e+07
4.262999999999999901e+00,-4.647912872685280306e+00,5.764042931543688297e+00,-8.946140779883623395e+01,-1.726742773437500000e+04,3.877396774291992188e+01,1.856600585937500000e+03,2.529241442680358887e-01,3.261159062385559082e-01,1.693724244832992554e-01,2.333691567182540894e-01,4.647912872685280306e+00,-5.764042931543688297e+00,8.946140779883623395e+01,0.000000000000000000e+00,0.000000000000000000e+00,0.000000000000000000e+00,2.529241442680358887e-01,3.261159062385559082e-01,1.693724244832992554e-01,2.333691567182540894e-01,9.063417968750000000e+04,8.514160937500000000e+04,3.420713671875000000e+04,7.489430468750000000e+04,-8.919159688354343176e+07
4.264000000000000234e+00,1.284880852580620747e+01,5.582076008792395960e+00,-9.128841817519973745e+01,-1.731463671875000000e+04,5.168075561523437500e+01,1.833389648437500000e+03,2.539097666740417480e-01,3.537141978740692139e-01,1.348332613706588745e-01,2.198496013879776001e-01,-1.284880852580620747e+01,-5.582076008792395960e+00,9.128841817519973745e+01,0.000000000000000000e+00,0.000000000000000000e+00,0.000000000000000000e+00,2.539097666740417480e-01,3.537141978740692139e-01,1.348332613706588745e-01,2.198496013879776001e-01,9.053534375000000000e+04,8.525849218750000000e+04,3.432399609375000000e+04,7.500263281250000000e+04,-8.920012671028946340e+07
4.264999999999999680e+00,3.034927410843157247e+01,4.848610586338929274e+00,-9.297410758779831497e+01,-1.734574609375000000e+04,6.420747375488281250e+01,1.837828002929687500e+03,2.565608918666839600e-01,3.786258697509765625e-01,1.067903935909271240e-01,2.083908170461654663e-01,-3.034927410843157247e+01,-4.848610586338929274e+00,9.297410758779831497e+01,0.000000000000000000e+00,0.000000000000000000e+00,0.000000000000000000e+00,2.565608918666839600e-01,3.786258697509765625e-01,1.067903935909271240e-01,2.083908170461654663e-01,9.044455468750000000e+04,8.536969531250000000e+04,3.443492187500000000e+04,7.511646093750000000e+04,-8.920971548243473470e+07
4.266000000000000014e+00,4.777300569149609544e+01,3.629001117718738456e+00,-9.437158848424651580e+01,-1.731892187500000000e+04,6.897650146484375000e+01,1.857729125976562500e+03,2.594475150108337402e-01,4.007084071636199951e-01,8.717752248048782349e-02,1.996849775314331055e-01,-4.777300569149609544e+01,-3.629001117718738456e+00,9.437158848424651580e+01,0.000000000000000000e+00,0.000000000000000000e+00,0.000000000000000000e+00,2.594475150108337402e-01,4.007084071636199951e-01,8.717752248048782349e-02,1.996849775314331055e-01,9.036444531250000000e+04,8.547917187500000000e+04,3.454482812500000000e+04,7.515052343750000000e+04,-8.922091690886968374e+07
4.267000000000000348e+00,6.508957111146600027e+01,2.067035096797396942e+00,-9.533541260615481860e+01,-1.726719726562500000e+04,6.177124786376953125e+01,1.840689331054687500e+03,2.645744085311889648e-01,4.202967882156372070e-01,7.523468881845474243e-02,1.933075040578842163e-01,-6.508957111146600027e+01,-2.067035096797396942e+00,9.533541260615481860e+01,0.000000000000000000e+00,0.000000000000000000e+00,0.000000000000000000e+00,2.645744085311889648e-01,4.202967882156372070e-01,7.523468881845474243e-02,1.933075040578842163e-01,9.030028125000000000e+04,8.559492187500000000e+04,3.465661328125000000e+04,7.509127343750000000e+04,-8.923424667466802895e+07
4.267999999999999794e+00,8.235913600632818543e+01,2.993842887140478193e-01,-9.579219884066102964e+01,-1.725867382812500000e+04,5.720773696899414062e+01,1.831713378906250000e+03,2.744058668613433838e-01,4.377118349075317383e-01,6.923290342092514038e-02,1.889494359493255615e-01,-8.235913600632818543e+01,-2.993842887140478193e-01,9.579219884066102964e+01,0.000000000000000000e+00,0.000000000000000000e+00,0.000000000000000000e+00,2.744058668613433838e-01,4.377118349075317383e-01,6.923290342092514038e-02,1.889494359493255615e-01,9.025841406250000000e+04,8.570866406250000000e+04,3.460441406250000000e+04,7.496981250000000000e+04,-8.925020593694141507e+07
4.269000000000000128e+00,9.965998776438406992e+01,-1.511598695860776553e+00,-9.569991093223204359e+01,-1.729843164062500000e+04,6.059140014648437500e+01,1.819230102539062500e+03,2.816666364669799805e-01,4.528980553150177002e-01,6.842512637376785278e-02,1.868388503789901733e-01,-9.965998776438406992e+01,1.511598695860776553e+00,9.569991093223204359e+01,0.000000000000000000e+00,0.000000000000000000e+00,0.000000000000000000e+00,2.816666364669799805e-01,4.528980553150177002e-01,6.842512637376785278e-02,1.868388503789901733e-01,9.025475000000000000e+04,8.582396093750000000e+04,3.445503906250000000e+04,7.480339843750000000e+04,-8.926929880798566341e+07
4.269999999999999574e+00,1.170281610963812398e+02,-3.232644822341291579e+00,-9.505717588616394664e+01,-1.734008789062500000e+04,6.818856048583984375e+01,1.842716918945312500e+03,2.841384708881378174e-01,4.653888940811157227e-01,7.035611569881439209e-02,1.873589009046554565e-01,-1.170281610963812398e+02,3.232644822341291579e+00,9.505717588616394664e+01,0.000000000000000000e+00,0.000000000000000000e+00,0.000000000000000000e+00,2.841384708881378174e-01,4.653888940811157227e-01,7.035611569881439209e-02,1.873589009046554565e-01,9.032553125000000000e+04,8.593170312500000000e+04,3.424541406250000000e+04,7.459771093750000000e+04,-8.929204071515525877e+07
4.270999999999999908e+00,1.344313368371751096e+02,-4.685822416692416503e+00,-9.392457774963266104e+01,-1.732347265625000000e+04,6.894222259521484375e+01,1.846486572265625000e+03,2.784589529037475586e-01,4.744746983051300049e-01,7.337149977684020996e-02,1.909182667732238770e-01,-1.344313368371751096e+02,4.685822416692416503e+00,9.392457774963266104e+01,0.000000000000000000e+00,0.000000000000000000e+00,0.000000000000000000e+00,2.784589529037475586e-01,4.744746983051300049e-01,7.337149977684020996e-02,1.909182667732238770e-01,9.043932031250000000e+04,8.604407812500000000e+04,3.406132812500000000e+04,7.439639843750000000e+04,-8.931895628271625936e+07
4.272000000000000242e+00,1.518440948997742908e+02,-5.732452807892249425e+00,-9.242407933256164654e+01,-1.727505078125000000e+04,5.931882095336914062e+01,1.830332153320312500e+03,2.706432938575744629e-01,4.804018735885620117e-01,7.543139159679412842e-02,1.966641098260879517e-01,-1.518440948997742908e+02,5.732452807892249425e+00,9.242407933256164654e+01,0.000000000000000000e+00,0.000000000000000000e+00,0.000000000000000000e+00,2.706432938575744629e-01,4.804018735885620117e-01,7.543139159679412842e-02,1.966641098260879517e-01,9.052766406250000000e+04,8.615872656250000000e+04,3.390873828125000000e+04,7.422385156250000000e+04,-8.935058798332785070e+07
4.272999999999999687e+00,1.692834718801288147e+02,-6.292927591624366102e+00,-9.067204377282297401e+01,-1.725437304687500000e+04,5.149875259399414062e+01,1.836529296875000000e+03,2.617838382720947266e-01,4.836226403713226318e-01,7.627109438180923462e-02,2.036945670843124390e-01,-1.692834718801288147e+02,6.292927591624366102e+00,9.067204377282297401e+01,0.000000000000000000e+00,0.000000000000000000e+00,0.000000000000000000e+00,2.617838382720947266e-01,4.836226403713226318e-01,7.627109438180923462e-02,2.036945670843124390e-01,9.056392187500000000e+04,8.627050000000000000e+04,3.377469921875000000e+04,7.410332812500000000e+04,-8.938750589763925970e+07
4.274000000000000021e+00,-1.732224054037191650e+02,-6.304399141859962974e+00,-8.884010538230536724e+01,-1.729166796875000000e+04,5.130896759033203125e+01,1.827123046875000000e+03,2.496503144502639771e-01,4.853428900241851807e-01,7.588430494070053101e-02,2.099413126707077026e-01,1.732224054037191650e+02,6.304399141859962974e+00,8.884010538230536724e+01,0.000000000000000000e+00,0.000000000000000000e+00,0.000000000000000000e+00,2.496503144502639771e-01,4.853428900241851807e-01,7.588430494070053101e-02,2.099413126707077026e-01,9.053246875000000000e+04,8.638483593750000000e+04,3.365245312500000000e+04,7.403626562500000000e+04,-8.942544420914599299e+07
4.275000000000000355e+00,-1.556962384832778241e+02,-5.754114133064913261e+00,-8.706684742931798837e+01,-1.733839453125000000e+04,5.787480163574218750e+01,1.853473022460937500e+03,2.985087335109710693e-01,6.711059808731079102e-02,3.886517584323883057e-01,3.188453316688537598e-01,1.556962384832778241e+02,5.754114133064913261e+00,8.706684742931798837e+01,0.000000000000000000e+00,0.000000000000000000e+00,0.000000000000000000e+00,2.985087335109710693e-01,6.711059808731079102e-02,3.886517584323883057e-01,3.188453316688537598e-01,9.042214843750000000e+04,8.649287500000000000e+04,3.352458984375000000e+04,7.402217968750000000e+04,-8.945729927357457578e+07
4.275999999999999801e+00,-1.382239878511539928e+02,-4.711509005054095311e+00,-8.556204389169533897e+01,-1.733353320312500000e+04,5.712882614135742188e+01,1.831618408203125000e+03,2.879994511604309082e-01,8.905064314603805542e-02,3.869977295398712158e-01,3.203613162040710449e-01,1.382239878511539928e+02,4.711509005054095311e+00,8.556204389169533897e+01,0.000000000000000000e+00,0.000000000000000000e+00,0.000000000000000000e+00,2.879994511604309082e-01,8.905064314603805542e-02,3.869977295398712158e-01,3.203613162040710449e-01,9.053040625000000000e+04,8.627209375000000000e+04,3.364096093750000000e+04,7.413063281250000000e+04,-8.948374820606407523e+07
4.277000000000000135e+00,-1.208580907572741410e+02,-3.253534655534503273e+00,-8.441825978665025332e+01,-1.728494335937500000e+04,4.839916992187500000e+01,1.857776245117187500e+03,2.816408872604370117e-01,1.123418882489204407e-01,3.789734840393066406e-01,3.192153275012969971e-01,1.208580907572741410e+02,3.253534655534503273e+00,8.441825978665025332e+01,0.000000000000000000e+00,0.000000000000000000e+00,0.000000000000000000e+00,2.816408872604370117e-01,1.123418882489204407e-01,3.789734840393066406e-01,3.192153275012969971e-01,9.064812500000000000e+04,8.604192968750000000e+04,3.374878515625000000e+04,7.424761718750000000e+04,-8.950549191223873198e+07
4.277999999999999581e+00,-1.035734834146713581e+02,-1.533103423024714917e+00,-8.375784863075274700e+01,-1.725554296875000000e+04,3.975121307373046875e+01,1.849174438476562500e+03,2.739833593368530273e-01,1.388669013977050781e-01,3.646373450756072998e-01,3.145665824413299561e-01,1.035734834146713581e+02,1.533103423024714917e+00,8.375784863075274700e+01,0.000000000000000000e+00,0.000000000000000000e+00,0.000000000000000000e+00,2.739833593368530273e-01,1.388669013977050781e-01,3.646373450756072998e-01,3.145665824413299561e-01,9.075518750000000000e+04,8.581883593750000000e+04,3.386315625000000000e+04,7.435963281250000000e+04,-8.952323710631874204e+07
4.278999999999999915e+00,-8.628484394523209744e+01,3.291154660153049472e-01,-8.363816708418580959e+01,-1.728585742187500000e+04,4.093072891235351562e+01,1.872710937500000000e+03,2.687048912048339844e-01,1.680684685707092285e-01,3.426691293716430664e-01,3.062563538551330566e-01,8.628484394523209744e+01,-3.291154660153049472e-01,8.363816708418580959e+01,0.000000000000000000e+00,0.000000000000000000e+00,0.000000000000000000e+00,2.687048912048339844e-01,1.680684685707092285e-01,3.426691293716430664e-01,3.062563538551330566e-01,9.081274218750000000e+04,8.558898437500000000e+04,3.397087890625000000e+04,7.447571093750000000e+04,-8.953767763192358613e+07
4.280000000000000249e+00,-6.893809444156113386e+01,2.126483805715720710e+00,-8.408628467434687082e+01,-1.733563671875000000e+04,5.219644927978515625e+01,1.858712646484375000e+03,2.607581019401550293e-01,2.018371820449829102e-01,3.136859834194183350e-01,2.934468090534210205e-01,6.893809444156113386e+01,-2.126483805715720710e+00,8.408628467434687082e+01,0.000000000000000000e+00,0.000000000000000000e+00,0.000000000000000000e+00,2.607581019401550293e-01,2.018371820449829102e-01,3.136859834194183350e-01,2.934468090534210205e-01,9.082394531250000000e+04,8.536655468750000000e+04,3.408636328125000000e+04,7.458539843750000000e+04,-8.954950511799253523e+07
4.280999999999999694e+00,-5.154875026626096002e+01,3.712405936209540069e+00,-8.506231572636309579e+01,-1.733810156250000000e+04,5.938436126708984375e+01,1.867694091796875000e+03,2.555557489395141602e-01,2.378605604171752930e-01,2.771255075931549072e-01,2.767658531665802002e-01,5.154875026626096002e+01,-3.712405936209540069e+00,8.506231572636309579e+01,0.000000000000000000e+00,0.000000000000000000e+00,0.000000000000000000e+00,2.555557489395141602e-01,2.378605604171752930e-01,2.771255075931549072e-01,2.767658531665802002e-01,9.078367968750000000e+04,8.513998437500000000e+04,3.419683984375000000e+04,7.469937500000000000e+04,-8.955941177116110921e+07
4.282000000000000028e+00,-3.414878391474886143e+01,4.943415853969162832e+00,-8.647793825074137430e+01,-1.729158593750000000e+04,5.774042510986328125e+01,1.879178710937500000e+03,2.516396343708038330e-01,2.738161087036132812e-01,2.365286201238632202e-01,2.587162256240844727e-01,3.414878391474886143e+01,-4.943415853969162832e+00,8.647793825074137430e+01,0.000000000000000000e+00,0.000000000000000000e+00,0.000000000000000000e+00,2.516396343708038330e-01,2.738161087036132812e-01,2.365286201238632202e-01,2.587162256240844727e-01,9.070613281250000000e+04,8.506421875000000000e+04,3.430806640625000000e+04,7.481475000000000000e+04,-8.956808078176836669e+07
4.283000000000000362e+00,-1.673585280689012933e+01,5.702907587736819828e+00,-8.820057615415949215e+01,-1.725156054687500000e+04,5.127354812622070312e+01,1.882236328125000000e+03,2.505955696105957031e-01,3.069699406623840332e-01,1.953293830156326294e-01,2.415909022092819214e-01,1.673585280689012933e+01,-5.702907587736819828e+00,8.820057615415949215e+01,0.000000000000000000e+00,0.000000000000000000e+00,0.000000000000000000e+00,2.505955696105957031e-01,3.069699406623840332e-01,1.953293830156326294e-01,2.415909022092819214e-01,9.060231250000000000e+04,8.517692968750000000e+04,3.442018359375000000e+04,7.492753906250000000e+04,-8.957617273532642424e+07
4.283999999999999808e+00,7.264732135331134488e-01,5.910327830418583339e+00,-9.005191834300775611e+01,-1.727350195312500000e+04,5.129731369018554688e+01,1.859809448242187500e+03,2.515746355056762695e-01,3.363184034824371338e-01,1.571380943059921265e-01,2.268204391002655029e-01,-7.264732135331134488e-01,-5.910327830418583339e+00,9.005191834300775611e+01,0.000000000000000000e+00,0.000000000000000000e+00,0.000000000000000000e+00,2.515746355056762695e-01,3.363184034824371338e-01,1.571380943059921265e-01,2.268204391002655029e-01,9.048778125000000000e+04,8.529240625000000000e+04,3.453627734375000000e+04,7.503579687500000000e+04,-8.958431754306207597e+07
4.285000000000000142e+00,1.823061146631502893e+01,5.546154399030753801e+00,-9.187777765227005489e+01,-1.732037500000000000e+04,6.022090530395507812e+01,1.858984375000000000e+03,2.539795637130737305e-01,3.624655306339263916e-01,1.243247166275978088e-01,2.144242674112319946e-01,-1.823061146631502893e+01,-5.546154399030753801e+00,9.187777765227005489e+01,0.000000000000000000e+00,0.000000000000000000e+00,0.000000000000000000e+00,2.539795637130737305e-01,3.624655306339263916e-01,1.243247166275978088e-01,2.144242674112319946e-01,9.038796093750000000e+04,8.540557812500000000e+04,3.464933593750000000e+04,7.511914843750000000e+04,-8.959312218411144614e+07
4.285999999999999588e+00,3.571209959972962622e+01,4.651065759337954297e+00,-9.350051134531857144e+01,-1.733575976562500000e+04,6.485105895996093750e+01,1.853518554687500000e+03,2.557016611099243164e-01,3.859755098819732666e-01,9.938082844018936157e-02,2.044480890035629272e-01,-3.571209959972962622e+01,-4.651065759337954297e+00,9.350051134531857144e+01,0.000000000000000000e+00,0.000000000000000000e+00,0.000000000000000000e+00,2.557016611099243164e-01,3.859755098819732666e-01,9.938082844018936157e-02,2.044480890035629272e-01,9.030566406250000000e+04,8.551839062500000000e+04,3.476189062500000000e+04,7.510913281250000000e+04,-8.960316151620380580e+07
4.286999999999999922e+00,5.309706343179664145e+01,3.294603156084199291e+00,-9.480253184927464360e+01,-1.729319921875000000e+04,6.038228988647460938e+01,1.884225463867187500e+03,2.602798938751220703e-01,4.068369269371032715e-01,8.200550824403762817e-02,1.969731897115707397e-01,-5.309706343179664145e+01,-3.294603156084199291e+00,9.480253184927464360e+01,0.000000000000000000e+00,0.000000000000000000e+00,0.000000000000000000e+00,2.602798938751220703e-01,4.068369269371032715e-01,8.200550824403762817e-02,1.969731897115707397e-01,9.024501562500000000e+04,8.562608593750000000e+04,3.480112890625000000e+04,7.502970312500000000e+04,-8.961497918880388141e+07
4.288000000000000256e+00,7.038390154225602657e+01,1.657082129401969972e+00,-9.563126431580309372e+01,-1.724956054687500000e+04,4.617007827758789062e+01,1.841289916992187500e+03,2.655599713325500488e-01,4.251706004142761230e-01,7.251211255788803101e-02,1.919966787099838257e-01,-7.038390154225602657e+01,-1.657082129401969972e+00,9.563126431580309372e+01,0.000000000000000000e+00,0.000000000000000000e+00,0.000000000000000000e+00,2.655599713325500488e-01,4.251706004142761230e-01,7.251211255788803101e-02,1.919966787099838257e-01,9.020496093750000000e+04,8.574609375000000000e+04,3.470771484375000000e+04,7.488339062500000000e+04,-8.962908116703601182e+07
4.288999999999999702e+00,8.764667914484560640e+01,-1.662105461527367822e-01,-9.594513822269097147e+01,-1.725719921875000000e+04,3.945945358276367188e+01,1.856702636718750000e+03,2.772256731986999512e-01,4.417249858379364014e-01,6.798359751701354980e-02,1.886201202869415283e-01,-8.764667914484560640e+01,1.662105461527367822e-01,9.594513822269097147e+01,0.000000000000000000e+00,0.000000000000000000e+00,0.000000000000000000e+00,2.772256731986999512e-01,4.417249858379364014e-01,6.798359751701354980e-02,1.886201202869415283e-01,9.021446093750000000e+04,8.585583593750000000e+04,3.452876562500000000e+04,7.471307031250000000e+04,-8.964596860457564890e+07
4.290000000000000036e+00,1.049578644011906192e+02,-1.977524177107236714e+00,-9.570481646229387707e+01,-1.730522070312500000e+04,4.015937805175781250e+01,1.833705932617187500e+03,2.814185619354248047e-01,4.557337760925292969e-01,6.878058612346649170e-02,1.879221200942993164e-01,-1.049578644011906192e+02,1.977524177107236714e+00,9.570481646229387707e+01,0.000000000000000000e+00,0.000000000000000000e+00,0.000000000000000000e+00,2.814185619354248047e-01,4.557337760925292969e-01,6.878058612346649170e-02,1.879221200942993164e-01,9.029853906250000000e+04,8.597289062500000000e+04,3.432232031250000000e+04,7.451575000000000000e+04,-8.966614808037126064e+07
4.291000000000000369e+00,1.223300041213187654e+02,-3.672443757401677278e+00,-9.491495699751065729e+01,-1.733167187500000000e+04,4.312446594238281250e+01,1.876162109375000000e+03,2.830452322959899902e-01,4.671710431575775146e-01,7.123561948537826538e-02,1.896311491727828979e-01,-1.223300041213187654e+02,3.672443757401677278e+00,9.491495699751065729e+01,0.000000000000000000e+00,0.000000000000000000e+00,0.000000000000000000e+00,2.830452322959899902e-01,4.671710431575775146e-01,7.123561948537826538e-02,1.896311491727828979e-01,9.041896093750000000e+04,8.607751562500000000e+04,3.411584765625000000e+04,7.432757812500000000e+04,-8.969013504618456960e+07
4.291999999999999815e+00,1.397261933970897303e+02,-5.037071150084432070e+00,-9.367545244442395358e+01,-1.730057617187500000e+04,3.678477859497070312e+01,1.847746948242187500e+03,2.747671604156494141e-01,4.750607311725616455e-01,7.453255355358123779e-02,1.943622678518295288e-01,-1.397261933970897303e+02,5.037071150084432070e+00,9.367545244442395358e+01,0.000000000000000000e+00,0.000000000000000000e+00,0.000000000000000000e+00,2.747671604156494141e-01,4.750607311725616455e-01,7.453255355358123779e-02,1.943622678518295288e-01,9.052634375000000000e+04,8.619528906250000000e+04,3.394745703125000000e+04,7.414462500000000000e+04,-8.971845891778224707e+07
4.293000000000000149e+00,1.571341923998665777e+02,-5.984423312816915974e+00,-9.208189229164162271e+01,-1.725345507812500000e+04,2.343355560302734375e+01,1.854399536132812500e+03,2.684699892997741699e-01,4.800854623317718506e-01,7.630039751529693604e-02,2.008935660123825073e-01,-1.571341923998665777e+02,5.984423312816915974e+00,9.208189229164162271e+01,0.000000000000000000e+00,0.000000000000000000e+00,0.000000000000000000e+00,2.684699892997741699e-01,4.800854623317718506e-01,7.630039751529693604e-02,2.008935660123825073e-01,9.059187500000000000e+04,8.630600000000000000e+04,3.380335937500000000e+04,7.400805468750000000e+04,-8.975166496041379869e+07
4.293999999999999595e+00,1.745820575509514185e+02,-6.417820865388870644e+00,-9.029144450855584125e+01,-1.725297851562500000e+04,1.471659660339355469e+01,1.838848510742187500e+03,2.573674321174621582e-01,4.826052784919738770e-01,7.709750533103942871e-02,2.081844955682754517e-01,-1.745820575509514185e+02,6.417820865388870644e+00,9.029144450855584125e+01,0.000000000000000000e+00,0.000000000000000000e+00,0.000000000000000000e+00,2.573674321174621582e-01,4.826052784919738770e-01,7.709750533103942871e-02,2.081844955682754517e-01,9.060653125000000000e+04,8.642143750000000000e+04,3.368261718750000000e+04,7.392126562500000000e+04,-8.979033758860862255e+07
4.294999999999999929e+00,-1.679113071112101352e+02,-6.295311283152513759e+00,-8.843605628673593344e+01,-1.729969726562500000e+04,1.506561088562011719e+01,1.855029907226562500e+03,2.462955713272094727e-01,4.840109944343566895e-01,7.653736323118209839e-02,2.143110483884811401e-01,1.679113071112101352e+02,6.295311283152513759e+00,8.843605628673593344e+01,0.000000000000000000e+00,0.000000000000000000e+00,0.000000000000000000e+00,2.462955713272094727e-01,4.840109944343566895e-01,7.653736323118209839e-02,2.143110483884811401e-01,9.054807812500000000e+04,8.653132812500000000e+04,3.356491796875000000e+04,7.389585937500000000e+04,-8.982639236266012490e+07
4.296000000000000263e+00,-1.503935503573692927e+02,-5.622921110957848079e+00,-8.671282065930478211e+01,-1.733734570312500000e+04,1.843210220336914062e+01,1.848035888671875000e+03,2.951917052268981934e-01,7.087267190217971802e-02,3.896803557872772217e-01,3.220424354076385498e-01,1.503935503573692927e+02,5.622921110957848079e+00,8.671282065930478211e+01,0.000000000000000000e+00,0.000000000000000000e+00,0.000000000000000000e+00,2.951917052268981934e-01,7.087267190217971802e-02,3.896803557872772217e-01,3.220424354076385498e-01,9.048613281250000000e+04,8.664504687500000000e+04,3.345494921875000000e+04,7.386632812500000000e+04,-8.985656131315773726e+07
4.296999999999999709e+00,-1.329526645639685398e+02,-4.474671228274243795e+00,-8.527592855336632738e+01,-1.731294335937500000e+04,1.314444446563720703e+01,1.841917602539062500e+03,2.868890464305877686e-01,9.260398894548416138e-02,3.863854110240936279e-01,3.233646750450134277e-01,1.329526645639685398e+02,4.474671228274243795e+00,8.527592855336632738e+01,0.000000000000000000e+00,0.000000000000000000e+00,0.000000000000000000e+00,2.868890464305877686e-01,9.260398894548416138e-02,3.863854110240936279e-01,3.233646750450134277e-01,9.034706250000000000e+04,8.675921875000000000e+04,3.334222265625000000e+04,7.388363281250000000e+04,-8.988152973084563017e+07
4.298000000000000043e+00,-1.156182153724421369e+02,-2.958636493609262619e+00,-8.423883738477077543e+01,-1.726574023437500000e+04,-1.132022380828857422e+00,1.842539306640625000e+03,2.802000045776367188e-01,1.164411827921867371e-01,3.768506348133087158e-01,3.216752111911773682e-01,1.156182153724421369e+02,2.958636493609262619e+00,8.423883738477077543e+01,0.000000000000000000e+00,0.000000000000000000e+00,0.000000000000000000e+00,2.802000045776367188e-01,1.164411827921867371e-01,3.768506348133087158e-01,3.216752111911773682e-01,9.045936718750000000e+04,8.653351562500000000e+04,3.345467578125000000e+04,7.399675781250000000e+04,-8.990200223782537878e+07
4.299000000000000377e+00,-9.834434333185583910e+01,-1.192370804347269830e+00,-8.368799972691979860e+01,-1.725242187500000000e+04,-1.068440532684326172e+01,1.857030273437500000e+03,2.743251919746398926e-01,1.427603065967559814e-01,3.605977892875671387e-01,3.168446421623229980e-01,9.834434333185583910e+01,1.192370804347269830e+00,8.368799972691979860e+01,0.000000000000000000e+00,0.000000000000000000e+00,0.000000000000000000e+00,2.743251919746398926e-01,1.427603065967559814e-01,3.605977892875671387e-01,3.168446421623229980e-01,9.057478125000000000e+04,8.630665625000000000e+04,3.356511718750000000e+04,7.411235937500000000e+04,-8.991867895073717833e+07
4.299999999999999822e+00,-8.104354503874561999e+01,6.505886612894045129e-01,-8.368787280791993055e+01,-1.729930468750000000e+04,-1.001274967193603516e+01,1.849950439453125000e+03,2.674872279167175293e-01,1.730931699275970459e-01,3.371862173080444336e-01,3.078523576259613037e-01,8.104354503874561999e+01,-6.505886612894045129e-01,8.368787280791993055e+01,0.000000000000000000e+00,0.000000000000000000e+00,0.000000000000000000e+00,2.674872279167175293e-01,1.730931699275970459e-01,3.371862173080444336e-01,3.078523576259613037e-01,9.063270312500000000e+04,8.608184375000000000e+04,3.367812890625000000e+04,7.422310156250000000e+04,-8.993225109025034308e+07
4.301000000000000156e+00,-6.368727600359808605e+01,2.413753325871989652e+00,-8.424798989020092677e+01,-1.733978906250000000e+04,-5.158835053443908691e-01,1.857009399414062500e+03,2.612692713737487793e-01,2.069481611251831055e-01,3.060576617717742920e-01,2.945837378501892090e-01,6.368727600359808605e+01,-2.413753325871989652e+00,8.424798989020092677e+01,0.000000000000000000e+00,0.000000000000000000e+00,0.000000000000000000e+00,2.612692713737487793e-01,2.069481611251831055e-01,3.060576617717742920e-01,2.945837378501892090e-01,9.064391406250000000e+04,8.585601562500000000e+04,3.378998828125000000e+04,7.433640625000000000e+04,-8.994341070938076079e+07
4.301999999999999602e+00,-4.629952536246275940e+01,3.916072726531851345e+00,-8.530297675578513861e+01,-1.732801562500000000e+04,1.024863839149475098e+00,1.841815429687500000e+03,2.553530037403106689e-01,2.433822154998779297e-01,2.684929668903350830e-01,2.777155339717864990e-01,4.629952536246275940e+01,-3.916072726531851345e+00,8.530297675578513861e+01,0.000000000000000000e+00,0.000000000000000000e+00,0.000000000000000000e+00,2.553530037403106689e-01,2.433822154998779297e-01,2.684929668903350830e-01,2.777155339717864990e-01,9.060630468750000000e+04,8.563296875000000000e+04,3.390421093750000000e+04,7.444660937500000000e+04,-8.995284628889854252e+07
4.302999999999999936e+00,-2.890613684320516086e+01,5.058482522550808547e+00,-8.678642635953863760e+01,-1.727578515625000000e+04,-2.626307487487792969e+00,1.875834960937500000e+03,2.537471354007720947e-01,2.783917188644409180e-01,2.268623262643814087e-01,2.601530849933624268e-01,2.890613684320516086e+01,-5.058482522550808547e+00,8.678642635953863760e+01,0.000000000000000000e+00,0.000000000000000000e+00,0.000000000000000000e+00,2.537471354007720947e-01,2.783917188644409180e-01,2.268623262643814087e-01,2.601530849933624268e-01,9.053594531250000000e+04,8.558221875000000000e+04,3.401176953125000000e+04,7.456567187500000000e+04,-8.996123932569143176e+07
4.304000000000000270e+00,-1.148781413151635711e+01,5.700760457884462618e+00,-8.851182863541315271e+01,-1.725507226562500000e+04,-9.702976226806640625e+00,1.840870605468750000e+03,2.518318891525268555e-01,3.108662664890289307e-01,1.865935176610946655e-01,2.437786906957626343e-01,1.148781413151635711e+01,-5.700760457884462618e+00,8.851182863541315271e+01,0.000000000000000000e+00,0.000000000000000000e+00,0.000000000000000000e+00,2.518318891525268555e-01,3.108662664890289307e-01,1.865935176610946655e-01,2.437786906957626343e-01,9.044378906250000000e+04,8.570103125000000000e+04,3.412986718750000000e+04,7.467186718750000000e+04,-8.996923813804313540e+07
4.304999999999999716e+00,5.989833821522035251e+00,5.794193379905254737e+00,-9.036101411752878221e+01,-1.729095898437500000e+04,-5.094604492187500000e+00,1.849254150390625000e+03,2.550680935382843018e-01,3.393184244632720947e-01,1.486367881298065186e-01,2.295941561460494995e-01,-5.989833821522035251e+00,-5.794193379905254737e+00,9.036101411752878221e+01,0.000000000000000000e+00,0.000000000000000000e+00,0.000000000000000000e+00,2.550680935382843018e-01,3.393184244632720947e-01,1.486367881298065186e-01,2.295941561460494995e-01,9.036135156250000000e+04,8.581182031250000000e+04,3.424137500000000000e+04,7.478535156250000000e+04,-8.997747270170161128e+07
4.306000000000000050e+00,2.349771927105680547e+01,5.331940970159165794e+00,-9.211443728494772643e+01,-1.733645898437500000e+04,2.867332935333251953e+00,1.812251586914062500e+03,2.554013729095458984e-01,3.649949431419372559e-01,1.182505190372467041e-01,2.178381830453872681e-01,-2.349771927105680547e+01,-5.331940970159165794e+00,9.211443728494772643e+01,0.000000000000000000e+00,0.000000000000000000e+00,0.000000000000000000e+00,2.554013729095458984e-01,3.649949431419372559e-01,1.182505190372467041e-01,2.178381830453872681e-01,9.025923437500000000e+04,8.593119531250000000e+04,3.436031640625000000e+04,7.489180468750000000e+04,-8.998653834366337955e+07
4.307000000000000384e+00,4.096431650778947642e+01,4.343552967270498222e+00,-9.367403700494834595e+01,-1.733356640625000000e+04,7.223412513732910156e+00,1.848736938476562500e+03,2.599963247776031494e-01,3.880193233489990234e-01,9.426725655794143677e-02,2.081678509712219238e-01,-4.096431650778947642e+01,-4.343552967270498222e+00,9.367403700494834595e+01,0.000000000000000000e+00,0.000000000000000000e+00,0.000000000000000000e+00,2.599963247776031494e-01,3.880193233489990234e-01,9.426725655794143677e-02,2.081678509712219238e-01,9.019524218750000000e+04,8.603675000000000000e+04,3.446621093750000000e+04,7.500612500000000000e+04,-8.999701011055152118e+07
4.307999999999999829e+00,5.832645397166081835e+01,2.954366548049069507e+00,-9.485647789293770415e+01,-1.728541992187500000e+04,2.124196887016296387e-01,1.829647216796875000e+03,2.625443935394287109e-01,4.082496762275695801e-01,7.956787943840026855e-02,2.014037072658538818e-01,-5.832645397166081835e+01,-2.954366548049069507e+00,9.485647789293770415e+01,0.000000000000000000e+00,0.000000000000000000e+00,0.000000000000000000e+00,2.625443935394287109e-01,4.082496762275695801e-01,7.956787943840026855e-02,2.014037072658538818e-01,9.012567187500000000e+04,8.615292187500000000e+04,3.458239843750000000e+04,7.502044531250000000e+04,-9.000941856546437740e+07
4.309000000000000163e+00,7.560969313094030042e+01,1.287630063573118155e+00,-9.557557047141229134e+01,-1.725518164062500000e+04,-9.285270690917968750e+00,1.821886962890625000e+03,2.719452977180480957e-01,4.264590740203857422e-01,7.074051350355148315e-02,1.962742507457733154e-01,-7.560969313094030042e+01,-1.287630063573118155e+00,9.557557047141229134e+01,0.000000000000000000e+00,0.000000000000000000e+00,0.000000000000000000e+00,2.719452977180480957e-01,4.264590740203857422e-01,7.074051350355148315e-02,1.962742507457733154e-01,9.009268750000000000e+04,8.626619531250000000e+04,3.458891015625000000e+04,7.496434375000000000e+04,-9.002427173882184923e+07
4.309999999999999609e+00,9.289440218060980214e+01,-4.953397733873105557e-01,-9.576632813269171152e+01,-1.728197851562500000e+04,-1.127183628082275391e+01,1.799929565429687500e+03,2.803944349288940430e-01,4.425023198127746582e-01,6.804213672876358032e-02,1.933147013187408447e-01,-9.289440218060980214e+01,4.953397733873105557e-01,9.576632813269171152e+01,0.000000000000000000e+00,0.000000000000000000e+00,0.000000000000000000e+00,2.803944349288940430e-01,4.425023198127746582e-01,6.804213672876358032e-02,1.933147013187408447e-01,9.014282812500000000e+04,8.638264843750000000e+04,3.440441406250000000e+04,7.481840625000000000e+04,-9.004207254374384880e+07
4.310999999999999943e+00,1.102343303909780303e+02,-2.266492720649012416e+00,-9.540870197953586285e+01,-1.732987304687500000e+04,-4.799089431762695312e+00,1.813773559570312500e+03,2.859351634979248047e-01,4.563132822513580322e-01,6.905063241720199585e-02,1.925525516271591187e-01,-1.102343303909780303e+02,2.266492720649012416e+00,9.540870197953586285e+01,0.000000000000000000e+00,0.000000000000000000e+00,0.000000000000000000e+00,2.859351634979248047e-01,4.563132822513580322e-01,6.905063241720199585e-02,1.925525516271591187e-01,9.025735156250000000e+04,8.649311718750000000e+04,3.419484765625000000e+04,7.466032031250000000e+04,-9.006333210874326527e+07
4.312000000000000277e+00,1.276233785869863198e+02,-3.856556510859757925e+00,-9.452965662710408878e+01,-1.734064843750000000e+04,-8.555529713630676270e-01,1.823201416015625000e+03,2.832648754119873047e-01,4.670371413230895996e-01,7.206344604492187500e-02,1.947041153907775879e-01,-1.276233785869863198e+02,3.856556510859757925e+00,9.452965662710408878e+01,0.000000000000000000e+00,0.000000000000000000e+00,0.000000000000000000e+00,2.832648754119873047e-01,4.670371413230895996e-01,7.206344604492187500e-02,1.947041153907775879e-01,9.037128125000000000e+04,8.660397656250000000e+04,3.399989062500000000e+04,7.449814062500000000e+04,-9.008857056451538205e+07
4.312999999999999723e+00,1.450226180648663785e+02,-5.107210636322213837e+00,-9.322390774870528674e+01,-1.729576562500000000e+04,-5.511642456054687500e+00,1.812032836914062500e+03,2.764369249343872070e-01,4.744728505611419678e-01,7.485564798116683960e-02,1.994445174932479858e-01,-1.450226180648663785e+02,5.107210636322213837e+00,9.322390774870528674e+01,0.000000000000000000e+00,0.000000000000000000e+00,0.000000000000000000e+00,2.764369249343872070e-01,4.744728505611419678e-01,7.485564798116683960e-02,1.994445174932479858e-01,9.048183593750000000e+04,8.671904687500000000e+04,3.383810546875000000e+04,7.435255468750000000e+04,-9.011831890484219790e+07
4.314000000000000057e+00,1.624390887275735622e+02,-5.914546296010326110e+00,-9.161501351612105282e+01,-1.726053710937500000e+04,-1.517451572418212891e+01,1.800176147460937500e+03,2.682321667671203613e-01,4.789904654026031494e-01,7.643264532089233398e-02,2.058089971542358398e-01,-1.624390887275735622e+02,5.914546296010326110e+00,9.161501351612105282e+01,0.000000000000000000e+00,0.000000000000000000e+00,0.000000000000000000e+00,2.682321667671203613e-01,4.789904654026031494e-01,7.643264532089233398e-02,2.058089971542358398e-01,9.055621093750000000e+04,8.683291406250000000e+04,3.370270703125000000e+04,7.424650000000000000e+04,-9.015313365494829416e+07
4.315000000000000391e+00,1.799052552678809036e+02,-6.205175794639107067e+00,-8.983493727394237283e+01,-1.727682226562500000e+04,-1.556719017028808594e+01,1.800575073242187500e+03,2.578701376914978027e-01,4.813602864742279053e-01,7.695388793945312500e-02,2.125655263662338257e-01,-1.799052552678809036e+02,6.205175794639107067e+00,8.983493727394237283e+01,0.000000000000000000e+00,0.000000000000000000e+00,0.000000000000000000e+00,2.578701376914978027e-01,4.813602864742279053e-01,7.695388793945312500e-02,2.125655263662338257e-01,9.057283593750000000e+04,8.694599218750000000e+04,3.358258203125000000e+04,7.419374218750000000e+04,-9.019360837598295510e+07
4.315999999999999837e+00,-1.625716960809253635e+02,-5.943584976922090313e+00,-8.804684221949473510e+01,-1.733239843750000000e+04,-9.384085655212402344e+00,1.804039184570312500e+03,2.454863637685775757e-01,4.829729795455932617e-01,7.605781406164169312e-02,2.174995988607406616e-01,1.625716960809253635e+02,5.943584976922090313e+00,8.804684221949473510e+01,0.000000000000000000e+00,0.000000000000000000e+00,0.000000000000000000e+00,2.454863637685775757e-01,4.829729795455932617e-01,7.605781406164169312e-02,2.174995988607406616e-01,9.051593750000000000e+04,8.705705468750000000e+04,3.346776953125000000e+04,7.419208593750000000e+04,-9.022782550497677922e+07
4.317000000000000171e+00,-1.450613041571125734e+02,-5.151726358842534381e+00,-8.642639720766352696e+01,-1.735230468750000000e+04,-1.122285842895507812e+00,1.803631591796875000e+03,2.959166169166564941e-01,7.507170736789703369e-02,3.884420692920684814e-01,3.237364590167999268e-01,1.450613041571125734e+02,5.151726358842534381e+00,8.642639720766352696e+01,0.000000000000000000e+00,0.000000000000000000e+00,0.000000000000000000e+00,2.959166169166564941e-01,7.507170736789703369e-02,3.884420692920684814e-01,3.237364590167999268e-01,9.037038281250000000e+04,8.717010156250000000e+04,3.335040625000000000e+04,7.422608593750000000e+04,-9.025636434935931861e+07
4.317999999999999616e+00,-1.276400990516866472e+02,-3.924078858104537826e+00,-8.512715149136624859e+01,-1.731700000000000000e+04,-5.760857105255126953e+00,1.791325195312500000e+03,2.876270413398742676e-01,9.802848100662231445e-02,3.832745850086212158e-01,3.236919641494750977e-01,1.276400990516866472e+02,3.924078858104537826e+00,8.512715149136624859e+01,0.000000000000000000e+00,0.000000000000000000e+00,0.000000000000000000e+00,2.876270413398742676e-01,9.802848100662231445e-02,3.832745850086212158e-01,3.236919641494750977e-01,9.048085156250000000e+04,8.694644531250000000e+04,3.346446093750000000e+04,7.433636718750000000e+04,-9.027991837456116080e+07
4.318999999999999950e+00,-1.103176630083643346e+02,-2.350300114864967593e+00,-8.424192465133215535e+01,-1.727256250000000000e+04,-1.084300422668457031e+01,1.811819458007812500e+03,2.817421853542327881e-01,1.226538345217704773e-01,3.716005384922027588e-01,3.209186196327209473e-01,1.103176630083643346e+02,2.350300114864967593e+00,8.424192465133215535e+01,0.000000000000000000e+00,0.000000000000000000e+00,0.000000000000000000e+00,2.817421853542327881e-01,1.226538345217704773e-01,3.716005384922027588e-01,3.209186196327209473e-01,9.059639843750000000e+04,8.671823437500000000e+04,3.357419921875000000e+04,7.445313281250000000e+04,-9.029919058711238205e+07
4.320000000000000284e+00,-9.302590285909867873e+01,-5.943404654540137555e-01,-8.386694558494332341e+01,-1.728071484375000000e+04,-1.192656135559082031e+01,1.802308471679687500e+03,2.746779918670654297e-01,1.511071622371673584e-01,3.532115817070007324e-01,3.142058551311492920e-01,9.302590285909867873e+01,5.943404654540137555e-01,8.386694558494332341e+01,0.000000000000000000e+00,0.000000000000000000e+00,0.000000000000000000e+00,2.746779918670654297e-01,1.511071622371673584e-01,3.532115817070007324e-01,3.142058551311492920e-01,9.070589843750000000e+04,8.649480468750000000e+04,3.368834765625000000e+04,7.456421093750000000e+04,-9.031487842351746559e+07
4.320999999999999730e+00,-7.569053467464463836e+01,1.209685292815108282e+00,-8.404659956382393204e+01,-1.733295507812500000e+04,1.441760778427124023e+00,1.819880737304687500e+03,2.689192891120910645e-01,1.827679872512817383e-01,3.271005749702453613e-01,3.035647869110107422e-01,7.569053467464463836e+01,-1.209685292815108282e+00,8.404659956382393204e+01,0.000000000000000000e+00,0.000000000000000000e+00,0.000000000000000000e+00,2.689192891120910645e-01,1.827679872512817383e-01,3.271005749702453613e-01,3.035647869110107422e-01,9.076714843750000000e+04,8.626677343750000000e+04,3.379796875000000000e+04,7.467904687500000000e+04,-9.032767277479355037e+07
4.322000000000000064e+00,-5.830428609682947183e+01,2.849984026652020219e+00,-8.475906328637856291e+01,-1.735960351562500000e+04,1.450918102264404297e+01,1.794958740234375000e+03,2.611322402954101562e-01,2.188805043697357178e-01,2.939602434635162354e-01,2.882879376411437988e-01,5.830428609682947183e+01,-2.849984026652020219e+00,8.475906328637856291e+01,0.000000000000000000e+00,0.000000000000000000e+00,0.000000000000000000e+00,2.611322402954101562e-01,2.188805043697357178e-01,2.939602434635162354e-01,2.882879376411437988e-01,9.077985156250000000e+04,8.604646875000000000e+04,3.391498437500000000e+04,7.478715625000000000e+04,-9.033826438578894734e+07
4.323000000000000398e+00,-4.089867682158003248e+01,4.222047568334069467e+00,-8.595749006042279916e+01,-1.733023046875000000e+04,2.183117294311523438e+01,1.827062622070312500e+03,2.578695416450500488e-01,2.553620934486389160e-01,2.542153894901275635e-01,2.705702185630798340e-01,4.089867682158003248e+01,-4.222047568334069467e+00,8.595749006042279916e+01,0.000000000000000000e+00,0.000000000000000000e+00,0.000000000000000000e+00,2.578695416450500488e-01,2.553620934486389160e-01,2.542153894901275635e-01,2.705702185630798340e-01,9.074564843750000000e+04,8.581539843750000000e+04,3.402139453125000000e+04,7.490576562500000000e+04,-9.034734360333785415e+07
4.323999999999999844e+00,-2.349037924631828744e+01,5.169883305886291858e+00,-8.750690507573332866e+01,-1.728000000000000000e+04,2.078426170349121094e+01,1.818651977539062500e+03,2.541679739952087402e-01,2.907743752002716064e-01,2.132783979177474976e-01,2.527204751968383789e-01,2.349037924631828744e+01,-5.169883305886291858e+00,8.750690507573332866e+01,0.000000000000000000e+00,0.000000000000000000e+00,0.000000000000000000e+00,2.541679739952087402e-01,2.907743752002716064e-01,2.132783979177474976e-01,2.527204751968383789e-01,9.068306250000000000e+04,8.585417187500000000e+04,3.413586328125000000e+04,7.501714843750000000e+04,-9.035557958738431334e+07
4.325000000000000178e+00,-6.043883887790137521e+00,5.606948453985951986e+00,-8.926784308061516526e+01,-1.727968554687500000e+04,2.436280059814453125e+01,1.813518310546875000e+03,2.553046345710754395e-01,3.222676217555999756e-01,1.729704439640045166e-01,2.365806996822357178e-01,6.043883887790137521e+00,-5.606948453985951986e+00,8.926784308061516526e+01,0.000000000000000000e+00,0.000000000000000000e+00,0.000000000000000000e+00,2.553046345710754395e-01,3.222676217555999756e-01,1.729704439640045166e-01,2.365806996822357178e-01,9.059503906250000000e+04,8.596670312500000000e+04,3.424848437500000000e+04,7.512817968750000000e+04,-9.036361630159600079e+07
4.325999999999999623e+00,1.145569268301039223e+01,5.486315520527179856e+00,-9.105974606314508435e+01,-1.732496093750000000e+04,3.642858886718750000e+01,1.794044921875000000e+03,2.564597129821777344e-01,3.504219055175781250e-01,1.377846300601959229e-01,2.227570265531539917e-01,-1.145569268301039223e+01,-5.486315520527179856e+00,9.105974606314508435e+01,0.000000000000000000e+00,0.000000000000000000e+00,0.000000000000000000e+00,2.564597129821777344e-01,3.504219055175781250e-01,1.377846300601959229e-01,2.227570265531539917e-01,9.051589843750000000e+04,8.608285156250000000e+04,3.436494921875000000e+04,7.523719531250000000e+04,-9.037206951150192320e+07
4.326999999999999957e+00,2.896675370893508727e+01,4.820925387431982401e+00,-9.272589595187361056e+01,-1.735997656250000000e+04,5.126996231079101562e+01,1.793965576171875000e+03,2.587997019290924072e-01,3.756621479988098145e-01,1.092111840844154358e-01,2.111684232950210571e-01,-2.896675370893508727e+01,-4.820925387431982401e+00,9.272589595187361056e+01,0.000000000000000000e+00,0.000000000000000000e+00,0.000000000000000000e+00,2.587997019290924072e-01,3.756621479988098145e-01,1.092111840844154358e-01,2.111684232950210571e-01,9.044907031250000000e+04,8.619519531250000000e+04,3.447740234375000000e+04,7.528682812500000000e+04,-9.038152991742402315e+07
4.328000000000000291e+00,4.640969502445101824e+01,3.668747856916036554e+00,-9.412854307971117862e+01,-1.733766601562500000e+04,5.675296401977539062e+01,1.818250976562500000e+03,2.617521882057189941e-01,3.982490003108978271e-01,8.878974616527557373e-02,2.019864171743392944e-01,-4.640969502445101824e+01,-3.668747856916036554e+00,9.412854307971117862e+01,0.000000000000000000e+00,0.000000000000000000e+00,0.000000000000000000e+00,2.617521882057189941e-01,3.982490003108978271e-01,8.878974616527557373e-02,2.019864171743392944e-01,9.040576562500000000e+04,8.630382031250000000e+04,3.458601562500000000e+04,7.525283593750000000e+04,-9.039255741954943538e+07
4.328999999999999737e+00,6.374734872046992251e+01,2.174472840608470570e+00,-9.510940333185369866e+01,-1.728625390625000000e+04,5.236167907714843750e+01,1.792760986328125000e+03,2.663552761077880859e-01,4.180912673473358154e-01,7.630658149719238281e-02,1.954083740711212158e-01,-6.374734872046992251e+01,-2.174472840608470570e+00,9.510940333185369866e+01,0.000000000000000000e+00,0.000000000000000000e+00,0.000000000000000000e+00,2.663552761077880859e-01,4.180912673473358154e-01,7.630658149719238281e-02,1.954083740711212158e-01,9.037510156250000000e+04,8.642113281250000000e+04,3.455154296875000000e+04,7.514180468750000000e+04,-9.040567167095260322e+07
4.330000000000000071e+00,8.103322854959556309e+01,4.565123152721217159e-01,-9.560481582077430573e+01,-1.727310546875000000e+04,4.782241058349609375e+01,1.794078979492187500e+03,2.767462134361267090e-01,4.359385967254638672e-01,6.949799507856369019e-02,1.904587745666503906e-01,-8.103322854959556309e+01,-4.565123152721217159e-01,9.560481582077430573e+01,0.000000000000000000e+00,0.000000000000000000e+00,0.000000000000000000e+00,2.767462134361267090e-01,4.359385967254638672e-01,6.949799507856369019e-02,1.904587745666503906e-01,9.038361718750000000e+04,8.653306250000000000e+04,3.440897656250000000e+04,7.498870312500000000e+04,-9.042137854429338872e+07
4.331000000000000405e+00,9.834743059734755377e+01,-1.313817761875235135e+00,-9.556129903013820126e+01,-1.731250000000000000e+04,5.328967285156250000e+01,1.776819946289062500e+03,2.834996879100799561e-01,4.512672722339630127e-01,6.837013363838195801e-02,1.881367862224578857e-01,-9.834743059734755377e+01,1.313817761875235135e+00,9.556129903013820126e+01,0.000000000000000000e+00,0.000000000000000000e+00,0.000000000000000000e+00,2.834996879100799561e-01,4.512672722339630127e-01,6.837013363838195801e-02,1.881367862224578857e-01,9.046104687500000000e+04,8.664914843750000000e+04,3.421741406250000000e+04,7.479967187500000000e+04,-9.044018444938792288e+07
4.331999999999999851e+00,1.157280591245475847e+02,-3.019359632353927569e+00,-9.497289688172376998e+01,-1.735694726562500000e+04,6.271088027954101562e+01,1.809870849609375000e+03,2.866989970207214355e-01,4.641704261302947998e-01,6.992221623659133911e-02,1.880655437707901001e-01,-1.157280591245475847e+02,3.019359632353927569e+00,9.497289688172376998e+01,0.000000000000000000e+00,0.000000000000000000e+00,0.000000000000000000e+00,2.866989970207214355e-01,4.641704261302947998e-01,6.992221623659133911e-02,1.880655437707901001e-01,9.057970312500000000e+04,8.675531250000000000e+04,3.401128125000000000e+04,7.460521093750000000e+04,-9.046260640073135495e+07
4.333000000000000185e+00,1.331462360200737862e+02,-4.457947103431972202e+00,-9.390308875701067848e+01,-1.734700000000000000e+04,6.722835540771484375e+01,1.797004394531250000e+03,2.806773781776428223e-01,4.735747575759887695e-01,7.291951030492782593e-02,1.912275999784469604e-01,-1.331462360200737862e+02,4.457947103431972202e+00,9.390308875701067848e+01,0.000000000000000000e+00,0.000000000000000000e+00,0.000000000000000000e+00,2.806773781776428223e-01,4.735747575759887695e-01,7.291951030492782593e-02,1.912275999784469604e-01,9.068942968750000000e+04,8.687049218750000000e+04,3.383203906250000000e+04,7.440634375000000000e+04,-9.048917198426815867e+07
4.333999999999999631e+00,1.505713531845171644e+02,-5.516319767019300713e+00,-9.245176462604372603e+01,-1.729753320312500000e+04,6.083312988281250000e+01,1.797585449218750000e+03,2.743172049522399902e-01,4.799677729606628418e-01,7.479806244373321533e-02,1.963885575532913208e-01,-1.505713531845171644e+02,5.516319767019300713e+00,9.245176462604372603e+01,0.000000000000000000e+00,0.000000000000000000e+00,0.000000000000000000e+00,2.743172049522399902e-01,4.799677729606628418e-01,7.479806244373321533e-02,1.963885575532913208e-01,9.079161718750000000e+04,8.698217187500000000e+04,3.367903906250000000e+04,7.423876562500000000e+04,-9.052042147523421049e+07
4.334999999999999964e+00,1.680196905313793252e+02,-6.095039306694967074e+00,-9.075526866650622537e+01,-1.727532031250000000e+04,5.562314987182617188e+01,1.790156494140625000e+03,2.645015716552734375e-01,4.834636747837066650e-01,7.570926845073699951e-02,2.030382752418518066e-01,-1.680196905313793252e+02,6.095039306694967074e+00,9.075526866650622537e+01,0.000000000000000000e+00,0.000000000000000000e+00,0.000000000000000000e+00,2.645015716552734375e-01,4.834636747837066650e-01,7.570926845073699951e-02,2.030382752418518066e-01,9.084399218750000000e+04,8.709628906250000000e+04,3.354692968750000000e+04,7.411378906250000000e+04,-9.055692575993534923e+07
4.336000000000000298e+00,-1.744773835668013646e+02,-6.138358735193930826e+00,-8.895136840390985355e+01,-1.730928515625000000e+04,5.799787521362304688e+01,1.800064453125000000e+03,2.534424066543579102e-01,4.854302406311035156e-01,7.537645846605300903e-02,2.091199308633804321e-01,1.744773835668013646e+02,6.138358735193930826e+00,8.895136840390985355e+01,0.000000000000000000e+00,0.000000000000000000e+00,0.000000000000000000e+00,2.534424066543579102e-01,4.854302406311035156e-01,7.537645846605300903e-02,2.091199308633804321e-01,9.082996875000000000e+04,8.720699218750000000e+04,3.342270312500000000e+04,7.404450000000000000e+04,-9.059531814270055294e+07
4.336999999999999744e+00,-1.569371675117027110e+02,-5.629820018227794876e+00,-8.721846188881254136e+01,-1.736112890625000000e+04,6.745758819580078125e+01,1.802854980468750000e+03,3.002294898033142090e-01,6.613153219223022461e-02,3.877724707126617432e-01,3.177438080310821533e-01,1.569371675117027110e+02,5.629820018227794876e+00,8.721846188881254136e+01,0.000000000000000000e+00,0.000000000000000000e+00,0.000000000000000000e+00,3.002294898033142090e-01,6.613153219223022461e-02,3.877724707126617432e-01,3.177438080310821533e-01,9.073462500000000000e+04,8.731923437500000000e+04,3.329898046875000000e+04,7.402008593750000000e+04,-9.062758617221483588e+07
4.338000000000000078e+00,-1.394431072736612975e+02,-4.625082471985779264e+00,-8.572538233978455935e+01,-1.735919140625000000e+04,7.018282318115234375e+01,1.800202148437500000e+03,2.910270094871520996e-01,8.780461549758911133e-02,3.860824704170227051e-01,3.192839622497558594e-01,1.394431072736612975e+02,4.625082471985779264e+00,8.572538233978455935e+01,0.000000000000000000e+00,0.000000000000000000e+00,0.000000000000000000e+00,2.910270094871520996e-01,8.780461549758911133e-02,3.860824704170227051e-01,3.192839622497558594e-01,9.084761718750000000e+04,8.709496875000000000e+04,3.341240234375000000e+04,7.413180468750000000e+04,-9.065440078494614363e+07
4.339000000000000412e+00,-1.220502316900778936e+02,-3.214416801639628840e+00,-8.459266685712908895e+01,-1.731399804687500000e+04,6.481967163085937500e+01,1.813212890625000000e+03,2.834377288818359375e-01,1.116019859910011292e-01,3.784555792808532715e-01,3.178459703922271729e-01,1.220502316900778936e+02,3.214416801639628840e+00,8.459266685712908895e+01,0.000000000000000000e+00,0.000000000000000000e+00,0.000000000000000000e+00,2.834377288818359375e-01,1.116019859910011292e-01,3.784555792808532715e-01,3.178459703922271729e-01,9.096176562500000000e+04,8.686751562500000000e+04,3.352186718750000000e+04,7.424684375000000000e+04,-9.067646329576312006e+07
4.339999999999999858e+00,-1.047419785414660538e+02,-1.524584818043523748e+00,-8.392385428676453785e+01,-1.727915234375000000e+04,5.789688873291015625e+01,1.823142089843750000e+03,2.764428257942199707e-01,1.380496472120285034e-01,3.642484545707702637e-01,3.131107091903686523e-01,1.047419785414660538e+02,1.524584818043523748e+00,8.392385428676453785e+01,0.000000000000000000e+00,0.000000000000000000e+00,0.000000000000000000e+00,2.764428257942199707e-01,1.380496472120285034e-01,3.642484545707702637e-01,3.131107091903686523e-01,9.107687500000000000e+04,8.664144531250000000e+04,3.363338671875000000e+04,7.436181250000000000e+04,-9.069447971550911665e+07
4.341000000000000192e+00,-8.742966294768612556e+01,2.941701752895371502e-01,-8.379080985416247529e+01,-1.730942773437500000e+04,6.075786972045898438e+01,1.829559814453125000e+03,2.701145410537719727e-01,1.676123738288879395e-01,3.427925705909729004e-01,3.046894073486328125e-01,8.742966294768612556e+01,-2.941701752895371502e-01,8.379080985416247529e+01,0.000000000000000000e+00,0.000000000000000000e+00,0.000000000000000000e+00,2.701145410537719727e-01,1.676123738288879395e-01,3.427925705909729004e-01,3.046894073486328125e-01,9.113995312500000000e+04,8.641456250000000000e+04,3.374431640625000000e+04,7.447484375000000000e+04,-9.070914464782437682e+07
4.341999999999999638e+00,-7.006168842169452660e+01,2.066713404603750082e+00,-8.421797536825198449e+01,-1.735771289062500000e+04,7.322252655029296875e+01,1.828785156250000000e+03,2.631321251392364502e-01,2.011431753635406494e-01,3.139005899429321289e-01,2.919072210788726807e-01,7.006168842169452660e+01,-2.066713404603750082e+00,8.421797536825198449e+01,0.000000000000000000e+00,0.000000000000000000e+00,0.000000000000000000e+00,2.631321251392364502e-01,2.011431753635406494e-01,3.139005899429321289e-01,2.919072210788726807e-01,9.115707812500000000e+04,8.619017187500000000e+04,3.385758984375000000e+04,7.458682031250000000e+04,-9.072115022668829560e+07
4.342999999999999972e+00,-5.264485866485578214e+01,3.623714957528842540e+00,-8.516388023044457611e+01,-1.736841015625000000e+04,8.301843261718750000e+01,1.826299926757812500e+03,2.570540308952331543e-01,2.374545931816101074e-01,2.778864502906799316e-01,2.752536535263061523e-01,5.264485866485578214e+01,-3.623714957528842540e+00,8.516388023044457611e+01,0.000000000000000000e+00,0.000000000000000000e+00,0.000000000000000000e+00,2.570540308952331543e-01,2.374545931816101074e-01,2.778864502906799316e-01,2.752536535263061523e-01,9.112260937500000000e+04,8.596462500000000000e+04,3.397059765625000000e+04,7.469908593750000000e+04,-9.073118772563813627e+07
4.344000000000000306e+00,-3.521850892621142748e+01,4.850586480191717342e+00,-8.656199489225824095e+01,-1.732152343750000000e+04,8.419126892089843750e+01,1.862394042968750000e+03,2.534942030906677246e-01,2.736155092716217041e-01,2.372804880142211914e-01,2.570773065090179443e-01,3.521850892621142748e+01,-4.850586480191717342e+00,8.656199489225824095e+01,0.000000000000000000e+00,0.000000000000000000e+00,0.000000000000000000e+00,2.534942030906677246e-01,2.736155092716217041e-01,2.372804880142211914e-01,2.570773065090179443e-01,9.105321093750000000e+04,8.586279687500000000e+04,3.407704687500000000e+04,7.481851562500000000e+04,-9.073994457615804672e+07
4.344999999999999751e+00,-1.778098909616675627e+01,5.596197018845463056e+00,-8.824103960997577190e+01,-1.728317968750000000e+04,7.914689636230468750e+01,1.836022949218750000e+03,2.508114576339721680e-01,3.073460161685943604e-01,1.967018991708755493e-01,2.398260384798049927e-01,1.778098909616675627e+01,-5.596197018845463056e+00,8.824103960997577190e+01,0.000000000000000000e+00,0.000000000000000000e+00,0.000000000000000000e+00,2.508114576339721680e-01,3.073460161685943604e-01,1.967018991708755493e-01,2.398260384798049927e-01,9.094832812500000000e+04,8.597960156250000000e+04,3.419432421875000000e+04,7.492615625000000000e+04,-9.074807853822380304e+07
4.346000000000000085e+00,-2.972313767874995571e-01,5.805444259490835535e+00,-9.008309791866176397e+01,-1.729926953125000000e+04,8.165118408203125000e+01,1.850079711914062500e+03,2.535119056701660156e-01,3.369557857513427734e-01,1.577056795358657837e-01,2.247553765773773193e-01,2.972313767874995571e-01,-5.805444259490835535e+00,9.008309791866176397e+01,0.000000000000000000e+00,0.000000000000000000e+00,0.000000000000000000e+00,2.535119056701660156e-01,3.369557857513427734e-01,1.577056795358657837e-01,2.247553765773773193e-01,9.083437500000000000e+04,8.608988281250000000e+04,3.430368359375000000e+04,7.504057812500000000e+04,-9.075622729428397119e+07
4.347000000000000419e+00,1.722707718948293021e+01,5.452065684588048633e+00,-9.185933431123542903e+01,-1.734864648437500000e+04,8.963482666015625000e+01,1.807326782226562500e+03,2.536470890045166016e-01,3.634357452392578125e-01,1.256733536720275879e-01,2.123677879571914673e-01,-1.722707718948293021e+01,-5.452065684588048633e+00,9.185933431123542903e+01,0.000000000000000000e+00,0.000000000000000000e+00,0.000000000000000000e+00,2.536470890045166016e-01,3.634357452392578125e-01,1.256733536720275879e-01,2.123677879571914673e-01,9.073209375000000000e+04,8.621013281250000000e+04,3.442391406250000000e+04,7.510183593750000000e+04,-9.076499192879278958e+07
4.347999999999999865e+00,3.473689032259913034e+01,4.554016695338151344e+00,-9.348695051228230568e+01,-1.736634375000000000e+04,9.727124786376953125e+01,1.858060302734375000e+03,2.581035494804382324e-01,3.871732652187347412e-01,9.956599026918411255e-02,2.020856142044067383e-01,-3.473689032259913034e+01,-4.554016695338151344e+00,9.348695051228230568e+01,0.000000000000000000e+00,0.000000000000000000e+00,0.000000000000000000e+00,2.581035494804382324e-01,3.871732652187347412e-01,9.956599026918411255e-02,2.020856142044067383e-01,9.064958593750000000e+04,8.631371093750000000e+04,3.452733984375000000e+04,7.508624218750000000e+04,-9.077495912932622433e+07
4.349000000000000199e+00,5.215228037595404231e+01,3.234092637718060548e+00,-9.475122523253804729e+01,-1.732805859375000000e+04,9.123415374755859375e+01,1.830393188476562500e+03,2.587317228317260742e-01,4.080246984958648682e-01,8.326474577188491821e-02,1.948834806680679321e-01,-5.215228037595404231e+01,-3.234092637718060548e+00,9.475122523253804729e+01,0.000000000000000000e+00,0.000000000000000000e+00,0.000000000000000000e+00,2.587317228317260742e-01,4.080246984958648682e-01,8.326474577188491821e-02,1.948834806680679321e-01,9.058711718750000000e+04,8.643150781250000000e+04,3.458333593750000000e+04,7.497965625000000000e+04,-9.078666724371288717e+07
4.349999999999999645e+00,6.947155069483171985e+01,1.591995023171801193e+00,-9.557821339094431323e+01,-1.728296484375000000e+04,7.973789215087890625e+01,1.843507080078125000e+03,2.681888937950134277e-01,4.267585575580596924e-01,7.245503365993499756e-02,1.894001811742782593e-01,-6.947155069483171985e+01,-1.591995023171801193e+00,9.557821339094431323e+01,0.000000000000000000e+00,0.000000000000000000e+00,0.000000000000000000e+00,2.681888937950134277e-01,4.267585575580596924e-01,7.245503365993499756e-02,1.894001811742782593e-01,9.053806250000000000e+04,8.654096093750000000e+04,3.449662500000000000e+04,7.482816406250000000e+04,-9.080063126939198375e+07
4.350999999999999979e+00,8.676614665605669074e+01,-1.875772558546950353e-01,-9.588055521934589365e+01,-1.728945703125000000e+04,7.079295349121093750e+01,1.810556518554687500e+03,2.757279276847839355e-01,4.430844783782958984e-01,6.860122084617614746e-02,1.863666176795959473e-01,-8.676614665605669074e+01,1.875772558546950353e-01,9.588055521934589365e+01,0.000000000000000000e+00,0.000000000000000000e+00,0.000000000000000000e+00,2.757279276847839355e-01,4.430844783782958984e-01,6.860122084617614746e-02,1.863666176795959473e-01,9.054919531250000000e+04,8.665942968750000000e+04,3.432963281250000000e+04,7.463158593750000000e+04,-9.081735274965192378e+07
4.352000000000000313e+00,1.041101706755842002e+02,-2.001319531359812665e+00,-9.563461055521378285e+01,-1.733785742187500000e+04,7.319037628173828125e+01,1.835875244140625000e+03,2.837649583816528320e-01,4.573523998260498047e-01,6.850772351026535034e-02,1.853220909833908081e-01,-1.041101706755842002e+02,2.001319531359812665e+00,9.563461055521378285e+01,0.000000000000000000e+00,0.000000000000000000e+00,0.000000000000000000e+00,2.837649583816528320e-01,4.573523998260498047e-01,6.850772351026535034e-02,1.853220909833908081e-01,9.062353125000000000e+04,8.676714843750000000e+04,3.412517578125000000e+04,7.442707812500000000e+04,-9.083734166130593419e+07
4.352999999999999758e+00,1.215193127369682600e+02,-3.662085815516671783e+00,-9.485390945202927071e+01,-1.736908789062500000e+04,7.509872436523437500e+01,1.840210693359375000e+03,2.818596959114074707e-01,4.685709774494171143e-01,7.131604850292205811e-02,1.872400790452957153e-01,-1.215193127369682600e+02,3.662085815516671783e+00,9.485390945202927071e+01,0.000000000000000000e+00,0.000000000000000000e+00,0.000000000000000000e+00,2.818596959114074707e-01,4.685709774494171143e-01,7.131604850292205811e-02,1.872400790452957153e-01,9.073653906250000000e+04,8.687925000000000000e+04,3.392700781250000000e+04,7.421460937500000000e+04,-9.086111927968485653e+07
4.354000000000000092e+00,1.389533002427325243e+02,-5.015203009016351743e+00,-9.361511502613893754e+01,-1.733878320312500000e+04,6.925366973876953125e+01,1.837833251953125000e+03,2.765421569347381592e-01,4.765917360782623291e-01,7.413692027330398560e-02,1.918418109416961670e-01,-1.389533002427325243e+02,5.015203009016351743e+00,9.361511502613893754e+01,0.000000000000000000e+00,0.000000000000000000e+00,0.000000000000000000e+00,2.765421569347381592e-01,4.765917360782623291e-01,7.413692027330398560e-02,1.918418109416961670e-01,9.084872656250000000e+04,8.699228906250000000e+04,3.373608593750000000e+04,7.400595312500000000e+04,-9.088921624135577679e+07
4.355000000000000426e+00,1.563982098493765136e+02,-5.945104105024507923e+00,-9.203681186369357192e+01,-1.729269921875000000e+04,5.454742431640625000e+01,1.831786010742187500e+03,2.685020565986633301e-01,4.815272092819213867e-01,7.593137025833129883e-02,1.983818709850311279e-01,-1.563982098493765136e+02,5.945104105024507923e+00,9.203681186369357192e+01,0.000000000000000000e+00,0.000000000000000000e+00,0.000000000000000000e+00,2.685020565986633301e-01,4.815272092819213867e-01,7.593137025833129883e-02,1.983818709850311279e-01,9.095342968750000000e+04,8.710585156250000000e+04,3.357248828125000000e+04,7.381664062500000000e+04,-9.092218276040071249e+07
4.355999999999999872e+00,1.738785202385012667e+02,-6.369440362088366392e+00,-9.025465941914393397e+01,-1.728769140625000000e+04,4.451921844482421875e+01,1.828351318359375000e+03,2.584279775619506836e-01,4.839876592159271240e-01,7.662131637334823608e-02,2.058144956827163696e-01,-1.738785202385012667e+02,6.369440362088366392e+00,9.025465941914393397e+01,0.000000000000000000e+00,0.000000000000000000e+00,0.000000000000000000e+00,2.584279775619506836e-01,4.839876592159271240e-01,7.662131637334823608e-02,2.058144956827163696e-01,9.101881250000000000e+04,8.721955468750000000e+04,3.343718359375000000e+04,7.366814062500000000e+04,-9.096060297351843119e+07
4.357000000000000206e+00,-1.685796293793518714e+02,-6.241635360173701130e+00,-8.841222923311184445e+01,-1.733799609375000000e+04,4.317067718505859375e+01,1.842258544921875000e+03,2.466879338026046753e-01,4.853037297725677490e-01,7.599969208240509033e-02,2.120099812746047974e-01,1.685796293793518714e+02,6.241635360173701130e+00,8.841222923311184445e+01,0.000000000000000000e+00,0.000000000000000000e+00,0.000000000000000000e+00,2.466879338026046753e-01,4.853037297725677490e-01,7.599969208240509033e-02,2.120099812746047974e-01,9.102883593750000000e+04,8.732935156250000000e+04,3.331634765625000000e+04,7.357453906250000000e+04,-9.099687774525004625e+07
4.357999999999999652e+00,-1.510267314764105606e+02,-5.568362311897590899e+00,-8.670513449991096877e+01,-1.737578710937500000e+04,4.575914382934570312e+01,1.833085937500000000e+03,2.948606610298156738e-01,7.211905717849731445e-02,3.893507421016693115e-01,3.202747106552124023e-01,1.510267314764105606e+02,5.568362311897590899e+00,8.670513449991096877e+01,0.000000000000000000e+00,0.000000000000000000e+00,0.000000000000000000e+00,2.948606610298156738e-01,7.211905717849731445e-02,3.893507421016693115e-01,3.202747106552124023e-01,9.096279687500000000e+04,8.744410156250000000e+04,3.320830468750000000e+04,7.353450781250000000e+04,-9.102723560587798059e+07
4.358999999999999986e+00,-1.335430029202180151e+02,-4.421836942777265023e+00,-8.528117889708778421e+01,-1.735826757812500000e+04,3.928322601318359375e+01,1.830506591796875000e+03,2.866614460945129395e-01,9.384547919034957886e-02,3.860438168048858643e-01,3.215205371379852295e-01,1.335430029202180151e+02,4.421836942777265023e+00,8.528117889708778421e+01,0.000000000000000000e+00,0.000000000000000000e+00,0.000000000000000000e+00,2.866614460945129395e-01,9.384547919034957886e-02,3.860438168048858643e-01,3.215205371379852295e-01,9.081539843750000000e+04,8.755625781250000000e+04,3.309653125000000000e+04,7.354313281250000000e+04,-9.105236177162295580e+07
4.360000000000000320e+00,-1.161670822374120036e+02,-2.908673997304973113e+00,-8.425553825593931379e+01,-1.730888085937500000e+04,2.490588951110839844e+01,1.833605834960937500e+03,2.796070575714111328e-01,1.177450269460678101e-01,3.766286075115203857e-01,3.197855055332183838e-01,1.161670822374120036e+02,2.908673997304973113e+00,8.425553825593931379e+01,0.000000000000000000e+00,0.000000000000000000e+00,0.000000000000000000e+00,2.796070575714111328e-01,1.177450269460678101e-01,3.766286075115203857e-01,3.197855055332183838e-01,9.092796093750000000e+04,8.733120312500000000e+04,3.320810937500000000e+04,7.365675000000000000e+04,-9.107296401872973144e+07
4.360999999999999766e+00,-9.884836419814344310e+01,-1.152648730883575556e+00,-8.371489558609341941e+01,-1.729807812500000000e+04,1.302488136291503906e+01,1.844214477539062500e+03,2.736085951328277588e-01,1.441722661256790161e-01,3.603774309158325195e-01,3.148216605186462402e-01,9.884836419814344310e+01,1.152648730883575556e+00,8.371489558609341941e+01,0.000000000000000000e+00,0.000000000000000000e+00,0.000000000000000000e+00,2.736085951328277588e-01,1.441722661256790161e-01,3.603774309158325195e-01,3.148216605186462402e-01,9.104242968750000000e+04,8.710346093750000000e+04,3.331928906250000000e+04,7.377166406250000000e+04,-9.108974453017646074e+07
4.362000000000000099e+00,-8.150411502610711523e+01,6.909647760949703121e-01,-8.372326521463421045e+01,-1.734278906250000000e+04,1.409372711181640625e+01,1.850635253906250000e+03,2.669706940650939941e-01,1.742909848690032959e-01,3.369986414909362793e-01,3.059378564357757568e-01,8.150411502610711523e+01,-6.909647760949703121e-01,8.372326521463421045e+01,0.000000000000000000e+00,0.000000000000000000e+00,0.000000000000000000e+00,2.669706940650939941e-01,1.742909848690032959e-01,3.369986414909362793e-01,3.059378564357757568e-01,9.112845312500000000e+04,8.687769531250000000e+04,3.342986718750000000e+04,7.388464062500000000e+04,-9.110339751351317763e+07
4.363000000000000433e+00,-6.410077422023243798e+01,2.433735516469990756e+00,-8.428418530167512301e+01,-1.738656445312500000e+04,2.046775436401367188e+01,1.837677368164062500e+03,2.599385380744934082e-01,2.084430754184722900e-01,3.060467243194580078e-01,2.925225198268890381e-01,6.410077422023243798e+01,-2.433735516469990756e+00,8.428418530167512301e+01,0.000000000000000000e+00,0.000000000000000000e+00,0.000000000000000000e+00,2.599385380744934082e-01,2.084430754184722900e-01,3.060467243194580078e-01,2.925225198268890381e-01,9.116796093750000000e+04,8.665430468750000000e+04,3.354516406250000000e+04,7.399460156250000000e+04,-9.111461616972933710e+07
4.363999999999999879e+00,-4.666360428972758712e+01,3.939973092865439952e+00,-8.535416140219413705e+01,-1.737617968750000000e+04,2.362787055969238281e+01,1.853559204101562500e+03,2.552039623260498047e-01,2.443572580814361572e-01,2.682312428951263428e-01,2.758825123310089111e-01,4.666360428972758712e+01,-3.939973092865439952e+00,8.535416140219413705e+01,0.000000000000000000e+00,0.000000000000000000e+00,0.000000000000000000e+00,2.552039623260498047e-01,2.443572580814361572e-01,2.682312428951263428e-01,2.758825123310089111e-01,9.111330468750000000e+04,8.642680468750000000e+04,3.365437890625000000e+04,7.410994531250000000e+04,-9.112409451795129478e+07
4.365000000000000213e+00,-2.922357334120810179e+01,5.060120517310788379e+00,-8.682128421647858829e+01,-1.732341796875000000e+04,1.609031486511230469e+01,1.849211791992187500e+03,2.516136169433593750e-01,2.798316478729248047e-01,2.272673994302749634e-01,2.582396268844604492e-01,2.922357334120810179e+01,-5.060120517310788379e+00,8.682128421647858829e+01,0.000000000000000000e+00,0.000000000000000000e+00,0.000000000000000000e+00,2.516136169433593750e-01,2.798316478729248047e-01,2.272673994302749634e-01,2.582396268844604492e-01,9.102389062500000000e+04,8.637089843750000000e+04,3.376831250000000000e+04,7.422265625000000000e+04,-9.113251207540276647e+07
4.365999999999999659e+00,-1.175463911791794303e+01,5.698754453584899515e+00,-8.856727960171231473e+01,-1.730372460937500000e+04,1.031374645233154297e+01,1.858928100585937500e+03,2.521712183952331543e-01,3.118308186531066895e-01,1.861532777547836304e-01,2.420352250337600708e-01,1.175463911791794303e+01,-5.698754453584899515e+00,8.856727960171231473e+01,0.000000000000000000e+00,0.000000000000000000e+00,0.000000000000000000e+00,2.521712183952331543e-01,3.118308186531066895e-01,1.861532777547836304e-01,2.420352250337600708e-01,9.091192187500000000e+04,8.648164843750000000e+04,3.387916406250000000e+04,7.433638281250000000e+04,-9.114052688576193154e+07
4.366999999999999993e+00,5.766866345224308965e+00,5.782994659437420637e+00,-9.039396417383736093e+01,-1.733731250000000000e+04,1.085101413726806641e+01,1.826398925781250000e+03,2.525576055049896240e-01,3.404628634452819824e-01,1.493876278400421143e-01,2.280842065811157227e-01,-5.766866345224308965e+00,-5.782994659437420637e+00,9.039396417383736093e+01,0.000000000000000000e+00,0.000000000000000000e+00,0.000000000000000000e+00,2.525576055049896240e-01,3.404628634452819824e-01,1.493876278400421143e-01,2.280842065811157227e-01,9.080092187500000000e+04,8.660028906250000000e+04,3.399727343750000000e+04,7.444300000000000000e+04,-9.114876465429566801e+07
4.368000000000000327e+00,2.332520634878008892e+01,5.308107605848761068e+00,-9.215665272542690900e+01,-1.738652734375000000e+04,1.905783843994140625e+01,1.824464355468750000e+03,2.556853294372558594e-01,3.659409880638122559e-01,1.179789528250694275e-01,2.163822650909423828e-01,-2.332520634878008892e+01,-5.308107605848761068e+00,9.215665272542690900e+01,0.000000000000000000e+00,0.000000000000000000e+00,0.000000000000000000e+00,2.556853294372558594e-01,3.659409880638122559e-01,1.179789528250694275e-01,2.163822650909423828e-01,9.069629687500000000e+04,8.671242187500000000e+04,3.411043750000000000e+04,7.455516406250000000e+04,-9.115782974419479072e+07
4.368999999999999773e+00,4.083777300966362134e+01,4.321930891223149551e+00,-9.369702175581207371e+01,-1.738178906250000000e+04,2.035806083679199219e+01,1.831326293945312500e+03,2.578675746917724609e-01,3.888474702835083008e-01,9.491455554962158203e-02,2.071126997470855713e-01,-4.083777300966362134e+01,-4.321930891223149551e+00,9.369702175581207371e+01,0.000000000000000000e+00,0.000000000000000000e+00,0.000000000000000000e+00,2.578675746917724609e-01,3.888474702835083008e-01,9.491455554962158203e-02,2.071126997470855713e-01,9.062228125000000000e+04,8.682439843750000000e+04,3.422111328125000000e+04,7.457503906250000000e+04,-9.116829527887171507e+07
4.370000000000000107e+00,5.824925432906353961e+01,2.927003800127931932e+00,-9.487334552729720372e+01,-1.733564648437500000e+04,1.184924983978271484e+01,1.830103149414062500e+03,2.626039981842041016e-01,4.090683758258819580e-01,7.958620041608810425e-02,2.003473937511444092e-01,-5.824925432906353961e+01,-2.927003800127931932e+00,9.487334552729720372e+01,0.000000000000000000e+00,0.000000000000000000e+00,0.000000000000000000e+00,2.626039981842041016e-01,4.090683758258819580e-01,7.958620041608810425e-02,2.003473937511444092e-01,9.054724218750000000e+04,8.693625781250000000e+04,3.433437109375000000e+04,7.459192187500000000e+04,-9.118069777354440093e+07
4.371000000000000441e+00,7.558083628113200803e+01,1.257117315796896451e+00,-9.558545653298932621e+01,-1.730413867187500000e+04,6.812968850135803223e-02,1.822109619140625000e+03,2.707064747810363770e-01,4.270507097244262695e-01,7.113754749298095703e-02,1.956278979778289795e-01,-7.558083628113200803e+01,-1.257117315796896451e+00,9.558545653298932621e+01,0.000000000000000000e+00,0.000000000000000000e+00,0.000000000000000000e+00,2.707064747810363770e-01,4.270507097244262695e-01,7.113754749298095703e-02,1.956278979778289795e-01,9.048995312500000000e+04,8.705053125000000000e+04,3.435213671875000000e+04,7.453790625000000000e+04,-9.119554839620192349e+07
4.371999999999999886e+00,9.291559127625878034e+01,-5.136648669176312465e-01,-9.576842748760502388e+01,-1.733217382812500000e+04,-4.601220130920410156e+00,1.787010009765625000e+03,2.792576551437377930e-01,4.429560899734497070e-01,6.845145672559738159e-02,1.929162442684173584e-01,-9.291559127625878034e+01,5.136648669176312465e-01,9.576842748760502388e+01,0.000000000000000000e+00,0.000000000000000000e+00,0.000000000000000000e+00,2.792576551437377930e-01,4.429560899734497070e-01,6.845145672559738159e-02,1.929162442684173584e-01,9.051938281250000000e+04,8.716846875000000000e+04,3.417872656250000000e+04,7.439473437500000000e+04,-9.121335355885918438e+07
4.373000000000000220e+00,1.103065058796869096e+02,-2.285690495653112553e+00,-9.540399533830787959e+01,-1.738057226562500000e+04,2.329748272895812988e-01,1.816043457031250000e+03,2.858288288116455078e-01,4.566673636436462402e-01,6.929672509431838989e-02,1.923101693391799927e-01,-1.103065058796869096e+02,2.285690495653112553e+00,9.540399533830787959e+01,0.000000000000000000e+00,0.000000000000000000e+00,0.000000000000000000e+00,2.858288288116455078e-01,4.566673636436462402e-01,6.929672509431838989e-02,1.923101693391799927e-01,9.056028125000000000e+04,8.727642968750000000e+04,3.399789843750000000e+04,7.426664843750000000e+04,-9.123462823080612719e+07
4.373999999999999666e+00,1.277444701865603065e+02,-3.855187346854818564e+00,-9.453118929087540323e+01,-1.738978320312500000e+04,6.162315011024475098e-01,1.802146606445312500e+03,2.820523381233215332e-01,4.671861827373504639e-01,7.247423380613327026e-02,1.947493404150009155e-01,-1.277444701865603065e+02,3.855187346854818564e+00,9.453118929087540323e+01,0.000000000000000000e+00,0.000000000000000000e+00,0.000000000000000000e+00,2.820523381233215332e-01,4.671861827373504639e-01,7.247423380613327026e-02,1.947493404150009155e-01,9.066993750000000000e+04,8.739145312500000000e+04,3.381346875000000000e+04,7.410842187500000000e+04,-9.125989788868759573e+07
4.375000000000000000e+00,1.451949397149800802e+02,-5.112655998629805687e+00,-9.321183572809621865e+01,-1.734586132812500000e+04,-5.737190246582031250e+00,1.826631469726562500e+03,2.770505547523498535e-01,4.744985997676849365e-01,7.507778704166412354e-02,1.996767222881317139e-01,-1.451949397149800802e+02,5.112655998629805687e+00,9.321183572809621865e+01,0.000000000000000000e+00,0.000000000000000000e+00,0.000000000000000000e+00,2.770505547523498535e-01,4.744985997676849365e-01,7.507778704166412354e-02,1.996767222881317139e-01,9.078747656250000000e+04,8.749992187500000000e+04,3.362704296875000000e+04,7.395972656250000000e+04,-9.128969404477758706e+07
4.376000000000000334e+00,1.626581603514747485e+02,-5.907500075869066336e+00,-9.162228740498838420e+01,-1.730920312500000000e+04,-1.855819511413574219e+01,1.777277587890625000e+03,2.662978768348693848e-01,4.788176417350769043e-01,7.689478993415832520e-02,2.062626928091049194e-01,-1.626581603514747485e+02,5.907500075869066336e+00,9.162228740498838420e+01,0.000000000000000000e+00,0.000000000000000000e+00,0.000000000000000000e+00,2.662978768348693848e-01,4.788176417350769043e-01,7.689478993415832520e-02,2.062626928091049194e-01,9.085232812500000000e+04,8.762127343750000000e+04,3.350469921875000000e+04,7.385821093750000000e+04,-9.132458126401297748e+07
4.376999999999999780e+00,-1.798248995318667767e+02,-6.196320226072170811e+00,-8.983817802269278729e+01,-1.732740820312500000e+04,-2.084916687011718750e+01,1.804270263671875000e+03,2.586458921432495117e-01,4.810677170753479004e-01,7.736962288618087769e-02,2.133115381002426147e-01,1.798248995318667767e+02,6.196320226072170811e+00,8.983817802269278729e+01,0.000000000000000000e+00,0.000000000000000000e+00,0.000000000000000000e+00,2.586458921432495117e-01,4.810677170753479004e-01,7.736962288618087769e-02,2.133115381002426147e-01,9.092980468750000000e+04,8.772893750000000000e+04,3.337354687500000000e+04,7.377273437500000000e+04,-9.136502755111940205e+07
4.378000000000000114e+00,-1.622564015367679247e+02,-5.937191051735721814e+00,-8.807266452584387650e+01,-1.738050195312500000e+04,-1.752932548522949219e+01,1.781375122070312500e+03,3.038273751735687256e-01,5.501071363687515259e-02,3.888340294361114502e-01,3.210264146327972412e-01,1.622564015367679247e+02,5.937191051735721814e+00,8.807266452584387650e+01,0.000000000000000000e+00,0.000000000000000000e+00,0.000000000000000000e+00,3.038273751735687256e-01,5.501071363687515259e-02,3.888340294361114502e-01,3.210264146327972412e-01,9.091977343750000000e+04,8.784597656250000000e+04,3.326755859375000000e+04,7.373020312500000000e+04,-9.139914673543332517e+07
4.378999999999999559e+00,-1.446967160673325452e+02,-5.138763441457023795e+00,-8.643815952004742087e+01,-1.740048242187500000e+04,-1.221023559570312500e+01,1.819171142578125000e+03,2.963639795780181885e-01,7.461173832416534424e-02,3.887676894664764404e-01,3.245701193809509277e-01,1.446967160673325452e+02,5.138763441457023795e+00,8.643815952004742087e+01,0.000000000000000000e+00,0.000000000000000000e+00,0.000000000000000000e+00,2.963639795780181885e-01,7.461173832416534424e-02,3.887676894664764404e-01,3.245701193809509277e-01,9.103947656250000000e+04,8.761384375000000000e+04,3.337444921875000000e+04,7.384838281250000000e+04,-9.142758183738490939e+07
4.379999999999999893e+00,-1.272295011150014403e+02,-3.913971149221563195e+00,-8.514327133742622777e+01,-1.736362304687500000e+04,-1.692499923706054688e+01,1.786172363281250000e+03,2.858126759529113770e-01,9.802658110857009888e-02,3.839597404003143311e-01,3.244729340076446533e-01,1.272295011150014403e+02,3.913971149221563195e+00,8.514327133742622777e+01,0.000000000000000000e+00,0.000000000000000000e+00,0.000000000000000000e+00,2.858126759529113770e-01,9.802658110857009888e-02,3.839597404003143311e-01,3.244729340076446533e-01,9.114608593750000000e+04,8.739485937500000000e+04,3.349192578125000000e+04,7.395503125000000000e+04,-9.145103387916307151e+07
4.381000000000000227e+00,-1.098597236498080463e+02,-2.343261045409962939e+00,-8.426166449223516963e+01,-1.732023632812500000e+04,-2.286429786682128906e+01,1.807286743164062500e+03,2.811404168605804443e-01,1.223449334502220154e-01,3.719242513179779053e-01,3.218187689781188965e-01,1.098597236498080463e+02,2.343261045409962939e+00,8.426166449223516963e+01,0.000000000000000000e+00,0.000000000000000000e+00,0.000000000000000000e+00,2.811404168605804443e-01,1.223449334502220154e-01,3.719242513179779053e-01,3.218187689781188965e-01,9.126286718750000000e+04,8.716532812500000000e+04,3.360157812500000000e+04,7.407135156250000000e+04,-9.147020855701881647e+07
4.381999999999999673e+00,-9.251875236322678120e+01,-5.928754366106122609e-01,-8.389228708179351202e+01,-1.733009570312500000e+04,-2.267362594604492188e+01,1.795601928710937500e+03,2.739937305450439453e-01,1.508177816867828369e-01,3.534349799156188965e-01,3.151736557483673096e-01,9.251875236322678120e+01,5.928754366106122609e-01,8.389228708179351202e+01,0.000000000000000000e+00,0.000000000000000000e+00,0.000000000000000000e+00,2.739937305450439453e-01,1.508177816867828369e-01,3.534349799156188965e-01,3.151736557483673096e-01,9.135165625000000000e+04,8.694262500000000000e+04,3.371607031250000000e+04,7.418277343750000000e+04,-9.148580654389075935e+07
4.383000000000000007e+00,-7.513428975220955408e+01,1.207702515375776109e+00,-8.407694192128114707e+01,-1.738202734375000000e+04,-1.008341121673583984e+01,1.816953247070312500e+03,2.682714164257049561e-01,1.826522052288055420e-01,3.270999193191528320e-01,3.044427037239074707e-01,7.513428975220955408e+01,-1.207702515375776109e+00,8.407694192128114707e+01,0.000000000000000000e+00,0.000000000000000000e+00,0.000000000000000000e+00,2.682714164257049561e-01,1.826522052288055420e-01,3.270999193191528320e-01,3.044427037239074707e-01,9.144469531250000000e+04,8.671334375000000000e+04,3.382508593750000000e+04,7.429835937500000000e+04,-9.149852209609553218e+07
4.384000000000000341e+00,-5.769712921351906232e+01,2.852503649283884446e+00,-8.480053125010586257e+01,-1.741010156250000000e+04,4.698457241058349609e+00,1.803661499023437500e+03,2.602614760398864746e-01,2.188463807106018066e-01,2.938633859157562256e-01,2.892307043075561523e-01,5.769712921351906232e+01,-2.852503649283884446e+00,8.480053125010586257e+01,0.000000000000000000e+00,0.000000000000000000e+00,0.000000000000000000e+00,2.602614760398864746e-01,2.188463807106018066e-01,2.938633859157562256e-01,2.892307043075561523e-01,9.143830468750000000e+04,8.649075000000000000e+04,3.394016406250000000e+04,7.440821093750000000e+04,-9.150905032169237733e+07
4.384999999999999787e+00,-4.024549416967551707e+01,4.204371032062561575e+00,-8.599376180874375564e+01,-1.737675976562500000e+04,1.112882328033447266e+01,1.808528442382812500e+03,2.562226951122283936e-01,2.556817531585693359e-01,2.541381716728210449e-01,2.713783979415893555e-01,4.024549416967551707e+01,-4.204371032062561575e+00,8.599376180874375564e+01,0.000000000000000000e+00,0.000000000000000000e+00,0.000000000000000000e+00,2.562226951122283936e-01,2.556817531585693359e-01,2.541381716728210449e-01,2.713783979415893555e-01,9.137856250000000000e+04,8.626496093750000000e+04,3.405112500000000000e+04,7.452158593750000000e+04,-9.151808262529912591e+07
4.386000000000000121e+00,-2.278878336525337645e+01,5.141053849736867853e+00,-8.754789526812876943e+01,-1.732865234375000000e+04,1.132067966461181641e+01,1.817022827148437500e+03,2.543440759181976318e-01,2.908065915107727051e-01,2.124558687210083008e-01,2.535578310489654541e-01,2.278878336525337645e+01,-5.141053849736867853e+00,8.754789526812876943e+01,0.000000000000000000e+00,0.000000000000000000e+00,0.000000000000000000e+00,2.543440759181976318e-01,2.908065915107727051e-01,2.124558687210083008e-01,2.535578310489654541e-01,9.132046875000000000e+04,8.603840625000000000e+04,3.416278125000000000e+04,7.463646875000000000e+04,-9.152629301834696531e+07
4.386999999999999567e+00,-5.295297388071060318e+00,5.564016001191862237e+00,-8.931266142065807401e+01,-1.732741406250000000e+04,1.609715270996093750e+01,1.814096435546875000e+03,2.543836236000061035e-01,3.224568963050842285e-01,1.726121902465820312e-01,2.375190258026123047e-01,5.295297388071060318e+00,-5.564016001191862237e+00,8.931266142065807401e+01,0.000000000000000000e+00,0.000000000000000000e+00,0.000000000000000000e+00,2.543836236000061035e-01,3.224568963050842285e-01,1.726121902465820312e-01,2.375190258026123047e-01,9.123301562500000000e+04,8.607336718750000000e+04,3.427502343750000000e+04,7.474816406250000000e+04,-9.153432876828549802e+07
4.387999999999999901e+00,1.225494080066250291e+01,5.425252481874053956e+00,-9.110675608382940993e+01,-1.737702148437500000e+04,3.021597099304199219e+01,1.797862670898437500e+03,2.554536163806915283e-01,3.506604135036468506e-01,1.375350505113601685e-01,2.236871868371963501e-01,-1.225494080066250291e+01,-5.425252481874053956e+00,9.110675608382940993e+01,0.000000000000000000e+00,0.000000000000000000e+00,0.000000000000000000e+00,2.554536163806915283e-01,3.506604135036468506e-01,1.375350505113601685e-01,2.236871868371963501e-01,9.113200000000000000e+04,8.618793750000000000e+04,3.439094921875000000e+04,7.485747656250000000e+04,-9.154280882622814178e+07
4.389000000000000234e+00,2.981273841422015281e+01,4.740449030114126217e+00,-9.276403511620456754e+01,-1.740954687500000000e+04,4.681574630737304688e+01,1.793443969726562500e+03,2.575198411941528320e-01,3.759895861148834229e-01,1.091988831758499146e-01,2.120503038167953491e-01,-2.981273841422015281e+01,-4.740449030114126217e+00,9.276403511620456754e+01,0.000000000000000000e+00,0.000000000000000000e+00,0.000000000000000000e+00,2.575198411941528320e-01,3.759895861148834229e-01,1.091988831758499146e-01,2.120503038167953491e-01,9.103532031250000000e+04,8.630180468750000000e+04,3.450412109375000000e+04,7.496922656250000000e+04,-9.155232526366794109e+07
4.389999999999999680e+00,4.729854995053887023e+01,3.582642299353579141e+00,-9.413601378417051535e+01,-1.738482226562500000e+04,5.269039154052734375e+01,1.798569580078125000e+03,2.608925104141235352e-01,3.986966013908386230e-01,8.884210139513015747e-02,2.027234882116317749e-01,-4.729854995053887023e+01,-3.582642299353579141e+00,9.413601378417051535e+01,0.000000000000000000e+00,0.000000000000000000e+00,0.000000000000000000e+00,2.608925104141235352e-01,3.986966013908386230e-01,8.884210139513015747e-02,2.027234882116317749e-01,9.096542187500000000e+04,8.641260156250000000e+04,3.461593359375000000e+04,7.494684375000000000e+04,-9.156343684091238678e+07
4.391000000000000014e+00,6.468150271509492200e+01,2.060048326255459639e+00,-9.510283032196731767e+01,-1.733393164062500000e+04,5.133122253417968750e+01,1.809142333984375000e+03,2.670148015022277832e-01,4.186745285987854004e-01,7.618852704763412476e-02,1.959418058395385742e-01,-6.468150271509492200e+01,-2.060048326255459639e+00,9.510283032196731767e+01,0.000000000000000000e+00,0.000000000000000000e+00,0.000000000000000000e+00,2.670148015022277832e-01,4.186745285987854004e-01,7.618852704763412476e-02,1.959418058395385742e-01,9.089750781250000000e+04,8.652376562500000000e+04,3.472703906250000000e+04,7.492466406250000000e+04,-9.157666932984022796e+07
4.392000000000000348e+00,8.201671840489731835e+01,3.466517373112171230e-01,-9.556546308844045257e+01,-1.732411523437500000e+04,4.798225021362304688e+01,1.780855102539062500e+03,2.747353315353393555e-01,4.364199638366699219e-01,7.022426277399063110e-02,1.911973655223846436e-01,-8.201671840489731835e+01,-3.466517373112171230e-01,9.556546308844045257e+01,0.000000000000000000e+00,0.000000000000000000e+00,0.000000000000000000e+00,2.747353315353393555e-01,4.364199638366699219e-01,7.022426277399063110e-02,1.911973655223846436e-01,9.089310156250000000e+04,8.664071093750000000e+04,3.458427734375000000e+04,7.477548437500000000e+04,-9.159252894984087348e+07
4.392999999999999794e+00,9.938626003526900377e+01,-1.429190798641430726e+00,-9.548676798644297037e+01,-1.736741015625000000e+04,5.716528701782226562e+01,1.783491943359375000e+03,2.835597991943359375e-01,4.519352614879608154e-01,6.880632042884826660e-02,1.885974705219268799e-01,-9.938626003526900377e+01,1.429190798641430726e+00,9.548676798644297037e+01,0.000000000000000000e+00,0.000000000000000000e+00,0.000000000000000000e+00,2.835597991943359375e-01,4.519352614879608154e-01,6.880632042884826660e-02,1.885974705219268799e-01,9.094775000000000000e+04,8.675300781250000000e+04,3.439135546875000000e+04,7.459953906250000000e+04,-9.161152634397150576e+07
4.394000000000000128e+00,1.168182411286348383e+02,-3.096628159036984407e+00,-9.487081125917411839e+01,-1.740625781250000000e+04,6.720353698730468750e+01,1.782986572265625000e+03,2.849088013172149658e-01,4.647675454616546631e-01,7.062377780675888062e-02,1.885571777820587158e-01,-1.168182411286348383e+02,3.096628159036984407e+00,9.487081125917411839e+01,0.000000000000000000e+00,0.000000000000000000e+00,0.000000000000000000e+00,2.849088013172149658e-01,4.647675454616546631e-01,7.062377780675888062e-02,1.885571777820587158e-01,9.106055468750000000e+04,8.686602343750000000e+04,3.419039843750000000e+04,7.440847656250000000e+04,-9.163418290536682308e+07
4.394999999999999574e+00,1.342865645800564778e+02,-4.523437787620365746e+00,-9.375945782133236150e+01,-1.739302929687500000e+04,7.289378356933593750e+01,1.812527099609375000e+03,2.812600135803222656e-01,4.742044210433959961e-01,7.314152270555496216e-02,1.915235370397567749e-01,-1.342865645800564778e+02,4.523437787620365746e+00,9.375945782133236150e+01,0.000000000000000000e+00,0.000000000000000000e+00,0.000000000000000000e+00,2.812600135803222656e-01,4.742044210433959961e-01,7.314152270555496216e-02,1.915235370397567749e-01,9.117735937500000000e+04,8.697342968750000000e+04,3.400571875000000000e+04,7.422551562500000000e+04,-9.166102708421391249e+07
4.395999999999999908e+00,1.517586194838806080e+02,-5.545490260406296557e+00,-9.228562970475056204e+01,-1.734129882812500000e+04,6.691094207763671875e+01,1.794449951171875000e+03,2.716374993324279785e-01,4.803457856178283691e-01,7.520864158868789673e-02,1.967752128839492798e-01,-1.517586194838806080e+02,5.545490260406296557e+00,9.228562970475056204e+01,0.000000000000000000e+00,0.000000000000000000e+00,0.000000000000000000e+00,2.716374993324279785e-01,4.803457856178283691e-01,7.520864158868789673e-02,1.967752128839492798e-01,9.126885156250000000e+04,8.708967187500000000e+04,3.385364843750000000e+04,7.406103125000000000e+04,-9.169260515271379054e+07
4.397000000000000242e+00,1.692578278505664287e+02,-6.081030234749011498e+00,-9.057680405008098035e+01,-1.732471875000000000e+04,6.268404769897460938e+01,1.788096069335937500e+03,2.631151676177978516e-01,4.838030934333801270e-01,7.588128745555877686e-02,2.033467739820480347e-01,-1.692578278505664287e+02,6.081030234749011498e+00,9.057680405008098035e+01,0.000000000000000000e+00,0.000000000000000000e+00,0.000000000000000000e+00,2.631151676177978516e-01,4.838030934333801270e-01,7.588128745555877686e-02,2.033467739820480347e-01,9.129121093750000000e+04,8.720257812500000000e+04,3.372055078125000000e+04,7.394248437500000000e+04,-9.172949450136312842e+07
4.397999999999999687e+00,-1.731911332398830154e+02,-6.075254320150534681e+00,-8.878597223834847796e+01,-1.736000585937500000e+04,6.714154052734375000e+01,1.786348754882812500e+03,2.519163787364959717e-01,4.857231676578521729e-01,7.542059570550918579e-02,2.092729806900024414e-01,1.731911332398830154e+02,6.075254320150534681e+00,8.878597223834847796e+01,0.000000000000000000e+00,0.000000000000000000e+00,0.000000000000000000e+00,2.519163787364959717e-01,4.857231676578521729e-01,7.542059570550918579e-02,2.092729806900024414e-01,9.125477343750000000e+04,8.731601562500000000e+04,3.359563671875000000e+04,7.387795312500000000e+04,-9.176740952757740021e+07
4.399000000000000021e+00,-1.556065829641873393e+02,-5.519763910219804615e+00,-8.707081771481989563e+01,-1.740985937500000000e+04,7.636466217041015625e+01,1.799813476562500000e+03,2.992483973503112793e-01,6.816122680902481079e-02,3.878936767578125000e-01,3.175998628139495850e-01,1.556065829641873393e+02,5.519763910219804615e+00,8.707081771481989563e+01,0.000000000000000000e+00,0.000000000000000000e+00,0.000000000000000000e+00,2.992483973503112793e-01,6.816122680902481079e-02,3.878936767578125000e-01,3.175998628139495850e-01,9.114020312500000000e+04,8.742539843750000000e+04,3.346630078125000000e+04,7.386129687500000000e+04,-9.179923473133035004e+07
4.400000000000000355e+00,-1.380725280341758605e+02,-4.462854797011411634e+00,-8.559403396122360164e+01,-1.740410937500000000e+04,8.031562042236328125e+01,1.816665161132812500e+03,2.894049882888793945e-01,9.028988331556320190e-02,3.858335316181182861e-01,3.187513053417205811e-01,1.380725280341758605e+02,4.462854797011411634e+00,8.559403396122360164e+01,0.000000000000000000e+00,0.000000000000000000e+00,0.000000000000000000e+00,2.894049882888793945e-01,9.028988331556320190e-02,3.858335316181182861e-01,3.187513053417205811e-01,9.125642968750000000e+04,8.719795312500000000e+04,3.357651953125000000e+04,7.397597656250000000e+04,-9.182564501005078852e+07
4.400999999999999801e+00,-1.206427164372874188e+02,-3.028132550332203632e+00,-8.451022180309257692e+01,-1.735758203125000000e+04,7.385674285888671875e+01,1.802042480468750000e+03,2.806612253189086914e-01,1.148718297481536865e-01,3.777690529823303223e-01,3.167272806167602539e-01,1.206427164372874188e+02,3.028132550332203632e+00,8.451022180309257692e+01,0.000000000000000000e+00,0.000000000000000000e+00,0.000000000000000000e+00,2.806612253189086914e-01,1.148718297481536865e-01,3.777690529823303223e-01,3.167272806167602539e-01,9.136596093750000000e+04,8.697462500000000000e+04,3.369061718750000000e+04,7.408572656250000000e+04,-9.184735082225610316e+07
4.402000000000000135e+00,-1.032905876331055026e+02,-1.317647911843711217e+00,-8.389481360218421457e+01,-1.732734375000000000e+04,6.974993896484375000e+01,1.823281127929687500e+03,2.753736078739166260e-01,1.410851180553436279e-01,3.625432550907135010e-01,3.117896318435668945e-01,1.032905876331055026e+02,1.317647911843711217e+00,8.389481360218421457e+01,0.000000000000000000e+00,0.000000000000000000e+00,0.000000000000000000e+00,2.753736078739166260e-01,1.410851180553436279e-01,3.625432550907135010e-01,3.117896318435668945e-01,9.145573437500000000e+04,8.674630468750000000e+04,3.380029296875000000e+04,7.420227343750000000e+04,-9.186505984369505942e+07
4.402999999999999581e+00,-8.593058698533826600e+01,4.886892653478419057e-01,-8.382211353065144976e+01,-1.735803320312500000e+04,7.301473999023437500e+01,1.813263305664062500e+03,2.682324051856994629e-01,1.714868545532226562e-01,3.404335081577301025e-01,3.026968240737915039e-01,8.593058698533826600e+01,-4.886892653478419057e-01,8.382211353065144976e+01,0.000000000000000000e+00,0.000000000000000000e+00,0.000000000000000000e+00,2.682324051856994629e-01,1.714868545532226562e-01,3.404335081577301025e-01,3.026968240737915039e-01,9.149963281250000000e+04,8.652289062500000000e+04,3.391413281250000000e+04,7.431379687500000000e+04,-9.187947029500864446e+07
4.403999999999999915e+00,-6.851028428813604876e+01,2.269263101222680490e+00,-8.431531446210928493e+01,-1.740692578125000000e+04,8.733643341064453125e+01,1.852643188476562500e+03,2.622936367988586426e-01,2.050792276859283447e-01,3.105073273181915283e-01,2.895271480083465576e-01,6.851028428813604876e+01,-2.269263101222680490e+00,8.431531446210928493e+01,0.000000000000000000e+00,0.000000000000000000e+00,0.000000000000000000e+00,2.622936367988586426e-01,2.050792276859283447e-01,3.105073273181915283e-01,2.895271480083465576e-01,9.150159375000000000e+04,8.629127343750000000e+04,3.402058984375000000e+04,7.443227343750000000e+04,-9.189127817586974800e+07
4.405000000000000249e+00,-5.104636955415171684e+01,3.788558135834691143e+00,-8.531164287681032476e+01,-1.740980664062500000e+04,9.538954925537109375e+01,1.820579467773437500e+03,2.538195252418518066e-01,2.422726154327392578e-01,2.745472490787506104e-01,2.724145948886871338e-01,5.104636955415171684e+01,-3.788558135834691143e+00,8.531164287681032476e+01,0.000000000000000000e+00,0.000000000000000000e+00,0.000000000000000000e+00,2.538195252418518066e-01,2.422726154327392578e-01,2.745472490787506104e-01,2.724145948886871338e-01,9.144813281250000000e+04,8.607213281250000000e+04,3.413864453125000000e+04,7.453905468750000000e+04,-9.190117633729749918e+07
4.405999999999999694e+00,-3.357371246134920284e+01,4.963231001173266321e+00,-8.674728940279501899e+01,-1.736159765625000000e+04,9.531954956054687500e+01,1.856376586914062500e+03,2.524543404579162598e-01,2.778628468513488770e-01,2.329617142677307129e-01,2.541691958904266357e-01,3.357371246134920284e+01,-4.963231001173266321e+00,8.674728940279501899e+01,0.000000000000000000e+00,0.000000000000000000e+00,0.000000000000000000e+00,2.524543404579162598e-01,2.778628468513488770e-01,2.329617142677307129e-01,2.541691958904266357e-01,9.134767968750000000e+04,8.600191406250000000e+04,3.424484765625000000e+04,7.465781250000000000e+04,-9.190985325734664500e+07
4.407000000000000028e+00,-1.609098739982413306e+01,5.649063752960066687e+00,-8.844855040886825748e+01,-1.732391601562500000e+04,8.937627410888671875e+01,1.832333007812500000e+03,2.500211596488952637e-01,3.112170398235321045e-01,1.925541758537292480e-01,2.371786385774612427e-01,1.609098739982413306e+01,-5.649063752960066687e+00,8.844855040886825748e+01,0.000000000000000000e+00,0.000000000000000000e+00,0.000000000000000000e+00,2.500211596488952637e-01,3.112170398235321045e-01,1.925541758537292480e-01,2.371786385774612427e-01,9.122882031250000000e+04,8.611908593750000000e+04,3.436180078125000000e+04,7.476715625000000000e+04,-9.191796723521286249e+07
4.408000000000000362e+00,1.442400731400514502e+00,5.794142643367583112e+00,-9.030268875966504538e+01,-1.734701757812500000e+04,9.166495513916015625e+01,1.855419067382812500e+03,2.527449727058410645e-01,3.404224216938018799e-01,1.541219353675842285e-01,2.225015163421630859e-01,-1.442400731400514502e+00,-5.794142643367583112e+00,9.030268875966504538e+01,0.000000000000000000e+00,0.000000000000000000e+00,0.000000000000000000e+00,2.527449727058410645e-01,3.404224216938018799e-01,1.541219353675842285e-01,2.225015163421630859e-01,9.110382812500000000e+04,8.622687500000000000e+04,3.446958984375000000e+04,7.488297656250000000e+04,-9.192615746341893077e+07
4.408999999999999808e+00,1.901441544967625319e+01,5.373459354411947331e+00,-9.207991636130006441e+01,-1.739761328125000000e+04,1.002586059570312500e+02,1.822380859375000000e+03,2.523073554039001465e-01,3.665023446083068848e-01,1.230687052011489868e-01,2.105809152126312256e-01,-1.901441544967625319e+01,-5.373459354411947331e+00,9.207991636130006441e+01,0.000000000000000000e+00,0.000000000000000000e+00,0.000000000000000000e+00,2.523073554039001465e-01,3.665023446083068848e-01,1.230687052011489868e-01,2.105809152126312256e-01,9.099136718750000000e+04,8.634532031250000000e+04,3.458828515625000000e+04,7.493239843750000000e+04,-9.193502659647636116e+07
4.410000000000000142e+00,3.655900007023394238e+01,4.427626096904473840e+00,-9.365414408837855831e+01,-1.740860937500000000e+04,1.059222564697265625e+02,1.835584350585937500e+03,2.562783956527709961e-01,3.899669945240020752e-01,9.797808527946472168e-02,2.006362080574035645e-01,-3.655900007023394238e+01,-4.427626096904473840e+00,9.365414408837855831e+01,0.000000000000000000e+00,0.000000000000000000e+00,0.000000000000000000e+00,2.562783956527709961e-01,3.899669945240020752e-01,9.797808527946472168e-02,2.006362080574035645e-01,9.088654687500000000e+04,8.645525000000000000e+04,3.469823437500000000e+04,7.490053906250000000e+04,-9.194515385954028368e+07
4.410999999999999588e+00,5.400530851883559080e+01,3.054984902666098900e+00,-9.487732570522535980e+01,-1.736500195312500000e+04,9.881621551513671875e+01,1.841209960937500000e+03,2.599056065082550049e-01,4.107138812541961670e-01,8.160863816738128662e-02,1.934372335672378540e-01,-5.400530851883559080e+01,-3.054984902666098900e+00,9.487732570522535980e+01,0.000000000000000000e+00,0.000000000000000000e+00,0.000000000000000000e+00,2.599056065082550049e-01,4.107138812541961670e-01,8.160863816738128662e-02,1.934372335672378540e-01,9.081107031250000000e+04,8.656707031250000000e+04,3.473148046875000000e+04,7.479435156250000000e+04,-9.195708147275422513e+07
4.411999999999999922e+00,7.135794863739808136e+01,1.384899453584025109e+00,-9.564415274524172617e+01,-1.732144531250000000e+04,8.596125793457031250e+01,1.842479736328125000e+03,2.672928571701049805e-01,4.289841651916503906e-01,7.218270748853683472e-02,1.885804086923599243e-01,-7.135794863739808136e+01,-1.384899453584025109e+00,9.564415274524172617e+01,0.000000000000000000e+00,0.000000000000000000e+00,0.000000000000000000e+00,2.672928571701049805e-01,4.289841651916503906e-01,7.218270748853683472e-02,1.885804086923599243e-01,9.076276562500000000e+04,8.667975000000000000e+04,3.462970703125000000e+04,7.463422656250000000e+04,-9.197132315148881078e+07
4.413000000000000256e+00,8.869768652316834334e+01,-4.217914571165112259e-01,-9.588363320742804774e+01,-1.733626757812500000e+04,7.729342651367187500e+01,1.827828369140625000e+03,2.756745219230651855e-01,4.451040923595428467e-01,6.871820241212844849e-02,1.857995688915252686e-01,-8.869768652316834334e+01,4.217914571165112259e-01,9.588363320742804774e+01,0.000000000000000000e+00,0.000000000000000000e+00,0.000000000000000000e+00,2.756745219230651855e-01,4.451040923595428467e-01,6.871820241212844849e-02,1.857995688915252686e-01,9.076542968750000000e+04,8.679454687500000000e+04,3.445385546875000000e+04,7.443848437500000000e+04,-9.198838428010846674e+07
4.413999999999999702e+00,1.060909959755699106e+02,-2.208319343165707771e+00,-9.557268738669124275e+01,-1.738471875000000000e+04,7.867445373535156250e+01,1.818646606445312500e+03,2.817903459072113037e-01,4.589162766933441162e-01,6.928944587707519531e-02,1.853481531143188477e-01,-1.060909959755699106e+02,2.208319343165707771e+00,9.557268738669124275e+01,0.000000000000000000e+00,0.000000000000000000e+00,0.000000000000000000e+00,2.817903459072113037e-01,4.589162766933441162e-01,6.928944587707519531e-02,1.853481531143188477e-01,9.082811718750000000e+04,8.690929687500000000e+04,3.425328125000000000e+04,7.422765625000000000e+04,-9.200877859478418529e+07
4.415000000000000036e+00,1.235452677194213322e+02,-3.840272299104667386e+00,-9.473111469743513169e+01,-1.740838476562500000e+04,7.812535858154296875e+01,1.841038452148437500e+03,2.819580733776092529e-01,4.699155390262603760e-01,7.177696377038955688e-02,1.874425709247589111e-01,-1.235452677194213322e+02,3.840272299104667386e+00,9.473111469743513169e+01,0.000000000000000000e+00,0.000000000000000000e+00,0.000000000000000000e+00,2.819580733776092529e-01,4.699155390262603760e-01,7.177696377038955688e-02,1.874425709247589111e-01,9.093767187500000000e+04,8.701739843750000000e+04,3.405561328125000000e+04,7.402444531250000000e+04,-9.203303075974319875e+07
4.416000000000000369e+00,1.410209222798490885e+02,-5.156394680289234422e+00,-9.343641462432427147e+01,-1.737259960937500000e+04,6.975307464599609375e+01,1.849146118164062500e+03,2.749204933643341064e-01,4.773510396480560303e-01,7.468320429325103760e-02,1.925734579563140869e-01,-1.410209222798490885e+02,5.156394680289234422e+00,9.343641462432427147e+01,0.000000000000000000e+00,0.000000000000000000e+00,0.000000000000000000e+00,2.749204933643341064e-01,4.773510396480560303e-01,7.468320429325103760e-02,1.925734579563140869e-01,9.104196093750000000e+04,8.712918750000000000e+04,3.386655078125000000e+04,7.382237500000000000e+04,-9.206167461224780977e+07
4.416999999999999815e+00,1.585096747152693410e+02,-6.033578243400313568e+00,-9.181823158642060889e+01,-1.732949218750000000e+04,5.334471893310546875e+01,1.840093627929687500e+03,2.658712267875671387e-01,4.818561673164367676e-01,7.644134014844894409e-02,1.994367837905883789e-01,-1.585096747152693410e+02,6.033578243400313568e+00,9.181823158642060889e+01,0.000000000000000000e+00,0.000000000000000000e+00,0.000000000000000000e+00,2.658712267875671387e-01,4.818561673164367676e-01,7.644134014844894409e-02,1.994367837905883789e-01,9.114254687500000000e+04,8.724233593750000000e+04,3.370456640625000000e+04,7.363795312500000000e+04,-9.209526692094422877e+07
4.418000000000000149e+00,1.760394303977280401e+02,-6.391491356182564587e+00,-9.002415215739056009e+01,-1.733413476562500000e+04,4.395286178588867188e+01,1.825524658203125000e+03,2.558174133300781250e-01,4.840523600578308105e-01,7.701022922992706299e-02,2.069821953773498535e-01,-1.760394303977280401e+02,6.391491356182564587e+00,9.002415215739056009e+01,0.000000000000000000e+00,0.000000000000000000e+00,0.000000000000000000e+00,2.558174133300781250e-01,4.840523600578308105e-01,7.701022922992706299e-02,2.069821953773498535e-01,9.112578906250000000e+04,8.735773437500000000e+04,3.358698828125000000e+04,7.354811718750000000e+04,-9.213440200113239884e+07
4.418999999999999595e+00,-1.663758262919118067e+02,-6.196078203507074278e+00,-8.820541455248489626e+01,-1.738388671875000000e+04,4.259498596191406250e+01,1.824804443359375000e+03,2.447307556867599487e-01,4.852824807167053223e-01,7.622642070055007935e-02,2.130244672298431396e-01,1.663758262919118067e+02,6.196078203507074278e+00,8.820541455248489626e+01,0.000000000000000000e+00,0.000000000000000000e+00,0.000000000000000000e+00,2.447307556867599487e-01,4.852824807167053223e-01,7.622642070055007935e-02,2.130244672298431396e-01,9.104078125000000000e+04,8.746978125000000000e+04,3.347430078125000000e+04,7.352032031250000000e+04,-9.216990150324819982e+07
4.419999999999999929e+00,-1.487862178316725306e+02,-5.453976678877390682e+00,-8.651297877563722238e+01,-1.741633203125000000e+04,4.400625991821289062e+01,1.846552734375000000e+03,2.940009534358978271e-01,7.443538308143615723e-02,3.895410895347595215e-01,3.209587335586547852e-01,1.487862178316725306e+02,5.453976678877390682e+00,8.651297877563722238e+01,0.000000000000000000e+00,0.000000000000000000e+00,0.000000000000000000e+00,2.940009534358978271e-01,7.443538308143615723e-02,3.895410895347595215e-01,3.209587335586547852e-01,9.096064062500000000e+04,8.757900781250000000e+04,3.336009375000000000e+04,7.349632812500000000e+04,-9.219955308322310448e+07
4.421000000000000263e+00,-1.312781824422820023e+02,-4.252480158054558146e+00,-8.512879687404434037e+01,-1.738944140625000000e+04,3.495235824584960938e+01,1.835855834960937500e+03,2.840634584426879883e-01,9.697418659925460815e-02,3.858056962490081787e-01,3.216532170772552490e-01,1.312781824422820023e+02,4.252480158054558146e+00,8.512879687404434037e+01,0.000000000000000000e+00,0.000000000000000000e+00,0.000000000000000000e+00,2.840634584426879883e-01,9.697418659925460815e-02,3.858056962490081787e-01,3.216532170772552490e-01,9.079817187500000000e+04,8.769325000000000000e+04,3.324810937500000000e+04,7.351167968750000000e+04,-9.222405204005317390e+07
4.421999999999999709e+00,-1.138744617766568723e+02,-2.697841684872589685e+00,-8.415610562459409039e+01,-1.734327539062500000e+04,1.892944335937500000e+01,1.839806274414062500e+03,2.777314186096191406e-01,1.209244877099990845e-01,3.754312396049499512e-01,3.196717500686645508e-01,1.138744617766568723e+02,2.697841684872589685e+00,8.415610562459409039e+01,0.000000000000000000e+00,0.000000000000000000e+00,0.000000000000000000e+00,2.777314186096191406e-01,1.209244877099990845e-01,3.754312396049499512e-01,3.196717500686645508e-01,9.091070312500000000e+04,8.746764062500000000e+04,3.335914453125000000e+04,7.362452343750000000e+04,-9.224410896156175435e+07
4.423000000000000043e+00,-9.652183484896563925e+01,-9.438443495438747499e-01,-8.368617920916693720e+01,-1.733624023437500000e+04,6.567573547363281250e+00,1.822726318359375000e+03,2.716757059097290039e-01,1.476911604404449463e-01,3.582903742790222168e-01,3.143635690212249756e-01,9.652183484896563925e+01,9.438443495438747499e-01,8.368617920916693720e+01,0.000000000000000000e+00,0.000000000000000000e+00,0.000000000000000000e+00,2.716757059097290039e-01,1.476911604404449463e-01,3.582903742790222168e-01,3.143635690212249756e-01,9.098389843750000000e+04,8.724581250000000000e+04,3.347507812500000000e+04,7.373459375000000000e+04,-9.226042969359715283e+07
4.424000000000000377e+00,-7.913629810846062185e+01,8.966263795669984216e-01,-8.376275213066703884e+01,-1.738407617187500000e+04,6.825169086456298828e+00,1.849138183593750000e+03,2.667185962200164795e-01,1.777138710021972656e-01,3.335619568824768066e-01,3.051692247390747070e-01,7.913629810846062185e+01,-8.966263795669984216e-01,8.376275213066703884e+01,0.000000000000000000e+00,0.000000000000000000e+00,0.000000000000000000e+00,2.667185962200164795e-01,1.777138710021972656e-01,3.335619568824768066e-01,3.051692247390747070e-01,9.101871875000000000e+04,8.701610937500000000e+04,3.358242578125000000e+04,7.385230468750000000e+04,-9.227370924985882640e+07
4.424999999999999822e+00,-6.169536361505050337e+01,2.626083402676903766e+00,-8.438979349680988662e+01,-1.742016406250000000e+04,1.085746669769287109e+01,1.846584228515625000e+03,2.585145831108093262e-01,2.124628424644470215e-01,3.020558953285217285e-01,2.914488911628723145e-01,6.169536361505050337e+01,-2.626083402676903766e+00,8.438979349680988662e+01,0.000000000000000000e+00,0.000000000000000000e+00,0.000000000000000000e+00,2.585145831108093262e-01,2.124628424644470215e-01,3.020558953285217285e-01,2.914488911628723145e-01,9.101416406250000000e+04,8.679212500000000000e+04,3.369608203125000000e+04,7.396386718750000000e+04,-9.228464410131089389e+07
4.426000000000000156e+00,-4.422528830959208790e+01,4.093294702176295985e+00,-8.551097870875787521e+01,-1.740286132812500000e+04,9.702771186828613281e+00,1.852453735351562500e+03,2.535375952720642090e-01,2.484048306941986084e-01,2.637442052364349365e-01,2.747617065906524658e-01,4.422528830959208790e+01,-4.093294702176295985e+00,8.551097870875787521e+01,0.000000000000000000e+00,0.000000000000000000e+00,0.000000000000000000e+00,2.535375952720642090e-01,2.484048306941986084e-01,2.637442052364349365e-01,2.747617065906524658e-01,9.100975781250000000e+04,8.656533593750000000e+04,3.380742968750000000e+04,7.407691406250000000e+04,-9.229392885997821391e+07
4.426999999999999602e+00,-2.675348388910187580e+01,5.159143420676483238e+00,-8.701104550881110811e+01,-1.734932031250000000e+04,2.539005279541015625e-01,1.843210083007812500e+03,2.510175108909606934e-01,2.832294106483459473e-01,2.223739027976989746e-01,2.574597597122192383e-01,2.675348388910187580e+01,-5.159143420676483238e+00,8.701104550881110811e+01,0.000000000000000000e+00,0.000000000000000000e+00,0.000000000000000000e+00,2.510175108909606934e-01,2.832294106483459473e-01,2.223739027976989746e-01,2.574597597122192383e-01,9.094597656250000000e+04,8.634236718750000000e+04,3.392185156250000000e+04,7.418793750000000000e+04,-9.230224214767979085e+07
4.427999999999999936e+00,-9.250677086120871806e+00,5.731019391500559834e+00,-8.875981220453391529e+01,-1.733537304687500000e+04,-5.838511943817138672e+00,1.839387939453125000e+03,2.521281540393829346e-01,3.146970868110656738e-01,1.814094483852386475e-01,2.416431605815887451e-01,9.250677086120871806e+00,-5.731019391500559834e+00,8.875981220453391529e+01,0.000000000000000000e+00,0.000000000000000000e+00,0.000000000000000000e+00,2.521281540393829346e-01,3.146970868110656738e-01,1.814094483852386475e-01,2.416431605815887451e-01,9.084749218750000000e+04,8.631643750000000000e+04,3.403526953125000000e+04,7.430076562500000000e+04,-9.231023887155219913e+07
4.429000000000000270e+00,8.311357653521145750e+00,5.748364258050851383e+00,-9.061192944299098428e+01,-1.737529296875000000e+04,-2.245835542678833008e+00,1.849995361328125000e+03,2.534096837043762207e-01,3.428720533847808838e-01,1.449675559997558594e-01,2.280467301607131958e-01,-8.311357653521145750e+00,-5.748364258050851383e+00,9.061192944299098428e+01,0.000000000000000000e+00,0.000000000000000000e+00,0.000000000000000000e+00,2.534096837043762207e-01,3.428720533847808838e-01,1.449675559997558594e-01,2.280467301607131958e-01,9.074510156250000000e+04,8.642759375000000000e+04,3.414551171875000000e+04,7.441478125000000000e+04,-9.231855151566727459e+07
4.429999999999999716e+00,2.589783923107568597e+01,5.210446809160667492e+00,-9.234854708450461658e+01,-1.741919335937500000e+04,5.671375751495361328e+00,1.817416503906250000e+03,2.537343502044677734e-01,3.680762350559234619e-01,1.155296042561531067e-01,2.168392539024353027e-01,-2.589783923107568597e+01,-5.210446809160667492e+00,9.234854708450461658e+01,0.000000000000000000e+00,0.000000000000000000e+00,0.000000000000000000e+00,2.537343502044677734e-01,3.680762350559234619e-01,1.155296042561531067e-01,2.168392539024353027e-01,9.063646875000000000e+04,8.654527343750000000e+04,3.426392968750000000e+04,7.452133593750000000e+04,-9.232777761664868891e+07
4.431000000000000050e+00,4.342857900008031891e+01,4.164204845747627282e+00,-9.385419487681426176e+01,-1.740621289062500000e+04,7.031778335571289062e+00,1.836360717773437500e+03,2.583293616771697998e-01,3.908032178878784180e-01,9.260873496532440186e-02,2.075628191232681274e-01,-4.342857900008031891e+01,-4.164204845747627282e+00,9.385419487681426176e+01,0.000000000000000000e+00,0.000000000000000000e+00,0.000000000000000000e+00,2.583293616771697998e-01,3.908032178878784180e-01,9.260873496532440186e-02,2.075628191232681274e-01,9.054967968750000000e+04,8.665483593750000000e+04,3.437241015625000000e+04,7.462907812500000000e+04,-9.233848960862062871e+07
4.432000000000000384e+00,6.084974133881545555e+01,2.744869936240404318e+00,-9.496326547778781446e+01,-1.735290234375000000e+04,-2.973815917968750000e+00,1.806902465820312500e+03,2.626559734344482422e-01,4.107551574707031250e-01,7.845609635114669800e-02,2.010881155729293823e-01,-6.084974133881545555e+01,-2.744869936240404318e+00,9.496326547778781446e+01,0.000000000000000000e+00,0.000000000000000000e+00,0.000000000000000000e+00,2.626559734344482422e-01,4.107551574707031250e-01,7.845609635114669800e-02,2.010881155729293823e-01,9.049068750000000000e+04,8.677271875000000000e+04,3.437541406250000000e+04,7.457544531250000000e+04,-9.235121785574279726e+07
4.432999999999999829e+00,7.820164491278019625e+01,1.031218475800479206e+00,-9.561677912332048379e+01,-1.732889257812500000e+04,-1.256697845458984375e+01,1.840865234375000000e+03,2.731675505638122559e-01,4.286621809005737305e-01,7.029654830694198608e-02,1.963019371032714844e-01,-7.820164491278019625e+01,-1.031218475800479206e+00,9.561677912332048379e+01,0.000000000000000000e+00,0.000000000000000000e+00,0.000000000000000000e+00,2.731675505638122559e-01,4.286621809005737305e-01,7.029654830694198608e-02,1.963019371032714844e-01,9.047596093750000000e+04,8.687935156250000000e+04,3.424990625000000000e+04,7.448408593750000000e+04,-9.236647698487132788e+07
4.434000000000000163e+00,9.556673615804453448e+01,-7.482252940074637371e-01,-9.572859280712562224e+01,-1.736341601562500000e+04,-1.498364162445068359e+01,1.789732788085937500e+03,2.781800925731658936e-01,4.440805613994598389e-01,6.892991065979003906e-02,1.942048370838165283e-01,-9.556673615804453448e+01,7.482252940074637371e-01,9.572859280712562224e+01,0.000000000000000000e+00,0.000000000000000000e+00,0.000000000000000000e+00,2.781800925731658936e-01,4.440805613994598389e-01,6.892991065979003906e-02,1.942048370838165283e-01,9.044600781250000000e+04,8.700110156250000000e+04,3.414224218750000000e+04,7.438019531250000000e+04,-9.238477450925315917e+07
4.434999999999999609e+00,1.129908653755163215e+02,-2.498379477355953782e+00,-9.529227707809738490e+01,-1.741032812500000000e+04,-9.010076522827148438e+00,1.810611816406250000e+03,2.852516174316406250e-01,4.576454758644104004e-01,6.996241211891174316e-02,1.937011480331420898e-01,-1.129908653755163215e+02,2.498379477355953782e+00,9.529227707809738490e+01,0.000000000000000000e+00,0.000000000000000000e+00,0.000000000000000000e+00,2.852516174316406250e-01,4.576454758644104004e-01,6.996241211891174316e-02,1.937011480331420898e-01,9.050467187500000000e+04,8.710941406250000000e+04,3.395697656250000000e+04,7.425508593750000000e+04,-9.240662830488221347e+07
4.435999999999999943e+00,1.304533363206369359e+02,-4.020581973908186946e+00,-9.435999445567003363e+01,-1.740805664062500000e+04,-8.639544486999511719e+00,1.791069213867187500e+03,2.813608050346374512e-01,4.678352475166320801e-01,7.310635596513748169e-02,1.963558495044708252e-01,-1.304533363206369359e+02,4.020581973908186946e+00,9.435999445567003363e+01,0.000000000000000000e+00,0.000000000000000000e+00,0.000000000000000000e+00,2.813608050346374512e-01,4.678352475166320801e-01,7.310635596513748169e-02,1.963558495044708252e-01,9.058915625000000000e+04,8.722579687500000000e+04,3.377067968750000000e+04,7.411135937500000000e+04,-9.243256635147248209e+07
4.437000000000000277e+00,1.479247368896518822e+02,-5.220704676744873041e+00,-9.298996594134047200e+01,-1.735956835937500000e+04,-1.584856605529785156e+01,1.824873901367187500e+03,2.763287127017974854e-01,4.747900366783142090e-01,7.550847530364990234e-02,2.014145106077194214e-01,-1.479247368896518822e+02,5.220704676744873041e+00,9.298996594134047200e+01,0.000000000000000000e+00,0.000000000000000000e+00,0.000000000000000000e+00,2.763287127017974854e-01,4.747900366783142090e-01,7.550847530364990234e-02,2.014145106077194214e-01,9.070818750000000000e+04,8.733178906250000000e+04,3.358942968750000000e+04,7.397551562500000000e+04,-9.246312246877944469e+07
4.437999999999999723e+00,1.654171806777358711e+02,-5.952513660293107023e+00,-9.135029827756041243e+01,-1.733140234375000000e+04,-2.578539657592773438e+01,1.795097045898437500e+03,2.645901441574096680e-01,4.787638783454895020e-01,7.720974087715148926e-02,2.080786079168319702e-01,-1.654171806777358711e+02,5.952513660293107023e+00,9.135029827756041243e+01,0.000000000000000000e+00,0.000000000000000000e+00,0.000000000000000000e+00,2.645901441574096680e-01,4.787638783454895020e-01,7.720974087715148926e-02,2.080786079168319702e-01,9.080851562500000000e+04,8.744971875000000000e+04,3.344795703125000000e+04,7.385145312500000000e+04,-9.249886562185709178e+07
4.439000000000000057e+00,-1.770351940791854872e+02,-6.158647734973219379e+00,-8.957058084940732101e+01,-1.735846289062500000e+04,-2.603391647338867188e+01,1.788392089843750000e+03,2.552615404129028320e-01,4.809425175189971924e-01,7.755000889301300049e-02,2.147784978151321411e-01,1.770351940791854872e+02,6.158647734973219379e+00,8.957058084940732101e+01,0.000000000000000000e+00,0.000000000000000000e+00,0.000000000000000000e+00,2.552615404129028320e-01,4.809425175189971924e-01,7.755000889301300049e-02,2.147784978151321411e-01,9.079314062500000000e+04,8.756277343750000000e+04,3.334166796875000000e+04,7.382255468750000000e+04,-9.253826789969536662e+07
4.440000000000000391e+00,-1.594412683409043439e+02,-5.816296836664902159e+00,-8.782413937863150011e+01,-1.741035546875000000e+04,-1.899586868286132812e+01,1.777063720703125000e+03,3.030592203140258789e-01,5.747494474053382874e-02,3.891973495483398438e-01,3.221496343612670898e-01,1.594412683409043439e+02,5.816296836664902159e+00,8.782413937863150011e+01,0.000000000000000000e+00,0.000000000000000000e+00,0.000000000000000000e+00,3.030592203140258789e-01,5.747494474053382874e-02,3.891973495483398438e-01,3.221496343612670898e-01,9.077620312500000000e+04,8.767751562500000000e+04,3.323742187500000000e+04,7.379437500000000000e+04,-9.257143632651200891e+07
4.440999999999999837e+00,-1.418753582529915320e+02,-4.951937370364257518e+00,-8.625015226651207456e+01,-1.741679101562500000e+04,-1.451142024993896484e+01,1.796452758789062500e+03,2.948439717292785645e-01,7.795357704162597656e-02,3.884225785732269287e-01,3.249293863773345947e-01,1.418753582529915320e+02,4.951937370364257518e+00,8.625015226651207456e+01,0.000000000000000000e+00,0.000000000000000000e+00,0.000000000000000000e+00,2.948439717292785645e-01,7.795357704162597656e-02,3.884225785732269287e-01,3.249293863773345947e-01,9.069919531250000000e+04,8.778672656250000000e+04,3.313460156250000000e+04,7.382211718750000000e+04,-9.259902855424113572e+07
4.442000000000000171e+00,-1.244047484919396140e+02,-3.656242688520813910e+00,-8.500552625151088648e+01,-1.737577343750000000e+04,-1.978138351440429688e+01,1.800981689453125000e+03,2.857063710689544678e-01,1.014487072825431824e-01,3.823871314525604248e-01,3.244202733039855957e-01,1.244047484919396140e+02,3.656242688520813910e+00,8.500552625151088648e+01,0.000000000000000000e+00,0.000000000000000000e+00,0.000000000000000000e+00,2.857063710689544678e-01,1.014487072825431824e-01,3.823871314525604248e-01,3.244202733039855957e-01,9.081213281250000000e+04,8.756103125000000000e+04,3.324631250000000000e+04,7.393480468750000000e+04,-9.262174440329237282e+07
4.442999999999999616e+00,-1.070264844537562539e+02,-2.062609281625584323e+00,-8.420705234950942497e+01,-1.733703320312500000e+04,-2.714681625366210938e+01,1.788633666992187500e+03,2.789501845836639404e-01,1.269146651029586792e-01,3.696510195732116699e-01,3.209887146949768066e-01,1.070264844537562539e+02,2.062609281625584323e+00,8.420705234950942497e+01,0.000000000000000000e+00,0.000000000000000000e+00,0.000000000000000000e+00,2.789501845836639404e-01,1.269146651029586792e-01,3.696510195732116699e-01,3.209887146949768066e-01,9.092309375000000000e+04,8.733839062500000000e+04,3.336113281250000000e+04,7.404485156250000000e+04,-9.264029415368933976e+07
4.443999999999999950e+00,-8.966151636761939869e+01,-3.106387603221452687e-01,-8.392459494853684987e+01,-1.735772851562500000e+04,-2.527832412719726562e+01,1.781208862304687500e+03,2.738472223281860352e-01,1.552243530750274658e-01,3.495649695396423340e-01,3.139872252941131592e-01,8.966151636761939869e+01,3.106387603221452687e-01,8.392459494853684987e+01,0.000000000000000000e+00,0.000000000000000000e+00,0.000000000000000000e+00,2.738472223281860352e-01,1.552243530750274658e-01,3.495649695396423340e-01,3.139872252941131592e-01,9.103408593750000000e+04,8.711435156250000000e+04,3.347517187500000000e+04,7.415625781250000000e+04,-9.265537677534039319e+07
4.445000000000000284e+00,-7.225066424786538732e+01,1.456788634690981965e+00,-8.419270895122852494e+01,-1.740676171875000000e+04,-1.309598445892333984e+01,1.794490478515625000e+03,2.677094340324401855e-01,1.878125369548797607e-01,3.221004009246826172e-01,3.025842905044555664e-01,7.225066424786538732e+01,-1.456788634690981965e+00,8.419270895122852494e+01,0.000000000000000000e+00,0.000000000000000000e+00,0.000000000000000000e+00,2.677094340324401855e-01,1.878125369548797607e-01,3.221004009246826172e-01,3.025842905044555664e-01,9.111769531250000000e+04,8.688772656250000000e+04,3.358495703125000000e+04,7.427191406250000000e+04,-9.266768746829831600e+07
4.445999999999999730e+00,-5.479078114774123520e+01,3.068146208670621267e+00,-8.499541118833037956e+01,-1.742675781250000000e+04,-4.905008077621459961e-01,1.806892211914062500e+03,2.604394257068634033e-01,2.241576313972473145e-01,2.876839041709899902e-01,2.870074510574340820e-01,5.479078114774123520e+01,-3.068146208670621267e+00,8.499541118833037956e+01,0.000000000000000000e+00,0.000000000000000000e+00,0.000000000000000000e+00,2.604394257068634033e-01,2.241576313972473145e-01,2.876839041709899902e-01,2.870074510574340820e-01,9.111935156250000000e+04,8.665988281250000000e+04,3.369587500000000000e+04,7.438614062500000000e+04,-9.267792313144132495e+07
4.447000000000000064e+00,-3.732126654377869102e+01,4.362095760956690604e+00,-8.625052606867478744e+01,-1.738675000000000000e+04,3.931595563888549805e+00,1.807737304687500000e+03,2.552915811538696289e-01,2.611052989959716797e-01,2.479106038808822632e-01,2.691927552223205566e-01,3.732126654377869102e+01,-4.362095760956690604e+00,8.625052606867478744e+01,0.000000000000000000e+00,0.000000000000000000e+00,0.000000000000000000e+00,2.552915811538696289e-01,2.611052989959716797e-01,2.479106038808822632e-01,2.691927552223205566e-01,9.111931250000000000e+04,8.643525781250000000e+04,3.380735937500000000e+04,7.449829687500000000e+04,-9.268677418950431049e+07
4.448000000000000398e+00,-1.984443266050247701e+01,5.211649344752055768e+00,-8.782148051443026304e+01,-1.734433203125000000e+04,3.020186901092529297e+00,1.787946655273437500e+03,2.541303038597106934e-01,2.956751286983489990e-01,2.061101943254470825e-01,2.516128122806549072e-01,1.984443266050247701e+01,-5.211649344752055768e+00,8.782148051443026304e+01,0.000000000000000000e+00,0.000000000000000000e+00,0.000000000000000000e+00,2.541303038597106934e-01,2.956751286983489990e-01,2.061101943254470825e-01,2.516128122806549072e-01,9.106392968750000000e+04,8.623293750000000000e+04,3.392385156250000000e+04,7.460746093750000000e+04,-9.269490776474057138e+07
4.448999999999999844e+00,-2.324627363578547712e+00,5.546040917095724332e+00,-8.959280641094203190e+01,-1.735233007812500000e+04,1.096465206146240234e+01,1.801789062500000000e+03,2.560658454895019531e-01,3.266124427318572998e-01,1.661754995584487915e-01,2.359323799610137939e-01,2.324627363578547712e+00,-5.546040917095724332e+00,8.959280641094203190e+01,0.000000000000000000e+00,0.000000000000000000e+00,0.000000000000000000e+00,2.560658454895019531e-01,3.266124427318572998e-01,1.661754995584487915e-01,2.359323799610137939e-01,9.097857812500000000e+04,8.629904687500000000e+04,3.403360546875000000e+04,7.472321875000000000e+04,-9.270297079816339910e+07
4.450000000000000178e+00,1.524815899478482528e+01,5.320664874583237669e+00,-9.136457835107398751e+01,-1.740361328125000000e+04,2.552363967895507812e+01,1.784827270507812500e+03,2.560135722160339355e-01,3.545092046260833740e-01,1.325870007276535034e-01,2.224981933832168579e-01,-1.524815899478482528e+01,-5.320664874583237669e+00,9.136457835107398751e+01,0.000000000000000000e+00,0.000000000000000000e+00,0.000000000000000000e+00,2.560135722160339355e-01,3.545092046260833740e-01,1.325870007276535034e-01,2.224981933832168579e-01,9.088192187500000000e+04,8.641406250000000000e+04,3.414952734375000000e+04,7.483271093750000000e+04,-9.271157910016810894e+07
4.450999999999999623e+00,3.281883900806067800e+01,4.550882639595116963e+00,-9.299176854468662157e+01,-1.742924218750000000e+04,4.291520309448242188e+01,1.801045898437500000e+03,2.583538889884948730e-01,3.794002830982208252e-01,1.054738536477088928e-01,2.112848311662673950e-01,-3.281883900806067800e+01,-4.550882639595116963e+00,9.299176854468662157e+01,0.000000000000000000e+00,0.000000000000000000e+00,0.000000000000000000e+00,2.583538889884948730e-01,3.794002830982208252e-01,1.054738536477088928e-01,2.112848311662673950e-01,9.080663281250000000e+04,8.652409375000000000e+04,3.425949609375000000e+04,7.494739062500000000e+04,-9.272132435591182113e+07
4.451999999999999957e+00,5.030344787738084733e+01,3.347920450396224989e+00,-9.428241363249996709e+01,-1.739433593750000000e+04,4.603229904174804688e+01,1.768263671875000000e+03,2.607842087745666504e-01,4.017316401004791260e-01,8.681184053421020508e-02,2.023843824863433838e-01,-5.030344787738084733e+01,-3.347920450396224989e+00,9.428241363249996709e+01,0.000000000000000000e+00,0.000000000000000000e+00,0.000000000000000000e+00,2.607842087745666504e-01,4.017316401004791260e-01,8.681184053421020508e-02,2.023843824863433838e-01,9.072502343750000000e+04,8.664250781250000000e+04,3.437723828125000000e+04,7.499563281250000000e+04,-9.273275517487189174e+07
4.453000000000000291e+00,6.768945363668653670e+01,1.793105613119037045e+00,-9.516560245606120816e+01,-1.734499023437500000e+04,4.475051116943359375e+01,1.793985229492187500e+03,2.702069282531738281e-01,4.215204417705535889e-01,7.451750338077545166e-02,1.955980658531188965e-01,-6.768945363668653670e+01,-1.793105613119037045e+00,9.516560245606120816e+01,0.000000000000000000e+00,0.000000000000000000e+00,0.000000000000000000e+00,2.702069282531738281e-01,4.215204417705535889e-01,7.451750338077545166e-02,1.955980658531188965e-01,9.067128125000000000e+04,8.675052343750000000e+04,3.447579296875000000e+04,7.497033593750000000e+04,-9.274639674412408471e+07
4.453999999999999737e+00,8.504141619855687395e+01,6.710190468003947306e-02,-9.554067861046071641e+01,-1.734450000000000000e+04,4.255939865112304688e+01,1.772526367187500000e+03,2.768109440803527832e-01,4.388515353202819824e-01,6.973894685506820679e-02,1.912777572870254517e-01,-8.504141619855687395e+01,-6.710190468003947306e-02,9.554067861046071641e+01,0.000000000000000000e+00,0.000000000000000000e+00,0.000000000000000000e+00,2.768109440803527832e-01,4.388515353202819824e-01,6.973894685506820679e-02,1.912777572870254517e-01,9.062896875000000000e+04,8.686732812500000000e+04,3.442572656250000000e+04,7.487007812500000000e+04,-9.276274681236515939e+07
4.455000000000000071e+00,1.024395200949463316e+02,-1.697023905209279260e+00,-9.537265621202965349e+01,-1.739432617187500000e+04,5.276984024047851562e+01,1.778148071289062500e+03,2.844423055648803711e-01,4.539028406143188477e-01,6.905149668455123901e-02,1.891500055789947510e-01,-1.024395200949463316e+02,1.697023905209279260e+00,9.537265621202965349e+01,0.000000000000000000e+00,0.000000000000000000e+00,0.000000000000000000e+00,2.844423055648803711e-01,4.539028406143188477e-01,6.905149668455123901e-02,1.891500055789947510e-01,9.065839062500000000e+04,8.697818750000000000e+04,3.427194531250000000e+04,7.472521875000000000e+04,-9.278234949108551443e+07
4.456000000000000405e+00,1.198975424111626893e+02,-3.311444671023133779e+00,-9.468031573934506184e+01,-1.742640820312500000e+04,6.228645706176757812e+01,1.762032592773437500e+03,2.845803499221801758e-01,4.661939740180969238e-01,7.117196172475814819e-02,1.896228790283203125e-01,-1.198975424111626893e+02,3.311444671023133779e+00,9.468031573934506184e+01,0.000000000000000000e+00,0.000000000000000000e+00,0.000000000000000000e+00,2.845803499221801758e-01,4.661939740180969238e-01,7.117196172475814819e-02,1.896228790283203125e-01,9.073092968750000000e+04,8.709399218750000000e+04,3.408441796875000000e+04,7.454786718750000000e+04,-9.280570023961606622e+07
4.456999999999999851e+00,1.373809723933291878e+02,-4.657460290081917087e+00,-9.351805461673525599e+01,-1.740127148437500000e+04,6.546879577636718750e+01,1.782166259765625000e+03,2.813651859760284424e-01,4.751325845718383789e-01,7.346691191196441650e-02,1.929056346416473389e-01,-1.373809723933291878e+02,4.657460290081917087e+00,9.351805461673525599e+01,0.000000000000000000e+00,0.000000000000000000e+00,0.000000000000000000e+00,2.813651859760284424e-01,4.751325845718383789e-01,7.346691191196441650e-02,1.929056346416473389e-01,9.084619531250000000e+04,8.720227343750000000e+04,3.390827343750000000e+04,7.436921875000000000e+04,-9.283334108966745436e+07
4.458000000000000185e+00,1.548690979423339513e+02,-5.603076035085773121e+00,-9.199707246139766426e+01,-1.735070117187500000e+04,5.955268096923828125e+01,1.791634765625000000e+03,2.720368504524230957e-01,4.807635843753814697e-01,7.524953782558441162e-02,1.984048485755920410e-01,-1.548690979423339513e+02,5.603076035085773121e+00,9.199707246139766426e+01,0.000000000000000000e+00,0.000000000000000000e+00,0.000000000000000000e+00,2.720368504524230957e-01,4.807635843753814697e-01,7.524953782558441162e-02,1.984048485755920410e-01,9.096071093750000000e+04,8.731365625000000000e+04,3.373762890625000000e+04,7.419208593750000000e+04,-9.286582038296744227e+07
4.458999999999999631e+00,1.723897500643021203e+02,-6.047404720687880264e+00,-9.027534806251594546e+01,-1.734451757812500000e+04,5.669387817382812500e+01,1.775393066406250000e+03,2.612017393112182617e-01,4.838657081127166748e-01,7.585845887660980225e-02,2.049073874950408936e-01,-1.723897500643021203e+02,6.047404720687880264e+00,9.027534806251594546e+01,0.000000000000000000e+00,0.000000000000000000e+00,0.000000000000000000e+00,2.612017393112182617e-01,4.838657081127166748e-01,7.585845887660980225e-02,2.049073874950408936e-01,9.105713281250000000e+04,8.742835937500000000e+04,3.359413281250000000e+04,7.403913281250000000e+04,-9.290372481846633554e+07
4.459999999999999964e+00,-1.700347882290730865e+02,-5.947437940790048394e+00,-8.850079380738148416e+01,-1.738865625000000000e+04,6.391638183593750000e+01,1.773318359375000000e+03,2.504972219467163086e-01,4.856673479080200195e-01,7.520666718482971191e-02,2.105665355920791626e-01,1.700347882290730865e+02,5.947437940790048394e+00,8.850079380738148416e+01,0.000000000000000000e+00,0.000000000000000000e+00,0.000000000000000000e+00,2.504972219467163086e-01,4.856673479080200195e-01,7.520666718482971191e-02,2.105665355920791626e-01,9.108926562500000000e+04,8.754153125000000000e+04,3.346705078125000000e+04,7.393404687500000000e+04,-9.294050441019703448e+07
4.461000000000000298e+00,-1.524421476151239858e+02,-5.312053855625165966e+00,-8.685073559940752830e+01,-1.742939062500000000e+04,7.371175384521484375e+01,1.766007568359375000e+03,2.981800138950347900e-01,7.151649892330169678e-02,3.877223730087280273e-01,3.181985318660736084e-01,1.524421476151239858e+02,5.312053855625165966e+00,8.685073559940752830e+01,0.000000000000000000e+00,0.000000000000000000e+00,0.000000000000000000e+00,2.981800138950347900e-01,7.151649892330169678e-02,3.877223730087280273e-01,3.181985318660736084e-01,9.104160156250000000e+04,8.765531250000000000e+04,3.334771484375000000e+04,7.388039843750000000e+04,-9.297131428675687313e+07
4.461999999999999744e+00,-1.349117548297772089e+02,-4.186687646102941862e+00,-8.544410724272420055e+01,-1.741248632812500000e+04,7.659865570068359375e+01,1.802920532226562500e+03,2.897607684135437012e-01,9.382775425910949707e-02,3.843863606452941895e-01,3.188264966011047363e-01,1.349117548297772089e+02,4.186687646102941862e+00,8.544410724272420055e+01,0.000000000000000000e+00,0.000000000000000000e+00,0.000000000000000000e+00,2.897607684135437012e-01,9.382775425910949707e-02,3.843863606452941895e-01,3.188264966011047363e-01,9.092711718750000000e+04,8.776180468750000000e+04,3.321977734375000000e+04,7.387741406250000000e+04,-9.299683369216407835e+07
4.463000000000000078e+00,-1.174864010206944585e+02,-2.710435105823398860e+00,-8.444567678758831164e+01,-1.736389843750000000e+04,6.782882690429687500e+01,1.786711425781250000e+03,2.801780700683593750e-01,1.192016154527664185e-01,3.753256201744079590e-01,3.160714805126190186e-01,1.174864010206944585e+02,2.710435105823398860e+00,8.444567678758831164e+01,0.000000000000000000e+00,0.000000000000000000e+00,0.000000000000000000e+00,2.801780700683593750e-01,1.192016154527664185e-01,3.753256201744079590e-01,3.160714805126190186e-01,9.103631250000000000e+04,8.753987500000000000e+04,3.333420703125000000e+04,7.398657812500000000e+04,-9.301777516537545621e+07
4.464000000000000412e+00,-1.001219512180201008e+02,-9.916482249541550553e-01,-8.392626753642170456e+01,-1.734625195312500000e+04,6.281597518920898438e+01,1.801251342773437500e+03,2.752053737640380859e-01,1.457692980766296387e-01,3.588168621063232422e-01,3.106284141540527344e-01,1.001219512180201008e+02,9.916482249541550553e-01,8.392626753642170456e+01,0.000000000000000000e+00,0.000000000000000000e+00,0.000000000000000000e+00,2.752053737640380859e-01,1.457692980766296387e-01,3.588168621063232422e-01,3.106284141540527344e-01,9.115212500000000000e+04,8.731212500000000000e+04,3.344501171875000000e+04,7.410116406250000000e+04,-9.303484417223995924e+07
4.464999999999999858e+00,-8.273603896665784418e+01,7.793034353890069266e-01,-8.394909222991896058e+01,-1.738457031250000000e+04,6.724404144287109375e+01,1.776641113281250000e+03,2.683434486389160156e-01,1.765660345554351807e-01,3.354017436504364014e-01,3.010323643684387207e-01,8.273603896665784418e+01,-7.793034353890069266e-01,8.394909222991896058e+01,0.000000000000000000e+00,0.000000000000000000e+00,0.000000000000000000e+00,2.683434486389160156e-01,1.765660345554351807e-01,3.354017436504364014e-01,3.010323643684387207e-01,9.119945312500000000e+04,8.709181250000000000e+04,3.356136328125000000e+04,7.420995312500000000e+04,-9.304873748178392649e+07
4.466000000000000192e+00,-6.528942381978134790e+01,2.505234590116021121e+00,-8.452626268283812294e+01,-1.742860742187500000e+04,7.958720397949218750e+01,1.825096557617187500e+03,2.632595300674438477e-01,2.104929387569427490e-01,3.040069639682769775e-01,2.873114347457885742e-01,6.528942381978134790e+01,-2.505234590116021121e+00,8.452626268283812294e+01,0.000000000000000000e+00,0.000000000000000000e+00,0.000000000000000000e+00,2.632595300674438477e-01,2.104929387569427490e-01,3.040069639682769775e-01,2.873114347457885742e-01,9.125935156250000000e+04,8.685795312500000000e+04,3.366626171875000000e+04,7.433133593750000000e+04,-9.306015115593013167e+07
4.466999999999999638e+00,-4.780608031002703484e+01,3.966951758565599118e+00,-8.559659713270971793e+01,-1.742146875000000000e+04,8.622331237792968750e+01,1.815617675781250000e+03,2.545976936817169189e-01,2.478181123733520508e-01,2.674365639686584473e-01,2.701337635517120361e-01,4.780608031002703484e+01,-3.966951758565599118e+00,8.559659713270971793e+01,0.000000000000000000e+00,0.000000000000000000e+00,0.000000000000000000e+00,2.545976936817169189e-01,2.478181123733520508e-01,2.674365639686584473e-01,2.701337635517120361e-01,9.125825781250000000e+04,8.663503906250000000e+04,3.378056640625000000e+04,7.444171093750000000e+04,-9.306977909139169753e+07
4.467999999999999972e+00,-3.031749707672702954e+01,5.052974290422127090e+00,-8.707182902407946301e+01,-1.737109570312500000e+04,8.387329864501953125e+01,1.833284667968750000e+03,2.523982524871826172e-01,2.833562493324279785e-01,2.260032445192337036e-01,2.520664930343627930e-01,3.031749707672702954e+01,-5.052974290422127090e+00,8.707182902407946301e+01,0.000000000000000000e+00,0.000000000000000000e+00,0.000000000000000000e+00,2.523982524871826172e-01,2.833562493324279785e-01,2.260032445192337036e-01,2.520664930343627930e-01,9.122702343750000000e+04,8.640609375000000000e+04,3.388980859375000000e+04,7.455675000000000000e+04,-9.307830527797947824e+07
4.469000000000000306e+00,-1.281262798705644634e+01,5.639389299794858701e+00,-8.878308815241716445e+01,-1.734398437500000000e+04,8.123468780517578125e+01,1.806967895507812500e+03,2.514512538909912109e-01,3.159372210502624512e-01,1.855524629354476929e-01,2.355324029922485352e-01,1.281262798705644634e+01,-5.639389299794858701e+00,8.878308815241716445e+01,0.000000000000000000e+00,0.000000000000000000e+00,0.000000000000000000e+00,2.514512538909912109e-01,3.159372210502624512e-01,1.855524629354476929e-01,2.355324029922485352e-01,9.112592187500000000e+04,8.637945312500000000e+04,3.400713281250000000e+04,7.466504687500000000e+04,-9.308638368086896837e+07
4.469999999999999751e+00,4.742855385906270094e+00,5.681066624100366447e+00,-9.061253071306255436e+01,-1.737357031250000000e+04,8.686076354980468750e+01,1.825931274414062500e+03,2.542532980442047119e-01,3.448241055011749268e-01,1.479578763246536255e-01,2.211327701807022095e-01,-4.742855385906270094e+00,-5.681066624100366447e+00,9.061253071306255436e+01,0.000000000000000000e+00,0.000000000000000000e+00,0.000000000000000000e+00,2.542532980442047119e-01,3.448241055011749268e-01,1.479578763246536255e-01,2.211327701807022095e-01,9.102017968750000000e+04,8.648842968750000000e+04,3.411560937500000000e+04,7.478162500000000000e+04,-9.309464908078639209e+07
4.471000000000000085e+00,2.233280693641441417e+01,5.160309007840451656e+00,-9.236241056705605956e+01,-1.742316992187500000e+04,9.883573913574218750e+01,1.822567138671875000e+03,2.541141510009765625e-01,3.706023693084716797e-01,1.180550083518028259e-01,2.094960659742355347e-01,-2.233280693641441417e+01,-5.160309007840451656e+00,9.236241056705605956e+01,0.000000000000000000e+00,0.000000000000000000e+00,0.000000000000000000e+00,2.541141510009765625e-01,3.706023693084716797e-01,1.180550083518028259e-01,2.094960659742355347e-01,9.090522656250000000e+04,8.660174218750000000e+04,3.422933593750000000e+04,7.489310937500000000e+04,-9.310370527872686088e+07
4.472000000000000419e+00,3.987799731978955009e+01,4.133625358474071199e+00,-9.386808046527433191e+01,-1.742173437500000000e+04,1.041115951538085938e+02,1.822346801757812500e+03,2.564138770103454590e-01,3.937518596649169922e-01,9.505532681941986084e-02,1.999658793210983276e-01,-3.987799731978955009e+01,-4.133625358474071199e+00,9.386808046527433191e+01,0.000000000000000000e+00,0.000000000000000000e+00,0.000000000000000000e+00,2.564138770103454590e-01,3.937518596649169922e-01,9.505532681941986084e-02,1.999658793210983276e-01,9.081467187500000000e+04,8.671467187500000000e+04,3.434138671875000000e+04,7.493761718750000000e+04,-9.311412383678594232e+07
4.472999999999999865e+00,5.732014113263916499e+01,2.715227679128628058e+00,-9.499117528627223805e+01,-1.737361132812500000e+04,9.741658782958984375e+01,1.812261230468750000e+03,2.616534531116485596e-01,4.142648577690124512e-01,7.968762516975402832e-02,1.928907483816146851e-01,-5.732014113263916499e+01,-2.715227679128628058e+00,9.499117528627223805e+01,0.000000000000000000e+00,0.000000000000000000e+00,0.000000000000000000e+00,2.616534531116485596e-01,4.142648577690124512e-01,7.968762516975402832e-02,1.928907483816146851e-01,9.072260937500000000e+04,8.682871093750000000e+04,3.445617968750000000e+04,7.489355468750000000e+04,-9.312644013120903075e+07
4.474000000000000199e+00,7.467791796622567801e+01,1.024010253482321664e+00,-9.565012408503210395e+01,-1.733483007812500000e+04,8.654440307617187500e+01,1.819806030273437500e+03,2.705794870853424072e-01,4.324123561382293701e-01,7.112976908683776855e-02,1.880162805318832397e-01,-7.467791796622567801e+01,-1.024010253482321664e+00,9.565012408503210395e+01,0.000000000000000000e+00,0.000000000000000000e+00,0.000000000000000000e+00,2.705794870853424072e-01,4.324123561382293701e-01,7.112976908683776855e-02,1.880162805318832397e-01,9.065300000000000000e+04,8.694067187500000000e+04,3.447057031250000000e+04,7.478285937500000000e+04,-9.314116691747528315e+07
4.474999999999999645e+00,9.204141344255469903e+01,-7.816668706952397683e-01,-9.577872209492709032e+01,-1.736177734375000000e+04,8.138047027587890625e+01,1.815373291015625000e+03,2.781956791877746582e-01,4.481867551803588867e-01,6.861031055450439453e-02,1.855038553476333618e-01,-9.204141344255469903e+01,7.816668706952397683e-01,9.577872209492709032e+01,0.000000000000000000e+00,0.000000000000000000e+00,0.000000000000000000e+00,2.781956791877746582e-01,4.481867551803588867e-01,6.861031055450439453e-02,1.855038553476333618e-01,9.061967187500000000e+04,8.705325781250000000e+04,3.435945703125000000e+04,7.461800781250000000e+04,-9.315881271387301385e+07
4.475999999999999979e+00,1.094653477073778305e+02,-2.538646880083438528e+00,-9.535841251067820679e+01,-1.741031640625000000e+04,8.527545928955078125e+01,1.811469848632812500e+03,2.824749946594238281e-01,4.614962935447692871e-01,6.978480517864227295e-02,1.854925453662872314e-01,-1.094653477073778305e+02,2.538646880083438528e+00,9.535841251067820679e+01,0.000000000000000000e+00,0.000000000000000000e+00,0.000000000000000000e+00,2.824749946594238281e-01,4.614962935447692871e-01,6.978480517864227295e-02,1.854925453662872314e-01,9.065127343750000000e+04,8.716705468750000000e+04,3.418032812500000000e+04,7.442010937500000000e+04,-9.317989504778625071e+07
4.477000000000000313e+00,1.269434711039980357e+02,-4.082925432509481922e+00,-9.443386928777536582e+01,-1.742329492187500000e+04,8.391831207275390625e+01,1.804083374023437500e+03,2.811762094497680664e-01,4.719237089157104492e-01,7.237251102924346924e-02,1.880016475915908813e-01,-1.269434711039980357e+02,4.082925432509481922e+00,9.443386928777536582e+01,0.000000000000000000e+00,0.000000000000000000e+00,0.000000000000000000e+00,2.811762094497680664e-01,4.719237089157104492e-01,7.237251102924346924e-02,1.880016475915908813e-01,9.073460937500000000e+04,8.727992187500000000e+04,3.398363671875000000e+04,7.420766406250000000e+04,-9.320494411859093606e+07
4.477999999999999758e+00,1.444334485142373126e+02,-5.302287958830669723e+00,-9.307313194262337674e+01,-1.737718164062500000e+04,7.519840240478515625e+01,1.829188720703125000e+03,2.756443619728088379e-01,4.788604378700256348e-01,7.475803047418594360e-02,1.933484077453613281e-01,-1.444334485142373126e+02,5.302287958830669723e+00,9.307313194262337674e+01,0.000000000000000000e+00,0.000000000000000000e+00,0.000000000000000000e+00,2.756443619728088379e-01,4.788604378700256348e-01,7.475803047418594360e-02,1.933484077453613281e-01,9.085152343750000000e+04,8.738872656250000000e+04,3.379753125000000000e+04,7.400649218750000000e+04,-9.323449586178785563e+07
4.479000000000000092e+00,1.619386451526511053e+02,-6.067722643775905311e+00,-9.142060707754875182e+01,-1.734003320312500000e+04,5.892621994018554688e+01,1.819795898437500000e+03,2.649624943733215332e-01,4.828507900238037109e-01,7.625988870859146118e-02,2.002559751272201538e-01,-1.619386451526511053e+02,6.067722643775905311e+00,9.142060707754875182e+01,0.000000000000000000e+00,0.000000000000000000e+00,0.000000000000000000e+00,2.649624943733215332e-01,4.828507900238037109e-01,7.625988870859146118e-02,2.002559751272201538e-01,9.091191406250000000e+04,8.750218750000000000e+04,3.366186328125000000e+04,7.386282031250000000e+04,-9.326911453123824298e+07
4.480000000000000426e+00,1.794920353192511016e+02,-6.309137124211360970e+00,-8.960744122424434011e+01,-1.735646289062500000e+04,5.280112075805664062e+01,1.824904296875000000e+03,2.546299397945404053e-01,4.847313761711120605e-01,7.656674087047576904e-02,2.076479196548461914e-01,-1.794920353192511016e+02,6.309137124211360970e+00,8.960744122424434011e+01,0.000000000000000000e+00,0.000000000000000000e+00,0.000000000000000000e+00,2.546299397945404053e-01,4.847313761711120605e-01,7.656674087047576904e-02,2.076479196548461914e-01,9.097351562500000000e+04,8.761419531250000000e+04,3.352815234375000000e+04,7.372457812500000000e+04,-9.330940122071529925e+07
4.480999999999999872e+00,-1.629076593923873588e+02,-5.999907686723291889e+00,-8.783613137191584030e+01,-1.740897656250000000e+04,5.218491363525390625e+01,1.794180053710937500e+03,2.420999556779861450e-01,4.859043359756469727e-01,7.543037831783294678e-02,2.130344659090042114e-01,1.629076593923873588e+02,5.999907686723291889e+00,8.783613137191584030e+01,0.000000000000000000e+00,0.000000000000000000e+00,0.000000000000000000e+00,2.420999556779861450e-01,4.859043359756469727e-01,7.543037831783294678e-02,2.130344659090042114e-01,9.095197656250000000e+04,8.773173437500000000e+04,3.341801171875000000e+04,7.369155468750000000e+04,-9.334369131107063591e+07
4.482000000000000206e+00,-1.453198075821116788e+02,-5.156836060020655310e+00,-8.621474838233177707e+01,-1.742876171875000000e+04,5.411005783081054688e+01,1.826886108398437500e+03,2.935339808464050293e-01,7.896652072668075562e-02,3.885567188262939453e-01,3.207057118415832520e-01,1.453198075821116788e+02,5.156836060020655310e+00,8.621474838233177707e+01,0.000000000000000000e+00,0.000000000000000000e+00,0.000000000000000000e+00,2.935339808464050293e-01,7.896652072668075562e-02,3.885567188262939453e-01,3.207057118415832520e-01,9.086764843750000000e+04,8.783900000000000000e+04,3.329994140625000000e+04,7.367085937500000000e+04,-9.337226873334310949e+07
4.482999999999999652e+00,-1.278255730640181440e+02,-3.884764745704738065e+00,-8.492869568401113156e+01,-1.739142187500000000e+04,4.261987304687500000e+01,1.812483276367187500e+03,2.832536399364471436e-01,1.023411750793457031e-01,3.836009204387664795e-01,3.204776346683502197e-01,1.278255730640181440e+02,3.884764745704738065e+00,8.492869568401113156e+01,0.000000000000000000e+00,0.000000000000000000e+00,0.000000000000000000e+00,2.832536399364471436e-01,1.023411750793457031e-01,3.836009204387664795e-01,3.204776346683502197e-01,9.068721093750000000e+04,8.795428906250000000e+04,3.341518750000000000e+04,7.378134375000000000e+04,-9.339583608521996439e+07
4.483999999999999986e+00,-1.104277694970501500e+02,-2.270940543548670032e+00,-8.405902383982106585e+01,-1.734962109375000000e+04,2.697515296936035156e+01,1.839454956054687500e+03,2.775478661060333252e-01,1.266765594482421875e-01,3.717238605022430420e-01,3.178167641162872314e-01,1.104277694970501500e+02,2.270940543548670032e+00,8.405902383982106585e+01,0.000000000000000000e+00,0.000000000000000000e+00,0.000000000000000000e+00,2.775478661060333252e-01,1.266765594482421875e-01,3.717238605022430420e-01,3.178167641162872314e-01,9.080387500000000000e+04,8.772460937500000000e+04,3.352256250000000000e+04,7.389771093750000000e+04,-9.341510145415590703e+07
4.485000000000000320e+00,-9.306170798275211098e+01,-5.124905605806391318e-01,-8.370908727161705087e+01,-1.735614843750000000e+04,1.547545242309570312e+01,1.799711547851562500e+03,2.701584100723266602e-01,1.546277403831481934e-01,3.533256053924560547e-01,3.115285933017730713e-01,9.306170798275211098e+01,5.124905605806391318e-01,8.370908727161705087e+01,0.000000000000000000e+00,0.000000000000000000e+00,0.000000000000000000e+00,2.701584100723266602e-01,1.546277403831481934e-01,3.533256053924560547e-01,3.115285933017730713e-01,9.090983593750000000e+04,8.750677343750000000e+04,3.364219140625000000e+04,7.400326562500000000e+04,-9.343076940958699584e+07
4.485999999999999766e+00,-7.565107816763816118e+01,1.297741322088953098e+00,-8.390585562702000288e+01,-1.740781640625000000e+04,1.786491966247558594e+01,1.827830932617187500e+03,2.664316296577453613e-01,1.850168704986572266e-01,3.267109096050262451e-01,3.015307188034057617e-01,7.565107816763816118e+01,-1.297741322088953098e+00,8.390585562702000288e+01,0.000000000000000000e+00,0.000000000000000000e+00,0.000000000000000000e+00,2.664316296577453613e-01,1.850168704986572266e-01,3.267109096050262451e-01,3.015307188034057617e-01,9.098823437500000000e+04,8.727650781250000000e+04,3.374915234375000000e+04,7.412085937500000000e+04,-9.344353437195596099e+07
4.487000000000000099e+00,-5.818887616705193011e+01,2.962076497419338317e+00,-8.463818968712236313e+01,-1.743352148437500000e+04,2.091674995422363281e+01,1.825027221679687500e+03,2.582114338874816895e-01,2.204301357269287109e-01,2.938208281993865967e-01,2.870154380798339844e-01,5.818887616705193011e+01,-2.962076497419338317e+00,8.463818968712236313e+01,0.000000000000000000e+00,0.000000000000000000e+00,0.000000000000000000e+00,2.582114338874816895e-01,2.204301357269287109e-01,2.938208281993865967e-01,2.870154380798339844e-01,9.100820312500000000e+04,8.705255468750000000e+04,3.386283593750000000e+04,7.423368750000000000e+04,-9.345409271431623399e+07
4.488000000000000433e+00,-4.070425263162812968e+01,4.353087609452096274e+00,-8.585505175442327186e+01,-1.740548437500000000e+04,1.843811416625976562e+01,1.853530639648437500e+03,2.538146376609802246e-01,2.563349604606628418e-01,2.545965313911437988e-01,2.700776755809783936e-01,4.070425263162812968e+01,-4.353087609452096274e+00,8.585505175442327186e+01,0.000000000000000000e+00,0.000000000000000000e+00,0.000000000000000000e+00,2.538146376609802246e-01,2.563349604606628418e-01,2.545965313911437988e-01,2.700776755809783936e-01,9.100571093750000000e+04,8.682183593750000000e+04,3.397023828125000000e+04,7.435039062500000000e+04,-9.346313958978202939e+07
4.488999999999999879e+00,-2.321640074017228272e+01,5.308299949749977209e+00,-8.740723806540175644e+01,-1.735566992187500000e+04,8.379095077514648438e+00,1.824801879882812500e+03,2.505384981632232666e-01,2.908345460891723633e-01,2.136336714029312134e-01,2.530111670494079590e-01,2.321640074017228272e+01,-5.308299949749977209e+00,8.740723806540175644e+01,0.000000000000000000e+00,0.000000000000000000e+00,0.000000000000000000e+00,2.505384981632232666e-01,2.908345460891723633e-01,2.136336714029312134e-01,2.530111670494079590e-01,9.090460937500000000e+04,8.684715625000000000e+04,3.408805859375000000e+04,7.445769531250000000e+04,-9.347134679435993731e+07
4.490000000000000213e+00,-5.691248816266818444e+00,5.756297833555071186e+00,-8.916692442926837714e+01,-1.735405273437500000e+04,3.402101516723632812e+00,1.814803710937500000e+03,2.531212568283081055e-01,3.215004503726959229e-01,1.728729307651519775e-01,2.375761568546295166e-01,5.691248816266818444e+00,-5.756297833555071186e+00,8.916692442926837714e+01,0.000000000000000000e+00,0.000000000000000000e+00,0.000000000000000000e+00,2.531212568283081055e-01,3.215004503726959229e-01,1.728729307651519775e-01,2.375761568546295166e-01,9.080799218750000000e+04,8.686746875000000000e+04,3.420243750000000000e+04,7.456871093750000000e+04,-9.347936306004995108e+07
4.490999999999999659e+00,1.189069062902998297e+01,5.650879095779480110e+00,-9.098748531487828473e+01,-1.739954101562500000e+04,7.326677322387695312e+00,1.821590454101562500e+03,2.547806501388549805e-01,3.490009009838104248e-01,1.376307010650634766e-01,2.245499342679977417e-01,-1.189069062902998297e+01,-5.650879095779480110e+00,9.098748531487828473e+01,0.000000000000000000e+00,0.000000000000000000e+00,0.000000000000000000e+00,2.547806501388549805e-01,3.490009009838104248e-01,1.376307010650634766e-01,2.245499342679977417e-01,9.069404687500000000e+04,8.697923437500000000e+04,3.431348046875000000e+04,7.468325781250000000e+04,-9.348781510349206626e+07
4.491999999999999993e+00,2.948457004563076467e+01,4.999106848864641073e+00,-9.268082449161657621e+01,-1.743527148437500000e+04,1.412565994262695312e+01,1.814550659179687500e+03,2.555285990238189697e-01,3.735727667808532715e-01,1.097709685564041138e-01,2.139823436737060547e-01,-2.948457004563076467e+01,-4.999106848864641073e+00,9.268082449161657621e+01,0.000000000000000000e+00,0.000000000000000000e+00,0.000000000000000000e+00,2.555285990238189697e-01,3.735727667808532715e-01,1.097709685564041138e-01,2.139823436737060547e-01,9.059789062500000000e+04,8.709275000000000000e+04,3.442761328125000000e+04,7.479414062500000000e+04,-9.349729916966056824e+07
4.493000000000000327e+00,4.700741401189787183e+01,3.867208207007098331e+00,-9.410197595695649397e+01,-1.741153125000000000e+04,1.181712436676025391e+01,1.820449707031250000e+03,2.590052485466003418e-01,3.956209421157836914e-01,8.915293216705322266e-02,2.055249810218811035e-01,-4.700741401189787183e+01,-3.867208207007098331e+00,9.410197595695649397e+01,0.000000000000000000e+00,0.000000000000000000e+00,0.000000000000000000e+00,2.590052485466003418e-01,3.956209421157836914e-01,8.915293216705322266e-02,2.055249810218811035e-01,9.051935937500000000e+04,8.720447656250000000e+04,3.453825390625000000e+04,7.486721875000000000e+04,-9.350837900381097198e+07
4.493999999999999773e+00,6.442217996041790684e+01,2.398385351471686189e+00,-9.510474130546667482e+01,-1.735856835937500000e+04,7.531940937042236328e-02,1.784431152343750000e+03,2.649620771408081055e-01,4.150632321834564209e-01,7.627483457326889038e-02,1.995179951190948486e-01,-6.442217996041790684e+01,-2.398385351471686189e+00,9.510474130546667482e+01,0.000000000000000000e+00,0.000000000000000000e+00,0.000000000000000000e+00,2.649620771408081055e-01,4.150632321834564209e-01,7.627483457326889038e-02,1.995179951190948486e-01,9.043976562500000000e+04,8.732342968750000000e+04,3.465746093750000000e+04,7.485389843750000000e+04,-9.352157988515289128e+07
4.495000000000000107e+00,8.178333200312557949e+01,6.774808104573969425e-01,-9.563815232515354126e+01,-1.734540625000000000e+04,-1.006710243225097656e+01,1.808485107421875000e+03,2.761851549148559570e-01,4.325369596481323242e-01,6.932323426008224487e-02,1.951264441013336182e-01,-8.178333200312557949e+01,-6.774808104573969425e-01,9.563815232515354126e+01,0.000000000000000000e+00,0.000000000000000000e+00,0.000000000000000000e+00,2.761851549148559570e-01,4.325369596481323242e-01,6.932323426008224487e-02,1.951264441013336182e-01,9.039831250000000000e+04,8.743177343750000000e+04,3.461535156250000000e+04,7.478862500000000000e+04,-9.353741551370684803e+07
4.496000000000000441e+00,9.917285028449259698e+01,-1.096938163902496433e+00,-9.563512094139618114e+01,-1.738811914062500000e+04,-1.182325077056884766e+01,1.781210083007812500e+03,2.813131213188171387e-01,4.474418163299560547e-01,6.868598610162734985e-02,1.935206353664398193e-01,-9.917285028449259698e+01,1.096938163902496433e+00,9.563512094139618114e+01,0.000000000000000000e+00,0.000000000000000000e+00,0.000000000000000000e+00,2.813131213188171387e-01,4.474418163299560547e-01,6.868598610162734985e-02,1.935206353664398193e-01,9.039039843750000000e+04,8.754953906250000000e+04,3.447700000000000000e+04,7.466989062500000000e+04,-9.355639804757121205e+07
4.496999999999999886e+00,1.166224127999425662e+02,-2.802146053219133570e+00,-9.509230744808344582e+01,-1.742967773437500000e+04,-7.798877716064453125e+00,1.796322509765625000e+03,2.854179739952087402e-01,4.601379334926605225e-01,7.046089321374893188e-02,1.939279437065124512e-01,-1.166224127999425662e+02,2.802146053219133570e+00,9.509230744808344582e+01,0.000000000000000000e+00,0.000000000000000000e+00,0.000000000000000000e+00,2.854179739952087402e-01,4.601379334926605225e-01,7.046089321374893188e-02,1.939279437065124512e-01,9.050619531250000000e+04,8.765894531250000000e+04,3.427133203125000000e+04,7.451568750000000000e+04,-9.357904923369680345e+07
4.498000000000000220e+00,1.341008625079869887e+02,-4.246028246221624336e+00,-9.407878217673302856e+01,-1.741477343750000000e+04,-1.063854408264160156e+01,1.769754028320312500e+03,2.809831500053405762e-01,4.695427715778350830e-01,7.357629388570785522e-02,1.972669959068298340e-01,-1.341008625079869887e+02,4.246028246221624336e+00,9.407878217673302856e+01,0.000000000000000000e+00,0.000000000000000000e+00,0.000000000000000000e+00,2.809831500053405762e-01,4.695427715778350830e-01,7.357629388570785522e-02,1.972669959068298340e-01,9.061365625000000000e+04,8.777657031250000000e+04,3.409157031250000000e+04,7.436173437500000000e+04,-9.360590112103390694e+07
4.498999999999999666e+00,1.515836884806349474e+02,-5.343254054747228032e+00,-9.266003341232745072e+01,-1.736282031250000000e+04,-2.054528045654296875e+01,1.796333740234375000e+03,2.758333683013916016e-01,4.757585227489471436e-01,7.574695348739624023e-02,2.028273940086364746e-01,-1.515836884806349474e+02,5.343254054747228032e+00,9.266003341232745072e+01,0.000000000000000000e+00,0.000000000000000000e+00,0.000000000000000000e+00,2.758333683013916016e-01,4.757585227489471436e-01,7.574695348739624023e-02,2.028273940086364746e-01,9.072419531250000000e+04,8.788379687500000000e+04,3.393414453125000000e+04,7.424642968750000000e+04,-9.363749316780316830e+07
4.500000000000000000e+00,1.690941885893975609e+02,-5.968217117167617047e+00,-9.099340449492379435e+01,-1.734485546875000000e+04,-3.058228302001953125e+01,1.778873046875000000e+03,2.642079591751098633e-01,4.792020320892333984e-01,7.718258351087570190e-02,2.096706926822662354e-01,-1.690941885893975609e+02,5.968217117167617047e+00,9.099340449492379435e+01,0.000000000000000000e+00,0.000000000000000000e+00,0.000000000000000000e+00,2.642079591751098633e-01,4.792020320892333984e-01,7.718258351087570190e-02,2.096706926822662354e-01,9.078719531250000000e+04,8.799977343750000000e+04,3.380448828125000000e+04,7.416718750000000000e+04,-9.367440143169501424e+07
4.501000000000000334e+00,-1.733347611097674701e+02,-6.063754851972545268e+00,-8.921498565161046201e+01,-1.738326367187500000e+04,-3.014565467834472656e+01,1.777757080078125000e+03,2.537339627742767334e-01,4.810749888420104980e-01,7.736766338348388672e-02,2.161893695592880249e-01,1.733347611097674701e+02,6.063754851972545268e+00,8.921498565161046201e+01,0.000000000000000000e+00,0.000000000000000000e+00,0.000000000000000000e+00,2.537339627742767334e-01,4.810749888420104980e-01,7.736766338348388672e-02,2.161893695592880249e-01,9.085292968750000000e+04,8.811162500000000000e+04,3.367673046875000000e+04,7.409220312500000000e+04,-9.371244245389170945e+07
4.501999999999999780e+00,-1.557291469918518203e+02,-5.620405112630952438e+00,-8.751545128522121786e+01,-1.743125976562500000e+04,-2.374650955200195312e+01,1.754469726562500000e+03,3.017127215862274170e-01,6.120337918400764465e-02,3.892861008644104004e-01,3.231229484081268311e-01,1.557291469918518203e+02,5.620405112630952438e+00,8.751545128522121786e+01,0.000000000000000000e+00,0.000000000000000000e+00,0.000000000000000000e+00,3.017127215862274170e-01,6.120337918400764465e-02,3.892861008644104004e-01,3.231229484081268311e-01,9.075482812500000000e+04,8.822846875000000000e+04,3.356802343750000000e+04,7.411542187500000000e+04,-9.374438456428180635e+07
4.503000000000000114e+00,-1.381683313854835262e+02,-4.672678219024152035e+00,-8.601260987289333571e+01,-1.742460742187500000e+04,-2.210032653808593750e+01,1.778292114257812500e+03,2.942699491977691650e-01,8.198170363903045654e-02,3.873424530029296875e-01,3.254044950008392334e-01,1.381683313854835262e+02,4.672678219024152035e+00,8.601260987289333571e+01,0.000000000000000000e+00,0.000000000000000000e+00,0.000000000000000000e+00,2.942699491977691650e-01,8.198170363903045654e-02,3.873424530029296875e-01,3.254044950008392334e-01,9.087225781250000000e+04,8.799875000000000000e+04,3.367717187500000000e+04,7.423275781250000000e+04,-9.377089505505853891e+07
4.503999999999999559e+00,-1.207099321083466492e+02,-3.316911225205723568e+00,-8.485917389967187319e+01,-1.737664257812500000e+04,-2.752780723571777344e+01,1.784817138671875000e+03,2.852628231048583984e-01,1.059017404913902283e-01,3.800547122955322266e-01,3.243240118026733398e-01,1.207099321083466492e+02,3.316911225205723568e+00,8.485917389967187319e+01,0.000000000000000000e+00,0.000000000000000000e+00,0.000000000000000000e+00,2.852628231048583984e-01,1.059017404913902283e-01,3.800547122955322266e-01,3.243240118026733398e-01,9.098536718750000000e+04,8.777289843750000000e+04,3.378871093750000000e+04,7.434651562500000000e+04,-9.379267802406315506e+07
4.504999999999999893e+00,-1.033296925858511344e+02,-1.682664487850934698e+00,-8.416232339908208360e+01,-1.734845507812500000e+04,-3.283445358276367188e+01,1.782854980468750000e+03,2.786740362644195557e-01,1.320400238037109375e-01,3.658514618873596191e-01,3.201237916946411133e-01,1.033296925858511344e+02,1.682664487850934698e+00,8.416232339908208360e+01,0.000000000000000000e+00,0.000000000000000000e+00,0.000000000000000000e+00,2.786740362644195557e-01,1.320400238037109375e-01,3.658514618873596191e-01,3.201237916946411133e-01,9.109849218750000000e+04,8.754793750000000000e+04,3.390146093750000000e+04,7.445807812500000000e+04,-9.381044117747275531e+07
4.506000000000000227e+00,-8.594571855190200438e+01,6.754395969956192292e-02,-8.399318351967944807e+01,-1.738023046875000000e+04,-2.716822052001953125e+01,1.764909179687500000e+03,2.728170156478881836e-01,1.614407300949096680e-01,3.443514704704284668e-01,3.121724426746368408e-01,8.594571855190200438e+01,-6.754395969956192292e-02,8.399318351967944807e+01,0.000000000000000000e+00,0.000000000000000000e+00,0.000000000000000000e+00,2.728170156478881836e-01,1.614407300949096680e-01,3.443514704704284668e-01,3.121724426746368408e-01,9.120758593750000000e+04,8.732600781250000000e+04,3.401734765625000000e+04,7.456734375000000000e+04,-9.382487270345011353e+07
4.506999999999999673e+00,-6.851132052738681466e+01,1.795219887190281360e+00,-8.437124735580596280e+01,-1.742686718750000000e+04,-1.329402256011962891e+01,1.775332153320312500e+03,2.671700119972229004e-01,1.948302984237670898e-01,3.150925338268280029e-01,2.997814416885375977e-01,6.851132052738681466e+01,-1.795219887190281360e+00,8.437124735580596280e+01,0.000000000000000000e+00,0.000000000000000000e+00,0.000000000000000000e+00,2.671700119972229004e-01,1.948302984237670898e-01,3.150925338268280029e-01,2.997814416885375977e-01,9.124401562500000000e+04,8.709953125000000000e+04,3.412730078125000000e+04,7.468228906250000000e+04,-9.383669823468533158e+07
4.508000000000000007e+00,-5.103806283855973192e+01,3.337931832069756410e+00,-8.526947117261661901e+01,-1.743162500000000000e+04,-1.239250063896179199e+00,1.791582763671875000e+03,2.603421807289123535e-01,2.316138446331024170e-01,2.792892158031463623e-01,2.835564911365509033e-01,5.103806283855973192e+01,-3.337931832069756410e+00,8.526947117261661901e+01,0.000000000000000000e+00,0.000000000000000000e+00,0.000000000000000000e+00,2.603421807289123535e-01,2.316138446331024170e-01,2.792892158031463623e-01,2.835564911365509033e-01,9.123936718750000000e+04,8.687156250000000000e+04,3.423771484375000000e+04,7.479789062500000000e+04,-9.384658514304661751e+07
4.509000000000000341e+00,-3.356267978380331130e+01,4.540194745320229153e+00,-8.659601389948535655e+01,-1.738283789062500000e+04,1.512550354003906250e+00,1.794831420898437500e+03,2.556550502777099609e-01,2.684386968612670898e-01,2.389124184846878052e-01,2.656146287918090820e-01,3.356267978380331130e+01,-4.540194745320229153e+00,8.659601389948535655e+01,0.000000000000000000e+00,0.000000000000000000e+00,0.000000000000000000e+00,2.556550502777099609e-01,2.684386968612670898e-01,2.389124184846878052e-01,2.656146287918090820e-01,9.118510937500000000e+04,8.671148437500000000e+04,3.434902343750000000e+04,7.491030468750000000e+04,-9.385523107951249182e+07
4.509999999999999787e+00,-1.607533208312475992e+01,5.278354700659825482e+00,-8.820043021831912711e+01,-1.734866796875000000e+04,1.060000896453857422e+00,1.767472045898437500e+03,2.549369931221008301e-01,3.023719489574432373e-01,1.973732858896255493e-01,2.484094053506851196e-01,1.607533208312475992e+01,-5.278354700659825482e+00,8.820043021831912711e+01,0.000000000000000000e+00,0.000000000000000000e+00,0.000000000000000000e+00,2.549369931221008301e-01,3.023719489574432373e-01,1.973732858896255493e-01,2.484094053506851196e-01,9.109250781250000000e+04,8.682423437500000000e+04,3.446677734375000000e+04,7.501796093750000000e+04,-9.386329667273311317e+07
4.511000000000000121e+00,1.458341929598791609e+00,5.493571988253908245e+00,-8.995655617621275724e+01,-1.736745703125000000e+04,8.995443344116210938e+00,1.768303710937500000e+03,2.574680149555206299e-01,3.325975537300109863e-01,1.582225710153579712e-01,2.332101911306381226e-01,-1.458341929598791609e+00,-5.493571988253908245e+00,8.995655617621275724e+01,0.000000000000000000e+00,0.000000000000000000e+00,0.000000000000000000e+00,2.574680149555206299e-01,3.325975537300109863e-01,1.582225710153579712e-01,2.332101911306381226e-01,9.100239843750000000e+04,8.693724218750000000e+04,3.457919531250000000e+04,7.513126562500000000e+04,-9.387142116082656384e+07
4.511999999999999567e+00,1.904107915175885068e+01,5.158549763519708620e+00,-9.169025246298798493e+01,-1.742043164062500000e+04,2.257698631286621094e+01,1.765072998046875000e+03,2.582988440990447998e-01,3.597487807273864746e-01,1.258351802825927734e-01,2.204013168811798096e-01,-1.904107915175885068e+01,-5.158549763519708620e+00,9.169025246298798493e+01,0.000000000000000000e+00,0.000000000000000000e+00,0.000000000000000000e+00,2.582988440990447998e-01,3.597487807273864746e-01,1.258351802825927734e-01,2.204013168811798096e-01,9.093116406250000000e+04,8.704942187500000000e+04,3.469219531250000000e+04,7.524364062500000000e+04,-9.388021743655422330e+07
4.512999999999999901e+00,3.660265220484700421e+01,4.300104735141209389e+00,-9.324412141325960590e+01,-1.743206250000000000e+04,3.653849029541015625e+01,1.777059570312500000e+03,2.600725889205932617e-01,3.839326500892639160e-01,1.008182987570762634e-01,2.099974453449249268e-01,-3.660265220484700421e+01,-4.300104735141209389e+00,9.324412141325960590e+01,0.000000000000000000e+00,0.000000000000000000e+00,0.000000000000000000e+00,2.600725889205932617e-01,3.839326500892639160e-01,1.008182987570762634e-01,2.099974453449249268e-01,9.087058593750000000e+04,8.716039843750000000e+04,3.480310937500000000e+04,7.527631250000000000e+04,-9.389027014778152108e+07
4.514000000000000234e+00,5.407126619895090158e+01,3.037788524819395430e+00,-9.444416384350283522e+01,-1.739047851562500000e+04,3.563491058349609375e+01,1.746327270507812500e+03,2.635941505432128906e-01,4.056485593318939209e-01,8.367903530597686768e-02,2.016787230968475342e-01,-5.407126619895090158e+01,-3.037788524819395430e+00,9.444416384350283522e+01,0.000000000000000000e+00,0.000000000000000000e+00,0.000000000000000000e+00,2.635941505432128906e-01,4.056485593318939209e-01,8.367903530597686768e-02,2.016787230968475342e-01,9.081654687500000000e+04,8.727748437500000000e+04,3.486181640625000000e+04,7.522418750000000000e+04,-9.390212277785310149e+07
4.514999999999999680e+00,7.144887564770409938e+01,1.460310863569400652e+00,-9.521994333450938086e+01,-1.734580078125000000e+04,3.291968154907226562e+01,1.764064208984375000e+03,2.734573781490325928e-01,4.248172044754028320e-01,7.292454689741134644e-02,1.955050528049468994e-01,-7.144887564770409938e+01,-1.460310863569400652e+00,9.521994333450938086e+01,0.000000000000000000e+00,0.000000000000000000e+00,0.000000000000000000e+00,2.734573781490325928e-01,4.248172044754028320e-01,7.292454689741134644e-02,1.955050528049468994e-01,9.079721093750000000e+04,8.738736718750000000e+04,3.477177343750000000e+04,7.512006250000000000e+04,-9.391629668980087340e+07
4.516000000000000014e+00,8.881260059984516886e+01,-2.590314603174220243e-01,-9.548675388511860262e+01,-1.735960156250000000e+04,3.195391845703125000e+01,1.746303833007812500e+03,2.805000543594360352e-01,4.416712224483489990e-01,6.911434233188629150e-02,1.915972381830215454e-01,-8.881260059984516886e+01,2.590314603174220243e-01,9.548675388511860262e+01,0.000000000000000000e+00,0.000000000000000000e+00,0.000000000000000000e+00,2.805000543594360352e-01,4.416712224483489990e-01,6.911434233188629150e-02,1.915972381830215454e-01,9.084214062500000000e+04,8.750288281250000000e+04,3.459933984375000000e+04,7.496554687500000000e+04,-9.393330215509100258e+07
4.517000000000000348e+00,1.062312294350197561e+02,-1.997736790960908282e+00,-9.521292859157425426e+01,-1.741186718750000000e+04,4.399363327026367188e+01,1.766368530273437500e+03,2.868098616600036621e-01,4.560997188091278076e-01,6.916458159685134888e-02,1.900589019060134888e-01,-1.062312294350197561e+02,1.997736790960908282e+00,9.521292859157425426e+01,0.000000000000000000e+00,0.000000000000000000e+00,0.000000000000000000e+00,2.868098616600036621e-01,4.560997188091278076e-01,6.916458159685134888e-02,1.900589019060134888e-01,9.094184375000000000e+04,8.761217187500000000e+04,3.439383593750000000e+04,7.479047656250000000e+04,-9.395365672192154825e+07
4.517999999999999794e+00,1.237034245558958361e+02,-3.541921067017545166e+00,-9.443564566532774052e+01,-1.743330859375000000e+04,5.225214385986328125e+01,1.734259765625000000e+03,2.846902012825012207e-01,4.677020311355590820e-01,7.164455205202102661e-02,1.911218911409378052e-01,-1.237034245558958361e+02,3.541921067017545166e+00,9.443564566532774052e+01,0.000000000000000000e+00,0.000000000000000000e+00,0.000000000000000000e+00,2.846902012825012207e-01,4.677020311355590820e-01,7.164455205202102661e-02,1.911218911409378052e-01,9.104894531250000000e+04,8.773054687500000000e+04,3.420194140625000000e+04,7.459952343750000000e+04,-9.397788989554548264e+07
4.519000000000000128e+00,1.411920389075756930e+02,-4.805716368068722488e+00,-9.320326362667336184e+01,-1.739754101562500000e+04,5.425846099853515625e+01,1.768866821289062500e+03,2.818258404731750488e-01,4.759863615036010742e-01,7.369091361761093140e-02,1.948152035474777222e-01,-1.411920389075756930e+02,4.805716368068722488e+00,9.320326362667336184e+01,0.000000000000000000e+00,0.000000000000000000e+00,0.000000000000000000e+00,2.818258404731750488e-01,4.759863615036010742e-01,7.369091361761093140e-02,1.948152035474777222e-01,9.116689062500000000e+04,8.783709375000000000e+04,3.400292187500000000e+04,7.442514062500000000e+04,-9.400653503065682948e+07
4.519999999999999574e+00,1.586841569713570834e+02,-5.639861361698866205e+00,-9.166182254353685721e+01,-1.735044726562500000e+04,4.724743270874023438e+01,1.753084472656250000e+03,2.709252834320068359e-01,4.810554385185241699e-01,7.533020526170730591e-02,2.005086839199066162e-01,-1.586841569713570834e+02,5.639861361698866205e+00,9.166182254353685721e+01,0.000000000000000000e+00,0.000000000000000000e+00,0.000000000000000000e+00,2.709252834320068359e-01,4.810554385185241699e-01,7.533020526170730591e-02,2.005086839199066162e-01,9.127685937500000000e+04,8.795293750000000000e+04,3.383848046875000000e+04,7.425429687500000000e+04,-9.404014939007872343e+07
4.520999999999999908e+00,1.762212180297355246e+02,-5.976614334458416167e+00,-8.992117343754799208e+01,-1.735952343750000000e+04,4.770495605468750000e+01,1.770274169921875000e+03,2.615146040916442871e-01,4.838017821311950684e-01,7.567066699266433716e-02,2.069965600967407227e-01,-1.762212180297355246e+02,5.976614334458416167e+00,8.992117343754799208e+01,0.000000000000000000e+00,0.000000000000000000e+00,0.000000000000000000e+00,2.615146040916442871e-01,4.838017821311950684e-01,7.567066699266433716e-02,2.069965600967407227e-01,9.137475781250000000e+04,8.806203125000000000e+04,3.368818359375000000e+04,7.411985937500000000e+04,-9.407932484511388838e+07
4.522000000000000242e+00,-1.661912922483980140e+02,-5.770312285066938607e+00,-8.819384458917396330e+01,-1.740939453125000000e+04,5.550637817382812500e+01,1.736388793945312500e+03,2.482610642910003662e-01,4.855346381664276123e-01,7.480270415544509888e-02,2.120065987110137939e-01,1.661912922483980140e+02,5.770312285066938607e+00,8.819384458917396330e+01,0.000000000000000000e+00,0.000000000000000000e+00,0.000000000000000000e+00,2.482610642910003662e-01,4.855346381664276123e-01,7.480270415544509888e-02,2.120065987110137939e-01,9.138594531250000000e+04,8.818088281250000000e+04,3.356510937500000000e+04,7.402331250000000000e+04,-9.411475584146036208e+07
4.522999999999999687e+00,-1.485967316188628047e+02,-5.036475183177502757e+00,-8.659585539413940580e+01,-1.744271289062500000e+04,6.613980865478515625e+01,1.757513671875000000e+03,2.985144853591918945e-01,7.504509389400482178e-02,3.869683146476745605e-01,3.191176354885101318e-01,1.485967316188628047e+02,5.036475183177502757e+00,8.659585539413940580e+01,0.000000000000000000e+00,0.000000000000000000e+00,0.000000000000000000e+00,2.985144853591918945e-01,7.504509389400482178e-02,3.869683146476745605e-01,3.191176354885101318e-01,9.133828125000000000e+04,8.828906250000000000e+04,3.343736718750000000e+04,7.398762500000000000e+04,-9.414436103836187720e+07
4.524000000000000021e+00,-1.310816490484699557e+02,-3.854427677541979680e+00,-8.529345288416976700e+01,-1.741276367187500000e+04,6.612702941894531250e+01,1.761451049804687500e+03,2.886049747467041016e-01,9.845224767923355103e-02,3.826715946197509766e-01,3.187980949878692627e-01,1.310816490484699557e+02,3.854427677541979680e+00,8.529345288416976700e+01,0.000000000000000000e+00,0.000000000000000000e+00,0.000000000000000000e+00,2.886049747467041016e-01,9.845224767923355103e-02,3.826715946197509766e-01,3.187980949878692627e-01,9.119495312500000000e+04,8.840152343750000000e+04,3.330955859375000000e+04,7.398769531250000000e+04,-9.416883326679676771e+07
4.525000000000000355e+00,-1.136635661392447787e+02,-2.327745988314082304e+00,-8.439392285676647987e+01,-1.736819335937500000e+04,5.898005294799804688e+01,1.777126098632812500e+03,2.814513742923736572e-01,1.236121281981468201e-01,3.717946112155914307e-01,3.156420886516571045e-01,1.136635661392447787e+02,2.327745988314082304e+00,8.439392285676647987e+01,0.000000000000000000e+00,0.000000000000000000e+00,0.000000000000000000e+00,2.814513742923736572e-01,1.236121281981468201e-01,3.717946112155914307e-01,3.156420886516571045e-01,9.130942968750000000e+04,8.817289843750000000e+04,3.341942187500000000e+04,7.410226562500000000e+04,-9.418888042568080127e+07
4.525999999999999801e+00,-9.628794696663445052e+01,-6.141552457741104032e-01,-8.399326809277036432e+01,-1.736396093750000000e+04,5.609530639648437500e+01,1.765634765625000000e+03,2.746109068393707275e-01,1.516030430793762207e-01,3.541500270366668701e-01,3.091741800308227539e-01,9.628794696663445052e+01,6.141552457741104032e-01,8.399326809277036432e+01,0.000000000000000000e+00,0.000000000000000000e+00,0.000000000000000000e+00,2.746109068393707275e-01,1.516030430793762207e-01,3.541500270366668701e-01,3.091741800308227539e-01,9.142075781250000000e+04,8.795018750000000000e+04,3.353406250000000000e+04,7.421243750000000000e+04,-9.420520704068341851e+07
4.527000000000000135e+00,-7.887318599114092876e+01,1.134220102578088918e+00,-8.413205260260062346e+01,-1.741277734375000000e+04,6.510637664794921875e+01,1.759438964843750000e+03,2.691586613655090332e-01,1.828158199787139893e-01,3.287844061851501465e-01,2.987774312496185303e-01,7.887318599114092876e+01,-1.134220102578088918e+00,8.413205260260062346e+01,0.000000000000000000e+00,0.000000000000000000e+00,0.000000000000000000e+00,2.691586613655090332e-01,1.828158199787139893e-01,3.287844061851501465e-01,2.987774312496185303e-01,9.150864843750000000e+04,8.772535937500000000e+04,3.364791406250000000e+04,7.432402343750000000e+04,-9.421850750888217986e+07
4.527999999999999581e+00,-6.140020407723660867e+01,2.787851565372008622e+00,-8.481301415634766272e+01,-1.744826171875000000e+04,7.854207611083984375e+01,1.793405029296875000e+03,2.628207206726074219e-01,2.179916203022003174e-01,2.961736917495727539e-01,2.840768694877624512e-01,6.140020407723660867e+01,-2.787851565372008622e+00,8.481301415634766272e+01,0.000000000000000000e+00,0.000000000000000000e+00,0.000000000000000000e+00,2.628207206726074219e-01,2.179916203022003174e-01,2.961736917495727539e-01,2.840768694877624512e-01,9.151607812500000000e+04,8.749496875000000000e+04,3.375417968750000000e+04,7.444314062500000000e+04,-9.422947851342953742e+07
4.528999999999999915e+00,-4.390028703256375309e+01,4.154890287479246602e+00,-8.596394245566796144e+01,-1.742881445312500000e+04,8.426744842529296875e+01,1.790560546875000000e+03,2.555131912231445312e-01,2.553193867206573486e-01,2.582875490188598633e-01,2.664883136749267578e-01,4.390028703256375309e+01,-4.154890287479246602e+00,8.596394245566796144e+01,0.000000000000000000e+00,0.000000000000000000e+00,0.000000000000000000e+00,2.555131912231445312e-01,2.553193867206573486e-01,2.582875490188598633e-01,2.664883136749267578e-01,9.147075000000000000e+04,8.727002343750000000e+04,3.386766015625000000e+04,7.455482031250000000e+04,-9.423881281114690006e+07
4.530000000000000249e+00,-2.639822816069844436e+01,5.124895173389641734e+00,-8.748905755073876378e+01,-1.737724414062500000e+04,8.238762664794921875e+01,1.808276123046875000e+03,2.535712420940399170e-01,2.905511260032653809e-01,2.167878150939941406e-01,2.486159652471542358e-01,2.639822816069844436e+01,-5.124895173389641734e+00,8.748905755073876378e+01,0.000000000000000000e+00,0.000000000000000000e+00,0.000000000000000000e+00,2.535712420940399170e-01,2.905511260032653809e-01,2.167878150939941406e-01,2.486159652471542358e-01,9.137918750000000000e+04,8.726946875000000000e+04,3.397634765625000000e+04,7.466978906250000000e+04,-9.424719027733857930e+07
4.530999999999999694e+00,-8.874961271661275575e+00,5.580758122818652467e+00,-8.919227432237606479e+01,-1.736300585937500000e+04,7.968889617919921875e+01,1.760920898437500000e+03,2.529782354831695557e-01,3.225323259830474854e-01,1.769874393939971924e-01,2.325289696455001831e-01,8.874961271661275575e+00,-5.580758122818652467e+00,8.919227432237606479e+01,0.000000000000000000e+00,0.000000000000000000e+00,0.000000000000000000e+00,2.529782354831695557e-01,3.225323259830474854e-01,1.769874393939971924e-01,2.325289696455001831e-01,9.126358593750000000e+04,8.739018750000000000e+04,3.409744921875000000e+04,7.477438281250000000e+04,-9.425525544893617928e+07
4.532000000000000028e+00,8.703473245064708763e+00,5.496083187044781049e+00,-9.099562281716684708e+01,-1.740294921875000000e+04,8.769057464599609375e+01,1.801719360351562500e+03,2.571329474449157715e-01,3.506487905979156494e-01,1.402322649955749512e-01,2.187666743993759155e-01,-8.703473245064708763e+00,-5.496083187044781049e+00,9.099562281716684708e+01,0.000000000000000000e+00,0.000000000000000000e+00,0.000000000000000000e+00,2.571329474449157715e-01,3.506487905979156494e-01,1.402322649955749512e-01,2.187666743993759155e-01,9.116247656250000000e+04,8.749585937500000000e+04,3.420282812500000000e+04,7.489464843750000000e+04,-9.426364160968498886e+07
4.533000000000000362e+00,2.630077128825924859e+01,4.872977718893711341e+00,-9.265858610751615743e+01,-1.744562890625000000e+04,9.651232910156250000e+01,1.773722167968750000e+03,2.556172609329223633e-01,3.758815228939056396e-01,1.126291677355766296e-01,2.078515440225601196e-01,-2.630077128825924859e+01,-4.872977718893711341e+00,9.265858610751615743e+01,0.000000000000000000e+00,0.000000000000000000e+00,0.000000000000000000e+00,2.556172609329223633e-01,3.758815228939056396e-01,1.126291677355766296e-01,2.078515440225601196e-01,9.108082031250000000e+04,8.761370312500000000e+04,3.432048828125000000e+04,7.491717187500000000e+04,-9.427294269974663854e+07
4.533999999999999808e+00,4.384132755143185278e+01,3.759115638922781333e+00,-9.407572735430834143e+01,-1.743246484375000000e+04,9.998510742187500000e+01,1.803512817382812500e+03,2.602353096008300781e-01,3.984273672103881836e-01,9.084465354681015015e-02,1.988792419433593750e-01,-4.384132755143185278e+01,-3.759115638922781333e+00,9.407572735430834143e+01,0.000000000000000000e+00,0.000000000000000000e+00,0.000000000000000000e+00,2.602353096008300781e-01,3.984273672103881836e-01,9.084465354681015015e-02,1.988792419433593750e-01,9.100098437500000000e+04,8.772079687500000000e+04,3.442827734375000000e+04,7.486732031250000000e+04,-9.428372913517573476e+07
4.535000000000000142e+00,6.127599761531440947e+01,2.313569107477594589e+00,-9.507259282239674292e+01,-1.738050390625000000e+04,8.873903656005859375e+01,1.759646240234375000e+03,2.641468644142150879e-01,4.183177351951599121e-01,7.775669544935226440e-02,1.925336867570877075e-01,-6.127599761531440947e+01,-2.313569107477594589e+00,9.507259282239674292e+01,0.000000000000000000e+00,0.000000000000000000e+00,0.000000000000000000e+00,2.641468644142150879e-01,4.183177351951599121e-01,7.775669544935226440e-02,1.925336867570877075e-01,9.094271875000000000e+04,8.784132812500000000e+04,3.441672265625000000e+04,7.473950781250000000e+04,-9.429652803356747329e+07
4.535999999999999588e+00,7.864815514752297076e+01,6.075366359872510502e-01,-9.561047224102902931e+01,-1.735703710937500000e+04,7.968843841552734375e+01,1.793843872070312500e+03,2.759729921817779541e-01,4.360416233539581299e-01,6.997792422771453857e-02,1.879576742649078369e-01,-7.864815514752297076e+01,-6.075366359872510502e-01,9.561047224102902931e+01,0.000000000000000000e+00,0.000000000000000000e+00,0.000000000000000000e+00,2.759729921817779541e-01,4.360416233539581299e-01,6.997792422771453857e-02,1.879576742649078369e-01,9.092760937500000000e+04,8.794736718750000000e+04,3.428514843750000000e+04,7.458078906250000000e+04,-9.431185529737849534e+07
4.536999999999999922e+00,9.604419421965769743e+01,-1.159030287973892070e+00,-9.561671063931082415e+01,-1.739469335937500000e+04,7.584989929199218750e+01,1.771763061523437500e+03,2.808495461940765381e-01,4.511590003967285156e-01,6.881614774465560913e-02,1.861219853162765503e-01,-9.604419421965769743e+01,1.159030287973892070e+00,9.561671063931082415e+01,0.000000000000000000e+00,0.000000000000000000e+00,0.000000000000000000e+00,2.808495461940765381e-01,4.511590003967285156e-01,6.881614774465560913e-02,1.861219853162765503e-01,9.098632031250000000e+04,8.806416406250000000e+04,3.409988671875000000e+04,7.438058593750000000e+04,-9.433022368332648277e+07
4.538000000000000256e+00,1.135076164549417967e+02,-2.862778008135288488e+00,-9.508362404041653804e+01,-1.744330468750000000e+04,8.095326232910156250e+01,1.790179809570312500e+03,2.852146029472351074e-01,4.638853073120117188e-01,7.017721235752105713e-02,1.865618824958801270e-01,-1.135076164549417967e+02,2.862778008135288488e+00,9.508362404041653804e+01,0.000000000000000000e+00,0.000000000000000000e+00,0.000000000000000000e+00,2.852146029472351074e-01,4.638853073120117188e-01,7.017721235752105713e-02,1.865618824958801270e-01,9.105103906250000000e+04,8.817272656250000000e+04,3.390409375000000000e+04,7.417750781250000000e+04,-9.435215675337834656e+07
4.538999999999999702e+00,1.310130756477725811e+02,-4.310479202626835260e+00,-9.407550184990952857e+01,-1.744101367187500000e+04,7.843776702880859375e+01,1.768067138671875000e+03,2.809998989105224609e-01,4.734658300876617432e-01,7.299201935529708862e-02,1.897324025630950928e-01,-1.310130756477725811e+02,4.310479202626835260e+00,9.407550184990952857e+01,0.000000000000000000e+00,0.000000000000000000e+00,0.000000000000000000e+00,2.809998989105224609e-01,4.734658300876617432e-01,7.299201935529708862e-02,1.897324025630950928e-01,9.115961718750000000e+04,8.828942187500000000e+04,3.372998437500000000e+04,7.397619531250000000e+04,-9.437818995964831114e+07
4.540000000000000036e+00,1.485259465794960079e+02,-5.411487647611006757e+00,-9.266386057332589132e+01,-1.739183398437500000e+04,6.819734191894531250e+01,1.791801635742187500e+03,2.758609056472778320e-01,4.797697365283966064e-01,7.497540116310119629e-02,1.953482478857040405e-01,-1.485259465794960079e+02,5.411487647611006757e+00,9.266386057332589132e+01,0.000000000000000000e+00,0.000000000000000000e+00,0.000000000000000000e+00,2.758609056472778320e-01,4.797697365283966064e-01,7.497540116310119629e-02,1.953482478857040405e-01,9.125618750000000000e+04,8.839720312500000000e+04,3.357673828125000000e+04,7.381238281250000000e+04,-9.440886579171055555e+07
4.541000000000000369e+00,1.660584110718282886e+02,-6.048062394311474854e+00,-9.099267262782292676e+01,-1.736420703125000000e+04,5.493382263183593750e+01,1.786502441406250000e+03,2.647776007652282715e-01,4.832290709018707275e-01,7.618846744298934937e-02,2.023319453001022339e-01,-1.660584110718282886e+02,6.048062394311474854e+00,9.099267262782292676e+01,0.000000000000000000e+00,0.000000000000000000e+00,0.000000000000000000e+00,2.647776007652282715e-01,4.832290709018707275e-01,7.618846744298934937e-02,2.023319453001022339e-01,9.130930468750000000e+04,8.851101562500000000e+04,3.344809765625000000e+04,7.368952343750000000e+04,-9.444475743312893808e+07
4.541999999999999815e+00,-1.763535711602027050e+02,-6.157096153843643727e+00,-8.920564069689439179e+01,-1.739662695312500000e+04,5.103684616088867188e+01,1.786376586914062500e+03,2.538366913795471191e-01,4.849389195442199707e-01,7.619476318359375000e-02,2.092201858758926392e-01,1.763535711602027050e+02,6.157096153843643727e+00,8.920564069689439179e+01,0.000000000000000000e+00,0.000000000000000000e+00,0.000000000000000000e+00,2.538366913795471191e-01,4.849389195442199707e-01,7.619476318359375000e-02,2.092201858758926392e-01,9.128357031250000000e+04,8.862303906250000000e+04,3.333140234375000000e+04,7.362214843750000000e+04,-9.448385357135508955e+07
4.543000000000000149e+00,-1.587252669974750461e+02,-5.724277014928468077e+00,-8.748583942659504942e+01,-1.744891406250000000e+04,5.371367645263671875e+01,1.770493774414062500e+03,3.003677129745483398e-01,6.356985121965408325e-02,3.885946571826934814e-01,3.181839287281036377e-01,1.587252669974750461e+02,5.724277014928468077e+00,8.748583942659504942e+01,0.000000000000000000e+00,0.000000000000000000e+00,0.000000000000000000e+00,3.003677129745483398e-01,6.356985121965408325e-02,3.885946571826934814e-01,3.181839287281036377e-01,9.117782812500000000e+04,8.873853906250000000e+04,3.322067578125000000e+04,7.360563281250000000e+04,-9.451673382118603587e+07
4.543999999999999595e+00,-1.411288792158216836e+02,-4.788678296544868651e+00,-8.596806958373876739e+01,-1.745592968750000000e+04,5.244324874877929688e+01,1.783646728515625000e+03,2.923449277877807617e-01,8.418662101030349731e-02,3.873233795166015625e-01,3.206092417240142822e-01,1.411288792158216836e+02,4.788678296544868651e+00,8.596806958373876739e+01,0.000000000000000000e+00,0.000000000000000000e+00,0.000000000000000000e+00,2.923449277877807617e-01,8.418662101030349731e-02,3.873233795166015625e-01,3.206092417240142822e-01,9.129211718750000000e+04,8.851100000000000000e+04,3.333021093750000000e+04,7.372078125000000000e+04,-9.454406462216253579e+07
4.544999999999999929e+00,-1.236321366978809948e+02,-3.430796429158948335e+00,-8.478434025401728036e+01,-1.741046875000000000e+04,4.324257278442382812e+01,1.805810424804687500e+03,2.836284935474395752e-01,1.076659783720970154e-01,3.806574046611785889e-01,3.198122382164001465e-01,1.236321366978809948e+02,3.430796429158948335e+00,8.478434025401728036e+01,0.000000000000000000e+00,0.000000000000000000e+00,0.000000000000000000e+00,2.836284935474395752e-01,1.076659783720970154e-01,3.806574046611785889e-01,3.198122382164001465e-01,9.140848437500000000e+04,8.828245312500000000e+04,3.343958984375000000e+04,7.383777343750000000e+04,-9.456654968210346997e+07
4.546000000000000263e+00,-1.062207368683569655e+02,-1.787782457885504828e+00,-8.405504173591222639e+01,-1.737676562500000000e+04,3.186723327636718750e+01,1.803910644531250000e+03,2.760164141654968262e-01,1.336487829685211182e-01,3.673770427703857422e-01,3.158217966556549072e-01,1.062207368683569655e+02,1.787782457885504828e+00,8.405504173591222639e+01,0.000000000000000000e+00,0.000000000000000000e+00,0.000000000000000000e+00,2.760164141654968262e-01,1.336487829685211182e-01,3.673770427703857422e-01,3.158217966556549072e-01,9.151264062500000000e+04,8.805778906250000000e+04,3.355161718750000000e+04,7.394942187500000000e+04,-9.458490097325167060e+07
4.546999999999999709e+00,-8.881663725453016411e+01,-3.390992699424888457e-03,-8.384998912247949931e+01,-1.739947851562500000e+04,3.032867431640625000e+01,1.802797363281250000e+03,2.702894210815429688e-01,1.623080074787139893e-01,3.466855883598327637e-01,3.083621263504028320e-01,8.881663725453016411e+01,3.390992699424888457e-03,8.384998912247949931e+01,0.000000000000000000e+00,0.000000000000000000e+00,0.000000000000000000e+00,2.702894210815429688e-01,1.623080074787139893e-01,3.466855883598327637e-01,3.083621263504028320e-01,9.156206250000000000e+04,8.783295312500000000e+04,3.366503125000000000e+04,7.406131250000000000e+04,-9.459981018899221718e+07
4.548000000000000043e+00,-7.135920252847036238e+01,1.743129845783197185e+00,-8.419355419521322403e+01,-1.745081445312500000e+04,3.791434097290039062e+01,1.786477172851562500e+03,2.638491988182067871e-01,1.950935423374176025e-01,3.185283541679382324e-01,2.965191602706909180e-01,7.135920252847036238e+01,-1.743129845783197185e+00,8.419355419521322403e+01,0.000000000000000000e+00,0.000000000000000000e+00,0.000000000000000000e+00,2.638491988182067871e-01,1.950935423374176025e-01,3.185283541679382324e-01,2.965191602706909180e-01,9.156631250000000000e+04,8.761107031250000000e+04,3.378000781250000000e+04,7.417118750000000000e+04,-9.461200391784739494e+07
4.549000000000000377e+00,-5.385518023511485097e+01,3.336699672132095174e+00,-8.507109838533001778e+01,-1.746366601562500000e+04,4.541541290283203125e+01,1.825288085937500000e+03,2.585355937480926514e-01,2.307412624359130859e-01,2.830298244953155518e-01,2.808406651020050049e-01,5.385518023511485097e+01,-3.336699672132095174e+00,8.507109838533001778e+01,0.000000000000000000e+00,0.000000000000000000e+00,0.000000000000000000e+00,2.585355937480926514e-01,2.307412624359130859e-01,2.830298244953155518e-01,2.808406651020050049e-01,9.153527343750000000e+04,8.737925000000000000e+04,3.388648828125000000e+04,7.429111718750000000e+04,-9.462215252363073826e+07
4.549999999999999822e+00,-3.634155172354046215e+01,4.587489212661244764e+00,-8.638133850218416399e+01,-1.742163867187500000e+04,4.315442657470703125e+01,1.815606811523437500e+03,2.522088289260864258e-01,2.674554884433746338e-01,2.436143606901168823e-01,2.632361650466918945e-01,3.634155172354046215e+01,-4.587489212661244764e+00,8.638133850218416399e+01,0.000000000000000000e+00,0.000000000000000000e+00,0.000000000000000000e+00,2.522088289260864258e-01,2.674554884433746338e-01,2.436143606901168823e-01,2.632361650466918945e-01,9.145767968750000000e+04,8.720296875000000000e+04,3.400085156250000000e+04,7.440171875000000000e+04,-9.463095601271112263e+07
4.551000000000000156e+00,-1.881766583325119768e+01,5.396131433395082944e+00,-8.801444585985224478e+01,-1.738031640625000000e+04,3.666765975952148438e+01,1.823392211914062500e+03,2.520693540573120117e-01,3.010832071304321289e-01,2.017992138862609863e-01,2.461823821067810059e-01,1.881766583325119768e+01,-5.396131433395082944e+00,8.801444585985224478e+01,0.000000000000000000e+00,0.000000000000000000e+00,0.000000000000000000e+00,2.520693540573120117e-01,3.010832071304321289e-01,2.017992138862609863e-01,2.461823821067810059e-01,9.134095312500000000e+04,8.729128906250000000e+04,3.411166015625000000e+04,7.451500781250000000e+04,-9.463908577817299962e+07
4.551999999999999602e+00,-1.253694485298888717e+00,5.670474011009577708e+00,-8.977529620446708236e+01,-1.739278125000000000e+04,3.543122482299804688e+01,1.780462890625000000e+03,2.525442838668823242e-01,3.312549889087677002e-01,1.631281226873397827e-01,2.313224673271179199e-01,1.253694485298888717e+00,-5.670474011009577708e+00,8.977529620446708236e+01,0.000000000000000000e+00,0.000000000000000000e+00,0.000000000000000000e+00,2.525442838668823242e-01,3.312549889087677002e-01,1.631281226873397827e-01,2.313224673271179199e-01,9.121609375000000000e+04,8.741159375000000000e+04,3.423177343750000000e+04,7.462028125000000000e+04,-9.464717910800696909e+07
4.552999999999999936e+00,1.636325559730389401e+01,5.391637068622407547e+00,-9.156355248345703046e+01,-1.744313867187500000e+04,4.254327392578125000e+01,1.808117187500000000e+03,2.563332319259643555e-01,3.580753803253173828e-01,1.288292258977890015e-01,2.186184227466583252e-01,-1.636325559730389401e+01,-5.391637068622407547e+00,9.156355248345703046e+01,0.000000000000000000e+00,0.000000000000000000e+00,0.000000000000000000e+00,2.563332319259643555e-01,3.580753803253173828e-01,1.288292258977890015e-01,2.186184227466583252e-01,9.111085937500000000e+04,8.751860937500000000e+04,3.433878906250000000e+04,7.473833593750000000e+04,-9.465585981803438067e+07
4.554000000000000270e+00,3.396954410099225896e+01,4.586875372183810917e+00,-9.316828006946336416e+01,-1.746529687500000000e+04,4.868256378173828125e+01,1.796060058593750000e+03,2.560076117515563965e-01,3.819906115531921387e-01,1.037046313285827637e-01,2.088027745485305786e-01,-3.396954410099225896e+01,-4.586875372183810917e+00,9.316828006946336416e+01,0.000000000000000000e+00,0.000000000000000000e+00,0.000000000000000000e+00,2.560076117515563965e-01,3.819906115531921387e-01,1.037046313285827637e-01,2.088027745485305786e-01,9.102725000000000000e+04,8.763361718750000000e+04,3.445400781250000000e+04,7.476624218750000000e+04,-9.466571511579759419e+07
4.554999999999999716e+00,5.148860552405593438e+01,3.333524800585986991e+00,-9.446325001347764783e+01,-1.742818359375000000e+04,4.420742797851562500e+01,1.806354003906250000e+03,2.607506513595581055e-01,4.034495651721954346e-01,8.514758199453353882e-02,2.008888572454452515e-01,-5.148860552405593438e+01,-3.333524800585986991e+00,9.446325001347764783e+01,0.000000000000000000e+00,0.000000000000000000e+00,0.000000000000000000e+00,2.607506513595581055e-01,4.034495651721954346e-01,8.514758199453353882e-02,2.008888572454452515e-01,9.095076562500000000e+04,8.774371093750000000e+04,3.456444140625000000e+04,7.479677343750000000e+04,-9.467730061028711498e+07
4.556000000000000050e+00,6.890931166106150840e+01,1.783195078153722912e+00,-9.531506706517465943e+01,-1.738130273437500000e+04,3.215191268920898438e+01,1.775019165039062500e+03,2.673166394233703613e-01,4.222955405712127686e-01,7.435135543346405029e-02,1.954709738492965698e-01,-6.890931166106150840e+01,-1.783195078153722912e+00,9.531506706517465943e+01,0.000000000000000000e+00,0.000000000000000000e+00,0.000000000000000000e+00,2.673166394233703613e-01,4.222955405712127686e-01,7.435135543346405029e-02,1.954709738492965698e-01,9.089935156250000000e+04,8.786182031250000000e+04,3.450153906250000000e+04,7.468775000000000000e+04,-9.469113724531504512e+07
4.557000000000000384e+00,8.629915796478934453e+01,4.019451781486194780e-02,-9.567261031113915237e+01,-1.738276171875000000e+04,2.507342529296875000e+01,1.785949218750000000e+03,2.782288789749145508e-01,4.391706883907318115e-01,6.914514303207397461e-02,1.917102932929992676e-01,-8.629915796478934453e+01,-4.019451781486194780e-02,9.567261031113915237e+01,0.000000000000000000e+00,0.000000000000000000e+00,0.000000000000000000e+00,2.782288789749145508e-01,4.391706883907318115e-01,6.914514303207397461e-02,1.917102932929992676e-01,9.090422656250000000e+04,8.797225000000000000e+04,3.434328125000000000e+04,7.454854687500000000e+04,-9.470772803995981812e+07
4.557999999999999829e+00,1.037378691200336931e+02,-1.729024073947448281e+00,-9.549062730962424439e+01,-1.743462695312500000e+04,2.661425209045410156e+01,1.785235595703125000e+03,2.832574844360351562e-01,4.535262286663055420e-01,6.926335394382476807e-02,1.905594319105148315e-01,-1.037378691200336931e+02,1.729024073947448281e+00,9.549062730962424439e+01,0.000000000000000000e+00,0.000000000000000000e+00,0.000000000000000000e+00,2.832574844360351562e-01,4.535262286663055420e-01,6.926335394382476807e-02,1.905594319105148315e-01,9.098282031250000000e+04,8.808514062500000000e+04,3.414652734375000000e+04,7.438133593750000000e+04,-9.472762103487761319e+07
4.559000000000000163e+00,1.212338592728660842e+02,-3.362406409897613635e+00,-9.478064548070598505e+01,-1.746304492187500000e+04,3.081108283996582031e+01,1.787369506835937500e+03,2.836894094944000244e-01,4.651837348937988281e-01,7.167851924896240234e-02,1.919754892587661743e-01,-1.212338592728660842e+02,3.362406409897613635e+00,9.478064548070598505e+01,0.000000000000000000e+00,0.000000000000000000e+00,0.000000000000000000e+00,2.836894094944000244e-01,4.651837348937988281e-01,7.167851924896240234e-02,1.919754892587661743e-01,9.109640625000000000e+04,8.819748437500000000e+04,3.395585937500000000e+04,7.420920312500000000e+04,-9.475131336004641652e+07
4.559999999999999609e+00,1.387528514318256896e+02,-4.703233213336944551e+00,-9.361981429621181405e+01,-1.743596679687500000e+04,2.552795028686523438e+01,1.778284301757812500e+03,2.789862751960754395e-01,4.736605286598205566e-01,7.439412176609039307e-02,1.959412992000579834e-01,-1.387528514318256896e+02,4.703233213336944551e+00,9.361981429621181405e+01,0.000000000000000000e+00,0.000000000000000000e+00,0.000000000000000000e+00,2.789862751960754395e-01,4.736605286598205566e-01,7.439412176609039307e-02,1.959412992000579834e-01,9.120706250000000000e+04,8.831159375000000000e+04,3.379037890625000000e+04,7.405036718750000000e+04,-9.477935250385840237e+07
4.560999999999999943e+00,1.562738566819084838e+02,-5.643150790329723776e+00,-9.211127414108615596e+01,-1.738358593750000000e+04,1.421609687805175781e+01,1.778931518554687500e+03,2.716893553733825684e-01,4.788649082183837891e-01,7.626910507678985596e-02,2.021507024765014648e-01,-1.562738566819084838e+02,5.643150790329723776e+00,9.211127414108615596e+01,0.000000000000000000e+00,0.000000000000000000e+00,0.000000000000000000e+00,2.716893553733825684e-01,4.788649082183837891e-01,7.626910507678985596e-02,2.021507024765014648e-01,9.128497656250000000e+04,8.842450781250000000e+04,3.365139843750000000e+04,7.392787500000000000e+04,-9.481229035411538184e+07
4.562000000000000277e+00,1.738347525107342619e+02,-6.096422091333744575e+00,-9.038329813177509209e+01,-1.738277148437500000e+04,5.432178974151611328e+00,1.784499877929687500e+03,2.614052891731262207e-01,4.816873073577880859e-01,7.705977559089660645e-02,2.090644240379333496e-01,-1.738347525107342619e+02,6.096422091333744575e+00,9.038329813177509209e+01,0.000000000000000000e+00,0.000000000000000000e+00,0.000000000000000000e+00,2.614052891731262207e-01,4.816873073577880859e-01,7.705977559089660645e-02,2.090644240379333496e-01,9.130967187500000000e+04,8.853595312500000000e+04,3.352933984375000000e+04,7.385550781250000000e+04,-9.485071518223933876e+07
4.562999999999999723e+00,-1.685468769602860277e+02,-6.007594154184819679e+00,-8.860708953104237651e+01,-1.742970507812500000e+04,7.276182651519775391e+00,1.775365112304687500e+03,2.490466833114624023e-01,4.831845760345458984e-01,7.674432545900344849e-02,2.151407897472381592e-01,1.685468769602860277e+02,6.007594154184819679e+00,8.860708953104237651e+01,0.000000000000000000e+00,0.000000000000000000e+00,0.000000000000000000e+00,2.490466833114624023e-01,4.831845760345458984e-01,7.674432545900344849e-02,2.151407897472381592e-01,9.133185937500000000e+04,8.865065625000000000e+04,3.341366796875000000e+04,7.378135156250000000e+04,-9.488701053947508335e+07
4.564000000000000057e+00,-1.509113252455528027e+02,-5.386630272474177694e+00,-8.695077226194786135e+01,-1.746974023437500000e+04,1.149401950836181641e+01,1.768033081054687500e+03,2.979878783226013184e-01,6.920488923788070679e-02,3.891912698745727539e-01,3.221553266048431396e-01,1.509113252455528027e+02,5.386630272474177694e+00,8.695077226194786135e+01,0.000000000000000000e+00,0.000000000000000000e+00,0.000000000000000000e+00,2.979878783226013184e-01,6.920488923788070679e-02,3.891912698745727539e-01,3.221553266048431396e-01,9.119173437500000000e+04,8.876400781250000000e+04,3.330385546875000000e+04,7.380657812500000000e+04,-9.491737422014509141e+07
4.565000000000000391e+00,-1.333459929881681205e+02,-4.301259661199776652e+00,-8.556400116503000675e+01,-1.744685546875000000e+04,8.476468086242675781e+00,1.763882812500000000e+03,2.896797657012939453e-01,9.102385491132736206e-02,3.858321309089660645e-01,3.233629763126373291e-01,1.333459929881681205e+02,4.301259661199776652e+00,8.556400116503000675e+01,0.000000000000000000e+00,0.000000000000000000e+00,0.000000000000000000e+00,2.896797657012939453e-01,9.102385491132736206e-02,3.858321309089660645e-01,3.233629763126373291e-01,9.105559375000000000e+04,8.887793750000000000e+04,3.319602343750000000e+04,7.383246093750000000e+04,-9.494249507312113047e+07
4.565999999999999837e+00,-1.158830827437874831e+02,-2.842063085977853287e+00,-8.455061046314015982e+01,-1.739838671875000000e+04,-3.551919698715209961e+00,1.782275146484375000e+03,2.828029394149780273e-01,1.151167526841163635e-01,3.762662112712860107e-01,3.214921951293945312e-01,1.158830827437874831e+02,2.842063085977853287e+00,8.455061046314015982e+01,0.000000000000000000e+00,0.000000000000000000e+00,0.000000000000000000e+00,2.828029394149780273e-01,1.151167526841163635e-01,3.762662112712860107e-01,3.214921951293945312e-01,9.117106250000000000e+04,8.864916406250000000e+04,3.330582812500000000e+04,7.394887500000000000e+04,-9.496308084503960609e+07
4.567000000000000171e+00,-9.847545985906447186e+01,-1.151618611065802211e+00,-8.401584443071440944e+01,-1.738760156250000000e+04,-1.136922836303710938e+01,1.779695068359375000e+03,2.758037447929382324e-01,1.420100629329681396e-01,3.601831495761871338e-01,3.164398968219757080e-01,9.847545985906447186e+01,1.151618611065802211e+00,8.401584443071440944e+01,0.000000000000000000e+00,0.000000000000000000e+00,0.000000000000000000e+00,2.758037447929382324e-01,1.420100629329681396e-01,3.601831495761871338e-01,3.164398968219757080e-01,9.127522656250000000e+04,8.842517187500000000e+04,3.341809375000000000e+04,7.406044531250000000e+04,-9.497983824957488477e+07
4.567999999999999616e+00,-8.104071084723760521e+01,6.129026579366098071e-01,-8.401524565429313895e+01,-1.743336914062500000e+04,-8.081218719482421875e+00,1.771327880859375000e+03,2.698430418968200684e-01,1.722861826419830322e-01,3.365339040756225586e-01,3.074673116207122803e-01,8.104071084723760521e+01,-6.129026579366098071e-01,8.401524565429313895e+01,0.000000000000000000e+00,0.000000000000000000e+00,0.000000000000000000e+00,2.698430418968200684e-01,1.722861826419830322e-01,3.365339040756225586e-01,3.074673116207122803e-01,9.132717968750000000e+04,8.820066406250000000e+04,3.353251171875000000e+04,7.417111718750000000e+04,-9.499346478354153037e+07
4.568999999999999950e+00,-6.354999468698430576e+01,2.290103822342596462e+00,-8.455287802746946113e+01,-1.747572070312500000e+04,1.981618762016296387e+00,1.768052734375000000e+03,2.635844349861145020e-01,2.064980566501617432e-01,3.053370118141174316e-01,2.941627204418182373e-01,6.354999468698430576e+01,-2.290103822342596462e+00,8.455287802746946113e+01,0.000000000000000000e+00,0.000000000000000000e+00,0.000000000000000000e+00,2.635844349861145020e-01,2.064980566501617432e-01,3.053370118141174316e-01,2.941627204418182373e-01,9.133614843750000000e+04,8.797671093750000000e+04,3.364471093750000000e+04,7.428313281250000000e+04,-9.500465781912449002e+07
4.570000000000000284e+00,-4.603227704188594771e+01,3.740364243477319661e+00,-8.558539385828970580e+01,-1.746199804687500000e+04,6.363384246826171875e+00,1.786315307617187500e+03,2.581449747085571289e-01,2.430619001388549805e-01,2.676624357700347900e-01,2.775255143642425537e-01,4.603227704188594771e+01,-3.740364243477319661e+00,8.558539385828970580e+01,0.000000000000000000e+00,0.000000000000000000e+00,0.000000000000000000e+00,2.581449747085571289e-01,2.430619001388549805e-01,2.676624357700347900e-01,2.775255143642425537e-01,9.130479687500000000e+04,8.774764062500000000e+04,3.375489453125000000e+04,7.439964843750000000e+04,-9.501411563962070644e+07
4.570999999999999730e+00,-2.851250409547676057e+01,4.818920926557765938e+00,-8.701279702842978736e+01,-1.741183593750000000e+04,3.825277328491210938e+00,1.792765380859375000e+03,2.544055879116058350e-01,2.788994312286376953e-01,2.268102020025253296e-01,2.600828111171722412e-01,2.851250409547676057e+01,-4.818920926557765938e+00,8.701279702842978736e+01,0.000000000000000000e+00,0.000000000000000000e+00,0.000000000000000000e+00,2.544055879116058350e-01,2.788994312286376953e-01,2.268102020025253296e-01,2.600828111171722412e-01,9.123254687500000000e+04,8.764957812500000000e+04,3.386597265625000000e+04,7.451295312500000000e+04,-9.502252305135610700e+07
4.572000000000000064e+00,-1.097032639085043471e+01,5.413969969570979757e+00,-8.867965246807364110e+01,-1.739214453125000000e+04,7.483676075935363770e-01,1.770413085937500000e+03,2.541121244430541992e-01,3.115742206573486328e-01,1.859859377145767212e-01,2.437752634286880493e-01,1.097032639085043471e+01,-5.413969969570979757e+00,8.867965246807364110e+01,0.000000000000000000e+00,0.000000000000000000e+00,0.000000000000000000e+00,2.541121244430541992e-01,3.115742206573486328e-01,1.859859377145767212e-01,2.437752634286880493e-01,9.113149218750000000e+04,8.776511718750000000e+04,3.398273437500000000e+04,7.462121875000000000e+04,-9.503053679124991596e+07
4.573000000000000398e+00,6.627286560881310962e+00,5.472122733113412352e+00,-9.043522877282751438e+01,-1.742972070312500000e+04,8.145517349243164062e+00,1.755373046875000000e+03,2.564889192581176758e-01,3.405529558658599854e-01,1.485226899385452271e-01,2.296463549137115479e-01,-6.627286560881310962e+00,-5.472122733113412352e+00,9.043522877282751438e+01,0.000000000000000000e+00,0.000000000000000000e+00,0.000000000000000000e+00,2.564889192581176758e-01,3.405529558658599854e-01,1.485226899385452271e-01,2.296463549137115479e-01,9.103080468750000000e+04,8.788051562500000000e+04,3.409794921875000000e+04,7.473114062500000000e+04,-9.503878918690747023e+07
4.573999999999999844e+00,2.425719010827046773e+01,4.987954142290238480e+00,-9.212487942286827547e+01,-1.747451367187500000e+04,1.870291900634765625e+01,1.757586547851562500e+03,2.583623826503753662e-01,3.666489124298095703e-01,1.178212612867355347e-01,2.177168130874633789e-01,-2.425719010827046773e+01,-4.987954142290238480e+00,9.212487942286827547e+01,0.000000000000000000e+00,0.000000000000000000e+00,0.000000000000000000e+00,2.583623826503753662e-01,3.666489124298095703e-01,1.178212612867355347e-01,2.177168130874633789e-01,9.095371875000000000e+04,8.799238281250000000e+04,3.420978125000000000e+04,7.484394531250000000e+04,-9.504788947127462924e+07
4.575000000000000178e+00,4.184352085348594841e+01,4.004523474572303954e+00,-9.359378802492261684e+01,-1.746978906250000000e+04,2.570169448852539062e+01,1.770621582031250000e+03,2.605221867561340332e-01,3.898360431194305420e-01,9.517689794301986694e-02,2.083513438701629639e-01,-4.184352085348594841e+01,-4.004523474572303954e+00,9.359378802492261684e+01,0.000000000000000000e+00,0.000000000000000000e+00,0.000000000000000000e+00,2.605221867561340332e-01,3.898360431194305420e-01,9.517689794301986694e-02,2.083513438701629639e-01,9.089236718750000000e+04,8.810299218750000000e+04,3.432056250000000000e+04,7.486683593750000000e+04,-9.505841618487715721e+07
4.575999999999999623e+00,5.932696026477714213e+01,2.642277598888297163e+00,-9.469008385063932565e+01,-1.741853125000000000e+04,1.942030715942382812e+01,1.754062255859375000e+03,2.650056481361389160e-01,4.105301201343536377e-01,8.024676144123077393e-02,2.011249810457229614e-01,-5.932696026477714213e+01,-2.642277598888297163e+00,9.469008385063932565e+01,0.000000000000000000e+00,0.000000000000000000e+00,0.000000000000000000e+00,2.650056481361389160e-01,4.105301201343536377e-01,8.024676144123077393e-02,2.011249810457229614e-01,9.084439843750000000e+04,8.821843750000000000e+04,3.434211718750000000e+04,7.481414843750000000e+04,-9.507090906670196354e+07
4.576999999999999957e+00,7.673950301586411626e+01,1.029899076897076160e+00,-9.532656193736127648e+01,-1.739082031250000000e+04,1.319910907745361328e+01,1.739950927734375000e+03,2.745190262794494629e-01,4.287959337234497070e-01,7.169196009635925293e-02,1.959691792726516724e-01,-7.673950301586411626e+01,-1.029899076897076160e+00,9.532656193736127648e+01,0.000000000000000000e+00,0.000000000000000000e+00,0.000000000000000000e+00,2.745190262794494629e-01,4.287959337234497070e-01,7.169196009635925293e-02,1.959691792726516724e-01,9.082850000000000000e+04,8.833339843750000000e+04,3.424122265625000000e+04,7.470937500000000000e+04,-9.508588623212799430e+07
4.578000000000000291e+00,9.415971336593719343e+01,-6.965677802982607192e-01,-9.545076574262094482e+01,-1.741852539062500000e+04,1.320598506927490234e+01,1.737564697265625000e+03,2.833265662193298340e-01,4.449513256549835205e-01,6.889169663190841675e-02,1.927486956119537354e-01,-9.415971336593719343e+01,6.965677802982607192e-01,9.545076574262094482e+01,0.000000000000000000e+00,0.000000000000000000e+00,0.000000000000000000e+00,2.833265662193298340e-01,4.449513256549835205e-01,6.889169663190841675e-02,1.927486956119537354e-01,9.088376562500000000e+04,8.844680468750000000e+04,3.406845703125000000e+04,7.457122656250000000e+04,-9.510386361763668060e+07
4.578999999999999737e+00,1.116427428474508190e+02,-2.391624689698540251e+00,-9.503995315104907604e+01,-1.747060937500000000e+04,2.194312667846679688e+01,1.750726684570312500e+03,2.870487272739410400e-01,4.584385156631469727e-01,6.998293846845626831e-02,1.922095119953155518e-01,-1.116427428474508190e+02,2.391624689698540251e+00,9.503995315104907604e+01,0.000000000000000000e+00,0.000000000000000000e+00,0.000000000000000000e+00,2.870487272739410400e-01,4.584385156631469727e-01,6.998293846845626831e-02,1.922095119953155518e-01,9.099791406250000000e+04,8.855699218750000000e+04,3.387478515625000000e+04,7.441360937500000000e+04,-9.512536603223079443e+07
4.580000000000000071e+00,1.291657588478942955e+02,-3.878328798735656946e+00,-9.413566923473915438e+01,-1.747222265625000000e+04,2.647708320617675781e+01,1.745962768554687500e+03,2.839915752410888672e-01,4.689310789108276367e-01,7.269129157066345215e-02,1.943578720092773438e-01,-1.291657588478942955e+02,3.878328798735656946e+00,9.413566923473915438e+01,0.000000000000000000e+00,0.000000000000000000e+00,0.000000000000000000e+00,2.839915752410888672e-01,4.689310789108276367e-01,7.269129157066345215e-02,1.943578720092773438e-01,9.111058593750000000e+04,8.867096875000000000e+04,3.369737109375000000e+04,7.425208593750000000e+04,-9.515092639114609361e+07
4.581000000000000405e+00,1.466961362846922157e+02,-5.022420956496371325e+00,-9.283190396300933855e+01,-1.742787500000000000e+04,2.175475120544433594e+01,1.738163330078125000e+03,2.781573832035064697e-01,4.761365056037902832e-01,7.491007447242736816e-02,1.989411115646362305e-01,-1.466961362846922157e+02,5.022420956496371325e+00,9.283190396300933855e+01,0.000000000000000000e+00,0.000000000000000000e+00,0.000000000000000000e+00,2.781573832035064697e-01,4.761365056037902832e-01,7.491007447242736816e-02,1.989411115646362305e-01,9.122128906250000000e+04,8.878441406250000000e+04,3.354693750000000000e+04,7.411050000000000000e+04,-9.518108913465261459e+07
4.581999999999999851e+00,1.642360648804847756e+02,-5.727178765443801112e+00,-9.124546003103544933e+01,-1.738999414062500000e+04,1.481853008270263672e+01,1.736154052734375000e+03,2.696659564971923828e-01,4.803661704063415527e-01,7.618024945259094238e-02,2.052090317010879517e-01,-1.642360648804847756e+02,5.727178765443801112e+00,9.124546003103544933e+01,0.000000000000000000e+00,0.000000000000000000e+00,0.000000000000000000e+00,2.696659564971923828e-01,4.803661704063415527e-01,7.618024945259094238e-02,2.052090317010879517e-01,9.129303125000000000e+04,8.889798437500000000e+04,3.341813671875000000e+04,7.400881250000000000e+04,-9.521642115421292186e+07
4.583000000000000185e+00,-1.781687445891465416e+02,-5.923050730656354013e+00,-8.951306812733658091e+01,-1.741802539062500000e+04,1.467599773406982422e+01,1.741175903320312500e+03,2.587776482105255127e-01,4.827119708061218262e-01,7.636184990406036377e-02,2.114636152982711792e-01,1.781687445891465416e+02,5.923050730656354013e+00,8.951306812733658091e+01,0.000000000000000000e+00,0.000000000000000000e+00,0.000000000000000000e+00,2.587776482105255127e-01,4.827119708061218262e-01,7.636184990406036377e-02,2.114636152982711792e-01,9.130298437500000000e+04,8.900910156250000000e+04,3.330057031250000000e+04,7.395732031250000000e+04,-9.525621292765691876e+07
4.583999999999999631e+00,-1.605274351632740490e+02,-5.580050167325649291e+00,-8.780763767966513456e+01,-1.746906054687500000e+04,2.350743103027343750e+01,1.737728881835937500e+03,3.042748570442199707e-01,5.884813144803047180e-02,3.878661394119262695e-01,3.192964196205139160e-01,1.605274351632740490e+02,5.580050167325649291e+00,8.780763767966513456e+01,0.000000000000000000e+00,0.000000000000000000e+00,0.000000000000000000e+00,3.042748570442199707e-01,5.884813144803047180e-02,3.878661394119262695e-01,3.192964196205139160e-01,9.123510937500000000e+04,8.912290625000000000e+04,3.319007421875000000e+04,7.395139062500000000e+04,-9.528972330329176784e+07
4.584999999999999964e+00,-1.429045127520105041e+02,-4.736207365421120308e+00,-8.629242077675630185e+01,-1.748535937500000000e+04,2.808835792541503906e+01,1.735476196289062500e+03,2.955817580223083496e-01,7.972623407840728760e-02,3.870528042316436768e-01,3.216222524642944336e-01,1.429045127520105041e+02,4.736207365421120308e+00,8.629242077675630185e+01,0.000000000000000000e+00,0.000000000000000000e+00,0.000000000000000000e+00,2.955817580223083496e-01,7.972623407840728760e-02,3.870528042316436768e-01,3.216222524642944336e-01,9.134686718750000000e+04,8.889745312500000000e+04,3.330216406250000000e+04,7.406319531250000000e+04,-9.531761381660038233e+07
4.586000000000000298e+00,-1.253780898625973634e+02,-3.470449934759303190e+00,-8.509762536096422991e+01,-1.743958398437500000e+04,2.635051536560058594e+01,1.745005615234375000e+03,2.875286936759948730e-01,1.030131578445434570e-01,3.808099329471588135e-01,3.210029900074005127e-01,1.253780898625973634e+02,3.470449934759303190e+00,8.509762536096422991e+01,0.000000000000000000e+00,0.000000000000000000e+00,0.000000000000000000e+00,2.875286936759948730e-01,1.030131578445434570e-01,3.808099329471588135e-01,3.210029900074005127e-01,9.146161718750000000e+04,8.867142968750000000e+04,3.341381250000000000e+04,7.417776562500000000e+04,-9.534058713188280165e+07
4.586999999999999744e+00,-1.079388083135316663e+02,-1.898787359440092581e+00,-8.433040985620017693e+01,-1.740199609375000000e+04,2.029564476013183594e+01,1.755171264648437500e+03,2.805511951446533203e-01,1.289701759815216064e-01,3.679729104042053223e-01,3.170191347599029541e-01,1.079388083135316663e+02,1.898787359440092581e+00,8.433040985620017693e+01,0.000000000000000000e+00,0.000000000000000000e+00,0.000000000000000000e+00,2.805511951446533203e-01,1.289701759815216064e-01,3.679729104042053223e-01,3.170191347599029541e-01,9.157550781250000000e+04,8.844377343750000000e+04,3.352435156250000000e+04,7.429269531250000000e+04,-9.535935314164289832e+07
4.588000000000000078e+00,-9.051493958315613497e+01,-1.634842871230597905e-01,-8.407325992897281708e+01,-1.741788476562500000e+04,2.454873847961425781e+01,1.760849365234375000e+03,2.740413248538970947e-01,1.579156517982482910e-01,3.481404483318328857e-01,3.096057772636413574e-01,9.051493958315613497e+01,1.634842871230597905e-01,8.407325992897281708e+01,0.000000000000000000e+00,0.000000000000000000e+00,0.000000000000000000e+00,2.740413248538970947e-01,1.579156517982482910e-01,3.481404483318328857e-01,3.096057772636413574e-01,9.165634375000000000e+04,8.821829687500000000e+04,3.363639843750000000e+04,7.440556250000000000e+04,-9.537461443569283187e+07
4.589000000000000412e+00,-7.303753418373104012e+01,1.553055109233666187e+00,-8.435904433537172054e+01,-1.747259570312500000e+04,3.744580078125000000e+01,1.746524047851562500e+03,2.671402692794799805e-01,1.910290718078613281e-01,3.207325339317321777e-01,2.977436184883117676e-01,7.303753418373104012e+01,-1.553055109233666187e+00,8.435904433537172054e+01,0.000000000000000000e+00,0.000000000000000000e+00,0.000000000000000000e+00,2.671402692794799805e-01,1.910290718078613281e-01,3.207325339317321777e-01,2.977436184883117676e-01,9.168564062500000000e+04,8.799467968750000000e+04,3.375150390625000000e+04,7.451528906250000000e+04,-9.538706777743382752e+07
4.589999999999999858e+00,-5.551196679851447868e+01,3.111832188777769126e+00,-8.516895085880211980e+01,-1.749123437500000000e+04,5.267356109619140625e+01,1.762356933593750000e+03,2.613752484321594238e-01,2.270673215389251709e-01,2.858462333679199219e-01,2.820160686969757080e-01,5.551196679851447868e+01,-3.111832188777769126e+00,8.516895085880211980e+01,0.000000000000000000e+00,0.000000000000000000e+00,0.000000000000000000e+00,2.613752484321594238e-01,2.270673215389251709e-01,2.858462333679199219e-01,2.820160686969757080e-01,9.167060937500000000e+04,8.776740625000000000e+04,3.386107812500000000e+04,7.463067968750000000e+04,-9.539741278958162665e+07
4.591000000000000192e+00,-3.797628839103093412e+01,4.356729552383418635e+00,-8.642098158609603331e+01,-1.745275000000000000e+04,5.711595916748046875e+01,1.769618774414062500e+03,2.559666633605957031e-01,2.643534541130065918e-01,2.462176829576492310e-01,2.639827430248260498e-01,3.797628839103093412e+01,-4.356729552383418635e+00,8.642098158609603331e+01,0.000000000000000000e+00,0.000000000000000000e+00,0.000000000000000000e+00,2.559666633605957031e-01,2.643534541130065918e-01,2.462176829576492310e-01,2.639827430248260498e-01,9.161349218750000000e+04,8.755077343750000000e+04,3.397281250000000000e+04,7.474528125000000000e+04,-9.540634255521228909e+07
4.591999999999999638e+00,-2.043469221006938952e+01,5.173282621783775070e+00,-8.800610544109977695e+01,-1.740851367187500000e+04,5.830667114257812500e+01,1.784109863281250000e+03,2.543766498565673828e-01,2.990317046642303467e-01,2.048222720623016357e-01,2.465243786573410034e-01,2.043469221006938952e+01,-5.173282621783775070e+00,8.800610544109977695e+01,0.000000000000000000e+00,0.000000000000000000e+00,0.000000000000000000e+00,2.543766498565673828e-01,2.990317046642303467e-01,2.048222720623016357e-01,2.465243786573410034e-01,9.151993750000000000e+04,8.760879687500000000e+04,3.408202734375000000e+04,7.485969531250000000e+04,-9.541453196930600703e+07
4.592999999999999972e+00,-2.857654510080635202e+00,5.464157716791048891e+00,-8.973033830415560885e+01,-1.741585937500000000e+04,6.193907546997070312e+01,1.746890258789062500e+03,2.542134821414947510e-01,3.302776515483856201e-01,1.659636795520782471e-01,2.309317886829376221e-01,2.857654510080635202e+00,-5.464157716791048891e+00,8.973033830415560885e+01,0.000000000000000000e+00,0.000000000000000000e+00,0.000000000000000000e+00,2.542134821414947510e-01,3.302776515483856201e-01,1.659636795520782471e-01,2.309317886829376221e-01,9.140910937500000000e+04,8.772732031250000000e+04,3.420138671875000000e+04,7.496557031250000000e+04,-9.542262152612704039e+07
4.594000000000000306e+00,1.477228361744314000e+01,5.206708828593911598e+00,-9.147158514819790298e+01,-1.746665234375000000e+04,7.639685058593750000e+01,1.757862792968750000e+03,2.575801014900207520e-01,3.578359484672546387e-01,1.313409358263015747e-01,2.176770716905593872e-01,-1.477228361744314000e+01,-5.206708828593911598e+00,9.147158514819790298e+01,0.000000000000000000e+00,0.000000000000000000e+00,0.000000000000000000e+00,2.575801014900207520e-01,3.578359484672546387e-01,1.313409358263015747e-01,2.176770716905593872e-01,9.130702343750000000e+04,8.783824218750000000e+04,3.431153906250000000e+04,7.508008593750000000e+04,-9.543123390719667077e+07
4.594999999999999751e+00,3.239634932532754874e+01,4.427826415659836812e+00,-9.304265217924925935e+01,-1.749076367187500000e+04,8.775426483154296875e+01,1.753174072265625000e+03,2.581734657287597656e-01,3.826695680618286133e-01,1.052599772810935974e-01,2.068902105093002319e-01,-3.239634932532754874e+01,-4.427826415659836812e+00,9.304265217924925935e+01,0.000000000000000000e+00,0.000000000000000000e+00,0.000000000000000000e+00,2.581734657287597656e-01,3.826695680618286133e-01,1.052599772810935974e-01,2.068902105093002319e-01,9.122981250000000000e+04,8.795183593750000000e+04,3.442545703125000000e+04,7.509521093750000000e+04,-9.544095997141759098e+07
4.596000000000000085e+00,4.994193358037175301e+01,3.194634397332252629e+00,-9.431745197388858060e+01,-1.745945312500000000e+04,9.128185272216796875e+01,1.776152343750000000e+03,2.622908949851989746e-01,4.046841561794281006e-01,8.642523735761642456e-02,1.984586715698242188e-01,-4.994193358037175301e+01,-3.194634397332252629e+00,9.431745197388858060e+01,0.000000000000000000e+00,0.000000000000000000e+00,0.000000000000000000e+00,2.622908949851989746e-01,4.046841561794281006e-01,8.642523735761642456e-02,1.984586715698242188e-01,9.116225781250000000e+04,8.806051562500000000e+04,3.452130468750000000e+04,7.503283593750000000e+04,-9.545236015558311343e+07
4.597000000000000419e+00,6.738690977936450111e+01,1.666666707173177331e+00,-9.515195958924412878e+01,-1.740824414062500000e+04,8.276280975341796875e+01,1.745381713867187500e+03,2.677540183067321777e-01,4.241572320461273193e-01,7.540950179100036621e-02,1.923599094152450562e-01,-6.738690977936450111e+01,-1.666666707173177331e+00,9.515195958924412878e+01,0.000000000000000000e+00,0.000000000000000000e+00,0.000000000000000000e+00,2.677540183067321777e-01,4.241572320461273193e-01,7.540950179100036621e-02,1.923599094152450562e-01,9.111796875000000000e+04,8.817877343750000000e+04,3.446917968750000000e+04,7.489976562500000000e+04,-9.546595782438431680e+07
4.597999999999999865e+00,8.480106942060903918e+01,-4.259994378617389804e-02,-9.549278052675707329e+01,-1.740799023437500000e+04,8.028245544433593750e+01,1.747784790039062500e+03,2.787637412548065186e-01,4.413707256317138672e-01,6.975046545267105103e-02,1.881770938634872437e-01,-8.480106942060903918e+01,4.259994378617389804e-02,9.549278052675707329e+01,0.000000000000000000e+00,0.000000000000000000e+00,0.000000000000000000e+00,2.787637412548065186e-01,4.413707256317138672e-01,6.975046545267105103e-02,1.881770938634872437e-01,9.111785156250000000e+04,8.829058593750000000e+04,3.432209375000000000e+04,7.472988281250000000e+04,-9.548225791870668530e+07
4.599000000000000199e+00,1.022591084109061939e+02,-1.776575211318303316e+00,-9.530201608133238267e+01,-1.745366406250000000e+04,8.394505310058593750e+01,1.749185668945312500e+03,2.845880687236785889e-01,4.561406075954437256e-01,6.928285211324691772e-02,1.864060312509536743e-01,-1.022591084109061939e+02,1.776575211318303316e+00,9.530201608133238267e+01,0.000000000000000000e+00,0.000000000000000000e+00,0.000000000000000000e+00,2.845880687236785889e-01,4.561406075954437256e-01,6.928285211324691772e-02,1.864060312509536743e-01,9.119667187500000000e+04,8.840358593750000000e+04,3.413013281250000000e+04,7.453282812500000000e+04,-9.550181047444832325e+07
4.599999999999999645e+00,1.197835650141916375e+02,-3.385830931522425313e+00,-9.458471034887374174e+01,-1.749076757812500000e+04,9.201251220703125000e+01,1.766044189453125000e+03,2.851906418800354004e-01,4.679317176342010498e-01,7.127693295478820801e-02,1.875116527080535889e-01,-1.197835650141916375e+02,3.385830931522425313e+00,9.458471034887374174e+01,0.000000000000000000e+00,0.000000000000000000e+00,0.000000000000000000e+00,2.851906418800354004e-01,4.679317176342010498e-01,7.127693295478820801e-02,1.875116527080535889e-01,9.131138281250000000e+04,8.851271093750000000e+04,3.393775000000000000e+04,7.432814843750000000e+04,-9.552511630817870796e+07
4.600999999999999979e+00,1.373312406600234112e+02,-4.701280768210149397e+00,-9.341894375252364568e+01,-1.746410351562500000e+04,8.981583404541015625e+01,1.760256103515625000e+03,2.794620990753173828e-01,4.765182137489318848e-01,7.382015138864517212e-02,1.912224739789962769e-01,-1.373312406600234112e+02,4.701280768210149397e+00,9.341894375252364568e+01,0.000000000000000000e+00,0.000000000000000000e+00,0.000000000000000000e+00,2.794620990753173828e-01,4.765182137489318848e-01,7.382015138864517212e-02,1.912224739789962769e-01,9.142384375000000000e+04,8.862689062500000000e+04,3.376915625000000000e+04,7.413293750000000000e+04,-9.555272537893262506e+07
4.602000000000000313e+00,1.548831054146635040e+02,-5.608340585876923079e+00,-9.191944549846900259e+01,-1.741577734375000000e+04,8.022628784179687500e+01,1.752211181640625000e+03,2.721717059612274170e-01,4.818602800369262695e-01,7.538435608148574829e-02,1.971493959426879883e-01,-1.548831054146635040e+02,5.608340585876923079e+00,9.191944549846900259e+01,0.000000000000000000e+00,0.000000000000000000e+00,0.000000000000000000e+00,2.721717059612274170e-01,4.818602800369262695e-01,7.538435608148574829e-02,1.971493959426879883e-01,9.149746875000000000e+04,8.873997656250000000e+04,3.362729296875000000e+04,7.397060937500000000e+04,-9.558519479322038591e+07
4.602999999999999758e+00,1.724623329926752433e+02,-6.031740587242303775e+00,-9.020634625322895772e+01,-1.740413671875000000e+04,7.309877014160156250e+01,1.761328857421875000e+03,2.626645267009735107e-01,4.847305417060852051e-01,7.589355111122131348e-02,2.039572894573211670e-01,-1.724623329926752433e+02,6.031740587242303775e+00,9.020634625322895772e+01,0.000000000000000000e+00,0.000000000000000000e+00,0.000000000000000000e+00,2.626645267009735107e-01,4.847305417060852051e-01,7.589355111122131348e-02,2.039572894573211670e-01,9.152239843750000000e+04,8.885160937500000000e+04,3.349836718750000000e+04,7.386073437500000000e+04,-9.562311161632053554e+07
4.604000000000000092e+00,-1.698995829490619656e+02,-5.918512826089584955e+00,-8.844489381972891806e+01,-1.745334375000000000e+04,7.430197906494140625e+01,1.760770141601562500e+03,2.503847479820251465e-01,4.862739145755767822e-01,7.525645941495895386e-02,2.098238915205001831e-01,1.698995829490619656e+02,5.918512826089584955e+00,8.844489381972891806e+01,0.000000000000000000e+00,0.000000000000000000e+00,0.000000000000000000e+00,2.503847479820251465e-01,4.862739145755767822e-01,7.525645941495895386e-02,2.098238915205001831e-01,9.147627343750000000e+04,8.896334375000000000e+04,3.337829687500000000e+04,7.380194531250000000e+04,-9.565983501264365017e+07
4.605000000000000426e+00,-1.522448893441042799e+02,-5.272043105842353583e+00,-8.679858466240443704e+01,-1.749279101562500000e+04,8.030082702636718750e+01,1.766423461914062500e+03,2.972904443740844727e-01,7.235476374626159668e-02,3.880290687084197998e-01,3.178786933422088623e-01,1.522448893441042799e+02,5.272043105842353583e+00,8.679858466240443704e+01,0.000000000000000000e+00,0.000000000000000000e+00,0.000000000000000000e+00,2.972904443740844727e-01,7.235476374626159668e-02,3.880290687084197998e-01,3.178786933422088623e-01,9.134563281250000000e+04,8.907549218750000000e+04,3.325503515625000000e+04,7.378903125000000000e+04,-9.569057530771295726e+07
4.605999999999999872e+00,-1.346517883103948634e+02,-4.167950068591851576e+00,-8.543157610064700691e+01,-1.747923632812500000e+04,7.582577514648437500e+01,1.758754150390625000e+03,2.881302833557128906e-01,9.471623599529266357e-02,3.847470581531524658e-01,3.185487687587738037e-01,1.346517883103948634e+02,4.167950068591851576e+00,8.543157610064700691e+01,0.000000000000000000e+00,0.000000000000000000e+00,0.000000000000000000e+00,2.881302833557128906e-01,9.471623599529266357e-02,3.847470581531524658e-01,3.185487687587738037e-01,9.145648437500000000e+04,8.885075781250000000e+04,3.336815234375000000e+04,7.390004687500000000e+04,-9.571602233781096339e+07
4.607000000000000206e+00,-1.171658160995654612e+02,-2.691269546941796875e+00,-8.444266588466996382e+01,-1.742541796875000000e+04,6.674621582031250000e+01,1.781837158203125000e+03,2.812432646751403809e-01,1.188144981861114502e-01,3.752169907093048096e-01,3.164899051189422607e-01,1.171658160995654612e+02,2.691269546941796875e+00,8.444266588466996382e+01,0.000000000000000000e+00,0.000000000000000000e+00,0.000000000000000000e+00,2.812432646751403809e-01,1.188144981861114502e-01,3.752169907093048096e-01,3.164899051189422607e-01,9.157350781250000000e+04,8.862230468750000000e+04,3.347733593750000000e+04,7.401717187500000000e+04,-9.573688797302672267e+07
4.607999999999999652e+00,-9.973629791042296233e+01,-9.900018320320763676e-01,-8.393473530150764361e+01,-1.741180859375000000e+04,5.706476974487304688e+01,1.781333496093750000e+03,2.740172147750854492e-01,1.461866199970245361e-01,3.590221703052520752e-01,3.108221292495727539e-01,9.973629791042296233e+01,9.900018320320763676e-01,8.393473530150764361e+01,0.000000000000000000e+00,0.000000000000000000e+00,0.000000000000000000e+00,2.740172147750854492e-01,1.461866199970245361e-01,3.590221703052520752e-01,3.108221292495727539e-01,9.165758593750000000e+04,8.839646093750000000e+04,3.358907031250000000e+04,7.412996875000000000e+04,-9.575388132204136252e+07
